#0001-d271 @A: 18 14 24 03 | 07
#0002-d271 @A: 18 26 14 05 | 01
#0003-d271 @A: 18 13 30 34 | 04
#0004-d271 @A: 02 26 07 18 | 09
#0005-d271 @A: 26 31 23 18 | 05
#0006-d271 @A: 27 18 06 26 | 12
#0007-d271 @A: 32 18 17 31 | 03
#0008-d271 @A: 18 13 07 03 | 10
#0009-d271 @A: 01 18 16 27 | 06
#0010-d271 @A: 25 02 18 04 | 11
#0011-d271 @A: 33 18 15 29 | 08
#0012-d271 @A: 04 33 35 18 | 02
#0013-d271 @A: 07 25 30 18 | 07
#0014-d271 @A: 10 24 31 05 | 01
#0015-d271 @A: 33 24 23 13 | 04
#0016-d271 @A: 14 24 02 01 | 09
#0017-d271 @A: 33 28 02 24 | 05
#0018-d271 @A: 30 31 07 24 | 12
#0019-d271 @A: 34 19 21 32 | 03
#0020-d271 @A: 21 26 08 27 | 10
#0021-d271 @A: 26 21 14 19 | 06
#0022-d271 @A: 10 21 13 27 | 11
#0023-d271 @A: 16 08 02 21 | 08
#0024-d271 @A: 09 21 17 35 | 02
#0025-d271 @A: 21 15 12 08 | 07
#0026-d271 @A: 23 21 28 14 | 01
#0027-d271 @A: 08 03 21 31 | 04
#0028-d271 @A: 27 29 33 21 | 09
#0029-d271 @A: 35 27 21 07 | 05
#0030-d271 @A: 17 11 21 20 | 12
#0031-d271 @A: 20 25 21 06 | 03
#0032-d271 @A: 33 22 21 25 | 10
#0033-d271 @A: 22 30 21 20 | 06
#0034-d271 @A: 10 19 21 28 | 11
#0035-d271 @A: 04 22 19 21 | 08
#0036-d271 @A: 34 05 08 09 | 02
#0037-d271 @A: 34 35 05 06 | 07
#0038-d271 @A: 05 27 34 11 | 01
#0039-d271 @A: 05 26 12 13 | 04
#0040-d271 @A: 05 13 09 14 | 09
#0041-d271 @A: 05 29 30 13 | 05
#0042-d271 @A: 15 01 05 20 | 12
#0043-d271 @A: 35 05 02 31 | 03
#0044-d271 @A: 27 05 22 09 | 10
#0045-d271 @A: 35 23 30 05 | 06
#0046-d271 @A: 28 05 23 08 | 11
#0047-d271 @A: 08 05 04 17 | 08
#0048-d271 @A: 33 07 19 05 | 02
#0049-d271 @A: 20 05 17 06 | 07
#0050-d271 @A: 26 35 34 08 | 01
#0051-d271 @A: 07 16 26 34 | 04
#0052-d271 @A: 26 27 33 34 | 09
#0053-d271 @A: 15 34 07 13 | 05
#0054-d271 @A: 17 04 34 13 | 12
#0055-d271 @A: 06 34 13 33 | 03
#0056-d271 @A: 01 33 34 29 | 10
#0057-d271 @A: 10 03 34 11 | 06
#0058-d271 @A: 29 06 27 34 | 11
#0059-d271 @A: 10 30 34 12 | 08
#0060-d271 @A: 12 34 28 22 | 02
#0061-d271 @A: 10 32 26 23 | 07
#0062-d271 @A: 13 01 17 26 | 01
#0063-d271 @A: 11 26 29 01 | 04
#0064-d271 @A: 14 03 26 23 | 09
#0065-d271 @A: 26 23 12 28 | 05
#0066-d271 @A: 03 26 25 16 | 12
#0067-d271 @A: 35 26 31 29 | 03
#0068-d271 @A: 26 08 07 20 | 10
#0069-d271 @A: 10 08 26 28 | 06
#0070-d271 @A: 11 26 28 19 | 11
#0071-d271 @A: 13 31 32 35 | 08
#0072-d271 @A: 32 19 23 01 | 02
#0073-d271 @A: 32 01 29 08 | 07
#0074-d271 @A: 14 33 01 32 | 01
#0075-d271 @A: 09 32 02 31 | 04
#0076-d271 @A: 32 12 02 03 | 09
#0077-d271 @A: 27 09 32 16 | 05
#0078-d271 @A: 35 14 04 32 | 12
#0079-d271 @A: 16 32 07 11 | 03
#0080-d271 @A: 17 14 32 06 | 10
#0081-d271 @A: 12 33 32 28 | 06
#0082-d271 @A: 13 14 07 01 | 11
#0083-d271 @A: 13 02 33 19 | 08
#0084-d271 @A: 15 25 09 13 | 02
#0085-d271 @A: 13 04 09 03 | 07
#0086-d271 @A: 08 23 13 04 | 01
#0087-d271 @A: 03 13 35 06 | 04
#0088-d271 @A: 30 13 03 16 | 09
#0089-d271 @A: 11 16 13 29 | 05
#0090-d271 @A: 35 07 13 28 | 12
#0091-d271 @A: 22 17 13 28 | 03
#0092-d271 @A: 13 30 25 33 | 10
#0093-d271 @A: 10 06 13 14 | 06
#0094-d271 @A: 12 13 33 14 | 11
#0095-d271 @A: 03 01 07 15 | 08
#0096-d271 @A: 28 15 35 01 | 02
#0097-d271 @A: 01 15 27 14 | 07
#0098-d271 @A: 25 11 15 01 | 01
#0099-d271 @A: 23 20 28 01 | 04
#0100-d271 @A: 14 10 12 01 | 09
#0101-d271 @A: 17 12 02 20 | 05
#0102-d271 @A: 30 10 02 04 | 12
#0103-d271 @A: 25 23 09 27 | 03
#0104-d271 @A: 09 03 14 16 | 10
#0105-d271 @A: 29 35 09 14 | 06
#0106-d271 @A: 08 17 31 09 | 11
#0107-d271 @A: 09 06 10 17 | 08
#0108-d271 @A: 22 20 25 09 | 02
#0109-d271 @A: 31 09 10 30 | 07
#0110-d271 @A: 20 15 23 35 | 01
#0111-d271 @A: 16 15 30 35 | 04
#0112-d271 @A: 17 19 15 22 | 09
#0113-d271 @A: 15 25 31 19 | 05
#0114-d271 @A: 04 11 20 15 | 12
#0115-d271 @A: 22 10 15 30 | 03
#0116-d271 @A: 14 20 11 23 | 10
#0117-d271 @A: 23 12 04 10 | 06
#0118-d271 @A: 27 16 03 29 | 11
#0119-d271 @A: 25 07 12 03 | 08
#0120-d271 @A: 25 03 22 17 | 02
#0121-d271 @A: 12 28 20 03 | 07
#0122-d271 @A: 11 03 19 30 | 01
#0123-d271 @A: 33 07 29 04 | 04
#0124-d271 @A: 28 07 29 06 | 09
#0125-d271 @A: 19 29 28 20 | 05
#0126-d271 @A: 29 33 06 10 | 12
#0127-d271 @A: 35 30 31 08 | 03
#0128-d271 @A: 20 12 35 30 | 10
#0129-d271 @A: 16 27 33 30 | 06
#0130-d271 @A: 16 04 12 25 | 11
#0131-d271 @A: 11 16 10 12 | 08
#0132-d271 @A: 07 28 10 27 | 02
#0133-d271 @A: 25 27 12 11 | 07
#0134-d271 @A: 11 27 04 31 | 01
#0135-d271 @A: 08 25 28 04 | 04
#0136-d271 @A: 07 12 28 11 | 09
#0137-d271 @A: 24 18 19 17 | 05
#0138-d271 @A: 33 21 01 18 | 12
#0139-d271 @A: 23 21 09 18 | 03
#0140-d271 @A: 21 19 30 18 | 10
#0141-d271 @A: 32 18 26 35 | 06
#0142-d271 @A: 15 18 26 08 | 11
#0143-d271 @A: 11 18 09 13 | 08
#0144-d271 @A: 14 18 28 13 | 02
#0145-d271 @A: 01 15 35 18 | 07
#0146-d271 @A: 35 07 18 29 | 01
#0147-d271 @A: 18 11 29 17 | 04
#0148-d271 @A: 16 18 31 35 | 09
#0149-d271 @A: 18 17 30 10 | 05
#0150-d271 @A: 06 18 22 11 | 12
#0151-d271 @A: 25 13 21 24 | 03
#0152-d271 @A: 24 14 09 34 | 10
#0153-d271 @A: 24 28 26 16 | 06
#0154-d271 @A: 24 26 17 27 | 11
#0155-d271 @A: 15 07 24 04 | 08
#0156-d271 @A: 24 25 29 23 | 02
#0157-d271 @A: 27 23 24 19 | 07
#0158-d271 @A: 22 24 35 33 | 01
#0159-d271 @A: 24 27 28 12 | 04
#0160-d271 @A: 33 12 24 07 | 09
#0161-d271 @A: 19 24 25 33 | 05
#0162-d271 @A: 21 12 23 05 | 12
#0163-d271 @A: 21 26 12 34 | 03
#0164-d271 @A: 21 06 09 34 | 10
#0165-d271 @A: 22 21 34 16 | 06
#0166-d271 @A: 32 01 21 07 | 11
#0167-d271 @A: 16 04 32 21 | 08
#0168-d271 @A: 21 15 35 13 | 02
#0169-d271 @A: 12 03 01 21 | 07
#0170-d271 @A: 06 01 27 21 | 01
#0171-d271 @A: 21 09 22 29 | 04
#0172-d271 @A: 16 09 21 10 | 09
#0173-d271 @A: 15 27 20 21 | 05
#0174-d271 @A: 23 19 21 08 | 12
#0175-d271 @A: 35 03 25 21 | 03
#0176-d271 @A: 21 28 03 27 | 10
#0177-d271 @A: 17 33 16 21 | 06
#0178-d271 @A: 21 17 31 30 | 11
#0179-d271 @A: 31 14 22 21 | 08
#0180-d271 @A: 21 10 31 20 | 02
#0181-d271 @A: 19 12 21 10 | 07
#0182-d271 @A: 05 26 07 15 | 01
#0183-d271 @A: 05 02 08 01 | 04
#0184-d271 @A: 33 11 01 05 | 09
#0185-d271 @A: 05 10 02 33 | 05
#0186-d271 @A: 05 08 23 27 | 12
#0187-d271 @A: 31 03 06 05 | 03
#0188-d271 @A: 08 12 05 06 | 10
#0189-d271 @A: 17 05 19 11 | 06
#0190-d271 @A: 19 05 31 04 | 11
#0191-d271 @A: 30 33 05 31 | 08
#0192-d271 @A: 33 05 31 28 | 02
#0193-d271 @A: 34 15 26 28 | 07
#0194-d271 @A: 13 12 34 16 | 01
#0195-d271 @A: 02 34 29 30 | 04
#0196-d271 @A: 30 34 09 35 | 09
#0197-d271 @A: 35 15 03 34 | 05
#0198-d271 @A: 15 33 34 11 | 12
#0199-d271 @A: 34 29 35 12 | 03
#0200-d271 @A: 34 35 28 08 | 10
#0201-d271 @A: 34 08 04 31 | 06
#0202-d271 @A: 33 02 26 32 | 11
#0203-d271 @A: 01 22 02 26 | 08
#0204-d271 @A: 01 26 35 09 | 02
#0205-d271 @A: 26 06 23 02 | 07
#0206-d271 @A: 29 09 26 33 | 01
#0207-d271 @A: 03 06 15 26 | 04
#0208-d271 @A: 20 23 29 26 | 09
#0209-d271 @A: 26 04 23 30 | 05
#0210-d271 @A: 07 11 19 26 | 12
#0211-d271 @A: 28 17 26 06 | 03
#0212-d271 @A: 26 10 25 30 | 10
#0213-d271 @A: 11 26 31 30 | 06
#0214-d271 @A: 11 26 10 06 | 11
#0215-d271 @A: 06 31 26 33 | 08
#0216-d271 @A: 32 01 12 30 | 02
#0217-d271 @A: 28 23 32 02 | 07
#0218-d271 @A: 30 35 32 03 | 01
#0219-d271 @A: 25 32 03 04 | 04
#0220-d271 @A: 28 29 27 32 | 09
#0221-d271 @A: 11 14 32 22 | 05
#0222-d271 @A: 14 31 19 32 | 12
#0223-d271 @A: 10 06 32 20 | 03
#0224-d271 @A: 04 11 10 32 | 10
#0225-d271 @A: 13 31 15 01 | 06
#0226-d271 @A: 23 35 13 19 | 11
#0227-d271 @A: 27 16 13 23 | 08
#0228-d271 @A: 10 13 25 03 | 02
#0229-d271 @A: 28 13 33 27 | 07
#0230-d271 @A: 08 13 22 25 | 01
#0231-d271 @A: 13 04 11 33 | 04
#0232-d271 @A: 23 01 16 11 | 09
#0233-d271 @A: 01 06 14 03 | 05
#0234-d271 @A: 29 12 27 01 | 12
#0235-d271 @A: 04 27 01 10 | 03
#0236-d271 @A: 07 20 22 01 | 10
#0237-d271 @A: 02 23 09 19 | 06
#0238-d271 @A: 23 02 08 35 | 11
#0239-d271 @A: 30 02 20 23 | 08
#0240-d271 @A: 07 06 03 02 | 02
#0241-d271 @A: 17 07 08 02 | 07
#0242-d271 @A: 07 04 22 02 | 01
#0243-d271 @A: 25 14 12 02 | 04
#0244-d271 @A: 02 14 04 11 | 09
#0245-d271 @A: 11 09 03 35 | 05
#0246-d271 @A: 27 19 09 06 | 12
#0247-d271 @A: 03 23 04 15 | 03
#0248-d271 @A: 12 11 29 15 | 10
#0249-d271 @A: 35 15 25 27 | 06
#0250-d271 @A: 14 07 15 28 | 11
#0251-d271 @A: 15 07 31 12 | 08
#0252-d271 @A: 20 15 19 33 | 02
#0253-d271 @A: 28 29 07 23 | 07
#0254-d271 @A: 10 16 35 23 | 01
#0255-d271 @A: 30 23 19 07 | 04
#0256-d271 @A: 04 14 23 19 | 09
#0257-d271 @A: 23 11 19 12 | 05
#0258-d271 @A: 17 03 33 27 | 12
#0259-d271 @A: 33 03 08 10 | 03
#0260-d271 @A: 03 12 14 31 | 10
#0261-d271 @A: 29 08 10 30 | 06
#0262-d271 @A: 22 29 30 17 | 11
#0263-d271 @A: 25 29 04 06 | 08
#0264-d271 @A: 10 35 25 19 | 02
#0265-d271 @A: 11 04 19 35 | 07
#0266-d271 @A: 06 12 35 31 | 01
#0267-d271 @A: 16 28 07 08 | 04
#0268-d271 @A: 17 31 16 07 | 09
#0269-d271 @A: 16 14 20 07 | 05
#0270-d271 @A: 33 14 16 28 | 12
#0271-d271 @A: 08 27 22 11 | 03
#0272-d271 @A: 08 28 27 19 | 10
#0273-d271 @A: 25 19 27 22 | 06
#0274-d271 @A: 10 11 27 30 | 11
#0275-d271 @A: 27 22 30 06 | 08
#0276-d271 @A: 28 17 08 31 | 02
#0277-d271 @A: 33 28 20 08 | 07
#0278-d271 @A: 28 33 07 19 | 01
#0279-d271 @A: 28 17 30 33 | 04
#0280-d271 @A: 28 04 12 14 | 09
#0281-d271 @A: 10 18 02 24 | 05
#0282-d271 @A: 18 07 21 05 | 12
#0283-d271 @A: 01 30 18 05 | 03
#0284-d271 @A: 27 05 20 18 | 10
#0285-d271 @A: 33 26 18 03 | 06
#0286-d271 @A: 32 15 18 04 | 11
#0287-d271 @A: 18 32 22 25 | 08
#0288-d271 @A: 01 10 08 18 | 02
#0289-d271 @A: 22 18 35 02 | 07
#0290-d271 @A: 18 28 02 25 | 01
#0291-d271 @A: 09 25 18 16 | 04
#0292-d271 @A: 30 09 18 22 | 09
#0293-d271 @A: 11 18 15 14 | 05
#0294-d271 @A: 18 20 07 12 | 12
#0295-d271 @A: 18 31 19 07 | 03
#0296-d271 @A: 14 18 20 17 | 10
#0297-d271 @A: 18 14 06 04 | 06
#0298-d271 @A: 31 06 30 18 | 11
#0299-d271 @A: 22 21 24 28 | 08
#0300-d271 @A: 23 05 26 24 | 02
#0301-d271 @A: 05 24 25 01 | 07
#0302-d271 @A: 05 03 24 04 | 01
#0303-d271 @A: 26 04 24 34 | 04
#0304-d271 @A: 24 34 15 25 | 09
#0305-d271 @A: 26 03 24 08 | 05
#0306-d271 @A: 03 13 24 22 | 12
#0307-d271 @A: 28 30 24 29 | 03
#0308-d271 @A: 17 24 30 35 | 10
#0309-d271 @A: 24 08 04 11 | 06
#0310-d271 @A: 17 33 20 24 | 11
#0311-d271 @A: 22 31 11 24 | 08
#0312-d271 @A: 32 21 33 05 | 02
#0313-d271 @A: 34 21 13 14 | 07
#0314-d271 @A: 27 34 21 25 | 01
#0315-d271 @A: 26 21 09 04 | 04
#0316-d271 @A: 27 14 32 21 | 09
#0317-d271 @A: 28 29 01 21 | 05
#0318-d271 @A: 35 06 21 02 | 12
#0319-d271 @A: 15 09 21 11 | 03
#0320-d271 @A: 07 29 21 15 | 10
#0321-d271 @A: 23 10 06 21 | 06
#0322-d271 @A: 33 21 04 10 | 11
#0323-d271 @A: 21 12 22 06 | 08
#0324-d271 @A: 21 12 33 30 | 02
#0325-d271 @A: 29 32 11 05 | 07
#0326-d271 @A: 32 08 16 05 | 01
#0327-d271 @A: 05 03 13 33 | 04
#0328-d271 @A: 16 04 05 13 | 09
#0329-d271 @A: 13 06 07 05 | 05
#0330-d271 @A: 02 04 15 05 | 12
#0331-d271 @A: 16 05 14 02 | 03
#0332-d271 @A: 09 20 33 05 | 10
#0333-d271 @A: 08 35 05 15 | 06
#0334-d271 @A: 27 05 29 07 | 11
#0335-d271 @A: 05 12 10 29 | 08
#0336-d271 @A: 25 04 07 05 | 02
#0337-d271 @A: 31 20 14 05 | 07
#0338-d271 @A: 32 31 34 10 | 01
#0339-d271 @A: 13 27 34 22 | 04
#0340-d271 @A: 34 01 04 35 | 09
#0341-d271 @A: 33 34 28 01 | 05
#0342-d271 @A: 03 33 02 34 | 12
#0343-d271 @A: 17 27 09 34 | 03
#0344-d271 @A: 34 23 19 17 | 10
#0345-d271 @A: 03 19 34 20 | 06
#0346-d271 @A: 19 25 08 34 | 11
#0347-d271 @A: 06 34 08 14 | 08
#0348-d271 @A: 06 25 34 31 | 02
#0349-d271 @A: 34 10 25 04 | 07
#0350-d271 @A: 14 20 10 34 | 01
#0351-d271 @A: 22 06 20 34 | 04
#0352-d271 @A: 32 09 15 26 | 09
#0353-d271 @A: 26 29 13 25 | 05
#0354-d271 @A: 26 01 12 16 | 12
#0355-d271 @A: 26 14 09 02 | 03
#0356-d271 @A: 17 09 26 03 | 10
#0357-d271 @A: 19 06 08 26 | 06
#0358-d271 @A: 17 26 33 07 | 11
#0359-d271 @A: 04 11 26 25 | 08
#0360-d271 @A: 26 22 04 28 | 02
#0361-d271 @A: 30 13 02 32 | 07
#0362-d271 @A: 12 32 15 13 | 01
#0363-d271 @A: 23 32 14 09 | 04
#0364-d271 @A: 32 15 35 11 | 09
#0365-d271 @A: 06 31 15 32 | 05
#0366-d271 @A: 35 32 20 16 | 12
#0367-d271 @A: 31 11 12 32 | 03
#0368-d271 @A: 27 13 01 33 | 10
#0369-d271 @A: 13 31 22 16 | 06
#0370-d271 @A: 13 22 07 11 | 11
#0371-d271 @A: 13 11 30 28 | 08
#0372-d271 @A: 13 22 10 33 | 02
#0373-d271 @A: 23 01 02 33 | 07
#0374-d271 @A: 12 02 01 06 | 01
#0375-d271 @A: 33 15 01 16 | 04
#0376-d271 @A: 11 03 27 01 | 09
#0377-d271 @A: 11 01 07 10 | 05
#0378-d271 @A: 19 20 01 14 | 12
#0379-d271 @A: 19 06 10 01 | 03
#0380-d271 @A: 02 15 06 09 | 10
#0381-d271 @A: 09 02 08 12 | 06
#0382-d271 @A: 29 15 02 25 | 11
#0383-d271 @A: 22 02 27 31 | 08
#0384-d271 @A: 07 10 02 12 | 02
#0385-d271 @A: 02 20 28 17 | 07
#0386-d271 @A: 02 28 22 12 | 01
#0387-d271 @A: 23 09 07 15 | 04
#0388-d271 @A: 28 15 30 09 | 09
#0389-d271 @A: 09 08 23 16 | 05
#0390-d271 @A: 12 29 09 16 | 12
#0391-d271 @A: 12 10 09 35 | 03
#0392-d271 @A: 07 28 22 09 | 10
#0393-d271 @A: 14 22 09 19 | 06
#0394-d271 @A: 09 20 19 10 | 11
#0395-d271 @A: 11 22 15 23 | 08
#0396-d271 @A: 15 20 03 16 | 02
#0397-d271 @A: 29 08 16 15 | 07
#0398-d271 @A: 07 11 08 15 | 01
#0399-d271 @A: 15 14 22 04 | 04
#0400-d271 @A: 23 08 30 14 | 09
#0401-d271 @A: 03 35 10 22 | 05
#0402-d271 @A: 11 33 03 07 | 12
#0403-d271 @A: 31 03 07 10 | 03
#0404-d271 @A: 11 17 03 31 | 10
#0405-d271 @A: 12 03 17 30 | 06
#0406-d271 @A: 17 16 29 35 | 11
#0407-d271 @A: 27 35 11 29 | 08
#0408-d271 @A: 31 29 12 22 | 02
#0409-d271 @A: 10 35 06 04 | 07
#0410-d271 @A: 16 25 22 10 | 01
#0411-d271 @A: 06 27 07 17 | 04
#0412-d271 @A: 10 17 27 12 | 09
#0413-d271 @A: 04 20 27 25 | 05
#0414-d271 @A: 31 33 27 10 | 12
#0415-d271 @A: 08 24 18 35 | 03
#0416-d271 @A: 10 21 34 18 | 10
#0417-d271 @A: 21 14 18 02 | 06
#0418-d271 @A: 18 11 21 16 | 11
#0419-d271 @A: 05 18 34 19 | 08
#0420-d271 @A: 18 13 05 17 | 02
#0421-d271 @A: 18 35 12 05 | 07
#0422-d271 @A: 18 05 28 10 | 01
#0423-d271 @A: 12 34 02 18 | 04
#0424-d271 @A: 35 34 14 18 | 09
#0425-d271 @A: 32 27 33 18 | 05
#0426-d271 @A: 10 35 13 18 | 12
#0427-d271 @A: 18 02 30 03 | 03
#0428-d271 @A: 11 35 18 30 | 10
#0429-d271 @A: 25 17 18 08 | 06
#0430-d271 @A: 28 18 19 06 | 11
#0431-d271 @A: 30 34 05 24 | 08
#0432-d271 @A: 32 04 24 28 | 02
#0433-d271 @A: 13 11 24 01 | 07
#0434-d271 @A: 23 20 24 01 | 01
#0435-d271 @A: 02 16 20 24 | 04
#0436-d271 @A: 24 15 06 35 | 09
#0437-d271 @A: 25 35 24 31 | 05
#0438-d271 @A: 14 08 24 33 | 12
#0439-d271 @A: 10 11 24 33 | 03
#0440-d271 @A: 21 02 05 29 | 10
#0441-d271 @A: 31 01 21 26 | 06
#0442-d271 @A: 32 09 20 21 | 11
#0443-d271 @A: 21 31 32 29 | 08
#0444-d271 @A: 31 27 09 21 | 02
#0445-d271 @A: 29 35 19 21 | 07
#0446-d271 @A: 29 16 21 25 | 01
#0447-d271 @A: 21 10 17 08 | 04
#0448-d271 @A: 12 21 17 14 | 09
#0449-d271 @A: 04 20 21 28 | 05
#0450-d271 @A: 06 28 21 31 | 12
#0451-d271 @A: 34 22 05 01 | 03
#0452-d271 @A: 05 15 32 30 | 10
#0453-d271 @A: 19 15 03 05 | 06
#0454-d271 @A: 28 22 03 05 | 11
#0455-d271 @A: 29 04 05 35 | 08
#0456-d271 @A: 08 05 29 22 | 02
#0457-d271 @A: 33 05 16 35 | 07
#0458-d271 @A: 16 06 28 05 | 01
#0459-d271 @A: 05 17 27 28 | 04
#0460-d271 @A: 05 08 31 11 | 09
#0461-d271 @A: 17 07 05 10 | 05
#0462-d271 @A: 26 34 01 14 | 12
#0463-d271 @A: 15 26 29 34 | 03
#0464-d271 @A: 01 32 34 03 | 10
#0465-d271 @A: 02 32 07 34 | 06
#0466-d271 @A: 32 16 33 34 | 11
#0467-d271 @A: 31 03 13 34 | 08
#0468-d271 @A: 09 11 01 34 | 02
#0469-d271 @A: 02 34 04 09 | 07
#0470-d271 @A: 34 35 25 02 | 01
#0471-d271 @A: 22 34 09 03 | 04
#0472-d271 @A: 16 20 34 09 | 09
#0473-d271 @A: 08 34 03 16 | 05
#0474-d271 @A: 11 34 35 16 | 12
#0475-d271 @A: 34 14 25 16 | 03
#0476-d271 @A: 08 12 17 34 | 10
#0477-d271 @A: 12 22 34 25 | 06
#0478-d271 @A: 28 10 04 34 | 11
#0479-d271 @A: 26 13 32 07 | 08
#0480-d271 @A: 26 20 32 01 | 02
#0481-d271 @A: 28 26 32 01 | 07
#0482-d271 @A: 08 26 32 31 | 01
#0483-d271 @A: 04 26 01 03 | 04
#0484-d271 @A: 26 31 03 02 | 09
#0485-d271 @A: 26 19 02 16 | 05
#0486-d271 @A: 26 08 09 30 | 12
#0487-d271 @A: 28 25 26 09 | 03
#0488-d271 @A: 35 23 33 26 | 10
#0489-d271 @A: 10 29 03 26 | 06
#0490-d271 @A: 03 35 26 12 | 11
#0491-d271 @A: 29 04 26 16 | 08
#0492-d271 @A: 26 20 06 35 | 02
#0493-d271 @A: 10 07 14 26 | 07
#0494-d271 @A: 04 26 33 14 | 01
#0495-d271 @A: 32 01 31 25 | 04
#0496-d271 @A: 17 32 02 35 | 09
#0497-d271 @A: 32 09 11 19 | 05
#0498-d271 @A: 17 32 03 29 | 12
#0499-d271 @A: 32 20 11 27 | 03
#0500-d271 @A: 32 17 04 20 | 10
#0501-d271 @A: 31 32 04 33 | 06
#0502-d271 @A: 19 32 04 06 | 11
#0503-d271 @A: 33 30 19 32 | 08
#0504-d271 @A: 13 01 10 02 | 02
#0505-d271 @A: 23 22 13 01 | 07
#0506-d271 @A: 15 13 20 02 | 01
#0507-d271 @A: 10 13 29 09 | 04
#0508-d271 @A: 15 04 29 13 | 09
#0509-d271 @A: 23 12 13 31 | 05
#0510-d271 @A: 29 17 06 13 | 12
#0511-d271 @A: 13 29 28 10 | 03
#0512-d271 @A: 25 16 13 35 | 10
#0513-d271 @A: 25 13 12 17 | 06
#0514-d271 @A: 15 01 30 02 | 11
#0515-d271 @A: 09 04 01 28 | 08
#0516-d271 @A: 07 35 25 01 | 02
#0517-d271 @A: 25 01 08 33 | 07
#0518-d271 @A: 25 06 22 01 | 01
#0519-d271 @A: 27 15 08 02 | 04
#0520-d271 @A: 16 35 02 04 | 09
#0521-d271 @A: 11 02 35 12 | 05
#0522-d271 @A: 10 02 22 20 | 12
#0523-d271 @A: 31 06 02 19 | 03
#0524-d271 @A: 02 22 12 33 | 10
#0525-d271 @A: 09 17 20 23 | 06
#0526-d271 @A: 04 16 19 09 | 11
#0527-d271 @A: 09 08 19 07 | 08
#0528-d271 @A: 14 30 09 06 | 02
#0529-d271 @A: 11 12 22 09 | 07
#0530-d271 @A: 23 14 29 15 | 01
#0531-d271 @A: 03 29 31 15 | 04
#0532-d271 @A: 17 35 15 31 | 09
#0533-d271 @A: 15 04 27 19 | 05
#0534-d271 @A: 10 08 20 15 | 12
#0535-d271 @A: 15 19 08 30 | 03
#0536-d271 @A: 22 07 15 25 | 10
#0537-d271 @A: 25 14 10 15 | 06
#0538-d271 @A: 06 15 10 12 | 11
#0539-d271 @A: 33 15 06 22 | 08
#0540-d271 @A: 22 06 23 03 | 02
#0541-d271 @A: 28 03 23 19 | 07
#0542-d271 @A: 27 35 23 22 | 01
#0543-d271 @A: 23 33 04 25 | 04
#0544-d271 @A: 11 23 31 06 | 09
#0545-d271 @A: 29 11 03 28 | 05
#0546-d271 @A: 22 04 03 12 | 12
#0547-d271 @A: 31 25 29 33 | 03
#0548-d271 @A: 28 29 22 14 | 10
#0549-d271 @A: 25 20 35 17 | 06
#0550-d271 @A: 20 14 22 35 | 11
#0551-d271 @A: 16 27 07 04 | 08
#0552-d271 @A: 12 31 16 27 | 02
#0553-d271 @A: 16 07 22 12 | 07
#0554-d271 @A: 06 30 07 16 | 01
#0555-d271 @A: 11 16 04 17 | 04
#0556-d271 @A: 17 16 19 10 | 09
#0557-d271 @A: 32 18 24 07 | 05
#0558-d271 @A: 21 22 18 03 | 12
#0559-d271 @A: 05 32 10 18 | 03
#0560-d271 @A: 34 18 32 29 | 10
#0561-d271 @A: 18 09 07 34 | 06
#0562-d271 @A: 12 26 19 18 | 11
#0563-d271 @A: 18 11 32 01 | 08
#0564-d271 @A: 14 32 30 18 | 02
#0565-d271 @A: 18 13 08 02 | 07
#0566-d271 @A: 15 18 31 02 | 01
#0567-d271 @A: 33 09 31 18 | 04
#0568-d271 @A: 15 18 07 16 | 09
#0569-d271 @A: 15 20 18 30 | 05
#0570-d271 @A: 06 03 29 18 | 12
#0571-d271 @A: 18 16 06 08 | 03
#0572-d271 @A: 18 31 08 22 | 10
#0573-d271 @A: 22 28 18 25 | 06
#0574-d271 @A: 18 11 33 12 | 11
#0575-d271 @A: 33 19 22 18 | 08
#0576-d271 @A: 04 18 12 30 | 02
#0577-d271 @A: 21 10 24 26 | 07
#0578-d271 @A: 21 31 24 02 | 01
#0579-d271 @A: 05 24 28 20 | 04
#0580-d271 @A: 19 24 35 34 | 09
#0581-d271 @A: 35 24 09 32 | 05
#0582-d271 @A: 24 29 13 07 | 12
#0583-d271 @A: 24 17 13 16 | 03
#0584-d271 @A: 24 01 08 27 | 10
#0585-d271 @A: 03 35 02 24 | 06
#0586-d271 @A: 11 09 24 16 | 11
#0587-d271 @A: 11 15 03 24 | 08
#0588-d271 @A: 31 28 24 23 | 02
#0589-d271 @A: 12 24 03 29 | 07
#0590-d271 @A: 24 08 12 19 | 01
#0591-d271 @A: 04 21 01 05 | 04
#0592-d271 @A: 21 30 09 05 | 09
#0593-d271 @A: 25 21 05 17 | 05
#0594-d271 @A: 02 26 20 21 | 12
#0595-d271 @A: 23 21 13 17 | 03
#0596-d271 @A: 19 13 07 21 | 10
#0597-d271 @A: 01 22 35 21 | 06
#0598-d271 @A: 09 02 21 25 | 11
#0599-d271 @A: 28 09 21 08 | 08
#0600-d271 @A: 16 21 15 31 | 02
#0601-d271 @A: 21 35 23 31 | 07
#0602-d271 @A: 04 14 21 29 | 01
#0603-d271 @A: 12 21 20 29 | 04
#0604-d271 @A: 22 07 21 08 | 09
#0605-d271 @A: 10 07 25 21 | 05
#0606-d271 @A: 17 06 21 19 | 12
#0607-d271 @A: 19 33 31 21 | 03
#0608-d271 @A: 34 07 05 31 | 10
#0609-d271 @A: 05 01 26 06 | 06
#0610-d271 @A: 05 26 11 03 | 11
#0611-d271 @A: 03 32 14 05 | 08
#0612-d271 @A: 28 05 32 35 | 02
#0613-d271 @A: 05 13 19 27 | 07
#0614-d271 @A: 09 05 11 02 | 01
#0615-d271 @A: 05 02 22 23 | 04
#0616-d271 @A: 05 33 15 27 | 09
#0617-d271 @A: 08 05 30 07 | 05
#0618-d271 @A: 19 05 08 14 | 12
#0619-d271 @A: 28 05 11 04 | 03
#0620-d271 @A: 13 29 34 23 | 10
#0621-d271 @A: 03 28 34 02 | 06
#0622-d271 @A: 33 34 23 09 | 11
#0623-d271 @A: 04 03 06 34 | 08
#0624-d271 @A: 10 35 34 17 | 02
#0625-d271 @A: 06 12 07 34 | 07
#0626-d271 @A: 34 14 19 11 | 01
#0627-d271 @A: 11 22 04 34 | 04
#0628-d271 @A: 19 26 32 29 | 09
#0629-d271 @A: 13 11 26 23 | 05
#0630-d271 @A: 01 15 26 10 | 12
#0631-d271 @A: 25 26 27 01 | 03
#0632-d271 @A: 02 26 08 25 | 10
#0633-d271 @A: 11 26 09 27 | 06
#0634-d271 @A: 14 26 35 17 | 11
#0635-d271 @A: 26 16 20 11 | 08
#0636-d271 @A: 26 28 27 20 | 02
#0637-d271 @A: 30 33 26 20 | 07
#0638-d271 @A: 26 10 12 33 | 01
#0639-d271 @A: 23 12 32 35 | 04
#0640-d271 @A: 08 20 25 32 | 09
#0641-d271 @A: 32 17 07 12 | 05
#0642-d271 @A: 20 14 12 32 | 12
#0643-d271 @A: 01 12 13 35 | 03
#0644-d271 @A: 11 25 02 13 | 10
#0645-d271 @A: 30 13 15 23 | 06
#0646-d271 @A: 15 13 03 17 | 11
#0647-d271 @A: 11 27 13 15 | 08
#0648-d271 @A: 28 03 33 13 | 02
#0649-d271 @A: 07 08 31 13 | 07
#0650-d271 @A: 22 17 13 14 | 01
#0651-d271 @A: 13 20 17 10 | 04
#0652-d271 @A: 22 13 12 30 | 09
#0653-d271 @A: 03 01 02 09 | 05
#0654-d271 @A: 02 01 28 19 | 12
#0655-d271 @A: 27 30 01 09 | 03
#0656-d271 @A: 35 01 23 14 | 10
#0657-d271 @A: 01 28 03 16 | 06
#0658-d271 @A: 17 31 01 20 | 11
#0659-d271 @A: 14 30 01 11 | 08
#0660-d271 @A: 33 01 12 20 | 02
#0661-d271 @A: 04 11 12 01 | 07
#0662-d271 @A: 10 28 06 01 | 01
#0663-d271 @A: 02 09 35 20 | 04
#0664-d271 @A: 23 10 02 15 | 09
#0665-d271 @A: 02 12 16 15 | 05
#0666-d271 @A: 22 16 17 02 | 12
#0667-d271 @A: 31 07 11 02 | 03
#0668-d271 @A: 14 31 02 17 | 10
#0669-d271 @A: 02 22 25 30 | 06
#0670-d271 @A: 02 20 11 33 | 11
#0671-d271 @A: 09 10 23 22 | 08
#0672-d271 @A: 03 09 25 29 | 02
#0673-d271 @A: 28 09 31 03 | 07
#0674-d271 @A: 27 33 35 09 | 01
#0675-d271 @A: 09 04 10 07 | 04
#0676-d271 @A: 25 03 15 08 | 09
#0677-d271 @A: 15 10 33 17 | 05
#0678-d271 @A: 11 06 19 15 | 12
#0679-d271 @A: 25 23 03 20 | 03
#0680-d271 @A: 07 33 23 22 | 10
#0681-d271 @A: 25 31 17 23 | 06
#0682-d271 @A: 23 25 10 11 | 11
#0683-d271 @A: 20 33 10 23 | 08
#0684-d271 @A: 30 31 23 22 | 02
#0685-d271 @A: 03 35 07 16 | 07
#0686-d271 @A: 22 03 19 08 | 01
#0687-d271 @A: 14 20 04 03 | 04
#0688-d271 @A: 33 03 22 31 | 09
#0689-d271 @A: 31 29 16 30 | 05
#0690-d271 @A: 14 31 29 07 | 12
#0691-d271 @A: 29 33 17 12 | 03
#0692-d271 @A: 06 14 28 35 | 10
#0693-d271 @A: 06 35 30 33 | 06
#0694-d271 @A: 14 16 08 17 | 11
#0695-d271 @A: 12 17 06 16 | 08
#0696-d271 @A: 16 33 20 04 | 02
#0697-d271 @A: 27 30 07 14 | 07
#0698-d271 @A: 04 27 12 06 | 01
#0699-d271 @A: 25 28 19 17 | 04
#0700-d271 @A: 31 20 28 22 | 09
#0701-d271 @A: 24 01 18 26 | 05
#0702-d271 @A: 18 04 31 21 | 12
#0703-d271 @A: 18 20 34 31 | 03
#0704-d271 @A: 10 26 18 16 | 10
#0705-d271 @A: 26 18 28 33 | 06
#0706-d271 @A: 03 01 18 17 | 11
#0707-d271 @A: 15 12 18 03 | 08
#0708-d271 @A: 03 04 16 18 | 02
#0709-d271 @A: 31 03 18 27 | 07
#0710-d271 @A: 29 18 16 14 | 01
#0711-d271 @A: 24 22 21 15 | 04
#0712-d271 @A: 24 09 05 17 | 09
#0713-d271 @A: 05 24 22 20 | 05
#0714-d271 @A: 06 24 13 26 | 12
#0715-d271 @A: 08 28 24 32 | 03
#0716-d271 @A: 10 01 24 35 | 10
#0717-d271 @A: 24 19 01 22 | 06
#0718-d271 @A: 06 25 24 02 | 11
#0719-d271 @A: 24 29 15 19 | 08
#0720-d271 @A: 33 15 31 24 | 02
#0721-d271 @A: 30 15 12 24 | 07
#0722-d271 @A: 24 30 23 10 | 01
#0723-d271 @A: 29 35 20 24 | 04
#0724-d271 @A: 24 25 14 11 | 09
#0725-d271 @A: 30 20 14 24 | 05
#0726-d271 @A: 24 12 31 04 | 12
#0727-d271 @A: 34 21 05 03 | 03
#0728-d271 @A: 21 22 26 05 | 10
#0729-d271 @A: 26 21 17 32 | 06
#0730-d271 @A: 21 26 13 33 | 11
#0731-d271 @A: 30 21 26 16 | 08
#0732-d271 @A: 03 21 29 13 | 02
#0733-d271 @A: 15 21 01 19 | 07
#0734-d271 @A: 09 14 07 21 | 01
#0735-d271 @A: 11 21 23 27 | 04
#0736-d271 @A: 10 30 35 21 | 09
#0737-d271 @A: 28 35 21 12 | 05
#0738-d271 @A: 20 08 21 14 | 12
#0739-d271 @A: 06 33 21 08 | 03
#0740-d271 @A: 21 33 07 20 | 10
#0741-d271 @A: 21 12 11 07 | 06
#0742-d271 @A: 21 31 06 07 | 11
#0743-d271 @A: 12 05 15 34 | 08
#0744-d271 @A: 32 07 35 05 | 02
#0745-d271 @A: 31 05 01 27 | 07
#0746-d271 @A: 01 28 05 12 | 01
#0747-d271 @A: 05 03 02 25 | 04
#0748-d271 @A: 05 02 12 19 | 09
#0749-d271 @A: 23 05 06 16 | 05
#0750-d271 @A: 30 05 25 16 | 12
#0751-d271 @A: 14 05 17 30 | 03
#0752-d271 @A: 17 33 05 22 | 10
#0753-d271 @A: 11 25 05 20 | 06
#0754-d271 @A: 05 14 12 22 | 11
#0755-d271 @A: 05 20 10 30 | 08
#0756-d271 @A: 26 31 19 34 | 02
#0757-d271 @A: 23 32 25 34 | 07
#0758-d271 @A: 09 34 19 13 | 01
#0759-d271 @A: 15 02 19 34 | 04
#0760-d271 @A: 31 23 34 15 | 09
#0761-d271 @A: 03 34 23 12 | 05
#0762-d271 @A: 30 23 34 11 | 12
#0763-d271 @A: 17 25 30 34 | 03
#0764-d271 @A: 30 33 22 34 | 10
#0765-d271 @A: 26 22 03 32 | 06
#0766-d271 @A: 13 08 26 16 | 11
#0767-d271 @A: 13 27 14 26 | 08
#0768-d271 @A: 26 35 10 02 | 02
#0769-d271 @A: 15 26 04 35 | 07
#0770-d271 @A: 26 23 27 07 | 01
#0771-d271 @A: 27 26 20 10 | 04
#0772-d271 @A: 26 30 06 12 | 09
#0773-d271 @A: 32 28 13 19 | 05
#0774-d271 @A: 25 32 14 07 | 12
#0775-d271 @A: 32 10 22 17 | 03
#0776-d271 @A: 10 32 25 12 | 10
#0777-d271 @A: 01 09 13 20 | 06
#0778-d271 @A: 13 31 02 29 | 11
#0779-d271 @A: 03 13 14 11 | 08
#0780-d271 @A: 06 13 08 30 | 02
#0781-d271 @A: 31 20 13 06 | 07
#0782-d271 @A: 13 10 30 19 | 01
#0783-d271 @A: 01 29 17 02 | 04
#0784-d271 @A: 01 12 23 15 | 09
#0785-d271 @A: 01 30 06 23 | 05
#0786-d271 @A: 01 35 03 33 | 12
#0787-d271 @A: 35 27 01 20 | 03
#0788-d271 @A: 01 16 20 10 | 10
#0789-d271 @A: 20 30 25 01 | 06
#0790-d271 @A: 01 22 30 04 | 11
#0791-d271 @A: 09 02 28 16 | 08
#0792-d271 @A: 31 02 16 23 | 02
#0793-d271 @A: 07 25 02 23 | 07
#0794-d271 @A: 28 02 30 27 | 01
#0795-d271 @A: 08 11 02 28 | 04
#0796-d271 @A: 33 02 17 25 | 09
#0797-d271 @A: 02 14 33 30 | 05
#0798-d271 @A: 16 17 15 09 | 12
#0799-d271 @A: 09 29 35 28 | 03
#0800-d271 @A: 09 14 08 25 | 10
#0801-d271 @A: 19 33 17 09 | 06
#0802-d271 @A: 30 09 20 04 | 11
#0803-d271 @A: 09 11 04 06 | 08
#0804-d271 @A: 22 31 09 06 | 02
#0805-d271 @A: 27 17 29 15 | 07
#0806-d271 @A: 17 15 16 28 | 01
#0807-d271 @A: 22 15 20 31 | 04
#0808-d271 @A: 11 31 15 10 | 09
#0809-d271 @A: 29 16 23 33 | 05
#0810-d271 @A: 08 17 23 29 | 12
#0811-d271 @A: 29 23 22 19 | 03
#0812-d271 @A: 23 28 27 35 | 10
#0813-d271 @A: 12 23 14 16 | 06
#0814-d271 @A: 23 08 31 10 | 11
#0815-d271 @A: 31 23 04 07 | 08
#0816-d271 @A: 10 14 17 23 | 02
#0817-d271 @A: 19 29 07 03 | 07
#0818-d271 @A: 17 08 03 06 | 01
#0819-d271 @A: 20 17 03 07 | 04
#0820-d271 @A: 25 03 14 33 | 09
#0821-d271 @A: 30 03 22 14 | 05
#0822-d271 @A: 03 10 20 12 | 12
#0823-d271 @A: 33 03 06 20 | 03
#0824-d271 @A: 19 17 20 29 | 10
#0825-d271 @A: 20 25 29 10 | 06
#0826-d271 @A: 06 29 19 14 | 11
#0827-d271 @A: 29 20 06 30 | 08
#0828-d271 @A: 07 08 10 35 | 02
#0829-d271 @A: 08 20 35 19 | 07
#0830-d271 @A: 12 07 35 14 | 01
#0831-d271 @A: 28 22 19 35 | 04
#0832-d271 @A: 12 35 33 19 | 09
#0833-d271 @A: 04 16 30 08 | 05
#0834-d271 @A: 07 16 25 19 | 12
#0835-d271 @A: 31 14 16 04 | 03
#0836-d271 @A: 20 16 22 19 | 10
#0837-d271 @A: 12 30 16 19 | 06
#0838-d271 @A: 27 12 19 07 | 11
#0839-d271 @A: 27 19 31 17 | 08
#0840-d271 @A: 28 25 06 27 | 02
#0841-d271 @A: 33 11 27 06 | 07
#0842-d271 @A: 28 22 30 08 | 01
#0843-d271 @A: 34 24 33 18 | 04
#0844-d271 @A: 31 05 18 29 | 09
#0845-d271 @A: 11 34 26 18 | 05
#0846-d271 @A: 03 25 18 34 | 12
#0847-d271 @A: 30 29 26 18 | 03
#0848-d271 @A: 32 02 19 18 | 10
#0849-d271 @A: 18 13 04 01 | 06
#0850-d271 @A: 15 06 13 18 | 11
#0851-d271 @A: 18 06 35 09 | 08
#0852-d271 @A: 23 18 15 19 | 02
#0853-d271 @A: 10 18 15 27 | 07
#0854-d271 @A: 27 30 23 18 | 01
#0855-d271 @A: 29 18 22 20 | 04
#0856-d271 @A: 28 18 35 04 | 09
#0857-d271 @A: 12 14 08 18 | 05
#0858-d271 @A: 19 18 04 08 | 12
#0859-d271 @A: 30 08 33 18 | 03
#0860-d271 @A: 06 12 18 25 | 10
#0861-d271 @A: 10 11 19 18 | 06
#0862-d271 @A: 21 34 24 07 | 11
#0863-d271 @A: 12 21 32 24 | 08
#0864-d271 @A: 09 33 21 24 | 02
#0865-d271 @A: 24 23 21 14 | 07
#0866-d271 @A: 12 24 01 34 | 01
#0867-d271 @A: 26 29 24 02 | 04
#0868-d271 @A: 14 31 26 24 | 09
#0869-d271 @A: 24 22 26 30 | 05
#0870-d271 @A: 01 24 15 32 | 12
#0871-d271 @A: 32 23 17 24 | 03
#0872-d271 @A: 30 29 32 24 | 10
#0873-d271 @A: 24 32 14 10 | 06
#0874-d271 @A: 13 19 24 14 | 11
#0875-d271 @A: 24 02 22 09 | 08
#0876-d271 @A: 10 24 25 09 | 02
#0877-d271 @A: 23 11 24 35 | 07
#0878-d271 @A: 24 03 10 16 | 01
#0879-d271 @A: 31 03 19 24 | 04
#0880-d271 @A: 14 35 16 24 | 09
#0881-d271 @A: 35 24 28 10 | 05
#0882-d271 @A: 22 17 08 24 | 12
#0883-d271 @A: 31 08 20 24 | 03
#0884-d271 @A: 19 07 24 06 | 10
#0885-d271 @A: 20 19 11 24 | 06
#0886-d271 @A: 28 21 02 05 | 11
#0887-d271 @A: 32 07 21 28 | 08
#0888-d271 @A: 21 08 13 11 | 02
#0889-d271 @A: 21 13 06 04 | 07
#0890-d271 @A: 01 23 21 25 | 01
#0891-d271 @A: 21 14 15 06 | 04
#0892-d271 @A: 23 07 21 16 | 09
#0893-d271 @A: 17 32 05 34 | 05
#0894-d271 @A: 13 02 05 34 | 12
#0895-d271 @A: 26 05 31 16 | 03
#0896-d271 @A: 13 05 11 10 | 10
#0897-d271 @A: 01 09 05 23 | 06
#0898-d271 @A: 09 15 31 05 | 11
#0899-d271 @A: 35 05 09 25 | 08
#0900-d271 @A: 05 15 23 17 | 02
#0901-d271 @A: 06 15 05 29 | 07
#0902-d271 @A: 29 03 23 05 | 01
#0903-d271 @A: 27 25 14 05 | 04
#0904-d271 @A: 25 05 07 28 | 09
#0905-d271 @A: 31 12 17 05 | 05
#0906-d271 @A: 04 20 12 05 | 12
#0907-d271 @A: 19 30 05 28 | 03
#0908-d271 @A: 08 27 34 32 | 10
#0909-d271 @A: 32 34 04 30 | 06
#0910-d271 @A: 01 17 34 07 | 11
#0911-d271 @A: 10 34 15 09 | 08
#0912-d271 @A: 16 15 34 06 | 02
#0913-d271 @A: 34 08 29 11 | 07
#0914-d271 @A: 07 30 20 34 | 01
#0915-d271 @A: 33 31 12 34 | 04
#0916-d271 @A: 26 30 13 35 | 09
#0917-d271 @A: 01 26 30 28 | 05
#0918-d271 @A: 12 23 09 26 | 12
#0919-d271 @A: 26 22 27 29 | 03
#0920-d271 @A: 27 26 35 16 | 10
#0921-d271 @A: 11 22 33 26 | 06
#0922-d271 @A: 13 32 06 25 | 11
#0923-d271 @A: 11 02 23 32 | 08
#0924-d271 @A: 06 29 32 12 | 02
#0925-d271 @A: 32 28 22 16 | 07
#0926-d271 @A: 11 08 32 06 | 01
#0927-d271 @A: 19 32 10 08 | 04
#0928-d271 @A: 17 10 28 32 | 09
#0929-d271 @A: 25 20 32 28 | 05
#0930-d271 @A: 32 25 11 30 | 12
#0931-d271 @A: 28 08 13 01 | 03
#0932-d271 @A: 35 02 14 13 | 10
#0933-d271 @A: 13 09 33 16 | 06
#0934-d271 @A: 13 08 15 33 | 11
#0935-d271 @A: 12 03 27 13 | 08
#0936-d271 @A: 30 13 17 07 | 02
#0937-d271 @A: 12 13 04 07 | 07
#0938-d271 @A: 17 31 13 33 | 01
#0939-d271 @A: 25 13 14 31 | 04
#0940-d271 @A: 22 20 04 13 | 09
#0941-d271 @A: 07 27 02 01 | 05
#0942-d271 @A: 01 09 12 25 | 12
#0943-d271 @A: 15 17 06 01 | 03
#0944-d271 @A: 22 03 01 16 | 10
#0945-d271 @A: 30 29 35 01 | 06
#0946-d271 @A: 22 27 28 01 | 11
#0947-d271 @A: 08 01 19 11 | 08
#0948-d271 @A: 17 11 22 01 | 02
#0949-d271 @A: 20 06 11 01 | 07
#0950-d271 @A: 06 01 31 04 | 01
#0951-d271 @A: 30 01 33 10 | 04
#0952-d271 @A: 07 15 35 02 | 09
#0953-d271 @A: 02 27 20 03 | 05
#0954-d271 @A: 31 02 35 28 | 12
#0955-d271 @A: 31 02 08 33 | 03
#0956-d271 @A: 02 14 10 28 | 10
#0957-d271 @A: 02 06 28 04 | 06
#0958-d271 @A: 27 12 15 09 | 11
#0959-d271 @A: 08 03 09 27 | 08
#0960-d271 @A: 16 22 35 09 | 02
#0961-d271 @A: 14 20 09 28 | 07
#0962-d271 @A: 09 11 14 31 | 01
#0963-d271 @A: 15 23 06 27 | 04
#0964-d271 @A: 10 29 15 35 | 09
#0965-d271 @A: 15 35 14 33 | 05
#0966-d271 @A: 15 35 22 12 | 12
#0967-d271 @A: 27 11 15 28 | 03
#0968-d271 @A: 15 19 07 10 | 10
#0969-d271 @A: 25 04 17 15 | 06
#0970-d271 @A: 19 12 14 15 | 11
#0971-d271 @A: 17 35 03 23 | 08
#0972-d271 @A: 19 03 16 23 | 02
#0973-d271 @A: 23 22 25 14 | 07
#0974-d271 @A: 30 28 23 06 | 01
#0975-d271 @A: 03 04 29 11 | 04
#0976-d271 @A: 03 14 27 35 | 09
#0977-d271 @A: 03 08 20 30 | 05
#0978-d271 @A: 11 25 06 03 | 12
#0979-d271 @A: 10 06 30 03 | 03
#0980-d271 @A: 33 08 29 20 | 10
#0981-d271 @A: 16 28 35 20 | 06
#0982-d271 @A: 07 17 19 35 | 11
#0983-d271 @A: 35 30 28 25 | 08
#0984-d271 @A: 35 33 11 28 | 02
#0985-d271 @A: 27 19 16 11 | 07
#0986-d271 @A: 16 19 31 08 | 01
#0987-d271 @A: 12 16 28 30 | 04
#0988-d271 @A: 25 08 31 27 | 09
#0989-d271 @A: 27 33 19 08 | 05
#0990-d271 @A: 27 14 31 06 | 12
#0991-d271 @A: 10 14 19 27 | 03
#0992-d271 @A: 12 27 22 20 | 10
#0993-d271 @A: 14 30 28 08 | 06
#0994-d271 @A: 28 14 11 31 | 11
#0995-d271 @A: 18 13 24 31 | 08
#0996-d271 @A: 24 18 15 09 | 02
#0997-d271 @A: 24 22 27 18 | 07
#0998-d271 @A: 26 25 18 21 | 01
#0999-d271 @A: 18 32 13 21 | 04
#1000-d271 @A: 18 17 15 21 | 09
#1001-d271 @A: 18 32 08 09 | 05
#1002-d271 @A: 03 32 18 20 | 12
#1003-d271 @A: 02 18 33 16 | 03
#1004-d271 @A: 27 11 18 02 | 10
#1005-d271 @A: 09 12 17 18 | 06
#1006-d271 @A: 23 20 18 16 | 11
#1007-d271 @A: 23 04 18 22 | 08
#1008-d271 @A: 08 18 03 28 | 02
#1009-d271 @A: 07 08 27 18 | 07
#1010-d271 @A: 12 24 16 05 | 01
#1011-d271 @A: 34 20 32 24 | 04
#1012-d271 @A: 16 34 24 31 | 09
#1013-d271 @A: 13 32 24 04 | 05
#1014-d271 @A: 24 08 32 02 | 12
#1015-d271 @A: 15 13 24 10 | 03
#1016-d271 @A: 13 24 28 15 | 10
#1017-d271 @A: 15 02 24 17 | 06
#1018-d271 @A: 23 24 31 09 | 11
#1019-d271 @A: 24 20 09 12 | 08
#1020-d271 @A: 29 14 24 27 | 02
#1021-d271 @A: 16 08 24 07 | 07
#1022-d271 @A: 10 24 06 08 | 01
#1023-d271 @A: 24 07 22 14 | 04
#1024-d271 @A: 24 31 17 06 | 09
#1025-d271 @A: 04 22 24 25 | 05
#1026-d271 @A: 24 22 12 10 | 12
#1027-d271 @A: 20 05 19 21 | 03
#1028-d271 @A: 21 17 34 29 | 10
#1029-d271 @A: 21 11 34 31 | 06
#1030-d271 @A: 32 21 10 02 | 11
#1031-d271 @A: 32 08 21 35 | 08
#1032-d271 @A: 03 02 21 17 | 02
#1033-d271 @A: 21 02 07 30 | 07
#1034-d271 @A: 04 12 02 21 | 01
#1035-d271 @A: 08 25 04 21 | 04
#1036-d271 @A: 25 21 30 14 | 09
#1037-d271 @A: 21 11 22 10 | 05
#1038-d271 @A: 20 26 05 34 | 12
#1039-d271 @A: 02 05 26 30 | 03
#1040-d271 @A: 10 05 09 26 | 10
#1041-d271 @A: 29 05 26 17 | 06
#1042-d271 @A: 04 26 27 05 | 11
#1043-d271 @A: 32 05 13 01 | 08
#1044-d271 @A: 23 05 32 31 | 02
#1045-d271 @A: 04 22 05 32 | 07
#1046-d271 @A: 23 25 05 13 | 01
#1047-d271 @A: 05 13 08 20 | 04
#1048-d271 @A: 05 16 11 15 | 09
#1049-d271 @A: 20 05 03 35 | 05
#1050-d271 @A: 29 16 05 20 | 12
#1051-d271 @A: 19 05 06 25 | 03
#1052-d271 @A: 11 13 34 32 | 10
#1053-d271 @A: 01 13 34 25 | 06
#1054-d271 @A: 35 34 13 20 | 11
#1055-d271 @A: 31 02 01 34 | 08
#1056-d271 @A: 27 19 34 01 | 02
#1057-d271 @A: 02 10 34 06 | 07
#1058-d271 @A: 23 27 20 34 | 01
#1059-d271 @A: 14 34 29 03 | 04
#1060-d271 @A: 07 34 28 31 | 09
#1061-d271 @A: 32 27 26 30 | 05
#1062-d271 @A: 02 04 13 26 | 12
#1063-d271 @A: 01 26 08 23 | 03
#1064-d271 @A: 26 07 30 01 | 10
#1065-d271 @A: 02 26 07 28 | 06
#1066-d271 @A: 22 26 35 25 | 11
#1067-d271 @A: 10 31 26 17 | 08
#1068-d271 @A: 32 29 13 33 | 02
#1069-d271 @A: 17 27 13 32 | 07
#1070-d271 @A: 14 32 08 13 | 01
#1071-d271 @A: 32 14 02 29 | 04
#1072-d271 @A: 23 32 33 15 | 09
#1073-d271 @A: 08 32 15 17 | 05
#1074-d271 @A: 32 16 23 30 | 12
#1075-d271 @A: 27 03 06 32 | 03
#1076-d271 @A: 22 07 31 32 | 10
#1077-d271 @A: 32 17 25 19 | 06
#1078-d271 @A: 30 32 31 28 | 11
#1079-d271 @A: 13 17 09 02 | 08
#1080-d271 @A: 23 02 13 03 | 02
#1081-d271 @A: 09 07 13 27 | 07
#1082-d271 @A: 28 13 16 23 | 01
#1083-d271 @A: 35 29 22 13 | 04
#1084-d271 @A: 08 27 29 13 | 09
#1085-d271 @A: 13 35 04 27 | 05
#1086-d271 @A: 30 27 13 31 | 12
#1087-d271 @A: 10 13 12 08 | 03
#1088-d271 @A: 19 12 13 20 | 10
#1089-d271 @A: 04 10 31 13 | 06
#1090-d271 @A: 13 31 28 12 | 11
#1091-d271 @A: 16 31 01 09 | 08
#1092-d271 @A: 01 20 03 29 | 02
#1093-d271 @A: 07 29 16 01 | 07
#1094-d271 @A: 06 07 01 08 | 01
#1095-d271 @A: 14 08 22 01 | 04
#1096-d271 @A: 04 01 08 20 | 09
#1097-d271 @A: 02 27 35 30 | 05
#1098-d271 @A: 15 20 14 09 | 12
#1099-d271 @A: 11 09 28 23 | 03
#1100-d271 @A: 09 17 07 29 | 10
#1101-d271 @A: 17 11 25 09 | 06
#1102-d271 @A: 04 25 31 09 | 11
#1103-d271 @A: 07 15 14 17 | 08
#1104-d271 @A: 07 33 30 15 | 02
#1105-d271 @A: 03 10 23 27 | 07
#1106-d271 @A: 16 25 28 23 | 01
#1107-d271 @A: 23 10 17 28 | 04
#1108-d271 @A: 12 30 25 23 | 09
#1109-d271 @A: 19 03 33 04 | 05
#1110-d271 @A: 19 03 12 06 | 12
#1111-d271 @A: 29 28 12 08 | 03
#1112-d271 @A: 29 22 07 06 | 10
#1113-d271 @A: 25 17 29 14 | 06
#1114-d271 @A: 14 33 29 22 | 11
#1115-d271 @A: 35 33 17 08 | 08
#1116-d271 @A: 11 08 14 35 | 02
#1117-d271 @A: 07 35 04 20 | 07
#1118-d271 @A: 04 17 35 12 | 01
#1119-d271 @A: 25 14 06 35 | 04
#1120-d271 @A: 14 10 35 31 | 09
#1121-d271 @A: 10 16 08 27 | 05
#1122-d271 @A: 20 16 27 06 | 12
#1123-d271 @A: 28 19 04 16 | 03
#1124-d271 @A: 14 33 27 20 | 10
#1125-d271 @A: 30 20 27 19 | 06
#1126-d271 @A: 28 04 31 27 | 11
#1127-d271 @A: 21 30 28 18 | 08
#1128-d271 @A: 18 33 23 05 | 02
#1129-d271 @A: 05 08 18 03 | 07
#1130-d271 @A: 22 15 18 34 | 01
#1131-d271 @A: 13 18 22 26 | 04
#1132-d271 @A: 18 16 13 19 | 09
#1133-d271 @A: 01 18 20 02 | 05
#1134-d271 @A: 01 12 18 22 | 12
#1135-d271 @A: 23 18 02 17 | 03
#1136-d271 @A: 09 27 18 28 | 10
#1137-d271 @A: 06 10 07 18 | 06
#1138-d271 @A: 17 18 28 12 | 11
#1139-d271 @A: 11 18 25 31 | 08
#1140-d271 @A: 33 18 10 25 | 02
#1141-d271 @A: 24 01 21 17 | 07
#1142-d271 @A: 24 21 30 27 | 01
#1143-d271 @A: 15 05 24 14 | 04
#1144-d271 @A: 06 27 05 24 | 09
#1145-d271 @A: 34 08 13 24 | 05
#1146-d271 @A: 34 17 03 24 | 12
#1147-d271 @A: 26 24 19 09 | 03
#1148-d271 @A: 07 35 24 26 | 10
#1149-d271 @A: 24 16 26 33 | 06
#1150-d271 @A: 12 25 24 26 | 11
#1151-d271 @A: 03 33 24 32 | 08
#1152-d271 @A: 24 27 32 31 | 02
#1153-d271 @A: 12 02 24 13 | 07
#1154-d271 @A: 09 28 17 24 | 01
#1155-d271 @A: 08 25 30 24 | 04
#1156-d271 @A: 11 24 17 12 | 09
#1157-d271 @A: 05 10 21 15 | 05
#1158-d271 @A: 21 34 23 02 | 12
#1159-d271 @A: 04 15 34 21 | 03
#1160-d271 @A: 26 35 11 21 | 10
#1161-d271 @A: 21 32 22 23 | 06
#1162-d271 @A: 21 02 33 15 | 11
#1163-d271 @A: 03 15 21 30 | 08
#1164-d271 @A: 15 21 28 33 | 02
#1165-d271 @A: 12 35 16 21 | 07
#1166-d271 @A: 22 21 27 17 | 01
#1167-d271 @A: 15 13 22 05 | 04
#1168-d271 @A: 10 05 03 01 | 09
#1169-d271 @A: 27 05 17 02 | 05
#1170-d271 @A: 05 15 28 25 | 12
#1171-d271 @A: 05 23 07 20 | 03
#1172-d271 @A: 05 04 11 23 | 10
#1173-d271 @A: 08 05 25 10 | 06
#1174-d271 @A: 05 19 22 30 | 11
#1175-d271 @A: 26 32 34 06 | 08
#1176-d271 @A: 23 34 26 22 | 02
#1177-d271 @A: 34 32 14 15 | 07
#1178-d271 @A: 32 28 11 34 | 01
#1179-d271 @A: 09 29 34 31 | 04
#1180-d271 @A: 34 31 28 16 | 09
#1181-d271 @A: 25 07 11 34 | 05
#1182-d271 @A: 06 11 17 34 | 12
#1183-d271 @A: 26 13 31 09 | 03
#1184-d271 @A: 13 15 19 26 | 10
#1185-d271 @A: 22 16 15 26 | 06
#1186-d271 @A: 15 17 26 12 | 11
#1187-d271 @A: 26 33 25 15 | 08
#1188-d271 @A: 26 03 27 19 | 02
#1189-d271 @A: 26 14 08 29 | 07
#1190-d271 @A: 07 12 26 29 | 01
#1191-d271 @A: 08 26 17 11 | 04
#1192-d271 @A: 04 31 22 26 | 09
#1193-d271 @A: 13 22 09 32 | 05
#1194-d271 @A: 03 13 19 32 | 12
#1195-d271 @A: 01 06 32 35 | 03
#1196-d271 @A: 02 22 32 15 | 10
#1197-d271 @A: 27 32 25 02 | 06
#1198-d271 @A: 32 09 07 03 | 11
#1199-d271 @A: 30 09 17 32 | 08
#1200-d271 @A: 28 14 09 32 | 02
#1201-d271 @A: 32 10 15 03 | 07
#1202-d271 @A: 20 15 32 29 | 01
#1203-d271 @A: 23 04 32 27 | 04
#1204-d271 @A: 32 28 03 06 | 09
#1205-d271 @A: 35 32 25 29 | 05
#1206-d271 @A: 29 22 32 16 | 12
#1207-d271 @A: 04 08 32 07 | 03
#1208-d271 @A: 32 07 20 19 | 10
#1209-d271 @A: 13 02 16 07 | 06
#1210-d271 @A: 28 13 04 02 | 11
#1211-d271 @A: 07 10 23 13 | 08
#1212-d271 @A: 35 07 33 13 | 02
#1213-d271 @A: 20 13 07 25 | 07
#1214-d271 @A: 14 01 09 17 | 01
#1215-d271 @A: 22 15 29 01 | 04
#1216-d271 @A: 23 04 01 29 | 09
#1217-d271 @A: 01 12 31 08 | 05
#1218-d271 @A: 03 02 11 16 | 12
#1219-d271 @A: 11 06 29 02 | 03
#1220-d271 @A: 11 30 08 02 | 10
#1221-d271 @A: 08 02 22 06 | 06
#1222-d271 @A: 11 17 02 10 | 11
#1223-d271 @A: 25 20 19 02 | 08
#1224-d271 @A: 20 04 31 02 | 02
#1225-d271 @A: 02 22 19 11 | 07
#1226-d271 @A: 30 09 23 03 | 01
#1227-d271 @A: 09 31 20 03 | 04
#1228-d271 @A: 09 07 35 31 | 09
#1229-d271 @A: 09 06 20 08 | 05
#1230-d271 @A: 08 33 04 09 | 12
#1231-d271 @A: 33 09 14 10 | 03
#1232-d271 @A: 12 14 09 04 | 10
#1233-d271 @A: 33 09 12 06 | 06
#1234-d271 @A: 04 06 15 08 | 11
#1235-d271 @A: 22 23 08 20 | 08
#1236-d271 @A: 03 35 29 08 | 02
#1237-d271 @A: 04 35 31 03 | 07
#1238-d271 @A: 03 14 17 28 | 01
#1239-d271 @A: 06 31 08 29 | 04
#1240-d271 @A: 29 30 12 14 | 09
#1241-d271 @A: 20 29 31 11 | 05
#1242-d271 @A: 29 10 04 22 | 12
#1243-d271 @A: 06 16 19 35 | 03
#1244-d271 @A: 11 17 35 28 | 10
#1245-d271 @A: 17 35 06 22 | 06
#1246-d271 @A: 25 33 11 35 | 11
#1247-d271 @A: 35 20 11 10 | 08
#1248-d271 @A: 12 08 16 20 | 02
#1249-d271 @A: 33 07 10 16 | 07
#1250-d271 @A: 14 10 16 30 | 01
#1251-d271 @A: 11 10 16 28 | 04
#1252-d271 @A: 08 04 27 14 | 09
#1253-d271 @A: 22 04 33 27 | 05
#1254-d271 @A: 28 31 25 10 | 12
#1255-d271 @A: 25 12 19 28 | 03
#1256-d271 @A: 10 28 22 33 | 10
#1257-d271 @A: 12 23 24 18 | 06
#1258-d271 @A: 30 16 18 24 | 11
#1259-d271 @A: 18 35 20 21 | 08
#1260-d271 @A: 04 09 05 18 | 02
#1261-d271 @A: 18 16 05 22 | 07
#1262-d271 @A: 08 34 18 23 | 01
#1263-d271 @A: 18 16 17 34 | 04
#1264-d271 @A: 15 28 32 18 | 09
#1265-d271 @A: 18 06 23 32 | 05
#1266-d271 @A: 01 29 25 18 | 12
#1267-d271 @A: 14 01 18 31 | 03
#1268-d271 @A: 02 18 09 29 | 10
#1269-d271 @A: 03 18 10 09 | 06
#1270-d271 @A: 09 18 27 14 | 11
#1271-d271 @A: 23 35 18 25 | 08
#1272-d271 @A: 19 18 03 35 | 02
#1273-d271 @A: 18 14 07 33 | 07
#1274-d271 @A: 06 18 17 33 | 01
#1275-d271 @A: 24 21 03 20 | 04
#1276-d271 @A: 24 16 19 21 | 09
#1277-d271 @A: 05 35 13 24 | 05
#1278-d271 @A: 05 29 24 33 | 12
#1279-d271 @A: 32 24 06 22 | 03
#1280-d271 @A: 03 24 01 30 | 10
#1281-d271 @A: 01 16 04 24 | 06
#1282-d271 @A: 03 09 06 24 | 11
#1283-d271 @A: 04 24 09 27 | 08
#1284-d271 @A: 24 15 27 16 | 02
#1285-d271 @A: 24 27 12 35 | 07
#1286-d271 @A: 07 25 24 17 | 01
#1287-d271 @A: 04 24 17 14 | 04
#1288-d271 @A: 19 04 10 24 | 09
#1289-d271 @A: 14 35 05 21 | 05
#1290-d271 @A: 21 01 20 34 | 12
#1291-d271 @A: 30 34 21 08 | 03
#1292-d271 @A: 28 17 21 34 | 10
#1293-d271 @A: 21 26 06 29 | 06
#1294-d271 @A: 25 21 32 15 | 11
#1295-d271 @A: 21 29 10 01 | 08
#1296-d271 @A: 14 01 21 16 | 02
#1297-d271 @A: 02 27 19 21 | 07
#1298-d271 @A: 19 03 21 09 | 01
#1299-d271 @A: 23 21 30 29 | 04
#1300-d271 @A: 03 14 10 21 | 09
#1301-d271 @A: 28 27 21 16 | 05
#1302-d271 @A: 28 11 21 25 | 12
#1303-d271 @A: 11 21 14 33 | 03
#1304-d271 @A: 30 11 21 04 | 10
#1305-d271 @A: 05 04 34 33 | 06
#1306-d271 @A: 05 02 20 32 | 11
#1307-d271 @A: 12 27 05 32 | 08
#1308-d271 @A: 19 16 05 01 | 02
#1309-d271 @A: 09 05 19 29 | 07
#1310-d271 @A: 17 16 03 05 | 01
#1311-d271 @A: 30 03 05 27 | 04
#1312-d271 @A: 05 35 27 10 | 09
#1313-d271 @A: 11 22 35 05 | 05
#1314-d271 @A: 22 31 05 25 | 12
#1315-d271 @A: 33 05 14 06 | 03
#1316-d271 @A: 12 05 11 30 | 10
#1317-d271 @A: 13 34 26 10 | 06
#1318-d271 @A: 17 26 02 34 | 11
#1319-d271 @A: 32 09 34 12 | 08
#1320-d271 @A: 34 23 10 01 | 02
#1321-d271 @A: 16 34 30 01 | 07
#1322-d271 @A: 34 02 27 16 | 01
#1323-d271 @A: 28 34 09 19 | 04
#1324-d271 @A: 15 20 17 34 | 09
#1325-d271 @A: 07 34 29 10 | 05
#1326-d271 @A: 31 27 34 35 | 12
#1327-d271 @A: 34 27 12 14 | 03
#1328-d271 @A: 34 14 27 28 | 10
#1329-d271 @A: 34 10 08 22 | 06
#1330-d271 @A: 14 04 07 34 | 11
#1331-d271 @A: 34 25 33 20 | 08
#1332-d271 @A: 12 19 34 04 | 02
#1333-d271 @A: 32 12 26 04 | 07
#1334-d271 @A: 15 26 11 02 | 01
#1335-d271 @A: 07 22 09 26 | 04
#1336-d271 @A: 31 15 27 26 | 09
#1337-d271 @A: 22 12 26 08 | 05
#1338-d271 @A: 26 06 04 07 | 12
#1339-d271 @A: 17 25 06 26 | 03
#1340-d271 @A: 26 14 22 06 | 10
#1341-d271 @A: 20 12 26 31 | 06
#1342-d271 @A: 32 23 20 13 | 11
#1343-d271 @A: 32 02 01 04 | 08
#1344-d271 @A: 32 27 01 22 | 02
#1345-d271 @A: 16 02 32 06 | 07
#1346-d271 @A: 32 09 29 04 | 01
#1347-d271 @A: 19 32 15 16 | 04
#1348-d271 @A: 15 32 27 07 | 09
#1349-d271 @A: 08 23 32 03 | 05
#1350-d271 @A: 07 32 29 23 | 12
#1351-d271 @A: 32 03 16 31 | 03
#1352-d271 @A: 10 29 27 32 | 10
#1353-d271 @A: 31 30 20 32 | 06
#1354-d271 @A: 22 32 19 12 | 11
#1355-d271 @A: 08 13 03 01 | 08
#1356-d271 @A: 19 29 13 01 | 02
#1357-d271 @A: 08 35 09 13 | 07
#1358-d271 @A: 17 08 19 13 | 01
#1359-d271 @A: 11 30 20 13 | 04
#1360-d271 @A: 13 19 11 31 | 09
#1361-d271 @A: 06 29 09 01 | 05
#1362-d271 @A: 35 01 08 16 | 12
#1363-d271 @A: 07 17 28 01 | 03
#1364-d271 @A: 19 30 01 31 | 10
#1365-d271 @A: 02 33 09 07 | 06
#1366-d271 @A: 27 14 23 02 | 11
#1367-d271 @A: 22 02 03 29 | 08
#1368-d271 @A: 10 29 16 02 | 02
#1369-d271 @A: 02 29 08 19 | 07
#1370-d271 @A: 10 31 25 02 | 01
#1371-d271 @A: 30 12 02 31 | 04
#1372-d271 @A: 06 02 04 33 | 09
#1373-d271 @A: 30 09 29 15 | 05
#1374-d271 @A: 08 09 15 22 | 12
#1375-d271 @A: 29 11 23 09 | 03
#1376-d271 @A: 20 09 29 27 | 10
#1377-d271 @A: 30 12 09 07 | 06
#1378-d271 @A: 12 19 31 09 | 11
#1379-d271 @A: 15 03 04 28 | 08
#1380-d271 @A: 19 31 28 15 | 02
#1381-d271 @A: 04 30 31 15 | 07
#1382-d271 @A: 15 06 12 28 | 01
#1383-d271 @A: 31 29 27 23 | 04
#1384-d271 @A: 23 08 07 12 | 09
#1385-d271 @A: 08 25 23 06 | 05
#1386-d271 @A: 23 11 33 08 | 12
#1387-d271 @A: 14 23 06 07 | 03
#1388-d271 @A: 06 23 17 04 | 10
#1389-d271 @A: 06 12 23 20 | 06
#1390-d271 @A: 03 30 33 29 | 11
#1391-d271 @A: 16 12 03 33 | 08
#1392-d271 @A: 08 14 07 03 | 02
#1393-d271 @A: 20 22 11 03 | 07
#1394-d271 @A: 04 17 29 28 | 01
#1395-d271 @A: 22 11 29 25 | 04
#1396-d271 @A: 33 11 29 19 | 09
#1397-d271 @A: 04 19 29 30 | 05
#1398-d271 @A: 35 06 11 07 | 12
#1399-d271 @A: 35 07 30 22 | 03
#1400-d271 @A: 14 19 35 30 | 10
#1401-d271 @A: 27 17 25 16 | 06
#1402-d271 @A: 27 22 14 16 | 11
#1403-d271 @A: 06 14 16 11 | 08
#1404-d271 @A: 30 27 08 12 | 02
#1405-d271 @A: 25 33 07 27 | 07
#1406-d271 @A: 27 30 17 04 | 01
#1407-d271 @A: 18 06 21 24 | 04
#1408-d271 @A: 11 24 18 05 | 09
#1409-d271 @A: 18 24 07 28 | 05
#1410-d271 @A: 25 18 20 24 | 12
#1411-d271 @A: 18 29 08 21 | 03
#1412-d271 @A: 01 34 06 18 | 10
#1413-d271 @A: 18 04 34 27 | 06
#1414-d271 @A: 18 17 26 04 | 11
#1415-d271 @A: 16 18 12 32 | 08
#1416-d271 @A: 14 23 13 18 | 02
#1417-d271 @A: 25 27 13 18 | 07
#1418-d271 @A: 20 18 13 33 | 01
#1419-d271 @A: 01 18 09 19 | 04
#1420-d271 @A: 18 29 23 10 | 09
#1421-d271 @A: 19 18 29 27 | 05
#1422-d271 @A: 18 35 17 27 | 12
#1423-d271 @A: 08 20 11 18 | 03
#1424-d271 @A: 11 18 04 07 | 10
#1425-d271 @A: 25 14 18 19 | 06
#1426-d271 @A: 20 06 18 19 | 11
#1427-d271 @A: 18 10 31 12 | 08
#1428-d271 @A: 24 21 29 11 | 02
#1429-d271 @A: 19 24 05 32 | 07
#1430-d271 @A: 24 07 02 05 | 01
#1431-d271 @A: 34 28 06 24 | 04
#1432-d271 @A: 24 32 26 11 | 09
#1433-d271 @A: 32 25 24 16 | 05
#1434-d271 @A: 11 28 24 01 | 12
#1435-d271 @A: 23 04 24 02 | 03
#1436-d271 @A: 08 15 23 24 | 10
#1437-d271 @A: 24 23 03 07 | 06
#1438-d271 @A: 24 23 22 16 | 11
#1439-d271 @A: 28 25 24 03 | 08
#1440-d271 @A: 24 29 16 06 | 02
#1441-d271 @A: 24 10 20 07 | 07
#1442-d271 @A: 06 30 24 11 | 01
#1443-d271 @A: 04 33 30 24 | 04
#1444-d271 @A: 13 05 31 21 | 09
#1445-d271 @A: 05 06 11 21 | 05
#1446-d271 @A: 03 26 21 07 | 12
#1447-d271 @A: 11 03 32 21 | 03
#1448-d271 @A: 21 01 13 30 | 10
#1449-d271 @A: 13 21 02 22 | 06
#1450-d271 @A: 13 21 09 12 | 11
#1451-d271 @A: 13 20 21 16 | 08
#1452-d271 @A: 21 23 04 20 | 02
#1453-d271 @A: 21 27 03 04 | 07
#1454-d271 @A: 19 11 21 25 | 01
#1455-d271 @A: 23 14 34 05 | 04
#1456-d271 @A: 29 25 34 05 | 09
#1457-d271 @A: 29 05 34 28 | 05
#1458-d271 @A: 32 05 25 26 | 12
#1459-d271 @A: 35 19 05 26 | 03
#1460-d271 @A: 26 05 33 08 | 10
#1461-d271 @A: 01 29 14 05 | 06
#1462-d271 @A: 05 09 03 12 | 11
#1463-d271 @A: 07 05 09 16 | 08
#1464-d271 @A: 10 23 19 05 | 02
#1465-d271 @A: 34 22 35 32 | 07
#1466-d271 @A: 34 08 15 01 | 01
#1467-d271 @A: 08 02 34 20 | 04
#1468-d271 @A: 14 02 34 22 | 09
#1469-d271 @A: 15 30 27 34 | 05
#1470-d271 @A: 04 34 23 16 | 12
#1471-d271 @A: 19 16 29 34 | 03
#1472-d271 @A: 30 34 14 31 | 10
#1473-d271 @A: 30 28 34 20 | 06
#1474-d271 @A: 34 19 06 30 | 11
#1475-d271 @A: 26 16 06 09 | 08
#1476-d271 @A: 28 03 26 35 | 02
#1477-d271 @A: 04 10 26 08 | 07
#1478-d271 @A: 07 26 31 25 | 01
#1479-d271 @A: 20 22 17 26 | 04
#1480-d271 @A: 26 14 12 11 | 09
#1481-d271 @A: 26 10 22 19 | 05
#1482-d271 @A: 16 10 32 13 | 12
#1483-d271 @A: 32 33 25 09 | 03
#1484-d271 @A: 10 32 35 33 | 10
#1485-d271 @A: 32 08 30 22 | 06
#1486-d271 @A: 08 33 12 32 | 11
#1487-d271 @A: 33 20 22 32 | 08
#1488-d271 @A: 06 16 01 13 | 02
#1489-d271 @A: 27 13 06 02 | 07
#1490-d271 @A: 13 09 23 06 | 01
#1491-d271 @A: 13 20 29 14 | 04
#1492-d271 @A: 30 14 04 13 | 09
#1493-d271 @A: 13 06 28 20 | 05
#1494-d271 @A: 11 06 13 12 | 12
#1495-d271 @A: 22 19 13 06 | 03
#1496-d271 @A: 01 02 35 19 | 10
#1497-d271 @A: 03 01 31 23 | 06
#1498-d271 @A: 27 23 17 01 | 11
#1499-d271 @A: 31 33 07 01 | 08
#1500-d271 @A: 01 04 19 07 | 02
#1501-d271 @A: 10 01 25 17 | 07
#1502-d271 @A: 14 25 04 01 | 01
#1503-d271 @A: 30 02 16 09 | 04
#1504-d271 @A: 10 02 27 09 | 09
#1505-d271 @A: 02 14 15 03 | 05
#1506-d271 @A: 29 23 12 02 | 12
#1507-d271 @A: 08 02 04 03 | 03
#1508-d271 @A: 29 27 02 04 | 10
#1509-d271 @A: 07 29 20 02 | 06
#1510-d271 @A: 02 19 14 07 | 11
#1511-d271 @A: 19 09 35 15 | 08
#1512-d271 @A: 09 04 35 23 | 02
#1513-d271 @A: 09 10 08 11 | 07
#1514-d271 @A: 07 06 25 09 | 01
#1515-d271 @A: 04 09 22 17 | 04
#1516-d271 @A: 30 19 25 09 | 09
#1517-d271 @A: 30 33 09 11 | 05
#1518-d271 @A: 09 12 10 28 | 12
#1519-d271 @A: 15 03 22 27 | 03
#1520-d271 @A: 15 04 16 10 | 10
#1521-d271 @A: 06 30 15 25 | 06
#1522-d271 @A: 10 15 28 20 | 11
#1523-d271 @A: 23 29 35 06 | 08
#1524-d271 @A: 12 23 33 27 | 02
#1525-d271 @A: 11 23 17 07 | 07
#1526-d271 @A: 17 22 23 12 | 01
#1527-d271 @A: 31 14 23 33 | 04
#1528-d271 @A: 23 19 20 31 | 09
#1529-d271 @A: 10 28 30 03 | 05
#1530-d271 @A: 25 07 29 08 | 12
#1531-d271 @A: 11 30 07 29 | 03
#1532-d271 @A: 28 29 25 33 | 10
#1533-d271 @A: 08 27 06 35 | 06
#1534-d271 @A: 35 31 19 22 | 11
#1535-d271 @A: 16 30 17 20 | 08
#1536-d271 @A: 14 16 33 19 | 02
#1537-d271 @A: 11 22 16 30 | 07
#1538-d271 @A: 31 10 16 06 | 01
#1539-d271 @A: 16 22 04 06 | 04
#1540-d271 @A: 08 17 27 20 | 09
#1541-d271 @A: 22 27 07 10 | 05
#1542-d271 @A: 14 17 11 27 | 12
#1543-d271 @A: 27 06 10 25 | 03
#1544-d271 @A: 18 04 29 24 | 10
#1545-d271 @A: 18 27 12 21 | 06
#1546-d271 @A: 05 06 18 02 | 11
#1547-d271 @A: 25 18 05 15 | 08
#1548-d271 @A: 23 34 28 18 | 02
#1549-d271 @A: 26 18 20 09 | 07
#1550-d271 @A: 18 29 12 13 | 01
#1551-d271 @A: 07 23 01 18 | 04
#1552-d271 @A: 28 18 01 31 | 09
#1553-d271 @A: 23 18 03 11 | 05
#1554-d271 @A: 28 29 16 18 | 12
#1555-d271 @A: 22 18 17 07 | 03
#1556-d271 @A: 18 10 14 22 | 10
#1557-d271 @A: 11 20 18 28 | 06
#1558-d271 @A: 10 18 04 20 | 11
#1559-d271 @A: 21 24 08 05 | 08
#1560-d271 @A: 04 24 21 35 | 02
#1561-d271 @A: 02 34 11 24 | 07
#1562-d271 @A: 34 23 24 06 | 01
#1563-d271 @A: 34 29 24 22 | 04
#1564-d271 @A: 27 34 10 24 | 09
#1565-d271 @A: 20 24 15 26 | 05
#1566-d271 @A: 30 13 24 09 | 12
#1567-d271 @A: 13 27 24 20 | 03
#1568-d271 @A: 07 01 09 24 | 10
#1569-d271 @A: 01 24 31 29 | 06
#1570-d271 @A: 01 06 33 24 | 11
#1571-d271 @A: 27 02 33 24 | 08
#1572-d271 @A: 19 02 30 24 | 02
#1573-d271 @A: 29 24 08 09 | 07
#1574-d271 @A: 03 24 27 25 | 01
#1575-d271 @A: 29 17 10 24 | 04
#1576-d271 @A: 11 07 24 27 | 09
#1577-d271 @A: 28 24 19 14 | 05
#1578-d271 @A: 14 12 24 06 | 12
#1579-d271 @A: 06 20 24 04 | 03
#1580-d271 @A: 05 27 21 16 | 10
#1581-d271 @A: 21 34 33 35 | 06
#1582-d271 @A: 26 13 28 21 | 11
#1583-d271 @A: 23 26 15 21 | 08
#1584-d271 @A: 06 32 21 30 | 02
#1585-d271 @A: 02 21 01 11 | 07
#1586-d271 @A: 01 21 08 09 | 01
#1587-d271 @A: 33 21 23 03 | 04
#1588-d271 @A: 06 03 16 21 | 09
#1589-d271 @A: 21 17 07 04 | 05
#1590-d271 @A: 25 31 21 12 | 12
#1591-d271 @A: 34 05 16 10 | 03
#1592-d271 @A: 05 14 26 28 | 10
#1593-d271 @A: 09 32 06 05 | 06
#1594-d271 @A: 13 09 28 05 | 11
#1595-d271 @A: 17 01 35 05 | 08
#1596-d271 @A: 05 12 01 07 | 02
#1597-d271 @A: 03 05 07 22 | 07
#1598-d271 @A: 07 14 11 05 | 01
#1599-d271 @A: 05 12 33 25 | 04
#1600-d271 @A: 04 14 05 10 | 09
#1601-d271 @A: 06 10 05 22 | 05
#1602-d271 @A: 04 05 30 06 | 12
#1603-d271 @A: 25 09 26 34 | 03
#1604-d271 @A: 03 26 34 30 | 10
#1605-d271 @A: 13 28 25 34 | 06
#1606-d271 @A: 07 34 23 35 | 11
#1607-d271 @A: 34 27 07 03 | 08
#1608-d271 @A: 29 04 20 34 | 02
#1609-d271 @A: 33 08 07 34 | 07
#1610-d271 @A: 34 19 22 07 | 01
#1611-d271 @A: 14 17 34 33 | 04
#1612-d271 @A: 22 31 34 17 | 09
#1613-d271 @A: 34 20 11 12 | 05
#1614-d271 @A: 33 19 34 10 | 12
#1615-d271 @A: 16 14 26 32 | 03
#1616-d271 @A: 20 03 13 26 | 10
#1617-d271 @A: 01 26 19 33 | 06
#1618-d271 @A: 02 26 12 27 | 11
#1619-d271 @A: 15 26 30 14 | 08
#1620-d271 @A: 17 16 23 26 | 02
#1621-d271 @A: 19 23 26 25 | 07
#1622-d271 @A: 29 28 31 26 | 01
#1623-d271 @A: 17 19 26 30 | 04
#1624-d271 @A: 20 25 14 26 | 09
#1625-d271 @A: 20 26 04 19 | 05
#1626-d271 @A: 01 10 09 32 | 12
#1627-d271 @A: 16 32 17 01 | 03
#1628-d271 @A: 35 19 32 27 | 10
#1629-d271 @A: 07 30 10 32 | 06
#1630-d271 @A: 06 33 07 32 | 11
#1631-d271 @A: 17 33 11 32 | 08
#1632-d271 @A: 16 14 13 15 | 02
#1633-d271 @A: 13 35 11 17 | 07
#1634-d271 @A: 25 04 13 19 | 01
#1635-d271 @A: 02 16 25 01 | 04
#1636-d271 @A: 01 04 15 09 | 09
#1637-d271 @A: 01 09 33 22 | 05
#1638-d271 @A: 03 25 19 01 | 12
#1639-d271 @A: 35 11 01 31 | 03
#1640-d271 @A: 08 01 30 17 | 10
#1641-d271 @A: 19 01 12 17 | 06
#1642-d271 @A: 04 17 33 01 | 11
#1643-d271 @A: 25 14 01 28 | 08
#1644-d271 @A: 01 31 22 10 | 02
#1645-d271 @A: 29 28 02 15 | 07
#1646-d271 @A: 03 10 02 19 | 01
#1647-d271 @A: 35 29 02 33 | 04
#1648-d271 @A: 02 08 14 10 | 09
#1649-d271 @A: 19 04 17 02 | 05
#1650-d271 @A: 02 30 06 17 | 12
#1651-d271 @A: 20 02 14 06 | 03
#1652-d271 @A: 33 15 03 09 | 10
#1653-d271 @A: 09 11 20 07 | 06
#1654-d271 @A: 33 09 28 06 | 11
#1655-d271 @A: 16 25 23 15 | 08
#1656-d271 @A: 28 15 22 23 | 02
#1657-d271 @A: 14 15 08 31 | 07
#1658-d271 @A: 28 06 08 15 | 01
#1659-d271 @A: 15 07 06 20 | 04
#1660-d271 @A: 11 17 15 30 | 09
#1661-d271 @A: 20 15 12 25 | 05
#1662-d271 @A: 15 04 12 33 | 12
#1663-d271 @A: 33 17 30 23 | 03
#1664-d271 @A: 23 19 33 06 | 10
#1665-d271 @A: 04 23 28 33 | 06
#1666-d271 @A: 12 03 11 08 | 11
#1667-d271 @A: 28 07 03 20 | 08
#1668-d271 @A: 30 04 07 03 | 02
#1669-d271 @A: 14 03 17 19 | 07
#1670-d271 @A: 10 03 04 17 | 01
#1671-d271 @A: 25 30 03 31 | 04
#1672-d271 @A: 27 30 25 29 | 09
#1673-d271 @A: 12 08 04 29 | 05
#1674-d271 @A: 31 04 29 17 | 12
#1675-d271 @A: 19 29 25 12 | 03
#1676-d271 @A: 29 14 10 11 | 10
#1677-d271 @A: 19 10 29 31 | 06
#1678-d271 @A: 25 12 08 35 | 11
#1679-d271 @A: 04 35 08 22 | 08
#1680-d271 @A: 04 30 35 25 | 02
#1681-d271 @A: 20 33 31 35 | 07
#1682-d271 @A: 11 08 25 16 | 01
#1683-d271 @A: 33 22 16 08 | 04
#1684-d271 @A: 20 16 31 25 | 09
#1685-d271 @A: 06 25 33 16 | 05
#1686-d271 @A: 16 33 31 11 | 12
#1687-d271 @A: 27 20 07 31 | 03
#1688-d271 @A: 30 28 07 04 | 10
#1689-d271 @A: 22 06 28 11 | 06
