#0001-d128 @A: 27 11 34 05 | 12
#0002-d128 @A: 29 34 10 05 | 03
#0003-d128 @A: 24 05 26 34 | 06
#0004-d128 @A: 05 28 14 26 | 09
#0005-d128 @A: 18 32 12 05 | 07
#0006-d128 @A: 35 02 01 05 | 04
#0007-d128 @A: 12 05 01 11 | 10
#0008-d128 @A: 28 09 06 05 | 05
#0009-d128 @A: 02 06 05 07 | 11
#0010-d128 @A: 25 05 08 07 | 08
#0011-d128 @A: 31 17 05 19 | 02
#0012-d128 @A: 05 10 27 08 | 01
#0013-d128 @A: 05 23 31 12 | 12
#0014-d128 @A: 05 10 26 04 | 03
#0015-d128 @A: 31 29 16 05 | 06
#0016-d128 @A: 16 20 11 05 | 09
#0017-d128 @A: 33 20 05 19 | 07
#0018-d128 @A: 09 22 05 08 | 04
#0019-d128 @A: 35 04 05 22 | 10
#0020-d128 @A: 11 18 03 34 | 05
#0021-d128 @A: 34 24 03 23 | 11
#0022-d128 @A: 30 33 32 34 | 08
#0023-d128 @A: 33 31 15 34 | 02
#0024-d128 @A: 07 29 18 34 | 01
#0025-d128 @A: 34 21 19 18 | 12
#0026-d128 @A: 28 17 34 16 | 03
#0027-d128 @A: 23 06 30 34 | 06
#0028-d128 @A: 24 34 35 12 | 09
#0029-d128 @A: 34 33 29 22 | 07
#0030-d128 @A: 23 11 34 29 | 04
#0031-d128 @A: 19 34 23 09 | 10
#0032-d128 @A: 34 21 11 22 | 05
#0033-d128 @A: 14 19 10 03 | 11
#0034-d128 @A: 03 07 15 20 | 08
#0035-d128 @A: 03 31 15 29 | 02
#0036-d128 @A: 31 03 18 19 | 01
#0037-d128 @A: 07 22 01 03 | 12
#0038-d128 @A: 03 22 28 10 | 03
#0039-d128 @A: 03 28 19 24 | 06
#0040-d128 @A: 02 07 03 13 | 09
#0041-d128 @A: 03 17 22 12 | 07
#0042-d128 @A: 17 03 16 19 | 04
#0043-d128 @A: 29 23 03 27 | 10
#0044-d128 @A: 30 03 29 06 | 05
#0045-d128 @A: 33 13 24 03 | 11
#0046-d128 @A: 35 03 20 08 | 08
#0047-d128 @A: 21 04 03 22 | 02
#0048-d128 @A: 23 09 21 03 | 01
#0049-d128 @A: 26 02 18 14 | 12
#0050-d128 @A: 18 29 24 14 | 03
#0051-d128 @A: 01 02 14 22 | 06
#0052-d128 @A: 01 14 16 35 | 09
#0053-d128 @A: 28 29 07 14 | 07
#0054-d128 @A: 14 07 23 11 | 04
#0055-d128 @A: 12 30 14 27 | 10
#0056-d128 @A: 08 21 29 14 | 05
#0057-d128 @A: 15 07 33 32 | 11
#0058-d128 @A: 18 11 17 32 | 08
#0059-d128 @A: 17 30 32 22 | 02
#0060-d128 @A: 02 32 30 10 | 01
#0061-d128 @A: 12 32 25 20 | 12
#0062-d128 @A: 32 04 33 35 | 03
#0063-d128 @A: 08 32 35 06 | 06
#0064-d128 @A: 15 12 23 18 | 09
#0065-d128 @A: 19 15 01 31 | 07
#0066-d128 @A: 15 29 28 27 | 04
#0067-d128 @A: 31 04 17 15 | 10
#0068-d128 @A: 22 16 15 17 | 05
#0069-d128 @A: 23 15 30 31 | 11
#0070-d128 @A: 10 24 31 15 | 08
#0071-d128 @A: 04 15 16 23 | 02
#0072-d128 @A: 35 15 33 08 | 01
#0073-d128 @A: 35 06 15 13 | 12
#0074-d128 @A: 13 21 11 15 | 03
#0075-d128 @A: 07 26 01 18 | 06
#0076-d128 @A: 22 18 01 17 | 09
#0077-d128 @A: 19 01 29 18 | 07
#0078-d128 @A: 23 09 01 18 | 04
#0079-d128 @A: 18 27 02 13 | 10
#0080-d128 @A: 26 24 27 18 | 05
#0081-d128 @A: 18 35 31 30 | 11
#0082-d128 @A: 12 18 10 08 | 08
#0083-d128 @A: 21 18 29 23 | 02
#0084-d128 @A: 21 25 04 18 | 01
#0085-d128 @A: 08 04 07 01 | 12
#0086-d128 @A: 10 29 17 01 | 03
#0087-d128 @A: 01 21 30 08 | 06
#0088-d128 @A: 35 12 01 33 | 09
#0089-d128 @A: 01 29 23 33 | 07
#0090-d128 @A: 22 01 04 16 | 04
#0091-d128 @A: 21 06 01 25 | 10
#0092-d128 @A: 07 23 09 28 | 05
#0093-d128 @A: 17 02 25 28 | 11
#0094-d128 @A: 26 28 33 29 | 08
#0095-d128 @A: 25 20 28 29 | 02
#0096-d128 @A: 26 19 28 04 | 01
#0097-d128 @A: 09 28 35 21 | 12
#0098-d128 @A: 24 09 17 07 | 03
#0099-d128 @A: 29 07 31 02 | 06
#0100-d128 @A: 27 08 16 07 | 09
#0101-d128 @A: 21 07 04 33 | 07
#0102-d128 @A: 21 08 06 07 | 04
#0103-d128 @A: 23 07 06 35 | 10
#0104-d128 @A: 16 12 17 33 | 05
#0105-d128 @A: 17 19 04 06 | 11
#0106-d128 @A: 13 19 21 17 | 08
#0107-d128 @A: 20 17 21 23 | 02
#0108-d128 @A: 19 12 27 02 | 01
#0109-d128 @A: 12 02 04 11 | 12
#0110-d128 @A: 06 02 19 29 | 03
#0111-d128 @A: 08 02 16 22 | 06
#0112-d128 @A: 06 08 02 23 | 09
#0113-d128 @A: 12 23 27 22 | 07
#0114-d128 @A: 08 09 27 24 | 04
#0115-d128 @A: 27 11 16 29 | 10
#0116-d128 @A: 13 27 04 29 | 05
#0117-d128 @A: 27 25 19 23 | 11
#0118-d128 @A: 24 13 11 30 | 08
#0119-d128 @A: 30 25 26 16 | 02
#0120-d128 @A: 33 11 30 26 | 01
#0121-d128 @A: 11 30 19 06 | 12
#0122-d128 @A: 22 19 26 30 | 03
#0123-d128 @A: 30 20 22 04 | 06
#0124-d128 @A: 21 20 30 11 | 09
#0125-d128 @A: 21 35 30 26 | 07
#0126-d128 @A: 25 29 11 12 | 04
#0127-d128 @A: 24 10 20 09 | 10
#0128-d128 @A: 10 06 29 26 | 05
#0129-d128 @A: 10 16 25 20 | 11
#0130-d128 @A: 24 04 08 29 | 08
#0131-d128 @A: 16 24 13 21 | 02
#0132-d128 @A: 11 35 24 33 | 01
#0133-d128 @A: 19 24 13 09 | 12
#0134-d128 @A: 09 21 04 24 | 03
#0135-d128 @A: 19 20 31 13 | 06
#0136-d128 @A: 03 34 35 05 | 09
#0137-d128 @A: 34 13 32 05 | 07
#0138-d128 @A: 25 17 05 14 | 04
#0139-d128 @A: 21 14 05 09 | 10
#0140-d128 @A: 32 28 35 05 | 05
#0141-d128 @A: 31 05 25 32 | 11
#0142-d128 @A: 05 15 29 02 | 08
#0143-d128 @A: 15 24 05 21 | 02
#0144-d128 @A: 09 13 15 05 | 01
#0145-d128 @A: 02 05 25 18 | 12
#0146-d128 @A: 20 01 05 13 | 03
#0147-d128 @A: 28 05 29 21 | 06
#0148-d128 @A: 05 12 21 27 | 09
#0149-d128 @A: 30 06 31 05 | 07
#0150-d128 @A: 05 20 22 12 | 04
#0151-d128 @A: 24 05 06 10 | 10
#0152-d128 @A: 13 10 05 25 | 05
#0153-d128 @A: 08 21 13 05 | 11
#0154-d128 @A: 05 11 04 13 | 08
#0155-d128 @A: 08 03 34 01 | 02
#0156-d128 @A: 10 25 34 03 | 01
#0157-d128 @A: 34 13 14 12 | 12
#0158-d128 @A: 14 20 34 22 | 03
#0159-d128 @A: 14 21 34 06 | 06
#0160-d128 @A: 34 17 26 01 | 09
#0161-d128 @A: 01 24 33 34 | 07
#0162-d128 @A: 28 19 34 07 | 04
#0163-d128 @A: 12 28 06 34 | 10
#0164-d128 @A: 31 28 29 34 | 05
#0165-d128 @A: 30 04 34 02 | 11
#0166-d128 @A: 34 02 31 24 | 08
#0167-d128 @A: 13 10 34 22 | 02
#0168-d128 @A: 31 11 34 09 | 01
#0169-d128 @A: 25 14 03 28 | 12
#0170-d128 @A: 08 03 32 31 | 03
#0171-d128 @A: 18 03 26 35 | 06
#0172-d128 @A: 16 01 23 03 | 09
#0173-d128 @A: 03 17 07 08 | 07
#0174-d128 @A: 17 03 04 02 | 04
#0175-d128 @A: 31 02 20 03 | 10
#0176-d128 @A: 06 27 03 10 | 05
#0177-d128 @A: 04 31 03 27 | 11
#0178-d128 @A: 19 03 30 21 | 08
#0179-d128 @A: 19 03 13 04 | 02
#0180-d128 @A: 20 03 25 09 | 01
#0181-d128 @A: 15 14 33 12 | 12
#0182-d128 @A: 14 31 15 25 | 03
#0183-d128 @A: 15 14 29 13 | 06
#0184-d128 @A: 20 18 07 14 | 09
#0185-d128 @A: 09 14 01 17 | 07
#0186-d128 @A: 01 04 14 21 | 04
#0187-d128 @A: 28 02 20 14 | 10
#0188-d128 @A: 22 30 14 16 | 05
#0189-d128 @A: 14 10 25 12 | 11
#0190-d128 @A: 16 14 31 12 | 08
#0191-d128 @A: 12 21 11 14 | 02
#0192-d128 @A: 14 06 13 09 | 01
#0193-d128 @A: 32 02 18 19 | 12
#0194-d128 @A: 10 01 32 20 | 03
#0195-d128 @A: 06 32 07 28 | 06
#0196-d128 @A: 27 28 21 32 | 09
#0197-d128 @A: 32 20 17 24 | 07
#0198-d128 @A: 27 32 33 23 | 04
#0199-d128 @A: 20 11 32 04 | 10
#0200-d128 @A: 13 32 11 06 | 05
#0201-d128 @A: 15 08 01 12 | 11
#0202-d128 @A: 29 01 15 24 | 08
#0203-d128 @A: 10 17 15 28 | 02
#0204-d128 @A: 02 21 28 15 | 01
#0205-d128 @A: 31 15 28 08 | 12
#0206-d128 @A: 27 07 15 35 | 03
#0207-d128 @A: 09 10 15 30 | 06
#0208-d128 @A: 15 16 29 20 | 09
#0209-d128 @A: 29 04 15 33 | 07
#0210-d128 @A: 09 15 33 35 | 04
#0211-d128 @A: 26 06 15 04 | 10
#0212-d128 @A: 28 10 18 35 | 05
#0213-d128 @A: 07 08 31 18 | 11
#0214-d128 @A: 18 30 17 16 | 08
#0215-d128 @A: 02 18 12 20 | 02
#0216-d128 @A: 31 18 25 27 | 01
#0217-d128 @A: 30 18 35 09 | 12
#0218-d128 @A: 13 21 18 10 | 03
#0219-d128 @A: 22 24 09 18 | 06
#0220-d128 @A: 18 20 08 29 | 09
#0221-d128 @A: 13 16 35 18 | 07
#0222-d128 @A: 18 22 21 33 | 04
#0223-d128 @A: 13 01 31 28 | 10
#0224-d128 @A: 01 27 07 30 | 05
#0225-d128 @A: 02 27 26 01 | 11
#0226-d128 @A: 12 25 01 02 | 08
#0227-d128 @A: 29 06 01 16 | 02
#0228-d128 @A: 08 22 29 01 | 01
#0229-d128 @A: 26 01 33 16 | 12
#0230-d128 @A: 01 19 25 26 | 03
#0231-d128 @A: 13 01 11 19 | 06
#0232-d128 @A: 28 10 26 12 | 09
#0233-d128 @A: 09 28 33 16 | 07
#0234-d128 @A: 28 11 25 04 | 04
#0235-d128 @A: 17 27 07 23 | 10
#0236-d128 @A: 07 08 12 02 | 05
#0237-d128 @A: 02 12 07 09 | 11
#0238-d128 @A: 29 07 25 30 | 08
#0239-d128 @A: 29 07 12 23 | 02
#0240-d128 @A: 10 09 07 06 | 01
#0241-d128 @A: 23 16 19 07 | 12
#0242-d128 @A: 16 11 21 07 | 03
#0243-d128 @A: 21 19 09 07 | 06
#0244-d128 @A: 04 20 07 13 | 09
#0245-d128 @A: 17 12 04 27 | 07
#0246-d128 @A: 30 17 10 04 | 04
#0247-d128 @A: 17 30 19 24 | 10
#0248-d128 @A: 17 08 29 19 | 05
#0249-d128 @A: 33 17 22 25 | 11
#0250-d128 @A: 13 04 17 26 | 08
#0251-d128 @A: 24 02 27 08 | 02
#0252-d128 @A: 12 02 10 21 | 01
#0253-d128 @A: 24 33 02 09 | 12
#0254-d128 @A: 02 20 29 21 | 03
#0255-d128 @A: 35 29 09 02 | 06
#0256-d128 @A: 02 11 23 19 | 09
#0257-d128 @A: 30 09 27 23 | 07
#0258-d128 @A: 12 06 31 27 | 04
#0259-d128 @A: 35 08 27 29 | 10
#0260-d128 @A: 09 21 27 33 | 05
#0261-d128 @A: 21 04 08 27 | 11
#0262-d128 @A: 20 27 35 11 | 08
#0263-d128 @A: 30 33 08 22 | 02
#0264-d128 @A: 21 33 30 25 | 01
#0265-d128 @A: 12 09 16 35 | 12
#0266-d128 @A: 10 16 33 23 | 03
#0267-d128 @A: 25 26 08 10 | 06
#0268-d128 @A: 20 26 11 10 | 09
#0269-d128 @A: 10 09 13 04 | 07
#0270-d128 @A: 31 21 24 29 | 04
#0271-d128 @A: 04 31 24 23 | 10
#0272-d128 @A: 21 33 24 23 | 05
#0273-d128 @A: 24 04 35 19 | 11
#0274-d128 @A: 13 20 24 25 | 08
#0275-d128 @A: 29 22 31 04 | 02
#0276-d128 @A: 29 26 11 31 | 01
#0277-d128 @A: 31 23 16 11 | 12
#0278-d128 @A: 26 31 20 23 | 03
#0279-d128 @A: 21 04 26 31 | 06
#0280-d128 @A: 34 04 05 14 | 09
#0281-d128 @A: 08 20 05 34 | 07
#0282-d128 @A: 11 05 31 03 | 04
#0283-d128 @A: 05 14 11 10 | 10
#0284-d128 @A: 32 04 15 05 | 05
#0285-d128 @A: 32 27 09 05 | 11
#0286-d128 @A: 27 06 15 05 | 08
#0287-d128 @A: 05 33 15 25 | 02
#0288-d128 @A: 05 15 11 23 | 01
#0289-d128 @A: 18 07 23 05 | 12
#0290-d128 @A: 18 26 05 19 | 03
#0291-d128 @A: 05 28 20 07 | 06
#0292-d128 @A: 24 05 12 19 | 09
#0293-d128 @A: 05 29 25 23 | 07
#0294-d128 @A: 26 33 05 21 | 04
#0295-d128 @A: 20 35 23 05 | 10
#0296-d128 @A: 05 22 23 13 | 05
#0297-d128 @A: 35 23 09 05 | 11
#0298-d128 @A: 34 14 32 26 | 08
#0299-d128 @A: 15 02 20 34 | 02
#0300-d128 @A: 17 10 34 18 | 01
#0301-d128 @A: 07 11 34 01 | 12
#0302-d128 @A: 28 04 34 09 | 03
#0303-d128 @A: 27 07 25 34 | 06
#0304-d128 @A: 09 34 07 13 | 09
#0305-d128 @A: 34 09 33 17 | 07
#0306-d128 @A: 08 17 34 21 | 04
#0307-d128 @A: 10 34 09 21 | 10
#0308-d128 @A: 13 19 29 34 | 05
#0309-d128 @A: 34 20 06 29 | 11
#0310-d128 @A: 16 34 20 21 | 08
#0311-d128 @A: 16 34 06 26 | 02
#0312-d128 @A: 33 25 34 19 | 01
#0313-d128 @A: 34 33 13 20 | 12
#0314-d128 @A: 23 34 04 20 | 03
#0315-d128 @A: 35 34 26 04 | 06
#0316-d128 @A: 26 13 34 25 | 09
#0317-d128 @A: 24 32 03 22 | 07
#0318-d128 @A: 32 26 29 03 | 04
#0319-d128 @A: 18 03 33 15 | 10
#0320-d128 @A: 03 20 18 17 | 05
#0321-d128 @A: 28 03 01 26 | 11
#0322-d128 @A: 10 03 01 02 | 08
#0323-d128 @A: 10 07 35 03 | 02
#0324-d128 @A: 03 02 24 06 | 01
#0325-d128 @A: 19 35 03 02 | 12
#0326-d128 @A: 27 12 26 03 | 03
#0327-d128 @A: 04 03 11 16 | 06
#0328-d128 @A: 22 03 08 13 | 09
#0329-d128 @A: 15 11 14 01 | 07
#0330-d128 @A: 10 14 23 15 | 04
#0331-d128 @A: 28 11 14 09 | 10
#0332-d128 @A: 08 14 30 07 | 05
#0333-d128 @A: 06 17 02 14 | 11
#0334-d128 @A: 22 14 31 17 | 08
#0335-d128 @A: 02 23 14 30 | 02
#0336-d128 @A: 29 04 14 06 | 01
#0337-d128 @A: 19 16 14 04 | 12
#0338-d128 @A: 14 09 25 04 | 03
#0339-d128 @A: 15 27 32 22 | 06
#0340-d128 @A: 24 13 18 32 | 09
#0341-d128 @A: 31 32 22 01 | 07
#0342-d128 @A: 17 28 04 32 | 04
#0343-d128 @A: 13 28 09 32 | 10
#0344-d128 @A: 32 30 09 07 | 05
#0345-d128 @A: 24 29 32 30 | 11
#0346-d128 @A: 19 24 08 32 | 08
#0347-d128 @A: 13 32 16 29 | 02
#0348-d128 @A: 06 25 32 29 | 01
#0349-d128 @A: 32 09 16 06 | 12
#0350-d128 @A: 23 25 11 32 | 03
#0351-d128 @A: 18 06 15 29 | 06
#0352-d128 @A: 28 11 15 24 | 09
#0353-d128 @A: 17 19 07 15 | 07
#0354-d128 @A: 29 07 08 15 | 04
#0355-d128 @A: 15 12 10 06 | 10
#0356-d128 @A: 15 08 25 04 | 05
#0357-d128 @A: 15 06 11 20 | 11
#0358-d128 @A: 20 23 25 15 | 08
#0359-d128 @A: 12 17 25 18 | 02
#0360-d128 @A: 18 06 02 35 | 01
#0361-d128 @A: 18 12 11 35 | 12
#0362-d128 @A: 04 35 29 18 | 03
#0363-d128 @A: 23 33 18 08 | 06
#0364-d128 @A: 25 20 33 18 | 09
#0365-d128 @A: 01 20 17 28 | 07
#0366-d128 @A: 28 11 10 01 | 04
#0367-d128 @A: 19 01 16 28 | 10
#0368-d128 @A: 13 07 01 23 | 05
#0369-d128 @A: 01 17 08 02 | 11
#0370-d128 @A: 17 24 01 13 | 08
#0371-d128 @A: 06 01 27 11 | 02
#0372-d128 @A: 09 13 01 31 | 01
#0373-d128 @A: 13 01 06 33 | 12
#0374-d128 @A: 25 08 01 23 | 03
#0375-d128 @A: 25 04 01 13 | 06
#0376-d128 @A: 26 07 28 02 | 09
#0377-d128 @A: 28 07 10 23 | 07
#0378-d128 @A: 28 30 06 27 | 04
#0379-d128 @A: 30 20 28 12 | 10
#0380-d128 @A: 08 30 23 28 | 05
#0381-d128 @A: 20 11 13 28 | 11
#0382-d128 @A: 30 07 02 19 | 08
#0383-d128 @A: 07 04 24 30 | 02
#0384-d128 @A: 07 09 04 29 | 01
#0385-d128 @A: 07 13 22 11 | 12
#0386-d128 @A: 07 35 25 13 | 03
#0387-d128 @A: 30 13 02 17 | 06
#0388-d128 @A: 24 17 33 02 | 09
#0389-d128 @A: 24 17 29 27 | 07
#0390-d128 @A: 09 30 06 17 | 04
#0391-d128 @A: 17 12 11 24 | 10
#0392-d128 @A: 06 17 16 10 | 05
#0393-d128 @A: 25 30 02 27 | 11
#0394-d128 @A: 02 27 22 09 | 08
#0395-d128 @A: 02 16 04 29 | 02
#0396-d128 @A: 09 19 02 16 | 01
#0397-d128 @A: 33 02 23 22 | 12
#0398-d128 @A: 06 27 21 29 | 03
#0399-d128 @A: 25 16 27 06 | 06
#0400-d128 @A: 25 04 30 12 | 09
#0401-d128 @A: 12 30 13 26 | 07
#0402-d128 @A: 22 30 10 21 | 04
#0403-d128 @A: 26 04 12 16 | 10
#0404-d128 @A: 12 20 08 21 | 05
#0405-d128 @A: 08 06 12 13 | 11
#0406-d128 @A: 19 12 23 35 | 08
#0407-d128 @A: 11 22 06 12 | 02
#0408-d128 @A: 35 24 10 23 | 01
#0409-d128 @A: 25 31 24 16 | 12
#0410-d128 @A: 20 29 24 11 | 03
#0411-d128 @A: 06 29 23 24 | 06
#0412-d128 @A: 16 26 35 24 | 09
#0413-d128 @A: 08 13 35 24 | 07
#0414-d128 @A: 24 35 21 06 | 04
#0415-d128 @A: 09 24 23 25 | 10
#0416-d128 @A: 13 29 31 23 | 05
#0417-d128 @A: 31 19 26 16 | 11
#0418-d128 @A: 23 19 31 21 | 08
#0419-d128 @A: 09 13 29 20 | 02
#0420-d128 @A: 23 09 08 11 | 01
#0421-d128 @A: 18 34 16 05 | 12
#0422-d128 @A: 14 03 16 05 | 03
#0423-d128 @A: 03 33 02 05 | 06
#0424-d128 @A: 22 15 01 05 | 09
#0425-d128 @A: 17 15 20 05 | 07
#0426-d128 @A: 05 26 12 15 | 04
#0427-d128 @A: 30 05 33 28 | 10
#0428-d128 @A: 05 09 07 08 | 05
#0429-d128 @A: 30 05 11 02 | 11
#0430-d128 @A: 19 04 05 02 | 08
#0431-d128 @A: 29 33 05 08 | 02
#0432-d128 @A: 22 05 19 21 | 01
#0433-d128 @A: 25 11 26 05 | 12
#0434-d128 @A: 27 19 34 03 | 03
#0435-d128 @A: 02 14 19 34 | 06
#0436-d128 @A: 32 07 04 34 | 09
#0437-d128 @A: 22 34 12 32 | 07
#0438-d128 @A: 22 15 26 34 | 04
#0439-d128 @A: 06 18 31 34 | 10
#0440-d128 @A: 30 26 28 34 | 05
#0441-d128 @A: 35 07 08 34 | 11
#0442-d128 @A: 34 02 11 26 | 08
#0443-d128 @A: 11 16 34 13 | 02
#0444-d128 @A: 34 25 21 23 | 01
#0445-d128 @A: 30 32 03 14 | 12
#0446-d128 @A: 22 03 14 15 | 03
#0447-d128 @A: 35 04 14 03 | 06
#0448-d128 @A: 03 32 15 11 | 09
#0449-d128 @A: 03 18 23 32 | 07
#0450-d128 @A: 03 28 20 32 | 04
#0451-d128 @A: 29 18 10 03 | 10
#0452-d128 @A: 01 03 17 11 | 05
#0453-d128 @A: 28 27 03 08 | 11
#0454-d128 @A: 29 17 03 09 | 08
#0455-d128 @A: 19 03 12 25 | 02
#0456-d128 @A: 09 03 11 10 | 01
#0457-d128 @A: 31 03 22 33 | 12
#0458-d128 @A: 29 13 35 03 | 03
#0459-d128 @A: 03 16 25 33 | 06
#0460-d128 @A: 03 06 35 16 | 09
#0461-d128 @A: 21 06 03 20 | 07
#0462-d128 @A: 22 26 03 20 | 04
#0463-d128 @A: 14 21 24 32 | 10
#0464-d128 @A: 04 31 32 14 | 05
#0465-d128 @A: 13 25 14 32 | 11
#0466-d128 @A: 15 14 17 21 | 08
#0467-d128 @A: 18 06 14 27 | 02
#0468-d128 @A: 14 22 07 27 | 01
#0469-d128 @A: 07 21 13 14 | 12
#0470-d128 @A: 14 24 13 10 | 03
#0471-d128 @A: 19 31 14 08 | 06
#0472-d128 @A: 14 29 35 11 | 09
#0473-d128 @A: 09 16 08 14 | 07
#0474-d128 @A: 14 21 26 20 | 04
#0475-d128 @A: 26 04 14 11 | 10
#0476-d128 @A: 18 28 30 32 | 05
#0477-d128 @A: 01 08 32 28 | 11
#0478-d128 @A: 16 02 01 32 | 08
#0479-d128 @A: 09 08 32 01 | 02
#0480-d128 @A: 32 21 35 07 | 01
#0481-d128 @A: 27 06 32 02 | 12
#0482-d128 @A: 25 30 35 32 | 03
#0483-d128 @A: 31 32 11 19 | 06
#0484-d128 @A: 29 32 23 08 | 09
#0485-d128 @A: 32 26 16 20 | 07
#0486-d128 @A: 20 08 13 32 | 04
#0487-d128 @A: 32 21 25 08 | 10
#0488-d128 @A: 31 15 26 18 | 05
#0489-d128 @A: 07 25 01 15 | 11
#0490-d128 @A: 13 28 23 15 | 08
#0491-d128 @A: 35 02 30 15 | 02
#0492-d128 @A: 13 08 02 15 | 01
#0493-d128 @A: 25 15 26 27 | 12
#0494-d128 @A: 04 15 22 13 | 03
#0495-d128 @A: 23 04 15 09 | 06
#0496-d128 @A: 15 22 06 25 | 09
#0497-d128 @A: 28 07 18 25 | 07
#0498-d128 @A: 18 28 13 19 | 04
#0499-d128 @A: 19 12 07 18 | 10
#0500-d128 @A: 33 18 17 26 | 05
#0501-d128 @A: 18 23 02 24 | 11
#0502-d128 @A: 20 23 16 18 | 08
#0503-d128 @A: 33 18 09 21 | 02
#0504-d128 @A: 22 04 19 18 | 01
#0505-d128 @A: 35 25 23 18 | 12
#0506-d128 @A: 07 06 12 01 | 03
#0507-d128 @A: 10 30 35 01 | 06
#0508-d128 @A: 22 01 25 20 | 09
#0509-d128 @A: 09 01 04 26 | 07
#0510-d128 @A: 28 27 07 13 | 04
#0511-d128 @A: 12 33 28 07 | 10
#0512-d128 @A: 25 17 09 28 | 05
#0513-d128 @A: 30 24 09 28 | 11
#0514-d128 @A: 25 08 28 19 | 08
#0515-d128 @A: 21 17 07 31 | 02
#0516-d128 @A: 20 31 30 07 | 01
#0517-d128 @A: 30 07 16 35 | 12
#0518-d128 @A: 35 22 29 07 | 03
#0519-d128 @A: 33 19 07 06 | 06
#0520-d128 @A: 25 33 07 23 | 09
#0521-d128 @A: 10 02 23 17 | 07
#0522-d128 @A: 17 02 29 22 | 04
#0523-d128 @A: 33 20 17 27 | 10
#0524-d128 @A: 12 20 17 31 | 05
#0525-d128 @A: 10 17 22 24 | 11
#0526-d128 @A: 10 17 31 13 | 08
#0527-d128 @A: 29 20 35 17 | 02
#0528-d128 @A: 17 33 08 04 | 01
#0529-d128 @A: 09 25 30 02 | 12
#0530-d128 @A: 21 02 23 16 | 03
#0531-d128 @A: 19 27 33 21 | 06
#0532-d128 @A: 13 27 08 25 | 09
#0533-d128 @A: 21 11 27 25 | 07
#0534-d128 @A: 09 04 30 12 | 04
#0535-d128 @A: 19 30 09 33 | 10
#0536-d128 @A: 20 09 11 30 | 05
#0537-d128 @A: 30 23 13 25 | 11
#0538-d128 @A: 08 35 12 25 | 08
#0539-d128 @A: 26 12 11 19 | 02
#0540-d128 @A: 13 12 23 04 | 01
#0541-d128 @A: 21 06 19 10 | 12
#0542-d128 @A: 25 35 21 10 | 03
#0543-d128 @A: 24 31 13 26 | 06
#0544-d128 @A: 16 24 29 09 | 09
#0545-d128 @A: 24 16 11 22 | 07
#0546-d128 @A: 33 24 20 26 | 04
#0547-d128 @A: 25 04 24 33 | 10
#0548-d128 @A: 21 24 11 04 | 05
#0549-d128 @A: 21 16 31 09 | 11
#0550-d128 @A: 23 06 31 33 | 08
#0551-d128 @A: 11 31 08 04 | 02
#0552-d128 @A: 06 31 13 21 | 01
#0553-d128 @A: 31 11 35 25 | 12
#0554-d128 @A: 09 23 13 16 | 03
#0555-d128 @A: 09 23 08 33 | 06
#0556-d128 @A: 28 15 34 05 | 09
#0557-d128 @A: 24 04 05 03 | 07
#0558-d128 @A: 20 31 14 05 | 04
#0559-d128 @A: 05 33 24 32 | 10
#0560-d128 @A: 18 05 15 10 | 05
#0561-d128 @A: 16 05 01 30 | 11
#0562-d128 @A: 01 31 08 05 | 08
#0563-d128 @A: 19 06 28 05 | 02
#0564-d128 @A: 04 31 07 05 | 01
#0565-d128 @A: 35 17 10 05 | 12
#0566-d128 @A: 09 17 31 05 | 03
#0567-d128 @A: 27 02 23 05 | 06
#0568-d128 @A: 05 24 02 16 | 09
#0569-d128 @A: 04 27 05 30 | 07
#0570-d128 @A: 25 14 34 30 | 04
#0571-d128 @A: 34 32 21 31 | 10
#0572-d128 @A: 12 34 01 16 | 05
#0573-d128 @A: 28 35 13 34 | 11
#0574-d128 @A: 24 07 34 20 | 08
#0575-d128 @A: 34 12 23 02 | 02
#0576-d128 @A: 12 31 19 34 | 01
#0577-d128 @A: 11 10 31 34 | 12
#0578-d128 @A: 24 34 29 16 | 03
#0579-d128 @A: 03 17 26 14 | 06
#0580-d128 @A: 01 03 32 19 | 09
#0581-d128 @A: 32 07 03 27 | 07
#0582-d128 @A: 32 33 12 03 | 04
#0583-d128 @A: 30 16 03 15 | 10
#0584-d128 @A: 22 03 18 27 | 05
#0585-d128 @A: 18 25 03 24 | 11
#0586-d128 @A: 03 01 24 20 | 08
#0587-d128 @A: 11 28 03 30 | 02
#0588-d128 @A: 30 23 17 03 | 01
#0589-d128 @A: 03 12 02 16 | 12
#0590-d128 @A: 29 02 03 11 | 03
#0591-d128 @A: 09 27 03 19 | 06
#0592-d128 @A: 19 33 11 03 | 09
#0593-d128 @A: 26 19 03 08 | 07
#0594-d128 @A: 03 26 04 25 | 04
#0595-d128 @A: 35 09 03 06 | 10
#0596-d128 @A: 27 19 14 32 | 05
#0597-d128 @A: 08 15 18 14 | 11
#0598-d128 @A: 14 01 17 19 | 08
#0599-d128 @A: 30 13 14 01 | 02
#0600-d128 @A: 17 27 14 28 | 01
#0601-d128 @A: 06 14 07 10 | 12
#0602-d128 @A: 11 14 17 30 | 03
#0603-d128 @A: 02 27 14 33 | 06
#0604-d128 @A: 31 02 14 13 | 09
#0605-d128 @A: 08 02 14 09 | 07
#0606-d128 @A: 14 04 27 25 | 04
#0607-d128 @A: 10 31 21 14 | 10
#0608-d128 @A: 33 14 04 23 | 05
#0609-d128 @A: 08 06 22 14 | 11
#0610-d128 @A: 19 32 28 15 | 08
#0611-d128 @A: 10 32 29 15 | 02
#0612-d128 @A: 25 18 26 32 | 01
#0613-d128 @A: 01 25 32 33 | 12
#0614-d128 @A: 26 17 32 10 | 03
#0615-d128 @A: 27 20 31 32 | 06
#0616-d128 @A: 04 32 21 30 | 09
#0617-d128 @A: 24 06 32 09 | 07
#0618-d128 @A: 32 16 19 25 | 04
#0619-d128 @A: 32 11 22 08 | 10
#0620-d128 @A: 19 21 32 20 | 05
#0621-d128 @A: 21 23 32 13 | 11
#0622-d128 @A: 15 17 13 12 | 08
#0623-d128 @A: 17 15 24 35 | 02
#0624-d128 @A: 15 29 26 17 | 01
#0625-d128 @A: 08 23 15 27 | 12
#0626-d128 @A: 25 15 24 12 | 03
#0627-d128 @A: 15 19 12 29 | 06
#0628-d128 @A: 15 20 31 21 | 09
#0629-d128 @A: 15 09 31 20 | 07
#0630-d128 @A: 01 23 30 18 | 04
#0631-d128 @A: 18 21 24 01 | 10
#0632-d128 @A: 04 27 07 18 | 05
#0633-d128 @A: 10 18 07 33 | 11
#0634-d128 @A: 17 19 27 18 | 08
#0635-d128 @A: 30 27 29 18 | 02
#0636-d128 @A: 18 33 30 12 | 01
#0637-d128 @A: 18 19 16 08 | 12
#0638-d128 @A: 21 18 20 35 | 03
#0639-d128 @A: 13 06 18 25 | 06
#0640-d128 @A: 06 09 18 26 | 09
#0641-d128 @A: 29 28 01 09 | 07
#0642-d128 @A: 07 02 01 20 | 04
#0643-d128 @A: 01 07 31 35 | 10
#0644-d128 @A: 25 29 01 27 | 05
#0645-d128 @A: 22 01 10 12 | 11
#0646-d128 @A: 11 04 01 35 | 08
#0647-d128 @A: 01 11 06 09 | 02
#0648-d128 @A: 23 01 35 22 | 01
#0649-d128 @A: 06 17 28 24 | 12
#0650-d128 @A: 28 27 09 20 | 03
#0651-d128 @A: 24 30 28 22 | 06
#0652-d128 @A: 24 16 12 28 | 09
#0653-d128 @A: 24 20 21 28 | 07
#0654-d128 @A: 20 06 33 28 | 04
#0655-d128 @A: 19 28 08 09 | 10
#0656-d128 @A: 35 06 28 25 | 05
#0657-d128 @A: 02 27 07 21 | 11
#0658-d128 @A: 20 27 07 26 | 08
#0659-d128 @A: 33 35 07 26 | 02
#0660-d128 @A: 25 04 07 19 | 01
#0661-d128 @A: 11 17 31 02 | 12
#0662-d128 @A: 22 27 21 17 | 03
#0663-d128 @A: 08 12 30 17 | 06
#0664-d128 @A: 29 17 13 25 | 09
#0665-d128 @A: 11 16 26 17 | 07
#0666-d128 @A: 21 11 17 09 | 04
#0667-d128 @A: 35 13 17 11 | 10
#0668-d128 @A: 27 35 02 31 | 05
#0669-d128 @A: 02 06 12 30 | 11
#0670-d128 @A: 02 24 12 29 | 08
#0671-d128 @A: 02 10 22 11 | 02
#0672-d128 @A: 02 23 26 29 | 01
#0673-d128 @A: 26 04 33 02 | 12
#0674-d128 @A: 06 25 26 02 | 03
#0675-d128 @A: 27 23 30 24 | 06
#0676-d128 @A: 27 10 24 21 | 09
#0677-d128 @A: 16 13 27 22 | 07
#0678-d128 @A: 22 11 33 27 | 04
#0679-d128 @A: 35 33 29 30 | 10
#0680-d128 @A: 09 30 20 16 | 05
#0681-d128 @A: 30 33 19 23 | 11
#0682-d128 @A: 25 30 19 20 | 08
#0683-d128 @A: 12 35 06 29 | 02
#0684-d128 @A: 26 33 22 12 | 01
#0685-d128 @A: 09 33 12 25 | 12
#0686-d128 @A: 29 04 19 10 | 03
#0687-d128 @A: 13 20 10 06 | 06
#0688-d128 @A: 23 10 11 13 | 09
#0689-d128 @A: 29 22 13 24 | 07
#0690-d128 @A: 25 29 26 24 | 04
#0691-d128 @A: 24 33 16 06 | 10
#0692-d128 @A: 06 19 24 25 | 05
#0693-d128 @A: 04 26 22 24 | 11
#0694-d128 @A: 08 29 06 31 | 08
#0695-d128 @A: 21 33 11 31 | 02
#0696-d128 @A: 26 35 31 22 | 01
#0697-d128 @A: 26 29 09 19 | 12
#0698-d128 @A: 04 19 09 06 | 03
#0699-d128 @A: 17 34 05 02 | 06
#0700-d128 @A: 34 05 16 09 | 09
#0701-d128 @A: 08 03 05 15 | 07
#0702-d128 @A: 05 03 25 06 | 04
#0703-d128 @A: 05 14 21 18 | 10
#0704-d128 @A: 05 32 11 07 | 05
#0705-d128 @A: 17 05 18 29 | 11
#0706-d128 @A: 18 05 30 20 | 08
#0707-d128 @A: 18 13 31 05 | 02
#0708-d128 @A: 05 06 18 33 | 01
#0709-d128 @A: 28 01 05 25 | 12
#0710-d128 @A: 19 09 05 01 | 03
#0711-d128 @A: 31 28 24 05 | 06
#0712-d128 @A: 30 07 05 26 | 09
#0713-d128 @A: 05 30 23 10 | 07
#0714-d128 @A: 05 12 09 24 | 04
#0715-d128 @A: 04 12 05 33 | 10
#0716-d128 @A: 11 05 19 29 | 05
#0717-d128 @A: 33 16 05 22 | 11
#0718-d128 @A: 08 26 16 05 | 08
#0719-d128 @A: 21 35 05 16 | 02
#0720-d128 @A: 34 03 32 16 | 01
#0721-d128 @A: 34 13 03 17 | 12
#0722-d128 @A: 33 34 17 14 | 03
#0723-d128 @A: 32 34 11 28 | 06
#0724-d128 @A: 34 35 15 01 | 09
#0725-d128 @A: 35 22 18 34 | 07
#0726-d128 @A: 31 25 34 17 | 04
#0727-d128 @A: 35 34 10 02 | 10
#0728-d128 @A: 06 13 34 02 | 05
#0729-d128 @A: 31 27 23 34 | 11
#0730-d128 @A: 12 30 11 34 | 08
#0731-d128 @A: 34 22 25 08 | 02
#0732-d128 @A: 11 34 35 19 | 01
#0733-d128 @A: 08 33 03 14 | 12
#0734-d128 @A: 17 32 03 35 | 03
#0735-d128 @A: 02 03 08 18 | 06
#0736-d128 @A: 01 27 33 03 | 09
#0737-d128 @A: 24 29 07 03 | 07
#0738-d128 @A: 16 03 26 07 | 04
#0739-d128 @A: 03 31 30 25 | 10
#0740-d128 @A: 12 23 03 10 | 05
#0741-d128 @A: 31 16 10 03 | 11
#0742-d128 @A: 20 33 03 04 | 08
#0743-d128 @A: 06 03 19 22 | 02
#0744-d128 @A: 13 06 23 03 | 01
#0745-d128 @A: 25 14 01 24 | 12
#0746-d128 @A: 01 31 14 23 | 03
#0747-d128 @A: 14 13 04 28 | 06
#0748-d128 @A: 07 04 14 17 | 09
#0749-d128 @A: 24 07 14 19 | 07
#0750-d128 @A: 24 14 17 16 | 04
#0751-d128 @A: 24 14 30 33 | 10
#0752-d128 @A: 19 29 14 23 | 05
#0753-d128 @A: 22 26 14 23 | 11
#0754-d128 @A: 09 23 14 26 | 08
#0755-d128 @A: 07 18 16 32 | 02
#0756-d128 @A: 13 28 12 32 | 01
#0757-d128 @A: 16 32 28 33 | 12
#0758-d128 @A: 07 32 25 17 | 03
#0759-d128 @A: 20 07 29 32 | 06
#0760-d128 @A: 22 19 32 07 | 09
#0761-d128 @A: 20 32 30 23 | 07
#0762-d128 @A: 29 10 32 09 | 04
#0763-d128 @A: 23 26 32 35 | 10
#0764-d128 @A: 18 19 15 24 | 05
#0765-d128 @A: 23 15 07 24 | 11
#0766-d128 @A: 15 12 27 20 | 08
#0767-d128 @A: 15 33 24 27 | 02
#0768-d128 @A: 15 30 11 10 | 01
#0769-d128 @A: 15 24 08 30 | 12
#0770-d128 @A: 19 15 33 10 | 03
#0771-d128 @A: 16 15 08 06 | 06
#0772-d128 @A: 19 20 08 15 | 09
#0773-d128 @A: 35 21 04 15 | 07
#0774-d128 @A: 17 18 07 06 | 04
#0775-d128 @A: 31 17 24 18 | 10
#0776-d128 @A: 02 33 29 18 | 05
#0777-d128 @A: 12 18 21 31 | 11
#0778-d128 @A: 13 29 11 18 | 08
#0779-d128 @A: 08 18 21 11 | 02
#0780-d128 @A: 11 19 18 20 | 01
#0781-d128 @A: 22 20 18 13 | 12
#0782-d128 @A: 11 09 18 13 | 03
#0783-d128 @A: 01 28 27 22 | 06
#0784-d128 @A: 01 07 19 10 | 09
#0785-d128 @A: 01 31 02 04 | 07
#0786-d128 @A: 01 30 04 19 | 04
#0787-d128 @A: 20 16 01 08 | 10
#0788-d128 @A: 01 22 33 19 | 05
#0789-d128 @A: 04 26 20 01 | 11
#0790-d128 @A: 01 20 35 06 | 08
#0791-d128 @A: 13 01 22 21 | 02
#0792-d128 @A: 35 12 17 28 | 01
#0793-d128 @A: 13 30 10 28 | 12
#0794-d128 @A: 28 10 31 20 | 03
#0795-d128 @A: 10 16 08 28 | 06
#0796-d128 @A: 35 04 20 28 | 09
#0797-d128 @A: 06 23 28 26 | 07
#0798-d128 @A: 28 35 23 21 | 04
#0799-d128 @A: 07 21 24 12 | 10
#0800-d128 @A: 08 22 07 26 | 05
#0801-d128 @A: 19 26 13 07 | 11
#0802-d128 @A: 26 21 25 07 | 08
#0803-d128 @A: 17 26 02 12 | 02
#0804-d128 @A: 29 33 17 06 | 01
#0805-d128 @A: 23 17 26 08 | 12
#0806-d128 @A: 22 02 04 27 | 03
#0807-d128 @A: 24 02 10 26 | 06
#0808-d128 @A: 16 33 19 02 | 09
#0809-d128 @A: 16 02 13 26 | 07
#0810-d128 @A: 02 08 26 35 | 04
#0811-d128 @A: 35 21 11 02 | 10
#0812-d128 @A: 21 30 27 31 | 05
#0813-d128 @A: 20 29 22 27 | 11
#0814-d128 @A: 20 04 27 19 | 08
#0815-d128 @A: 27 19 06 13 | 02
#0816-d128 @A: 09 13 25 27 | 01
#0817-d128 @A: 27 35 26 09 | 12
#0818-d128 @A: 31 30 10 19 | 03
#0819-d128 @A: 30 25 06 10 | 06
#0820-d128 @A: 25 11 22 30 | 09
#0821-d128 @A: 19 06 16 12 | 07
#0822-d128 @A: 04 08 22 12 | 04
#0823-d128 @A: 22 09 12 19 | 10
#0824-d128 @A: 06 04 12 20 | 05
#0825-d128 @A: 22 25 29 10 | 11
#0826-d128 @A: 08 23 21 10 | 08
#0827-d128 @A: 23 19 10 26 | 02
#0828-d128 @A: 04 10 20 21 | 01
#0829-d128 @A: 13 23 24 19 | 12
#0830-d128 @A: 06 04 24 13 | 03
#0831-d128 @A: 24 23 11 26 | 06
#0832-d128 @A: 09 31 29 23 | 09
#0833-d128 @A: 06 20 31 16 | 07
#0834-d128 @A: 11 20 31 22 | 04
#0835-d128 @A: 33 09 29 06 | 10
#0836-d128 @A: 25 09 26 16 | 05
#0837-d128 @A: 01 18 03 05 | 11
#0838-d128 @A: 28 05 13 03 | 08
#0839-d128 @A: 29 14 30 05 | 02
#0840-d128 @A: 14 06 05 12 | 01
#0841-d128 @A: 32 05 26 01 | 12
#0842-d128 @A: 29 27 32 05 | 03
#0843-d128 @A: 32 10 19 05 | 06
#0844-d128 @A: 18 02 05 09 | 09
#0845-d128 @A: 05 24 18 11 | 07
#0846-d128 @A: 05 27 16 28 | 04
#0847-d128 @A: 22 10 07 05 | 10
#0848-d128 @A: 35 05 30 12 | 05
#0849-d128 @A: 25 10 09 05 | 11
#0850-d128 @A: 20 04 05 29 | 08
#0851-d128 @A: 26 05 29 13 | 02
#0852-d128 @A: 19 13 05 16 | 01
#0853-d128 @A: 05 19 08 23 | 12
#0854-d128 @A: 21 25 20 05 | 03
#0855-d128 @A: 34 03 31 26 | 06
#0856-d128 @A: 32 19 34 17 | 09
#0857-d128 @A: 15 24 13 34 | 07
#0858-d128 @A: 34 28 01 04 | 04
#0859-d128 @A: 27 06 34 17 | 10
#0860-d128 @A: 02 16 25 34 | 05
#0861-d128 @A: 21 26 34 27 | 11
#0862-d128 @A: 21 34 33 12 | 08
#0863-d128 @A: 03 07 14 09 | 02
#0864-d128 @A: 03 31 14 24 | 01
#0865-d128 @A: 32 25 03 02 | 12
#0866-d128 @A: 09 32 03 33 | 03
#0867-d128 @A: 10 15 04 03 | 06
#0868-d128 @A: 03 23 19 15 | 09
#0869-d128 @A: 06 03 12 18 | 07
#0870-d128 @A: 03 21 12 28 | 04
#0871-d128 @A: 24 17 03 21 | 10
#0872-d128 @A: 24 16 27 03 | 05
#0873-d128 @A: 27 35 21 03 | 11
#0874-d128 @A: 03 16 20 13 | 08
#0875-d128 @A: 25 03 23 22 | 02
#0876-d128 @A: 18 32 33 14 | 01
#0877-d128 @A: 22 14 28 32 | 12
#0878-d128 @A: 32 14 17 29 | 03
#0879-d128 @A: 32 09 12 14 | 06
#0880-d128 @A: 10 35 14 32 | 09
#0881-d128 @A: 25 18 22 14 | 07
#0882-d128 @A: 16 14 11 28 | 04
#0883-d128 @A: 35 14 24 27 | 10
#0884-d128 @A: 29 27 31 14 | 05
#0885-d128 @A: 23 21 14 27 | 11
#0886-d128 @A: 22 14 04 10 | 08
#0887-d128 @A: 33 09 14 31 | 02
#0888-d128 @A: 26 06 14 13 | 01
#0889-d128 @A: 32 15 12 02 | 12
#0890-d128 @A: 02 15 09 32 | 03
#0891-d128 @A: 32 15 23 06 | 06
#0892-d128 @A: 32 08 27 18 | 09
#0893-d128 @A: 18 22 10 32 | 07
#0894-d128 @A: 21 06 18 32 | 04
#0895-d128 @A: 28 24 32 26 | 10
#0896-d128 @A: 32 23 31 28 | 05
#0897-d128 @A: 02 23 07 32 | 11
#0898-d128 @A: 13 30 32 07 | 08
#0899-d128 @A: 32 07 08 10 | 02
#0900-d128 @A: 02 17 32 21 | 01
#0901-d128 @A: 17 27 13 32 | 12
#0902-d128 @A: 32 09 23 17 | 03
#0903-d128 @A: 35 32 24 02 | 06
#0904-d128 @A: 31 02 26 32 | 09
#0905-d128 @A: 32 12 29 04 | 07
#0906-d128 @A: 13 32 26 22 | 04
#0907-d128 @A: 15 25 11 18 | 10
#0908-d128 @A: 01 06 17 15 | 05
#0909-d128 @A: 15 27 01 04 | 11
#0910-d128 @A: 15 28 30 25 | 08
#0911-d128 @A: 04 15 07 02 | 02
#0912-d128 @A: 22 15 24 02 | 01
#0913-d128 @A: 27 10 15 13 | 12
#0914-d128 @A: 15 25 16 35 | 03
#0915-d128 @A: 21 15 06 33 | 06
#0916-d128 @A: 02 11 01 18 | 09
#0917-d128 @A: 01 08 35 18 | 07
#0918-d128 @A: 18 21 17 28 | 04
#0919-d128 @A: 23 18 27 28 | 10
#0920-d128 @A: 18 07 22 02 | 05
#0921-d128 @A: 07 18 35 24 | 11
#0922-d128 @A: 13 18 08 17 | 08
#0923-d128 @A: 11 10 18 27 | 02
#0924-d128 @A: 04 20 31 18 | 01
#0925-d128 @A: 26 21 18 16 | 12
#0926-d128 @A: 20 18 26 06 | 03
#0927-d128 @A: 23 28 12 01 | 06
#0928-d128 @A: 17 01 27 35 | 09
#0929-d128 @A: 16 01 27 21 | 07
#0930-d128 @A: 35 26 01 29 | 04
#0931-d128 @A: 33 09 22 01 | 10
#0932-d128 @A: 35 01 21 19 | 05
#0933-d128 @A: 11 01 26 22 | 11
#0934-d128 @A: 11 07 28 35 | 08
#0935-d128 @A: 13 02 28 24 | 02
#0936-d128 @A: 33 22 28 04 | 01
#0937-d128 @A: 26 28 22 25 | 12
#0938-d128 @A: 10 17 07 20 | 03
#0939-d128 @A: 27 07 10 29 | 06
#0940-d128 @A: 27 24 06 07 | 09
#0941-d128 @A: 22 30 12 07 | 07
#0942-d128 @A: 04 07 12 35 | 04
#0943-d128 @A: 21 29 19 07 | 10
#0944-d128 @A: 26 07 06 11 | 05
#0945-d128 @A: 27 26 30 17 | 11
#0946-d128 @A: 11 17 21 10 | 08
#0947-d128 @A: 16 08 35 17 | 02
#0948-d128 @A: 19 17 25 11 | 01
#0949-d128 @A: 35 13 17 09 | 12
#0950-d128 @A: 24 02 30 20 | 03
#0951-d128 @A: 30 02 31 22 | 06
#0952-d128 @A: 12 31 33 02 | 09
#0953-d128 @A: 02 20 11 08 | 07
#0954-d128 @A: 06 02 21 04 | 04
#0955-d128 @A: 09 02 06 23 | 10
#0956-d128 @A: 08 27 20 30 | 05
#0957-d128 @A: 10 27 35 12 | 11
#0958-d128 @A: 31 10 27 09 | 08
#0959-d128 @A: 13 11 27 31 | 02
#0960-d128 @A: 26 27 29 19 | 01
#0961-d128 @A: 19 27 16 35 | 12
#0962-d128 @A: 25 27 33 35 | 03
#0963-d128 @A: 26 27 13 33 | 06
#0964-d128 @A: 13 27 23 35 | 09
#0965-d128 @A: 11 30 04 29 | 07
#0966-d128 @A: 06 33 30 04 | 04
#0967-d128 @A: 24 10 12 33 | 10
#0968-d128 @A: 20 29 12 13 | 05
#0969-d128 @A: 33 08 19 12 | 11
#0970-d128 @A: 21 04 12 19 | 08
#0971-d128 @A: 23 26 12 25 | 02
#0972-d128 @A: 19 08 10 35 | 01
#0973-d128 @A: 10 08 13 04 | 12
#0974-d128 @A: 31 24 22 19 | 03
#0975-d128 @A: 08 11 25 24 | 06
#0976-d128 @A: 19 25 29 31 | 09
#0977-d128 @A: 16 21 22 31 | 07
#0978-d128 @A: 31 33 26 25 | 04
#0979-d128 @A: 31 09 35 08 | 10
#0980-d128 @A: 35 04 31 13 | 05
#0981-d128 @A: 06 09 21 08 | 11
#0982-d128 @A: 03 05 07 19 | 08
#0983-d128 @A: 26 23 05 03 | 02
#0984-d128 @A: 35 14 05 07 | 01
#0985-d128 @A: 16 15 07 05 | 12
#0986-d128 @A: 05 21 31 02 | 03
#0987-d128 @A: 05 20 24 27 | 06
#0988-d128 @A: 26 05 31 27 | 09
#0989-d128 @A: 11 33 09 05 | 07
#0990-d128 @A: 11 08 35 05 | 04
#0991-d128 @A: 04 05 21 23 | 10
#0992-d128 @A: 05 21 11 06 | 05
#0993-d128 @A: 14 34 20 09 | 11
#0994-d128 @A: 32 20 18 34 | 08
#0995-d128 @A: 23 10 32 34 | 02
#0996-d128 @A: 35 34 32 09 | 01
#0997-d128 @A: 23 17 34 15 | 12
#0998-d128 @A: 34 28 02 18 | 03
#0999-d128 @A: 18 34 09 25 | 06
#1000-d128 @A: 21 02 01 34 | 09
#1001-d128 @A: 30 34 01 22 | 07
#1002-d128 @A: 01 34 19 23 | 04
#1003-d128 @A: 02 33 34 07 | 10
#1004-d128 @A: 34 12 27 08 | 05
#1005-d128 @A: 09 12 26 34 | 11
#1006-d128 @A: 34 29 25 04 | 08
#1007-d128 @A: 34 08 16 33 | 02
#1008-d128 @A: 33 34 06 35 | 01
#1009-d128 @A: 08 13 34 23 | 12
#1010-d128 @A: 14 23 20 03 | 03
#1011-d128 @A: 35 03 15 12 | 06
#1012-d128 @A: 03 30 04 18 | 09
#1013-d128 @A: 03 31 21 01 | 07
#1014-d128 @A: 12 09 28 03 | 04
#1015-d128 @A: 31 28 35 03 | 10
#1016-d128 @A: 03 23 31 07 | 05
#1017-d128 @A: 03 02 13 09 | 11
#1018-d128 @A: 13 27 30 03 | 08
#1019-d128 @A: 30 10 03 08 | 02
#1020-d128 @A: 26 03 10 21 | 01
#1021-d128 @A: 22 16 29 03 | 12
#1022-d128 @A: 20 29 03 19 | 03
#1023-d128 @A: 33 03 26 06 | 06
#1024-d128 @A: 13 26 11 03 | 09
#1025-d128 @A: 02 11 14 32 | 07
#1026-d128 @A: 26 15 14 07 | 04
#1027-d128 @A: 15 04 14 30 | 10
#1028-d128 @A: 14 10 18 16 | 05
#1029-d128 @A: 12 01 26 14 | 11
#1030-d128 @A: 35 14 12 02 | 08
#1031-d128 @A: 30 06 14 35 | 02
#1032-d128 @A: 14 09 30 22 | 01
#1033-d128 @A: 22 12 14 29 | 12
#1034-d128 @A: 14 16 08 25 | 03
#1035-d128 @A: 08 20 04 14 | 06
#1036-d128 @A: 19 14 35 13 | 09
#1037-d128 @A: 26 25 35 14 | 07
#1038-d128 @A: 18 32 15 35 | 04
#1039-d128 @A: 01 15 21 32 | 10
#1040-d128 @A: 17 08 15 32 | 05
#1041-d128 @A: 32 01 23 17 | 11
#1042-d128 @A: 17 32 33 31 | 08
#1043-d128 @A: 32 27 30 11 | 02
#1044-d128 @A: 19 12 32 30 | 01
#1045-d128 @A: 16 31 30 32 | 12
#1046-d128 @A: 24 32 04 10 | 03
#1047-d128 @A: 09 31 19 32 | 06
#1048-d128 @A: 19 35 29 32 | 09
#1049-d128 @A: 16 08 04 32 | 07
#1050-d128 @A: 32 21 11 26 | 04
#1051-d128 @A: 18 09 15 28 | 10
#1052-d128 @A: 06 07 30 15 | 05
#1053-d128 @A: 11 15 27 17 | 11
#1054-d128 @A: 31 15 02 06 | 08
#1055-d128 @A: 19 15 02 26 | 02
#1056-d128 @A: 12 09 15 06 | 01
#1057-d128 @A: 08 15 22 10 | 12
#1058-d128 @A: 11 15 04 19 | 03
#1059-d128 @A: 18 33 31 01 | 06
#1060-d128 @A: 10 30 18 26 | 09
#1061-d128 @A: 30 18 06 24 | 07
#1062-d128 @A: 04 13 18 33 | 04
#1063-d128 @A: 01 33 02 30 | 10
#1064-d128 @A: 23 10 27 01 | 05
#1065-d128 @A: 01 30 11 31 | 11
#1066-d128 @A: 01 19 20 12 | 08
#1067-d128 @A: 01 16 13 10 | 02
#1068-d128 @A: 22 06 01 24 | 01
#1069-d128 @A: 06 26 01 31 | 12
#1070-d128 @A: 17 28 08 11 | 03
#1071-d128 @A: 28 04 02 08 | 06
#1072-d128 @A: 25 27 28 12 | 09
#1073-d128 @A: 04 28 24 27 | 07
#1074-d128 @A: 31 04 28 30 | 04
#1075-d128 @A: 28 09 22 31 | 10
#1076-d128 @A: 23 04 28 29 | 05
#1077-d128 @A: 29 06 28 11 | 11
#1078-d128 @A: 20 28 22 16 | 08
#1079-d128 @A: 12 13 10 07 | 02
#1080-d128 @A: 31 07 25 12 | 01
#1081-d128 @A: 12 07 16 20 | 12
#1082-d128 @A: 11 04 07 10 | 03
#1083-d128 @A: 33 29 16 07 | 06
#1084-d128 @A: 07 13 33 08 | 09
#1085-d128 @A: 11 33 07 20 | 07
#1086-d128 @A: 11 09 07 22 | 04
#1087-d128 @A: 09 26 17 02 | 10
#1088-d128 @A: 25 10 17 27 | 05
#1089-d128 @A: 17 23 35 31 | 11
#1090-d128 @A: 08 25 17 06 | 08
#1091-d128 @A: 20 27 02 10 | 02
#1092-d128 @A: 02 10 08 31 | 01
#1093-d128 @A: 04 25 20 02 | 12
#1094-d128 @A: 27 30 22 35 | 03
#1095-d128 @A: 24 19 27 11 | 06
#1096-d128 @A: 23 16 26 27 | 09
#1097-d128 @A: 04 06 35 27 | 07
#1098-d128 @A: 30 31 24 12 | 04
#1099-d128 @A: 16 12 30 23 | 10
#1100-d128 @A: 19 29 16 30 | 05
#1101-d128 @A: 19 13 30 08 | 11
#1102-d128 @A: 13 30 35 20 | 08
#1103-d128 @A: 08 16 12 29 | 02
#1104-d128 @A: 12 25 16 13 | 01
#1105-d128 @A: 12 21 22 25 | 12
#1106-d128 @A: 10 22 26 16 | 03
#1107-d128 @A: 33 10 22 35 | 06
#1108-d128 @A: 10 22 20 19 | 09
#1109-d128 @A: 22 06 23 10 | 07
#1110-d128 @A: 23 09 22 10 | 04
#1111-d128 @A: 33 31 24 08 | 10
#1112-d128 @A: 31 24 11 06 | 05
#1113-d128 @A: 20 08 24 06 | 11
#1114-d128 @A: 20 33 31 29 | 08
#1115-d128 @A: 29 25 09 08 | 02
#1116-d128 @A: 19 05 30 34 | 01
#1117-d128 @A: 05 32 03 21 | 12
#1118-d128 @A: 03 17 27 05 | 03
#1119-d128 @A: 08 05 02 14 | 06
#1120-d128 @A: 14 05 24 22 | 09
#1121-d128 @A: 16 17 05 32 | 07
#1122-d128 @A: 22 05 32 02 | 04
#1123-d128 @A: 35 31 05 15 | 10
#1124-d128 @A: 01 17 05 04 | 05
#1125-d128 @A: 27 05 19 01 | 11
#1126-d128 @A: 13 05 24 07 | 08
#1127-d128 @A: 09 30 29 05 | 02
#1128-d128 @A: 05 25 16 04 | 01
#1129-d128 @A: 19 25 35 05 | 12
#1130-d128 @A: 26 05 06 35 | 03
#1131-d128 @A: 03 14 29 34 | 06
#1132-d128 @A: 22 03 02 34 | 09
#1133-d128 @A: 03 30 34 20 | 07
#1134-d128 @A: 03 09 22 34 | 04
#1135-d128 @A: 34 23 14 18 | 10
#1136-d128 @A: 01 14 10 34 | 05
#1137-d128 @A: 07 16 14 34 | 11
#1138-d128 @A: 15 16 34 10 | 08
#1139-d128 @A: 01 20 31 34 | 02
#1140-d128 @A: 34 27 20 28 | 01
#1141-d128 @A: 34 10 28 21 | 12
#1142-d128 @A: 17 11 34 20 | 03
#1143-d128 @A: 20 10 34 12 | 06
#1144-d128 @A: 08 34 06 10 | 09
#1145-d128 @A: 34 04 16 31 | 07
#1146-d128 @A: 34 26 08 29 | 04
#1147-d128 @A: 34 26 20 19 | 10
#1148-d128 @A: 03 18 13 14 | 05
#1149-d128 @A: 03 01 06 14 | 11
#1150-d128 @A: 03 12 07 14 | 08
#1151-d128 @A: 03 32 10 13 | 02
#1152-d128 @A: 03 04 32 06 | 01
#1153-d128 @A: 03 01 15 09 | 12
#1154-d128 @A: 03 26 15 24 | 03
#1155-d128 @A: 03 18 28 16 | 06
#1156-d128 @A: 03 28 07 04 | 09
#1157-d128 @A: 03 07 25 11 | 07
#1158-d128 @A: 07 32 14 01 | 04
#1159-d128 @A: 06 14 32 16 | 10
#1160-d128 @A: 18 28 01 14 | 05
#1161-d128 @A: 09 18 10 14 | 11
#1162-d128 @A: 14 01 27 08 | 08
#1163-d128 @A: 10 14 28 33 | 02
#1164-d128 @A: 08 10 14 17 | 01
#1165-d128 @A: 13 20 14 17 | 12
#1166-d128 @A: 24 14 26 08 | 03
#1167-d128 @A: 24 14 35 09 | 06
#1168-d128 @A: 29 26 16 14 | 09
#1169-d128 @A: 33 25 29 14 | 07
#1170-d128 @A: 14 20 35 33 | 04
#1171-d128 @A: 06 33 11 14 | 10
#1172-d128 @A: 14 13 22 33 | 05
#1173-d128 @A: 06 01 32 30 | 11
#1174-d128 @A: 21 22 29 32 | 08
#1175-d128 @A: 19 26 32 06 | 02
#1176-d128 @A: 20 32 26 09 | 01
#1177-d128 @A: 32 22 09 11 | 12
#1178-d128 @A: 16 15 01 18 | 03
#1179-d128 @A: 15 18 30 22 | 06
#1180-d128 @A: 23 15 02 01 | 09
#1181-d128 @A: 26 09 15 28 | 07
#1182-d128 @A: 07 11 15 31 | 04
#1183-d128 @A: 15 10 25 02 | 10
#1184-d128 @A: 02 11 15 33 | 05
#1185-d128 @A: 27 19 15 30 | 11
#1186-d128 @A: 15 20 24 04 | 08
#1187-d128 @A: 19 21 16 15 | 02
#1188-d128 @A: 26 15 33 23 | 01
#1189-d128 @A: 19 15 13 25 | 12
#1190-d128 @A: 15 21 22 23 | 03
#1191-d128 @A: 02 30 21 18 | 06
#1192-d128 @A: 02 18 04 10 | 09
#1193-d128 @A: 16 18 12 27 | 07
#1194-d128 @A: 12 18 22 24 | 04
#1195-d128 @A: 09 12 18 31 | 10
#1196-d128 @A: 10 20 24 18 | 05
#1197-d128 @A: 18 24 16 04 | 11
#1198-d128 @A: 26 18 08 04 | 08
#1199-d128 @A: 11 04 06 18 | 02
#1200-d128 @A: 17 07 01 33 | 01
#1201-d128 @A: 30 17 25 01 | 12
#1202-d128 @A: 16 01 31 17 | 03
#1203-d128 @A: 09 01 30 13 | 06
#1204-d128 @A: 35 20 01 09 | 09
#1205-d128 @A: 31 28 17 26 | 07
#1206-d128 @A: 33 28 35 02 | 04
#1207-d128 @A: 21 28 31 25 | 10
#1208-d128 @A: 35 16 29 28 | 05
#1209-d128 @A: 28 08 29 13 | 11
#1210-d128 @A: 28 16 13 06 | 08
#1211-d128 @A: 11 23 33 28 | 02
#1212-d128 @A: 33 13 28 25 | 01
#1213-d128 @A: 22 21 06 28 | 12
#1214-d128 @A: 26 13 21 28 | 03
#1215-d128 @A: 17 11 29 07 | 06
#1216-d128 @A: 11 07 02 24 | 09
#1217-d128 @A: 07 23 30 21 | 07
#1218-d128 @A: 10 07 26 31 | 04
#1219-d128 @A: 24 22 33 07 | 10
#1220-d128 @A: 22 31 07 06 | 05
#1221-d128 @A: 26 07 31 09 | 11
#1222-d128 @A: 26 29 04 07 | 08
#1223-d128 @A: 19 11 08 07 | 02
#1224-d128 @A: 20 08 23 07 | 01
#1225-d128 @A: 02 20 19 17 | 12
#1226-d128 @A: 31 17 27 08 | 03
#1227-d128 @A: 29 31 30 17 | 06
#1228-d128 @A: 17 06 30 20 | 09
#1229-d128 @A: 17 09 22 16 | 07
#1230-d128 @A: 20 26 17 25 | 04
#1231-d128 @A: 31 02 09 04 | 10
#1232-d128 @A: 25 31 23 02 | 05
#1233-d128 @A: 35 25 29 02 | 11
#1234-d128 @A: 02 08 21 19 | 08
#1235-d128 @A: 20 21 02 09 | 02
#1236-d128 @A: 02 26 22 21 | 01
#1237-d128 @A: 13 35 22 02 | 12
#1238-d128 @A: 02 09 11 35 | 03
#1239-d128 @A: 10 33 27 30 | 06
#1240-d128 @A: 26 27 06 22 | 09
#1241-d128 @A: 23 29 30 22 | 07
#1242-d128 @A: 30 11 08 16 | 04
#1243-d128 @A: 06 16 21 30 | 10
#1244-d128 @A: 09 21 30 26 | 05
#1245-d128 @A: 12 33 06 25 | 11
#1246-d128 @A: 12 13 11 33 | 08
#1247-d128 @A: 23 20 12 09 | 02
#1248-d128 @A: 13 10 29 33 | 01
#1249-d128 @A: 35 04 10 16 | 12
#1250-d128 @A: 24 20 31 35 | 03
#1251-d128 @A: 21 08 22 24 | 06
#1252-d128 @A: 24 22 35 25 | 09
#1253-d128 @A: 11 09 26 24 | 07
#1254-d128 @A: 31 33 19 04 | 04
#1255-d128 @A: 26 09 13 33 | 10
#1256-d128 @A: 04 22 09 35 | 05
#1257-d128 @A: 09 21 22 13 | 11
#1258-d128 @A: 34 05 23 33 | 08
#1259-d128 @A: 03 30 05 22 | 02
#1260-d128 @A: 03 12 05 29 | 01
#1261-d128 @A: 23 14 05 32 | 12
#1262-d128 @A: 01 33 05 14 | 03
#1263-d128 @A: 20 05 06 32 | 06
#1264-d128 @A: 05 27 35 18 | 09
#1265-d128 @A: 08 05 18 22 | 07
#1266-d128 @A: 01 21 10 05 | 04
#1267-d128 @A: 05 02 10 28 | 10
#1268-d128 @A: 05 12 08 28 | 05
#1269-d128 @A: 05 17 12 07 | 11
#1270-d128 @A: 05 22 26 17 | 08
#1271-d128 @A: 22 27 05 25 | 02
#1272-d128 @A: 25 24 05 30 | 01
#1273-d128 @A: 31 10 05 33 | 12
#1274-d128 @A: 05 33 13 35 | 03
#1275-d128 @A: 34 12 03 04 | 06
#1276-d128 @A: 34 07 12 15 | 09
#1277-d128 @A: 09 34 15 24 | 07
#1278-d128 @A: 08 15 11 34 | 04
#1279-d128 @A: 34 30 13 18 | 10
#1280-d128 @A: 18 26 12 34 | 05
#1281-d128 @A: 08 24 18 34 | 11
#1282-d128 @A: 09 29 18 34 | 08
#1283-d128 @A: 17 34 30 35 | 02
#1284-d128 @A: 24 04 34 17 | 01
#1285-d128 @A: 27 29 02 34 | 12
#1286-d128 @A: 06 34 27 09 | 03
#1287-d128 @A: 21 34 30 24 | 06
#1288-d128 @A: 22 16 19 34 | 09
#1289-d128 @A: 23 35 16 34 | 07
#1290-d128 @A: 33 04 11 34 | 04
#1291-d128 @A: 34 35 25 20 | 10
#1292-d128 @A: 21 04 13 34 | 05
#1293-d128 @A: 06 15 03 28 | 11
#1294-d128 @A: 17 15 25 03 | 08
#1295-d128 @A: 15 27 03 02 | 02
#1296-d128 @A: 03 01 29 04 | 01
#1297-d128 @A: 03 33 07 30 | 12
#1298-d128 @A: 26 02 30 03 | 03
#1299-d128 @A: 24 03 35 30 | 06
#1300-d128 @A: 03 24 09 31 | 09
#1301-d128 @A: 33 29 21 03 | 07
#1302-d128 @A: 35 03 11 22 | 04
#1303-d128 @A: 14 28 15 35 | 10
#1304-d128 @A: 18 12 14 04 | 05
#1305-d128 @A: 14 01 29 20 | 11
#1306-d128 @A: 14 12 19 28 | 08
#1307-d128 @A: 23 24 14 28 | 02
#1308-d128 @A: 29 27 14 09 | 01
#1309-d128 @A: 14 10 20 30 | 12
#1310-d128 @A: 31 30 14 26 | 03
#1311-d128 @A: 33 14 16 21 | 06
#1312-d128 @A: 14 33 26 19 | 09
#1313-d128 @A: 14 23 35 08 | 07
#1314-d128 @A: 14 22 11 19 | 04
#1315-d128 @A: 25 11 20 14 | 10
#1316-d128 @A: 23 06 14 25 | 05
#1317-d128 @A: 21 35 22 14 | 11
#1318-d128 @A: 15 31 13 32 | 08
#1319-d128 @A: 18 01 32 04 | 02
#1320-d128 @A: 32 27 12 01 | 01
#1321-d128 @A: 24 32 31 07 | 12
#1322-d128 @A: 32 02 13 04 | 03
#1323-d128 @A: 27 32 24 25 | 06
#1324-d128 @A: 10 12 11 32 | 09
#1325-d128 @A: 10 33 32 21 | 07
#1326-d128 @A: 16 11 32 35 | 04
#1327-d128 @A: 33 32 08 26 | 10
#1328-d128 @A: 33 13 19 32 | 05
#1329-d128 @A: 32 19 04 23 | 11
#1330-d128 @A: 32 20 22 35 | 08
#1331-d128 @A: 32 22 25 04 | 02
#1332-d128 @A: 13 15 18 07 | 01
#1333-d128 @A: 30 15 20 01 | 12
#1334-d128 @A: 15 26 10 01 | 03
#1335-d128 @A: 15 26 16 28 | 06
#1336-d128 @A: 30 12 21 15 | 09
#1337-d128 @A: 22 15 31 12 | 07
#1338-d128 @A: 29 15 11 22 | 04
#1339-d128 @A: 24 28 18 33 | 10
#1340-d128 @A: 31 22 28 18 | 05
#1341-d128 @A: 08 06 18 28 | 11
#1342-d128 @A: 28 26 18 11 | 08
#1343-d128 @A: 30 11 07 18 | 02
#1344-d128 @A: 30 25 08 18 | 01
#1345-d128 @A: 18 11 33 16 | 12
#1346-d128 @A: 35 19 33 18 | 03
#1347-d128 @A: 06 28 01 02 | 06
#1348-d128 @A: 28 30 29 01 | 09
#1349-d128 @A: 24 27 31 01 | 07
#1350-d128 @A: 01 27 24 09 | 04
#1351-d128 @A: 24 01 08 10 | 10
#1352-d128 @A: 01 13 08 26 | 05
#1353-d128 @A: 06 04 01 23 | 11
#1354-d128 @A: 23 26 21 01 | 08
#1355-d128 @A: 24 28 08 07 | 02
#1356-d128 @A: 28 31 16 07 | 01
#1357-d128 @A: 17 33 19 28 | 12
#1358-d128 @A: 27 10 28 19 | 03
#1359-d128 @A: 26 35 28 27 | 06
#1360-d128 @A: 12 28 11 31 | 09
#1361-d128 @A: 22 29 28 19 | 07
#1362-d128 @A: 33 08 21 28 | 04
#1363-d128 @A: 22 28 35 08 | 10
#1364-d128 @A: 20 23 19 28 | 05
#1365-d128 @A: 11 28 21 19 | 11
#1366-d128 @A: 35 07 17 02 | 08
#1367-d128 @A: 16 07 13 17 | 02
#1368-d128 @A: 06 16 07 04 | 01
#1369-d128 @A: 07 35 19 20 | 12
#1370-d128 @A: 07 25 20 06 | 03
#1371-d128 @A: 21 20 07 22 | 06
#1372-d128 @A: 25 07 09 35 | 09
#1373-d128 @A: 25 17 24 23 | 07
#1374-d128 @A: 16 17 23 29 | 04
#1375-d128 @A: 20 16 17 04 | 10
#1376-d128 @A: 19 17 23 22 | 05
#1377-d128 @A: 22 17 11 04 | 11
#1378-d128 @A: 17 22 35 06 | 08
#1379-d128 @A: 10 02 06 33 | 02
#1380-d128 @A: 10 19 13 02 | 01
#1381-d128 @A: 02 20 35 16 | 12
#1382-d128 @A: 25 02 08 33 | 03
#1383-d128 @A: 25 13 11 02 | 06
#1384-d128 @A: 31 22 10 27 | 09
#1385-d128 @A: 20 27 23 06 | 07
#1386-d128 @A: 24 16 30 10 | 04
#1387-d128 @A: 29 30 20 26 | 10
#1388-d128 @A: 08 35 30 04 | 05
#1389-d128 @A: 06 08 30 26 | 11
#1390-d128 @A: 06 22 30 13 | 08
#1391-d128 @A: 12 10 04 31 | 02
#1392-d128 @A: 22 35 16 12 | 01
#1393-d128 @A: 12 13 09 08 | 12
#1394-d128 @A: 12 13 22 19 | 03
#1395-d128 @A: 29 10 35 31 | 06
#1396-d128 @A: 33 08 20 10 | 09
#1397-d128 @A: 10 11 25 33 | 07
#1398-d128 @A: 26 08 10 09 | 04
#1399-d128 @A: 33 19 29 24 | 10
#1400-d128 @A: 06 19 35 31 | 05
#1401-d128 @A: 31 06 25 04 | 11
#1402-d128 @A: 16 11 04 09 | 08
#1403-d128 @A: 09 19 25 11 | 02
#1404-d128 @A: 34 21 05 07 | 01
#1405-d128 @A: 12 34 05 25 | 12
#1406-d128 @A: 31 34 22 05 | 03
#1407-d128 @A: 05 03 09 26 | 06
#1408-d128 @A: 08 32 30 05 | 09
#1409-d128 @A: 13 15 05 30 | 07
#1410-d128 @A: 24 01 05 23 | 04
#1411-d128 @A: 17 28 05 23 | 10
#1412-d128 @A: 05 33 07 27 | 05
#1413-d128 @A: 17 05 30 21 | 11
#1414-d128 @A: 17 11 33 05 | 08
#1415-d128 @A: 06 13 05 17 | 02
#1416-d128 @A: 24 35 05 29 | 01
#1417-d128 @A: 22 29 05 06 | 12
#1418-d128 @A: 09 05 04 20 | 03
#1419-d128 @A: 03 21 15 34 | 06
#1420-d128 @A: 28 34 33 03 | 09
#1421-d128 @A: 15 14 34 27 | 07
#1422-d128 @A: 14 34 08 28 | 04
#1423-d128 @A: 14 35 31 34 | 10
#1424-d128 @A: 32 34 01 29 | 05
#1425-d128 @A: 34 02 08 32 | 11
#1426-d128 @A: 35 27 32 34 | 08
#1427-d128 @A: 32 06 34 24 | 02
#1428-d128 @A: 30 29 34 15 | 01
#1429-d128 @A: 15 19 06 34 | 12
#1430-d128 @A: 34 25 01 18 | 03
#1431-d128 @A: 34 28 24 25 | 06
#1432-d128 @A: 23 34 28 22 | 09
#1433-d128 @A: 34 31 13 07 | 07
#1434-d128 @A: 27 34 30 16 | 04
#1435-d128 @A: 27 10 34 04 | 10
#1436-d128 @A: 08 30 31 34 | 05
#1437-d128 @A: 34 24 10 19 | 11
#1438-d128 @A: 34 33 26 10 | 08
#1439-d128 @A: 35 34 29 21 | 02
#1440-d128 @A: 19 34 08 04 | 01
#1441-d128 @A: 34 06 22 04 | 12
#1442-d128 @A: 06 34 25 11 | 03
#1443-d128 @A: 03 27 14 11 | 06
#1444-d128 @A: 07 03 21 18 | 09
#1445-d128 @A: 01 03 25 35 | 07
#1446-d128 @A: 02 28 23 03 | 04
#1447-d128 @A: 06 03 31 17 | 10
#1448-d128 @A: 25 03 20 27 | 05
#1449-d128 @A: 09 30 03 31 | 11
#1450-d128 @A: 13 31 03 12 | 08
#1451-d128 @A: 03 11 24 10 | 02
#1452-d128 @A: 25 29 03 08 | 01
#1453-d128 @A: 33 35 03 23 | 12
#1454-d128 @A: 04 03 08 23 | 03
#1455-d128 @A: 08 06 11 03 | 06
#1456-d128 @A: 21 11 23 03 | 09
#1457-d128 @A: 21 03 25 13 | 07
#1458-d128 @A: 32 08 12 14 | 04
#1459-d128 @A: 24 14 06 15 | 10
#1460-d128 @A: 15 09 19 14 | 05
#1461-d128 @A: 14 30 19 18 | 11
#1462-d128 @A: 14 31 07 33 | 08
#1463-d128 @A: 14 12 17 23 | 02
#1464-d128 @A: 04 24 14 02 | 01
#1465-d128 @A: 16 13 23 14 | 12
#1466-d128 @A: 20 14 19 06 | 03
#1467-d128 @A: 26 15 32 30 | 06
#1468-d128 @A: 29 18 32 31 | 09
#1469-d128 @A: 01 24 11 32 | 07
#1470-d128 @A: 01 35 32 13 | 04
#1471-d128 @A: 25 10 28 32 | 10
#1472-d128 @A: 12 32 06 17 | 05
#1473-d128 @A: 32 31 35 12 | 11
#1474-d128 @A: 32 16 12 21 | 08
#1475-d128 @A: 32 23 16 22 | 02
#1476-d128 @A: 21 15 18 27 | 01
#1477-d128 @A: 04 15 28 12 | 12
#1478-d128 @A: 08 15 17 09 | 03
#1479-d128 @A: 11 15 09 27 | 06
#1480-d128 @A: 16 15 12 11 | 09
#1481-d128 @A: 29 15 25 21 | 07
#1482-d128 @A: 22 15 35 19 | 04
#1483-d128 @A: 26 35 15 11 | 10
#1484-d128 @A: 01 18 27 20 | 05
#1485-d128 @A: 18 01 10 06 | 11
#1486-d128 @A: 10 25 18 19 | 08
#1487-d128 @A: 22 06 16 18 | 02
#1488-d128 @A: 18 23 11 22 | 01
#1489-d128 @A: 28 21 07 01 | 12
#1490-d128 @A: 28 24 35 01 | 03
#1491-d128 @A: 01 09 25 07 | 06
#1492-d128 @A: 21 17 01 12 | 09
#1493-d128 @A: 02 01 24 19 | 07
#1494-d128 @A: 02 01 29 13 | 04
#1495-d128 @A: 24 12 04 01 | 10
#1496-d128 @A: 01 09 21 12 | 05
#1497-d128 @A: 10 01 31 25 | 11
#1498-d128 @A: 16 10 09 01 | 08
#1499-d128 @A: 16 25 11 01 | 02
#1500-d128 @A: 01 08 33 11 | 01
#1501-d128 @A: 11 02 28 27 | 12
#1502-d128 @A: 22 28 12 02 | 03
#1503-d128 @A: 35 19 30 28 | 06
#1504-d128 @A: 28 10 29 24 | 09
#1505-d128 @A: 16 25 28 23 | 07
#1506-d128 @A: 28 26 20 08 | 04
#1507-d128 @A: 26 07 24 17 | 10
#1508-d128 @A: 16 10 02 07 | 05
#1509-d128 @A: 11 27 12 07 | 11
#1510-d128 @A: 07 25 24 10 | 08
#1511-d128 @A: 22 07 25 16 | 02
#1512-d128 @A: 09 07 33 20 | 01
#1513-d128 @A: 16 17 02 27 | 12
#1514-d128 @A: 09 04 27 17 | 03
#1515-d128 @A: 04 17 35 25 | 06
#1516-d128 @A: 25 21 24 02 | 09
#1517-d128 @A: 11 16 02 06 | 07
#1518-d128 @A: 02 22 19 25 | 04
#1519-d128 @A: 13 02 20 23 | 10
#1520-d128 @A: 23 02 35 04 | 05
#1521-d128 @A: 12 27 13 24 | 11
#1522-d128 @A: 09 12 27 16 | 08
#1523-d128 @A: 16 27 33 04 | 02
#1524-d128 @A: 06 08 33 27 | 01
#1525-d128 @A: 11 27 26 08 | 12
#1526-d128 @A: 20 21 27 13 | 03
#1527-d128 @A: 23 04 11 27 | 06
#1528-d128 @A: 29 13 21 30 | 09
#1529-d128 @A: 13 16 30 04 | 07
#1530-d128 @A: 30 11 35 23 | 04
#1531-d128 @A: 12 26 06 24 | 10
#1532-d128 @A: 20 23 12 33 | 05
#1533-d128 @A: 13 21 12 35 | 11
#1534-d128 @A: 33 10 04 09 | 08
#1535-d128 @A: 09 35 10 19 | 02
#1536-d128 @A: 04 10 25 23 | 01
#1537-d128 @A: 06 11 10 35 | 12
#1538-d128 @A: 35 13 26 10 | 03
#1539-d128 @A: 23 24 08 16 | 06
#1540-d128 @A: 16 19 24 20 | 09
#1541-d128 @A: 24 26 19 21 | 07
#1542-d128 @A: 20 25 08 31 | 04
#1543-d128 @A: 35 08 21 31 | 10
#1544-d128 @A: 09 06 31 25 | 05
#1545-d128 @A: 22 31 13 25 | 11
#1546-d128 @A: 05 06 34 01 | 08
#1547-d128 @A: 20 10 03 05 | 02
#1548-d128 @A: 14 19 15 05 | 01
#1549-d128 @A: 27 13 14 05 | 12
#1550-d128 @A: 18 28 04 05 | 03
#1551-d128 @A: 05 29 01 07 | 06
#1552-d128 @A: 22 11 05 28 | 09
#1553-d128 @A: 24 17 05 08 | 07
#1554-d128 @A: 12 13 02 05 | 04
#1555-d128 @A: 26 20 05 02 | 10
#1556-d128 @A: 12 05 10 16 | 05
#1557-d128 @A: 05 16 06 23 | 11
#1558-d128 @A: 05 06 04 08 | 08
#1559-d128 @A: 07 34 06 03 | 02
#1560-d128 @A: 11 24 14 34 | 01
#1561-d128 @A: 15 34 25 32 | 12
#1562-d128 @A: 34 15 18 04 | 03
#1563-d128 @A: 34 33 27 18 | 06
#1564-d128 @A: 09 34 01 02 | 09
#1565-d128 @A: 13 27 01 34 | 07
#1566-d128 @A: 34 17 22 07 | 04
#1567-d128 @A: 07 34 30 10 | 10
#1568-d128 @A: 23 07 26 34 | 05
#1569-d128 @A: 12 17 34 29 | 11
#1570-d128 @A: 22 24 34 27 | 08
#1571-d128 @A: 30 08 34 09 | 02
#1572-d128 @A: 03 02 21 14 | 01
#1573-d128 @A: 15 13 01 03 | 12
#1574-d128 @A: 03 09 18 16 | 03
#1575-d128 @A: 30 03 01 12 | 06
#1576-d128 @A: 17 03 28 29 | 09
#1577-d128 @A: 33 17 10 03 | 07
#1578-d128 @A: 12 08 24 03 | 04
#1579-d128 @A: 11 12 20 03 | 10
#1580-d128 @A: 03 21 16 08 | 05
#1581-d128 @A: 03 08 04 09 | 11
#1582-d128 @A: 20 14 32 15 | 08
#1583-d128 @A: 15 16 02 14 | 02
#1584-d128 @A: 14 35 17 18 | 01
#1585-d128 @A: 14 31 11 18 | 12
#1586-d128 @A: 14 30 21 28 | 03
#1587-d128 @A: 31 14 28 06 | 06
#1588-d128 @A: 07 02 14 25 | 09
#1589-d128 @A: 29 14 10 02 | 07
#1590-d128 @A: 26 27 14 10 | 04
#1591-d128 @A: 27 14 20 16 | 10
#1592-d128 @A: 12 14 20 24 | 05
#1593-d128 @A: 13 14 11 08 | 11
#1594-d128 @A: 21 19 25 14 | 08
#1595-d128 @A: 24 15 32 16 | 02
#1596-d128 @A: 09 32 04 18 | 01
#1597-d128 @A: 02 28 29 32 | 12
#1598-d128 @A: 12 32 26 07 | 03
#1599-d128 @A: 02 20 33 32 | 06
#1600-d128 @A: 10 32 16 27 | 09
#1601-d128 @A: 26 27 04 32 | 07
#1602-d128 @A: 12 23 32 24 | 04
#1603-d128 @A: 10 06 31 32 | 10
#1604-d128 @A: 11 29 33 32 | 05
#1605-d128 @A: 06 32 22 33 | 11
#1606-d128 @A: 09 25 21 32 | 08
#1607-d128 @A: 28 20 18 15 | 02
#1608-d128 @A: 17 02 15 18 | 01
#1609-d128 @A: 28 15 01 33 | 12
#1610-d128 @A: 28 15 22 07 | 03
#1611-d128 @A: 07 10 21 15 | 06
#1612-d128 @A: 09 15 16 07 | 09
#1613-d128 @A: 33 30 15 17 | 07
#1614-d128 @A: 27 16 31 15 | 04
#1615-d128 @A: 15 10 20 35 | 10
#1616-d128 @A: 21 09 15 29 | 05
#1617-d128 @A: 15 29 23 35 | 11
#1618-d128 @A: 13 16 15 33 | 08
#1619-d128 @A: 20 22 33 15 | 02
#1620-d128 @A: 15 08 21 26 | 01
#1621-d128 @A: 13 15 26 20 | 12
#1622-d128 @A: 22 15 25 09 | 03
#1623-d128 @A: 01 12 13 18 | 06
#1624-d128 @A: 18 28 12 29 | 09
#1625-d128 @A: 18 27 07 09 | 07
#1626-d128 @A: 09 18 17 19 | 04
#1627-d128 @A: 17 23 18 04 | 10
#1628-d128 @A: 31 02 18 16 | 05
#1629-d128 @A: 10 23 18 31 | 11
#1630-d128 @A: 16 29 18 25 | 08
#1631-d128 @A: 22 29 18 26 | 02
#1632-d128 @A: 20 09 08 18 | 01
#1633-d128 @A: 18 23 06 19 | 12
#1634-d128 @A: 26 13 18 23 | 03
#1635-d128 @A: 07 16 24 01 | 06
#1636-d128 @A: 01 24 30 26 | 09
#1637-d128 @A: 01 12 31 29 | 07
#1638-d128 @A: 04 33 10 01 | 04
#1639-d128 @A: 29 11 01 21 | 10
#1640-d128 @A: 20 01 33 21 | 05
#1641-d128 @A: 19 01 06 08 | 11
#1642-d128 @A: 11 20 23 01 | 08
#1643-d128 @A: 28 17 07 30 | 02
#1644-d128 @A: 13 28 22 17 | 01
#1645-d128 @A: 30 28 02 16 | 12
#1646-d128 @A: 09 10 02 28 | 03
#1647-d128 @A: 31 19 02 28 | 06
#1648-d128 @A: 27 28 33 31 | 09
#1649-d128 @A: 28 06 10 04 | 07
#1650-d128 @A: 04 28 16 21 | 04
#1651-d128 @A: 31 07 27 19 | 10
#1652-d128 @A: 29 13 06 07 | 05
#1653-d128 @A: 07 22 23 04 | 11
#1654-d128 @A: 19 12 17 10 | 08
#1655-d128 @A: 10 17 12 09 | 02
#1656-d128 @A: 29 04 17 21 | 01
#1657-d128 @A: 17 21 16 25 | 12
#1658-d128 @A: 35 17 21 33 | 03
#1659-d128 @A: 23 17 13 33 | 06
#1660-d128 @A: 08 20 17 22 | 09
#1661-d128 @A: 19 17 09 20 | 07
#1662-d128 @A: 26 17 19 35 | 04
#1663-d128 @A: 26 06 21 17 | 10
#1664-d128 @A: 17 11 23 06 | 05
#1665-d128 @A: 02 08 29 30 | 11
#1666-d128 @A: 33 02 21 13 | 08
#1667-d128 @A: 22 06 02 20 | 02
#1668-d128 @A: 33 27 29 12 | 01
#1669-d128 @A: 19 08 22 27 | 12
#1670-d128 @A: 29 10 12 30 | 03
#1671-d128 @A: 30 31 13 33 | 06
#1672-d128 @A: 20 33 16 30 | 09
#1673-d128 @A: 26 23 04 30 | 07
#1674-d128 @A: 31 08 26 12 | 04
#1675-d128 @A: 21 29 26 12 | 10
#1676-d128 @A: 29 12 09 11 | 05
#1677-d128 @A: 11 08 12 23 | 11
#1678-d128 @A: 26 20 12 35 | 08
#1679-d128 @A: 06 23 12 21 | 02
#1680-d128 @A: 10 21 29 16 | 01
#1681-d128 @A: 08 11 10 29 | 12
#1682-d128 @A: 20 10 29 23 | 03
#1683-d128 @A: 19 16 11 10 | 06
#1684-d128 @A: 22 20 24 23 | 09
#1685-d128 @A: 16 33 35 31 | 07
#1686-d128 @A: 13 31 16 08 | 04
#1687-d128 @A: 23 22 08 31 | 10
#1688-d128 @A: 29 26 22 09 | 05
#1689-d128 @A: 20 06 22 09 | 11
