#0001-d261 @A: 21 20 35 14 | 03
#0002-d261 @A: 20 30 19 12 | 01
#0003-d261 @A: 19 01 20 31 | 07
#0004-d261 @A: 08 31 14 20 | 09
#0005-d261 @A: 20 31 16 07 | 08
#0006-d261 @A: 34 22 20 29 | 06
#0007-d261 @A: 30 20 10 29 | 04
#0008-d261 @A: 30 28 20 04 | 10
#0009-d261 @A: 03 13 10 20 | 02
#0010-d261 @A: 20 11 18 14 | 12
#0011-d261 @A: 28 14 13 20 | 05
#0012-d261 @A: 18 21 22 20 | 11
#0013-d261 @A: 12 27 35 17 | 03
#0014-d261 @A: 12 26 35 11 | 01
#0015-d261 @A: 35 34 17 05 | 07
#0016-d261 @A: 25 35 17 14 | 09
#0017-d261 @A: 35 17 08 16 | 08
#0018-d261 @A: 31 35 19 23 | 06
#0019-d261 @A: 35 14 29 31 | 04
#0020-d261 @A: 08 33 06 35 | 10
#0021-d261 @A: 35 27 07 25 | 02
#0022-d261 @A: 05 32 07 35 | 12
#0023-d261 @A: 13 06 05 35 | 05
#0024-d261 @A: 10 22 18 35 | 11
#0025-d261 @A: 35 22 03 02 | 03
#0026-d261 @A: 16 09 35 06 | 01
#0027-d261 @A: 12 11 31 34 | 07
#0028-d261 @A: 12 21 23 01 | 09
#0029-d261 @A: 30 12 09 01 | 08
#0030-d261 @A: 24 12 34 32 | 06
#0031-d261 @A: 19 29 24 12 | 04
#0032-d261 @A: 24 07 02 12 | 10
#0033-d261 @A: 27 28 24 12 | 02
#0034-d261 @A: 07 12 21 29 | 12
#0035-d261 @A: 04 12 06 07 | 05
#0036-d261 @A: 22 03 12 18 | 11
#0037-d261 @A: 12 14 09 11 | 03
#0038-d261 @A: 06 13 14 12 | 01
#0039-d261 @A: 06 19 11 12 | 07
#0040-d261 @A: 02 12 06 18 | 09
#0041-d261 @A: 12 18 32 15 | 08
#0042-d261 @A: 22 12 13 32 | 06
#0043-d261 @A: 23 09 01 17 | 04
#0044-d261 @A: 24 01 17 15 | 10
#0045-d261 @A: 33 17 19 04 | 02
#0046-d261 @A: 29 02 24 17 | 12
#0047-d261 @A: 26 22 17 30 | 05
#0048-d261 @A: 17 08 09 07 | 11
#0049-d261 @A: 28 08 17 13 | 03
#0050-d261 @A: 14 28 17 10 | 01
#0051-d261 @A: 03 09 11 17 | 07
#0052-d261 @A: 02 03 17 32 | 09
#0053-d261 @A: 31 33 01 22 | 08
#0054-d261 @A: 31 01 34 15 | 06
#0055-d261 @A: 01 31 04 29 | 04
#0056-d261 @A: 09 31 33 16 | 10
#0057-d261 @A: 27 25 31 29 | 02
#0058-d261 @A: 25 07 18 31 | 12
#0059-d261 @A: 04 23 31 09 | 05
#0060-d261 @A: 07 31 30 23 | 11
#0061-d261 @A: 09 31 21 10 | 03
#0062-d261 @A: 28 13 31 32 | 01
#0063-d261 @A: 16 32 33 01 | 07
#0064-d261 @A: 05 01 23 15 | 09
#0065-d261 @A: 19 07 01 24 | 08
#0066-d261 @A: 01 26 11 08 | 06
#0067-d261 @A: 13 01 07 04 | 04
#0068-d261 @A: 19 10 01 18 | 10
#0069-d261 @A: 03 01 13 21 | 02
#0070-d261 @A: 01 03 15 02 | 12
#0071-d261 @A: 01 03 09 18 | 05
#0072-d261 @A: 19 14 16 01 | 11
#0073-d261 @A: 16 01 11 06 | 03
#0074-d261 @A: 23 34 09 33 | 01
#0075-d261 @A: 26 34 21 33 | 07
#0076-d261 @A: 34 33 08 18 | 09
#0077-d261 @A: 27 08 33 26 | 08
#0078-d261 @A: 33 10 04 26 | 06
#0079-d261 @A: 09 33 05 08 | 04
#0080-d261 @A: 15 07 33 04 | 10
#0081-d261 @A: 07 33 21 19 | 02
#0082-d261 @A: 18 33 14 03 | 12
#0083-d261 @A: 16 03 33 21 | 05
#0084-d261 @A: 21 33 02 09 | 11
#0085-d261 @A: 33 16 19 15 | 03
#0086-d261 @A: 04 34 23 02 | 01
#0087-d261 @A: 11 30 34 29 | 07
#0088-d261 @A: 34 15 10 26 | 09
#0089-d261 @A: 04 21 11 34 | 08
#0090-d261 @A: 34 05 07 16 | 06
#0091-d261 @A: 19 13 10 34 | 04
#0092-d261 @A: 09 21 19 34 | 10
#0093-d261 @A: 28 02 32 34 | 02
#0094-d261 @A: 03 04 25 23 | 12
#0095-d261 @A: 23 14 25 30 | 05
#0096-d261 @A: 24 09 25 07 | 11
#0097-d261 @A: 05 28 29 25 | 03
#0098-d261 @A: 29 11 25 07 | 01
#0099-d261 @A: 28 25 30 08 | 07
#0100-d261 @A: 27 14 25 06 | 09
#0101-d261 @A: 15 13 02 25 | 08
#0102-d261 @A: 25 18 02 09 | 06
#0103-d261 @A: 24 23 09 30 | 04
#0104-d261 @A: 23 05 26 27 | 10
#0105-d261 @A: 18 23 08 15 | 02
#0106-d261 @A: 04 06 23 05 | 12
#0107-d261 @A: 13 10 16 23 | 05
#0108-d261 @A: 23 21 32 03 | 11
#0109-d261 @A: 23 02 14 15 | 03
#0110-d261 @A: 13 06 23 32 | 01
#0111-d261 @A: 05 02 10 24 | 07
#0112-d261 @A: 16 24 06 27 | 09
#0113-d261 @A: 03 18 24 06 | 08
#0114-d261 @A: 09 11 24 22 | 06
#0115-d261 @A: 24 02 18 32 | 04
#0116-d261 @A: 16 26 08 29 | 10
#0117-d261 @A: 30 29 08 21 | 02
#0118-d261 @A: 27 11 02 29 | 12
#0119-d261 @A: 32 10 29 02 | 05
#0120-d261 @A: 26 03 15 11 | 11
#0121-d261 @A: 19 26 21 11 | 03
#0122-d261 @A: 16 11 18 26 | 01
#0123-d261 @A: 32 08 09 03 | 07
#0124-d261 @A: 09 08 14 02 | 09
#0125-d261 @A: 08 22 15 09 | 08
#0126-d261 @A: 06 14 02 04 | 06
#0127-d261 @A: 28 06 14 04 | 04
#0128-d261 @A: 11 04 19 15 | 10
#0129-d261 @A: 04 13 16 15 | 02
#0130-d261 @A: 21 05 18 27 | 12
#0131-d261 @A: 10 22 05 19 | 05
#0132-d261 @A: 03 32 05 16 | 11
#0133-d261 @A: 22 28 11 05 | 03
#0134-d261 @A: 15 16 05 22 | 01
#0135-d261 @A: 14 21 30 02 | 07
#0136-d261 @A: 02 19 30 06 | 09
#0137-d261 @A: 15 10 13 07 | 08
#0138-d261 @A: 32 15 03 07 | 06
#0139-d261 @A: 22 19 06 07 | 04
#0140-d261 @A: 22 19 28 13 | 10
#0141-d261 @A: 23 15 20 35 | 02
#0142-d261 @A: 12 20 25 06 | 12
#0143-d261 @A: 17 34 03 20 | 05
#0144-d261 @A: 17 20 30 13 | 11
#0145-d261 @A: 07 17 21 20 | 03
#0146-d261 @A: 31 20 26 28 | 01
#0147-d261 @A: 20 01 34 13 | 07
#0148-d261 @A: 01 03 16 20 | 09
#0149-d261 @A: 27 23 34 20 | 08
#0150-d261 @A: 05 20 34 15 | 06
#0151-d261 @A: 25 03 08 20 | 04
#0152-d261 @A: 24 20 14 30 | 10
#0153-d261 @A: 06 24 20 02 | 02
#0154-d261 @A: 20 26 18 29 | 12
#0155-d261 @A: 20 15 29 07 | 05
#0156-d261 @A: 06 16 20 05 | 11
#0157-d261 @A: 22 06 20 03 | 03
#0158-d261 @A: 06 14 20 15 | 01
#0159-d261 @A: 19 20 22 13 | 07
#0160-d261 @A: 35 18 30 12 | 09
#0161-d261 @A: 01 22 34 35 | 08
#0162-d261 @A: 33 29 35 25 | 06
#0163-d261 @A: 28 33 27 35 | 04
#0164-d261 @A: 34 23 32 35 | 10
#0165-d261 @A: 34 29 35 28 | 02
#0166-d261 @A: 35 08 34 13 | 12
#0167-d261 @A: 10 08 35 26 | 05
#0168-d261 @A: 27 22 35 15 | 11
#0169-d261 @A: 19 14 11 35 | 03
#0170-d261 @A: 18 11 35 28 | 01
#0171-d261 @A: 13 02 19 35 | 07
#0172-d261 @A: 17 08 31 12 | 09
#0173-d261 @A: 01 17 12 13 | 08
#0174-d261 @A: 25 16 17 12 | 06
#0175-d261 @A: 25 01 12 02 | 04
#0176-d261 @A: 07 27 01 12 | 10
#0177-d261 @A: 12 33 08 19 | 02
#0178-d261 @A: 04 02 33 12 | 12
#0179-d261 @A: 29 12 25 18 | 05
#0180-d261 @A: 22 07 25 12 | 11
#0181-d261 @A: 23 12 29 06 | 03
#0182-d261 @A: 02 26 05 12 | 01
#0183-d261 @A: 14 12 30 04 | 07
#0184-d261 @A: 27 15 03 12 | 09
#0185-d261 @A: 03 09 02 12 | 08
#0186-d261 @A: 12 14 21 22 | 06
#0187-d261 @A: 31 15 30 17 | 04
#0188-d261 @A: 32 34 01 17 | 10
#0189-d261 @A: 17 01 29 10 | 02
#0190-d261 @A: 29 17 33 09 | 12
#0191-d261 @A: 17 33 05 28 | 05
#0192-d261 @A: 25 04 17 11 | 11
#0193-d261 @A: 32 17 18 23 | 03
#0194-d261 @A: 17 06 24 21 | 01
#0195-d261 @A: 05 26 09 17 | 07
#0196-d261 @A: 08 17 02 22 | 09
#0197-d261 @A: 17 07 04 10 | 08
#0198-d261 @A: 14 17 30 09 | 06
#0199-d261 @A: 31 30 33 06 | 04
#0200-d261 @A: 31 34 25 14 | 10
#0201-d261 @A: 31 13 11 23 | 02
#0202-d261 @A: 31 02 04 24 | 12
#0203-d261 @A: 05 30 19 31 | 05
#0204-d261 @A: 06 27 31 10 | 11
#0205-d261 @A: 31 18 27 14 | 03
#0206-d261 @A: 21 06 14 31 | 01
#0207-d261 @A: 13 14 31 32 | 07
#0208-d261 @A: 16 18 32 31 | 09
#0209-d261 @A: 13 01 08 33 | 08
#0210-d261 @A: 01 04 18 33 | 06
#0211-d261 @A: 29 15 25 01 | 04
#0212-d261 @A: 18 01 06 25 | 10
#0213-d261 @A: 01 24 32 26 | 02
#0214-d261 @A: 06 26 05 01 | 12
#0215-d261 @A: 01 04 02 28 | 05
#0216-d261 @A: 30 01 05 07 | 11
#0217-d261 @A: 16 10 22 01 | 03
#0218-d261 @A: 09 32 22 01 | 01
#0219-d261 @A: 33 34 15 30 | 07
#0220-d261 @A: 25 26 18 33 | 09
#0221-d261 @A: 08 10 33 24 | 08
#0222-d261 @A: 03 32 10 33 | 06
#0223-d261 @A: 13 11 33 19 | 04
#0224-d261 @A: 13 26 25 34 | 10
#0225-d261 @A: 23 34 30 10 | 02
#0226-d261 @A: 27 34 02 10 | 12
#0227-d261 @A: 34 14 03 32 | 05
#0228-d261 @A: 10 23 25 07 | 11
#0229-d261 @A: 24 06 25 13 | 03
#0230-d261 @A: 21 25 26 28 | 01
#0231-d261 @A: 19 07 08 25 | 07
#0232-d261 @A: 25 05 21 07 | 09
#0233-d261 @A: 05 14 25 10 | 08
#0234-d261 @A: 29 23 24 22 | 06
#0235-d261 @A: 11 29 08 23 | 04
#0236-d261 @A: 23 27 29 07 | 10
#0237-d261 @A: 07 26 11 23 | 02
#0238-d261 @A: 23 09 21 26 | 12
#0239-d261 @A: 30 08 19 23 | 05
#0240-d261 @A: 23 21 10 04 | 11
#0241-d261 @A: 27 19 23 09 | 03
#0242-d261 @A: 29 19 32 04 | 01
#0243-d261 @A: 30 29 16 15 | 07
#0244-d261 @A: 03 29 10 11 | 09
#0245-d261 @A: 14 13 10 29 | 08
#0246-d261 @A: 29 19 09 03 | 06
#0247-d261 @A: 02 29 15 19 | 04
#0248-d261 @A: 10 04 28 26 | 10
#0249-d261 @A: 32 06 07 26 | 02
#0250-d261 @A: 05 04 08 27 | 12
#0251-d261 @A: 13 05 15 08 | 05
#0252-d261 @A: 13 03 08 14 | 11
#0253-d261 @A: 11 13 08 09 | 03
#0254-d261 @A: 04 05 19 07 | 01
#0255-d261 @A: 21 18 04 03 | 07
#0256-d261 @A: 03 04 28 16 | 09
#0257-d261 @A: 22 04 16 14 | 08
#0258-d261 @A: 14 05 32 27 | 06
#0259-d261 @A: 32 05 06 18 | 04
#0260-d261 @A: 06 13 27 30 | 10
#0261-d261 @A: 21 10 11 30 | 02
#0262-d261 @A: 19 22 30 11 | 12
#0263-d261 @A: 19 30 09 13 | 05
#0264-d261 @A: 03 22 10 07 | 11
#0265-d261 @A: 19 10 28 32 | 03
#0266-d261 @A: 05 20 35 27 | 01
#0267-d261 @A: 20 27 04 12 | 07
#0268-d261 @A: 31 34 20 09 | 09
#0269-d261 @A: 24 20 31 10 | 08
#0270-d261 @A: 31 20 26 27 | 06
#0271-d261 @A: 18 33 23 20 | 04
#0272-d261 @A: 20 33 27 24 | 10
#0273-d261 @A: 24 19 34 20 | 02
#0274-d261 @A: 08 20 29 32 | 12
#0275-d261 @A: 20 08 22 04 | 05
#0276-d261 @A: 19 09 05 20 | 11
#0277-d261 @A: 28 21 20 19 | 03
#0278-d261 @A: 22 28 18 20 | 01
#0279-d261 @A: 32 12 33 35 | 07
#0280-d261 @A: 35 03 17 24 | 09
#0281-d261 @A: 17 29 11 35 | 08
#0282-d261 @A: 31 26 35 22 | 06
#0283-d261 @A: 04 35 31 13 | 04
#0284-d261 @A: 35 05 31 18 | 10
#0285-d261 @A: 35 33 19 01 | 02
#0286-d261 @A: 35 06 30 01 | 12
#0287-d261 @A: 09 35 24 34 | 05
#0288-d261 @A: 03 29 23 35 | 11
#0289-d261 @A: 29 27 35 26 | 03
#0290-d261 @A: 16 35 10 29 | 01
#0291-d261 @A: 04 35 26 14 | 07
#0292-d261 @A: 35 03 04 15 | 09
#0293-d261 @A: 03 35 27 13 | 08
#0294-d261 @A: 32 35 03 19 | 06
#0295-d261 @A: 14 35 18 06 | 04
#0296-d261 @A: 12 26 32 17 | 10
#0297-d261 @A: 32 31 12 01 | 02
#0298-d261 @A: 31 12 30 13 | 12
#0299-d261 @A: 12 08 25 32 | 05
#0300-d261 @A: 05 03 24 12 | 11
#0301-d261 @A: 09 12 29 08 | 03
#0302-d261 @A: 19 07 26 12 | 01
#0303-d261 @A: 21 12 16 26 | 07
#0304-d261 @A: 12 32 05 28 | 09
#0305-d261 @A: 27 10 13 12 | 08
#0306-d261 @A: 02 12 21 15 | 06
#0307-d261 @A: 15 28 12 18 | 04
#0308-d261 @A: 17 24 27 31 | 10
#0309-d261 @A: 31 17 05 22 | 02
#0310-d261 @A: 17 33 21 23 | 12
#0311-d261 @A: 17 33 02 26 | 05
#0312-d261 @A: 29 19 30 17 | 11
#0313-d261 @A: 27 26 07 17 | 03
#0314-d261 @A: 13 17 08 10 | 01
#0315-d261 @A: 28 19 17 16 | 07
#0316-d261 @A: 24 01 31 14 | 09
#0317-d261 @A: 30 31 01 10 | 08
#0318-d261 @A: 33 29 31 11 | 06
#0319-d261 @A: 25 02 31 23 | 04
#0320-d261 @A: 21 31 30 24 | 10
#0321-d261 @A: 31 14 11 30 | 02
#0322-d261 @A: 32 31 03 27 | 12
#0323-d261 @A: 31 22 32 10 | 05
#0324-d261 @A: 09 03 31 14 | 11
#0325-d261 @A: 22 31 14 02 | 03
#0326-d261 @A: 32 21 31 19 | 01
#0327-d261 @A: 03 01 08 24 | 07
#0328-d261 @A: 27 01 09 24 | 09
#0329-d261 @A: 26 07 10 01 | 08
#0330-d261 @A: 01 04 15 08 | 06
#0331-d261 @A: 05 02 04 01 | 04
#0332-d261 @A: 05 13 14 01 | 10
#0333-d261 @A: 02 14 01 10 | 02
#0334-d261 @A: 15 01 18 13 | 12
#0335-d261 @A: 04 33 06 34 | 05
#0336-d261 @A: 34 03 33 07 | 11
#0337-d261 @A: 34 33 28 18 | 03
#0338-d261 @A: 24 23 33 02 | 01
#0339-d261 @A: 03 23 33 05 | 07
#0340-d261 @A: 23 07 14 33 | 09
#0341-d261 @A: 30 33 29 18 | 08
#0342-d261 @A: 16 26 07 33 | 06
#0343-d261 @A: 05 14 04 33 | 04
#0344-d261 @A: 33 28 07 04 | 10
#0345-d261 @A: 05 07 33 18 | 02
#0346-d261 @A: 22 27 19 33 | 12
#0347-d261 @A: 06 33 27 32 | 05
#0348-d261 @A: 02 10 33 13 | 11
#0349-d261 @A: 33 21 32 11 | 03
#0350-d261 @A: 11 18 02 33 | 01
#0351-d261 @A: 28 02 09 33 | 07
#0352-d261 @A: 33 06 09 18 | 09
#0353-d261 @A: 28 34 16 23 | 08
#0354-d261 @A: 34 03 08 29 | 06
#0355-d261 @A: 34 29 16 04 | 04
#0356-d261 @A: 15 14 34 08 | 10
#0357-d261 @A: 28 06 08 34 | 02
#0358-d261 @A: 06 10 34 05 | 12
#0359-d261 @A: 11 15 34 22 | 05
#0360-d261 @A: 19 16 06 34 | 11
#0361-d261 @A: 18 15 09 34 | 03
#0362-d261 @A: 06 30 29 25 | 01
#0363-d261 @A: 25 29 19 14 | 07
#0364-d261 @A: 25 08 26 02 | 09
#0365-d261 @A: 19 26 25 30 | 08
#0366-d261 @A: 30 25 13 08 | 06
#0367-d261 @A: 22 08 11 25 | 04
#0368-d261 @A: 21 03 02 25 | 10
#0369-d261 @A: 03 25 16 06 | 02
#0370-d261 @A: 30 32 23 29 | 12
#0371-d261 @A: 08 07 23 21 | 05
#0372-d261 @A: 26 27 24 30 | 11
#0373-d261 @A: 24 13 15 26 | 03
#0374-d261 @A: 30 13 05 24 | 01
#0375-d261 @A: 28 13 10 24 | 07
#0376-d261 @A: 18 13 24 11 | 09
#0377-d261 @A: 29 13 26 28 | 08
#0378-d261 @A: 27 29 10 19 | 06
#0379-d261 @A: 29 11 28 10 | 04
#0380-d261 @A: 14 27 22 26 | 10
#0381-d261 @A: 21 02 18 26 | 02
#0382-d261 @A: 32 19 18 26 | 12
#0383-d261 @A: 09 02 13 26 | 05
#0384-d261 @A: 16 26 06 28 | 11
#0385-d261 @A: 04 19 28 08 | 03
#0386-d261 @A: 05 30 10 08 | 01
#0387-d261 @A: 32 15 08 21 | 07
#0388-d261 @A: 09 04 30 02 | 09
#0389-d261 @A: 10 04 27 14 | 08
#0390-d261 @A: 21 30 05 28 | 06
#0391-d261 @A: 14 11 05 22 | 04
#0392-d261 @A: 05 16 14 09 | 10
#0393-d261 @A: 05 15 02 11 | 02
#0394-d261 @A: 05 19 18 16 | 12
#0395-d261 @A: 07 13 11 30 | 05
#0396-d261 @A: 11 30 03 27 | 11
#0397-d261 @A: 30 09 15 11 | 03
#0398-d261 @A: 13 21 18 30 | 01
#0399-d261 @A: 28 19 30 15 | 07
#0400-d261 @A: 27 07 32 09 | 09
#0401-d261 @A: 07 11 09 10 | 08
#0402-d261 @A: 15 28 07 10 | 06
#0403-d261 @A: 18 07 11 15 | 04
#0404-d261 @A: 13 21 07 32 | 10
#0405-d261 @A: 07 02 16 28 | 02
#0406-d261 @A: 16 14 27 28 | 12
#0407-d261 @A: 13 28 09 27 | 05
#0408-d261 @A: 28 18 06 10 | 11
#0409-d261 @A: 20 35 19 17 | 03
#0410-d261 @A: 26 35 32 20 | 01
#0411-d261 @A: 12 34 20 33 | 07
#0412-d261 @A: 07 20 32 12 | 09
#0413-d261 @A: 09 12 28 20 | 08
#0414-d261 @A: 22 23 20 17 | 06
#0415-d261 @A: 05 20 17 32 | 04
#0416-d261 @A: 04 31 33 20 | 10
#0417-d261 @A: 33 20 29 16 | 02
#0418-d261 @A: 26 11 34 20 | 12
#0419-d261 @A: 05 20 29 25 | 05
#0420-d261 @A: 30 20 07 25 | 11
#0421-d261 @A: 25 32 20 13 | 03
#0422-d261 @A: 23 14 28 20 | 01
#0423-d261 @A: 04 20 03 19 | 07
#0424-d261 @A: 30 27 20 22 | 09
#0425-d261 @A: 20 10 27 07 | 08
#0426-d261 @A: 03 32 20 28 | 06
#0427-d261 @A: 26 01 35 17 | 04
#0428-d261 @A: 02 35 30 31 | 10
#0429-d261 @A: 35 15 31 07 | 02
#0430-d261 @A: 35 07 33 02 | 12
#0431-d261 @A: 26 35 02 24 | 05
#0432-d261 @A: 35 03 24 28 | 11
#0433-d261 @A: 32 29 35 09 | 03
#0434-d261 @A: 32 28 35 07 | 01
#0435-d261 @A: 01 03 12 33 | 07
#0436-d261 @A: 25 12 10 33 | 09
#0437-d261 @A: 19 34 12 27 | 08
#0438-d261 @A: 12 05 13 25 | 06
#0439-d261 @A: 03 08 12 23 | 04
#0440-d261 @A: 29 12 27 32 | 10
#0441-d261 @A: 29 11 12 22 | 02
#0442-d261 @A: 27 02 08 12 | 12
#0443-d261 @A: 05 12 15 09 | 05
#0444-d261 @A: 32 12 06 09 | 11
#0445-d261 @A: 21 31 01 17 | 03
#0446-d261 @A: 32 17 29 31 | 01
#0447-d261 @A: 34 17 29 13 | 07
#0448-d261 @A: 06 25 19 17 | 09
#0449-d261 @A: 08 17 24 32 | 08
#0450-d261 @A: 14 28 17 29 | 06
#0451-d261 @A: 17 15 07 05 | 04
#0452-d261 @A: 17 22 32 27 | 10
#0453-d261 @A: 32 19 09 17 | 02
#0454-d261 @A: 28 17 02 06 | 12
#0455-d261 @A: 18 09 17 28 | 05
#0456-d261 @A: 06 01 31 07 | 11
#0457-d261 @A: 33 19 31 34 | 03
#0458-d261 @A: 28 25 31 06 | 01
#0459-d261 @A: 08 13 24 31 | 07
#0460-d261 @A: 05 09 31 24 | 09
#0461-d261 @A: 31 26 02 29 | 08
#0462-d261 @A: 26 31 03 18 | 06
#0463-d261 @A: 08 27 30 31 | 04
#0464-d261 @A: 04 30 31 18 | 10
#0465-d261 @A: 03 15 05 31 | 02
#0466-d261 @A: 11 01 30 33 | 12
#0467-d261 @A: 25 01 03 34 | 05
#0468-d261 @A: 07 11 01 34 | 11
#0469-d261 @A: 01 29 19 23 | 03
#0470-d261 @A: 23 30 18 01 | 01
#0471-d261 @A: 06 24 04 01 | 07
#0472-d261 @A: 22 24 30 01 | 09
#0473-d261 @A: 05 29 01 16 | 08
#0474-d261 @A: 01 07 29 02 | 06
#0475-d261 @A: 29 01 11 09 | 04
#0476-d261 @A: 01 05 08 28 | 10
#0477-d261 @A: 01 04 27 11 | 02
#0478-d261 @A: 11 10 01 15 | 12
#0479-d261 @A: 18 16 21 01 | 05
#0480-d261 @A: 16 13 28 01 | 11
#0481-d261 @A: 27 25 33 04 | 03
#0482-d261 @A: 05 11 33 16 | 01
#0483-d261 @A: 28 33 03 15 | 07
#0484-d261 @A: 22 33 21 15 | 09
#0485-d261 @A: 33 16 02 06 | 08
#0486-d261 @A: 23 06 18 34 | 06
#0487-d261 @A: 34 09 30 08 | 04
#0488-d261 @A: 34 08 19 11 | 10
#0489-d261 @A: 04 34 03 22 | 02
#0490-d261 @A: 10 34 32 16 | 12
#0491-d261 @A: 34 03 28 13 | 05
#0492-d261 @A: 18 16 14 34 | 11
#0493-d261 @A: 21 18 32 34 | 03
#0494-d261 @A: 22 25 32 23 | 01
#0495-d261 @A: 29 04 25 13 | 07
#0496-d261 @A: 22 25 03 29 | 09
#0497-d261 @A: 26 04 16 25 | 08
#0498-d261 @A: 25 32 02 27 | 06
#0499-d261 @A: 25 15 10 19 | 04
#0500-d261 @A: 25 16 10 18 | 10
#0501-d261 @A: 14 25 11 28 | 02
#0502-d261 @A: 24 26 18 23 | 12
#0503-d261 @A: 24 21 05 23 | 05
#0504-d261 @A: 23 04 16 07 | 11
#0505-d261 @A: 23 22 19 04 | 03
#0506-d261 @A: 14 13 23 09 | 01
#0507-d261 @A: 21 22 23 11 | 07
#0508-d261 @A: 21 06 23 19 | 09
#0509-d261 @A: 24 06 08 29 | 08
#0510-d261 @A: 29 24 11 21 | 06
#0511-d261 @A: 24 29 28 09 | 04
#0512-d261 @A: 24 08 02 28 | 10
#0513-d261 @A: 32 15 05 24 | 02
#0514-d261 @A: 24 09 32 10 | 12
#0515-d261 @A: 21 14 13 24 | 05
#0516-d261 @A: 11 24 19 02 | 11
#0517-d261 @A: 15 04 05 29 | 03
#0518-d261 @A: 29 14 22 09 | 01
#0519-d261 @A: 29 22 13 06 | 07
#0520-d261 @A: 29 32 06 16 | 09
#0521-d261 @A: 06 04 30 26 | 08
#0522-d261 @A: 03 02 26 14 | 06
#0523-d261 @A: 26 06 03 09 | 04
#0524-d261 @A: 04 08 07 30 | 10
#0525-d261 @A: 08 10 14 32 | 02
#0526-d261 @A: 06 10 19 08 | 12
#0527-d261 @A: 15 09 27 04 | 05
#0528-d261 @A: 13 22 10 04 | 11
#0529-d261 @A: 10 22 28 04 | 03
#0530-d261 @A: 19 02 21 04 | 01
#0531-d261 @A: 02 09 27 05 | 07
#0532-d261 @A: 06 19 05 14 | 09
#0533-d261 @A: 14 05 18 15 | 08
#0534-d261 @A: 15 07 30 27 | 06
#0535-d261 @A: 14 22 06 30 | 04
#0536-d261 @A: 18 07 10 32 | 10
#0537-d261 @A: 18 13 07 14 | 02
#0538-d261 @A: 06 21 07 11 | 12
#0539-d261 @A: 28 21 06 27 | 05
#0540-d261 @A: 33 20 35 10 | 11
#0541-d261 @A: 35 07 20 13 | 03
#0542-d261 @A: 20 31 15 12 | 01
#0543-d261 @A: 20 26 12 24 | 07
#0544-d261 @A: 17 20 28 15 | 09
#0545-d261 @A: 31 20 02 21 | 08
#0546-d261 @A: 29 20 01 27 | 06
#0547-d261 @A: 08 01 06 20 | 04
#0548-d261 @A: 20 33 03 02 | 10
#0549-d261 @A: 32 20 34 04 | 02
#0550-d261 @A: 16 08 20 30 | 12
#0551-d261 @A: 27 28 20 08 | 05
#0552-d261 @A: 04 20 05 10 | 11
#0553-d261 @A: 07 03 20 05 | 03
#0554-d261 @A: 06 27 09 20 | 01
#0555-d261 @A: 16 19 10 20 | 07
#0556-d261 @A: 15 13 20 11 | 09
#0557-d261 @A: 22 16 20 11 | 08
#0558-d261 @A: 20 22 09 02 | 06
#0559-d261 @A: 01 35 12 15 | 04
#0560-d261 @A: 35 17 28 21 | 10
#0561-d261 @A: 23 04 01 35 | 02
#0562-d261 @A: 01 35 32 14 | 12
#0563-d261 @A: 13 09 35 01 | 05
#0564-d261 @A: 04 35 33 09 | 11
#0565-d261 @A: 35 34 25 19 | 03
#0566-d261 @A: 07 23 35 06 | 01
#0567-d261 @A: 35 08 24 22 | 07
#0568-d261 @A: 24 35 04 27 | 09
#0569-d261 @A: 04 29 18 35 | 08
#0570-d261 @A: 19 05 35 26 | 06
#0571-d261 @A: 35 30 08 15 | 04
#0572-d261 @A: 09 35 02 10 | 10
#0573-d261 @A: 06 35 03 21 | 02
#0574-d261 @A: 17 09 24 12 | 12
#0575-d261 @A: 33 18 31 12 | 05
#0576-d261 @A: 01 16 12 24 | 11
#0577-d261 @A: 15 12 23 33 | 03
#0578-d261 @A: 12 34 29 05 | 01
#0579-d261 @A: 07 15 34 12 | 07
#0580-d261 @A: 12 14 26 25 | 09
#0581-d261 @A: 32 16 12 23 | 08
#0582-d261 @A: 26 30 12 10 | 06
#0583-d261 @A: 28 26 11 12 | 04
#0584-d261 @A: 22 08 12 30 | 10
#0585-d261 @A: 12 32 04 21 | 02
#0586-d261 @A: 10 03 16 12 | 12
#0587-d261 @A: 11 12 03 32 | 05
#0588-d261 @A: 28 19 14 12 | 11
#0589-d261 @A: 12 16 09 19 | 03
#0590-d261 @A: 18 01 05 17 | 01
#0591-d261 @A: 24 34 17 28 | 07
#0592-d261 @A: 22 34 17 10 | 09
#0593-d261 @A: 25 17 03 05 | 08
#0594-d261 @A: 16 29 17 23 | 06
#0595-d261 @A: 29 26 03 17 | 04
#0596-d261 @A: 21 17 10 26 | 10
#0597-d261 @A: 15 18 26 17 | 02
#0598-d261 @A: 06 05 17 30 | 12
#0599-d261 @A: 27 17 19 02 | 05
#0600-d261 @A: 17 21 03 22 | 11
#0601-d261 @A: 14 21 17 19 | 03
#0602-d261 @A: 11 13 17 32 | 01
#0603-d261 @A: 02 17 16 18 | 07
#0604-d261 @A: 31 01 26 13 | 09
#0605-d261 @A: 23 10 33 31 | 08
#0606-d261 @A: 26 14 33 31 | 06
#0607-d261 @A: 06 31 29 19 | 04
#0608-d261 @A: 31 10 05 26 | 10
#0609-d261 @A: 26 16 31 30 | 02
#0610-d261 @A: 08 31 11 04 | 12
#0611-d261 @A: 04 31 22 07 | 05
#0612-d261 @A: 10 02 28 31 | 11
#0613-d261 @A: 11 15 21 31 | 03
#0614-d261 @A: 18 15 31 06 | 01
#0615-d261 @A: 02 01 27 33 | 07
#0616-d261 @A: 01 34 02 24 | 09
#0617-d261 @A: 24 01 28 14 | 08
#0618-d261 @A: 30 01 13 29 | 06
#0619-d261 @A: 32 03 29 01 | 04
#0620-d261 @A: 01 16 30 04 | 10
#0621-d261 @A: 19 21 30 01 | 02
#0622-d261 @A: 15 21 07 01 | 12
#0623-d261 @A: 06 01 13 19 | 05
#0624-d261 @A: 16 33 25 23 | 11
#0625-d261 @A: 03 24 09 33 | 03
#0626-d261 @A: 33 08 30 02 | 01
#0627-d261 @A: 08 22 07 33 | 07
#0628-d261 @A: 08 14 33 16 | 09
#0629-d261 @A: 28 13 33 30 | 08
#0630-d261 @A: 06 22 33 10 | 06
#0631-d261 @A: 15 32 33 14 | 04
#0632-d261 @A: 02 34 25 29 | 10
#0633-d261 @A: 23 29 21 34 | 02
#0634-d261 @A: 05 23 34 11 | 12
#0635-d261 @A: 34 16 24 08 | 05
#0636-d261 @A: 10 34 24 07 | 11
#0637-d261 @A: 29 34 19 07 | 03
#0638-d261 @A: 30 05 14 34 | 01
#0639-d261 @A: 14 13 27 34 | 07
#0640-d261 @A: 02 03 06 34 | 09
#0641-d261 @A: 34 32 06 11 | 08
#0642-d261 @A: 22 21 02 34 | 06
#0643-d261 @A: 02 18 19 34 | 04
#0644-d261 @A: 24 30 02 25 | 10
#0645-d261 @A: 26 03 07 25 | 02
#0646-d261 @A: 19 05 02 25 | 12
#0647-d261 @A: 07 25 15 16 | 05
#0648-d261 @A: 25 16 27 21 | 11
#0649-d261 @A: 06 10 24 23 | 03
#0650-d261 @A: 30 23 03 13 | 01
#0651-d261 @A: 09 23 11 06 | 07
#0652-d261 @A: 22 16 06 23 | 09
#0653-d261 @A: 23 16 22 28 | 08
#0654-d261 @A: 19 04 26 24 | 06
#0655-d261 @A: 22 24 07 18 | 04
#0656-d261 @A: 27 21 24 22 | 10
#0657-d261 @A: 02 24 14 16 | 02
#0658-d261 @A: 14 24 09 18 | 12
#0659-d261 @A: 26 29 07 22 | 05
#0660-d261 @A: 29 02 04 08 | 11
#0661-d261 @A: 14 18 29 02 | 03
#0662-d261 @A: 21 29 19 16 | 01
#0663-d261 @A: 07 08 26 15 | 07
#0664-d261 @A: 26 04 02 07 | 09
#0665-d261 @A: 05 15 30 26 | 08
#0666-d261 @A: 32 26 30 11 | 06
#0667-d261 @A: 26 19 22 02 | 04
#0668-d261 @A: 08 28 03 11 | 10
#0669-d261 @A: 06 08 11 14 | 02
#0670-d261 @A: 08 19 14 22 | 12
#0671-d261 @A: 08 11 21 16 | 05
#0672-d261 @A: 03 04 11 14 | 11
#0673-d261 @A: 15 14 21 04 | 03
#0674-d261 @A: 11 13 28 04 | 01
#0675-d261 @A: 18 04 19 06 | 07
#0676-d261 @A: 27 05 16 13 | 09
#0677-d261 @A: 09 05 18 11 | 08
#0678-d261 @A: 05 02 21 06 | 06
#0679-d261 @A: 22 09 05 06 | 04
#0680-d261 @A: 07 30 16 10 | 10
#0681-d261 @A: 30 32 02 07 | 02
#0682-d261 @A: 09 30 06 07 | 12
#0683-d261 @A: 11 30 06 28 | 05
#0684-d261 @A: 30 32 19 15 | 11
#0685-d261 @A: 13 30 16 22 | 03
#0686-d261 @A: 27 07 16 11 | 01
#0687-d261 @A: 11 19 07 03 | 07
#0688-d261 @A: 28 09 10 16 | 09
#0689-d261 @A: 32 18 14 28 | 08
#0690-d261 @A: 13 28 21 02 | 06
#0691-d261 @A: 22 35 20 12 | 04
#0692-d261 @A: 09 20 30 35 | 10
#0693-d261 @A: 03 29 12 20 | 02
#0694-d261 @A: 18 20 17 31 | 12
#0695-d261 @A: 17 33 15 20 | 05
#0696-d261 @A: 22 31 25 20 | 11
#0697-d261 @A: 09 20 01 04 | 03
#0698-d261 @A: 20 33 32 30 | 01
#0699-d261 @A: 25 26 20 10 | 07
#0700-d261 @A: 30 06 23 20 | 09
#0701-d261 @A: 22 05 20 24 | 08
#0702-d261 @A: 20 09 29 21 | 06
#0703-d261 @A: 04 12 35 19 | 04
#0704-d261 @A: 17 35 33 18 | 10
#0705-d261 @A: 30 17 32 35 | 02
#0706-d261 @A: 31 25 35 32 | 12
#0707-d261 @A: 31 08 35 03 | 05
#0708-d261 @A: 16 33 34 35 | 11
#0709-d261 @A: 35 05 24 33 | 03
#0710-d261 @A: 35 26 25 21 | 01
#0711-d261 @A: 35 25 09 08 | 07
#0712-d261 @A: 35 23 13 24 | 09
#0713-d261 @A: 16 35 26 23 | 08
#0714-d261 @A: 07 26 18 35 | 06
#0715-d261 @A: 04 21 05 35 | 04
#0716-d261 @A: 15 10 21 35 | 10
#0717-d261 @A: 35 11 09 21 | 02
#0718-d261 @A: 19 35 21 18 | 12
#0719-d261 @A: 32 35 02 16 | 05
#0720-d261 @A: 31 12 24 22 | 11
#0721-d261 @A: 31 12 02 19 | 03
#0722-d261 @A: 26 29 12 01 | 01
#0723-d261 @A: 26 33 12 13 | 07
#0724-d261 @A: 27 33 12 05 | 09
#0725-d261 @A: 24 12 08 18 | 08
#0726-d261 @A: 14 12 15 10 | 06
#0727-d261 @A: 31 17 16 06 | 04
#0728-d261 @A: 08 17 19 01 | 10
#0729-d261 @A: 16 07 01 17 | 02
#0730-d261 @A: 27 30 17 33 | 12
#0731-d261 @A: 34 09 17 04 | 05
#0732-d261 @A: 07 18 34 17 | 11
#0733-d261 @A: 07 25 02 17 | 03
#0734-d261 @A: 25 28 17 32 | 01
#0735-d261 @A: 04 17 18 24 | 07
#0736-d261 @A: 17 28 30 22 | 09
#0737-d261 @A: 17 27 10 09 | 08
#0738-d261 @A: 17 14 27 15 | 06
#0739-d261 @A: 10 17 16 14 | 04
#0740-d261 @A: 18 19 03 17 | 10
#0741-d261 @A: 17 14 13 02 | 02
#0742-d261 @A: 17 21 09 15 | 12
#0743-d261 @A: 17 16 21 32 | 05
#0744-d261 @A: 25 11 31 01 | 11
#0745-d261 @A: 31 05 01 27 | 03
#0746-d261 @A: 05 33 13 31 | 01
#0747-d261 @A: 31 24 18 34 | 07
#0748-d261 @A: 28 14 31 34 | 09
#0749-d261 @A: 31 03 10 25 | 08
#0750-d261 @A: 31 03 24 07 | 06
#0751-d261 @A: 08 05 29 31 | 04
#0752-d261 @A: 29 31 22 30 | 10
#0753-d261 @A: 28 31 02 30 | 02
#0754-d261 @A: 07 31 11 32 | 12
#0755-d261 @A: 13 27 15 31 | 05
#0756-d261 @A: 09 11 02 31 | 11
#0757-d261 @A: 01 26 15 33 | 03
#0758-d261 @A: 01 27 26 25 | 01
#0759-d261 @A: 10 01 23 28 | 07
#0760-d261 @A: 26 03 30 01 | 09
#0761-d261 @A: 01 26 16 09 | 08
#0762-d261 @A: 21 05 22 01 | 06
#0763-d261 @A: 01 13 27 32 | 04
#0764-d261 @A: 02 21 01 32 | 10
#0765-d261 @A: 19 15 01 22 | 02
#0766-d261 @A: 18 01 28 19 | 12
#0767-d261 @A: 01 22 02 06 | 05
#0768-d261 @A: 25 33 11 06 | 11
#0769-d261 @A: 24 26 11 33 | 03
#0770-d261 @A: 24 16 33 04 | 01
#0771-d261 @A: 33 29 26 06 | 07
#0772-d261 @A: 29 33 02 22 | 09
#0773-d261 @A: 33 27 10 16 | 08
#0774-d261 @A: 27 33 21 14 | 06
#0775-d261 @A: 33 03 19 06 | 04
#0776-d261 @A: 13 33 32 18 | 10
#0777-d261 @A: 15 23 25 34 | 02
#0778-d261 @A: 07 34 06 25 | 12
#0779-d261 @A: 10 25 34 11 | 05
#0780-d261 @A: 02 09 07 34 | 11
#0781-d261 @A: 34 16 15 02 | 03
#0782-d261 @A: 13 09 34 32 | 01
#0783-d261 @A: 05 25 23 18 | 07
#0784-d261 @A: 16 24 29 25 | 09
#0785-d261 @A: 08 29 10 25 | 08
#0786-d261 @A: 09 26 22 25 | 06
#0787-d261 @A: 25 08 05 06 | 04
#0788-d261 @A: 08 18 25 14 | 10
#0789-d261 @A: 22 27 25 10 | 02
#0790-d261 @A: 10 21 25 13 | 12
#0791-d261 @A: 14 11 25 16 | 05
#0792-d261 @A: 25 09 14 21 | 11
#0793-d261 @A: 15 32 11 25 | 03
#0794-d261 @A: 23 02 28 05 | 01
#0795-d261 @A: 18 19 13 23 | 07
#0796-d261 @A: 27 07 08 24 | 09
#0797-d261 @A: 04 24 32 30 | 08
#0798-d261 @A: 10 24 04 03 | 06
#0799-d261 @A: 15 28 32 24 | 04
#0800-d261 @A: 19 26 13 29 | 10
#0801-d261 @A: 22 29 21 10 | 02
#0802-d261 @A: 29 06 15 03 | 12
#0803-d261 @A: 18 29 03 13 | 05
#0804-d261 @A: 28 29 18 02 | 11
#0805-d261 @A: 29 28 32 22 | 03
#0806-d261 @A: 08 03 05 26 | 01
#0807-d261 @A: 22 04 05 26 | 07
#0808-d261 @A: 26 32 27 10 | 09
#0809-d261 @A: 13 06 10 26 | 08
#0810-d261 @A: 02 06 11 26 | 06
#0811-d261 @A: 28 21 10 08 | 04
#0812-d261 @A: 03 11 08 18 | 10
#0813-d261 @A: 02 19 03 08 | 02
#0814-d261 @A: 21 06 22 08 | 12
#0815-d261 @A: 19 18 08 09 | 05
#0816-d261 @A: 08 18 22 32 | 11
#0817-d261 @A: 10 11 04 02 | 03
#0818-d261 @A: 19 10 04 09 | 01
#0819-d261 @A: 32 18 04 14 | 07
#0820-d261 @A: 11 04 06 13 | 09
#0821-d261 @A: 21 03 14 05 | 08
#0822-d261 @A: 05 15 21 19 | 06
#0823-d261 @A: 30 07 21 22 | 04
#0824-d261 @A: 16 09 27 30 | 10
#0825-d261 @A: 09 15 19 07 | 02
#0826-d261 @A: 07 32 22 16 | 12
#0827-d261 @A: 25 20 01 35 | 05
#0828-d261 @A: 10 20 28 35 | 11
#0829-d261 @A: 08 20 27 17 | 03
#0830-d261 @A: 07 06 33 20 | 01
#0831-d261 @A: 20 14 13 33 | 07
#0832-d261 @A: 02 28 25 20 | 09
#0833-d261 @A: 08 20 23 09 | 08
#0834-d261 @A: 05 13 23 20 | 06
#0835-d261 @A: 23 16 20 14 | 04
#0836-d261 @A: 20 07 24 11 | 10
#0837-d261 @A: 03 32 20 24 | 02
#0838-d261 @A: 24 13 20 09 | 12
#0839-d261 @A: 20 06 29 04 | 05
#0840-d261 @A: 29 19 11 20 | 11
#0841-d261 @A: 26 15 20 04 | 03
#0842-d261 @A: 20 16 26 13 | 01
#0843-d261 @A: 32 15 20 02 | 07
#0844-d261 @A: 35 07 17 22 | 09
#0845-d261 @A: 01 35 29 21 | 08
#0846-d261 @A: 01 27 08 35 | 06
#0847-d261 @A: 35 33 30 14 | 04
#0848-d261 @A: 35 06 34 26 | 10
#0849-d261 @A: 35 32 24 21 | 02
#0850-d261 @A: 29 08 19 35 | 12
#0851-d261 @A: 26 09 35 15 | 05
#0852-d261 @A: 35 08 04 32 | 11
#0853-d261 @A: 05 30 11 35 | 03
#0854-d261 @A: 27 35 11 06 | 01
#0855-d261 @A: 31 07 14 12 | 07
#0856-d261 @A: 26 12 34 03 | 09
#0857-d261 @A: 21 30 12 34 | 08
#0858-d261 @A: 34 22 12 16 | 06
#0859-d261 @A: 12 09 23 10 | 04
#0860-d261 @A: 04 12 13 24 | 10
#0861-d261 @A: 12 15 30 24 | 02
#0862-d261 @A: 12 30 29 02 | 12
#0863-d261 @A: 06 08 26 12 | 05
#0864-d261 @A: 03 30 06 12 | 11
#0865-d261 @A: 16 15 12 06 | 03
#0866-d261 @A: 13 16 12 18 | 01
#0867-d261 @A: 31 34 23 17 | 07
#0868-d261 @A: 08 33 17 11 | 09
#0869-d261 @A: 10 05 17 33 | 08
#0870-d261 @A: 11 24 17 34 | 06
#0871-d261 @A: 27 23 17 25 | 04
#0872-d261 @A: 25 18 30 17 | 10
#0873-d261 @A: 25 32 17 10 | 02
#0874-d261 @A: 05 17 21 08 | 12
#0875-d261 @A: 27 04 17 13 | 05
#0876-d261 @A: 10 15 17 03 | 11
#0877-d261 @A: 10 06 17 18 | 03
#0878-d261 @A: 17 11 15 16 | 01
#0879-d261 @A: 31 01 02 18 | 07
#0880-d261 @A: 05 31 14 23 | 09
#0881-d261 @A: 32 26 31 08 | 08
#0882-d261 @A: 10 08 07 31 | 06
#0883-d261 @A: 31 04 16 21 | 04
#0884-d261 @A: 16 11 31 10 | 10
#0885-d261 @A: 11 06 03 31 | 02
#0886-d261 @A: 31 22 09 18 | 12
#0887-d261 @A: 33 01 07 09 | 05
#0888-d261 @A: 34 01 14 04 | 11
#0889-d261 @A: 34 09 05 01 | 03
#0890-d261 @A: 01 23 13 25 | 01
#0891-d261 @A: 27 15 16 01 | 07
#0892-d261 @A: 33 15 25 24 | 09
#0893-d261 @A: 13 25 07 33 | 08
#0894-d261 @A: 32 09 25 33 | 06
#0895-d261 @A: 32 05 33 26 | 04
#0896-d261 @A: 33 10 30 19 | 10
#0897-d261 @A: 09 15 10 33 | 02
#0898-d261 @A: 11 22 33 03 | 12
#0899-d261 @A: 34 03 23 24 | 05
#0900-d261 @A: 14 19 34 23 | 11
#0901-d261 @A: 24 30 06 34 | 03
#0902-d261 @A: 34 02 32 26 | 01
#0903-d261 @A: 34 32 08 07 | 07
#0904-d261 @A: 30 02 13 34 | 09
#0905-d261 @A: 34 27 32 15 | 08
#0906-d261 @A: 03 34 10 09 | 06
#0907-d261 @A: 15 34 03 21 | 04
#0908-d261 @A: 06 09 34 14 | 10
#0909-d261 @A: 24 25 03 11 | 02
#0910-d261 @A: 04 09 25 05 | 12
#0911-d261 @A: 14 25 22 13 | 05
#0912-d261 @A: 22 18 25 15 | 11
#0913-d261 @A: 28 15 25 22 | 03
#0914-d261 @A: 04 23 15 30 | 01
#0915-d261 @A: 23 16 05 30 | 07
#0916-d261 @A: 19 23 05 32 | 09
#0917-d261 @A: 07 09 28 23 | 08
#0918-d261 @A: 22 23 13 27 | 06
#0919-d261 @A: 09 03 22 23 | 04
#0920-d261 @A: 21 15 23 13 | 10
#0921-d261 @A: 02 18 23 22 | 02
#0922-d261 @A: 24 29 10 26 | 12
#0923-d261 @A: 09 04 24 29 | 05
#0924-d261 @A: 05 24 29 18 | 11
#0925-d261 @A: 29 27 24 13 | 03
#0926-d261 @A: 14 08 24 04 | 01
#0927-d261 @A: 24 28 05 04 | 07
#0928-d261 @A: 07 04 21 24 | 09
#0929-d261 @A: 18 16 30 24 | 08
#0930-d261 @A: 24 14 03 19 | 06
#0931-d261 @A: 29 11 26 04 | 04
#0932-d261 @A: 29 08 28 16 | 10
#0933-d261 @A: 07 05 29 14 | 02
#0934-d261 @A: 13 05 29 32 | 12
#0935-d261 @A: 21 15 29 27 | 05
#0936-d261 @A: 29 27 28 22 | 11
#0937-d261 @A: 29 32 14 21 | 03
#0938-d261 @A: 13 22 08 26 | 01
#0939-d261 @A: 26 05 07 28 | 07
#0940-d261 @A: 32 27 08 19 | 09
#0941-d261 @A: 08 13 06 02 | 08
#0942-d261 @A: 04 11 18 22 | 06
#0943-d261 @A: 15 18 04 02 | 04
#0944-d261 @A: 27 05 03 06 | 10
#0945-d261 @A: 19 11 27 05 | 02
#0946-d261 @A: 10 16 21 05 | 12
#0947-d261 @A: 05 02 18 13 | 05
#0948-d261 @A: 18 15 30 03 | 11
#0949-d261 @A: 32 16 30 14 | 03
#0950-d261 @A: 16 02 30 11 | 01
#0951-d261 @A: 28 16 30 18 | 07
#0952-d261 @A: 07 14 27 02 | 09
#0953-d261 @A: 03 16 09 07 | 08
#0954-d261 @A: 16 07 21 14 | 06
#0955-d261 @A: 27 02 03 28 | 04
#0956-d261 @A: 06 15 13 28 | 10
#0957-d261 @A: 06 31 35 20 | 02
#0958-d261 @A: 20 12 14 01 | 12
#0959-d261 @A: 12 11 20 23 | 05
#0960-d261 @A: 11 17 20 01 | 11
#0961-d261 @A: 05 20 01 33 | 03
#0962-d261 @A: 01 06 20 28 | 01
#0963-d261 @A: 20 30 18 34 | 07
#0964-d261 @A: 15 25 20 27 | 09
#0965-d261 @A: 11 25 02 20 | 08
#0966-d261 @A: 19 23 20 07 | 06
#0967-d261 @A: 20 05 14 26 | 04
#0968-d261 @A: 20 27 03 14 | 10
#0969-d261 @A: 20 06 11 10 | 02
#0970-d261 @A: 32 09 16 20 | 12
#0971-d261 @A: 12 35 10 31 | 05
#0972-d261 @A: 25 03 12 35 | 11
#0973-d261 @A: 16 12 35 05 | 03
#0974-d261 @A: 35 28 13 12 | 01
#0975-d261 @A: 10 17 35 23 | 07
#0976-d261 @A: 13 17 21 35 | 09
#0977-d261 @A: 01 16 31 35 | 08
#0978-d261 @A: 10 35 05 01 | 06
#0979-d261 @A: 33 26 35 03 | 04
#0980-d261 @A: 35 04 34 10 | 10
#0981-d261 @A: 13 25 35 18 | 02
#0982-d261 @A: 06 22 25 35 | 12
#0983-d261 @A: 35 28 23 06 | 05
#0984-d261 @A: 35 14 07 08 | 11
#0985-d261 @A: 35 09 05 03 | 03
#0986-d261 @A: 14 27 35 09 | 01
#0987-d261 @A: 16 19 27 35 | 07
#0988-d261 @A: 10 03 35 14 | 09
#0989-d261 @A: 13 35 11 10 | 08
#0990-d261 @A: 18 17 21 12 | 06
#0991-d261 @A: 12 16 29 31 | 04
#0992-d261 @A: 03 31 12 04 | 10
#0993-d261 @A: 12 31 28 03 | 02
#0994-d261 @A: 12 04 01 22 | 12
#0995-d261 @A: 12 09 22 33 | 05
#0996-d261 @A: 34 25 12 09 | 11
#0997-d261 @A: 15 12 25 04 | 03
#0998-d261 @A: 23 18 07 12 | 01
#0999-d261 @A: 10 29 04 12 | 07
#1000-d261 @A: 28 12 06 29 | 09
#1001-d261 @A: 22 26 12 15 | 08
#1002-d261 @A: 03 13 07 12 | 06
#1003-d261 @A: 12 18 19 14 | 04
#1004-d261 @A: 32 12 14 02 | 10
#1005-d261 @A: 04 17 28 31 | 02
#1006-d261 @A: 17 04 03 01 | 12
#1007-d261 @A: 28 01 11 17 | 05
#1008-d261 @A: 21 27 17 34 | 11
#1009-d261 @A: 13 17 26 23 | 03
#1010-d261 @A: 14 23 17 08 | 01
#1011-d261 @A: 23 02 17 05 | 07
#1012-d261 @A: 05 24 14 17 | 09
#1013-d261 @A: 26 28 27 17 | 08
#1014-d261 @A: 14 11 17 07 | 06
#1015-d261 @A: 17 11 19 10 | 04
#1016-d261 @A: 14 18 22 17 | 10
#1017-d261 @A: 06 02 17 09 | 02
#1018-d261 @A: 13 17 18 09 | 12
#1019-d261 @A: 22 17 09 16 | 05
#1020-d261 @A: 31 01 28 29 | 11
#1021-d261 @A: 09 08 31 01 | 03
#1022-d261 @A: 31 33 02 15 | 01
#1023-d261 @A: 34 10 31 29 | 07
#1024-d261 @A: 31 34 16 03 | 09
#1025-d261 @A: 15 25 26 31 | 08
#1026-d261 @A: 31 25 16 05 | 06
#1027-d261 @A: 24 16 23 31 | 04
#1028-d261 @A: 23 18 31 29 | 10
#1029-d261 @A: 08 06 31 23 | 02
#1030-d261 @A: 31 29 21 03 | 12
#1031-d261 @A: 31 04 05 32 | 05
#1032-d261 @A: 27 05 31 28 | 11
#1033-d261 @A: 27 02 16 31 | 03
#1034-d261 @A: 14 19 10 31 | 01
#1035-d261 @A: 19 31 03 22 | 07
#1036-d261 @A: 28 21 31 09 | 09
#1037-d261 @A: 28 16 31 15 | 08
#1038-d261 @A: 09 13 06 31 | 06
#1039-d261 @A: 01 10 33 34 | 04
#1040-d261 @A: 23 01 16 34 | 10
#1041-d261 @A: 32 01 23 07 | 02
#1042-d261 @A: 01 18 26 14 | 12
#1043-d261 @A: 30 08 14 01 | 05
#1044-d261 @A: 07 01 28 21 | 11
#1045-d261 @A: 01 27 15 28 | 03
#1046-d261 @A: 13 16 01 02 | 01
#1047-d261 @A: 29 33 32 34 | 07
#1048-d261 @A: 14 34 22 33 | 09
#1049-d261 @A: 25 22 05 33 | 08
#1050-d261 @A: 33 25 03 30 | 06
#1051-d261 @A: 23 04 11 33 | 04
#1052-d261 @A: 06 14 33 24 | 10
#1053-d261 @A: 11 24 33 28 | 02
#1054-d261 @A: 33 30 05 21 | 12
#1055-d261 @A: 24 15 04 34 | 05
#1056-d261 @A: 30 28 34 26 | 11
#1057-d261 @A: 04 27 34 07 | 03
#1058-d261 @A: 10 28 05 34 | 01
#1059-d261 @A: 18 34 27 03 | 07
#1060-d261 @A: 03 34 11 13 | 09
#1061-d261 @A: 34 11 02 14 | 08
#1062-d261 @A: 19 22 32 34 | 06
#1063-d261 @A: 04 25 22 24 | 04
#1064-d261 @A: 27 25 30 05 | 10
#1065-d261 @A: 11 21 18 25 | 02
#1066-d261 @A: 23 27 32 24 | 12
#1067-d261 @A: 04 29 23 14 | 05
#1068-d261 @A: 28 23 04 29 | 11
#1069-d261 @A: 16 23 08 27 | 03
#1070-d261 @A: 09 23 05 07 | 01
#1071-d261 @A: 27 15 11 23 | 07
#1072-d261 @A: 03 11 23 02 | 09
#1073-d261 @A: 09 23 15 16 | 08
#1074-d261 @A: 26 08 09 24 | 06
#1075-d261 @A: 24 07 14 26 | 04
#1076-d261 @A: 11 08 24 30 | 10
#1077-d261 @A: 27 11 24 14 | 02
#1078-d261 @A: 21 28 24 11 | 12
#1079-d261 @A: 24 32 16 11 | 05
#1080-d261 @A: 24 06 19 09 | 11
#1081-d261 @A: 09 02 15 24 | 03
#1082-d261 @A: 32 06 22 24 | 01
#1083-d261 @A: 29 26 21 05 | 07
#1084-d261 @A: 03 29 30 28 | 09
#1085-d261 @A: 22 32 15 29 | 08
#1086-d261 @A: 18 13 04 26 | 06
#1087-d261 @A: 15 27 26 02 | 04
#1088-d261 @A: 26 03 15 28 | 10
#1089-d261 @A: 03 13 32 26 | 02
#1090-d261 @A: 22 32 26 21 | 12
#1091-d261 @A: 26 32 15 16 | 05
#1092-d261 @A: 09 26 22 28 | 11
#1093-d261 @A: 08 19 16 04 | 03
#1094-d261 @A: 05 08 02 16 | 01
#1095-d261 @A: 22 08 27 03 | 07
#1096-d261 @A: 08 03 10 21 | 09
#1097-d261 @A: 02 08 15 10 | 08
#1098-d261 @A: 16 18 08 06 | 06
#1099-d261 @A: 06 04 27 21 | 04
#1100-d261 @A: 16 27 04 32 | 10
#1101-d261 @A: 28 27 32 04 | 02
#1102-d261 @A: 02 04 16 03 | 12
#1103-d261 @A: 03 06 04 32 | 05
#1104-d261 @A: 04 32 11 09 | 11
#1105-d261 @A: 02 04 13 32 | 03
#1106-d261 @A: 05 10 13 09 | 01
#1107-d261 @A: 13 05 11 21 | 07
#1108-d261 @A: 05 32 21 09 | 09
#1109-d261 @A: 19 05 28 06 | 08
#1110-d261 @A: 30 07 19 18 | 06
#1111-d261 @A: 32 30 13 10 | 04
#1112-d261 @A: 30 19 16 03 | 10
#1113-d261 @A: 18 11 30 06 | 02
#1114-d261 @A: 06 30 21 16 | 12
#1115-d261 @A: 32 30 28 09 | 05
#1116-d261 @A: 18 07 27 28 | 11
#1117-d261 @A: 07 21 02 10 | 03
#1118-d261 @A: 07 19 32 14 | 01
#1119-d261 @A: 07 06 02 15 | 07
#1120-d261 @A: 07 06 16 13 | 09
#1121-d261 @A: 06 09 03 28 | 08
#1122-d261 @A: 20 16 35 04 | 06
#1123-d261 @A: 35 20 03 18 | 04
#1124-d261 @A: 02 20 16 12 | 10
#1125-d261 @A: 20 04 17 02 | 02
#1126-d261 @A: 20 01 23 10 | 12
#1127-d261 @A: 28 33 29 20 | 05
#1128-d261 @A: 22 33 26 20 | 11
#1129-d261 @A: 20 21 33 08 | 03
#1130-d261 @A: 28 11 20 34 | 01
#1131-d261 @A: 06 20 21 34 | 07
#1132-d261 @A: 20 14 04 25 | 09
#1133-d261 @A: 03 23 26 20 | 08
#1134-d261 @A: 05 08 18 20 | 06
#1135-d261 @A: 21 20 04 13 | 04
#1136-d261 @A: 02 18 10 20 | 10
#1137-d261 @A: 02 19 14 20 | 02
#1138-d261 @A: 19 20 32 06 | 12
#1139-d261 @A: 09 17 31 35 | 05
#1140-d261 @A: 35 15 02 17 | 11
#1141-d261 @A: 35 27 34 31 | 03
#1142-d261 @A: 22 13 35 33 | 01
#1143-d261 @A: 34 11 35 18 | 07
#1144-d261 @A: 23 35 11 25 | 09
#1145-d261 @A: 35 07 16 24 | 08
#1146-d261 @A: 35 22 05 29 | 06
#1147-d261 @A: 35 30 27 10 | 04
#1148-d261 @A: 06 35 10 32 | 10
#1149-d261 @A: 17 12 23 28 | 02
#1150-d261 @A: 12 17 15 29 | 12
#1151-d261 @A: 05 17 11 12 | 05
#1152-d261 @A: 01 06 34 12 | 11
#1153-d261 @A: 05 01 19 12 | 03
#1154-d261 @A: 07 33 11 12 | 01
#1155-d261 @A: 10 28 33 12 | 07
#1156-d261 @A: 12 25 23 19 | 09
#1157-d261 @A: 12 23 30 27 | 08
#1158-d261 @A: 13 19 15 12 | 06
#1159-d261 @A: 01 14 33 17 | 04
#1160-d261 @A: 32 33 07 17 | 10
#1161-d261 @A: 13 33 16 17 | 02
#1162-d261 @A: 30 16 34 17 | 12
#1163-d261 @A: 07 13 17 24 | 05
#1164-d261 @A: 05 17 27 29 | 11
#1165-d261 @A: 06 29 07 17 | 03
#1166-d261 @A: 17 13 19 05 | 01
#1167-d261 @A: 18 17 27 11 | 07
#1168-d261 @A: 34 32 31 30 | 09
#1169-d261 @A: 31 06 25 04 | 08
#1170-d261 @A: 09 25 31 30 | 06
#1171-d261 @A: 06 31 24 26 | 04
#1172-d261 @A: 24 18 28 31 | 10
#1173-d261 @A: 21 07 31 26 | 02
#1174-d261 @A: 02 05 07 31 | 12
#1175-d261 @A: 24 29 33 01 | 05
#1176-d261 @A: 08 34 21 01 | 11
#1177-d261 @A: 25 16 01 08 | 03
#1178-d261 @A: 30 25 01 32 | 01
#1179-d261 @A: 01 02 23 08 | 07
#1180-d261 @A: 18 08 07 01 | 09
#1181-d261 @A: 10 01 04 32 | 08
#1182-d261 @A: 01 10 21 27 | 06
#1183-d261 @A: 19 03 27 01 | 04
#1184-d261 @A: 01 18 22 27 | 10
#1185-d261 @A: 22 03 01 28 | 02
#1186-d261 @A: 09 14 15 01 | 12
#1187-d261 @A: 19 32 11 01 | 05
#1188-d261 @A: 29 13 33 23 | 11
#1189-d261 @A: 32 23 08 33 | 03
#1190-d261 @A: 08 15 29 33 | 01
#1191-d261 @A: 04 33 29 21 | 07
#1192-d261 @A: 09 33 13 27 | 09
#1193-d261 @A: 13 15 03 33 | 08
#1194-d261 @A: 06 13 21 33 | 06
#1195-d261 @A: 16 18 22 33 | 04
#1196-d261 @A: 06 32 33 28 | 10
#1197-d261 @A: 32 34 25 05 | 02
#1198-d261 @A: 34 28 27 25 | 12
#1199-d261 @A: 29 14 24 34 | 05
#1200-d261 @A: 26 18 05 34 | 11
#1201-d261 @A: 34 26 27 16 | 03
#1202-d261 @A: 15 04 34 28 | 01
#1203-d261 @A: 11 09 34 16 | 07
#1204-d261 @A: 34 21 13 16 | 09
#1205-d261 @A: 34 28 09 19 | 08
#1206-d261 @A: 24 23 25 08 | 06
#1207-d261 @A: 15 25 30 21 | 04
#1208-d261 @A: 27 03 25 09 | 10
#1209-d261 @A: 25 18 27 19 | 02
#1210-d261 @A: 25 15 14 03 | 12
#1211-d261 @A: 03 18 32 25 | 05
#1212-d261 @A: 25 19 22 21 | 11
#1213-d261 @A: 25 21 06 32 | 03
#1214-d261 @A: 22 02 16 25 | 01
#1215-d261 @A: 28 24 30 23 | 07
#1216-d261 @A: 26 23 15 29 | 09
#1217-d261 @A: 10 23 26 14 | 08
#1218-d261 @A: 07 02 13 23 | 06
#1219-d261 @A: 27 23 28 19 | 04
#1220-d261 @A: 23 28 21 03 | 10
#1221-d261 @A: 18 03 23 16 | 02
#1222-d261 @A: 21 23 14 18 | 12
#1223-d261 @A: 28 23 15 11 | 05
#1224-d261 @A: 24 16 26 05 | 11
#1225-d261 @A: 19 28 26 24 | 03
#1226-d261 @A: 24 08 21 02 | 01
#1227-d261 @A: 05 24 11 04 | 07
#1228-d261 @A: 06 05 24 07 | 09
#1229-d261 @A: 24 15 27 19 | 08
#1230-d261 @A: 19 32 13 24 | 06
#1231-d261 @A: 30 14 29 26 | 04
#1232-d261 @A: 29 30 27 04 | 10
#1233-d261 @A: 29 03 05 02 | 02
#1234-d261 @A: 05 06 29 11 | 12
#1235-d261 @A: 27 29 16 22 | 05
#1236-d261 @A: 10 29 18 15 | 11
#1237-d261 @A: 09 29 10 06 | 03
#1238-d261 @A: 11 14 15 29 | 01
#1239-d261 @A: 11 29 13 16 | 07
#1240-d261 @A: 29 32 11 18 | 09
#1241-d261 @A: 09 16 29 02 | 08
#1242-d261 @A: 26 07 05 13 | 06
#1243-d261 @A: 13 21 26 27 | 04
#1244-d261 @A: 10 11 26 22 | 10
#1245-d261 @A: 10 26 02 16 | 02
#1246-d261 @A: 16 22 03 26 | 12
#1247-d261 @A: 26 21 15 06 | 05
#1248-d261 @A: 06 03 07 08 | 11
#1249-d261 @A: 27 06 08 15 | 03
#1250-d261 @A: 08 02 11 32 | 01
#1251-d261 @A: 09 08 15 28 | 07
#1252-d261 @A: 07 04 14 09 | 09
#1253-d261 @A: 06 04 16 10 | 08
#1254-d261 @A: 16 18 09 04 | 06
#1255-d261 @A: 11 05 10 32 | 04
#1256-d261 @A: 05 14 09 28 | 10
#1257-d261 @A: 02 10 30 03 | 02
#1258-d261 @A: 30 13 14 15 | 12
#1259-d261 @A: 09 32 18 30 | 05
#1260-d261 @A: 02 11 07 22 | 11
#1261-d261 @A: 13 09 07 22 | 03
#1262-d261 @A: 08 35 11 20 | 01
#1263-d261 @A: 20 09 17 25 | 07
#1264-d261 @A: 06 20 26 17 | 09
#1265-d261 @A: 11 05 20 31 | 08
#1266-d261 @A: 01 24 21 20 | 06
#1267-d261 @A: 11 09 20 33 | 04
#1268-d261 @A: 08 20 10 34 | 10
#1269-d261 @A: 04 24 23 20 | 02
#1270-d261 @A: 08 20 24 15 | 12
#1271-d261 @A: 20 28 07 24 | 05
#1272-d261 @A: 20 19 08 26 | 11
#1273-d261 @A: 14 10 09 20 | 03
#1274-d261 @A: 10 21 20 32 | 01
#1275-d261 @A: 21 20 03 11 | 07
#1276-d261 @A: 32 14 20 22 | 09
#1277-d261 @A: 06 20 13 18 | 08
#1278-d261 @A: 12 34 14 35 | 06
#1279-d261 @A: 35 29 12 13 | 04
#1280-d261 @A: 12 21 08 35 | 10
#1281-d261 @A: 21 33 31 35 | 02
#1282-d261 @A: 03 34 30 35 | 12
#1283-d261 @A: 02 25 04 35 | 05
#1284-d261 @A: 25 05 35 15 | 11
#1285-d261 @A: 25 30 16 35 | 03
#1286-d261 @A: 19 35 30 24 | 01
#1287-d261 @A: 02 35 28 26 | 07
#1288-d261 @A: 18 02 08 35 | 09
#1289-d261 @A: 22 35 04 30 | 08
#1290-d261 @A: 11 04 07 35 | 06
#1291-d261 @A: 28 35 09 04 | 04
#1292-d261 @A: 32 11 22 35 | 10
#1293-d261 @A: 19 22 09 35 | 02
#1294-d261 @A: 18 16 35 15 | 12
#1295-d261 @A: 17 33 12 06 | 05
#1296-d261 @A: 08 01 12 10 | 11
#1297-d261 @A: 12 33 14 29 | 03
#1298-d261 @A: 12 05 14 08 | 01
#1299-d261 @A: 08 07 16 12 | 07
#1300-d261 @A: 04 12 05 18 | 09
#1301-d261 @A: 32 30 12 05 | 08
#1302-d261 @A: 27 11 12 21 | 06
#1303-d261 @A: 06 12 10 21 | 04
#1304-d261 @A: 32 12 19 10 | 10
#1305-d261 @A: 11 02 13 12 | 02
#1306-d261 @A: 12 09 13 21 | 12
#1307-d261 @A: 17 31 03 33 | 05
#1308-d261 @A: 31 25 17 13 | 11
#1309-d261 @A: 17 11 26 31 | 03
#1310-d261 @A: 31 19 07 17 | 01
#1311-d261 @A: 25 01 17 22 | 07
#1312-d261 @A: 01 30 17 02 | 09
#1313-d261 @A: 14 17 32 06 | 08
#1314-d261 @A: 11 22 06 17 | 06
#1315-d261 @A: 22 13 17 15 | 04
#1316-d261 @A: 31 07 27 33 | 10
#1317-d261 @A: 21 34 31 05 | 02
#1318-d261 @A: 22 23 15 31 | 12
#1319-d261 @A: 29 15 31 24 | 05
#1320-d261 @A: 31 26 19 09 | 11
#1321-d261 @A: 18 31 21 08 | 03
#1322-d261 @A: 31 08 22 16 | 01
#1323-d261 @A: 18 31 10 13 | 07
#1324-d261 @A: 11 19 18 31 | 09
#1325-d261 @A: 13 31 22 21 | 08
#1326-d261 @A: 18 01 29 34 | 06
#1327-d261 @A: 25 19 01 04 | 04
#1328-d261 @A: 25 01 07 14 | 10
#1329-d261 @A: 28 09 01 25 | 02
#1330-d261 @A: 23 01 11 24 | 12
#1331-d261 @A: 26 22 23 01 | 05
#1332-d261 @A: 10 13 24 01 | 11
#1333-d261 @A: 29 08 22 01 | 03
#1334-d261 @A: 05 11 03 01 | 01
#1335-d261 @A: 01 09 06 21 | 07
#1336-d261 @A: 32 01 15 06 | 09
#1337-d261 @A: 33 24 34 13 | 08
#1338-d261 @A: 34 27 11 33 | 06
#1339-d261 @A: 14 25 02 33 | 04
#1340-d261 @A: 33 23 30 22 | 10
#1341-d261 @A: 19 18 24 33 | 02
#1342-d261 @A: 33 08 04 03 | 12
#1343-d261 @A: 33 06 05 15 | 05
#1344-d261 @A: 34 25 04 18 | 11
#1345-d261 @A: 23 07 34 22 | 03
#1346-d261 @A: 34 26 29 09 | 01
#1347-d261 @A: 29 34 06 27 | 07
#1348-d261 @A: 19 34 30 04 | 09
#1349-d261 @A: 23 25 26 06 | 08
#1350-d261 @A: 18 28 25 23 | 06
#1351-d261 @A: 28 07 13 25 | 04
#1352-d261 @A: 02 10 06 25 | 10
#1353-d261 @A: 19 11 09 25 | 02
#1354-d261 @A: 25 32 19 16 | 12
#1355-d261 @A: 23 29 10 05 | 05
#1356-d261 @A: 26 32 23 04 | 11
#1357-d261 @A: 02 30 23 26 | 03
#1358-d261 @A: 13 04 23 08 | 01
#1359-d261 @A: 10 23 18 11 | 07
#1360-d261 @A: 10 19 02 23 | 09
#1361-d261 @A: 06 23 14 03 | 08
#1362-d261 @A: 23 03 15 19 | 06
#1363-d261 @A: 14 23 32 11 | 04
#1364-d261 @A: 16 21 02 23 | 10
#1365-d261 @A: 13 32 28 23 | 02
#1366-d261 @A: 30 24 29 03 | 12
#1367-d261 @A: 22 10 14 24 | 05
#1368-d261 @A: 18 24 21 15 | 11
#1369-d261 @A: 09 24 16 21 | 03
#1370-d261 @A: 13 24 22 02 | 01
#1371-d261 @A: 13 08 07 29 | 07
#1372-d261 @A: 27 08 14 29 | 09
#1373-d261 @A: 27 03 26 04 | 08
#1374-d261 @A: 03 10 19 26 | 06
#1375-d261 @A: 26 10 18 09 | 04
#1376-d261 @A: 13 11 26 14 | 10
#1377-d261 @A: 26 16 14 06 | 02
#1378-d261 @A: 06 08 09 04 | 12
#1379-d261 @A: 30 06 08 32 | 05
#1380-d261 @A: 09 27 21 08 | 11
#1381-d261 @A: 08 28 32 21 | 03
#1382-d261 @A: 16 08 13 32 | 01
#1383-d261 @A: 28 21 18 04 | 07
#1384-d261 @A: 18 05 03 10 | 09
#1385-d261 @A: 05 22 13 03 | 08
#1386-d261 @A: 22 05 32 02 | 06
#1387-d261 @A: 14 30 03 07 | 04
#1388-d261 @A: 19 30 27 14 | 10
#1389-d261 @A: 21 27 32 30 | 02
#1390-d261 @A: 02 27 30 18 | 12
#1391-d261 @A: 18 14 10 30 | 05
#1392-d261 @A: 22 30 15 02 | 11
#1393-d261 @A: 07 18 03 02 | 03
#1394-d261 @A: 03 14 28 18 | 01
#1395-d261 @A: 11 02 28 19 | 07
#1396-d261 @A: 32 11 28 16 | 09
#1397-d261 @A: 20 24 29 35 | 08
#1398-d261 @A: 20 10 17 12 | 06
#1399-d261 @A: 21 05 20 12 | 04
#1400-d261 @A: 14 17 29 20 | 10
#1401-d261 @A: 26 02 20 01 | 02
#1402-d261 @A: 34 25 16 20 | 12
#1403-d261 @A: 20 23 25 21 | 05
#1404-d261 @A: 30 20 04 11 | 11
#1405-d261 @A: 07 20 04 18 | 03
#1406-d261 @A: 20 28 16 05 | 01
#1407-d261 @A: 20 11 27 32 | 07
#1408-d261 @A: 20 27 21 19 | 09
#1409-d261 @A: 18 20 16 27 | 08
#1410-d261 @A: 22 10 15 20 | 06
#1411-d261 @A: 09 20 03 15 | 04
#1412-d261 @A: 06 35 12 24 | 10
#1413-d261 @A: 09 07 35 12 | 02
#1414-d261 @A: 17 06 35 04 | 12
#1415-d261 @A: 18 24 01 35 | 05
#1416-d261 @A: 03 35 01 07 | 11
#1417-d261 @A: 33 35 11 15 | 03
#1418-d261 @A: 34 21 07 35 | 01
#1419-d261 @A: 10 25 24 35 | 07
#1420-d261 @A: 18 35 23 09 | 09
#1421-d261 @A: 15 14 35 24 | 08
#1422-d261 @A: 29 35 07 30 | 06
#1423-d261 @A: 13 35 26 30 | 04
#1424-d261 @A: 28 35 08 14 | 10
#1425-d261 @A: 35 02 05 14 | 02
#1426-d261 @A: 35 07 10 19 | 12
#1427-d261 @A: 27 02 35 21 | 05
#1428-d261 @A: 32 27 35 18 | 11
#1429-d261 @A: 11 16 03 35 | 03
#1430-d261 @A: 35 22 16 21 | 01
#1431-d261 @A: 35 19 06 15 | 07
#1432-d261 @A: 15 35 32 13 | 09
#1433-d261 @A: 34 17 12 02 | 08
#1434-d261 @A: 12 30 17 07 | 06
#1435-d261 @A: 14 12 17 03 | 04
#1436-d261 @A: 12 17 19 22 | 10
#1437-d261 @A: 31 25 12 21 | 02
#1438-d261 @A: 31 26 23 12 | 12
#1439-d261 @A: 31 27 12 09 | 05
#1440-d261 @A: 28 34 12 01 | 11
#1441-d261 @A: 33 21 24 12 | 03
#1442-d261 @A: 12 33 30 16 | 01
#1443-d261 @A: 12 34 23 13 | 07
#1444-d261 @A: 12 10 34 18 | 09
#1445-d261 @A: 04 12 25 28 | 08
#1446-d261 @A: 11 30 25 12 | 06
#1447-d261 @A: 14 12 24 23 | 04
#1448-d261 @A: 12 04 09 26 | 10
#1449-d261 @A: 08 12 07 28 | 02
#1450-d261 @A: 12 15 08 11 | 12
#1451-d261 @A: 05 10 12 07 | 05
#1452-d261 @A: 19 21 03 12 | 11
#1453-d261 @A: 17 31 04 14 | 03
#1454-d261 @A: 06 01 17 27 | 01
#1455-d261 @A: 17 08 34 06 | 07
#1456-d261 @A: 25 24 26 17 | 09
#1457-d261 @A: 25 17 29 21 | 08
#1458-d261 @A: 24 17 19 23 | 06
#1459-d261 @A: 30 17 11 23 | 04
#1460-d261 @A: 17 03 23 07 | 10
#1461-d261 @A: 04 29 22 17 | 02
#1462-d261 @A: 17 19 16 26 | 12
#1463-d261 @A: 15 04 17 32 | 05
#1464-d261 @A: 07 28 17 03 | 11
#1465-d261 @A: 17 03 27 16 | 03
#1466-d261 @A: 17 06 13 03 | 01
#1467-d261 @A: 25 08 33 31 | 07
#1468-d261 @A: 28 19 33 31 | 09
#1469-d261 @A: 07 31 13 34 | 08
#1470-d261 @A: 06 34 31 22 | 06
#1471-d261 @A: 24 19 25 31 | 04
#1472-d261 @A: 23 31 08 28 | 10
#1473-d261 @A: 27 23 31 21 | 02
#1474-d261 @A: 31 09 07 29 | 12
#1475-d261 @A: 31 27 04 19 | 05
#1476-d261 @A: 15 04 10 31 | 11
#1477-d261 @A: 07 28 31 11 | 03
#1478-d261 @A: 11 27 31 22 | 01
#1479-d261 @A: 16 19 13 31 | 07
#1480-d261 @A: 32 31 06 02 | 09
#1481-d261 @A: 32 09 31 15 | 08
#1482-d261 @A: 26 01 34 19 | 06
#1483-d261 @A: 30 34 27 01 | 04
#1484-d261 @A: 01 05 25 24 | 10
#1485-d261 @A: 27 01 23 14 | 02
#1486-d261 @A: 01 26 04 21 | 12
#1487-d261 @A: 32 01 26 28 | 05
#1488-d261 @A: 03 10 01 06 | 11
#1489-d261 @A: 22 13 11 01 | 03
#1490-d261 @A: 09 02 19 01 | 01
#1491-d261 @A: 02 33 34 05 | 07
#1492-d261 @A: 33 26 19 23 | 09
#1493-d261 @A: 10 07 33 29 | 08
#1494-d261 @A: 27 03 33 29 | 06
#1495-d261 @A: 33 30 26 09 | 04
#1496-d261 @A: 15 18 33 27 | 10
#1497-d261 @A: 11 10 33 14 | 02
#1498-d261 @A: 34 25 24 21 | 12
#1499-d261 @A: 30 34 26 07 | 05
#1500-d261 @A: 05 08 34 22 | 11
#1501-d261 @A: 22 09 34 27 | 03
#1502-d261 @A: 28 34 22 21 | 01
#1503-d261 @A: 34 06 15 13 | 07
#1504-d261 @A: 25 09 29 23 | 09
#1505-d261 @A: 16 25 28 24 | 08
#1506-d261 @A: 25 21 08 04 | 06
#1507-d261 @A: 30 04 25 10 | 04
#1508-d261 @A: 27 25 11 13 | 10
#1509-d261 @A: 10 28 25 03 | 02
#1510-d261 @A: 03 25 19 13 | 12
#1511-d261 @A: 15 06 25 09 | 05
#1512-d261 @A: 13 09 25 16 | 11
#1513-d261 @A: 15 23 07 24 | 03
#1514-d261 @A: 10 08 23 22 | 01
#1515-d261 @A: 03 10 27 23 | 07
#1516-d261 @A: 23 16 19 11 | 09
#1517-d261 @A: 16 24 10 15 | 08
#1518-d261 @A: 06 15 11 24 | 06
#1519-d261 @A: 19 16 22 24 | 04
#1520-d261 @A: 29 05 30 09 | 10
#1521-d261 @A: 07 29 16 18 | 02
#1522-d261 @A: 09 18 29 27 | 12
#1523-d261 @A: 18 21 29 06 | 05
#1524-d261 @A: 18 19 29 22 | 11
#1525-d261 @A: 18 28 26 08 | 03
#1526-d261 @A: 19 26 27 06 | 01
#1527-d261 @A: 19 14 15 26 | 07
#1528-d261 @A: 26 09 14 32 | 09
#1529-d261 @A: 08 10 18 04 | 08
#1530-d261 @A: 05 03 30 04 | 06
#1531-d261 @A: 04 27 02 22 | 04
#1532-d261 @A: 06 15 04 22 | 10
#1533-d261 @A: 07 22 05 27 | 02
#1534-d261 @A: 28 19 03 05 | 12
#1535-d261 @A: 05 28 13 18 | 05
#1536-d261 @A: 06 10 30 15 | 11
#1537-d261 @A: 03 30 22 32 | 03
#1538-d261 @A: 27 07 18 06 | 01
#1539-d261 @A: 10 14 06 07 | 07
#1540-d261 @A: 07 14 28 22 | 09
#1541-d261 @A: 16 19 02 07 | 08
#1542-d261 @A: 14 15 02 28 | 06
#1543-d261 @A: 35 02 20 34 | 04
#1544-d261 @A: 12 08 20 13 | 10
#1545-d261 @A: 12 20 09 18 | 02
#1546-d261 @A: 17 20 24 16 | 12
#1547-d261 @A: 32 31 20 23 | 05
#1548-d261 @A: 20 31 29 13 | 11
#1549-d261 @A: 31 20 30 03 | 03
#1550-d261 @A: 20 30 01 15 | 01
#1551-d261 @A: 07 22 01 20 | 07
#1552-d261 @A: 20 18 01 32 | 09
#1553-d261 @A: 33 25 19 20 | 08
#1554-d261 @A: 20 34 07 14 | 06
#1555-d261 @A: 25 24 20 18 | 04
#1556-d261 @A: 23 02 20 29 | 10
#1557-d261 @A: 20 26 21 30 | 02
#1558-d261 @A: 09 20 07 26 | 12
#1559-d261 @A: 08 20 07 02 | 05
#1560-d261 @A: 02 20 05 30 | 11
#1561-d261 @A: 02 27 13 20 | 03
#1562-d261 @A: 21 16 20 15 | 01
#1563-d261 @A: 20 19 18 15 | 07
#1564-d261 @A: 23 35 02 12 | 09
#1565-d261 @A: 24 31 11 35 | 08
#1566-d261 @A: 35 28 31 22 | 06
#1567-d261 @A: 01 35 30 28 | 04
#1568-d261 @A: 02 01 11 35 | 10
#1569-d261 @A: 23 27 35 33 | 02
#1570-d261 @A: 16 28 35 33 | 12
#1571-d261 @A: 34 15 35 29 | 05
#1572-d261 @A: 25 19 35 28 | 11
#1573-d261 @A: 35 23 05 08 | 03
#1574-d261 @A: 21 23 35 30 | 01
#1575-d261 @A: 35 22 14 23 | 07
#1576-d261 @A: 06 02 29 35 | 09
#1577-d261 @A: 35 28 15 05 | 08
#1578-d261 @A: 16 14 35 13 | 06
#1579-d261 @A: 12 17 23 04 | 04
#1580-d261 @A: 05 31 12 06 | 10
#1581-d261 @A: 01 12 11 18 | 02
#1582-d261 @A: 12 04 34 08 | 12
#1583-d261 @A: 25 27 12 24 | 05
#1584-d261 @A: 05 23 12 22 | 11
#1585-d261 @A: 11 24 10 12 | 03
#1586-d261 @A: 12 27 18 26 | 01
#1587-d261 @A: 16 11 12 04 | 07
#1588-d261 @A: 12 07 28 30 | 09
#1589-d261 @A: 27 16 14 12 | 08
#1590-d261 @A: 22 27 12 06 | 06
#1591-d261 @A: 22 02 12 10 | 04
#1592-d261 @A: 12 16 21 28 | 10
#1593-d261 @A: 22 28 12 02 | 02
#1594-d261 @A: 17 10 31 02 | 12
#1595-d261 @A: 33 17 34 25 | 05
#1596-d261 @A: 22 33 17 24 | 11
#1597-d261 @A: 14 17 26 34 | 03
#1598-d261 @A: 17 34 19 15 | 01
#1599-d261 @A: 08 15 25 17 | 07
#1600-d261 @A: 06 23 15 17 | 09
#1601-d261 @A: 17 24 10 30 | 08
#1602-d261 @A: 08 17 29 18 | 06
#1603-d261 @A: 08 04 17 26 | 04
#1604-d261 @A: 03 08 30 17 | 10
#1605-d261 @A: 04 16 05 17 | 02
#1606-d261 @A: 04 21 17 30 | 12
#1607-d261 @A: 21 17 11 02 | 05
#1608-d261 @A: 23 01 03 31 | 11
#1609-d261 @A: 32 31 24 33 | 03
#1610-d261 @A: 34 26 31 04 | 01
#1611-d261 @A: 02 08 34 31 | 07
#1612-d261 @A: 15 19 31 08 | 09
#1613-d261 @A: 31 13 02 03 | 08
#1614-d261 @A: 16 15 31 14 | 06
#1615-d261 @A: 21 01 25 33 | 04
#1616-d261 @A: 28 01 25 33 | 10
#1617-d261 @A: 01 23 06 33 | 02
#1618-d261 @A: 01 10 09 25 | 12
#1619-d261 @A: 06 14 29 01 | 05
#1620-d261 @A: 05 01 08 32 | 11
#1621-d261 @A: 01 03 22 14 | 03
#1622-d261 @A: 14 11 21 01 | 01
#1623-d261 @A: 23 26 28 33 | 07
#1624-d261 @A: 24 30 07 33 | 09
#1625-d261 @A: 29 33 05 19 | 08
#1626-d261 @A: 08 28 22 33 | 06
#1627-d261 @A: 13 33 30 04 | 04
#1628-d261 @A: 33 04 32 22 | 10
#1629-d261 @A: 10 21 18 33 | 02
#1630-d261 @A: 14 33 21 28 | 12
#1631-d261 @A: 14 33 09 19 | 05
#1632-d261 @A: 33 19 02 32 | 11
#1633-d261 @A: 25 34 08 27 | 03
#1634-d261 @A: 34 22 25 30 | 01
#1635-d261 @A: 23 26 34 08 | 07
#1636-d261 @A: 22 24 34 26 | 09
#1637-d261 @A: 05 24 34 27 | 08
#1638-d261 @A: 05 34 13 04 | 06
#1639-d261 @A: 34 05 03 19 | 04
#1640-d261 @A: 07 06 34 28 | 10
#1641-d261 @A: 34 10 14 21 | 02
#1642-d261 @A: 18 22 34 13 | 12
#1643-d261 @A: 25 24 14 32 | 05
#1644-d261 @A: 25 32 29 26 | 11
#1645-d261 @A: 26 25 05 11 | 03
#1646-d261 @A: 07 25 04 32 | 01
#1647-d261 @A: 27 18 04 23 | 07
#1648-d261 @A: 02 06 27 23 | 09
#1649-d261 @A: 32 15 23 10 | 08
#1650-d261 @A: 02 32 09 23 | 06
#1651-d261 @A: 32 07 29 24 | 04
#1652-d261 @A: 26 24 03 21 | 10
#1653-d261 @A: 08 19 24 05 | 02
#1654-d261 @A: 27 18 24 10 | 12
#1655-d261 @A: 03 27 24 02 | 05
#1656-d261 @A: 24 10 19 21 | 11
#1657-d261 @A: 15 22 03 24 | 03
#1658-d261 @A: 24 03 13 16 | 01
#1659-d261 @A: 24 22 06 28 | 07
#1660-d261 @A: 03 07 04 29 | 09
#1661-d261 @A: 28 19 07 29 | 08
#1662-d261 @A: 16 03 14 29 | 06
#1663-d261 @A: 29 02 21 13 | 04
#1664-d261 @A: 28 21 29 15 | 10
#1665-d261 @A: 09 13 15 29 | 02
#1666-d261 @A: 30 08 26 18 | 12
#1667-d261 @A: 26 14 08 21 | 05
#1668-d261 @A: 30 26 28 14 | 11
#1669-d261 @A: 11 09 26 27 | 03
#1670-d261 @A: 22 06 18 26 | 01
#1671-d261 @A: 07 08 05 11 | 07
#1672-d261 @A: 10 27 08 11 | 09
#1673-d261 @A: 18 13 08 27 | 08
#1674-d261 @A: 16 08 10 09 | 06
#1675-d261 @A: 08 16 15 03 | 04
#1676-d261 @A: 21 19 08 13 | 10
#1677-d261 @A: 04 03 09 13 | 02
#1678-d261 @A: 14 13 04 19 | 12
#1679-d261 @A: 04 22 09 21 | 05
#1680-d261 @A: 05 22 30 18 | 11
#1681-d261 @A: 05 15 10 27 | 03
#1682-d261 @A: 27 10 30 28 | 01
#1683-d261 @A: 30 22 10 09 | 07
#1684-d261 @A: 09 03 30 21 | 09
#1685-d261 @A: 03 21 27 07 | 08
#1686-d261 @A: 13 27 19 07 | 06
#1687-d261 @A: 15 14 07 22 | 04
#1688-d261 @A: 21 18 09 07 | 10
#1689-d261 @A: 27 09 28 11 | 02
