#0001-d276 @A: 19 09 34 05 | 03
#0002-d276 @A: 18 19 09 07 | 05
#0003-d276 @A: 10 09 19 23 | 12
#0004-d276 @A: 09 33 28 31 | 04
#0005-d276 @A: 28 29 13 09 | 02
#0006-d276 @A: 29 09 04 20 | 06
#0007-d276 @A: 33 15 09 18 | 09
#0008-d276 @A: 32 16 09 04 | 07
#0009-d276 @A: 09 25 17 35 | 08
#0010-d276 @A: 17 08 14 09 | 11
#0011-d276 @A: 35 14 09 21 | 10
#0012-d276 @A: 09 14 22 12 | 01
#0013-d276 @A: 06 09 10 07 | 03
#0014-d276 @A: 09 24 26 03 | 05
#0015-d276 @A: 22 09 08 03 | 12
#0016-d276 @A: 09 14 06 04 | 04
#0017-d276 @A: 34 33 09 25 | 02
#0018-d276 @A: 19 28 05 07 | 06
#0019-d276 @A: 31 08 19 28 | 09
#0020-d276 @A: 19 21 14 28 | 07
#0021-d276 @A: 34 29 19 20 | 08
#0022-d276 @A: 05 19 16 26 | 11
#0023-d276 @A: 19 06 02 30 | 10
#0024-d276 @A: 06 19 18 33 | 01
#0025-d276 @A: 30 29 19 07 | 03
#0026-d276 @A: 24 19 30 01 | 05
#0027-d276 @A: 19 16 23 32 | 12
#0028-d276 @A: 16 19 27 07 | 04
#0029-d276 @A: 34 19 16 06 | 02
#0030-d276 @A: 19 17 24 23 | 06
#0031-d276 @A: 17 21 19 01 | 09
#0032-d276 @A: 31 15 03 19 | 07
#0033-d276 @A: 33 34 19 12 | 08
#0034-d276 @A: 04 07 14 19 | 11
#0035-d276 @A: 11 33 15 19 | 10
#0036-d276 @A: 33 04 19 22 | 01
#0037-d276 @A: 28 33 02 20 | 03
#0038-d276 @A: 02 26 28 05 | 05
#0039-d276 @A: 02 34 28 30 | 12
#0040-d276 @A: 02 28 07 31 | 04
#0041-d276 @A: 02 28 29 06 | 02
#0042-d276 @A: 28 10 16 29 | 06
#0043-d276 @A: 28 22 17 27 | 09
#0044-d276 @A: 28 01 27 10 | 07
#0045-d276 @A: 28 17 21 08 | 08
#0046-d276 @A: 35 06 28 10 | 11
#0047-d276 @A: 20 03 02 32 | 10
#0048-d276 @A: 20 17 18 14 | 01
#0049-d276 @A: 30 06 20 07 | 03
#0050-d276 @A: 20 35 27 16 | 05
#0051-d276 @A: 20 23 33 35 | 12
#0052-d276 @A: 17 20 24 35 | 04
#0053-d276 @A: 20 35 01 06 | 02
#0054-d276 @A: 20 03 35 13 | 06
#0055-d276 @A: 07 32 20 22 | 09
#0056-d276 @A: 06 20 24 08 | 07
#0057-d276 @A: 08 04 32 20 | 08
#0058-d276 @A: 22 14 20 26 | 11
#0059-d276 @A: 02 33 35 05 | 10
#0060-d276 @A: 05 21 18 13 | 01
#0061-d276 @A: 05 30 27 25 | 03
#0062-d276 @A: 05 04 16 23 | 05
#0063-d276 @A: 16 29 34 05 | 12
#0064-d276 @A: 12 05 23 15 | 04
#0065-d276 @A: 21 05 01 23 | 02
#0066-d276 @A: 04 29 27 05 | 06
#0067-d276 @A: 27 03 25 05 | 09
#0068-d276 @A: 31 06 05 11 | 07
#0069-d276 @A: 13 05 15 25 | 08
#0070-d276 @A: 05 08 14 07 | 11
#0071-d276 @A: 03 04 05 07 | 10
#0072-d276 @A: 34 08 15 05 | 01
#0073-d276 @A: 17 02 12 11 | 03
#0074-d276 @A: 02 21 01 12 | 05
#0075-d276 @A: 22 32 02 26 | 12
#0076-d276 @A: 33 11 02 04 | 04
#0077-d276 @A: 30 13 32 18 | 02
#0078-d276 @A: 35 18 11 21 | 06
#0079-d276 @A: 18 31 11 15 | 09
#0080-d276 @A: 21 18 25 12 | 07
#0081-d276 @A: 14 22 18 15 | 08
#0082-d276 @A: 32 33 22 18 | 11
#0083-d276 @A: 11 10 22 18 | 10
#0084-d276 @A: 25 34 14 18 | 01
#0085-d276 @A: 30 21 22 17 | 03
#0086-d276 @A: 21 30 29 13 | 05
#0087-d276 @A: 08 24 30 10 | 12
#0088-d276 @A: 27 11 03 16 | 04
#0089-d276 @A: 03 16 08 35 | 02
#0090-d276 @A: 31 08 16 29 | 06
#0091-d276 @A: 31 16 01 33 | 09
#0092-d276 @A: 04 16 12 22 | 07
#0093-d276 @A: 16 03 21 33 | 08
#0094-d276 @A: 23 26 35 29 | 11
#0095-d276 @A: 23 13 25 29 | 10
#0096-d276 @A: 21 14 23 03 | 01
#0097-d276 @A: 15 24 34 23 | 03
#0098-d276 @A: 23 06 11 03 | 05
#0099-d276 @A: 27 22 31 12 | 12
#0100-d276 @A: 27 13 24 04 | 04
#0101-d276 @A: 27 15 13 32 | 02
#0102-d276 @A: 32 27 04 22 | 06
#0103-d276 @A: 27 26 22 33 | 09
#0104-d276 @A: 22 14 27 34 | 07
#0105-d276 @A: 26 27 04 25 | 08
#0106-d276 @A: 12 26 33 17 | 11
#0107-d276 @A: 06 03 13 17 | 10
#0108-d276 @A: 15 14 17 06 | 01
#0109-d276 @A: 22 08 11 17 | 03
#0110-d276 @A: 17 11 26 34 | 05
#0111-d276 @A: 21 10 31 35 | 12
#0112-d276 @A: 07 29 03 35 | 04
#0113-d276 @A: 25 33 35 29 | 02
#0114-d276 @A: 06 13 35 15 | 06
#0115-d276 @A: 24 04 15 35 | 09
#0116-d276 @A: 25 34 06 35 | 07
#0117-d276 @A: 31 24 07 08 | 08
#0118-d276 @A: 15 14 04 31 | 11
#0119-d276 @A: 29 21 22 12 | 10
#0120-d276 @A: 29 10 14 13 | 01
#0121-d276 @A: 11 29 24 04 | 03
#0122-d276 @A: 26 24 29 34 | 05
#0123-d276 @A: 29 11 15 06 | 12
#0124-d276 @A: 22 08 29 04 | 04
#0125-d276 @A: 10 33 29 11 | 02
#0126-d276 @A: 26 32 07 12 | 06
#0127-d276 @A: 26 06 12 04 | 09
#0128-d276 @A: 10 01 21 13 | 07
#0129-d276 @A: 01 15 24 21 | 08
#0130-d276 @A: 33 01 13 34 | 11
#0131-d276 @A: 03 34 01 32 | 10
#0132-d276 @A: 07 34 15 21 | 01
#0133-d276 @A: 22 34 21 06 | 03
#0134-d276 @A: 15 24 03 25 | 05
#0135-d276 @A: 19 21 33 09 | 12
#0136-d276 @A: 03 14 28 09 | 04
#0137-d276 @A: 32 09 20 02 | 02
#0138-d276 @A: 20 10 03 09 | 06
#0139-d276 @A: 26 23 05 09 | 09
#0140-d276 @A: 09 07 27 05 | 07
#0141-d276 @A: 21 09 18 34 | 08
#0142-d276 @A: 21 27 32 09 | 11
#0143-d276 @A: 12 31 09 25 | 10
#0144-d276 @A: 09 29 32 01 | 01
#0145-d276 @A: 07 09 22 11 | 03
#0146-d276 @A: 25 04 07 09 | 05
#0147-d276 @A: 11 06 32 09 | 12
#0148-d276 @A: 15 16 19 20 | 04
#0149-d276 @A: 24 20 27 19 | 02
#0150-d276 @A: 06 20 21 19 | 06
#0151-d276 @A: 19 05 08 18 | 09
#0152-d276 @A: 29 19 05 33 | 07
#0153-d276 @A: 05 19 06 03 | 08
#0154-d276 @A: 19 21 02 24 | 11
#0155-d276 @A: 19 15 26 02 | 10
#0156-d276 @A: 14 19 33 02 | 01
#0157-d276 @A: 33 30 31 19 | 03
#0158-d276 @A: 14 16 31 19 | 05
#0159-d276 @A: 19 25 33 16 | 12
#0160-d276 @A: 25 19 23 14 | 04
#0161-d276 @A: 11 19 21 27 | 02
#0162-d276 @A: 29 26 31 19 | 06
#0163-d276 @A: 07 19 06 25 | 09
#0164-d276 @A: 28 05 12 34 | 07
#0165-d276 @A: 24 18 28 02 | 08
#0166-d276 @A: 31 18 28 22 | 11
#0167-d276 @A: 07 03 28 18 | 10
#0168-d276 @A: 28 17 30 12 | 01
#0169-d276 @A: 27 23 15 28 | 03
#0170-d276 @A: 12 04 35 28 | 05
#0171-d276 @A: 25 13 28 35 | 12
#0172-d276 @A: 28 01 29 15 | 04
#0173-d276 @A: 21 34 28 29 | 02
#0174-d276 @A: 33 13 28 07 | 06
#0175-d276 @A: 28 10 24 13 | 09
#0176-d276 @A: 08 34 07 28 | 07
#0177-d276 @A: 26 34 14 28 | 08
#0178-d276 @A: 20 05 22 21 | 11
#0179-d276 @A: 23 02 20 14 | 10
#0180-d276 @A: 22 02 31 20 | 01
#0181-d276 @A: 20 18 35 04 | 03
#0182-d276 @A: 01 20 13 18 | 05
#0183-d276 @A: 20 13 30 08 | 12
#0184-d276 @A: 26 20 07 16 | 04
#0185-d276 @A: 13 17 12 20 | 02
#0186-d276 @A: 07 20 31 33 | 06
#0187-d276 @A: 20 01 15 14 | 09
#0188-d276 @A: 21 32 15 20 | 07
#0189-d276 @A: 20 11 24 13 | 08
#0190-d276 @A: 20 11 25 04 | 11
#0191-d276 @A: 05 13 02 12 | 10
#0192-d276 @A: 30 05 22 18 | 01
#0193-d276 @A: 18 05 11 14 | 03
#0194-d276 @A: 05 03 34 16 | 05
#0195-d276 @A: 05 23 06 10 | 12
#0196-d276 @A: 10 17 05 27 | 04
#0197-d276 @A: 35 07 05 12 | 02
#0198-d276 @A: 05 12 22 01 | 06
#0199-d276 @A: 04 03 05 01 | 09
#0200-d276 @A: 06 15 05 04 | 07
#0201-d276 @A: 32 05 04 14 | 08
#0202-d276 @A: 30 02 12 14 | 11
#0203-d276 @A: 02 30 21 32 | 10
#0204-d276 @A: 02 27 33 07 | 01
#0205-d276 @A: 33 02 17 01 | 03
#0206-d276 @A: 29 02 10 31 | 05
#0207-d276 @A: 02 03 10 13 | 12
#0208-d276 @A: 02 04 15 07 | 04
#0209-d276 @A: 32 02 11 34 | 02
#0210-d276 @A: 02 08 14 34 | 06
#0211-d276 @A: 22 06 10 02 | 09
#0212-d276 @A: 30 18 29 34 | 07
#0213-d276 @A: 12 18 24 23 | 08
#0214-d276 @A: 27 34 18 15 | 11
#0215-d276 @A: 18 25 22 27 | 10
#0216-d276 @A: 31 12 14 18 | 01
#0217-d276 @A: 24 18 33 10 | 03
#0218-d276 @A: 08 18 10 06 | 05
#0219-d276 @A: 26 33 18 25 | 12
#0220-d276 @A: 16 17 04 30 | 04
#0221-d276 @A: 12 23 32 30 | 02
#0222-d276 @A: 10 30 15 31 | 06
#0223-d276 @A: 30 22 32 31 | 09
#0224-d276 @A: 08 30 29 32 | 07
#0225-d276 @A: 12 34 30 07 | 08
#0226-d276 @A: 30 34 03 21 | 11
#0227-d276 @A: 33 24 03 30 | 10
#0228-d276 @A: 14 22 30 08 | 01
#0229-d276 @A: 26 06 30 22 | 03
#0230-d276 @A: 10 30 33 34 | 05
#0231-d276 @A: 16 01 04 27 | 12
#0232-d276 @A: 27 14 21 16 | 04
#0233-d276 @A: 06 17 24 16 | 02
#0234-d276 @A: 35 16 29 11 | 06
#0235-d276 @A: 12 21 08 16 | 09
#0236-d276 @A: 08 16 24 04 | 07
#0237-d276 @A: 10 34 14 16 | 08
#0238-d276 @A: 23 07 15 35 | 11
#0239-d276 @A: 31 08 21 23 | 10
#0240-d276 @A: 32 23 22 11 | 01
#0241-d276 @A: 23 11 14 10 | 03
#0242-d276 @A: 27 12 33 01 | 05
#0243-d276 @A: 34 32 27 10 | 12
#0244-d276 @A: 04 33 06 27 | 04
#0245-d276 @A: 27 06 03 34 | 02
#0246-d276 @A: 33 31 21 17 | 06
#0247-d276 @A: 13 25 14 17 | 09
#0248-d276 @A: 17 14 24 22 | 07
#0249-d276 @A: 22 04 10 17 | 08
#0250-d276 @A: 10 06 17 26 | 11
#0251-d276 @A: 21 03 35 12 | 10
#0252-d276 @A: 34 21 26 35 | 01
#0253-d276 @A: 34 35 13 22 | 03
#0254-d276 @A: 06 07 35 32 | 05
#0255-d276 @A: 35 11 07 04 | 12
#0256-d276 @A: 07 14 35 25 | 04
#0257-d276 @A: 35 03 14 06 | 02
#0258-d276 @A: 12 10 33 31 | 06
#0259-d276 @A: 31 14 24 26 | 09
#0260-d276 @A: 11 25 31 34 | 07
#0261-d276 @A: 24 01 12 29 | 08
#0262-d276 @A: 13 15 29 07 | 11
#0263-d276 @A: 25 29 08 24 | 10
#0264-d276 @A: 03 29 24 11 | 01
#0265-d276 @A: 22 15 29 33 | 03
#0266-d276 @A: 06 08 29 14 | 05
#0267-d276 @A: 24 34 12 13 | 12
#0268-d276 @A: 11 21 07 01 | 04
#0269-d276 @A: 15 11 26 01 | 02
#0270-d276 @A: 32 01 04 11 | 06
#0271-d276 @A: 01 32 14 10 | 09
#0272-d276 @A: 01 25 11 03 | 07
#0273-d276 @A: 24 21 32 22 | 08
#0274-d276 @A: 15 21 22 26 | 11
#0275-d276 @A: 21 10 34 04 | 10
#0276-d276 @A: 14 13 03 32 | 01
#0277-d276 @A: 32 22 04 03 | 03
#0278-d276 @A: 28 34 09 16 | 05
#0279-d276 @A: 17 09 24 28 | 12
#0280-d276 @A: 28 08 09 12 | 04
#0281-d276 @A: 09 22 01 28 | 02
#0282-d276 @A: 20 13 31 09 | 06
#0283-d276 @A: 05 31 15 09 | 09
#0284-d276 @A: 21 05 11 09 | 07
#0285-d276 @A: 23 09 07 02 | 08
#0286-d276 @A: 18 11 17 09 | 11
#0287-d276 @A: 09 32 14 18 | 10
#0288-d276 @A: 07 30 09 31 | 01
#0289-d276 @A: 22 21 23 09 | 03
#0290-d276 @A: 10 21 09 17 | 05
#0291-d276 @A: 09 24 15 13 | 12
#0292-d276 @A: 33 03 09 15 | 04
#0293-d276 @A: 06 26 15 09 | 02
#0294-d276 @A: 09 25 06 08 | 06
#0295-d276 @A: 27 34 28 19 | 09
#0296-d276 @A: 18 20 25 19 | 07
#0297-d276 @A: 25 19 12 05 | 08
#0298-d276 @A: 21 04 19 18 | 11
#0299-d276 @A: 13 03 18 19 | 10
#0300-d276 @A: 19 16 30 22 | 01
#0301-d276 @A: 19 23 34 03 | 03
#0302-d276 @A: 29 15 35 19 | 05
#0303-d276 @A: 19 10 14 35 | 12
#0304-d276 @A: 19 31 15 21 | 04
#0305-d276 @A: 26 03 21 19 | 02
#0306-d276 @A: 13 14 19 15 | 06
#0307-d276 @A: 19 34 13 32 | 09
#0308-d276 @A: 08 19 24 34 | 07
#0309-d276 @A: 28 15 05 21 | 08
#0310-d276 @A: 07 28 16 18 | 11
#0311-d276 @A: 17 28 16 25 | 10
#0312-d276 @A: 28 16 29 03 | 01
#0313-d276 @A: 33 28 12 16 | 03
#0314-d276 @A: 23 28 06 12 | 05
#0315-d276 @A: 28 25 22 15 | 12
#0316-d276 @A: 10 04 28 08 | 04
#0317-d276 @A: 11 28 03 08 | 02
#0318-d276 @A: 28 14 22 11 | 06
#0319-d276 @A: 06 03 28 04 | 09
#0320-d276 @A: 05 24 20 18 | 07
#0321-d276 @A: 27 18 06 20 | 08
#0322-d276 @A: 30 27 03 20 | 11
#0323-d276 @A: 30 20 35 15 | 10
#0324-d276 @A: 30 20 34 31 | 01
#0325-d276 @A: 20 21 16 04 | 03
#0326-d276 @A: 23 12 20 04 | 05
#0327-d276 @A: 06 04 20 31 | 12
#0328-d276 @A: 34 01 12 20 | 04
#0329-d276 @A: 21 12 20 10 | 02
#0330-d276 @A: 13 20 32 25 | 06
#0331-d276 @A: 34 20 32 06 | 09
#0332-d276 @A: 05 14 31 02 | 07
#0333-d276 @A: 05 18 04 10 | 08
#0334-d276 @A: 22 05 27 16 | 11
#0335-d276 @A: 05 11 08 29 | 10
#0336-d276 @A: 32 05 13 06 | 01
#0337-d276 @A: 32 10 08 05 | 03
#0338-d276 @A: 08 05 14 03 | 05
#0339-d276 @A: 05 25 34 10 | 12
#0340-d276 @A: 13 02 04 18 | 04
#0341-d276 @A: 16 26 02 01 | 02
#0342-d276 @A: 02 15 01 31 | 06
#0343-d276 @A: 04 12 02 29 | 09
#0344-d276 @A: 33 29 21 02 | 07
#0345-d276 @A: 02 03 24 06 | 08
#0346-d276 @A: 11 15 02 22 | 11
#0347-d276 @A: 10 27 16 18 | 10
#0348-d276 @A: 16 18 33 21 | 01
#0349-d276 @A: 27 18 23 04 | 03
#0350-d276 @A: 18 23 17 33 | 05
#0351-d276 @A: 29 18 23 32 | 12
#0352-d276 @A: 26 07 18 24 | 04
#0353-d276 @A: 18 26 10 15 | 02
#0354-d276 @A: 34 08 18 33 | 06
#0355-d276 @A: 30 23 21 06 | 09
#0356-d276 @A: 30 27 35 06 | 07
#0357-d276 @A: 29 10 27 30 | 08
#0358-d276 @A: 17 30 32 01 | 11
#0359-d276 @A: 04 26 35 30 | 10
#0360-d276 @A: 29 22 01 30 | 01
#0361-d276 @A: 30 04 01 33 | 03
#0362-d276 @A: 04 30 21 14 | 05
#0363-d276 @A: 24 30 14 07 | 12
#0364-d276 @A: 30 22 33 07 | 04
#0365-d276 @A: 24 32 30 33 | 02
#0366-d276 @A: 34 17 16 01 | 06
#0367-d276 @A: 21 16 17 32 | 09
#0368-d276 @A: 17 16 15 22 | 07
#0369-d276 @A: 01 29 16 07 | 08
#0370-d276 @A: 13 16 06 07 | 11
#0371-d276 @A: 10 07 22 16 | 10
#0372-d276 @A: 15 16 03 32 | 01
#0373-d276 @A: 25 08 16 32 | 03
#0374-d276 @A: 34 16 08 26 | 05
#0375-d276 @A: 26 16 11 22 | 12
#0376-d276 @A: 23 17 29 03 | 04
#0377-d276 @A: 35 21 23 32 | 02
#0378-d276 @A: 23 29 11 21 | 06
#0379-d276 @A: 29 08 23 07 | 09
#0380-d276 @A: 01 23 11 12 | 07
#0381-d276 @A: 23 04 21 33 | 08
#0382-d276 @A: 33 10 08 23 | 11
#0383-d276 @A: 11 06 23 34 | 10
#0384-d276 @A: 14 17 03 27 | 01
#0385-d276 @A: 03 27 31 04 | 03
#0386-d276 @A: 10 27 26 12 | 05
#0387-d276 @A: 27 10 06 24 | 12
#0388-d276 @A: 22 11 27 06 | 04
#0389-d276 @A: 10 03 27 26 | 02
#0390-d276 @A: 08 31 01 17 | 06
#0391-d276 @A: 33 21 12 35 | 09
#0392-d276 @A: 03 35 34 11 | 07
#0393-d276 @A: 29 34 14 31 | 08
#0394-d276 @A: 07 32 31 13 | 11
#0395-d276 @A: 10 31 13 34 | 10
#0396-d276 @A: 07 31 04 10 | 01
#0397-d276 @A: 33 15 31 24 | 03
#0398-d276 @A: 03 26 08 31 | 05
#0399-d276 @A: 26 13 29 03 | 12
#0400-d276 @A: 07 03 29 06 | 04
#0401-d276 @A: 03 33 29 32 | 02
#0402-d276 @A: 13 33 11 12 | 06
#0403-d276 @A: 24 08 12 15 | 09
#0404-d276 @A: 15 22 12 34 | 07
#0405-d276 @A: 10 08 12 22 | 08
#0406-d276 @A: 06 01 07 14 | 11
#0407-d276 @A: 10 33 01 15 | 10
#0408-d276 @A: 26 25 01 14 | 01
#0409-d276 @A: 10 21 07 03 | 03
#0410-d276 @A: 21 26 25 07 | 05
#0411-d276 @A: 04 22 11 21 | 12
#0412-d276 @A: 03 22 33 06 | 04
#0413-d276 @A: 01 09 33 20 | 02
#0414-d276 @A: 09 22 05 02 | 06
#0415-d276 @A: 03 09 05 35 | 09
#0416-d276 @A: 05 12 32 09 | 07
#0417-d276 @A: 09 05 08 04 | 08
#0418-d276 @A: 14 02 29 09 | 11
#0419-d276 @A: 09 16 22 18 | 10
#0420-d276 @A: 27 13 09 18 | 01
#0421-d276 @A: 17 18 09 03 | 03
#0422-d276 @A: 12 09 30 10 | 05
#0423-d276 @A: 09 30 01 25 | 12
#0424-d276 @A: 17 16 09 12 | 04
#0425-d276 @A: 29 17 34 09 | 02
#0426-d276 @A: 09 29 22 24 | 06
#0427-d276 @A: 13 07 21 09 | 09
#0428-d276 @A: 04 22 09 15 | 07
#0429-d276 @A: 25 10 22 09 | 08
#0430-d276 @A: 26 11 14 09 | 11
#0431-d276 @A: 20 28 13 19 | 10
#0432-d276 @A: 28 01 19 25 | 01
#0433-d276 @A: 19 10 20 04 | 03
#0434-d276 @A: 19 13 30 05 | 05
#0435-d276 @A: 05 19 24 31 | 12
#0436-d276 @A: 25 19 02 27 | 04
#0437-d276 @A: 04 32 02 19 | 02
#0438-d276 @A: 18 14 19 29 | 06
#0439-d276 @A: 10 12 16 19 | 09
#0440-d276 @A: 23 11 19 35 | 07
#0441-d276 @A: 31 17 19 22 | 08
#0442-d276 @A: 19 06 12 17 | 11
#0443-d276 @A: 19 25 35 21 | 10
#0444-d276 @A: 26 21 12 19 | 01
#0445-d276 @A: 21 22 07 19 | 03
#0446-d276 @A: 19 06 08 11 | 05
#0447-d276 @A: 22 14 19 06 | 12
#0448-d276 @A: 03 28 23 20 | 04
#0449-d276 @A: 14 20 27 28 | 02
#0450-d276 @A: 15 24 20 28 | 06
#0451-d276 @A: 28 25 20 08 | 09
#0452-d276 @A: 05 11 28 17 | 07
#0453-d276 @A: 29 28 05 24 | 08
#0454-d276 @A: 28 14 01 02 | 11
#0455-d276 @A: 21 02 13 28 | 10
#0456-d276 @A: 25 02 32 28 | 01
#0457-d276 @A: 30 23 28 33 | 03
#0458-d276 @A: 27 16 28 13 | 05
#0459-d276 @A: 25 27 28 31 | 12
#0460-d276 @A: 12 15 31 28 | 04
#0461-d276 @A: 28 03 01 21 | 02
#0462-d276 @A: 28 32 08 13 | 06
#0463-d276 @A: 06 13 28 34 | 09
#0464-d276 @A: 07 24 28 11 | 07
#0465-d276 @A: 07 15 10 28 | 08
#0466-d276 @A: 20 05 32 35 | 11
#0467-d276 @A: 12 05 06 20 | 10
#0468-d276 @A: 11 20 02 21 | 01
#0469-d276 @A: 16 30 18 20 | 03
#0470-d276 @A: 22 29 20 18 | 05
#0471-d276 @A: 20 31 16 10 | 12
#0472-d276 @A: 22 23 27 20 | 04
#0473-d276 @A: 07 27 01 20 | 02
#0474-d276 @A: 17 21 34 20 | 06
#0475-d276 @A: 31 14 21 20 | 09
#0476-d276 @A: 03 07 15 20 | 07
#0477-d276 @A: 04 15 33 20 | 08
#0478-d276 @A: 20 04 03 34 | 11
#0479-d276 @A: 20 10 33 06 | 10
#0480-d276 @A: 06 05 18 02 | 01
#0481-d276 @A: 18 17 32 05 | 03
#0482-d276 @A: 05 15 35 18 | 05
#0483-d276 @A: 30 35 05 29 | 12
#0484-d276 @A: 26 30 05 01 | 04
#0485-d276 @A: 25 21 05 16 | 02
#0486-d276 @A: 24 05 21 27 | 06
#0487-d276 @A: 35 14 22 05 | 09
#0488-d276 @A: 29 05 10 07 | 07
#0489-d276 @A: 22 32 05 25 | 08
#0490-d276 @A: 02 30 18 07 | 11
#0491-d276 @A: 21 02 18 14 | 10
#0492-d276 @A: 18 11 02 26 | 01
#0493-d276 @A: 15 02 29 30 | 03
#0494-d276 @A: 02 16 27 12 | 05
#0495-d276 @A: 35 02 27 26 | 12
#0496-d276 @A: 21 22 02 27 | 04
#0497-d276 @A: 21 02 04 17 | 02
#0498-d276 @A: 07 35 02 21 | 06
#0499-d276 @A: 29 02 01 11 | 09
#0500-d276 @A: 25 06 02 13 | 07
#0501-d276 @A: 08 24 02 33 | 08
#0502-d276 @A: 30 35 08 18 | 11
#0503-d276 @A: 30 15 06 18 | 10
#0504-d276 @A: 34 16 32 18 | 01
#0505-d276 @A: 26 18 16 14 | 03
#0506-d276 @A: 23 18 35 03 | 05
#0507-d276 @A: 17 18 21 07 | 12
#0508-d276 @A: 31 13 35 18 | 04
#0509-d276 @A: 21 10 18 29 | 02
#0510-d276 @A: 33 18 01 03 | 06
#0511-d276 @A: 10 18 14 07 | 09
#0512-d276 @A: 27 16 08 30 | 07
#0513-d276 @A: 31 16 13 30 | 08
#0514-d276 @A: 30 07 32 16 | 11
#0515-d276 @A: 30 25 23 34 | 10
#0516-d276 @A: 11 30 23 03 | 01
#0517-d276 @A: 27 12 13 30 | 03
#0518-d276 @A: 34 30 31 03 | 05
#0519-d276 @A: 30 12 07 03 | 12
#0520-d276 @A: 26 30 10 13 | 04
#0521-d276 @A: 24 04 34 30 | 02
#0522-d276 @A: 14 10 30 25 | 06
#0523-d276 @A: 27 16 15 26 | 09
#0524-d276 @A: 16 26 21 29 | 07
#0525-d276 @A: 01 12 13 16 | 08
#0526-d276 @A: 07 16 33 08 | 11
#0527-d276 @A: 25 24 26 16 | 10
#0528-d276 @A: 23 27 17 06 | 01
#0529-d276 @A: 17 23 29 15 | 03
#0530-d276 @A: 23 06 29 22 | 05
#0531-d276 @A: 01 24 33 23 | 12
#0532-d276 @A: 23 32 07 25 | 04
#0533-d276 @A: 17 12 27 25 | 02
#0534-d276 @A: 27 10 35 33 | 06
#0535-d276 @A: 25 27 24 34 | 09
#0536-d276 @A: 15 04 11 27 | 07
#0537-d276 @A: 32 08 03 27 | 08
#0538-d276 @A: 06 35 17 21 | 11
#0539-d276 @A: 24 12 04 17 | 10
#0540-d276 @A: 32 17 33 11 | 01
#0541-d276 @A: 33 04 17 08 | 03
#0542-d276 @A: 31 35 25 01 | 05
#0543-d276 @A: 22 35 07 24 | 12
#0544-d276 @A: 15 34 35 11 | 04
#0545-d276 @A: 31 21 01 29 | 02
#0546-d276 @A: 31 25 07 29 | 06
#0547-d276 @A: 31 01 26 34 | 09
#0548-d276 @A: 32 34 31 15 | 07
#0549-d276 @A: 33 32 34 29 | 08
#0550-d276 @A: 06 01 12 25 | 11
#0551-d276 @A: 24 26 12 11 | 10
#0552-d276 @A: 08 26 12 14 | 01
#0553-d276 @A: 25 03 33 12 | 03
#0554-d276 @A: 01 34 14 21 | 05
#0555-d276 @A: 13 24 01 32 | 12
#0556-d276 @A: 13 08 26 01 | 04
#0557-d276 @A: 33 07 26 01 | 02
#0558-d276 @A: 22 34 04 01 | 06
#0559-d276 @A: 04 21 13 15 | 09
#0560-d276 @A: 24 11 21 14 | 07
#0561-d276 @A: 11 04 03 21 | 08
#0562-d276 @A: 03 15 13 11 | 11
#0563-d276 @A: 24 14 34 03 | 10
#0564-d276 @A: 09 28 25 14 | 01
#0565-d276 @A: 23 20 09 06 | 03
#0566-d276 @A: 09 20 21 08 | 05
#0567-d276 @A: 10 01 09 02 | 12
#0568-d276 @A: 09 24 02 11 | 04
#0569-d276 @A: 09 29 26 30 | 02
#0570-d276 @A: 09 03 27 21 | 06
#0571-d276 @A: 31 11 01 09 | 09
#0572-d276 @A: 11 34 09 12 | 07
#0573-d276 @A: 13 34 09 14 | 08
#0574-d276 @A: 24 07 33 09 | 11
#0575-d276 @A: 26 09 10 04 | 10
#0576-d276 @A: 15 28 19 30 | 01
#0577-d276 @A: 19 04 23 28 | 03
#0578-d276 @A: 14 20 19 05 | 05
#0579-d276 @A: 11 20 31 19 | 12
#0580-d276 @A: 05 19 32 27 | 04
#0581-d276 @A: 19 08 02 17 | 02
#0582-d276 @A: 12 19 07 02 | 06
#0583-d276 @A: 19 03 01 02 | 09
#0584-d276 @A: 24 18 19 35 | 07
#0585-d276 @A: 18 32 10 19 | 08
#0586-d276 @A: 16 13 21 19 | 11
#0587-d276 @A: 19 27 13 29 | 10
#0588-d276 @A: 29 19 06 01 | 01
#0589-d276 @A: 19 32 07 33 | 03
#0590-d276 @A: 35 20 26 28 | 05
#0591-d276 @A: 18 28 05 25 | 12
#0592-d276 @A: 14 28 13 05 | 04
#0593-d276 @A: 30 28 02 03 | 02
#0594-d276 @A: 18 32 21 28 | 06
#0595-d276 @A: 30 28 14 16 | 09
#0596-d276 @A: 28 21 10 30 | 07
#0597-d276 @A: 10 14 28 12 | 08
#0598-d276 @A: 06 04 07 28 | 11
#0599-d276 @A: 34 11 28 10 | 10
#0600-d276 @A: 25 28 11 33 | 01
#0601-d276 @A: 13 23 16 20 | 03
#0602-d276 @A: 01 16 20 25 | 05
#0603-d276 @A: 11 20 17 23 | 12
#0604-d276 @A: 29 20 27 25 | 04
#0605-d276 @A: 20 01 31 24 | 02
#0606-d276 @A: 22 20 25 24 | 06
#0607-d276 @A: 03 25 20 14 | 09
#0608-d276 @A: 20 11 06 14 | 07
#0609-d276 @A: 05 02 29 17 | 08
#0610-d276 @A: 16 31 18 05 | 11
#0611-d276 @A: 05 33 31 27 | 10
#0612-d276 @A: 14 05 17 21 | 01
#0613-d276 @A: 05 12 26 29 | 03
#0614-d276 @A: 25 05 29 01 | 05
#0615-d276 @A: 10 05 12 24 | 12
#0616-d276 @A: 03 11 05 10 | 04
#0617-d276 @A: 25 05 26 11 | 02
#0618-d276 @A: 27 02 17 18 | 06
#0619-d276 @A: 30 17 25 02 | 09
#0620-d276 @A: 02 29 34 27 | 07
#0621-d276 @A: 06 17 31 02 | 08
#0622-d276 @A: 26 29 07 02 | 11
#0623-d276 @A: 12 02 15 33 | 10
#0624-d276 @A: 02 21 10 08 | 01
#0625-d276 @A: 02 14 10 15 | 03
#0626-d276 @A: 22 04 14 02 | 05
#0627-d276 @A: 22 33 02 34 | 12
#0628-d276 @A: 02 03 25 22 | 04
#0629-d276 @A: 18 14 30 23 | 02
#0630-d276 @A: 17 26 30 18 | 06
#0631-d276 @A: 10 18 30 01 | 09
#0632-d276 @A: 16 35 18 25 | 07
#0633-d276 @A: 18 27 03 32 | 08
#0634-d276 @A: 18 29 31 24 | 11
#0635-d276 @A: 33 14 18 13 | 10
#0636-d276 @A: 07 33 18 04 | 01
#0637-d276 @A: 26 30 16 12 | 03
#0638-d276 @A: 16 03 13 30 | 05
#0639-d276 @A: 24 23 27 30 | 12
#0640-d276 @A: 15 22 23 30 | 04
#0641-d276 @A: 33 30 12 29 | 02
#0642-d276 @A: 24 22 12 30 | 06
#0643-d276 @A: 15 24 26 30 | 09
#0644-d276 @A: 15 32 04 30 | 07
#0645-d276 @A: 34 26 30 32 | 08
#0646-d276 @A: 22 14 03 30 | 11
#0647-d276 @A: 06 33 25 30 | 10
#0648-d276 @A: 30 14 33 26 | 01
#0649-d276 @A: 03 12 17 16 | 03
#0650-d276 @A: 35 31 04 16 | 05
#0651-d276 @A: 15 24 16 10 | 12
#0652-d276 @A: 16 14 04 25 | 04
#0653-d276 @A: 27 23 25 35 | 02
#0654-d276 @A: 12 08 27 23 | 06
#0655-d276 @A: 23 27 01 03 | 09
#0656-d276 @A: 25 04 23 06 | 07
#0657-d276 @A: 13 33 17 27 | 08
#0658-d276 @A: 26 29 01 27 | 11
#0659-d276 @A: 25 27 14 15 | 10
#0660-d276 @A: 27 08 10 25 | 01
#0661-d276 @A: 10 14 27 04 | 03
#0662-d276 @A: 27 34 26 06 | 05
#0663-d276 @A: 03 17 35 33 | 12
#0664-d276 @A: 17 12 01 14 | 04
#0665-d276 @A: 06 07 17 08 | 02
#0666-d276 @A: 34 14 17 07 | 06
#0667-d276 @A: 32 15 17 10 | 09
#0668-d276 @A: 04 25 03 17 | 07
#0669-d276 @A: 12 24 31 35 | 08
#0670-d276 @A: 03 31 25 35 | 11
#0671-d276 @A: 10 24 35 32 | 10
#0672-d276 @A: 03 10 24 35 | 01
#0673-d276 @A: 26 15 35 14 | 03
#0674-d276 @A: 13 24 31 06 | 05
#0675-d276 @A: 31 13 33 25 | 12
#0676-d276 @A: 31 03 08 07 | 04
#0677-d276 @A: 11 07 31 14 | 02
#0678-d276 @A: 11 08 32 31 | 06
#0679-d276 @A: 32 29 15 24 | 09
#0680-d276 @A: 03 29 25 08 | 07
#0681-d276 @A: 32 33 08 12 | 08
#0682-d276 @A: 12 32 03 06 | 11
#0683-d276 @A: 04 24 01 07 | 10
#0684-d276 @A: 32 34 25 01 | 01
#0685-d276 @A: 01 34 08 11 | 03
#0686-d276 @A: 26 13 21 14 | 05
#0687-d276 @A: 21 33 10 07 | 12
#0688-d276 @A: 25 08 14 21 | 04
#0689-d276 @A: 22 14 10 21 | 02
#0690-d276 @A: 17 27 19 09 | 06
#0691-d276 @A: 28 35 27 09 | 09
#0692-d276 @A: 09 11 20 27 | 07
#0693-d276 @A: 09 20 15 17 | 08
#0694-d276 @A: 09 13 05 35 | 11
#0695-d276 @A: 09 24 04 18 | 10
#0696-d276 @A: 10 31 27 09 | 01
#0697-d276 @A: 12 27 06 09 | 03
#0698-d276 @A: 01 35 09 08 | 05
#0699-d276 @A: 11 12 09 03 | 12
#0700-d276 @A: 22 08 13 09 | 04
#0701-d276 @A: 09 07 08 26 | 02
#0702-d276 @A: 09 08 11 10 | 06
#0703-d276 @A: 01 19 26 20 | 09
#0704-d276 @A: 08 33 20 19 | 07
#0705-d276 @A: 06 05 19 35 | 08
#0706-d276 @A: 18 02 22 19 | 11
#0707-d276 @A: 19 18 30 11 | 10
#0708-d276 @A: 04 16 19 29 | 01
#0709-d276 @A: 19 01 11 16 | 03
#0710-d276 @A: 31 23 19 12 | 05
#0711-d276 @A: 34 23 21 19 | 12
#0712-d276 @A: 19 11 07 17 | 04
#0713-d276 @A: 07 35 31 19 | 02
#0714-d276 @A: 04 19 06 24 | 06
#0715-d276 @A: 10 26 19 33 | 09
#0716-d276 @A: 18 10 23 28 | 07
#0717-d276 @A: 28 14 06 18 | 08
#0718-d276 @A: 22 30 28 13 | 11
#0719-d276 @A: 29 33 27 28 | 10
#0720-d276 @A: 32 07 28 27 | 01
#0721-d276 @A: 32 17 06 28 | 03
#0722-d276 @A: 28 31 21 03 | 05
#0723-d276 @A: 26 28 10 25 | 12
#0724-d276 @A: 20 27 13 05 | 04
#0725-d276 @A: 20 06 02 16 | 02
#0726-d276 @A: 20 12 25 02 | 06
#0727-d276 @A: 30 22 20 10 | 09
#0728-d276 @A: 20 25 34 07 | 07
#0729-d276 @A: 20 15 08 22 | 08
#0730-d276 @A: 02 05 01 07 | 11
#0731-d276 @A: 34 05 21 02 | 10
#0732-d276 @A: 05 18 23 07 | 01
#0733-d276 @A: 18 27 05 26 | 03
#0734-d276 @A: 07 17 05 30 | 05
#0735-d276 @A: 05 11 24 30 | 12
#0736-d276 @A: 05 12 16 11 | 04
#0737-d276 @A: 23 31 05 03 | 02
#0738-d276 @A: 13 05 23 08 | 06
#0739-d276 @A: 04 35 17 05 | 09
#0740-d276 @A: 25 35 05 24 | 07
#0741-d276 @A: 31 13 05 01 | 08
#0742-d276 @A: 15 32 01 05 | 11
#0743-d276 @A: 21 05 26 32 | 10
#0744-d276 @A: 15 14 24 05 | 01
#0745-d276 @A: 15 10 05 11 | 03
#0746-d276 @A: 02 30 04 27 | 05
#0747-d276 @A: 22 16 02 29 | 12
#0748-d276 @A: 17 02 22 23 | 04
#0749-d276 @A: 26 02 21 23 | 02
#0750-d276 @A: 23 02 07 03 | 06
#0751-d276 @A: 07 02 08 13 | 09
#0752-d276 @A: 06 33 02 32 | 07
#0753-d276 @A: 08 25 02 11 | 08
#0754-d276 @A: 02 25 10 33 | 11
#0755-d276 @A: 06 16 12 18 | 10
#0756-d276 @A: 16 18 01 24 | 01
#0757-d276 @A: 18 26 23 31 | 03
#0758-d276 @A: 11 29 27 18 | 05
#0759-d276 @A: 18 01 21 27 | 12
#0760-d276 @A: 18 14 35 01 | 04
#0761-d276 @A: 01 31 18 04 | 02
#0762-d276 @A: 18 15 29 12 | 06
#0763-d276 @A: 10 12 18 34 | 09
#0764-d276 @A: 10 18 03 24 | 07
#0765-d276 @A: 15 08 03 18 | 08
#0766-d276 @A: 06 01 30 16 | 11
#0767-d276 @A: 08 30 17 23 | 10
#0768-d276 @A: 30 31 27 11 | 01
#0769-d276 @A: 17 30 13 34 | 03
#0770-d276 @A: 15 12 30 01 | 05
#0771-d276 @A: 32 30 10 06 | 12
#0772-d276 @A: 27 32 16 24 | 04
#0773-d276 @A: 31 16 01 03 | 02
#0774-d276 @A: 31 32 16 06 | 06
#0775-d276 @A: 16 08 13 11 | 09
#0776-d276 @A: 03 16 10 06 | 07
#0777-d276 @A: 10 17 23 35 | 08
#0778-d276 @A: 12 23 07 17 | 11
#0779-d276 @A: 08 23 35 14 | 10
#0780-d276 @A: 07 23 10 26 | 01
#0781-d276 @A: 32 23 08 06 | 03
#0782-d276 @A: 26 23 34 33 | 05
#0783-d276 @A: 22 35 29 27 | 12
#0784-d276 @A: 01 27 32 31 | 04
#0785-d276 @A: 13 31 21 27 | 02
#0786-d276 @A: 07 27 14 26 | 06
#0787-d276 @A: 35 33 17 22 | 09
#0788-d276 @A: 11 21 25 17 | 07
#0789-d276 @A: 13 22 17 07 | 08
#0790-d276 @A: 04 13 35 10 | 11
#0791-d276 @A: 26 24 35 33 | 10
#0792-d276 @A: 35 06 11 24 | 01
#0793-d276 @A: 22 31 13 26 | 03
#0794-d276 @A: 24 10 31 11 | 05
#0795-d276 @A: 25 26 06 31 | 12
#0796-d276 @A: 32 04 07 29 | 04
#0797-d276 @A: 15 25 29 26 | 02
#0798-d276 @A: 29 32 26 14 | 06
#0799-d276 @A: 04 29 33 26 | 09
#0800-d276 @A: 12 13 04 14 | 07
#0801-d276 @A: 11 12 08 07 | 08
#0802-d276 @A: 22 07 12 06 | 11
#0803-d276 @A: 14 15 11 12 | 10
#0804-d276 @A: 22 34 12 03 | 01
#0805-d276 @A: 13 11 14 01 | 03
#0806-d276 @A: 08 01 07 32 | 05
#0807-d276 @A: 15 01 06 34 | 12
#0808-d276 @A: 10 26 22 01 | 04
#0809-d276 @A: 06 01 04 10 | 02
#0810-d276 @A: 01 03 14 26 | 06
#0811-d276 @A: 25 24 21 04 | 09
#0812-d276 @A: 06 15 10 21 | 07
#0813-d276 @A: 03 21 06 15 | 08
#0814-d276 @A: 26 08 33 21 | 11
#0815-d276 @A: 26 22 03 07 | 10
#0816-d276 @A: 03 04 10 15 | 01
#0817-d276 @A: 09 19 07 03 | 03
#0818-d276 @A: 28 11 04 09 | 05
#0819-d276 @A: 20 18 09 10 | 12
#0820-d276 @A: 24 09 20 30 | 04
#0821-d276 @A: 33 05 17 09 | 02
#0822-d276 @A: 01 05 24 09 | 06
#0823-d276 @A: 33 02 09 30 | 09
#0824-d276 @A: 06 02 09 21 | 07
#0825-d276 @A: 04 09 16 03 | 08
#0826-d276 @A: 01 27 15 09 | 11
#0827-d276 @A: 29 09 08 33 | 10
#0828-d276 @A: 09 12 21 24 | 01
#0829-d276 @A: 06 24 34 09 | 03
#0830-d276 @A: 19 18 28 26 | 05
#0831-d276 @A: 28 22 19 29 | 12
#0832-d276 @A: 03 20 19 08 | 04
#0833-d276 @A: 05 17 19 15 | 02
#0834-d276 @A: 13 18 23 19 | 06
#0835-d276 @A: 33 23 27 19 | 09
#0836-d276 @A: 22 01 27 19 | 07
#0837-d276 @A: 13 33 19 24 | 08
#0838-d276 @A: 22 13 19 11 | 11
#0839-d276 @A: 13 10 19 06 | 10
#0840-d276 @A: 32 14 08 19 | 01
#0841-d276 @A: 32 19 26 06 | 03
#0842-d276 @A: 19 14 34 11 | 05
#0843-d276 @A: 31 20 28 05 | 12
#0844-d276 @A: 28 05 06 27 | 04
#0845-d276 @A: 02 28 22 12 | 02
#0846-d276 @A: 12 18 13 28 | 06
#0847-d276 @A: 30 28 11 06 | 09
#0848-d276 @A: 35 15 28 16 | 07
#0849-d276 @A: 31 28 26 16 | 08
#0850-d276 @A: 29 14 28 35 | 11
#0851-d276 @A: 32 03 35 28 | 10
#0852-d276 @A: 34 24 01 28 | 01
#0853-d276 @A: 06 15 08 28 | 03
#0854-d276 @A: 32 34 28 22 | 05
#0855-d276 @A: 33 06 28 26 | 12
#0856-d276 @A: 04 02 20 01 | 04
#0857-d276 @A: 12 18 07 20 | 02
#0858-d276 @A: 33 30 17 20 | 06
#0859-d276 @A: 29 14 30 20 | 09
#0860-d276 @A: 03 16 20 26 | 07
#0861-d276 @A: 04 17 27 20 | 08
#0862-d276 @A: 26 31 27 20 | 11
#0863-d276 @A: 12 15 27 20 | 10
#0864-d276 @A: 20 33 21 27 | 01
#0865-d276 @A: 20 17 15 03 | 03
#0866-d276 @A: 08 20 07 35 | 05
#0867-d276 @A: 22 35 20 11 | 12
#0868-d276 @A: 11 29 20 12 | 04
#0869-d276 @A: 20 07 21 29 | 02
#0870-d276 @A: 15 26 20 34 | 06
#0871-d276 @A: 17 13 05 16 | 09
#0872-d276 @A: 16 10 35 05 | 07
#0873-d276 @A: 14 16 05 01 | 08
#0874-d276 @A: 05 32 33 23 | 11
#0875-d276 @A: 35 05 34 27 | 10
#0876-d276 @A: 08 21 35 05 | 01
#0877-d276 @A: 06 05 21 29 | 03
#0878-d276 @A: 33 04 05 24 | 05
#0879-d276 @A: 26 05 08 22 | 12
#0880-d276 @A: 05 26 10 14 | 04
#0881-d276 @A: 34 14 33 05 | 02
#0882-d276 @A: 16 10 02 17 | 06
#0883-d276 @A: 35 02 13 16 | 09
#0884-d276 @A: 23 02 25 01 | 07
#0885-d276 @A: 15 13 02 23 | 08
#0886-d276 @A: 34 17 02 15 | 11
#0887-d276 @A: 31 02 12 26 | 10
#0888-d276 @A: 31 02 12 03 | 01
#0889-d276 @A: 12 08 06 02 | 03
#0890-d276 @A: 02 10 04 24 | 05
#0891-d276 @A: 33 27 30 18 | 12
#0892-d276 @A: 35 18 32 27 | 04
#0893-d276 @A: 18 29 07 35 | 02
#0894-d276 @A: 26 12 18 35 | 06
#0895-d276 @A: 18 01 22 07 | 09
#0896-d276 @A: 22 08 21 18 | 07
#0897-d276 @A: 06 18 07 34 | 08
#0898-d276 @A: 16 23 30 10 | 11
#0899-d276 @A: 35 16 30 33 | 10
#0900-d276 @A: 14 17 35 30 | 01
#0901-d276 @A: 03 30 01 35 | 03
#0902-d276 @A: 35 07 30 10 | 05
#0903-d276 @A: 30 21 12 11 | 12
#0904-d276 @A: 26 07 11 30 | 04
#0905-d276 @A: 33 11 30 08 | 02
#0906-d276 @A: 08 30 26 25 | 06
#0907-d276 @A: 16 23 07 21 | 09
#0908-d276 @A: 16 17 35 26 | 07
#0909-d276 @A: 29 33 16 17 | 08
#0910-d276 @A: 12 32 35 16 | 11
#0911-d276 @A: 21 31 22 16 | 10
#0912-d276 @A: 16 13 26 04 | 01
#0913-d276 @A: 34 11 24 16 | 03
#0914-d276 @A: 10 23 21 27 | 05
#0915-d276 @A: 23 04 01 35 | 12
#0916-d276 @A: 23 24 08 26 | 04
#0917-d276 @A: 03 08 24 23 | 02
#0918-d276 @A: 15 23 14 33 | 06
#0919-d276 @A: 13 01 27 35 | 09
#0920-d276 @A: 27 21 35 15 | 07
#0921-d276 @A: 08 21 29 27 | 08
#0922-d276 @A: 07 27 06 15 | 11
#0923-d276 @A: 24 11 27 33 | 10
#0924-d276 @A: 11 27 32 26 | 01
#0925-d276 @A: 35 32 29 17 | 03
#0926-d276 @A: 17 11 31 03 | 05
#0927-d276 @A: 32 34 17 12 | 12
#0928-d276 @A: 10 08 13 17 | 04
#0929-d276 @A: 15 04 25 17 | 02
#0930-d276 @A: 34 17 06 33 | 06
#0931-d276 @A: 35 15 31 08 | 09
#0932-d276 @A: 35 01 12 10 | 07
#0933-d276 @A: 14 13 35 32 | 08
#0934-d276 @A: 06 04 22 35 | 11
#0935-d276 @A: 11 10 35 26 | 10
#0936-d276 @A: 34 22 31 07 | 01
#0937-d276 @A: 26 31 08 10 | 03
#0938-d276 @A: 10 14 03 31 | 05
#0939-d276 @A: 21 14 15 29 | 12
#0940-d276 @A: 34 29 08 13 | 04
#0941-d276 @A: 29 32 22 10 | 02
#0942-d276 @A: 06 12 13 21 | 06
#0943-d276 @A: 13 25 12 08 | 09
#0944-d276 @A: 32 12 06 15 | 07
#0945-d276 @A: 14 12 15 03 | 08
#0946-d276 @A: 10 12 32 04 | 11
#0947-d276 @A: 12 04 33 25 | 10
#0948-d276 @A: 22 21 25 01 | 01
#0949-d276 @A: 13 03 07 01 | 03
#0950-d276 @A: 25 01 33 08 | 05
#0951-d276 @A: 21 03 25 13 | 12
#0952-d276 @A: 07 08 21 04 | 04
#0953-d276 @A: 03 33 14 13 | 02
#0954-d276 @A: 16 02 19 09 | 06
#0955-d276 @A: 26 09 19 35 | 09
#0956-d276 @A: 09 31 19 32 | 07
#0957-d276 @A: 09 13 19 12 | 08
#0958-d276 @A: 19 09 15 08 | 11
#0959-d276 @A: 14 09 16 20 | 10
#0960-d276 @A: 12 20 26 09 | 01
#0961-d276 @A: 09 18 05 29 | 03
#0962-d276 @A: 02 08 09 27 | 05
#0963-d276 @A: 11 16 09 30 | 12
#0964-d276 @A: 06 17 09 30 | 04
#0965-d276 @A: 16 27 09 25 | 02
#0966-d276 @A: 09 34 23 01 | 06
#0967-d276 @A: 26 09 17 31 | 09
#0968-d276 @A: 09 17 01 07 | 07
#0969-d276 @A: 31 03 13 09 | 08
#0970-d276 @A: 32 09 13 26 | 11
#0971-d276 @A: 09 15 07 14 | 10
#0972-d276 @A: 25 09 15 32 | 01
#0973-d276 @A: 15 10 34 09 | 03
#0974-d276 @A: 28 19 10 02 | 05
#0975-d276 @A: 16 19 28 24 | 12
#0976-d276 @A: 17 19 28 33 | 04
#0977-d276 @A: 16 17 18 19 | 02
#0978-d276 @A: 19 35 16 08 | 06
#0979-d276 @A: 27 19 35 04 | 09
#0980-d276 @A: 27 10 19 15 | 07
#0981-d276 @A: 04 15 19 12 | 08
#0982-d276 @A: 04 08 13 19 | 11
#0983-d276 @A: 32 22 19 15 | 10
#0984-d276 @A: 32 25 03 19 | 01
#0985-d276 @A: 32 28 20 12 | 03
#0986-d276 @A: 28 30 32 05 | 05
#0987-d276 @A: 04 05 22 28 | 12
#0988-d276 @A: 04 02 28 16 | 04
#0989-d276 @A: 27 28 11 02 | 02
#0990-d276 @A: 18 17 28 15 | 06
#0991-d276 @A: 18 28 33 35 | 09
#0992-d276 @A: 01 28 18 11 | 07
#0993-d276 @A: 23 34 28 17 | 08
#0994-d276 @A: 23 14 07 28 | 11
#0995-d276 @A: 24 12 27 28 | 10
#0996-d276 @A: 31 28 17 14 | 01
#0997-d276 @A: 17 04 28 01 | 03
#0998-d276 @A: 28 26 13 17 | 05
#0999-d276 @A: 25 29 12 28 | 12
#1000-d276 @A: 29 28 11 32 | 04
#1001-d276 @A: 26 28 03 12 | 02
#1002-d276 @A: 11 28 13 15 | 06
#1003-d276 @A: 06 25 28 24 | 09
#1004-d276 @A: 34 28 33 15 | 07
#1005-d276 @A: 04 28 32 33 | 08
#1006-d276 @A: 30 26 20 02 | 11
#1007-d276 @A: 23 08 18 20 | 10
#1008-d276 @A: 20 21 18 26 | 01
#1009-d276 @A: 20 27 32 30 | 03
#1010-d276 @A: 16 20 17 08 | 05
#1011-d276 @A: 24 12 20 16 | 12
#1012-d276 @A: 20 35 29 31 | 04
#1013-d276 @A: 03 20 06 01 | 02
#1014-d276 @A: 14 13 20 07 | 06
#1015-d276 @A: 15 13 20 10 | 09
#1016-d276 @A: 04 20 22 13 | 07
#1017-d276 @A: 20 04 26 24 | 08
#1018-d276 @A: 24 33 34 20 | 11
#1019-d276 @A: 32 20 10 11 | 10
#1020-d276 @A: 26 08 11 20 | 01
#1021-d276 @A: 20 11 22 03 | 03
#1022-d276 @A: 10 30 02 05 | 05
#1023-d276 @A: 24 02 23 05 | 12
#1024-d276 @A: 18 33 12 05 | 04
#1025-d276 @A: 05 15 16 30 | 02
#1026-d276 @A: 25 23 17 05 | 06
#1027-d276 @A: 06 01 05 17 | 09
#1028-d276 @A: 10 05 31 22 | 07
#1029-d276 @A: 07 05 34 13 | 08
#1030-d276 @A: 26 24 13 05 | 11
#1031-d276 @A: 25 05 07 33 | 10
#1032-d276 @A: 15 05 33 26 | 01
#1033-d276 @A: 14 05 06 25 | 03
#1034-d276 @A: 02 18 01 32 | 05
#1035-d276 @A: 16 34 02 25 | 12
#1036-d276 @A: 24 17 26 02 | 04
#1037-d276 @A: 32 31 35 02 | 02
#1038-d276 @A: 12 34 02 35 | 06
#1039-d276 @A: 02 13 29 32 | 09
#1040-d276 @A: 04 02 03 29 | 07
#1041-d276 @A: 32 02 10 07 | 08
#1042-d276 @A: 02 15 24 06 | 11
#1043-d276 @A: 34 10 26 02 | 10
#1044-d276 @A: 03 02 33 11 | 01
#1045-d276 @A: 13 18 16 29 | 03
#1046-d276 @A: 16 18 04 15 | 05
#1047-d276 @A: 18 23 22 35 | 12
#1048-d276 @A: 14 27 18 24 | 04
#1049-d276 @A: 18 17 12 22 | 02
#1050-d276 @A: 31 06 03 18 | 06
#1051-d276 @A: 21 03 18 29 | 09
#1052-d276 @A: 01 08 18 12 | 07
#1053-d276 @A: 08 13 18 15 | 08
#1054-d276 @A: 34 26 13 18 | 11
#1055-d276 @A: 18 15 07 32 | 10
#1056-d276 @A: 26 18 32 08 | 01
#1057-d276 @A: 04 22 26 18 | 03
#1058-d276 @A: 11 18 04 34 | 05
#1059-d276 @A: 27 34 30 01 | 12
#1060-d276 @A: 07 30 21 27 | 04
#1061-d276 @A: 31 24 17 30 | 02
#1062-d276 @A: 11 13 30 35 | 06
#1063-d276 @A: 13 30 24 25 | 09
#1064-d276 @A: 30 15 33 13 | 07
#1065-d276 @A: 06 14 13 30 | 08
#1066-d276 @A: 07 15 30 08 | 11
#1067-d276 @A: 03 30 26 04 | 10
#1068-d276 @A: 27 23 16 31 | 01
#1069-d276 @A: 16 23 12 25 | 03
#1070-d276 @A: 27 29 06 16 | 05
#1071-d276 @A: 34 27 16 33 | 12
#1072-d276 @A: 16 17 31 07 | 04
#1073-d276 @A: 06 22 08 16 | 02
#1074-d276 @A: 25 06 10 16 | 06
#1075-d276 @A: 31 17 23 32 | 09
#1076-d276 @A: 13 12 23 35 | 07
#1077-d276 @A: 31 10 25 23 | 08
#1078-d276 @A: 23 34 29 12 | 11
#1079-d276 @A: 22 23 13 03 | 10
#1080-d276 @A: 23 04 15 10 | 01
#1081-d276 @A: 23 03 26 33 | 03
#1082-d276 @A: 27 17 21 26 | 05
#1083-d276 @A: 35 27 12 11 | 12
#1084-d276 @A: 15 29 31 27 | 04
#1085-d276 @A: 15 33 08 27 | 02
#1086-d276 @A: 27 14 06 32 | 06
#1087-d276 @A: 12 35 17 08 | 09
#1088-d276 @A: 13 06 11 17 | 07
#1089-d276 @A: 04 07 26 17 | 08
#1090-d276 @A: 10 25 17 07 | 11
#1091-d276 @A: 14 17 04 11 | 10
#1092-d276 @A: 06 29 12 35 | 01
#1093-d276 @A: 29 35 34 01 | 03
#1094-d276 @A: 24 34 14 35 | 05
#1095-d276 @A: 33 32 35 15 | 12
#1096-d276 @A: 15 10 22 35 | 04
#1097-d276 @A: 08 22 35 32 | 02
#1098-d276 @A: 34 35 10 08 | 06
#1099-d276 @A: 13 12 31 29 | 09
#1100-d276 @A: 22 29 11 31 | 07
#1101-d276 @A: 29 22 31 03 | 08
#1102-d276 @A: 01 12 31 07 | 11
#1103-d276 @A: 06 22 15 31 | 10
#1104-d276 @A: 04 29 13 06 | 01
#1105-d276 @A: 22 25 29 34 | 03
#1106-d276 @A: 04 25 29 10 | 05
#1107-d276 @A: 24 07 12 25 | 12
#1108-d276 @A: 01 33 32 21 | 04
#1109-d276 @A: 24 01 25 10 | 02
#1110-d276 @A: 26 01 24 06 | 06
#1111-d276 @A: 34 25 21 13 | 09
#1112-d276 @A: 26 24 21 10 | 07
#1113-d276 @A: 25 07 34 03 | 08
#1114-d276 @A: 03 34 33 10 | 11
#1115-d276 @A: 22 20 19 09 | 10
#1116-d276 @A: 23 09 28 32 | 01
#1117-d276 @A: 21 28 09 26 | 03
#1118-d276 @A: 05 20 25 09 | 05
#1119-d276 @A: 31 09 02 34 | 12
#1120-d276 @A: 15 09 30 21 | 04
#1121-d276 @A: 09 16 08 23 | 02
#1122-d276 @A: 17 09 23 04 | 06
#1123-d276 @A: 33 23 09 12 | 09
#1124-d276 @A: 09 35 29 10 | 07
#1125-d276 @A: 31 09 29 06 | 08
#1126-d276 @A: 12 07 29 09 | 11
#1127-d276 @A: 03 29 09 01 | 10
#1128-d276 @A: 09 34 32 07 | 01
#1129-d276 @A: 22 26 34 09 | 03
#1130-d276 @A: 19 02 13 31 | 05
#1131-d276 @A: 03 11 18 19 | 12
#1132-d276 @A: 19 17 10 30 | 04
#1133-d276 @A: 03 19 22 16 | 02
#1134-d276 @A: 03 19 24 27 | 06
#1135-d276 @A: 29 25 17 19 | 09
#1136-d276 @A: 01 19 10 31 | 07
#1137-d276 @A: 08 19 12 29 | 08
#1138-d276 @A: 21 29 32 19 | 11
#1139-d276 @A: 03 14 19 29 | 10
#1140-d276 @A: 24 15 07 19 | 01
#1141-d276 @A: 34 07 26 19 | 03
#1142-d276 @A: 11 10 25 19 | 05
#1143-d276 @A: 28 18 34 20 | 12
#1144-d276 @A: 20 30 04 28 | 04
#1145-d276 @A: 28 01 20 21 | 02
#1146-d276 @A: 28 20 06 22 | 06
#1147-d276 @A: 28 16 08 05 | 09
#1148-d276 @A: 02 35 17 28 | 07
#1149-d276 @A: 18 08 27 28 | 08
#1150-d276 @A: 24 30 28 35 | 11
#1151-d276 @A: 16 28 22 23 | 10
#1152-d276 @A: 11 23 28 26 | 01
#1153-d276 @A: 17 07 29 28 | 03
#1154-d276 @A: 28 35 31 34 | 05
#1155-d276 @A: 01 28 35 07 | 12
#1156-d276 @A: 01 31 28 06 | 04
#1157-d276 @A: 08 26 29 28 | 02
#1158-d276 @A: 12 28 21 07 | 06
#1159-d276 @A: 14 15 32 28 | 09
#1160-d276 @A: 22 28 03 15 | 07
#1161-d276 @A: 02 20 05 08 | 08
#1162-d276 @A: 20 05 34 11 | 11
#1163-d276 @A: 03 12 18 20 | 10
#1164-d276 @A: 20 21 23 24 | 01
#1165-d276 @A: 20 26 23 25 | 03
#1166-d276 @A: 27 20 34 08 | 05
#1167-d276 @A: 25 20 31 17 | 12
#1168-d276 @A: 33 31 20 03 | 04
#1169-d276 @A: 24 10 20 07 | 02
#1170-d276 @A: 07 11 20 15 | 06
#1171-d276 @A: 04 34 14 20 | 09
#1172-d276 @A: 04 02 05 25 | 07
#1173-d276 @A: 05 01 34 18 | 08
#1174-d276 @A: 05 21 30 33 | 11
#1175-d276 @A: 05 15 30 03 | 10
#1176-d276 @A: 06 34 30 05 | 01
#1177-d276 @A: 31 17 05 12 | 03
#1178-d276 @A: 22 13 05 29 | 05
#1179-d276 @A: 04 05 13 11 | 12
#1180-d276 @A: 33 13 10 05 | 04
#1181-d276 @A: 32 05 24 34 | 02
#1182-d276 @A: 03 05 26 33 | 06
#1183-d276 @A: 23 18 34 02 | 09
#1184-d276 @A: 02 16 24 30 | 07
#1185-d276 @A: 14 07 02 16 | 08
#1186-d276 @A: 23 27 32 02 | 11
#1187-d276 @A: 12 23 10 02 | 10
#1188-d276 @A: 15 02 27 03 | 01
#1189-d276 @A: 17 14 02 32 | 03
#1190-d276 @A: 01 02 24 35 | 05
#1191-d276 @A: 02 35 14 11 | 12
#1192-d276 @A: 02 35 03 26 | 04
#1193-d276 @A: 13 22 02 24 | 02
#1194-d276 @A: 02 07 24 34 | 06
#1195-d276 @A: 02 06 07 11 | 09
#1196-d276 @A: 18 24 30 21 | 07
#1197-d276 @A: 27 31 18 07 | 08
#1198-d276 @A: 29 18 17 08 | 11
#1199-d276 @A: 18 11 12 32 | 10
#1200-d276 @A: 18 13 10 25 | 01
#1201-d276 @A: 24 11 18 08 | 03
#1202-d276 @A: 25 12 35 30 | 05
#1203-d276 @A: 14 01 31 30 | 12
#1204-d276 @A: 30 29 03 10 | 04
#1205-d276 @A: 30 13 04 07 | 02
#1206-d276 @A: 08 06 30 03 | 06
#1207-d276 @A: 04 25 30 22 | 09
#1208-d276 @A: 34 11 30 22 | 07
#1209-d276 @A: 16 01 23 15 | 08
#1210-d276 @A: 25 23 16 03 | 11
#1211-d276 @A: 12 16 34 31 | 10
#1212-d276 @A: 29 12 16 14 | 01
#1213-d276 @A: 16 15 13 34 | 03
#1214-d276 @A: 16 03 07 24 | 05
#1215-d276 @A: 24 22 33 16 | 12
#1216-d276 @A: 22 16 14 32 | 04
#1217-d276 @A: 01 23 31 22 | 02
#1218-d276 @A: 07 06 23 31 | 06
#1219-d276 @A: 22 07 23 04 | 09
#1220-d276 @A: 23 24 22 10 | 07
#1221-d276 @A: 23 06 24 14 | 08
#1222-d276 @A: 26 32 15 23 | 11
#1223-d276 @A: 32 23 10 03 | 10
#1224-d276 @A: 31 27 34 17 | 01
#1225-d276 @A: 14 29 27 17 | 03
#1226-d276 @A: 31 08 27 04 | 05
#1227-d276 @A: 24 29 27 07 | 12
#1228-d276 @A: 13 11 34 27 | 04
#1229-d276 @A: 24 15 27 22 | 02
#1230-d276 @A: 17 31 04 29 | 06
#1231-d276 @A: 29 10 17 12 | 09
#1232-d276 @A: 24 29 21 17 | 07
#1233-d276 @A: 21 15 17 12 | 08
#1234-d276 @A: 03 17 22 21 | 11
#1235-d276 @A: 17 32 04 13 | 10
#1236-d276 @A: 10 34 24 17 | 01
#1237-d276 @A: 15 26 17 08 | 03
#1238-d276 @A: 01 26 32 35 | 05
#1239-d276 @A: 07 35 33 34 | 12
#1240-d276 @A: 26 35 06 08 | 04
#1241-d276 @A: 26 31 32 04 | 02
#1242-d276 @A: 34 08 06 31 | 06
#1243-d276 @A: 06 10 14 31 | 09
#1244-d276 @A: 01 04 29 14 | 07
#1245-d276 @A: 11 34 07 29 | 08
#1246-d276 @A: 10 12 07 13 | 11
#1247-d276 @A: 32 22 13 12 | 10
#1248-d276 @A: 06 01 08 21 | 01
#1249-d276 @A: 22 01 13 15 | 03
#1250-d276 @A: 04 01 13 25 | 05
#1251-d276 @A: 11 01 22 24 | 12
#1252-d276 @A: 03 01 22 10 | 04
#1253-d276 @A: 21 08 34 32 | 02
#1254-d276 @A: 21 32 06 04 | 06
#1255-d276 @A: 21 06 11 26 | 09
#1256-d276 @A: 03 13 04 24 | 07
#1257-d276 @A: 03 11 14 07 | 08
#1258-d276 @A: 29 09 11 19 | 11
#1259-d276 @A: 07 28 09 20 | 10
#1260-d276 @A: 05 10 09 28 | 01
#1261-d276 @A: 13 09 02 17 | 03
#1262-d276 @A: 02 35 04 09 | 05
#1263-d276 @A: 25 02 09 26 | 12
#1264-d276 @A: 02 09 34 03 | 04
#1265-d276 @A: 18 09 23 25 | 02
#1266-d276 @A: 09 30 23 13 | 06
#1267-d276 @A: 16 09 24 31 | 09
#1268-d276 @A: 09 26 16 33 | 07
#1269-d276 @A: 09 29 27 23 | 08
#1270-d276 @A: 04 27 34 09 | 11
#1271-d276 @A: 14 33 09 27 | 10
#1272-d276 @A: 31 22 09 35 | 01
#1273-d276 @A: 09 04 01 12 | 03
#1274-d276 @A: 08 24 09 32 | 05
#1275-d276 @A: 24 14 09 10 | 12
#1276-d276 @A: 28 11 12 19 | 04
#1277-d276 @A: 12 30 19 20 | 02
#1278-d276 @A: 07 20 19 23 | 06
#1279-d276 @A: 23 22 05 19 | 09
#1280-d276 @A: 19 23 02 29 | 07
#1281-d276 @A: 12 19 18 27 | 08
#1282-d276 @A: 01 18 15 19 | 11
#1283-d276 @A: 14 27 19 30 | 10
#1284-d276 @A: 34 19 35 30 | 01
#1285-d276 @A: 17 19 04 34 | 03
#1286-d276 @A: 01 35 33 19 | 05
#1287-d276 @A: 03 35 19 04 | 12
#1288-d276 @A: 24 10 19 29 | 04
#1289-d276 @A: 12 32 01 19 | 02
#1290-d276 @A: 19 12 14 24 | 06
#1291-d276 @A: 13 19 07 01 | 09
#1292-d276 @A: 25 13 19 26 | 07
#1293-d276 @A: 22 24 19 26 | 08
#1294-d276 @A: 28 23 29 20 | 11
#1295-d276 @A: 30 31 29 28 | 10
#1296-d276 @A: 24 23 31 28 | 01
#1297-d276 @A: 01 28 13 23 | 03
#1298-d276 @A: 31 10 32 28 | 05
#1299-d276 @A: 10 03 28 25 | 12
#1300-d276 @A: 05 20 17 26 | 04
#1301-d276 @A: 29 20 05 03 | 02
#1302-d276 @A: 29 02 20 24 | 06
#1303-d276 @A: 20 25 21 30 | 09
#1304-d276 @A: 32 20 29 16 | 07
#1305-d276 @A: 20 10 34 23 | 08
#1306-d276 @A: 20 13 21 35 | 11
#1307-d276 @A: 12 20 08 31 | 10
#1308-d276 @A: 26 20 13 06 | 01
#1309-d276 @A: 15 06 20 25 | 03
#1310-d276 @A: 33 32 20 26 | 05
#1311-d276 @A: 32 02 05 16 | 12
#1312-d276 @A: 05 30 12 08 | 04
#1313-d276 @A: 23 31 34 05 | 02
#1314-d276 @A: 12 27 05 14 | 06
#1315-d276 @A: 35 05 31 26 | 09
#1316-d276 @A: 11 01 05 35 | 07
#1317-d276 @A: 05 32 21 03 | 08
#1318-d276 @A: 07 15 05 22 | 11
#1319-d276 @A: 22 05 24 06 | 10
#1320-d276 @A: 33 08 06 05 | 01
#1321-d276 @A: 05 34 26 04 | 03
#1322-d276 @A: 18 02 16 08 | 05
#1323-d276 @A: 18 35 02 10 | 12
#1324-d276 @A: 02 25 18 29 | 04
#1325-d276 @A: 02 30 23 11 | 02
#1326-d276 @A: 22 02 30 35 | 06
#1327-d276 @A: 33 23 02 16 | 09
#1328-d276 @A: 16 02 03 14 | 07
#1329-d276 @A: 31 04 02 23 | 08
#1330-d276 @A: 25 02 15 35 | 11
#1331-d276 @A: 31 21 25 02 | 10
#1332-d276 @A: 02 08 22 01 | 01
#1333-d276 @A: 13 10 11 02 | 03
#1334-d276 @A: 26 33 13 02 | 05
#1335-d276 @A: 02 24 14 25 | 12
#1336-d276 @A: 26 02 14 06 | 04
#1337-d276 @A: 18 17 24 13 | 02
#1338-d276 @A: 18 11 07 13 | 06
#1339-d276 @A: 18 24 06 32 | 09
#1340-d276 @A: 32 18 25 04 | 07
#1341-d276 @A: 04 03 14 18 | 08
#1342-d276 @A: 30 25 15 11 | 11
#1343-d276 @A: 35 23 16 34 | 10
#1344-d276 @A: 26 23 06 16 | 01
#1345-d276 @A: 17 11 27 16 | 03
#1346-d276 @A: 35 21 24 16 | 05
#1347-d276 @A: 15 16 07 12 | 12
#1348-d276 @A: 08 16 10 01 | 04
#1349-d276 @A: 11 16 21 10 | 02
#1350-d276 @A: 13 25 22 16 | 06
#1351-d276 @A: 32 11 15 16 | 09
#1352-d276 @A: 08 15 14 16 | 07
#1353-d276 @A: 26 16 10 32 | 08
#1354-d276 @A: 11 16 06 04 | 11
#1355-d276 @A: 16 33 14 11 | 10
#1356-d276 @A: 27 34 23 07 | 01
#1357-d276 @A: 23 33 29 31 | 03
#1358-d276 @A: 23 11 31 13 | 05
#1359-d276 @A: 07 24 23 13 | 12
#1360-d276 @A: 13 23 04 34 | 04
#1361-d276 @A: 23 32 24 04 | 02
#1362-d276 @A: 25 08 15 23 | 06
#1363-d276 @A: 23 32 34 14 | 09
#1364-d276 @A: 22 23 08 34 | 07
#1365-d276 @A: 04 23 11 08 | 08
#1366-d276 @A: 35 27 31 14 | 11
#1367-d276 @A: 27 08 24 35 | 10
#1368-d276 @A: 07 27 12 04 | 01
#1369-d276 @A: 01 27 11 25 | 03
#1370-d276 @A: 08 27 22 07 | 05
#1371-d276 @A: 31 17 11 35 | 12
#1372-d276 @A: 17 01 15 35 | 04
#1373-d276 @A: 29 17 26 22 | 02
#1374-d276 @A: 01 10 11 17 | 06
#1375-d276 @A: 33 15 17 07 | 09
#1376-d276 @A: 24 17 33 25 | 07
#1377-d276 @A: 32 26 25 17 | 08
#1378-d276 @A: 17 25 34 08 | 11
#1379-d276 @A: 17 03 06 26 | 10
#1380-d276 @A: 24 35 29 13 | 01
#1381-d276 @A: 22 26 35 25 | 03
#1382-d276 @A: 33 04 14 35 | 05
#1383-d276 @A: 34 31 24 21 | 12
#1384-d276 @A: 31 13 08 14 | 04
#1385-d276 @A: 22 33 31 08 | 02
#1386-d276 @A: 33 31 34 04 | 06
#1387-d276 @A: 31 33 11 26 | 09
#1388-d276 @A: 24 33 29 14 | 07
#1389-d276 @A: 08 10 29 15 | 08
#1390-d276 @A: 03 29 34 15 | 11
#1391-d276 @A: 25 14 11 29 | 10
#1392-d276 @A: 08 12 03 01 | 01
#1393-d276 @A: 25 32 14 12 | 03
#1394-d276 @A: 06 10 12 11 | 05
#1395-d276 @A: 12 06 34 14 | 12
#1396-d276 @A: 24 01 14 08 | 04
#1397-d276 @A: 01 06 22 32 | 02
#1398-d276 @A: 33 01 11 06 | 06
#1399-d276 @A: 24 06 21 07 | 09
#1400-d276 @A: 07 14 32 21 | 07
#1401-d276 @A: 21 11 15 08 | 08
#1402-d276 @A: 32 25 10 21 | 11
#1403-d276 @A: 03 13 34 08 | 10
#1404-d276 @A: 28 19 06 09 | 01
#1405-d276 @A: 09 30 04 19 | 03
#1406-d276 @A: 24 25 19 09 | 05
#1407-d276 @A: 09 02 15 28 | 12
#1408-d276 @A: 20 35 34 09 | 04
#1409-d276 @A: 09 14 05 30 | 02
#1410-d276 @A: 16 05 06 09 | 06
#1411-d276 @A: 09 32 03 30 | 09
#1412-d276 @A: 08 34 09 30 | 07
#1413-d276 @A: 15 09 29 16 | 08
#1414-d276 @A: 16 09 21 01 | 11
#1415-d276 @A: 10 13 09 16 | 10
#1416-d276 @A: 23 35 09 24 | 01
#1417-d276 @A: 23 31 09 14 | 03
#1418-d276 @A: 22 17 09 32 | 05
#1419-d276 @A: 09 15 12 35 | 12
#1420-d276 @A: 11 25 13 09 | 04
#1421-d276 @A: 06 03 25 09 | 02
#1422-d276 @A: 19 33 03 28 | 06
#1423-d276 @A: 02 35 19 20 | 09
#1424-d276 @A: 20 32 17 19 | 07
#1425-d276 @A: 19 02 05 11 | 08
#1426-d276 @A: 21 05 10 19 | 11
#1427-d276 @A: 26 19 30 23 | 10
#1428-d276 @A: 19 17 30 03 | 01
#1429-d276 @A: 19 21 08 30 | 03
#1430-d276 @A: 32 30 19 25 | 05
#1431-d276 @A: 23 19 06 15 | 12
#1432-d276 @A: 19 27 26 08 | 04
#1433-d276 @A: 19 12 10 03 | 02
#1434-d276 @A: 08 19 10 07 | 06
#1435-d276 @A: 24 19 32 11 | 09
#1436-d276 @A: 10 19 22 34 | 07
#1437-d276 @A: 26 19 04 11 | 08
#1438-d276 @A: 28 20 17 10 | 11
#1439-d276 @A: 35 28 23 05 | 10
#1440-d276 @A: 28 30 08 01 | 01
#1441-d276 @A: 28 23 25 21 | 03
#1442-d276 @A: 03 28 27 13 | 05
#1443-d276 @A: 03 34 28 17 | 12
#1444-d276 @A: 22 21 35 28 | 04
#1445-d276 @A: 08 11 28 35 | 02
#1446-d276 @A: 11 31 28 21 | 06
#1447-d276 @A: 13 04 31 28 | 09
#1448-d276 @A: 26 01 12 28 | 07
#1449-d276 @A: 22 26 07 28 | 08
#1450-d276 @A: 24 28 08 22 | 11
#1451-d276 @A: 04 24 28 14 | 10
#1452-d276 @A: 28 34 04 25 | 01
#1453-d276 @A: 20 27 02 10 | 03
#1454-d276 @A: 07 02 17 20 | 05
#1455-d276 @A: 20 13 34 02 | 12
#1456-d276 @A: 20 11 30 01 | 04
#1457-d276 @A: 22 16 34 20 | 02
#1458-d276 @A: 29 06 17 20 | 06
#1459-d276 @A: 24 20 03 21 | 09
#1460-d276 @A: 24 14 32 20 | 07
#1461-d276 @A: 08 20 14 10 | 08
#1462-d276 @A: 05 30 04 31 | 11
#1463-d276 @A: 05 01 08 27 | 10
#1464-d276 @A: 08 24 17 05 | 01
#1465-d276 @A: 31 05 32 29 | 03
#1466-d276 @A: 31 07 21 05 | 05
#1467-d276 @A: 05 03 13 12 | 12
#1468-d276 @A: 07 05 32 11 | 04
#1469-d276 @A: 05 22 11 33 | 02
#1470-d276 @A: 02 33 31 18 | 06
#1471-d276 @A: 08 02 30 31 | 09
#1472-d276 @A: 02 30 01 13 | 07
#1473-d276 @A: 16 15 21 02 | 08
#1474-d276 @A: 35 08 02 29 | 11
#1475-d276 @A: 21 08 02 03 | 10
#1476-d276 @A: 06 02 04 34 | 01
#1477-d276 @A: 04 18 30 12 | 03
#1478-d276 @A: 11 18 23 16 | 05
#1479-d276 @A: 06 18 01 23 | 12
#1480-d276 @A: 35 34 18 17 | 04
#1481-d276 @A: 31 10 18 17 | 02
#1482-d276 @A: 18 01 25 17 | 06
#1483-d276 @A: 21 31 18 06 | 09
#1484-d276 @A: 01 18 33 29 | 07
#1485-d276 @A: 22 06 18 13 | 08
#1486-d276 @A: 06 25 11 18 | 11
#1487-d276 @A: 34 03 18 26 | 10
#1488-d276 @A: 25 30 16 29 | 01
#1489-d276 @A: 34 30 21 16 | 03
#1490-d276 @A: 31 30 35 23 | 05
#1491-d276 @A: 04 29 30 23 | 12
#1492-d276 @A: 30 27 15 17 | 04
#1493-d276 @A: 21 01 35 30 | 02
#1494-d276 @A: 26 21 31 30 | 06
#1495-d276 @A: 30 08 06 04 | 09
#1496-d276 @A: 01 16 35 22 | 07
#1497-d276 @A: 14 06 35 16 | 08
#1498-d276 @A: 31 25 16 15 | 11
#1499-d276 @A: 32 33 16 13 | 10
#1500-d276 @A: 04 07 34 16 | 01
#1501-d276 @A: 10 04 33 16 | 03
#1502-d276 @A: 26 27 23 13 | 05
#1503-d276 @A: 23 13 21 17 | 12
#1504-d276 @A: 23 01 29 10 | 04
#1505-d276 @A: 07 23 33 11 | 02
#1506-d276 @A: 26 23 14 04 | 06
#1507-d276 @A: 35 07 27 17 | 09
#1508-d276 @A: 27 24 01 17 | 07
#1509-d276 @A: 17 32 27 08 | 08
#1510-d276 @A: 03 35 27 22 | 11
#1511-d276 @A: 29 12 32 27 | 10
#1512-d276 @A: 21 12 34 27 | 01
#1513-d276 @A: 13 25 07 27 | 03
#1514-d276 @A: 13 10 27 22 | 05
#1515-d276 @A: 01 13 29 17 | 12
#1516-d276 @A: 24 03 17 01 | 04
#1517-d276 @A: 17 32 03 07 | 02
#1518-d276 @A: 04 29 21 35 | 06
#1519-d276 @A: 13 08 33 35 | 09
#1520-d276 @A: 34 04 35 32 | 07
#1521-d276 @A: 11 35 25 32 | 08
#1522-d276 @A: 12 21 32 31 | 11
#1523-d276 @A: 15 26 31 07 | 10
#1524-d276 @A: 07 14 29 22 | 01
#1525-d276 @A: 07 33 29 06 | 03
#1526-d276 @A: 25 29 32 06 | 05
#1527-d276 @A: 14 07 12 33 | 12
#1528-d276 @A: 22 03 12 24 | 04
#1529-d276 @A: 08 12 34 04 | 02
#1530-d276 @A: 22 11 25 12 | 06
#1531-d276 @A: 04 26 01 21 | 09
#1532-d276 @A: 07 15 01 25 | 07
#1533-d276 @A: 07 10 01 34 | 08
#1534-d276 @A: 24 21 08 13 | 11
#1535-d276 @A: 11 32 13 21 | 10
#1536-d276 @A: 13 21 33 22 | 01
#1537-d276 @A: 03 08 04 33 | 03
#1538-d276 @A: 19 09 14 01 | 05
#1539-d276 @A: 28 30 09 18 | 12
#1540-d276 @A: 02 09 18 12 | 04
#1541-d276 @A: 18 35 06 09 | 02
#1542-d276 @A: 09 18 08 31 | 06
#1543-d276 @A: 26 01 09 18 | 09
#1544-d276 @A: 22 09 30 27 | 07
#1545-d276 @A: 30 35 09 32 | 08
#1546-d276 @A: 09 16 35 07 | 11
#1547-d276 @A: 23 15 09 11 | 10
#1548-d276 @A: 09 23 15 03 | 01
#1549-d276 @A: 27 24 26 09 | 03
#1550-d276 @A: 33 35 09 11 | 05
#1551-d276 @A: 09 31 04 21 | 12
#1552-d276 @A: 25 21 09 29 | 04
#1553-d276 @A: 13 09 01 06 | 02
#1554-d276 @A: 13 33 04 09 | 06
#1555-d276 @A: 33 32 10 09 | 09
#1556-d276 @A: 22 06 09 33 | 07
#1557-d276 @A: 19 32 28 35 | 08
#1558-d276 @A: 04 05 01 19 | 11
#1559-d276 @A: 19 34 02 01 | 10
#1560-d276 @A: 18 31 19 34 | 01
#1561-d276 @A: 01 23 08 19 | 03
#1562-d276 @A: 31 19 27 06 | 05
#1563-d276 @A: 35 19 17 13 | 12
#1564-d276 @A: 19 26 14 17 | 04
#1565-d276 @A: 19 22 12 35 | 02
#1566-d276 @A: 31 19 25 04 | 06
#1567-d276 @A: 15 34 25 19 | 09
#1568-d276 @A: 19 08 22 25 | 07
#1569-d276 @A: 11 16 28 20 | 08
#1570-d276 @A: 01 05 33 28 | 11
#1571-d276 @A: 24 03 28 05 | 10
#1572-d276 @A: 08 02 28 23 | 01
#1573-d276 @A: 29 28 04 18 | 03
#1574-d276 @A: 26 27 30 28 | 05
#1575-d276 @A: 30 25 07 28 | 12
#1576-d276 @A: 16 01 28 32 | 04
#1577-d276 @A: 28 21 16 06 | 02
#1578-d276 @A: 27 21 28 04 | 06
#1579-d276 @A: 24 28 33 21 | 09
#1580-d276 @A: 24 32 28 26 | 07
#1581-d276 @A: 04 26 15 28 | 08
#1582-d276 @A: 28 08 33 14 | 11
#1583-d276 @A: 28 33 10 22 | 10
#1584-d276 @A: 05 30 20 23 | 01
#1585-d276 @A: 16 33 05 20 | 03
#1586-d276 @A: 05 29 15 20 | 05
#1587-d276 @A: 20 05 10 01 | 12
#1588-d276 @A: 05 04 07 20 | 04
#1589-d276 @A: 20 18 15 02 | 02
#1590-d276 @A: 31 32 20 18 | 06
#1591-d276 @A: 33 11 20 18 | 09
#1592-d276 @A: 15 20 23 31 | 07
#1593-d276 @A: 23 32 20 01 | 08
#1594-d276 @A: 20 17 22 01 | 11
#1595-d276 @A: 20 12 35 14 | 10
#1596-d276 @A: 20 35 10 25 | 01
#1597-d276 @A: 01 08 20 29 | 03
#1598-d276 @A: 20 33 29 13 | 05
#1599-d276 @A: 10 20 29 26 | 12
#1600-d276 @A: 12 33 20 22 | 04
#1601-d276 @A: 20 25 14 33 | 02
#1602-d276 @A: 02 05 27 15 | 06
#1603-d276 @A: 03 02 05 17 | 09
#1604-d276 @A: 03 05 22 18 | 07
#1605-d276 @A: 05 16 07 24 | 08
#1606-d276 @A: 05 23 11 27 | 11
#1607-d276 @A: 29 23 14 05 | 10
#1608-d276 @A: 22 05 17 34 | 01
#1609-d276 @A: 25 08 05 31 | 03
#1610-d276 @A: 21 05 12 04 | 05
#1611-d276 @A: 05 06 26 07 | 12
#1612-d276 @A: 03 16 18 02 | 04
#1613-d276 @A: 31 16 02 11 | 02
#1614-d276 @A: 23 06 35 02 | 06
#1615-d276 @A: 24 02 27 31 | 09
#1616-d276 @A: 06 01 02 27 | 07
#1617-d276 @A: 02 14 13 27 | 08
#1618-d276 @A: 02 24 12 32 | 11
#1619-d276 @A: 07 22 25 02 | 10
#1620-d276 @A: 08 02 15 32 | 01
#1621-d276 @A: 02 04 26 08 | 03
#1622-d276 @A: 30 25 31 18 | 05
#1623-d276 @A: 03 18 25 30 | 12
#1624-d276 @A: 18 21 15 23 | 04
#1625-d276 @A: 17 18 04 06 | 02
#1626-d276 @A: 06 26 18 29 | 06
#1627-d276 @A: 08 25 18 07 | 09
#1628-d276 @A: 25 15 24 18 | 07
#1629-d276 @A: 18 24 22 34 | 08
#1630-d276 @A: 04 18 08 14 | 11
#1631-d276 @A: 07 30 01 23 | 10
#1632-d276 @A: 30 17 11 29 | 01
#1633-d276 @A: 12 31 06 30 | 03
#1634-d276 @A: 30 06 24 29 | 05
#1635-d276 @A: 15 30 34 14 | 12
#1636-d276 @A: 11 14 32 30 | 04
#1637-d276 @A: 04 10 30 11 | 02
#1638-d276 @A: 16 23 17 14 | 06
#1639-d276 @A: 29 23 16 24 | 09
#1640-d276 @A: 14 13 24 16 | 07
#1641-d276 @A: 25 07 11 16 | 08
#1642-d276 @A: 15 16 33 06 | 11
#1643-d276 @A: 23 14 01 27 | 10
#1644-d276 @A: 01 26 23 17 | 01
#1645-d276 @A: 23 21 12 14 | 03
#1646-d276 @A: 22 23 12 26 | 05
#1647-d276 @A: 23 04 03 12 | 12
#1648-d276 @A: 10 13 32 23 | 04
#1649-d276 @A: 23 14 22 13 | 02
#1650-d276 @A: 06 33 13 23 | 06
#1651-d276 @A: 25 11 24 23 | 09
#1652-d276 @A: 33 25 22 23 | 07
#1653-d276 @A: 12 27 29 03 | 08
#1654-d276 @A: 27 21 25 06 | 11
#1655-d276 @A: 08 27 13 06 | 10
#1656-d276 @A: 27 07 10 11 | 01
#1657-d276 @A: 07 27 03 33 | 03
#1658-d276 @A: 33 25 27 32 | 05
#1659-d276 @A: 14 11 08 27 | 12
#1660-d276 @A: 13 17 15 31 | 04
#1661-d276 @A: 24 17 07 32 | 02
#1662-d276 @A: 17 11 15 24 | 06
#1663-d276 @A: 17 03 10 08 | 09
#1664-d276 @A: 22 17 25 06 | 07
#1665-d276 @A: 10 14 17 33 | 08
#1666-d276 @A: 35 06 33 31 | 11
#1667-d276 @A: 35 03 01 15 | 10
#1668-d276 @A: 35 13 26 07 | 01
#1669-d276 @A: 08 04 25 35 | 03
#1670-d276 @A: 12 04 11 31 | 05
#1671-d276 @A: 25 31 24 32 | 12
#1672-d276 @A: 24 32 03 31 | 04
#1673-d276 @A: 24 22 04 31 | 02
#1674-d276 @A: 33 14 32 31 | 06
#1675-d276 @A: 22 31 25 14 | 09
#1676-d276 @A: 29 26 11 13 | 07
#1677-d276 @A: 15 04 29 34 | 08
#1678-d276 @A: 29 10 06 34 | 11
#1679-d276 @A: 12 26 13 15 | 10
#1680-d276 @A: 06 24 33 12 | 01
#1681-d276 @A: 10 15 12 25 | 03
#1682-d276 @A: 25 12 34 26 | 05
#1683-d276 @A: 15 08 04 01 | 12
#1684-d276 @A: 14 01 33 22 | 04
#1685-d276 @A: 15 25 33 21 | 02
#1686-d276 @A: 21 34 33 11 | 06
#1687-d276 @A: 21 14 06 33 | 09
#1688-d276 @A: 26 25 15 03 | 07
#1689-d276 @A: 26 03 32 11 | 08
