#0001-d309 @A: 13 05 25 01 | 04
#0002-d309 @A: 16 19 13 01 | 03
#0003-d309 @A: 11 04 13 15 | 01
#0004-d309 @A: 07 16 11 13 | 05
#0005-d309 @A: 13 26 08 06 | 02
#0006-d309 @A: 33 12 06 13 | 11
#0007-d309 @A: 26 13 05 15 | 09
#0008-d309 @A: 27 15 13 03 | 10
#0009-d309 @A: 05 17 13 23 | 08
#0010-d309 @A: 34 13 27 23 | 06
#0011-d309 @A: 33 24 13 29 | 07
#0012-d309 @A: 09 30 32 13 | 12
#0013-d309 @A: 05 13 33 10 | 04
#0014-d309 @A: 08 13 22 04 | 03
#0015-d309 @A: 25 22 16 13 | 01
#0016-d309 @A: 09 13 07 03 | 05
#0017-d309 @A: 25 18 07 13 | 02
#0018-d309 @A: 14 31 01 03 | 11
#0019-d309 @A: 35 07 14 23 | 09
#0020-d309 @A: 09 14 08 30 | 10
#0021-d309 @A: 35 30 14 28 | 08
#0022-d309 @A: 03 14 05 19 | 06
#0023-d309 @A: 17 14 08 27 | 07
#0024-d309 @A: 14 32 27 34 | 12
#0025-d309 @A: 33 32 21 14 | 04
#0026-d309 @A: 31 14 32 02 | 03
#0027-d309 @A: 14 10 27 31 | 01
#0028-d309 @A: 14 22 26 07 | 05
#0029-d309 @A: 34 22 19 14 | 02
#0030-d309 @A: 17 14 28 18 | 11
#0031-d309 @A: 11 27 20 01 | 09
#0032-d309 @A: 20 09 06 15 | 10
#0033-d309 @A: 28 33 20 06 | 08
#0034-d309 @A: 06 20 24 26 | 06
#0035-d309 @A: 16 30 18 20 | 07
#0036-d309 @A: 35 20 24 30 | 12
#0037-d309 @A: 17 20 05 08 | 04
#0038-d309 @A: 17 24 32 20 | 03
#0039-d309 @A: 12 28 16 20 | 01
#0040-d309 @A: 09 25 20 34 | 05
#0041-d309 @A: 03 17 20 09 | 02
#0042-d309 @A: 20 10 17 31 | 11
#0043-d309 @A: 09 04 01 06 | 09
#0044-d309 @A: 32 01 15 02 | 10
#0045-d309 @A: 23 12 17 01 | 08
#0046-d309 @A: 29 01 16 09 | 06
#0047-d309 @A: 30 21 01 32 | 07
#0048-d309 @A: 33 07 30 01 | 12
#0049-d309 @A: 35 01 05 04 | 04
#0050-d309 @A: 08 32 09 01 | 03
#0051-d309 @A: 01 26 28 34 | 01
#0052-d309 @A: 01 02 09 19 | 05
#0053-d309 @A: 15 18 06 11 | 02
#0054-d309 @A: 23 09 25 11 | 11
#0055-d309 @A: 05 32 11 22 | 09
#0056-d309 @A: 08 24 28 11 | 10
#0057-d309 @A: 11 04 24 18 | 08
#0058-d309 @A: 11 03 04 25 | 06
#0059-d309 @A: 02 11 18 10 | 07
#0060-d309 @A: 06 24 23 07 | 12
#0061-d309 @A: 06 35 29 22 | 04
#0062-d309 @A: 06 05 07 30 | 03
#0063-d309 @A: 06 09 27 05 | 01
#0064-d309 @A: 06 04 34 19 | 05
#0065-d309 @A: 26 18 06 35 | 02
#0066-d309 @A: 06 34 22 09 | 11
#0067-d309 @A: 28 06 12 10 | 09
#0068-d309 @A: 35 06 03 25 | 10
#0069-d309 @A: 15 04 26 29 | 08
#0070-d309 @A: 08 15 27 12 | 06
#0071-d309 @A: 08 15 24 34 | 07
#0072-d309 @A: 27 18 24 15 | 12
#0073-d309 @A: 27 05 25 23 | 04
#0074-d309 @A: 18 27 16 23 | 03
#0075-d309 @A: 09 23 04 18 | 01
#0076-d309 @A: 31 23 04 12 | 05
#0077-d309 @A: 24 22 31 23 | 02
#0078-d309 @A: 34 23 19 25 | 11
#0079-d309 @A: 12 23 03 09 | 09
#0080-d309 @A: 30 29 33 10 | 10
#0081-d309 @A: 29 35 31 30 | 08
#0082-d309 @A: 28 29 24 05 | 06
#0083-d309 @A: 16 04 29 28 | 07
#0084-d309 @A: 25 29 12 24 | 12
#0085-d309 @A: 29 26 28 09 | 04
#0086-d309 @A: 29 34 31 09 | 03
#0087-d309 @A: 09 21 29 17 | 01
#0088-d309 @A: 29 25 21 28 | 05
#0089-d309 @A: 17 30 27 33 | 02
#0090-d309 @A: 30 17 26 28 | 11
#0091-d309 @A: 26 21 18 30 | 09
#0092-d309 @A: 09 17 12 30 | 10
#0093-d309 @A: 18 09 28 30 | 08
#0094-d309 @A: 02 10 30 12 | 06
#0095-d309 @A: 21 10 28 30 | 07
#0096-d309 @A: 28 22 30 07 | 12
#0097-d309 @A: 05 21 33 16 | 04
#0098-d309 @A: 25 09 21 05 | 03
#0099-d309 @A: 19 07 25 05 | 01
#0100-d309 @A: 32 08 16 03 | 05
#0101-d309 @A: 18 10 08 28 | 02
#0102-d309 @A: 17 12 02 08 | 11
#0103-d309 @A: 32 21 04 35 | 09
#0104-d309 @A: 18 07 32 34 | 10
#0105-d309 @A: 32 34 21 22 | 08
#0106-d309 @A: 02 22 32 07 | 06
#0107-d309 @A: 19 17 26 27 | 07
#0108-d309 @A: 28 27 34 25 | 12
#0109-d309 @A: 27 09 10 21 | 04
#0110-d309 @A: 18 12 27 28 | 03
#0111-d309 @A: 04 02 07 34 | 01
#0112-d309 @A: 04 09 03 35 | 05
#0113-d309 @A: 04 22 31 10 | 02
#0114-d309 @A: 04 07 35 18 | 11
#0115-d309 @A: 28 04 25 35 | 09
#0116-d309 @A: 16 17 07 26 | 10
#0117-d309 @A: 18 16 07 10 | 08
#0118-d309 @A: 17 16 10 22 | 06
#0119-d309 @A: 17 12 16 03 | 07
#0120-d309 @A: 35 16 25 17 | 12
#0121-d309 @A: 18 33 24 03 | 04
#0122-d309 @A: 21 19 33 34 | 03
#0123-d309 @A: 33 28 31 19 | 01
#0124-d309 @A: 26 24 35 22 | 05
#0125-d309 @A: 02 34 24 03 | 02
#0126-d309 @A: 24 28 12 17 | 11
#0127-d309 @A: 31 26 28 21 | 09
#0128-d309 @A: 08 05 14 13 | 10
#0129-d309 @A: 13 17 33 20 | 08
#0130-d309 @A: 22 01 13 32 | 06
#0131-d309 @A: 13 31 06 22 | 07
#0132-d309 @A: 07 28 13 15 | 12
#0133-d309 @A: 28 30 27 13 | 04
#0134-d309 @A: 22 30 13 33 | 03
#0135-d309 @A: 16 27 35 13 | 01
#0136-d309 @A: 04 31 33 13 | 05
#0137-d309 @A: 35 25 26 13 | 02
#0138-d309 @A: 35 18 03 13 | 11
#0139-d309 @A: 28 25 13 19 | 09
#0140-d309 @A: 17 14 20 04 | 10
#0141-d309 @A: 33 14 20 35 | 08
#0142-d309 @A: 11 14 28 01 | 06
#0143-d309 @A: 14 23 01 16 | 07
#0144-d309 @A: 05 09 14 01 | 12
#0145-d309 @A: 06 11 25 14 | 04
#0146-d309 @A: 25 14 15 23 | 03
#0147-d309 @A: 15 08 29 14 | 01
#0148-d309 @A: 14 17 23 29 | 05
#0149-d309 @A: 27 16 30 14 | 02
#0150-d309 @A: 14 24 30 22 | 11
#0151-d309 @A: 32 02 05 14 | 09
#0152-d309 @A: 17 14 05 33 | 10
#0153-d309 @A: 14 32 28 12 | 08
#0154-d309 @A: 14 28 04 31 | 06
#0155-d309 @A: 14 09 18 02 | 07
#0156-d309 @A: 14 18 19 07 | 12
#0157-d309 @A: 22 14 17 12 | 04
#0158-d309 @A: 01 04 30 20 | 03
#0159-d309 @A: 20 30 32 11 | 01
#0160-d309 @A: 26 16 20 15 | 05
#0161-d309 @A: 19 20 27 29 | 02
#0162-d309 @A: 20 12 33 05 | 11
#0163-d309 @A: 07 20 05 34 | 09
#0164-d309 @A: 20 02 16 32 | 10
#0165-d309 @A: 27 20 33 18 | 08
#0166-d309 @A: 31 20 27 24 | 06
#0167-d309 @A: 20 09 24 21 | 07
#0168-d309 @A: 20 12 34 10 | 12
#0169-d309 @A: 25 21 20 35 | 04
#0170-d309 @A: 02 01 34 11 | 03
#0171-d309 @A: 06 01 08 34 | 01
#0172-d309 @A: 16 01 31 15 | 05
#0173-d309 @A: 01 31 05 23 | 02
#0174-d309 @A: 30 26 29 01 | 11
#0175-d309 @A: 29 01 22 17 | 09
#0176-d309 @A: 08 33 01 17 | 10
#0177-d309 @A: 09 31 01 24 | 08
#0178-d309 @A: 02 01 26 17 | 06
#0179-d309 @A: 28 01 12 03 | 07
#0180-d309 @A: 28 01 35 21 | 12
#0181-d309 @A: 08 06 11 04 | 04
#0182-d309 @A: 02 35 06 11 | 03
#0183-d309 @A: 16 15 21 11 | 01
#0184-d309 @A: 35 23 05 11 | 05
#0185-d309 @A: 11 16 03 23 | 02
#0186-d309 @A: 10 11 23 31 | 11
#0187-d309 @A: 30 02 29 11 | 09
#0188-d309 @A: 22 29 04 11 | 10
#0189-d309 @A: 27 11 30 22 | 08
#0190-d309 @A: 21 11 30 07 | 06
#0191-d309 @A: 11 27 05 21 | 07
#0192-d309 @A: 33 07 11 10 | 12
#0193-d309 @A: 35 11 21 34 | 04
#0194-d309 @A: 18 11 34 19 | 03
#0195-d309 @A: 09 28 10 11 | 01
#0196-d309 @A: 11 28 03 31 | 05
#0197-d309 @A: 31 12 11 25 | 02
#0198-d309 @A: 19 25 35 11 | 11
#0199-d309 @A: 23 15 34 06 | 09
#0200-d309 @A: 08 15 06 05 | 10
#0201-d309 @A: 26 06 02 15 | 08
#0202-d309 @A: 27 03 06 23 | 06
#0203-d309 @A: 06 33 30 35 | 07
#0204-d309 @A: 06 32 33 09 | 12
#0205-d309 @A: 16 04 06 02 | 04
#0206-d309 @A: 26 03 06 34 | 03
#0207-d309 @A: 08 15 19 23 | 01
#0208-d309 @A: 05 15 34 27 | 05
#0209-d309 @A: 24 05 15 33 | 02
#0210-d309 @A: 15 28 32 33 | 11
#0211-d309 @A: 16 10 15 04 | 09
#0212-d309 @A: 21 04 15 33 | 10
#0213-d309 @A: 12 15 22 16 | 08
#0214-d309 @A: 29 33 23 18 | 06
#0215-d309 @A: 07 23 16 30 | 07
#0216-d309 @A: 26 05 16 23 | 12
#0217-d309 @A: 23 22 33 05 | 04
#0218-d309 @A: 27 33 28 23 | 03
#0219-d309 @A: 31 34 16 23 | 01
#0220-d309 @A: 21 23 03 25 | 05
#0221-d309 @A: 03 18 31 23 | 02
#0222-d309 @A: 02 23 17 35 | 11
#0223-d309 @A: 16 08 31 29 | 09
#0224-d309 @A: 02 29 27 32 | 10
#0225-d309 @A: 19 29 24 04 | 08
#0226-d309 @A: 28 29 12 22 | 06
#0227-d309 @A: 33 28 05 30 | 07
#0228-d309 @A: 12 30 32 08 | 12
#0229-d309 @A: 30 08 33 19 | 04
#0230-d309 @A: 07 24 30 32 | 03
#0231-d309 @A: 18 04 17 30 | 01
#0232-d309 @A: 30 16 19 17 | 05
#0233-d309 @A: 07 26 30 12 | 02
#0234-d309 @A: 30 17 22 03 | 11
#0235-d309 @A: 03 30 02 25 | 09
#0236-d309 @A: 12 21 30 03 | 10
#0237-d309 @A: 05 33 07 27 | 08
#0238-d309 @A: 16 04 05 31 | 06
#0239-d309 @A: 34 05 19 28 | 07
#0240-d309 @A: 21 10 05 03 | 12
#0241-d309 @A: 33 10 32 08 | 04
#0242-d309 @A: 24 18 32 08 | 03
#0243-d309 @A: 22 16 08 07 | 01
#0244-d309 @A: 08 34 17 26 | 05
#0245-d309 @A: 25 08 02 28 | 02
#0246-d309 @A: 32 27 10 03 | 11
#0247-d309 @A: 16 32 21 24 | 09
#0248-d309 @A: 18 09 32 25 | 10
#0249-d309 @A: 32 12 19 25 | 08
#0250-d309 @A: 25 22 31 32 | 06
#0251-d309 @A: 31 18 32 28 | 07
#0252-d309 @A: 22 07 10 27 | 12
#0253-d309 @A: 22 27 02 21 | 04
#0254-d309 @A: 12 27 31 28 | 03
#0255-d309 @A: 24 17 16 04 | 01
#0256-d309 @A: 04 22 34 25 | 05
#0257-d309 @A: 10 04 09 07 | 02
#0258-d309 @A: 04 03 35 31 | 11
#0259-d309 @A: 26 16 18 24 | 09
#0260-d309 @A: 12 16 26 34 | 10
#0261-d309 @A: 22 09 16 26 | 08
#0262-d309 @A: 16 19 34 07 | 06
#0263-d309 @A: 34 35 10 33 | 07
#0264-d309 @A: 12 33 19 17 | 12
#0265-d309 @A: 21 18 25 33 | 04
#0266-d309 @A: 03 07 24 22 | 03
#0267-d309 @A: 21 24 03 19 | 01
#0268-d309 @A: 22 24 12 02 | 05
#0269-d309 @A: 20 13 30 07 | 02
#0270-d309 @A: 20 08 09 13 | 11
#0271-d309 @A: 04 26 20 13 | 09
#0272-d309 @A: 13 24 20 19 | 10
#0273-d309 @A: 21 06 23 13 | 08
#0274-d309 @A: 02 06 13 32 | 06
#0275-d309 @A: 13 06 28 04 | 07
#0276-d309 @A: 18 13 06 24 | 12
#0277-d309 @A: 32 18 15 13 | 04
#0278-d309 @A: 13 27 05 12 | 03
#0279-d309 @A: 13 08 19 27 | 01
#0280-d309 @A: 32 13 21 25 | 05
#0281-d309 @A: 09 13 04 17 | 02
#0282-d309 @A: 26 18 33 13 | 11
#0283-d309 @A: 13 34 26 24 | 09
#0284-d309 @A: 31 09 19 13 | 10
#0285-d309 @A: 31 17 13 03 | 08
#0286-d309 @A: 19 12 13 02 | 06
#0287-d309 @A: 02 28 13 18 | 07
#0288-d309 @A: 07 20 14 32 | 12
#0289-d309 @A: 14 04 22 01 | 04
#0290-d309 @A: 14 29 11 19 | 03
#0291-d309 @A: 02 33 14 11 | 01
#0292-d309 @A: 19 06 10 14 | 05
#0293-d309 @A: 14 30 23 19 | 02
#0294-d309 @A: 29 30 07 14 | 11
#0295-d309 @A: 04 29 14 02 | 09
#0296-d309 @A: 08 25 34 14 | 10
#0297-d309 @A: 33 18 14 04 | 08
#0298-d309 @A: 25 07 14 09 | 06
#0299-d309 @A: 14 10 22 35 | 07
#0300-d309 @A: 19 01 32 20 | 12
#0301-d309 @A: 11 20 23 07 | 04
#0302-d309 @A: 20 11 22 16 | 03
#0303-d309 @A: 20 06 07 35 | 01
#0304-d309 @A: 20 32 15 21 | 05
#0305-d309 @A: 29 20 28 23 | 02
#0306-d309 @A: 12 20 24 23 | 11
#0307-d309 @A: 20 33 07 29 | 09
#0308-d309 @A: 20 28 30 34 | 10
#0309-d309 @A: 30 20 19 25 | 08
#0310-d309 @A: 05 20 09 16 | 06
#0311-d309 @A: 24 27 20 25 | 07
#0312-d309 @A: 20 19 34 17 | 12
#0313-d309 @A: 20 19 07 09 | 04
#0314-d309 @A: 20 28 02 09 | 03
#0315-d309 @A: 28 20 10 07 | 01
#0316-d309 @A: 20 10 35 17 | 05
#0317-d309 @A: 19 20 02 10 | 02
#0318-d309 @A: 30 11 23 01 | 11
#0319-d309 @A: 11 01 32 07 | 09
#0320-d309 @A: 01 11 10 04 | 10
#0321-d309 @A: 24 11 01 17 | 08
#0322-d309 @A: 25 24 01 06 | 06
#0323-d309 @A: 15 03 30 01 | 07
#0324-d309 @A: 02 01 08 05 | 12
#0325-d309 @A: 16 26 08 01 | 04
#0326-d309 @A: 31 08 10 01 | 03
#0327-d309 @A: 12 01 32 35 | 01
#0328-d309 @A: 33 01 03 04 | 05
#0329-d309 @A: 35 09 17 01 | 02
#0330-d309 @A: 01 10 35 18 | 11
#0331-d309 @A: 21 07 19 01 | 09
#0332-d309 @A: 17 19 28 01 | 10
#0333-d309 @A: 11 26 06 16 | 08
#0334-d309 @A: 30 08 35 11 | 06
#0335-d309 @A: 10 16 11 30 | 07
#0336-d309 @A: 28 05 16 11 | 12
#0337-d309 @A: 34 32 16 11 | 04
#0338-d309 @A: 12 11 34 04 | 03
#0339-d309 @A: 11 19 28 12 | 01
#0340-d309 @A: 22 11 21 28 | 05
#0341-d309 @A: 29 33 19 06 | 02
#0342-d309 @A: 06 18 05 33 | 11
#0343-d309 @A: 06 07 04 26 | 09
#0344-d309 @A: 26 17 09 06 | 10
#0345-d309 @A: 03 06 21 09 | 08
#0346-d309 @A: 17 21 06 22 | 06
#0347-d309 @A: 06 28 18 19 | 07
#0348-d309 @A: 03 04 15 08 | 12
#0349-d309 @A: 34 25 26 15 | 04
#0350-d309 @A: 21 26 15 28 | 03
#0351-d309 @A: 15 03 10 31 | 01
#0352-d309 @A: 28 10 15 17 | 05
#0353-d309 @A: 15 28 02 03 | 02
#0354-d309 @A: 32 21 23 29 | 11
#0355-d309 @A: 32 23 18 05 | 09
#0356-d309 @A: 32 31 33 23 | 10
#0357-d309 @A: 26 23 25 32 | 08
#0358-d309 @A: 21 23 26 10 | 06
#0359-d309 @A: 17 21 34 23 | 07
#0360-d309 @A: 19 10 09 23 | 12
#0361-d309 @A: 22 19 07 23 | 04
#0362-d309 @A: 03 28 23 17 | 03
#0363-d309 @A: 23 25 22 17 | 01
#0364-d309 @A: 19 10 29 05 | 05
#0365-d309 @A: 04 21 08 29 | 02
#0366-d309 @A: 33 32 29 17 | 11
#0367-d309 @A: 27 03 04 29 | 09
#0368-d309 @A: 25 22 09 29 | 10
#0369-d309 @A: 02 35 29 28 | 08
#0370-d309 @A: 18 30 05 08 | 06
#0371-d309 @A: 08 07 30 27 | 07
#0372-d309 @A: 28 30 03 32 | 12
#0373-d309 @A: 27 04 21 30 | 04
#0374-d309 @A: 33 12 04 30 | 03
#0375-d309 @A: 31 26 17 30 | 01
#0376-d309 @A: 26 22 30 02 | 05
#0377-d309 @A: 30 03 07 18 | 02
#0378-d309 @A: 25 30 07 17 | 11
#0379-d309 @A: 35 21 30 17 | 09
#0380-d309 @A: 02 35 18 30 | 10
#0381-d309 @A: 28 02 19 30 | 08
#0382-d309 @A: 30 21 19 22 | 06
#0383-d309 @A: 05 04 09 34 | 07
#0384-d309 @A: 25 33 05 35 | 12
#0385-d309 @A: 05 34 35 26 | 04
#0386-d309 @A: 03 34 17 05 | 03
#0387-d309 @A: 34 12 05 25 | 01
#0388-d309 @A: 31 21 34 05 | 05
#0389-d309 @A: 07 05 28 18 | 02
#0390-d309 @A: 17 21 05 19 | 11
#0391-d309 @A: 12 05 02 28 | 09
#0392-d309 @A: 02 21 18 05 | 10
#0393-d309 @A: 07 32 04 08 | 08
#0394-d309 @A: 08 27 26 10 | 06
#0395-d309 @A: 08 12 09 22 | 07
#0396-d309 @A: 08 35 07 19 | 12
#0397-d309 @A: 27 04 26 16 | 04
#0398-d309 @A: 04 27 17 31 | 03
#0399-d309 @A: 24 10 28 04 | 01
#0400-d309 @A: 26 04 34 10 | 05
#0401-d309 @A: 04 34 18 21 | 02
#0402-d309 @A: 04 17 02 03 | 11
#0403-d309 @A: 25 04 12 21 | 09
#0404-d309 @A: 09 10 03 16 | 10
#0405-d309 @A: 12 10 16 35 | 08
#0406-d309 @A: 16 10 28 31 | 06
#0407-d309 @A: 07 16 02 12 | 07
#0408-d309 @A: 28 22 16 18 | 12
#0409-d309 @A: 33 34 25 24 | 04
#0410-d309 @A: 21 33 24 07 | 03
#0411-d309 @A: 02 33 19 24 | 01
#0412-d309 @A: 10 21 33 12 | 05
#0413-d309 @A: 10 19 33 25 | 02
#0414-d309 @A: 31 33 22 07 | 11
#0415-d309 @A: 10 24 18 31 | 09
#0416-d309 @A: 12 22 31 21 | 10
#0417-d309 @A: 27 13 14 07 | 08
#0418-d309 @A: 20 01 34 13 | 06
#0419-d309 @A: 13 20 29 22 | 07
#0420-d309 @A: 29 13 01 28 | 12
#0421-d309 @A: 10 13 08 01 | 04
#0422-d309 @A: 13 06 25 09 | 03
#0423-d309 @A: 15 35 13 30 | 01
#0424-d309 @A: 31 15 08 13 | 05
#0425-d309 @A: 26 23 30 13 | 02
#0426-d309 @A: 10 24 13 23 | 11
#0427-d309 @A: 21 13 30 16 | 09
#0428-d309 @A: 13 31 26 27 | 10
#0429-d309 @A: 17 10 13 02 | 08
#0430-d309 @A: 22 12 13 10 | 06
#0431-d309 @A: 17 35 12 13 | 07
#0432-d309 @A: 23 10 14 20 | 12
#0433-d309 @A: 20 14 30 02 | 04
#0434-d309 @A: 21 20 31 14 | 03
#0435-d309 @A: 11 14 17 30 | 01
#0436-d309 @A: 18 14 11 32 | 05
#0437-d309 @A: 14 27 06 26 | 02
#0438-d309 @A: 15 14 26 31 | 11
#0439-d309 @A: 07 12 14 15 | 09
#0440-d309 @A: 29 14 21 35 | 10
#0441-d309 @A: 31 14 22 30 | 08
#0442-d309 @A: 26 04 05 14 | 06
#0443-d309 @A: 14 24 31 19 | 07
#0444-d309 @A: 19 17 09 14 | 12
#0445-d309 @A: 31 35 07 14 | 04
#0446-d309 @A: 21 12 14 19 | 03
#0447-d309 @A: 22 15 20 01 | 01
#0448-d309 @A: 01 28 20 05 | 05
#0449-d309 @A: 08 11 20 25 | 02
#0450-d309 @A: 06 23 20 31 | 11
#0451-d309 @A: 34 29 20 15 | 09
#0452-d309 @A: 08 20 35 29 | 10
#0453-d309 @A: 30 20 05 10 | 08
#0454-d309 @A: 30 22 08 20 | 06
#0455-d309 @A: 26 05 20 31 | 07
#0456-d309 @A: 20 03 32 25 | 12
#0457-d309 @A: 19 03 04 20 | 04
#0458-d309 @A: 31 24 33 20 | 03
#0459-d309 @A: 02 07 20 21 | 01
#0460-d309 @A: 03 20 31 25 | 05
#0461-d309 @A: 31 18 02 20 | 02
#0462-d309 @A: 06 11 01 03 | 11
#0463-d309 @A: 01 11 21 29 | 09
#0464-d309 @A: 01 10 15 06 | 10
#0465-d309 @A: 01 17 06 27 | 08
#0466-d309 @A: 07 01 15 27 | 06
#0467-d309 @A: 21 01 08 23 | 07
#0468-d309 @A: 09 24 01 30 | 12
#0469-d309 @A: 01 34 03 32 | 04
#0470-d309 @A: 27 34 21 01 | 03
#0471-d309 @A: 12 19 04 01 | 01
#0472-d309 @A: 12 16 24 01 | 05
#0473-d309 @A: 07 35 01 26 | 02
#0474-d309 @A: 01 25 34 10 | 11
#0475-d309 @A: 31 01 22 02 | 09
#0476-d309 @A: 06 11 27 28 | 10
#0477-d309 @A: 11 15 29 27 | 08
#0478-d309 @A: 30 15 11 34 | 06
#0479-d309 @A: 15 11 19 05 | 07
#0480-d309 @A: 23 19 33 11 | 12
#0481-d309 @A: 28 11 30 04 | 04
#0482-d309 @A: 03 05 33 11 | 03
#0483-d309 @A: 27 32 11 19 | 01
#0484-d309 @A: 27 34 24 11 | 05
#0485-d309 @A: 35 33 04 11 | 02
#0486-d309 @A: 26 11 16 31 | 11
#0487-d309 @A: 16 11 12 09 | 09
#0488-d309 @A: 26 07 18 11 | 10
#0489-d309 @A: 12 26 11 21 | 08
#0490-d309 @A: 02 34 31 11 | 06
#0491-d309 @A: 22 03 11 10 | 07
#0492-d309 @A: 11 07 02 28 | 12
#0493-d309 @A: 15 06 19 25 | 04
#0494-d309 @A: 06 25 30 23 | 03
#0495-d309 @A: 30 02 27 06 | 01
#0496-d309 @A: 10 26 06 30 | 05
#0497-d309 @A: 28 05 06 26 | 02
#0498-d309 @A: 06 31 05 10 | 11
#0499-d309 @A: 32 19 06 31 | 09
#0500-d309 @A: 33 06 04 25 | 10
#0501-d309 @A: 07 17 06 19 | 08
#0502-d309 @A: 18 21 06 07 | 06
#0503-d309 @A: 30 23 15 28 | 07
#0504-d309 @A: 23 05 21 15 | 12
#0505-d309 @A: 30 15 05 02 | 04
#0506-d309 @A: 15 12 24 04 | 03
#0507-d309 @A: 19 22 26 15 | 01
#0508-d309 @A: 28 12 34 15 | 05
#0509-d309 @A: 15 07 09 18 | 02
#0510-d309 @A: 19 15 03 07 | 11
#0511-d309 @A: 30 34 33 23 | 09
#0512-d309 @A: 23 08 04 25 | 10
#0513-d309 @A: 26 22 08 23 | 08
#0514-d309 @A: 24 16 25 23 | 06
#0515-d309 @A: 23 19 12 26 | 07
#0516-d309 @A: 09 23 21 07 | 12
#0517-d309 @A: 19 17 18 23 | 04
#0518-d309 @A: 31 19 23 02 | 03
#0519-d309 @A: 30 29 09 04 | 01
#0520-d309 @A: 29 32 08 19 | 05
#0521-d309 @A: 29 25 35 34 | 02
#0522-d309 @A: 24 08 30 26 | 11
#0523-d309 @A: 32 26 16 30 | 09
#0524-d309 @A: 10 32 30 34 | 10
#0525-d309 @A: 03 24 27 30 | 08
#0526-d309 @A: 09 30 34 26 | 06
#0527-d309 @A: 30 09 31 03 | 07
#0528-d309 @A: 30 31 21 19 | 12
#0529-d309 @A: 24 26 27 05 | 04
#0530-d309 @A: 25 05 26 22 | 03
#0531-d309 @A: 05 12 22 07 | 01
#0532-d309 @A: 10 24 08 16 | 05
#0533-d309 @A: 16 08 21 19 | 02
#0534-d309 @A: 09 08 33 31 | 11
#0535-d309 @A: 17 24 08 31 | 09
#0536-d309 @A: 28 08 26 35 | 10
#0537-d309 @A: 12 08 07 10 | 08
#0538-d309 @A: 03 19 08 10 | 06
#0539-d309 @A: 32 24 12 27 | 07
#0540-d309 @A: 32 31 35 27 | 12
#0541-d309 @A: 32 04 18 16 | 04
#0542-d309 @A: 32 34 26 19 | 03
#0543-d309 @A: 26 32 07 28 | 01
#0544-d309 @A: 07 17 32 03 | 05
#0545-d309 @A: 34 27 16 33 | 02
#0546-d309 @A: 26 04 02 18 | 11
#0547-d309 @A: 28 04 17 34 | 09
#0548-d309 @A: 09 25 04 02 | 10
#0549-d309 @A: 18 10 25 04 | 08
#0550-d309 @A: 16 03 31 33 | 06
#0551-d309 @A: 26 35 16 03 | 07
#0552-d309 @A: 02 19 16 18 | 12
#0553-d309 @A: 31 16 35 21 | 04
#0554-d309 @A: 26 34 31 33 | 03
#0555-d309 @A: 22 25 03 33 | 01
#0556-d309 @A: 22 17 33 02 | 05
#0557-d309 @A: 32 14 19 13 | 02
#0558-d309 @A: 13 20 10 06 | 11
#0559-d309 @A: 01 27 13 26 | 09
#0560-d309 @A: 31 01 13 12 | 10
#0561-d309 @A: 11 03 02 13 | 08
#0562-d309 @A: 06 35 19 13 | 06
#0563-d309 @A: 18 13 23 08 | 07
#0564-d309 @A: 12 23 16 13 | 12
#0565-d309 @A: 35 33 23 13 | 04
#0566-d309 @A: 13 22 23 03 | 03
#0567-d309 @A: 29 02 13 07 | 01
#0568-d309 @A: 05 30 04 13 | 05
#0569-d309 @A: 05 21 13 28 | 02
#0570-d309 @A: 13 08 35 32 | 11
#0571-d309 @A: 33 27 13 25 | 09
#0572-d309 @A: 04 21 03 13 | 10
#0573-d309 @A: 13 26 02 21 | 08
#0574-d309 @A: 21 09 34 13 | 06
#0575-d309 @A: 34 13 22 07 | 07
#0576-d309 @A: 13 22 21 35 | 12
#0577-d309 @A: 14 05 20 22 | 04
#0578-d309 @A: 14 27 20 03 | 03
#0579-d309 @A: 14 24 28 20 | 01
#0580-d309 @A: 01 10 29 14 | 05
#0581-d309 @A: 24 09 06 14 | 02
#0582-d309 @A: 29 33 25 14 | 11
#0583-d309 @A: 30 21 05 14 | 09
#0584-d309 @A: 16 08 14 18 | 10
#0585-d309 @A: 16 24 14 19 | 08
#0586-d309 @A: 10 07 17 14 | 06
#0587-d309 @A: 07 16 01 20 | 07
#0588-d309 @A: 20 18 11 05 | 12
#0589-d309 @A: 20 31 15 34 | 04
#0590-d309 @A: 35 05 20 27 | 03
#0591-d309 @A: 05 24 02 20 | 01
#0592-d309 @A: 20 33 08 02 | 05
#0593-d309 @A: 24 20 03 08 | 02
#0594-d309 @A: 07 20 08 18 | 11
#0595-d309 @A: 32 28 04 20 | 09
#0596-d309 @A: 20 07 04 25 | 10
#0597-d309 @A: 18 20 21 19 | 08
#0598-d309 @A: 09 01 11 15 | 06
#0599-d309 @A: 23 06 19 01 | 07
#0600-d309 @A: 06 28 01 30 | 12
#0601-d309 @A: 01 33 02 06 | 04
#0602-d309 @A: 01 15 19 24 | 03
#0603-d309 @A: 01 07 05 23 | 01
#0604-d309 @A: 32 01 29 05 | 05
#0605-d309 @A: 19 01 34 29 | 02
#0606-d309 @A: 08 01 30 25 | 11
#0607-d309 @A: 01 30 27 10 | 09
#0608-d309 @A: 32 26 01 31 | 10
#0609-d309 @A: 17 01 32 25 | 08
#0610-d309 @A: 02 27 18 01 | 06
#0611-d309 @A: 01 25 16 04 | 07
#0612-d309 @A: 18 01 19 26 | 12
#0613-d309 @A: 11 15 24 26 | 04
#0614-d309 @A: 29 11 34 09 | 03
#0615-d309 @A: 08 02 11 32 | 01
#0616-d309 @A: 11 27 18 25 | 05
#0617-d309 @A: 24 07 31 11 | 02
#0618-d309 @A: 25 10 11 12 | 11
#0619-d309 @A: 19 11 17 03 | 09
#0620-d309 @A: 02 19 22 11 | 10
#0621-d309 @A: 17 23 32 06 | 08
#0622-d309 @A: 10 23 06 04 | 06
#0623-d309 @A: 06 04 17 29 | 07
#0624-d309 @A: 06 19 09 08 | 12
#0625-d309 @A: 06 19 16 27 | 04
#0626-d309 @A: 35 24 27 06 | 03
#0627-d309 @A: 06 17 03 33 | 01
#0628-d309 @A: 02 06 22 18 | 05
#0629-d309 @A: 12 06 22 19 | 02
#0630-d309 @A: 03 23 32 15 | 11
#0631-d309 @A: 23 27 35 15 | 09
#0632-d309 @A: 07 26 15 23 | 10
#0633-d309 @A: 16 18 15 29 | 08
#0634-d309 @A: 15 24 29 21 | 06
#0635-d309 @A: 30 15 21 08 | 07
#0636-d309 @A: 19 30 27 15 | 12
#0637-d309 @A: 15 32 07 05 | 04
#0638-d309 @A: 24 15 16 35 | 03
#0639-d309 @A: 17 15 33 34 | 01
#0640-d309 @A: 09 15 19 34 | 05
#0641-d309 @A: 34 21 02 15 | 02
#0642-d309 @A: 15 12 09 31 | 11
#0643-d309 @A: 05 08 10 23 | 09
#0644-d309 @A: 16 23 04 21 | 10
#0645-d309 @A: 23 09 16 17 | 08
#0646-d309 @A: 24 23 02 28 | 06
#0647-d309 @A: 09 34 23 28 | 07
#0648-d309 @A: 23 09 31 21 | 12
#0649-d309 @A: 03 19 35 23 | 04
#0650-d309 @A: 34 30 24 29 | 03
#0651-d309 @A: 09 29 18 08 | 01
#0652-d309 @A: 27 18 07 29 | 05
#0653-d309 @A: 33 04 29 34 | 02
#0654-d309 @A: 25 03 29 26 | 11
#0655-d309 @A: 25 29 07 10 | 09
#0656-d309 @A: 29 03 28 10 | 10
#0657-d309 @A: 07 29 12 19 | 08
#0658-d309 @A: 12 29 02 21 | 06
#0659-d309 @A: 29 35 12 18 | 07
#0660-d309 @A: 30 04 08 10 | 12
#0661-d309 @A: 19 30 32 04 | 04
#0662-d309 @A: 30 34 27 18 | 03
#0663-d309 @A: 03 10 35 30 | 01
#0664-d309 @A: 35 08 05 16 | 05
#0665-d309 @A: 05 17 32 31 | 02
#0666-d309 @A: 27 05 10 04 | 11
#0667-d309 @A: 27 03 05 02 | 09
#0668-d309 @A: 10 34 05 18 | 10
#0669-d309 @A: 05 09 10 17 | 08
#0670-d309 @A: 05 28 10 35 | 06
#0671-d309 @A: 03 05 35 12 | 07
#0672-d309 @A: 08 12 21 28 | 12
#0673-d309 @A: 12 09 32 07 | 04
#0674-d309 @A: 22 25 32 10 | 03
#0675-d309 @A: 28 10 32 19 | 01
#0676-d309 @A: 35 07 32 25 | 05
#0677-d309 @A: 24 04 33 27 | 02
#0678-d309 @A: 17 04 27 25 | 11
#0679-d309 @A: 27 25 02 16 | 09
#0680-d309 @A: 03 28 27 26 | 10
#0681-d309 @A: 27 34 17 22 | 08
#0682-d309 @A: 28 33 02 04 | 06
#0683-d309 @A: 09 22 04 19 | 07
#0684-d309 @A: 25 26 21 16 | 12
#0685-d309 @A: 09 31 16 17 | 04
#0686-d309 @A: 28 10 25 16 | 03
#0687-d309 @A: 26 33 24 12 | 01
#0688-d309 @A: 35 17 24 33 | 05
#0689-d309 @A: 34 22 12 33 | 02
#0690-d309 @A: 18 33 19 09 | 11
#0691-d309 @A: 33 35 21 03 | 09
#0692-d309 @A: 12 17 31 33 | 10
#0693-d309 @A: 19 35 28 33 | 08
#0694-d309 @A: 24 25 07 26 | 06
#0695-d309 @A: 24 28 19 26 | 07
#0696-d309 @A: 22 34 24 10 | 12
#0697-d309 @A: 24 35 10 21 | 04
#0698-d309 @A: 21 25 24 22 | 03
#0699-d309 @A: 28 31 26 07 | 01
#0700-d309 @A: 34 17 31 19 | 05
#0701-d309 @A: 34 22 31 35 | 02
#0702-d309 @A: 14 13 34 15 | 11
#0703-d309 @A: 02 13 23 14 | 09
#0704-d309 @A: 05 32 20 13 | 10
#0705-d309 @A: 20 13 28 35 | 08
#0706-d309 @A: 12 01 15 13 | 06
#0707-d309 @A: 18 13 30 01 | 07
#0708-d309 @A: 06 11 13 17 | 12
#0709-d309 @A: 29 11 13 18 | 04
#0710-d309 @A: 21 15 13 10 | 03
#0711-d309 @A: 30 29 13 03 | 01
#0712-d309 @A: 34 29 13 32 | 05
#0713-d309 @A: 07 17 13 08 | 02
#0714-d309 @A: 04 16 13 34 | 11
#0715-d309 @A: 04 13 07 33 | 09
#0716-d309 @A: 13 12 18 34 | 10
#0717-d309 @A: 31 13 10 21 | 08
#0718-d309 @A: 14 33 31 06 | 06
#0719-d309 @A: 15 16 05 14 | 07
#0720-d309 @A: 31 14 25 15 | 12
#0721-d309 @A: 28 14 05 23 | 04
#0722-d309 @A: 23 27 21 14 | 03
#0723-d309 @A: 29 32 03 14 | 01
#0724-d309 @A: 14 22 08 02 | 05
#0725-d309 @A: 16 04 03 14 | 02
#0726-d309 @A: 14 03 26 02 | 11
#0727-d309 @A: 28 14 07 03 | 09
#0728-d309 @A: 20 26 28 11 | 10
#0729-d309 @A: 20 06 03 30 | 08
#0730-d309 @A: 20 23 04 27 | 06
#0731-d309 @A: 30 20 29 17 | 07
#0732-d309 @A: 07 31 32 20 | 12
#0733-d309 @A: 19 31 16 20 | 04
#0734-d309 @A: 17 20 12 21 | 03
#0735-d309 @A: 12 20 31 35 | 01
#0736-d309 @A: 19 22 28 20 | 05
#0737-d309 @A: 23 27 22 01 | 02
#0738-d309 @A: 08 01 29 03 | 11
#0739-d309 @A: 01 35 33 29 | 09
#0740-d309 @A: 24 29 01 02 | 10
#0741-d309 @A: 27 19 05 01 | 08
#0742-d309 @A: 10 16 01 05 | 06
#0743-d309 @A: 04 01 27 32 | 07
#0744-d309 @A: 28 16 32 01 | 12
#0745-d309 @A: 26 09 01 25 | 04
#0746-d309 @A: 01 18 03 09 | 03
#0747-d309 @A: 25 18 01 28 | 01
#0748-d309 @A: 07 06 11 29 | 05
#0749-d309 @A: 31 06 08 11 | 02
#0750-d309 @A: 23 11 17 15 | 11
#0751-d309 @A: 12 11 29 32 | 09
#0752-d309 @A: 28 33 11 29 | 10
#0753-d309 @A: 22 31 11 29 | 08
#0754-d309 @A: 03 26 11 30 | 06
#0755-d309 @A: 02 05 04 11 | 07
#0756-d309 @A: 09 11 05 24 | 12
#0757-d309 @A: 08 18 11 33 | 04
#0758-d309 @A: 11 34 26 22 | 03
#0759-d309 @A: 11 02 25 26 | 01
#0760-d309 @A: 28 11 34 03 | 05
#0761-d309 @A: 07 22 11 09 | 02
#0762-d309 @A: 22 15 30 06 | 11
#0763-d309 @A: 06 15 24 28 | 09
#0764-d309 @A: 09 23 06 29 | 10
#0765-d309 @A: 16 06 05 29 | 08
#0766-d309 @A: 10 06 29 24 | 06
#0767-d309 @A: 06 31 28 29 | 07
#0768-d309 @A: 16 30 12 06 | 12
#0769-d309 @A: 24 32 06 34 | 04
#0770-d309 @A: 28 25 32 06 | 03
#0771-d309 @A: 31 18 09 06 | 01
#0772-d309 @A: 06 19 02 03 | 05
#0773-d309 @A: 29 15 02 10 | 02
#0774-d309 @A: 22 29 15 07 | 11
#0775-d309 @A: 35 08 33 15 | 09
#0776-d309 @A: 08 26 15 09 | 10
#0777-d309 @A: 04 15 32 34 | 08
#0778-d309 @A: 16 32 15 19 | 06
#0779-d309 @A: 03 17 24 15 | 07
#0780-d309 @A: 03 15 10 26 | 12
#0781-d309 @A: 35 21 19 15 | 04
#0782-d309 @A: 22 15 35 28 | 03
#0783-d309 @A: 04 35 29 23 | 01
#0784-d309 @A: 16 19 29 23 | 05
#0785-d309 @A: 02 30 04 23 | 02
#0786-d309 @A: 07 27 17 23 | 11
#0787-d309 @A: 23 22 02 09 | 09
#0788-d309 @A: 02 10 23 07 | 10
#0789-d309 @A: 23 31 28 17 | 08
#0790-d309 @A: 12 22 23 21 | 06
#0791-d309 @A: 05 04 29 18 | 07
#0792-d309 @A: 29 08 10 17 | 12
#0793-d309 @A: 27 35 10 29 | 04
#0794-d309 @A: 29 03 33 12 | 03
#0795-d309 @A: 24 29 21 31 | 01
#0796-d309 @A: 30 05 12 24 | 05
#0797-d309 @A: 08 16 34 30 | 02
#0798-d309 @A: 30 35 26 04 | 11
#0799-d309 @A: 09 30 33 21 | 09
#0800-d309 @A: 10 22 09 30 | 10
#0801-d309 @A: 30 35 25 09 | 08
#0802-d309 @A: 30 10 19 07 | 06
#0803-d309 @A: 21 26 05 08 | 07
#0804-d309 @A: 24 32 10 05 | 12
#0805-d309 @A: 10 07 26 05 | 04
#0806-d309 @A: 18 03 05 26 | 03
#0807-d309 @A: 18 05 17 25 | 01
#0808-d309 @A: 12 31 19 05 | 05
#0809-d309 @A: 24 08 21 27 | 02
#0810-d309 @A: 04 08 12 16 | 11
#0811-d309 @A: 35 25 24 08 | 09
#0812-d309 @A: 03 18 08 34 | 10
#0813-d309 @A: 08 35 12 34 | 08
#0814-d309 @A: 10 08 25 09 | 06
#0815-d309 @A: 31 19 08 18 | 07
#0816-d309 @A: 27 32 33 35 | 12
#0817-d309 @A: 31 32 12 09 | 04
#0818-d309 @A: 35 27 21 26 | 03
#0819-d309 @A: 31 27 03 19 | 01
#0820-d309 @A: 16 04 09 33 | 05
#0821-d309 @A: 28 04 26 12 | 02
#0822-d309 @A: 03 16 34 25 | 11
#0823-d309 @A: 25 09 16 19 | 09
#0824-d309 @A: 16 07 18 31 | 10
#0825-d309 @A: 22 26 33 21 | 08
#0826-d309 @A: 10 33 22 18 | 06
#0827-d309 @A: 25 07 02 33 | 07
#0828-d309 @A: 09 18 24 34 | 12
#0829-d309 @A: 10 18 24 12 | 04
#0830-d309 @A: 12 07 35 24 | 03
#0831-d309 @A: 24 17 02 25 | 01
#0832-d309 @A: 03 31 26 22 | 05
#0833-d309 @A: 11 14 22 13 | 02
#0834-d309 @A: 09 13 35 14 | 11
#0835-d309 @A: 31 20 28 13 | 09
#0836-d309 @A: 13 01 23 09 | 10
#0837-d309 @A: 01 24 03 13 | 08
#0838-d309 @A: 21 11 13 08 | 06
#0839-d309 @A: 23 13 32 07 | 07
#0840-d309 @A: 35 13 05 29 | 12
#0841-d309 @A: 31 13 30 10 | 04
#0842-d309 @A: 13 09 19 05 | 03
#0843-d309 @A: 33 13 32 03 | 01
#0844-d309 @A: 32 13 24 28 | 05
#0845-d309 @A: 04 27 18 13 | 02
#0846-d309 @A: 02 24 13 27 | 11
#0847-d309 @A: 31 25 16 13 | 09
#0848-d309 @A: 28 13 26 22 | 10
#0849-d309 @A: 21 13 12 07 | 08
#0850-d309 @A: 20 01 14 26 | 06
#0851-d309 @A: 15 01 35 14 | 07
#0852-d309 @A: 35 14 11 16 | 12
#0853-d309 @A: 10 15 14 33 | 04
#0854-d309 @A: 15 24 14 02 | 03
#0855-d309 @A: 29 12 16 14 | 01
#0856-d309 @A: 22 18 29 14 | 05
#0857-d309 @A: 14 24 05 25 | 02
#0858-d309 @A: 32 14 04 10 | 11
#0859-d309 @A: 19 04 27 14 | 09
#0860-d309 @A: 04 07 14 24 | 10
#0861-d309 @A: 09 14 28 16 | 08
#0862-d309 @A: 17 26 25 14 | 06
#0863-d309 @A: 07 14 34 21 | 07
#0864-d309 @A: 14 35 18 34 | 12
#0865-d309 @A: 33 24 20 01 | 04
#0866-d309 @A: 20 21 11 33 | 03
#0867-d309 @A: 20 25 06 05 | 01
#0868-d309 @A: 06 34 27 20 | 05
#0869-d309 @A: 15 07 20 24 | 02
#0870-d309 @A: 05 20 19 23 | 11
#0871-d309 @A: 29 20 05 26 | 09
#0872-d309 @A: 29 20 31 04 | 10
#0873-d309 @A: 27 30 20 09 | 08
#0874-d309 @A: 09 20 26 12 | 06
#0875-d309 @A: 34 02 20 18 | 07
#0876-d309 @A: 20 21 22 10 | 12
#0877-d309 @A: 20 17 25 28 | 04
#0878-d309 @A: 35 12 19 20 | 03
#0879-d309 @A: 26 01 05 11 | 01
#0880-d309 @A: 01 33 11 12 | 05
#0881-d309 @A: 31 06 07 01 | 02
#0882-d309 @A: 15 08 01 28 | 11
#0883-d309 @A: 35 01 23 24 | 09
#0884-d309 @A: 05 03 22 01 | 10
#0885-d309 @A: 22 16 01 33 | 08
#0886-d309 @A: 34 17 01 07 | 06
#0887-d309 @A: 35 01 22 34 | 07
#0888-d309 @A: 35 01 25 02 | 12
#0889-d309 @A: 23 12 11 06 | 04
#0890-d309 @A: 11 29 24 35 | 03
#0891-d309 @A: 31 27 30 11 | 01
#0892-d309 @A: 30 11 18 12 | 05
#0893-d309 @A: 08 11 05 12 | 02
#0894-d309 @A: 32 09 11 35 | 11
#0895-d309 @A: 16 04 19 11 | 09
#0896-d309 @A: 24 02 16 11 | 10
#0897-d309 @A: 10 17 11 34 | 08
#0898-d309 @A: 11 19 21 10 | 06
#0899-d309 @A: 12 03 07 11 | 07
#0900-d309 @A: 03 11 21 18 | 12
#0901-d309 @A: 17 21 11 25 | 04
#0902-d309 @A: 33 06 15 07 | 03
#0903-d309 @A: 23 06 05 02 | 01
#0904-d309 @A: 29 06 26 32 | 05
#0905-d309 @A: 29 25 27 06 | 02
#0906-d309 @A: 06 30 17 08 | 11
#0907-d309 @A: 06 27 04 12 | 09
#0908-d309 @A: 06 16 31 27 | 10
#0909-d309 @A: 09 12 02 06 | 08
#0910-d309 @A: 06 28 35 09 | 06
#0911-d309 @A: 06 28 22 03 | 07
#0912-d309 @A: 21 12 35 06 | 12
#0913-d309 @A: 30 10 24 15 | 04
#0914-d309 @A: 05 15 07 31 | 03
#0915-d309 @A: 27 15 02 33 | 01
#0916-d309 @A: 15 18 04 19 | 05
#0917-d309 @A: 15 17 26 18 | 02
#0918-d309 @A: 12 15 10 19 | 11
#0919-d309 @A: 15 12 17 25 | 09
#0920-d309 @A: 29 23 30 12 | 10
#0921-d309 @A: 07 23 34 29 | 08
#0922-d309 @A: 23 32 08 28 | 06
#0923-d309 @A: 17 04 23 33 | 07
#0924-d309 @A: 04 24 26 23 | 12
#0925-d309 @A: 33 23 16 10 | 04
#0926-d309 @A: 26 23 34 02 | 03
#0927-d309 @A: 26 28 23 18 | 01
#0928-d309 @A: 21 19 23 28 | 05
#0929-d309 @A: 29 16 35 30 | 02
#0930-d309 @A: 29 08 07 24 | 11
#0931-d309 @A: 33 27 29 21 | 09
#0932-d309 @A: 29 03 24 16 | 10
#0933-d309 @A: 22 02 34 29 | 08
#0934-d309 @A: 10 07 29 31 | 06
#0935-d309 @A: 30 02 33 32 | 07
#0936-d309 @A: 30 16 22 04 | 12
#0937-d309 @A: 30 31 24 28 | 04
#0938-d309 @A: 25 28 12 30 | 03
#0939-d309 @A: 32 05 08 34 | 01
#0940-d309 @A: 28 08 04 05 | 05
#0941-d309 @A: 07 08 05 03 | 02
#0942-d309 @A: 05 26 32 33 | 11
#0943-d309 @A: 22 35 09 05 | 09
#0944-d309 @A: 22 18 05 19 | 10
#0945-d309 @A: 27 08 33 03 | 08
#0946-d309 @A: 10 21 34 08 | 06
#0947-d309 @A: 08 03 31 12 | 07
#0948-d309 @A: 18 17 35 08 | 12
#0949-d309 @A: 19 12 18 08 | 04
#0950-d309 @A: 27 09 32 16 | 03
#0951-d309 @A: 32 04 34 31 | 01
#0952-d309 @A: 21 26 32 03 | 05
#0953-d309 @A: 17 32 26 22 | 02
#0954-d309 @A: 32 17 35 19 | 11
#0955-d309 @A: 24 07 16 27 | 09
#0956-d309 @A: 09 24 22 27 | 10
#0957-d309 @A: 04 25 26 19 | 08
#0958-d309 @A: 34 18 31 04 | 06
#0959-d309 @A: 04 03 18 28 | 07
#0960-d309 @A: 04 12 35 02 | 12
#0961-d309 @A: 16 34 09 35 | 04
#0962-d309 @A: 02 03 16 22 | 03
#0963-d309 @A: 16 18 12 25 | 01
#0964-d309 @A: 25 28 26 33 | 05
#0965-d309 @A: 07 34 03 33 | 02
#0966-d309 @A: 09 33 28 03 | 11
#0967-d309 @A: 28 07 12 33 | 09
#0968-d309 @A: 33 35 07 22 | 10
#0969-d309 @A: 26 02 24 10 | 08
#0970-d309 @A: 35 19 24 34 | 06
#0971-d309 @A: 09 35 02 24 | 07
#0972-d309 @A: 22 17 18 24 | 12
#0973-d309 @A: 24 21 28 18 | 04
#0974-d309 @A: 35 31 10 09 | 03
#0975-d309 @A: 13 14 20 18 | 01
#0976-d309 @A: 11 12 13 20 | 05
#0977-d309 @A: 13 20 21 27 | 02
#0978-d309 @A: 16 20 13 03 | 11
#0979-d309 @A: 21 13 33 01 | 09
#0980-d309 @A: 25 11 24 13 | 10
#0981-d309 @A: 06 30 34 13 | 08
#0982-d309 @A: 08 13 15 25 | 06
#0983-d309 @A: 30 25 13 10 | 07
#0984-d309 @A: 24 13 05 07 | 12
#0985-d309 @A: 28 13 08 03 | 04
#0986-d309 @A: 17 27 32 13 | 03
#0987-d309 @A: 04 13 24 35 | 01
#0988-d309 @A: 17 13 34 25 | 05
#0989-d309 @A: 18 22 13 09 | 02
#0990-d309 @A: 13 12 25 03 | 11
#0991-d309 @A: 01 14 25 27 | 09
#0992-d309 @A: 11 26 23 14 | 10
#0993-d309 @A: 10 14 11 08 | 08
#0994-d309 @A: 14 11 09 27 | 06
#0995-d309 @A: 14 11 18 31 | 07
#0996-d309 @A: 35 14 06 05 | 12
#0997-d309 @A: 08 06 14 03 | 04
#0998-d309 @A: 28 21 06 14 | 03
#0999-d309 @A: 12 23 08 14 | 01
#1000-d309 @A: 23 14 08 31 | 05
#1001-d309 @A: 26 29 14 24 | 02
#1002-d309 @A: 12 33 14 27 | 11
#1003-d309 @A: 09 14 34 10 | 09
#1004-d309 @A: 34 12 14 03 | 10
#1005-d309 @A: 03 14 17 35 | 08
#1006-d309 @A: 21 20 06 01 | 06
#1007-d309 @A: 29 01 20 25 | 07
#1008-d309 @A: 08 12 01 20 | 12
#1009-d309 @A: 01 09 20 10 | 04
#1010-d309 @A: 15 35 20 11 | 03
#1011-d309 @A: 20 03 15 05 | 01
#1012-d309 @A: 08 23 16 20 | 05
#1013-d309 @A: 20 32 23 09 | 02
#1014-d309 @A: 23 20 33 03 | 11
#1015-d309 @A: 33 32 34 20 | 09
#1016-d309 @A: 04 20 35 16 | 10
#1017-d309 @A: 06 01 29 18 | 08
#1018-d309 @A: 15 23 29 01 | 06
#1019-d309 @A: 28 23 01 04 | 07
#1020-d309 @A: 30 01 05 17 | 12
#1021-d309 @A: 26 24 32 01 | 04
#1022-d309 @A: 27 33 01 09 | 03
#1023-d309 @A: 33 01 31 18 | 01
#1024-d309 @A: 10 24 07 01 | 05
#1025-d309 @A: 01 03 10 17 | 02
#1026-d309 @A: 21 10 02 01 | 11
#1027-d309 @A: 18 01 12 21 | 09
#1028-d309 @A: 11 02 15 12 | 10
#1029-d309 @A: 11 10 29 23 | 08
#1030-d309 @A: 34 23 11 08 | 06
#1031-d309 @A: 22 11 18 23 | 07
#1032-d309 @A: 11 05 30 25 | 12
#1033-d309 @A: 09 03 08 11 | 04
#1034-d309 @A: 11 24 03 32 | 03
#1035-d309 @A: 26 33 11 27 | 01
#1036-d309 @A: 17 11 26 04 | 05
#1037-d309 @A: 15 12 32 06 | 02
#1038-d309 @A: 05 06 04 22 | 11
#1039-d309 @A: 06 08 18 27 | 09
#1040-d309 @A: 08 06 07 28 | 10
#1041-d309 @A: 24 04 21 06 | 08
#1042-d309 @A: 02 06 31 04 | 06
#1043-d309 @A: 33 16 24 06 | 07
#1044-d309 @A: 10 06 21 16 | 12
#1045-d309 @A: 02 10 06 34 | 04
#1046-d309 @A: 25 31 06 21 | 03
#1047-d309 @A: 02 16 15 23 | 01
#1048-d309 @A: 15 35 23 31 | 05
#1049-d309 @A: 15 12 05 29 | 02
#1050-d309 @A: 30 15 09 16 | 11
#1051-d309 @A: 27 15 26 32 | 09
#1052-d309 @A: 15 18 31 27 | 10
#1053-d309 @A: 07 15 25 16 | 08
#1054-d309 @A: 22 21 03 15 | 06
#1055-d309 @A: 25 18 15 35 | 07
#1056-d309 @A: 23 17 30 10 | 12
#1057-d309 @A: 23 30 31 25 | 04
#1058-d309 @A: 09 23 08 27 | 03
#1059-d309 @A: 08 29 25 05 | 01
#1060-d309 @A: 05 29 07 09 | 05
#1061-d309 @A: 33 29 27 31 | 02
#1062-d309 @A: 18 26 29 34 | 11
#1063-d309 @A: 09 35 19 29 | 09
#1064-d309 @A: 21 18 29 10 | 10
#1065-d309 @A: 03 29 07 35 | 08
#1066-d309 @A: 12 29 31 18 | 06
#1067-d309 @A: 05 30 26 19 | 07
#1068-d309 @A: 27 26 25 30 | 12
#1069-d309 @A: 16 30 02 31 | 04
#1070-d309 @A: 30 34 02 17 | 03
#1071-d309 @A: 30 07 02 09 | 01
#1072-d309 @A: 09 19 30 03 | 05
#1073-d309 @A: 04 16 05 07 | 02
#1074-d309 @A: 24 05 16 22 | 11
#1075-d309 @A: 10 02 05 25 | 09
#1076-d309 @A: 18 05 22 31 | 10
#1077-d309 @A: 32 08 27 25 | 08
#1078-d309 @A: 21 32 31 08 | 06
#1079-d309 @A: 27 31 25 08 | 07
#1080-d309 @A: 24 04 09 08 | 12
#1081-d309 @A: 18 08 26 31 | 04
#1082-d309 @A: 34 07 08 31 | 03
#1083-d309 @A: 35 31 08 02 | 01
#1084-d309 @A: 10 32 33 31 | 05
#1085-d309 @A: 09 32 02 10 | 02
#1086-d309 @A: 28 21 02 32 | 11
#1087-d309 @A: 26 34 27 07 | 09
#1088-d309 @A: 26 12 22 27 | 10
#1089-d309 @A: 02 12 34 27 | 08
#1090-d309 @A: 17 27 18 10 | 06
#1091-d309 @A: 27 28 07 21 | 07
#1092-d309 @A: 03 21 17 27 | 12
#1093-d309 @A: 27 35 28 17 | 04
#1094-d309 @A: 09 21 04 28 | 03
#1095-d309 @A: 25 09 31 04 | 01
#1096-d309 @A: 04 03 10 12 | 05
#1097-d309 @A: 16 19 35 22 | 02
#1098-d309 @A: 26 33 09 07 | 11
#1099-d309 @A: 03 02 33 10 | 09
#1100-d309 @A: 24 28 07 34 | 10
#1101-d309 @A: 17 09 24 07 | 08
#1102-d309 @A: 09 25 28 24 | 06
#1103-d309 @A: 03 28 24 35 | 07
#1104-d309 @A: 10 35 31 19 | 12
#1105-d309 @A: 02 07 17 31 | 04
#1106-d309 @A: 02 21 31 03 | 03
#1107-d309 @A: 14 06 13 29 | 01
#1108-d309 @A: 13 33 28 14 | 05
#1109-d309 @A: 20 13 23 15 | 02
#1110-d309 @A: 25 02 20 13 | 11
#1111-d309 @A: 35 13 11 01 | 09
#1112-d309 @A: 13 04 02 01 | 10
#1113-d309 @A: 19 13 30 11 | 08
#1114-d309 @A: 05 34 13 11 | 06
#1115-d309 @A: 32 31 13 11 | 07
#1116-d309 @A: 10 04 13 29 | 12
#1117-d309 @A: 19 29 13 21 | 04
#1118-d309 @A: 05 16 18 13 | 03
#1119-d309 @A: 33 13 08 34 | 01
#1120-d309 @A: 12 08 24 13 | 05
#1121-d309 @A: 13 16 02 33 | 02
#1122-d309 @A: 17 16 28 13 | 11
#1123-d309 @A: 26 17 03 13 | 09
#1124-d309 @A: 08 21 20 14 | 10
#1125-d309 @A: 33 14 19 01 | 08
#1126-d309 @A: 07 02 14 06 | 06
#1127-d309 @A: 15 21 18 14 | 07
#1128-d309 @A: 25 32 30 14 | 12
#1129-d309 @A: 14 30 33 03 | 04
#1130-d309 @A: 14 05 09 31 | 03
#1131-d309 @A: 08 14 19 28 | 01
#1132-d309 @A: 17 16 14 32 | 05
#1133-d309 @A: 12 16 31 14 | 02
#1134-d309 @A: 14 17 24 34 | 11
#1135-d309 @A: 28 26 10 14 | 09
#1136-d309 @A: 02 19 14 25 | 10
#1137-d309 @A: 01 20 02 23 | 08
#1138-d309 @A: 11 19 20 06 | 06
#1139-d309 @A: 03 11 20 29 | 07
#1140-d309 @A: 32 08 06 20 | 12
#1141-d309 @A: 29 04 20 12 | 04
#1142-d309 @A: 20 16 29 21 | 03
#1143-d309 @A: 20 04 34 08 | 01
#1144-d309 @A: 19 26 08 20 | 05
#1145-d309 @A: 27 02 20 26 | 02
#1146-d309 @A: 26 07 03 20 | 11
#1147-d309 @A: 26 22 06 01 | 09
#1148-d309 @A: 01 34 15 16 | 10
#1149-d309 @A: 10 01 23 32 | 08
#1150-d309 @A: 01 23 03 26 | 06
#1151-d309 @A: 01 29 04 07 | 07
#1152-d309 @A: 01 19 35 30 | 12
#1153-d309 @A: 05 01 24 21 | 04
#1154-d309 @A: 01 24 08 22 | 03
#1155-d309 @A: 01 27 31 21 | 01
#1156-d309 @A: 01 21 17 16 | 05
#1157-d309 @A: 01 10 33 28 | 02
#1158-d309 @A: 09 22 21 01 | 11
#1159-d309 @A: 01 07 25 12 | 09
#1160-d309 @A: 31 35 01 28 | 10
#1161-d309 @A: 05 11 06 10 | 08
#1162-d309 @A: 25 11 28 15 | 06
#1163-d309 @A: 04 11 23 32 | 07
#1164-d309 @A: 11 21 23 24 | 12
#1165-d309 @A: 11 29 16 25 | 04
#1166-d309 @A: 30 24 33 11 | 03
#1167-d309 @A: 16 11 27 08 | 01
#1168-d309 @A: 33 17 16 11 | 05
#1169-d309 @A: 33 11 31 02 | 02
#1170-d309 @A: 07 11 24 19 | 11
#1171-d309 @A: 09 26 11 19 | 09
#1172-d309 @A: 09 02 11 21 | 10
#1173-d309 @A: 15 06 31 29 | 08
#1174-d309 @A: 06 08 23 35 | 06
#1175-d309 @A: 06 17 24 05 | 07
#1176-d309 @A: 07 16 09 06 | 12
#1177-d309 @A: 18 16 03 06 | 04
#1178-d309 @A: 25 12 06 26 | 03
#1179-d309 @A: 06 12 31 26 | 01
#1180-d309 @A: 18 10 09 06 | 05
#1181-d309 @A: 25 15 24 32 | 02
#1182-d309 @A: 15 16 27 28 | 11
#1183-d309 @A: 34 15 35 03 | 09
#1184-d309 @A: 15 18 22 34 | 10
#1185-d309 @A: 15 10 09 35 | 08
#1186-d309 @A: 15 17 22 09 | 06
#1187-d309 @A: 15 21 12 09 | 07
#1188-d309 @A: 15 02 35 07 | 12
#1189-d309 @A: 17 15 02 19 | 04
#1190-d309 @A: 23 27 30 32 | 03
#1191-d309 @A: 18 30 24 23 | 01
#1192-d309 @A: 19 27 23 24 | 05
#1193-d309 @A: 12 23 10 27 | 02
#1194-d309 @A: 03 04 07 23 | 11
#1195-d309 @A: 05 25 29 31 | 09
#1196-d309 @A: 08 29 34 27 | 10
#1197-d309 @A: 29 32 16 07 | 08
#1198-d309 @A: 32 31 29 03 | 06
#1199-d309 @A: 29 18 28 32 | 07
#1200-d309 @A: 29 26 16 33 | 12
#1201-d309 @A: 34 16 29 10 | 04
#1202-d309 @A: 26 17 35 29 | 03
#1203-d309 @A: 03 02 29 09 | 01
#1204-d309 @A: 29 28 07 17 | 05
#1205-d309 @A: 35 32 05 30 | 02
#1206-d309 @A: 25 24 30 04 | 11
#1207-d309 @A: 16 28 30 24 | 09
#1208-d309 @A: 34 12 30 19 | 10
#1209-d309 @A: 30 07 31 12 | 08
#1210-d309 @A: 24 19 08 05 | 06
#1211-d309 @A: 05 08 31 28 | 07
#1212-d309 @A: 32 04 17 05 | 12
#1213-d309 @A: 21 12 05 32 | 04
#1214-d309 @A: 17 05 16 27 | 03
#1215-d309 @A: 05 04 24 03 | 01
#1216-d309 @A: 16 12 05 19 | 05
#1217-d309 @A: 03 07 31 05 | 02
#1218-d309 @A: 05 02 07 17 | 11
#1219-d309 @A: 21 17 32 08 | 09
#1220-d309 @A: 21 35 09 08 | 10
#1221-d309 @A: 10 02 35 08 | 08
#1222-d309 @A: 17 25 03 08 | 06
#1223-d309 @A: 32 24 04 02 | 07
#1224-d309 @A: 32 16 33 12 | 12
#1225-d309 @A: 09 34 32 17 | 04
#1226-d309 @A: 32 22 28 09 | 03
#1227-d309 @A: 10 32 21 07 | 01
#1228-d309 @A: 12 03 32 22 | 05
#1229-d309 @A: 18 02 32 17 | 02
#1230-d309 @A: 22 28 04 27 | 11
#1231-d309 @A: 33 19 27 22 | 09
#1232-d309 @A: 27 34 09 03 | 10
#1233-d309 @A: 28 10 27 02 | 08
#1234-d309 @A: 03 18 27 22 | 06
#1235-d309 @A: 25 27 19 21 | 07
#1236-d309 @A: 04 31 21 07 | 12
#1237-d309 @A: 17 35 22 04 | 04
#1238-d309 @A: 16 18 33 35 | 03
#1239-d309 @A: 02 28 16 26 | 01
#1240-d309 @A: 18 21 09 16 | 05
#1241-d309 @A: 07 16 21 03 | 02
#1242-d309 @A: 35 31 25 33 | 11
#1243-d309 @A: 12 24 31 34 | 09
#1244-d309 @A: 02 07 24 18 | 10
#1245-d309 @A: 14 34 13 31 | 08
#1246-d309 @A: 13 23 11 28 | 06
#1247-d309 @A: 27 13 11 10 | 07
#1248-d309 @A: 11 09 13 33 | 12
#1249-d309 @A: 33 13 15 19 | 04
#1250-d309 @A: 23 13 25 29 | 03
#1251-d309 @A: 08 02 13 30 | 01
#1252-d309 @A: 13 05 31 24 | 05
#1253-d309 @A: 13 09 24 16 | 02
#1254-d309 @A: 13 26 10 09 | 11
#1255-d309 @A: 28 10 13 34 | 09
#1256-d309 @A: 03 19 13 34 | 10
#1257-d309 @A: 09 13 28 12 | 08
#1258-d309 @A: 29 09 14 20 | 06
#1259-d309 @A: 01 14 02 12 | 07
#1260-d309 @A: 05 11 07 14 | 12
#1261-d309 @A: 14 11 04 21 | 04
#1262-d309 @A: 11 24 12 14 | 03
#1263-d309 @A: 15 06 14 17 | 01
#1264-d309 @A: 06 18 23 14 | 05
#1265-d309 @A: 22 14 23 32 | 02
#1266-d309 @A: 14 31 29 17 | 11
#1267-d309 @A: 14 10 18 30 | 09
#1268-d309 @A: 05 18 14 27 | 10
#1269-d309 @A: 05 14 12 10 | 08
#1270-d309 @A: 02 27 35 14 | 06
#1271-d309 @A: 14 33 07 16 | 07
#1272-d309 @A: 33 26 14 34 | 12
#1273-d309 @A: 21 14 09 26 | 04
#1274-d309 @A: 02 17 14 21 | 03
#1275-d309 @A: 35 25 12 14 | 01
#1276-d309 @A: 20 04 06 18 | 05
#1277-d309 @A: 15 27 17 20 | 02
#1278-d309 @A: 20 23 21 30 | 11
#1279-d309 @A: 35 34 20 23 | 09
#1280-d309 @A: 20 29 10 32 | 10
#1281-d309 @A: 18 24 20 29 | 08
#1282-d309 @A: 08 22 20 31 | 06
#1283-d309 @A: 10 20 16 27 | 07
#1284-d309 @A: 20 07 22 17 | 12
#1285-d309 @A: 03 12 02 20 | 04
#1286-d309 @A: 12 25 22 20 | 03
#1287-d309 @A: 01 31 11 04 | 01
#1288-d309 @A: 16 01 06 35 | 05
#1289-d309 @A: 05 18 01 15 | 02
#1290-d309 @A: 23 01 18 34 | 11
#1291-d309 @A: 29 31 19 01 | 09
#1292-d309 @A: 24 01 04 34 | 10
#1293-d309 @A: 09 12 01 34 | 08
#1294-d309 @A: 19 03 25 01 | 06
#1295-d309 @A: 22 28 02 01 | 07
#1296-d309 @A: 11 06 32 21 | 12
#1297-d309 @A: 06 24 11 22 | 04
#1298-d309 @A: 22 11 33 15 | 03
#1299-d309 @A: 17 11 32 28 | 01
#1300-d309 @A: 03 27 11 35 | 05
#1301-d309 @A: 35 26 11 10 | 02
#1302-d309 @A: 34 07 11 25 | 11
#1303-d309 @A: 09 17 11 18 | 09
#1304-d309 @A: 35 11 17 07 | 10
#1305-d309 @A: 12 11 35 22 | 08
#1306-d309 @A: 15 06 21 27 | 06
#1307-d309 @A: 06 15 04 35 | 07
#1308-d309 @A: 28 23 16 06 | 12
#1309-d309 @A: 21 06 29 30 | 04
#1310-d309 @A: 34 21 05 06 | 03
#1311-d309 @A: 22 06 08 10 | 01
#1312-d309 @A: 06 32 27 07 | 05
#1313-d309 @A: 06 12 24 03 | 02
#1314-d309 @A: 07 34 06 12 | 11
#1315-d309 @A: 35 06 34 17 | 09
#1316-d309 @A: 25 06 18 34 | 10
#1317-d309 @A: 06 28 17 02 | 08
#1318-d309 @A: 15 23 12 33 | 06
#1319-d309 @A: 18 10 23 15 | 07
#1320-d309 @A: 32 30 17 15 | 12
#1321-d309 @A: 07 30 15 04 | 04
#1322-d309 @A: 33 15 30 18 | 03
#1323-d309 @A: 15 25 04 05 | 01
#1324-d309 @A: 08 22 15 32 | 05
#1325-d309 @A: 04 27 15 09 | 02
#1326-d309 @A: 15 07 17 21 | 11
#1327-d309 @A: 31 28 02 15 | 09
#1328-d309 @A: 31 15 19 22 | 10
#1329-d309 @A: 29 05 03 23 | 08
#1330-d309 @A: 27 23 26 29 | 06
#1331-d309 @A: 30 09 23 05 | 07
#1332-d309 @A: 08 23 30 03 | 12
#1333-d309 @A: 34 23 24 05 | 04
#1334-d309 @A: 23 33 08 07 | 03
#1335-d309 @A: 08 23 17 24 | 01
#1336-d309 @A: 35 16 32 23 | 05
#1337-d309 @A: 32 24 33 23 | 02
#1338-d309 @A: 33 21 02 23 | 11
#1339-d309 @A: 23 25 07 28 | 09
#1340-d309 @A: 23 03 18 02 | 10
#1341-d309 @A: 12 02 23 25 | 08
#1342-d309 @A: 35 28 23 12 | 06
#1343-d309 @A: 30 28 08 29 | 07
#1344-d309 @A: 30 29 18 19 | 12
#1345-d309 @A: 22 05 29 21 | 04
#1346-d309 @A: 33 22 29 08 | 03
#1347-d309 @A: 29 32 09 24 | 01
#1348-d309 @A: 22 29 27 16 | 05
#1349-d309 @A: 24 27 29 17 | 02
#1350-d309 @A: 02 29 17 16 | 11
#1351-d309 @A: 29 10 22 26 | 09
#1352-d309 @A: 02 26 19 29 | 10
#1353-d309 @A: 22 19 03 29 | 08
#1354-d309 @A: 25 29 18 02 | 06
#1355-d309 @A: 16 30 05 03 | 07
#1356-d309 @A: 31 33 30 05 | 12
#1357-d309 @A: 16 33 25 30 | 04
#1358-d309 @A: 34 07 35 30 | 03
#1359-d309 @A: 05 27 22 08 | 01
#1360-d309 @A: 27 28 05 32 | 05
#1361-d309 @A: 05 34 16 02 | 02
#1362-d309 @A: 35 05 18 24 | 11
#1363-d309 @A: 05 09 26 02 | 09
#1364-d309 @A: 12 17 05 26 | 10
#1365-d309 @A: 04 33 26 08 | 08
#1366-d309 @A: 34 08 09 07 | 06
#1367-d309 @A: 17 08 09 28 | 07
#1368-d309 @A: 21 32 27 18 | 12
#1369-d309 @A: 19 32 22 24 | 04
#1370-d309 @A: 12 32 26 02 | 03
#1371-d309 @A: 21 19 09 32 | 01
#1372-d309 @A: 32 18 22 35 | 05
#1373-d309 @A: 35 07 27 09 | 02
#1374-d309 @A: 02 09 17 27 | 11
#1375-d309 @A: 27 07 25 03 | 09
#1376-d309 @A: 25 22 35 27 | 10
#1377-d309 @A: 26 22 04 03 | 08
#1378-d309 @A: 19 26 31 04 | 06
#1379-d309 @A: 19 04 10 35 | 07
#1380-d309 @A: 07 17 12 04 | 12
#1381-d309 @A: 02 19 21 04 | 04
#1382-d309 @A: 18 04 12 22 | 03
#1383-d309 @A: 34 28 21 16 | 01
#1384-d309 @A: 35 16 07 28 | 05
#1385-d309 @A: 17 31 22 16 | 02
#1386-d309 @A: 33 28 34 18 | 11
#1387-d309 @A: 25 33 09 17 | 09
#1388-d309 @A: 21 34 24 12 | 10
#1389-d309 @A: 03 10 25 24 | 08
#1390-d309 @A: 02 25 31 24 | 06
#1391-d309 @A: 31 28 25 34 | 07
#1392-d309 @A: 28 31 22 09 | 12
#1393-d309 @A: 14 17 13 01 | 04
#1394-d309 @A: 12 13 30 14 | 03
#1395-d309 @A: 13 04 25 14 | 01
#1396-d309 @A: 24 13 21 14 | 05
#1397-d309 @A: 03 10 13 14 | 02
#1398-d309 @A: 13 01 07 06 | 11
#1399-d309 @A: 32 11 26 13 | 09
#1400-d309 @A: 03 05 13 06 | 10
#1401-d309 @A: 27 13 22 06 | 08
#1402-d309 @A: 24 22 13 15 | 06
#1403-d309 @A: 08 16 29 13 | 07
#1404-d309 @A: 30 24 13 17 | 12
#1405-d309 @A: 13 32 10 16 | 04
#1406-d309 @A: 19 26 13 07 | 03
#1407-d309 @A: 10 07 13 35 | 01
#1408-d309 @A: 17 21 18 13 | 05
#1409-d309 @A: 18 31 13 35 | 02
#1410-d309 @A: 34 11 14 20 | 11
#1411-d309 @A: 14 34 01 30 | 09
#1412-d309 @A: 04 30 06 14 | 10
#1413-d309 @A: 14 06 33 22 | 08
#1414-d309 @A: 22 15 27 14 | 06
#1415-d309 @A: 14 15 04 28 | 07
#1416-d309 @A: 14 33 09 23 | 12
#1417-d309 @A: 23 24 03 14 | 04
#1418-d309 @A: 26 14 08 32 | 03
#1419-d309 @A: 04 12 09 14 | 01
#1420-d309 @A: 16 22 21 14 | 05
#1421-d309 @A: 14 02 34 28 | 02
#1422-d309 @A: 09 22 03 14 | 11
#1423-d309 @A: 10 25 14 21 | 09
#1424-d309 @A: 30 31 01 20 | 10
#1425-d309 @A: 35 01 03 20 | 08
#1426-d309 @A: 20 01 17 18 | 06
#1427-d309 @A: 20 10 24 11 | 07
#1428-d309 @A: 17 11 20 02 | 12
#1429-d309 @A: 20 22 06 23 | 04
#1430-d309 @A: 20 17 06 16 | 03
#1431-d309 @A: 30 20 12 15 | 01
#1432-d309 @A: 10 20 15 08 | 05
#1433-d309 @A: 33 30 26 20 | 02
#1434-d309 @A: 12 27 20 07 | 11
#1435-d309 @A: 20 10 33 04 | 09
#1436-d309 @A: 04 20 22 24 | 10
#1437-d309 @A: 33 20 16 19 | 08
#1438-d309 @A: 26 25 20 10 | 06
#1439-d309 @A: 26 22 20 18 | 07
#1440-d309 @A: 22 34 20 03 | 12
#1441-d309 @A: 35 18 20 09 | 04
#1442-d309 @A: 02 35 22 20 | 03
#1443-d309 @A: 01 19 11 08 | 01
#1444-d309 @A: 15 01 25 21 | 05
#1445-d309 @A: 01 02 16 30 | 02
#1446-d309 @A: 01 34 33 05 | 11
#1447-d309 @A: 18 01 33 32 | 09
#1448-d309 @A: 16 01 03 27 | 10
#1449-d309 @A: 24 27 01 28 | 08
#1450-d309 @A: 21 26 01 04 | 06
#1451-d309 @A: 01 31 34 10 | 07
#1452-d309 @A: 18 22 01 07 | 12
#1453-d309 @A: 33 34 06 11 | 04
#1454-d309 @A: 08 07 11 15 | 03
#1455-d309 @A: 26 11 29 08 | 01
#1456-d309 @A: 31 11 35 05 | 05
#1457-d309 @A: 32 11 33 25 | 02
#1458-d309 @A: 35 11 18 28 | 11
#1459-d309 @A: 29 06 03 15 | 09
#1460-d309 @A: 12 06 29 08 | 10
#1461-d309 @A: 06 32 30 18 | 08
#1462-d309 @A: 19 24 06 30 | 06
#1463-d309 @A: 30 06 31 34 | 07
#1464-d309 @A: 06 32 19 05 | 12
#1465-d309 @A: 16 06 25 08 | 04
#1466-d309 @A: 35 10 32 06 | 03
#1467-d309 @A: 19 06 26 21 | 01
#1468-d309 @A: 07 06 25 22 | 05
#1469-d309 @A: 06 17 12 18 | 02
#1470-d309 @A: 02 25 21 06 | 11
#1471-d309 @A: 15 04 22 23 | 09
#1472-d309 @A: 15 24 09 23 | 10
#1473-d309 @A: 29 25 30 15 | 08
#1474-d309 @A: 35 29 15 32 | 06
#1475-d309 @A: 29 28 15 19 | 07
#1476-d309 @A: 31 15 30 32 | 12
#1477-d309 @A: 05 15 28 09 | 04
#1478-d309 @A: 05 15 22 10 | 03
#1479-d309 @A: 15 17 05 35 | 01
#1480-d309 @A: 27 25 15 10 | 05
#1481-d309 @A: 31 04 24 15 | 02
#1482-d309 @A: 22 02 25 15 | 11
#1483-d309 @A: 23 29 08 02 | 09
#1484-d309 @A: 22 23 29 24 | 10
#1485-d309 @A: 31 23 29 26 | 08
#1486-d309 @A: 22 35 23 30 | 06
#1487-d309 @A: 23 04 05 12 | 07
#1488-d309 @A: 19 32 02 23 | 12
#1489-d309 @A: 34 23 10 03 | 04
#1490-d309 @A: 25 23 35 10 | 03
#1491-d309 @A: 10 23 28 22 | 01
#1492-d309 @A: 35 23 18 21 | 05
#1493-d309 @A: 25 04 32 29 | 02
#1494-d309 @A: 21 03 34 29 | 11
#1495-d309 @A: 34 30 22 05 | 09
#1496-d309 @A: 04 08 31 30 | 10
#1497-d309 @A: 27 12 35 30 | 08
#1498-d309 @A: 34 30 04 03 | 06
#1499-d309 @A: 30 34 25 21 | 07
#1500-d309 @A: 18 22 30 25 | 12
#1501-d309 @A: 25 18 31 30 | 04
#1502-d309 @A: 09 33 08 05 | 03
#1503-d309 @A: 31 02 27 05 | 01
#1504-d309 @A: 19 04 33 05 | 05
#1505-d309 @A: 05 21 35 07 | 02
#1506-d309 @A: 28 22 17 05 | 11
#1507-d309 @A: 35 02 19 05 | 09
#1508-d309 @A: 27 08 02 04 | 10
#1509-d309 @A: 16 33 28 08 | 08
#1510-d309 @A: 02 16 09 08 | 06
#1511-d309 @A: 08 02 26 07 | 07
#1512-d309 @A: 08 03 26 12 | 12
#1513-d309 @A: 03 08 02 21 | 04
#1514-d309 @A: 08 03 35 22 | 03
#1515-d309 @A: 16 24 32 31 | 01
#1516-d309 @A: 33 19 32 07 | 05
#1517-d309 @A: 32 34 02 25 | 02
#1518-d309 @A: 10 17 12 32 | 11
#1519-d309 @A: 18 03 19 32 | 09
#1520-d309 @A: 34 04 35 27 | 10
#1521-d309 @A: 09 27 18 26 | 08
#1522-d309 @A: 07 09 31 27 | 06
#1523-d309 @A: 07 19 27 02 | 07
#1524-d309 @A: 03 12 27 19 | 12
#1525-d309 @A: 07 28 19 04 | 04
#1526-d309 @A: 17 18 34 16 | 03
#1527-d309 @A: 21 02 16 35 | 01
#1528-d309 @A: 24 09 10 33 | 05
#1529-d309 @A: 24 28 33 22 | 02
#1530-d309 @A: 26 03 33 19 | 11
#1531-d309 @A: 26 35 02 33 | 09
#1532-d309 @A: 12 33 09 35 | 10
#1533-d309 @A: 17 18 07 33 | 08
#1534-d309 @A: 33 28 17 21 | 06
#1535-d309 @A: 03 26 09 24 | 07
#1536-d309 @A: 17 21 26 24 | 12
#1537-d309 @A: 24 31 26 35 | 04
#1538-d309 @A: 24 17 19 10 | 03
#1539-d309 @A: 26 31 02 09 | 01
#1540-d309 @A: 10 25 31 26 | 05
#1541-d309 @A: 12 31 02 10 | 02
#1542-d309 @A: 19 25 07 31 | 11
#1543-d309 @A: 31 17 18 21 | 09
#1544-d309 @A: 14 13 26 16 | 10
#1545-d309 @A: 13 16 06 15 | 08
#1546-d309 @A: 15 17 29 13 | 06
#1547-d309 @A: 15 13 02 09 | 07
#1548-d309 @A: 13 23 19 04 | 12
#1549-d309 @A: 31 13 23 07 | 04
#1550-d309 @A: 27 29 09 13 | 03
#1551-d309 @A: 13 29 12 26 | 01
#1552-d309 @A: 29 13 02 31 | 05
#1553-d309 @A: 22 13 02 05 | 02
#1554-d309 @A: 13 32 04 12 | 11
#1555-d309 @A: 35 34 13 02 | 09
#1556-d309 @A: 18 10 13 19 | 10
#1557-d309 @A: 13 19 17 22 | 08
#1558-d309 @A: 12 14 06 20 | 06
#1559-d309 @A: 19 20 15 14 | 07
#1560-d309 @A: 14 20 16 25 | 12
#1561-d309 @A: 01 32 06 14 | 04
#1562-d309 @A: 14 07 08 01 | 03
#1563-d309 @A: 24 18 14 01 | 01
#1564-d309 @A: 14 21 01 03 | 05
#1565-d309 @A: 11 14 03 15 | 02
#1566-d309 @A: 34 14 16 06 | 11
#1567-d309 @A: 14 30 26 15 | 09
#1568-d309 @A: 14 09 15 32 | 10
#1569-d309 @A: 04 14 34 23 | 08
#1570-d309 @A: 05 14 34 29 | 06
#1571-d309 @A: 28 14 29 27 | 07
#1572-d309 @A: 08 04 35 14 | 12
#1573-d309 @A: 33 24 08 14 | 04
#1574-d309 @A: 14 24 35 32 | 03
#1575-d309 @A: 27 14 10 24 | 01
#1576-d309 @A: 10 02 14 16 | 05
#1577-d309 @A: 26 18 14 12 | 02
#1578-d309 @A: 26 19 35 14 | 11
#1579-d309 @A: 14 18 25 03 | 09
#1580-d309 @A: 14 28 25 22 | 10
#1581-d309 @A: 04 11 09 20 | 08
#1582-d309 @A: 20 09 31 11 | 06
#1583-d309 @A: 20 29 02 06 | 07
#1584-d309 @A: 02 20 04 15 | 12
#1585-d309 @A: 20 33 15 25 | 04
#1586-d309 @A: 15 28 18 20 | 03
#1587-d309 @A: 26 20 23 17 | 01
#1588-d309 @A: 20 18 23 25 | 05
#1589-d309 @A: 21 20 05 04 | 02
#1590-d309 @A: 27 28 20 08 | 11
#1591-d309 @A: 32 20 27 22 | 09
#1592-d309 @A: 20 26 32 35 | 10
#1593-d309 @A: 20 32 18 12 | 08
#1594-d309 @A: 24 20 34 16 | 06
#1595-d309 @A: 22 09 33 20 | 07
#1596-d309 @A: 21 34 20 26 | 12
#1597-d309 @A: 03 10 18 20 | 04
#1598-d309 @A: 20 28 21 03 | 03
#1599-d309 @A: 01 11 18 16 | 01
#1600-d309 @A: 01 25 11 22 | 05
#1601-d309 @A: 05 06 01 12 | 02
#1602-d309 @A: 01 04 17 15 | 11
#1603-d309 @A: 15 01 26 33 | 09
#1604-d309 @A: 01 23 33 25 | 10
#1605-d309 @A: 01 27 12 29 | 08
#1606-d309 @A: 01 22 12 30 | 06
#1607-d309 @A: 35 27 08 01 | 07
#1608-d309 @A: 08 01 04 18 | 12
#1609-d309 @A: 12 10 01 26 | 04
#1610-d309 @A: 28 07 09 01 | 03
#1611-d309 @A: 01 10 22 19 | 01
#1612-d309 @A: 02 03 07 01 | 05
#1613-d309 @A: 31 25 01 17 | 02
#1614-d309 @A: 11 09 30 06 | 11
#1615-d309 @A: 11 10 15 32 | 09
#1616-d309 @A: 17 11 15 31 | 10
#1617-d309 @A: 02 23 11 27 | 08
#1618-d309 @A: 05 17 11 29 | 06
#1619-d309 @A: 11 17 22 08 | 07
#1620-d309 @A: 07 04 11 27 | 12
#1621-d309 @A: 11 12 27 17 | 04
#1622-d309 @A: 21 19 31 11 | 03
#1623-d309 @A: 06 23 26 33 | 01
#1624-d309 @A: 28 29 06 34 | 05
#1625-d309 @A: 21 33 06 08 | 02
#1626-d309 @A: 02 08 06 24 | 11
#1627-d309 @A: 04 32 06 03 | 09
#1628-d309 @A: 32 06 22 16 | 10
#1629-d309 @A: 06 27 10 33 | 08
#1630-d309 @A: 03 31 06 24 | 06
#1631-d309 @A: 06 10 03 07 | 07
#1632-d309 @A: 25 10 06 17 | 12
#1633-d309 @A: 17 35 06 31 | 04
#1634-d309 @A: 33 09 15 29 | 03
#1635-d309 @A: 15 16 17 08 | 01
#1636-d309 @A: 02 08 18 15 | 05
#1637-d309 @A: 03 15 33 16 | 02
#1638-d309 @A: 21 33 31 15 | 11
#1639-d309 @A: 35 15 12 26 | 09
#1640-d309 @A: 10 07 34 15 | 10
#1641-d309 @A: 25 03 09 15 | 08
#1642-d309 @A: 12 15 18 03 | 06
#1643-d309 @A: 32 23 12 34 | 07
#1644-d309 @A: 22 31 27 23 | 12
#1645-d309 @A: 34 23 16 22 | 04
#1646-d309 @A: 23 26 09 35 | 03
#1647-d309 @A: 23 12 07 18 | 01
#1648-d309 @A: 05 27 30 29 | 05
#1649-d309 @A: 32 29 30 22 | 02
#1650-d309 @A: 02 33 05 29 | 11
#1651-d309 @A: 29 07 26 21 | 09
#1652-d309 @A: 34 29 12 17 | 10
#1653-d309 @A: 10 12 29 09 | 08
#1654-d309 @A: 29 17 18 03 | 06
#1655-d309 @A: 19 29 25 17 | 07
#1656-d309 @A: 30 02 21 24 | 12
#1657-d309 @A: 16 25 05 32 | 04
#1658-d309 @A: 32 03 05 09 | 03
#1659-d309 @A: 12 09 05 18 | 01
#1660-d309 @A: 03 25 05 28 | 05
#1661-d309 @A: 17 08 04 19 | 02
#1662-d309 @A: 25 08 12 33 | 11
#1663-d309 @A: 26 08 25 18 | 09
#1664-d309 @A: 19 08 34 02 | 10
#1665-d309 @A: 08 22 28 34 | 08
#1666-d309 @A: 25 07 21 08 | 06
#1667-d309 @A: 22 18 08 21 | 07
#1668-d309 @A: 25 19 22 08 | 12
#1669-d309 @A: 22 04 32 33 | 04
#1670-d309 @A: 26 04 09 32 | 03
#1671-d309 @A: 18 26 10 32 | 01
#1672-d309 @A: 32 35 28 34 | 05
#1673-d309 @A: 32 03 02 35 | 02
#1674-d309 @A: 27 12 21 16 | 11
#1675-d309 @A: 19 34 27 10 | 09
#1676-d309 @A: 34 31 03 27 | 10
#1677-d309 @A: 12 09 25 27 | 08
#1678-d309 @A: 27 19 09 28 | 06
#1679-d309 @A: 18 35 19 27 | 07
#1680-d309 @A: 04 17 21 10 | 12
#1681-d309 @A: 02 10 04 22 | 04
#1682-d309 @A: 07 04 22 21 | 03
#1683-d309 @A: 26 19 16 10 | 01
#1684-d309 @A: 16 03 28 19 | 05
#1685-d309 @A: 10 26 33 17 | 02
#1686-d309 @A: 09 34 33 02 | 11
#1687-d309 @A: 18 12 02 33 | 09
#1688-d309 @A: 24 19 12 09 | 10
#1689-d309 @A: 24 18 25 19 | 08
