#0001-d197 @A: 21 19 24 12 | 07
#0002-d197 @A: 27 34 22 21 | 04
#0003-d197 @A: 21 15 25 30 | 08
#0004-d197 @A: 08 24 15 21 | 05
#0005-d197 @A: 21 32 15 05 | 02
#0006-d197 @A: 35 16 10 21 | 06
#0007-d197 @A: 35 18 13 21 | 11
#0008-d197 @A: 35 33 21 19 | 10
#0009-d197 @A: 08 27 21 30 | 03
#0010-d197 @A: 21 08 20 19 | 01
#0011-d197 @A: 23 20 14 21 | 09
#0012-d197 @A: 07 23 32 21 | 12
#0013-d197 @A: 21 23 24 22 | 07
#0014-d197 @A: 02 21 27 01 | 04
#0015-d197 @A: 26 22 21 05 | 08
#0016-d197 @A: 21 24 16 02 | 05
#0017-d197 @A: 31 21 13 20 | 02
#0018-d197 @A: 13 21 02 03 | 06
#0019-d197 @A: 33 09 13 21 | 11
#0020-d197 @A: 17 21 02 33 | 10
#0021-d197 @A: 35 15 01 12 | 03
#0022-d197 @A: 12 29 25 31 | 01
#0023-d197 @A: 22 12 05 29 | 09
#0024-d197 @A: 12 31 27 35 | 12
#0025-d197 @A: 25 12 10 03 | 07
#0026-d197 @A: 20 12 32 10 | 04
#0027-d197 @A: 12 11 25 33 | 08
#0028-d197 @A: 08 12 28 02 | 05
#0029-d197 @A: 23 22 18 12 | 02
#0030-d197 @A: 11 07 32 12 | 06
#0031-d197 @A: 05 12 06 01 | 11
#0032-d197 @A: 32 17 12 27 | 10
#0033-d197 @A: 24 31 12 06 | 03
#0034-d197 @A: 04 09 12 14 | 01
#0035-d197 @A: 07 34 10 15 | 09
#0036-d197 @A: 34 06 15 30 | 12
#0037-d197 @A: 26 34 15 17 | 07
#0038-d197 @A: 10 29 34 17 | 04
#0039-d197 @A: 06 34 20 29 | 08
#0040-d197 @A: 24 31 29 34 | 05
#0041-d197 @A: 18 25 34 22 | 02
#0042-d197 @A: 27 04 08 34 | 06
#0043-d197 @A: 34 19 18 31 | 11
#0044-d197 @A: 34 01 32 16 | 10
#0045-d197 @A: 34 07 20 05 | 03
#0046-d197 @A: 34 07 31 09 | 01
#0047-d197 @A: 13 04 02 34 | 09
#0048-d197 @A: 34 26 30 02 | 12
#0049-d197 @A: 34 09 30 17 | 07
#0050-d197 @A: 06 34 28 02 | 04
#0051-d197 @A: 02 03 24 34 | 08
#0052-d197 @A: 15 23 29 31 | 05
#0053-d197 @A: 29 33 15 19 | 02
#0054-d197 @A: 15 06 35 10 | 06
#0055-d197 @A: 15 35 16 17 | 11
#0056-d197 @A: 03 20 35 15 | 10
#0057-d197 @A: 10 09 23 15 | 03
#0058-d197 @A: 15 10 14 27 | 01
#0059-d197 @A: 01 15 25 06 | 09
#0060-d197 @A: 02 15 08 07 | 12
#0061-d197 @A: 01 22 18 15 | 07
#0062-d197 @A: 11 02 15 19 | 04
#0063-d197 @A: 06 13 15 03 | 08
#0064-d197 @A: 04 03 26 15 | 05
#0065-d197 @A: 22 15 09 33 | 02
#0066-d197 @A: 17 29 28 23 | 06
#0067-d197 @A: 32 01 29 11 | 11
#0068-d197 @A: 29 20 01 26 | 10
#0069-d197 @A: 28 19 29 32 | 03
#0070-d197 @A: 06 29 31 17 | 01
#0071-d197 @A: 03 29 31 32 | 09
#0072-d197 @A: 32 28 29 13 | 12
#0073-d197 @A: 30 06 29 24 | 07
#0074-d197 @A: 17 29 09 24 | 04
#0075-d197 @A: 13 35 10 25 | 08
#0076-d197 @A: 35 27 10 22 | 05
#0077-d197 @A: 25 16 35 24 | 02
#0078-d197 @A: 35 11 08 33 | 06
#0079-d197 @A: 28 35 08 24 | 11
#0080-d197 @A: 32 27 35 18 | 10
#0081-d197 @A: 23 35 30 27 | 03
#0082-d197 @A: 20 35 13 01 | 01
#0083-d197 @A: 16 06 35 22 | 09
#0084-d197 @A: 26 35 09 16 | 12
#0085-d197 @A: 35 07 14 03 | 07
#0086-d197 @A: 24 35 26 07 | 04
#0087-d197 @A: 02 32 35 24 | 08
#0088-d197 @A: 35 07 02 22 | 05
#0089-d197 @A: 03 10 05 23 | 02
#0090-d197 @A: 20 01 03 10 | 06
#0091-d197 @A: 26 10 06 31 | 11
#0092-d197 @A: 04 10 07 31 | 10
#0093-d197 @A: 11 06 23 25 | 03
#0094-d197 @A: 13 20 25 23 | 01
#0095-d197 @A: 24 19 25 27 | 09
#0096-d197 @A: 16 13 25 07 | 12
#0097-d197 @A: 09 26 32 25 | 07
#0098-d197 @A: 26 17 25 04 | 04
#0099-d197 @A: 18 17 28 08 | 08
#0100-d197 @A: 23 08 22 07 | 05
#0101-d197 @A: 11 09 08 30 | 02
#0102-d197 @A: 28 26 01 08 | 06
#0103-d197 @A: 22 08 03 24 | 11
#0104-d197 @A: 11 01 18 33 | 10
#0105-d197 @A: 18 26 05 13 | 03
#0106-d197 @A: 02 09 18 05 | 01
#0107-d197 @A: 26 18 28 30 | 09
#0108-d197 @A: 28 18 33 14 | 12
#0109-d197 @A: 24 07 14 18 | 07
#0110-d197 @A: 19 16 22 23 | 04
#0111-d197 @A: 09 06 13 23 | 08
#0112-d197 @A: 17 22 14 23 | 05
#0113-d197 @A: 05 20 30 11 | 02
#0114-d197 @A: 11 16 24 19 | 06
#0115-d197 @A: 13 06 11 22 | 11
#0116-d197 @A: 11 13 04 32 | 10
#0117-d197 @A: 22 14 03 11 | 03
#0118-d197 @A: 20 16 01 22 | 01
#0119-d197 @A: 14 09 13 01 | 09
#0120-d197 @A: 30 01 22 04 | 12
#0121-d197 @A: 04 26 09 01 | 07
#0122-d197 @A: 16 14 20 27 | 04
#0123-d197 @A: 30 26 27 13 | 08
#0124-d197 @A: 27 22 30 06 | 05
#0125-d197 @A: 14 27 24 22 | 02
#0126-d197 @A: 27 28 04 26 | 06
#0127-d197 @A: 33 24 31 05 | 11
#0128-d197 @A: 09 05 22 13 | 10
#0129-d197 @A: 02 05 22 06 | 03
#0130-d197 @A: 07 05 06 28 | 01
#0131-d197 @A: 17 33 05 32 | 09
#0132-d197 @A: 04 32 05 22 | 12
#0133-d197 @A: 09 33 07 05 | 07
#0134-d197 @A: 19 31 17 32 | 04
#0135-d197 @A: 19 22 31 07 | 08
#0136-d197 @A: 13 30 32 19 | 05
#0137-d197 @A: 22 07 20 03 | 02
#0138-d197 @A: 28 17 04 06 | 06
#0139-d197 @A: 28 14 03 04 | 11
#0140-d197 @A: 15 12 21 02 | 10
#0141-d197 @A: 21 11 12 23 | 03
#0142-d197 @A: 24 25 29 21 | 01
#0143-d197 @A: 21 29 11 22 | 09
#0144-d197 @A: 21 28 29 01 | 12
#0145-d197 @A: 21 26 32 29 | 07
#0146-d197 @A: 35 05 21 24 | 04
#0147-d197 @A: 21 04 35 17 | 08
#0148-d197 @A: 01 14 21 25 | 05
#0149-d197 @A: 21 19 23 06 | 02
#0150-d197 @A: 01 21 24 20 | 06
#0151-d197 @A: 21 05 14 19 | 11
#0152-d197 @A: 24 21 07 31 | 10
#0153-d197 @A: 12 34 25 06 | 03
#0154-d197 @A: 05 12 02 34 | 01
#0155-d197 @A: 15 12 17 10 | 09
#0156-d197 @A: 13 15 18 12 | 12
#0157-d197 @A: 26 15 22 12 | 07
#0158-d197 @A: 01 09 29 12 | 04
#0159-d197 @A: 12 28 29 09 | 08
#0160-d197 @A: 33 12 14 10 | 05
#0161-d197 @A: 05 08 12 32 | 02
#0162-d197 @A: 17 12 22 08 | 06
#0163-d197 @A: 12 23 05 31 | 11
#0164-d197 @A: 12 05 11 17 | 10
#0165-d197 @A: 12 11 24 04 | 03
#0166-d197 @A: 33 12 28 16 | 01
#0167-d197 @A: 12 07 30 26 | 09
#0168-d197 @A: 17 12 33 03 | 12
#0169-d197 @A: 34 11 01 35 | 07
#0170-d197 @A: 24 19 35 34 | 04
#0171-d197 @A: 10 02 27 34 | 08
#0172-d197 @A: 28 10 34 13 | 05
#0173-d197 @A: 04 34 23 25 | 02
#0174-d197 @A: 34 25 26 19 | 06
#0175-d197 @A: 34 08 19 14 | 11
#0176-d197 @A: 24 34 11 27 | 10
#0177-d197 @A: 16 34 05 17 | 03
#0178-d197 @A: 07 04 34 24 | 01
#0179-d197 @A: 30 10 29 15 | 09
#0180-d197 @A: 15 01 32 10 | 12
#0181-d197 @A: 23 15 25 14 | 07
#0182-d197 @A: 05 25 15 24 | 04
#0183-d197 @A: 20 17 25 15 | 08
#0184-d197 @A: 15 11 05 09 | 05
#0185-d197 @A: 15 22 13 27 | 02
#0186-d197 @A: 06 09 15 17 | 06
#0187-d197 @A: 32 07 24 15 | 11
#0188-d197 @A: 33 35 25 29 | 10
#0189-d197 @A: 29 05 35 11 | 03
#0190-d197 @A: 29 27 35 24 | 01
#0191-d197 @A: 10 29 04 23 | 09
#0192-d197 @A: 29 01 25 05 | 12
#0193-d197 @A: 29 03 18 23 | 07
#0194-d197 @A: 16 11 29 27 | 04
#0195-d197 @A: 01 29 02 24 | 08
#0196-d197 @A: 20 27 13 29 | 05
#0197-d197 @A: 29 09 03 27 | 02
#0198-d197 @A: 14 20 29 04 | 06
#0199-d197 @A: 14 13 29 03 | 11
#0200-d197 @A: 29 33 06 03 | 10
#0201-d197 @A: 29 22 04 28 | 03
#0202-d197 @A: 35 08 18 22 | 01
#0203-d197 @A: 03 27 08 35 | 09
#0204-d197 @A: 04 19 35 08 | 12
#0205-d197 @A: 35 13 24 08 | 07
#0206-d197 @A: 23 14 18 35 | 04
#0207-d197 @A: 09 11 27 35 | 08
#0208-d197 @A: 04 11 35 30 | 05
#0209-d197 @A: 27 17 20 35 | 02
#0210-d197 @A: 07 09 32 35 | 06
#0211-d197 @A: 31 08 10 05 | 11
#0212-d197 @A: 20 08 10 22 | 10
#0213-d197 @A: 02 10 23 17 | 03
#0214-d197 @A: 10 27 06 03 | 01
#0215-d197 @A: 02 10 09 31 | 09
#0216-d197 @A: 33 09 10 26 | 12
#0217-d197 @A: 10 03 33 02 | 07
#0218-d197 @A: 09 17 10 03 | 04
#0219-d197 @A: 19 25 08 09 | 08
#0220-d197 @A: 16 18 14 25 | 05
#0221-d197 @A: 01 19 28 25 | 02
#0222-d197 @A: 02 25 16 30 | 06
#0223-d197 @A: 24 09 31 25 | 11
#0224-d197 @A: 08 18 11 24 | 10
#0225-d197 @A: 08 23 11 03 | 03
#0226-d197 @A: 23 24 08 20 | 01
#0227-d197 @A: 19 08 07 11 | 09
#0228-d197 @A: 06 08 11 02 | 12
#0229-d197 @A: 05 01 08 03 | 07
#0230-d197 @A: 04 05 08 20 | 04
#0231-d197 @A: 14 06 08 28 | 08
#0232-d197 @A: 28 18 23 19 | 05
#0233-d197 @A: 01 05 18 04 | 02
#0234-d197 @A: 27 18 19 02 | 06
#0235-d197 @A: 20 27 18 26 | 11
#0236-d197 @A: 18 19 33 05 | 10
#0237-d197 @A: 09 31 18 22 | 03
#0238-d197 @A: 18 02 13 32 | 01
#0239-d197 @A: 27 05 06 23 | 09
#0240-d197 @A: 31 27 23 20 | 12
#0241-d197 @A: 23 17 19 03 | 07
#0242-d197 @A: 23 06 30 02 | 04
#0243-d197 @A: 19 11 06 01 | 08
#0244-d197 @A: 01 20 09 11 | 05
#0245-d197 @A: 05 04 02 11 | 02
#0246-d197 @A: 20 16 11 06 | 06
#0247-d197 @A: 11 31 17 24 | 11
#0248-d197 @A: 13 11 28 14 | 10
#0249-d197 @A: 32 03 11 24 | 03
#0250-d197 @A: 22 11 24 33 | 01
#0251-d197 @A: 07 03 11 04 | 09
#0252-d197 @A: 13 01 04 31 | 12
#0253-d197 @A: 07 31 01 02 | 07
#0254-d197 @A: 01 07 32 14 | 04
#0255-d197 @A: 31 30 27 09 | 08
#0256-d197 @A: 24 27 33 28 | 05
#0257-d197 @A: 13 03 07 05 | 02
#0258-d197 @A: 14 05 28 22 | 06
#0259-d197 @A: 32 02 05 26 | 11
#0260-d197 @A: 04 06 16 31 | 10
#0261-d197 @A: 16 02 14 31 | 03
#0262-d197 @A: 04 16 30 03 | 01
#0263-d197 @A: 26 33 02 16 | 09
#0264-d197 @A: 04 22 19 13 | 12
#0265-d197 @A: 19 02 22 24 | 07
#0266-d197 @A: 20 26 31 30 | 04
#0267-d197 @A: 20 31 03 14 | 08
#0268-d197 @A: 24 31 20 04 | 05
#0269-d197 @A: 20 09 33 06 | 02
#0270-d197 @A: 32 03 20 28 | 06
#0271-d197 @A: 14 31 28 24 | 11
#0272-d197 @A: 06 33 32 28 | 10
#0273-d197 @A: 33 21 34 29 | 03
#0274-d197 @A: 10 21 25 34 | 01
#0275-d197 @A: 16 15 21 04 | 09
#0276-d197 @A: 28 21 15 33 | 12
#0277-d197 @A: 21 10 09 01 | 07
#0278-d197 @A: 19 21 04 10 | 04
#0279-d197 @A: 10 07 20 21 | 08
#0280-d197 @A: 25 04 05 21 | 05
#0281-d197 @A: 11 16 08 21 | 02
#0282-d197 @A: 31 21 33 08 | 06
#0283-d197 @A: 08 32 28 21 | 11
#0284-d197 @A: 22 04 21 08 | 10
#0285-d197 @A: 28 23 21 20 | 03
#0286-d197 @A: 21 07 11 05 | 01
#0287-d197 @A: 11 33 20 21 | 09
#0288-d197 @A: 01 16 06 21 | 12
#0289-d197 @A: 16 13 21 05 | 07
#0290-d197 @A: 05 30 02 21 | 04
#0291-d197 @A: 04 31 21 14 | 08
#0292-d197 @A: 32 13 17 21 | 05
#0293-d197 @A: 14 33 22 21 | 02
#0294-d197 @A: 26 29 10 12 | 06
#0295-d197 @A: 14 29 23 12 | 11
#0296-d197 @A: 12 29 32 19 | 10
#0297-d197 @A: 35 19 12 07 | 03
#0298-d197 @A: 23 10 16 12 | 01
#0299-d197 @A: 12 08 14 18 | 09
#0300-d197 @A: 12 06 33 23 | 12
#0301-d197 @A: 11 12 13 03 | 07
#0302-d197 @A: 30 05 33 12 | 04
#0303-d197 @A: 24 12 16 30 | 08
#0304-d197 @A: 08 34 03 15 | 05
#0305-d197 @A: 34 08 29 26 | 02
#0306-d197 @A: 07 16 34 29 | 06
#0307-d197 @A: 18 34 06 23 | 11
#0308-d197 @A: 16 23 30 34 | 10
#0309-d197 @A: 34 23 19 33 | 03
#0310-d197 @A: 01 34 07 27 | 01
#0311-d197 @A: 31 34 27 32 | 09
#0312-d197 @A: 30 19 34 07 | 12
#0313-d197 @A: 34 26 06 09 | 07
#0314-d197 @A: 25 29 15 18 | 04
#0315-d197 @A: 29 15 06 05 | 08
#0316-d197 @A: 15 08 35 09 | 05
#0317-d197 @A: 31 35 07 15 | 02
#0318-d197 @A: 28 23 25 15 | 06
#0319-d197 @A: 15 01 23 08 | 11
#0320-d197 @A: 13 23 19 15 | 10
#0321-d197 @A: 30 11 01 15 | 03
#0322-d197 @A: 32 22 06 15 | 01
#0323-d197 @A: 29 23 35 06 | 09
#0324-d197 @A: 13 11 29 25 | 12
#0325-d197 @A: 29 30 25 03 | 07
#0326-d197 @A: 29 17 20 08 | 04
#0327-d197 @A: 23 16 24 29 | 08
#0328-d197 @A: 31 02 05 29 | 05
#0329-d197 @A: 29 05 26 03 | 02
#0330-d197 @A: 02 16 29 19 | 06
#0331-d197 @A: 32 20 29 16 | 11
#0332-d197 @A: 09 13 29 04 | 10
#0333-d197 @A: 14 29 02 17 | 03
#0334-d197 @A: 24 07 29 22 | 01
#0335-d197 @A: 08 26 10 35 | 09
#0336-d197 @A: 35 01 33 10 | 12
#0337-d197 @A: 35 18 11 02 | 07
#0338-d197 @A: 28 27 35 16 | 04
#0339-d197 @A: 05 22 35 20 | 08
#0340-d197 @A: 32 05 28 35 | 05
#0341-d197 @A: 20 35 19 16 | 02
#0342-d197 @A: 32 33 30 35 | 06
#0343-d197 @A: 14 26 06 35 | 11
#0344-d197 @A: 22 18 11 10 | 10
#0345-d197 @A: 10 16 30 18 | 03
#0346-d197 @A: 10 18 09 19 | 01
#0347-d197 @A: 10 27 13 23 | 09
#0348-d197 @A: 05 10 26 11 | 12
#0349-d197 @A: 30 10 27 05 | 07
#0350-d197 @A: 10 26 06 28 | 04
#0351-d197 @A: 10 02 06 24 | 08
#0352-d197 @A: 33 08 18 25 | 05
#0353-d197 @A: 25 26 11 18 | 02
#0354-d197 @A: 25 11 14 19 | 06
#0355-d197 @A: 30 25 09 05 | 11
#0356-d197 @A: 28 25 33 05 | 10
#0357-d197 @A: 25 07 20 28 | 03
#0358-d197 @A: 06 25 30 04 | 01
#0359-d197 @A: 03 14 25 24 | 09
#0360-d197 @A: 09 04 02 25 | 12
#0361-d197 @A: 18 08 05 30 | 07
#0362-d197 @A: 05 23 09 08 | 04
#0363-d197 @A: 23 32 19 08 | 08
#0364-d197 @A: 27 19 28 08 | 05
#0365-d197 @A: 04 17 08 30 | 02
#0366-d197 @A: 26 24 08 06 | 06
#0367-d197 @A: 11 05 06 18 | 11
#0368-d197 @A: 18 11 04 19 | 10
#0369-d197 @A: 18 28 24 20 | 03
#0370-d197 @A: 31 33 14 18 | 01
#0371-d197 @A: 13 03 22 18 | 09
#0372-d197 @A: 18 26 03 32 | 12
#0373-d197 @A: 18 02 17 22 | 07
#0374-d197 @A: 32 18 04 24 | 04
#0375-d197 @A: 22 07 04 18 | 08
#0376-d197 @A: 23 14 26 11 | 05
#0377-d197 @A: 28 05 16 23 | 02
#0378-d197 @A: 31 32 23 30 | 06
#0379-d197 @A: 31 07 23 03 | 11
#0380-d197 @A: 04 24 13 23 | 10
#0381-d197 @A: 23 06 22 26 | 03
#0382-d197 @A: 28 09 07 23 | 01
#0383-d197 @A: 05 01 11 14 | 09
#0384-d197 @A: 11 14 07 16 | 12
#0385-d197 @A: 11 28 32 17 | 07
#0386-d197 @A: 07 22 11 09 | 04
#0387-d197 @A: 22 05 01 17 | 08
#0388-d197 @A: 32 31 33 01 | 05
#0389-d197 @A: 03 01 32 13 | 02
#0390-d197 @A: 02 26 01 14 | 06
#0391-d197 @A: 27 24 06 32 | 11
#0392-d197 @A: 03 27 26 14 | 10
#0393-d197 @A: 26 33 04 27 | 03
#0394-d197 @A: 05 32 24 19 | 01
#0395-d197 @A: 05 26 07 31 | 09
#0396-d197 @A: 16 26 14 22 | 12
#0397-d197 @A: 26 09 20 19 | 07
#0398-d197 @A: 13 19 14 26 | 04
#0399-d197 @A: 19 03 30 02 | 08
#0400-d197 @A: 09 06 19 07 | 05
#0401-d197 @A: 12 33 18 21 | 02
#0402-d197 @A: 21 27 12 14 | 06
#0403-d197 @A: 34 14 18 21 | 11
#0404-d197 @A: 21 30 11 34 | 10
#0405-d197 @A: 21 17 24 34 | 03
#0406-d197 @A: 10 05 21 29 | 01
#0407-d197 @A: 09 29 08 21 | 09
#0408-d197 @A: 31 25 18 21 | 12
#0409-d197 @A: 23 30 21 04 | 07
#0410-d197 @A: 14 21 17 06 | 04
#0411-d197 @A: 06 28 21 22 | 08
#0412-d197 @A: 03 26 33 21 | 05
#0413-d197 @A: 01 12 34 14 | 02
#0414-d197 @A: 15 27 12 03 | 06
#0415-d197 @A: 03 29 12 35 | 11
#0416-d197 @A: 02 18 29 12 | 10
#0417-d197 @A: 30 27 29 12 | 03
#0418-d197 @A: 32 12 35 14 | 01
#0419-d197 @A: 05 10 24 12 | 09
#0420-d197 @A: 25 08 02 12 | 12
#0421-d197 @A: 25 27 22 12 | 07
#0422-d197 @A: 25 12 26 20 | 04
#0423-d197 @A: 11 27 02 12 | 08
#0424-d197 @A: 33 27 12 19 | 05
#0425-d197 @A: 12 09 19 05 | 02
#0426-d197 @A: 05 20 12 14 | 06
#0427-d197 @A: 16 04 20 12 | 11
#0428-d197 @A: 07 22 12 16 | 10
#0429-d197 @A: 31 03 12 02 | 03
#0430-d197 @A: 33 13 26 12 | 01
#0431-d197 @A: 24 32 12 13 | 09
#0432-d197 @A: 32 09 12 30 | 12
#0433-d197 @A: 12 09 26 03 | 07
#0434-d197 @A: 29 11 34 03 | 04
#0435-d197 @A: 19 22 29 34 | 08
#0436-d197 @A: 32 29 02 34 | 05
#0437-d197 @A: 28 35 25 34 | 02
#0438-d197 @A: 16 02 34 35 | 06
#0439-d197 @A: 20 31 34 35 | 11
#0440-d197 @A: 19 03 10 34 | 10
#0441-d197 @A: 34 05 25 27 | 03
#0442-d197 @A: 34 20 25 33 | 01
#0443-d197 @A: 08 17 34 11 | 09
#0444-d197 @A: 34 33 05 08 | 12
#0445-d197 @A: 31 34 23 28 | 07
#0446-d197 @A: 34 05 11 13 | 04
#0447-d197 @A: 34 20 26 11 | 08
#0448-d197 @A: 04 34 31 11 | 05
#0449-d197 @A: 20 27 28 34 | 02
#0450-d197 @A: 04 33 17 34 | 06
#0451-d197 @A: 29 22 15 08 | 11
#0452-d197 @A: 10 15 26 18 | 10
#0453-d197 @A: 20 15 04 10 | 03
#0454-d197 @A: 15 13 04 08 | 01
#0455-d197 @A: 18 06 15 27 | 09
#0456-d197 @A: 05 03 16 15 | 12
#0457-d197 @A: 19 05 15 26 | 07
#0458-d197 @A: 15 13 28 06 | 04
#0459-d197 @A: 07 15 22 30 | 08
#0460-d197 @A: 14 15 32 26 | 05
#0461-d197 @A: 22 14 04 15 | 02
#0462-d197 @A: 15 24 02 04 | 06
#0463-d197 @A: 17 29 32 35 | 11
#0464-d197 @A: 01 10 29 06 | 10
#0465-d197 @A: 16 26 25 29 | 03
#0466-d197 @A: 16 06 18 29 | 01
#0467-d197 @A: 20 18 19 29 | 09
#0468-d197 @A: 26 29 18 31 | 12
#0469-d197 @A: 01 29 07 23 | 07
#0470-d197 @A: 27 29 04 01 | 04
#0471-d197 @A: 16 29 13 01 | 08
#0472-d197 @A: 03 19 29 01 | 05
#0473-d197 @A: 28 31 16 29 | 02
#0474-d197 @A: 06 19 29 14 | 06
#0475-d197 @A: 31 04 30 29 | 11
#0476-d197 @A: 22 29 31 33 | 10
#0477-d197 @A: 13 24 29 26 | 03
#0478-d197 @A: 29 28 03 33 | 01
#0479-d197 @A: 31 18 35 06 | 09
#0480-d197 @A: 28 23 35 06 | 12
#0481-d197 @A: 11 07 35 06 | 07
#0482-d197 @A: 01 14 35 27 | 04
#0483-d197 @A: 13 35 04 05 | 08
#0484-d197 @A: 31 35 17 09 | 05
#0485-d197 @A: 35 33 02 09 | 02
#0486-d197 @A: 32 03 22 35 | 06
#0487-d197 @A: 26 10 25 01 | 11
#0488-d197 @A: 31 10 25 14 | 10
#0489-d197 @A: 10 30 08 19 | 03
#0490-d197 @A: 07 14 10 08 | 01
#0491-d197 @A: 19 10 17 11 | 09
#0492-d197 @A: 10 05 01 13 | 12
#0493-d197 @A: 10 01 19 24 | 07
#0494-d197 @A: 10 31 33 17 | 04
#0495-d197 @A: 30 04 13 10 | 08
#0496-d197 @A: 13 22 10 32 | 05
#0497-d197 @A: 30 02 07 10 | 02
#0498-d197 @A: 07 28 04 10 | 06
#0499-d197 @A: 26 23 08 25 | 11
#0500-d197 @A: 25 08 01 22 | 10
#0501-d197 @A: 18 19 13 25 | 03
#0502-d197 @A: 18 25 02 06 | 01
#0503-d197 @A: 25 05 03 11 | 09
#0504-d197 @A: 31 01 25 03 | 12
#0505-d197 @A: 32 31 25 13 | 07
#0506-d197 @A: 30 25 31 17 | 04
#0507-d197 @A: 04 13 25 03 | 08
#0508-d197 @A: 30 07 32 25 | 05
#0509-d197 @A: 28 22 25 30 | 02
#0510-d197 @A: 28 26 09 25 | 06
#0511-d197 @A: 17 32 25 02 | 11
#0512-d197 @A: 08 07 01 18 | 10
#0513-d197 @A: 28 08 03 23 | 03
#0514-d197 @A: 13 05 19 08 | 01
#0515-d197 @A: 18 13 07 23 | 09
#0516-d197 @A: 18 31 27 03 | 12
#0517-d197 @A: 14 04 06 18 | 07
#0518-d197 @A: 23 14 16 05 | 04
#0519-d197 @A: 23 20 16 07 | 08
#0520-d197 @A: 23 26 02 13 | 05
#0521-d197 @A: 17 07 30 23 | 02
#0522-d197 @A: 23 14 28 26 | 06
#0523-d197 @A: 32 22 09 23 | 11
#0524-d197 @A: 02 13 11 31 | 10
#0525-d197 @A: 07 11 13 24 | 03
#0526-d197 @A: 06 14 33 11 | 01
#0527-d197 @A: 28 26 33 11 | 09
#0528-d197 @A: 19 27 17 01 | 12
#0529-d197 @A: 14 24 31 01 | 07
#0530-d197 @A: 09 01 32 02 | 04
#0531-d197 @A: 02 05 27 03 | 08
#0532-d197 @A: 05 28 02 27 | 05
#0533-d197 @A: 22 07 32 27 | 02
#0534-d197 @A: 07 03 27 17 | 06
#0535-d197 @A: 13 14 05 32 | 11
#0536-d197 @A: 26 05 17 28 | 10
#0537-d197 @A: 28 19 16 26 | 03
#0538-d197 @A: 02 16 09 13 | 01
#0539-d197 @A: 30 16 09 22 | 09
#0540-d197 @A: 22 17 32 16 | 12
#0541-d197 @A: 31 04 26 19 | 07
#0542-d197 @A: 17 19 14 07 | 04
#0543-d197 @A: 09 22 03 19 | 08
#0544-d197 @A: 20 26 32 13 | 05
#0545-d197 @A: 30 20 03 24 | 02
#0546-d197 @A: 22 17 06 20 | 06
#0547-d197 @A: 21 09 12 34 | 11
#0548-d197 @A: 21 29 12 07 | 10
#0549-d197 @A: 13 12 21 10 | 03
#0550-d197 @A: 17 15 21 29 | 01
#0551-d197 @A: 21 23 15 03 | 09
#0552-d197 @A: 13 29 21 23 | 12
#0553-d197 @A: 25 21 35 22 | 07
#0554-d197 @A: 02 21 08 10 | 04
#0555-d197 @A: 21 30 10 32 | 08
#0556-d197 @A: 23 21 25 02 | 05
#0557-d197 @A: 33 21 25 16 | 02
#0558-d197 @A: 21 25 19 17 | 06
#0559-d197 @A: 07 26 21 25 | 11
#0560-d197 @A: 30 01 21 18 | 10
#0561-d197 @A: 21 18 16 22 | 03
#0562-d197 @A: 01 22 21 03 | 01
#0563-d197 @A: 21 20 30 16 | 09
#0564-d197 @A: 02 32 21 06 | 12
#0565-d197 @A: 24 21 04 03 | 07
#0566-d197 @A: 12 22 34 11 | 04
#0567-d197 @A: 34 03 16 12 | 08
#0568-d197 @A: 22 34 12 28 | 05
#0569-d197 @A: 04 15 12 19 | 02
#0570-d197 @A: 15 12 33 32 | 06
#0571-d197 @A: 35 23 12 17 | 11
#0572-d197 @A: 10 27 07 12 | 10
#0573-d197 @A: 12 31 10 28 | 03
#0574-d197 @A: 24 12 25 23 | 01
#0575-d197 @A: 30 19 25 12 | 09
#0576-d197 @A: 08 16 12 33 | 12
#0577-d197 @A: 18 12 19 26 | 07
#0578-d197 @A: 12 32 23 01 | 04
#0579-d197 @A: 09 23 27 12 | 08
#0580-d197 @A: 12 26 32 31 | 05
#0581-d197 @A: 22 13 12 14 | 02
#0582-d197 @A: 12 22 06 03 | 06
#0583-d197 @A: 33 12 02 07 | 11
#0584-d197 @A: 12 02 09 24 | 10
#0585-d197 @A: 15 34 05 18 | 03
#0586-d197 @A: 09 08 34 20 | 01
#0587-d197 @A: 16 18 09 34 | 09
#0588-d197 @A: 34 32 23 20 | 12
#0589-d197 @A: 16 19 04 34 | 07
#0590-d197 @A: 34 07 13 26 | 04
#0591-d197 @A: 10 22 03 15 | 08
#0592-d197 @A: 27 33 15 08 | 05
#0593-d197 @A: 27 23 04 15 | 02
#0594-d197 @A: 07 26 15 23 | 06
#0595-d197 @A: 24 16 01 15 | 11
#0596-d197 @A: 15 13 01 26 | 10
#0597-d197 @A: 14 17 31 15 | 03
#0598-d197 @A: 09 04 15 31 | 01
#0599-d197 @A: 35 10 29 09 | 09
#0600-d197 @A: 22 29 01 35 | 12
#0601-d197 @A: 10 33 29 32 | 07
#0602-d197 @A: 05 07 08 29 | 04
#0603-d197 @A: 07 27 18 29 | 08
#0604-d197 @A: 33 16 30 29 | 05
#0605-d197 @A: 13 07 31 29 | 02
#0606-d197 @A: 09 06 32 29 | 06
#0607-d197 @A: 14 33 29 26 | 11
#0608-d197 @A: 32 07 04 29 | 10
#0609-d197 @A: 24 04 33 29 | 03
#0610-d197 @A: 25 35 30 08 | 01
#0611-d197 @A: 08 35 23 16 | 09
#0612-d197 @A: 08 07 17 35 | 12
#0613-d197 @A: 04 18 20 35 | 07
#0614-d197 @A: 31 24 35 23 | 04
#0615-d197 @A: 05 01 26 35 | 08
#0616-d197 @A: 05 35 16 32 | 05
#0617-d197 @A: 33 03 35 31 | 02
#0618-d197 @A: 33 10 19 25 | 06
#0619-d197 @A: 25 09 10 06 | 11
#0620-d197 @A: 10 23 32 18 | 10
#0621-d197 @A: 02 10 18 01 | 03
#0622-d197 @A: 30 31 11 10 | 01
#0623-d197 @A: 16 10 17 20 | 09
#0624-d197 @A: 07 13 10 09 | 12
#0625-d197 @A: 04 10 06 33 | 07
#0626-d197 @A: 31 25 27 08 | 04
#0627-d197 @A: 13 14 08 25 | 08
#0628-d197 @A: 07 19 25 23 | 05
#0629-d197 @A: 13 01 33 25 | 02
#0630-d197 @A: 03 25 26 22 | 06
#0631-d197 @A: 18 23 27 08 | 11
#0632-d197 @A: 01 32 08 27 | 10
#0633-d197 @A: 08 16 02 32 | 03
#0634-d197 @A: 03 13 17 08 | 01
#0635-d197 @A: 33 08 30 06 | 09
#0636-d197 @A: 09 33 17 08 | 12
#0637-d197 @A: 24 33 08 07 | 07
#0638-d197 @A: 18 09 11 23 | 04
#0639-d197 @A: 04 02 16 18 | 08
#0640-d197 @A: 13 18 30 31 | 05
#0641-d197 @A: 30 26 04 18 | 02
#0642-d197 @A: 09 07 03 18 | 06
#0643-d197 @A: 01 11 13 23 | 11
#0644-d197 @A: 23 27 01 24 | 10
#0645-d197 @A: 27 14 19 23 | 03
#0646-d197 @A: 23 22 13 28 | 01
#0647-d197 @A: 02 23 03 09 | 09
#0648-d197 @A: 32 23 33 24 | 12
#0649-d197 @A: 05 11 31 19 | 07
#0650-d197 @A: 30 14 11 13 | 04
#0651-d197 @A: 11 33 30 07 | 08
#0652-d197 @A: 27 16 01 30 | 05
#0653-d197 @A: 07 01 04 20 | 02
#0654-d197 @A: 07 01 22 13 | 06
#0655-d197 @A: 30 33 01 14 | 11
#0656-d197 @A: 24 01 06 04 | 10
#0657-d197 @A: 01 17 03 14 | 03
#0658-d197 @A: 27 33 13 32 | 01
#0659-d197 @A: 14 27 06 07 | 09
#0660-d197 @A: 31 05 06 13 | 12
#0661-d197 @A: 05 28 31 04 | 07
#0662-d197 @A: 14 17 09 05 | 04
#0663-d197 @A: 03 05 24 17 | 08
#0664-d197 @A: 33 16 13 31 | 05
#0665-d197 @A: 04 16 26 24 | 02
#0666-d197 @A: 20 17 19 02 | 06
#0667-d197 @A: 32 19 20 04 | 11
#0668-d197 @A: 04 19 03 06 | 10
#0669-d197 @A: 03 14 19 32 | 03
#0670-d197 @A: 09 20 13 30 | 01
#0671-d197 @A: 04 13 20 17 | 09
#0672-d197 @A: 02 14 20 30 | 12
#0673-d197 @A: 20 14 32 09 | 07
#0674-d197 @A: 13 24 28 03 | 04
#0675-d197 @A: 28 07 30 24 | 08
#0676-d197 @A: 35 08 21 12 | 05
#0677-d197 @A: 21 03 34 32 | 02
#0678-d197 @A: 21 01 31 29 | 06
#0679-d197 @A: 35 27 07 21 | 11
#0680-d197 @A: 10 31 23 21 | 10
#0681-d197 @A: 25 27 13 21 | 03
#0682-d197 @A: 21 26 08 18 | 01
#0683-d197 @A: 07 21 03 16 | 09
#0684-d197 @A: 21 31 19 09 | 12
#0685-d197 @A: 14 30 21 26 | 07
#0686-d197 @A: 30 07 21 09 | 04
#0687-d197 @A: 32 34 18 12 | 08
#0688-d197 @A: 25 12 15 16 | 05
#0689-d197 @A: 35 10 02 12 | 02
#0690-d197 @A: 13 35 16 12 | 06
#0691-d197 @A: 13 25 12 05 | 11
#0692-d197 @A: 03 08 12 19 | 10
#0693-d197 @A: 01 31 11 12 | 03
#0694-d197 @A: 11 12 09 16 | 01
#0695-d197 @A: 12 27 06 20 | 09
#0696-d197 @A: 12 28 27 06 | 12
#0697-d197 @A: 19 31 12 13 | 07
#0698-d197 @A: 12 26 24 14 | 04
#0699-d197 @A: 32 34 25 15 | 08
#0700-d197 @A: 34 01 15 04 | 05
#0701-d197 @A: 20 15 19 34 | 02
#0702-d197 @A: 10 08 34 13 | 06
#0703-d197 @A: 10 18 34 33 | 11
#0704-d197 @A: 10 34 20 14 | 10
#0705-d197 @A: 24 08 25 34 | 03
#0706-d197 @A: 16 11 34 25 | 01
#0707-d197 @A: 24 18 34 13 | 09
#0708-d197 @A: 17 23 27 34 | 12
#0709-d197 @A: 34 13 14 23 | 07
#0710-d197 @A: 34 32 19 11 | 04
#0711-d197 @A: 34 24 05 01 | 08
#0712-d197 @A: 34 13 01 19 | 05
#0713-d197 @A: 01 34 20 02 | 02
#0714-d197 @A: 06 33 13 34 | 06
#0715-d197 @A: 02 17 06 34 | 11
#0716-d197 @A: 24 22 26 34 | 10
#0717-d197 @A: 34 09 04 22 | 03
#0718-d197 @A: 15 32 29 13 | 01
#0719-d197 @A: 25 35 04 15 | 09
#0720-d197 @A: 35 14 28 15 | 12
#0721-d197 @A: 15 05 02 10 | 07
#0722-d197 @A: 15 25 13 09 | 04
#0723-d197 @A: 17 19 08 15 | 08
#0724-d197 @A: 18 32 16 15 | 05
#0725-d197 @A: 30 18 15 20 | 02
#0726-d197 @A: 22 20 23 15 | 06
#0727-d197 @A: 27 17 15 11 | 11
#0728-d197 @A: 22 27 28 15 | 10
#0729-d197 @A: 19 15 06 24 | 03
#0730-d197 @A: 15 19 09 28 | 01
#0731-d197 @A: 20 14 15 06 | 09
#0732-d197 @A: 04 07 15 06 | 12
#0733-d197 @A: 15 32 03 17 | 07
#0734-d197 @A: 20 29 07 35 | 04
#0735-d197 @A: 02 10 25 29 | 08
#0736-d197 @A: 10 22 29 16 | 05
#0737-d197 @A: 29 32 27 25 | 02
#0738-d197 @A: 30 22 32 29 | 06
#0739-d197 @A: 14 32 29 24 | 11
#0740-d197 @A: 28 29 24 26 | 10
#0741-d197 @A: 35 24 20 10 | 03
#0742-d197 @A: 32 35 10 31 | 01
#0743-d197 @A: 08 01 31 35 | 09
#0744-d197 @A: 18 09 35 01 | 12
#0745-d197 @A: 35 22 13 23 | 07
#0746-d197 @A: 01 35 03 24 | 04
#0747-d197 @A: 19 05 03 35 | 08
#0748-d197 @A: 24 17 30 35 | 05
#0749-d197 @A: 35 04 09 24 | 02
#0750-d197 @A: 27 04 18 10 | 06
#0751-d197 @A: 10 06 18 20 | 11
#0752-d197 @A: 07 23 06 10 | 10
#0753-d197 @A: 11 20 10 13 | 03
#0754-d197 @A: 01 27 10 31 | 01
#0755-d197 @A: 09 20 10 27 | 09
#0756-d197 @A: 10 19 05 22 | 12
#0757-d197 @A: 03 13 10 31 | 07
#0758-d197 @A: 10 31 24 22 | 04
#0759-d197 @A: 08 04 16 25 | 08
#0760-d197 @A: 18 17 25 07 | 05
#0761-d197 @A: 03 27 25 23 | 02
#0762-d197 @A: 25 14 27 02 | 06
#0763-d197 @A: 02 24 25 28 | 11
#0764-d197 @A: 25 28 04 32 | 10
#0765-d197 @A: 17 16 08 18 | 03
#0766-d197 @A: 08 05 22 11 | 01
#0767-d197 @A: 02 27 08 20 | 09
#0768-d197 @A: 26 33 19 08 | 12
#0769-d197 @A: 14 22 08 31 | 07
#0770-d197 @A: 17 08 31 02 | 04
#0771-d197 @A: 14 08 06 03 | 08
#0772-d197 @A: 09 22 06 08 | 05
#0773-d197 @A: 24 23 18 19 | 02
#0774-d197 @A: 18 20 14 01 | 06
#0775-d197 @A: 24 16 20 18 | 11
#0776-d197 @A: 06 30 18 07 | 10
#0777-d197 @A: 02 03 14 18 | 03
#0778-d197 @A: 11 27 07 23 | 01
#0779-d197 @A: 01 23 28 02 | 09
#0780-d197 @A: 04 19 05 23 | 12
#0781-d197 @A: 23 20 17 09 | 07
#0782-d197 @A: 22 03 30 23 | 04
#0783-d197 @A: 04 32 23 17 | 08
#0784-d197 @A: 01 03 27 11 | 05
#0785-d197 @A: 02 30 11 24 | 02
#0786-d197 @A: 01 33 16 19 | 06
#0787-d197 @A: 32 30 01 06 | 11
#0788-d197 @A: 01 24 32 22 | 10
#0789-d197 @A: 22 31 27 17 | 03
#0790-d197 @A: 02 13 27 07 | 01
#0791-d197 @A: 13 03 27 24 | 09
#0792-d197 @A: 30 14 17 27 | 12
#0793-d197 @A: 27 33 03 30 | 07
#0794-d197 @A: 22 03 27 04 | 04
#0795-d197 @A: 09 31 05 32 | 08
#0796-d197 @A: 28 05 09 13 | 05
#0797-d197 @A: 05 06 32 07 | 02
#0798-d197 @A: 06 17 05 04 | 06
#0799-d197 @A: 13 17 30 16 | 11
#0800-d197 @A: 16 26 06 30 | 10
#0801-d197 @A: 14 16 09 06 | 03
#0802-d197 @A: 24 06 16 03 | 01
#0803-d197 @A: 24 28 06 16 | 09
#0804-d197 @A: 16 17 07 04 | 12
#0805-d197 @A: 16 09 24 07 | 07
#0806-d197 @A: 31 19 20 33 | 04
#0807-d197 @A: 24 03 19 31 | 08
#0808-d197 @A: 19 32 26 06 | 05
#0809-d197 @A: 14 02 09 19 | 02
#0810-d197 @A: 03 07 19 26 | 06
#0811-d197 @A: 33 19 04 02 | 11
#0812-d197 @A: 02 28 19 33 | 10
#0813-d197 @A: 13 33 20 22 | 03
#0814-d197 @A: 22 02 28 09 | 01
#0815-d197 @A: 33 28 07 22 | 09
#0816-d197 @A: 03 05 12 21 | 12
#0817-d197 @A: 21 26 12 06 | 07
#0818-d197 @A: 34 21 13 15 | 04
#0819-d197 @A: 34 26 16 21 | 08
#0820-d197 @A: 21 03 08 25 | 05
#0821-d197 @A: 21 01 13 08 | 02
#0822-d197 @A: 08 14 32 21 | 06
#0823-d197 @A: 23 09 16 21 | 11
#0824-d197 @A: 17 03 21 31 | 10
#0825-d197 @A: 04 07 21 02 | 03
#0826-d197 @A: 12 34 31 15 | 01
#0827-d197 @A: 12 10 04 34 | 09
#0828-d197 @A: 12 20 24 34 | 12
#0829-d197 @A: 09 25 35 12 | 07
#0830-d197 @A: 06 04 35 12 | 04
#0831-d197 @A: 12 10 03 28 | 08
#0832-d197 @A: 11 28 25 12 | 05
#0833-d197 @A: 01 12 25 07 | 02
#0834-d197 @A: 08 12 31 20 | 06
#0835-d197 @A: 30 12 18 11 | 11
#0836-d197 @A: 18 12 27 16 | 10
#0837-d197 @A: 12 24 17 18 | 03
#0838-d197 @A: 30 23 28 12 | 01
#0839-d197 @A: 19 12 22 01 | 09
#0840-d197 @A: 27 05 04 12 | 12
#0841-d197 @A: 19 14 16 12 | 07
#0842-d197 @A: 12 06 14 02 | 04
#0843-d197 @A: 24 07 12 03 | 08
#0844-d197 @A: 34 02 09 15 | 05
#0845-d197 @A: 04 35 34 29 | 02
#0846-d197 @A: 01 29 18 34 | 06
#0847-d197 @A: 35 34 30 10 | 11
#0848-d197 @A: 34 02 31 25 | 10
#0849-d197 @A: 34 25 17 13 | 03
#0850-d197 @A: 30 18 27 34 | 01
#0851-d197 @A: 18 03 34 04 | 09
#0852-d197 @A: 34 16 06 27 | 12
#0853-d197 @A: 05 19 06 34 | 07
#0854-d197 @A: 14 34 05 03 | 04
#0855-d197 @A: 34 16 33 24 | 08
#0856-d197 @A: 24 14 34 06 | 05
#0857-d197 @A: 26 28 03 34 | 02
#0858-d197 @A: 29 28 05 15 | 06
#0859-d197 @A: 15 11 35 13 | 11
#0860-d197 @A: 11 15 22 25 | 10
#0861-d197 @A: 08 11 26 15 | 03
#0862-d197 @A: 15 30 16 08 | 01
#0863-d197 @A: 04 15 18 17 | 09
#0864-d197 @A: 01 27 05 15 | 12
#0865-d197 @A: 31 28 15 01 | 07
#0866-d197 @A: 19 27 15 30 | 04
#0867-d197 @A: 27 32 15 09 | 08
#0868-d197 @A: 07 19 16 15 | 05
#0869-d197 @A: 15 02 31 32 | 02
#0870-d197 @A: 03 15 14 33 | 06
#0871-d197 @A: 33 24 15 26 | 11
#0872-d197 @A: 15 03 28 02 | 10
#0873-d197 @A: 30 35 29 18 | 03
#0874-d197 @A: 11 29 35 28 | 01
#0875-d197 @A: 35 13 29 19 | 09
#0876-d197 @A: 18 24 29 05 | 12
#0877-d197 @A: 26 11 29 30 | 07
#0878-d197 @A: 29 05 09 20 | 04
#0879-d197 @A: 29 14 20 28 | 08
#0880-d197 @A: 02 29 06 13 | 05
#0881-d197 @A: 33 17 29 07 | 02
#0882-d197 @A: 25 17 11 35 | 06
#0883-d197 @A: 35 02 05 08 | 11
#0884-d197 @A: 20 08 35 06 | 10
#0885-d197 @A: 23 04 01 35 | 03
#0886-d197 @A: 35 23 05 07 | 01
#0887-d197 @A: 35 11 19 22 | 09
#0888-d197 @A: 35 11 32 20 | 12
#0889-d197 @A: 35 26 19 02 | 07
#0890-d197 @A: 20 28 26 35 | 04
#0891-d197 @A: 35 26 30 22 | 08
#0892-d197 @A: 35 17 33 22 | 05
#0893-d197 @A: 22 23 10 25 | 02
#0894-d197 @A: 25 10 17 27 | 06
#0895-d197 @A: 14 01 23 10 | 11
#0896-d197 @A: 23 10 20 19 | 10
#0897-d197 @A: 10 27 11 33 | 03
#0898-d197 @A: 10 11 32 09 | 01
#0899-d197 @A: 33 05 10 20 | 09
#0900-d197 @A: 04 05 10 09 | 12
#0901-d197 @A: 16 19 10 26 | 07
#0902-d197 @A: 16 03 14 10 | 04
#0903-d197 @A: 26 17 13 10 | 08
#0904-d197 @A: 30 10 22 33 | 05
#0905-d197 @A: 22 10 14 02 | 02
#0906-d197 @A: 05 25 17 08 | 06
#0907-d197 @A: 18 25 09 20 | 11
#0908-d197 @A: 05 23 33 25 | 10
#0909-d197 @A: 25 31 16 23 | 03
#0910-d197 @A: 11 27 30 25 | 01
#0911-d197 @A: 20 27 25 04 | 09
#0912-d197 @A: 27 25 33 06 | 12
#0913-d197 @A: 31 06 25 22 | 07
#0914-d197 @A: 04 31 25 33 | 04
#0915-d197 @A: 25 24 13 30 | 08
#0916-d197 @A: 04 08 01 11 | 05
#0917-d197 @A: 07 08 27 16 | 02
#0918-d197 @A: 20 23 18 33 | 06
#0919-d197 @A: 18 11 20 31 | 11
#0920-d197 @A: 18 16 31 01 | 10
#0921-d197 @A: 01 18 32 19 | 03
#0922-d197 @A: 13 27 09 18 | 01
#0923-d197 @A: 18 17 27 33 | 09
#0924-d197 @A: 05 18 31 17 | 12
#0925-d197 @A: 32 22 20 18 | 07
#0926-d197 @A: 30 18 32 14 | 04
#0927-d197 @A: 30 33 18 02 | 08
#0928-d197 @A: 18 04 22 28 | 05
#0929-d197 @A: 09 03 28 18 | 02
#0930-d197 @A: 30 23 01 26 | 06
#0931-d197 @A: 30 13 23 05 | 11
#0932-d197 @A: 33 03 23 13 | 10
#0933-d197 @A: 17 06 24 23 | 03
#0934-d197 @A: 14 09 23 24 | 01
#0935-d197 @A: 11 03 28 27 | 09
#0936-d197 @A: 33 11 16 05 | 12
#0937-d197 @A: 30 32 11 16 | 07
#0938-d197 @A: 22 26 11 32 | 04
#0939-d197 @A: 17 07 11 26 | 08
#0940-d197 @A: 33 11 04 09 | 05
#0941-d197 @A: 09 31 06 01 | 02
#0942-d197 @A: 01 02 13 30 | 06
#0943-d197 @A: 17 24 13 01 | 11
#0944-d197 @A: 30 07 01 24 | 10
#0945-d197 @A: 06 03 07 01 | 03
#0946-d197 @A: 16 19 27 13 | 01
#0947-d197 @A: 07 04 27 19 | 09
#0948-d197 @A: 27 26 28 13 | 12
#0949-d197 @A: 30 27 28 14 | 07
#0950-d197 @A: 26 07 27 09 | 04
#0951-d197 @A: 22 03 31 16 | 08
#0952-d197 @A: 16 28 30 02 | 05
#0953-d197 @A: 14 24 17 16 | 02
#0954-d197 @A: 16 09 28 14 | 06
#0955-d197 @A: 19 03 13 20 | 11
#0956-d197 @A: 14 30 19 31 | 10
#0957-d197 @A: 07 19 33 13 | 03
#0958-d197 @A: 32 20 30 17 | 01
#0959-d197 @A: 04 02 06 20 | 09
#0960-d197 @A: 09 20 28 06 | 12
#0961-d197 @A: 07 09 02 20 | 07
#0962-d197 @A: 03 06 28 31 | 04
#0963-d197 @A: 26 28 07 31 | 08
#0964-d197 @A: 07 17 13 28 | 05
#0965-d197 @A: 17 30 06 28 | 02
#0966-d197 @A: 17 30 21 12 | 06
#0967-d197 @A: 34 06 21 35 | 11
#0968-d197 @A: 21 34 02 19 | 10
#0969-d197 @A: 31 15 27 21 | 03
#0970-d197 @A: 22 15 19 21 | 01
#0971-d197 @A: 16 29 14 21 | 09
#0972-d197 @A: 26 21 23 35 | 12
#0973-d197 @A: 18 17 21 10 | 07
#0974-d197 @A: 27 26 21 10 | 04
#0975-d197 @A: 08 17 23 21 | 08
#0976-d197 @A: 03 19 21 27 | 05
#0977-d197 @A: 05 19 21 28 | 02
#0978-d197 @A: 21 28 16 03 | 06
#0979-d197 @A: 26 21 31 02 | 11
#0980-d197 @A: 32 21 31 22 | 10
#0981-d197 @A: 04 21 26 13 | 03
#0982-d197 @A: 04 06 09 21 | 01
#0983-d197 @A: 32 24 21 09 | 09
#0984-d197 @A: 28 21 09 17 | 12
#0985-d197 @A: 34 29 13 12 | 07
#0986-d197 @A: 12 23 34 07 | 04
#0987-d197 @A: 11 12 14 15 | 08
#0988-d197 @A: 07 05 15 12 | 05
#0989-d197 @A: 17 29 16 12 | 02
#0990-d197 @A: 29 20 33 12 | 06
#0991-d197 @A: 12 22 24 35 | 11
#0992-d197 @A: 08 12 11 10 | 10
#0993-d197 @A: 10 30 12 01 | 03
#0994-d197 @A: 12 03 01 18 | 01
#0995-d197 @A: 12 04 23 26 | 09
#0996-d197 @A: 27 13 12 01 | 12
#0997-d197 @A: 28 12 32 01 | 07
#0998-d197 @A: 31 17 04 12 | 04
#0999-d197 @A: 12 30 06 13 | 08
#1000-d197 @A: 29 27 15 34 | 05
#1001-d197 @A: 16 34 14 15 | 02
#1002-d197 @A: 08 35 32 34 | 06
#1003-d197 @A: 17 20 34 18 | 11
#1004-d197 @A: 34 17 31 01 | 10
#1005-d197 @A: 13 16 20 34 | 03
#1006-d197 @A: 34 28 16 04 | 01
#1007-d197 @A: 34 02 07 14 | 09
#1008-d197 @A: 15 16 09 29 | 12
#1009-d197 @A: 02 15 29 20 | 07
#1010-d197 @A: 18 35 24 15 | 04
#1011-d197 @A: 35 15 33 23 | 08
#1012-d197 @A: 10 16 13 15 | 05
#1013-d197 @A: 15 27 25 07 | 02
#1014-d197 @A: 14 08 15 05 | 06
#1015-d197 @A: 15 09 19 01 | 11
#1016-d197 @A: 01 03 15 02 | 10
#1017-d197 @A: 20 15 30 28 | 03
#1018-d197 @A: 15 24 31 13 | 01
#1019-d197 @A: 15 14 02 13 | 09
#1020-d197 @A: 30 09 15 26 | 12
#1021-d197 @A: 28 15 32 07 | 07
#1022-d197 @A: 22 24 15 17 | 04
#1023-d197 @A: 29 07 19 10 | 08
#1024-d197 @A: 28 29 10 02 | 05
#1025-d197 @A: 06 08 25 29 | 02
#1026-d197 @A: 29 16 08 03 | 06
#1027-d197 @A: 28 07 08 29 | 11
#1028-d197 @A: 17 11 29 18 | 10
#1029-d197 @A: 23 22 29 27 | 03
#1030-d197 @A: 29 26 23 19 | 01
#1031-d197 @A: 29 20 23 30 | 09
#1032-d197 @A: 05 04 29 16 | 12
#1033-d197 @A: 19 05 17 29 | 07
#1034-d197 @A: 07 26 06 29 | 04
#1035-d197 @A: 14 35 10 19 | 08
#1036-d197 @A: 31 25 35 19 | 05
#1037-d197 @A: 25 20 35 14 | 02
#1038-d197 @A: 11 16 03 35 | 06
#1039-d197 @A: 20 26 33 35 | 11
#1040-d197 @A: 33 13 14 35 | 10
#1041-d197 @A: 25 10 24 18 | 03
#1042-d197 @A: 01 10 17 08 | 01
#1043-d197 @A: 30 23 24 10 | 09
#1044-d197 @A: 10 09 28 27 | 12
#1045-d197 @A: 07 16 10 33 | 07
#1046-d197 @A: 17 30 06 10 | 04
#1047-d197 @A: 03 10 07 32 | 08
#1048-d197 @A: 04 22 10 17 | 05
#1049-d197 @A: 25 11 07 31 | 02
#1050-d197 @A: 27 16 09 25 | 06
#1051-d197 @A: 27 07 25 28 | 11
#1052-d197 @A: 05 16 25 22 | 10
#1053-d197 @A: 05 14 26 25 | 03
#1054-d197 @A: 25 20 03 16 | 01
#1055-d197 @A: 25 24 20 32 | 09
#1056-d197 @A: 24 22 25 04 | 12
#1057-d197 @A: 01 08 19 02 | 07
#1058-d197 @A: 19 22 08 27 | 04
#1059-d197 @A: 09 31 13 08 | 08
#1060-d197 @A: 04 32 08 31 | 05
#1061-d197 @A: 26 13 08 22 | 02
#1062-d197 @A: 07 08 13 32 | 06
#1063-d197 @A: 04 33 08 14 | 11
#1064-d197 @A: 09 08 26 02 | 10
#1065-d197 @A: 02 04 03 08 | 03
#1066-d197 @A: 01 18 23 17 | 01
#1067-d197 @A: 01 26 24 18 | 09
#1068-d197 @A: 18 05 03 20 | 12
#1069-d197 @A: 18 28 16 32 | 07
#1070-d197 @A: 22 30 18 19 | 04
#1071-d197 @A: 18 14 13 17 | 08
#1072-d197 @A: 18 32 33 06 | 05
#1073-d197 @A: 05 24 11 23 | 02
#1074-d197 @A: 23 01 03 16 | 06
#1075-d197 @A: 23 01 22 33 | 11
#1076-d197 @A: 26 23 27 32 | 10
#1077-d197 @A: 32 23 28 27 | 03
#1078-d197 @A: 16 32 23 13 | 01
#1079-d197 @A: 23 33 16 04 | 09
#1080-d197 @A: 31 06 23 14 | 12
#1081-d197 @A: 23 09 26 31 | 07
#1082-d197 @A: 33 02 23 31 | 04
#1083-d197 @A: 23 14 04 03 | 08
#1084-d197 @A: 01 16 26 11 | 05
#1085-d197 @A: 11 22 04 16 | 02
#1086-d197 @A: 31 14 11 32 | 06
#1087-d197 @A: 11 32 17 06 | 11
#1088-d197 @A: 27 01 20 33 | 10
#1089-d197 @A: 01 06 28 19 | 03
#1090-d197 @A: 04 19 14 01 | 01
#1091-d197 @A: 30 33 01 28 | 09
#1092-d197 @A: 02 09 06 27 | 12
#1093-d197 @A: 14 32 27 04 | 07
#1094-d197 @A: 16 19 05 30 | 04
#1095-d197 @A: 24 22 30 05 | 08
#1096-d197 @A: 05 03 28 30 | 05
#1097-d197 @A: 05 06 33 26 | 02
#1098-d197 @A: 24 26 09 05 | 06
#1099-d197 @A: 05 02 17 07 | 11
#1100-d197 @A: 16 20 09 31 | 10
#1101-d197 @A: 30 16 31 07 | 03
#1102-d197 @A: 16 26 31 17 | 01
#1103-d197 @A: 03 16 13 26 | 09
#1104-d197 @A: 02 17 16 03 | 12
#1105-d197 @A: 14 19 20 22 | 07
#1106-d197 @A: 04 19 30 09 | 04
#1107-d197 @A: 19 07 14 28 | 08
#1108-d197 @A: 09 33 32 19 | 05
#1109-d197 @A: 19 03 28 17 | 02
#1110-d197 @A: 28 04 24 19 | 06
#1111-d197 @A: 32 31 20 06 | 11
#1112-d197 @A: 31 22 20 02 | 10
#1113-d197 @A: 13 07 20 06 | 03
#1114-d197 @A: 04 33 30 20 | 01
#1115-d197 @A: 26 20 06 03 | 09
#1116-d197 @A: 14 07 20 26 | 12
#1117-d197 @A: 20 24 09 22 | 07
#1118-d197 @A: 02 13 28 04 | 04
#1119-d197 @A: 21 16 12 31 | 08
#1120-d197 @A: 21 02 35 29 | 05
#1121-d197 @A: 20 21 03 29 | 02
#1122-d197 @A: 21 11 28 10 | 06
#1123-d197 @A: 22 21 06 10 | 11
#1124-d197 @A: 09 25 21 11 | 10
#1125-d197 @A: 23 18 21 05 | 03
#1126-d197 @A: 18 03 21 06 | 01
#1127-d197 @A: 18 28 21 06 | 09
#1128-d197 @A: 13 21 19 11 | 12
#1129-d197 @A: 19 21 26 01 | 07
#1130-d197 @A: 22 13 21 30 | 04
#1131-d197 @A: 04 21 32 33 | 08
#1132-d197 @A: 21 17 07 22 | 05
#1133-d197 @A: 12 24 29 15 | 02
#1134-d197 @A: 04 08 12 29 | 06
#1135-d197 @A: 29 12 06 11 | 11
#1136-d197 @A: 11 26 12 35 | 10
#1137-d197 @A: 12 28 19 35 | 03
#1138-d197 @A: 20 30 35 12 | 01
#1139-d197 @A: 04 12 18 25 | 09
#1140-d197 @A: 25 14 12 17 | 12
#1141-d197 @A: 23 02 19 12 | 07
#1142-d197 @A: 12 03 23 20 | 04
#1143-d197 @A: 19 11 20 12 | 08
#1144-d197 @A: 12 28 05 24 | 05
#1145-d197 @A: 31 12 22 30 | 02
#1146-d197 @A: 31 12 07 14 | 06
#1147-d197 @A: 30 12 04 02 | 11
#1148-d197 @A: 06 17 07 12 | 10
#1149-d197 @A: 22 15 34 35 | 03
#1150-d197 @A: 11 33 15 34 | 01
#1151-d197 @A: 07 35 25 34 | 09
#1152-d197 @A: 01 06 34 08 | 12
#1153-d197 @A: 08 05 34 28 | 07
#1154-d197 @A: 05 34 22 23 | 04
#1155-d197 @A: 01 33 34 09 | 08
#1156-d197 @A: 09 34 27 19 | 05
#1157-d197 @A: 03 06 34 31 | 02
#1158-d197 @A: 26 34 31 14 | 06
#1159-d197 @A: 09 13 34 32 | 11
#1160-d197 @A: 30 34 04 14 | 10
#1161-d197 @A: 04 34 06 32 | 03
#1162-d197 @A: 33 03 34 07 | 01
#1163-d197 @A: 01 14 15 29 | 09
#1164-d197 @A: 10 15 16 28 | 12
#1165-d197 @A: 06 23 15 16 | 07
#1166-d197 @A: 22 15 31 05 | 04
#1167-d197 @A: 31 15 33 06 | 08
#1168-d197 @A: 17 15 13 07 | 05
#1169-d197 @A: 30 15 17 02 | 02
#1170-d197 @A: 04 15 32 30 | 06
#1171-d197 @A: 08 29 10 27 | 11
#1172-d197 @A: 11 10 14 29 | 10
#1173-d197 @A: 19 04 29 25 | 03
#1174-d197 @A: 07 09 25 29 | 01
#1175-d197 @A: 08 23 29 02 | 09
#1176-d197 @A: 11 31 29 08 | 12
#1177-d197 @A: 30 29 08 13 | 07
#1178-d197 @A: 28 27 18 29 | 04
#1179-d197 @A: 11 23 33 29 | 08
#1180-d197 @A: 29 22 06 04 | 05
#1181-d197 @A: 26 02 04 29 | 02
#1182-d197 @A: 05 10 17 35 | 06
#1183-d197 @A: 32 25 35 23 | 11
#1184-d197 @A: 17 18 19 35 | 10
#1185-d197 @A: 23 20 02 35 | 03
#1186-d197 @A: 04 28 35 01 | 01
#1187-d197 @A: 31 35 30 02 | 09
#1188-d197 @A: 17 02 35 13 | 12
#1189-d197 @A: 30 28 09 35 | 07
#1190-d197 @A: 09 14 22 35 | 04
#1191-d197 @A: 03 35 26 17 | 08
#1192-d197 @A: 02 35 17 28 | 05
#1193-d197 @A: 07 33 04 35 | 02
#1194-d197 @A: 10 20 25 30 | 06
#1195-d197 @A: 08 09 10 16 | 11
#1196-d197 @A: 02 11 16 10 | 10
#1197-d197 @A: 26 30 10 03 | 03
#1198-d197 @A: 26 14 10 04 | 01
#1199-d197 @A: 24 01 11 25 | 09
#1200-d197 @A: 20 11 02 25 | 12
#1201-d197 @A: 25 16 19 06 | 07
#1202-d197 @A: 16 13 28 25 | 04
#1203-d197 @A: 22 19 32 25 | 08
#1204-d197 @A: 20 18 08 13 | 05
#1205-d197 @A: 18 09 04 08 | 02
#1206-d197 @A: 13 11 27 08 | 06
#1207-d197 @A: 01 20 30 08 | 11
#1208-d197 @A: 27 05 26 08 | 10
#1209-d197 @A: 17 06 27 08 | 03
#1210-d197 @A: 26 20 16 08 | 01
#1211-d197 @A: 06 08 16 13 | 09
#1212-d197 @A: 33 03 20 08 | 12
#1213-d197 @A: 30 24 08 31 | 07
#1214-d197 @A: 08 06 07 31 | 04
#1215-d197 @A: 26 08 31 03 | 08
#1216-d197 @A: 08 07 03 30 | 05
#1217-d197 @A: 02 14 24 08 | 02
#1218-d197 @A: 14 11 18 27 | 06
#1219-d197 @A: 16 07 18 05 | 11
#1220-d197 @A: 18 19 16 03 | 10
#1221-d197 @A: 28 02 31 18 | 03
#1222-d197 @A: 31 32 07 18 | 01
#1223-d197 @A: 33 18 13 04 | 09
#1224-d197 @A: 24 18 30 09 | 12
#1225-d197 @A: 02 26 18 07 | 07
#1226-d197 @A: 33 22 26 18 | 04
#1227-d197 @A: 17 32 18 09 | 08
#1228-d197 @A: 11 04 23 20 | 05
#1229-d197 @A: 23 02 27 16 | 02
#1230-d197 @A: 17 31 13 23 | 06
#1231-d197 @A: 33 07 23 14 | 11
#1232-d197 @A: 26 33 23 17 | 10
#1233-d197 @A: 30 19 28 11 | 03
#1234-d197 @A: 03 11 20 17 | 01
#1235-d197 @A: 22 30 11 17 | 09
#1236-d197 @A: 02 26 11 03 | 12
#1237-d197 @A: 06 27 26 01 | 07
#1238-d197 @A: 01 05 09 16 | 04
#1239-d197 @A: 01 17 02 04 | 08
#1240-d197 @A: 07 28 01 03 | 05
#1241-d197 @A: 22 27 33 16 | 02
#1242-d197 @A: 33 24 09 27 | 06
#1243-d197 @A: 04 09 17 27 | 11
#1244-d197 @A: 02 05 20 16 | 10
#1245-d197 @A: 06 24 05 20 | 03
#1246-d197 @A: 06 14 05 30 | 01
#1247-d197 @A: 30 07 05 04 | 09
#1248-d197 @A: 16 06 17 33 | 12
#1249-d197 @A: 33 14 16 32 | 07
#1250-d197 @A: 09 03 16 33 | 04
#1251-d197 @A: 06 02 19 31 | 08
#1252-d197 @A: 13 06 19 17 | 05
#1253-d197 @A: 19 17 33 30 | 02
#1254-d197 @A: 22 33 19 06 | 06
#1255-d197 @A: 24 17 20 26 | 11
#1256-d197 @A: 02 24 20 33 | 10
#1257-d197 @A: 03 09 20 04 | 03
#1258-d197 @A: 32 02 14 28 | 01
#1259-d197 @A: 12 32 21 25 | 09
#1260-d197 @A: 01 12 04 21 | 12
#1261-d197 @A: 31 21 05 34 | 07
#1262-d197 @A: 11 35 21 31 | 04
#1263-d197 @A: 11 03 10 21 | 08
#1264-d197 @A: 06 21 25 20 | 05
#1265-d197 @A: 21 14 25 28 | 02
#1266-d197 @A: 05 21 08 06 | 06
#1267-d197 @A: 18 02 20 21 | 11
#1268-d197 @A: 21 27 23 33 | 10
#1269-d197 @A: 01 21 17 11 | 03
#1270-d197 @A: 20 27 32 21 | 01
#1271-d197 @A: 21 31 06 30 | 09
#1272-d197 @A: 14 13 07 21 | 12
#1273-d197 @A: 30 24 21 33 | 07
#1274-d197 @A: 06 21 07 33 | 04
#1275-d197 @A: 26 21 09 17 | 08
#1276-d197 @A: 35 12 33 34 | 05
#1277-d197 @A: 06 15 08 12 | 02
#1278-d197 @A: 12 26 15 28 | 06
#1279-d197 @A: 22 12 09 10 | 11
#1280-d197 @A: 12 13 08 23 | 10
#1281-d197 @A: 01 12 08 26 | 03
#1282-d197 @A: 06 12 09 18 | 01
#1283-d197 @A: 01 24 12 33 | 09
#1284-d197 @A: 20 04 28 12 | 12
#1285-d197 @A: 14 17 12 28 | 07
#1286-d197 @A: 02 32 22 12 | 04
#1287-d197 @A: 05 34 30 29 | 08
#1288-d197 @A: 34 18 26 35 | 05
#1289-d197 @A: 10 34 05 32 | 02
#1290-d197 @A: 30 01 25 34 | 06
#1291-d197 @A: 31 34 23 08 | 11
#1292-d197 @A: 23 02 11 34 | 10
#1293-d197 @A: 14 28 01 34 | 03
#1294-d197 @A: 33 31 34 30 | 01
#1295-d197 @A: 30 34 13 03 | 09
#1296-d197 @A: 22 14 34 32 | 12
#1297-d197 @A: 07 34 17 32 | 07
#1298-d197 @A: 32 09 34 28 | 04
#1299-d197 @A: 26 15 35 29 | 08
#1300-d197 @A: 04 15 11 29 | 05
#1301-d197 @A: 25 15 10 08 | 02
#1302-d197 @A: 24 10 11 15 | 06
#1303-d197 @A: 10 19 15 31 | 11
#1304-d197 @A: 25 15 19 03 | 10
#1305-d197 @A: 25 15 31 26 | 03
#1306-d197 @A: 15 08 20 32 | 01
#1307-d197 @A: 15 18 07 33 | 09
#1308-d197 @A: 23 17 15 05 | 12
#1309-d197 @A: 16 15 26 27 | 07
#1310-d197 @A: 22 16 02 15 | 04
#1311-d197 @A: 15 07 09 14 | 08
#1312-d197 @A: 03 24 15 09 | 05
#1313-d197 @A: 19 24 29 08 | 02
#1314-d197 @A: 18 29 14 22 | 06
#1315-d197 @A: 33 09 29 18 | 11
#1316-d197 @A: 11 02 07 29 | 10
#1317-d197 @A: 27 31 29 19 | 03
#1318-d197 @A: 09 29 02 30 | 01
#1319-d197 @A: 26 09 29 22 | 09
#1320-d197 @A: 29 22 03 02 | 12
#1321-d197 @A: 19 35 23 09 | 07
#1322-d197 @A: 35 11 24 14 | 04
#1323-d197 @A: 16 35 01 07 | 08
#1324-d197 @A: 04 27 16 35 | 05
#1325-d197 @A: 04 35 31 22 | 02
#1326-d197 @A: 09 06 30 35 | 06
#1327-d197 @A: 35 06 02 03 | 11
#1328-d197 @A: 35 06 24 33 | 10
#1329-d197 @A: 35 04 02 14 | 03
#1330-d197 @A: 28 03 22 35 | 01
#1331-d197 @A: 25 07 10 05 | 09
#1332-d197 @A: 16 25 32 10 | 12
#1333-d197 @A: 28 17 25 10 | 07
#1334-d197 @A: 10 32 08 06 | 04
#1335-d197 @A: 10 23 14 28 | 08
#1336-d197 @A: 32 10 27 19 | 05
#1337-d197 @A: 20 10 28 05 | 02
#1338-d197 @A: 26 10 02 20 | 06
#1339-d197 @A: 10 13 06 14 | 11
#1340-d197 @A: 33 13 24 10 | 10
#1341-d197 @A: 24 10 26 32 | 03
#1342-d197 @A: 26 22 10 07 | 01
#1343-d197 @A: 32 24 10 28 | 09
#1344-d197 @A: 28 25 03 18 | 12
#1345-d197 @A: 17 01 25 16 | 07
#1346-d197 @A: 25 05 19 02 | 04
#1347-d197 @A: 25 31 05 20 | 08
#1348-d197 @A: 13 26 25 06 | 05
#1349-d197 @A: 13 22 25 02 | 02
#1350-d197 @A: 06 32 25 14 | 06
#1351-d197 @A: 25 06 07 24 | 11
#1352-d197 @A: 17 25 24 33 | 10
#1353-d197 @A: 16 11 08 28 | 03
#1354-d197 @A: 14 20 11 08 | 01
#1355-d197 @A: 14 16 08 01 | 09
#1356-d197 @A: 13 33 08 02 | 12
#1357-d197 @A: 08 32 26 30 | 07
#1358-d197 @A: 08 04 26 07 | 04
#1359-d197 @A: 08 32 24 17 | 08
#1360-d197 @A: 09 28 08 33 | 05
#1361-d197 @A: 18 31 23 04 | 02
#1362-d197 @A: 28 05 11 18 | 06
#1363-d197 @A: 14 18 26 09 | 11
#1364-d197 @A: 19 23 11 30 | 10
#1365-d197 @A: 11 31 23 22 | 03
#1366-d197 @A: 31 19 23 01 | 01
#1367-d197 @A: 23 03 06 32 | 09
#1368-d197 @A: 23 26 24 03 | 12
#1369-d197 @A: 01 22 02 11 | 07
#1370-d197 @A: 20 27 22 11 | 04
#1371-d197 @A: 27 11 06 31 | 08
#1372-d197 @A: 19 03 11 33 | 05
#1373-d197 @A: 31 03 11 09 | 02
#1374-d197 @A: 09 11 28 31 | 06
#1375-d197 @A: 26 06 11 04 | 11
#1376-d197 @A: 17 01 28 27 | 10
#1377-d197 @A: 19 07 05 01 | 03
#1378-d197 @A: 22 26 31 01 | 01
#1379-d197 @A: 14 01 06 22 | 09
#1380-d197 @A: 03 33 04 01 | 12
#1381-d197 @A: 01 09 17 07 | 07
#1382-d197 @A: 17 05 13 27 | 04
#1383-d197 @A: 31 27 14 13 | 08
#1384-d197 @A: 31 04 02 27 | 05
#1385-d197 @A: 27 33 31 07 | 02
#1386-d197 @A: 30 27 32 02 | 06
#1387-d197 @A: 26 27 02 22 | 11
#1388-d197 @A: 04 31 05 03 | 10
#1389-d197 @A: 03 05 09 06 | 03
#1390-d197 @A: 02 14 33 05 | 01
#1391-d197 @A: 14 05 04 24 | 09
#1392-d197 @A: 17 19 16 09 | 12
#1393-d197 @A: 07 16 06 02 | 07
#1394-d197 @A: 16 17 28 22 | 04
#1395-d197 @A: 19 06 30 20 | 08
#1396-d197 @A: 24 07 20 19 | 05
#1397-d197 @A: 13 19 28 31 | 02
#1398-d197 @A: 24 09 19 13 | 06
#1399-d197 @A: 33 14 24 19 | 11
#1400-d197 @A: 02 07 32 19 | 10
#1401-d197 @A: 24 17 19 04 | 03
#1402-d197 @A: 24 20 13 14 | 01
#1403-d197 @A: 13 28 33 20 | 09
#1404-d197 @A: 26 22 04 20 | 12
#1405-d197 @A: 20 22 12 21 | 07
#1406-d197 @A: 21 28 13 12 | 04
#1407-d197 @A: 15 14 21 35 | 08
#1408-d197 @A: 15 21 18 09 | 05
#1409-d197 @A: 07 15 01 21 | 02
#1410-d197 @A: 29 04 18 21 | 06
#1411-d197 @A: 21 35 01 32 | 11
#1412-d197 @A: 03 35 21 30 | 10
#1413-d197 @A: 21 07 35 28 | 03
#1414-d197 @A: 21 18 32 11 | 01
#1415-d197 @A: 05 21 01 33 | 09
#1416-d197 @A: 09 27 05 21 | 12
#1417-d197 @A: 20 21 05 17 | 07
#1418-d197 @A: 21 19 16 32 | 04
#1419-d197 @A: 03 14 09 21 | 08
#1420-d197 @A: 26 34 27 12 | 05
#1421-d197 @A: 15 12 30 23 | 02
#1422-d197 @A: 12 35 05 18 | 06
#1423-d197 @A: 06 19 10 12 | 11
#1424-d197 @A: 24 27 08 12 | 10
#1425-d197 @A: 12 07 08 09 | 03
#1426-d197 @A: 20 07 12 18 | 01
#1427-d197 @A: 12 01 16 02 | 09
#1428-d197 @A: 17 12 20 01 | 12
#1429-d197 @A: 12 31 09 33 | 07
#1430-d197 @A: 13 12 04 07 | 04
#1431-d197 @A: 30 14 03 12 | 08
#1432-d197 @A: 12 26 17 02 | 05
#1433-d197 @A: 32 12 04 03 | 02
#1434-d197 @A: 23 34 24 15 | 06
#1435-d197 @A: 34 17 35 14 | 11
#1436-d197 @A: 09 10 24 34 | 10
#1437-d197 @A: 34 14 09 11 | 03
#1438-d197 @A: 34 28 11 07 | 01
#1439-d197 @A: 34 26 03 01 | 09
#1440-d197 @A: 27 34 20 03 | 12
#1441-d197 @A: 34 27 33 14 | 07
#1442-d197 @A: 19 34 28 20 | 04
#1443-d197 @A: 20 34 30 22 | 08
#1444-d197 @A: 07 06 34 22 | 05
#1445-d197 @A: 02 22 33 34 | 02
#1446-d197 @A: 17 34 33 28 | 06
#1447-d197 @A: 07 03 29 15 | 11
#1448-d197 @A: 32 15 19 35 | 10
#1449-d197 @A: 15 18 08 31 | 03
#1450-d197 @A: 15 28 04 08 | 01
#1451-d197 @A: 02 18 23 15 | 09
#1452-d197 @A: 23 32 11 15 | 12
#1453-d197 @A: 16 31 11 15 | 07
#1454-d197 @A: 11 07 15 20 | 04
#1455-d197 @A: 15 11 28 06 | 08
#1456-d197 @A: 17 15 33 01 | 05
#1457-d197 @A: 20 15 33 16 | 02
#1458-d197 @A: 33 13 15 30 | 06
#1459-d197 @A: 30 15 14 24 | 11
#1460-d197 @A: 15 02 26 06 | 10
#1461-d197 @A: 15 28 24 17 | 03
#1462-d197 @A: 14 29 08 35 | 01
#1463-d197 @A: 29 16 31 35 | 09
#1464-d197 @A: 20 31 29 10 | 12
#1465-d197 @A: 24 03 29 10 | 07
#1466-d197 @A: 29 23 25 17 | 04
#1467-d197 @A: 18 08 32 29 | 08
#1468-d197 @A: 08 01 33 29 | 05
#1469-d197 @A: 05 29 23 32 | 02
#1470-d197 @A: 05 29 27 14 | 06
#1471-d197 @A: 27 02 29 33 | 11
#1472-d197 @A: 13 33 05 29 | 10
#1473-d197 @A: 29 14 31 09 | 03
#1474-d197 @A: 29 17 13 22 | 01
#1475-d197 @A: 30 29 07 14 | 09
#1476-d197 @A: 28 08 10 35 | 12
#1477-d197 @A: 10 23 35 11 | 07
#1478-d197 @A: 03 25 35 18 | 04
#1479-d197 @A: 02 25 01 35 | 08
#1480-d197 @A: 35 25 06 05 | 05
#1481-d197 @A: 35 13 28 18 | 02
#1482-d197 @A: 27 06 35 19 | 06
#1483-d197 @A: 30 35 16 14 | 11
#1484-d197 @A: 13 26 35 31 | 10
#1485-d197 @A: 35 28 33 31 | 03
#1486-d197 @A: 06 35 13 32 | 01
#1487-d197 @A: 25 04 10 11 | 09
#1488-d197 @A: 08 24 04 10 | 12
#1489-d197 @A: 27 24 16 10 | 07
#1490-d197 @A: 13 10 19 02 | 04
#1491-d197 @A: 10 22 28 19 | 08
#1492-d197 @A: 30 14 09 10 | 05
#1493-d197 @A: 14 10 32 17 | 02
#1494-d197 @A: 09 01 25 23 | 06
#1495-d197 @A: 25 20 19 01 | 11
#1496-d197 @A: 03 06 25 17 | 10
#1497-d197 @A: 24 02 26 25 | 03
#1498-d197 @A: 25 07 03 02 | 01
#1499-d197 @A: 22 25 17 09 | 09
#1500-d197 @A: 04 06 23 08 | 12
#1501-d197 @A: 13 08 30 28 | 07
#1502-d197 @A: 17 26 14 08 | 04
#1503-d197 @A: 33 08 32 22 | 08
#1504-d197 @A: 09 03 32 08 | 05
#1505-d197 @A: 16 23 26 18 | 02
#1506-d197 @A: 18 16 13 11 | 06
#1507-d197 @A: 31 02 24 18 | 11
#1508-d197 @A: 26 18 06 17 | 10
#1509-d197 @A: 06 23 20 01 | 03
#1510-d197 @A: 09 33 30 23 | 01
#1511-d197 @A: 22 02 23 04 | 09
#1512-d197 @A: 23 04 33 28 | 12
#1513-d197 @A: 11 13 09 26 | 07
#1514-d197 @A: 13 11 33 17 | 04
#1515-d197 @A: 04 11 17 14 | 08
#1516-d197 @A: 33 11 32 02 | 05
#1517-d197 @A: 11 17 02 09 | 02
#1518-d197 @A: 01 20 05 32 | 06
#1519-d197 @A: 16 01 20 28 | 11
#1520-d197 @A: 26 01 32 17 | 10
#1521-d197 @A: 01 28 09 24 | 03
#1522-d197 @A: 05 07 27 24 | 01
#1523-d197 @A: 20 27 30 07 | 09
#1524-d197 @A: 24 26 31 27 | 12
#1525-d197 @A: 24 30 27 04 | 07
#1526-d197 @A: 17 24 27 02 | 04
#1527-d197 @A: 13 02 05 24 | 08
#1528-d197 @A: 14 05 07 22 | 05
#1529-d197 @A: 05 22 33 03 | 02
#1530-d197 @A: 26 07 32 16 | 06
#1531-d197 @A: 09 32 04 16 | 11
#1532-d197 @A: 24 26 19 30 | 10
#1533-d197 @A: 19 22 17 26 | 03
#1534-d197 @A: 31 20 07 17 | 01
#1535-d197 @A: 17 31 20 28 | 09
#1536-d197 @A: 28 30 32 31 | 12
#1537-d197 @A: 22 28 24 31 | 07
#1538-d197 @A: 34 08 21 07 | 04
#1539-d197 @A: 23 34 01 21 | 08
#1540-d197 @A: 04 20 34 21 | 05
#1541-d197 @A: 28 34 21 24 | 02
#1542-d197 @A: 15 21 10 33 | 06
#1543-d197 @A: 21 06 11 15 | 11
#1544-d197 @A: 20 15 26 21 | 10
#1545-d197 @A: 21 29 06 27 | 03
#1546-d197 @A: 21 29 30 19 | 01
#1547-d197 @A: 35 21 09 20 | 09
#1548-d197 @A: 14 24 21 10 | 12
#1549-d197 @A: 27 21 24 18 | 07
#1550-d197 @A: 19 21 07 18 | 04
#1551-d197 @A: 11 27 04 21 | 08
#1552-d197 @A: 14 11 02 21 | 05
#1553-d197 @A: 26 24 11 21 | 02
#1554-d197 @A: 21 27 16 17 | 06
#1555-d197 @A: 31 28 27 21 | 11
#1556-d197 @A: 21 06 13 24 | 10
#1557-d197 @A: 04 28 21 30 | 03
#1558-d197 @A: 21 26 02 28 | 01
#1559-d197 @A: 21 22 09 02 | 09
#1560-d197 @A: 08 30 12 34 | 12
#1561-d197 @A: 12 34 17 19 | 07
#1562-d197 @A: 20 12 15 09 | 04
#1563-d197 @A: 31 18 12 10 | 08
#1564-d197 @A: 18 28 07 12 | 05
#1565-d197 @A: 12 16 05 26 | 02
#1566-d197 @A: 32 12 16 06 | 06
#1567-d197 @A: 02 20 13 12 | 11
#1568-d197 @A: 12 09 13 17 | 10
#1569-d197 @A: 04 12 33 22 | 03
#1570-d197 @A: 15 18 34 28 | 01
#1571-d197 @A: 29 14 34 25 | 09
#1572-d197 @A: 23 09 34 29 | 12
#1573-d197 @A: 34 30 28 29 | 07
#1574-d197 @A: 03 23 35 34 | 04
#1575-d197 @A: 35 27 13 34 | 08
#1576-d197 @A: 09 05 34 35 | 05
#1577-d197 @A: 34 26 23 10 | 02
#1578-d197 @A: 11 10 34 06 | 06
#1579-d197 @A: 10 22 34 01 | 11
#1580-d197 @A: 10 34 31 16 | 10
#1581-d197 @A: 03 25 09 34 | 03
#1582-d197 @A: 18 02 34 08 | 01
#1583-d197 @A: 22 34 08 16 | 09
#1584-d197 @A: 07 34 11 18 | 12
#1585-d197 @A: 05 34 04 26 | 07
#1586-d197 @A: 13 34 22 31 | 04
#1587-d197 @A: 34 30 32 24 | 08
#1588-d197 @A: 32 26 33 34 | 05
#1589-d197 @A: 34 22 17 03 | 02
#1590-d197 @A: 27 35 15 02 | 06
#1591-d197 @A: 35 05 30 15 | 11
#1592-d197 @A: 02 15 25 33 | 10
#1593-d197 @A: 15 18 11 03 | 03
#1594-d197 @A: 18 15 19 14 | 01
#1595-d197 @A: 20 01 31 15 | 09
#1596-d197 @A: 20 27 15 24 | 12
#1597-d197 @A: 05 13 15 20 | 07
#1598-d197 @A: 05 33 15 04 | 04
#1599-d197 @A: 03 15 31 30 | 08
#1600-d197 @A: 10 29 13 18 | 05
#1601-d197 @A: 22 25 20 29 | 02
#1602-d197 @A: 06 25 29 28 | 06
#1603-d197 @A: 11 09 19 29 | 11
#1604-d197 @A: 11 20 29 24 | 10
#1605-d197 @A: 01 29 17 30 | 03
#1606-d197 @A: 17 27 26 29 | 01
#1607-d197 @A: 29 17 04 03 | 09
#1608-d197 @A: 18 07 10 35 | 12
#1609-d197 @A: 10 04 03 35 | 07
#1610-d197 @A: 35 26 27 25 | 04
#1611-d197 @A: 16 18 35 33 | 08
#1612-d197 @A: 19 30 35 01 | 05
#1613-d197 @A: 35 17 01 06 | 02
#1614-d197 @A: 33 27 35 05 | 06
#1615-d197 @A: 14 05 31 35 | 11
#1616-d197 @A: 30 07 13 35 | 10
#1617-d197 @A: 03 13 09 35 | 03
#1618-d197 @A: 04 32 26 35 | 01
#1619-d197 @A: 08 10 18 03 | 09
#1620-d197 @A: 10 08 23 33 | 12
#1621-d197 @A: 01 10 28 18 | 07
#1622-d197 @A: 14 10 18 05 | 04
#1623-d197 @A: 01 07 10 11 | 08
#1624-d197 @A: 04 10 01 16 | 05
#1625-d197 @A: 10 16 05 06 | 02
#1626-d197 @A: 10 30 28 33 | 06
#1627-d197 @A: 04 32 10 02 | 11
#1628-d197 @A: 24 07 17 10 | 10
#1629-d197 @A: 08 25 11 32 | 03
#1630-d197 @A: 07 25 08 20 | 01
#1631-d197 @A: 25 31 08 28 | 09
#1632-d197 @A: 30 23 18 25 | 12
#1633-d197 @A: 18 27 01 25 | 07
#1634-d197 @A: 32 05 18 25 | 04
#1635-d197 @A: 04 25 32 01 | 08
#1636-d197 @A: 14 22 30 25 | 05
#1637-d197 @A: 25 26 33 30 | 02
#1638-d197 @A: 14 33 25 09 | 06
#1639-d197 @A: 25 07 04 14 | 11
#1640-d197 @A: 25 03 33 32 | 10
#1641-d197 @A: 33 07 22 25 | 03
#1642-d197 @A: 08 18 19 06 | 01
#1643-d197 @A: 23 14 08 30 | 09
#1644-d197 @A: 01 24 09 08 | 12
#1645-d197 @A: 27 14 08 09 | 07
#1646-d197 @A: 08 16 05 24 | 04
#1647-d197 @A: 31 16 08 19 | 08
#1648-d197 @A: 08 20 28 22 | 05
#1649-d197 @A: 30 08 22 02 | 02
#1650-d197 @A: 01 18 06 13 | 06
#1651-d197 @A: 27 05 22 18 | 11
#1652-d197 @A: 30 18 03 17 | 10
#1653-d197 @A: 18 22 24 06 | 03
#1654-d197 @A: 33 18 24 03 | 01
#1655-d197 @A: 16 23 17 11 | 09
#1656-d197 @A: 28 11 23 24 | 12
#1657-d197 @A: 02 05 01 23 | 07
#1658-d197 @A: 26 05 20 23 | 04
#1659-d197 @A: 23 14 02 32 | 08
#1660-d197 @A: 02 23 07 24 | 05
#1661-d197 @A: 09 07 04 23 | 02
#1662-d197 @A: 22 01 11 28 | 06
#1663-d197 @A: 32 05 27 11 | 11
#1664-d197 @A: 26 19 27 11 | 10
#1665-d197 @A: 02 11 20 28 | 03
#1666-d197 @A: 33 11 31 26 | 01
#1667-d197 @A: 30 06 03 11 | 09
#1668-d197 @A: 24 09 11 06 | 12
#1669-d197 @A: 09 04 11 28 | 07
#1670-d197 @A: 22 01 09 27 | 04
#1671-d197 @A: 05 30 01 31 | 08
#1672-d197 @A: 05 28 01 13 | 05
#1673-d197 @A: 09 03 01 30 | 02
#1674-d197 @A: 33 01 06 02 | 06
#1675-d197 @A: 07 33 26 01 | 11
#1676-d197 @A: 31 27 05 16 | 10
#1677-d197 @A: 19 05 20 27 | 03
#1678-d197 @A: 27 16 03 32 | 01
#1679-d197 @A: 04 27 06 13 | 09
#1680-d197 @A: 05 26 30 17 | 12
#1681-d197 @A: 03 30 05 32 | 07
#1682-d197 @A: 24 16 32 31 | 04
#1683-d197 @A: 16 14 13 04 | 08
#1684-d197 @A: 16 13 24 22 | 05
#1685-d197 @A: 02 16 28 07 | 02
#1686-d197 @A: 17 33 20 14 | 06
#1687-d197 @A: 20 03 02 32 | 11
#1688-d197 @A: 33 32 20 07 | 10
#1689-d197 @A: 28 22 32 26 | 03
