#0001-d111 @A: 25 21 31 14 | 06
#0002-d111 @A: 31 32 25 08 | 04
#0003-d111 @A: 28 25 29 31 | 07
#0004-d111 @A: 17 31 21 22 | 11
#0005-d111 @A: 21 31 15 02 | 12
#0006-d111 @A: 35 31 13 32 | 01
#0007-d111 @A: 32 16 07 31 | 09
#0008-d111 @A: 32 31 17 10 | 03
#0009-d111 @A: 01 18 08 31 | 10
#0010-d111 @A: 31 09 22 13 | 08
#0011-d111 @A: 31 19 09 28 | 05
#0012-d111 @A: 01 29 31 12 | 02
#0013-d111 @A: 09 31 33 10 | 06
#0014-d111 @A: 27 31 35 09 | 04
#0015-d111 @A: 31 30 20 14 | 07
#0016-d111 @A: 26 31 24 14 | 11
#0017-d111 @A: 31 30 18 24 | 12
#0018-d111 @A: 31 33 01 30 | 01
#0019-d111 @A: 25 05 09 11 | 09
#0020-d111 @A: 11 30 04 32 | 03
#0021-d111 @A: 28 11 01 04 | 10
#0022-d111 @A: 02 06 05 11 | 08
#0023-d111 @A: 19 11 09 21 | 05
#0024-d111 @A: 08 27 11 32 | 02
#0025-d111 @A: 18 11 08 06 | 06
#0026-d111 @A: 14 11 24 03 | 04
#0027-d111 @A: 11 03 12 30 | 07
#0028-d111 @A: 16 23 35 11 | 11
#0029-d111 @A: 29 15 11 09 | 12
#0030-d111 @A: 27 11 35 29 | 01
#0031-d111 @A: 09 26 11 01 | 09
#0032-d111 @A: 35 02 01 11 | 03
#0033-d111 @A: 17 25 08 04 | 10
#0034-d111 @A: 04 19 20 25 | 08
#0035-d111 @A: 05 26 21 25 | 05
#0036-d111 @A: 27 05 16 25 | 02
#0037-d111 @A: 25 35 05 17 | 06
#0038-d111 @A: 19 25 35 21 | 04
#0039-d111 @A: 20 30 21 25 | 07
#0040-d111 @A: 08 25 23 28 | 11
#0041-d111 @A: 06 24 25 13 | 12
#0042-d111 @A: 25 18 22 27 | 01
#0043-d111 @A: 28 15 14 25 | 09
#0044-d111 @A: 25 06 15 07 | 03
#0045-d111 @A: 35 18 25 10 | 10
#0046-d111 @A: 25 10 17 12 | 08
#0047-d111 @A: 25 24 10 30 | 05
#0048-d111 @A: 35 25 27 12 | 02
#0049-d111 @A: 33 04 13 05 | 06
#0050-d111 @A: 08 32 13 04 | 04
#0051-d111 @A: 04 24 32 34 | 07
#0052-d111 @A: 04 09 19 32 | 11
#0053-d111 @A: 08 23 01 04 | 12
#0054-d111 @A: 13 03 29 04 | 01
#0055-d111 @A: 03 23 04 14 | 09
#0056-d111 @A: 04 26 34 23 | 03
#0057-d111 @A: 22 04 28 23 | 10
#0058-d111 @A: 19 04 12 22 | 08
#0059-d111 @A: 04 22 29 07 | 05
#0060-d111 @A: 04 24 15 07 | 02
#0061-d111 @A: 04 29 12 09 | 06
#0062-d111 @A: 04 02 12 18 | 04
#0063-d111 @A: 14 21 34 05 | 07
#0064-d111 @A: 13 05 32 23 | 11
#0065-d111 @A: 17 05 02 32 | 12
#0066-d111 @A: 03 23 07 05 | 01
#0067-d111 @A: 24 05 16 15 | 09
#0068-d111 @A: 28 06 05 24 | 03
#0069-d111 @A: 07 05 15 17 | 10
#0070-d111 @A: 05 26 29 10 | 08
#0071-d111 @A: 05 09 14 35 | 05
#0072-d111 @A: 33 05 12 01 | 02
#0073-d111 @A: 32 07 21 13 | 06
#0074-d111 @A: 15 26 13 21 | 04
#0075-d111 @A: 17 23 03 21 | 07
#0076-d111 @A: 34 28 01 21 | 11
#0077-d111 @A: 24 15 34 21 | 12
#0078-d111 @A: 34 21 12 29 | 01
#0079-d111 @A: 21 24 18 19 | 09
#0080-d111 @A: 27 21 29 02 | 03
#0081-d111 @A: 21 30 29 24 | 10
#0082-d111 @A: 24 32 14 08 | 08
#0083-d111 @A: 14 13 32 17 | 05
#0084-d111 @A: 20 32 01 13 | 02
#0085-d111 @A: 32 13 26 12 | 06
#0086-d111 @A: 14 34 32 01 | 04
#0087-d111 @A: 30 34 35 32 | 07
#0088-d111 @A: 32 18 16 28 | 11
#0089-d111 @A: 16 24 17 32 | 12
#0090-d111 @A: 32 14 19 28 | 01
#0091-d111 @A: 19 02 01 32 | 09
#0092-d111 @A: 02 26 14 32 | 03
#0093-d111 @A: 26 17 32 35 | 10
#0094-d111 @A: 01 17 32 27 | 08
#0095-d111 @A: 19 08 22 30 | 05
#0096-d111 @A: 08 07 23 01 | 02
#0097-d111 @A: 08 28 35 15 | 06
#0098-d111 @A: 26 10 14 08 | 04
#0099-d111 @A: 10 08 33 07 | 07
#0100-d111 @A: 24 08 20 02 | 11
#0101-d111 @A: 13 07 03 30 | 12
#0102-d111 @A: 33 28 13 16 | 01
#0103-d111 @A: 17 13 10 18 | 09
#0104-d111 @A: 03 02 16 22 | 03
#0105-d111 @A: 17 22 03 15 | 10
#0106-d111 @A: 03 23 35 15 | 08
#0107-d111 @A: 06 03 27 28 | 05
#0108-d111 @A: 27 20 35 03 | 02
#0109-d111 @A: 20 02 03 07 | 06
#0110-d111 @A: 03 01 18 35 | 04
#0111-d111 @A: 30 03 33 35 | 07
#0112-d111 @A: 16 22 09 34 | 11
#0113-d111 @A: 01 34 35 12 | 12
#0114-d111 @A: 06 16 33 23 | 01
#0115-d111 @A: 16 06 10 28 | 09
#0116-d111 @A: 14 16 09 33 | 03
#0117-d111 @A: 20 16 07 09 | 10
#0118-d111 @A: 16 09 02 30 | 08
#0119-d111 @A: 30 20 26 16 | 05
#0120-d111 @A: 18 02 16 07 | 02
#0121-d111 @A: 16 35 17 02 | 06
#0122-d111 @A: 19 10 22 23 | 04
#0123-d111 @A: 28 15 22 01 | 07
#0124-d111 @A: 22 12 30 09 | 11
#0125-d111 @A: 02 22 20 10 | 12
#0126-d111 @A: 24 27 10 22 | 01
#0127-d111 @A: 22 10 12 01 | 09
#0128-d111 @A: 26 22 35 30 | 03
#0129-d111 @A: 07 12 24 22 | 10
#0130-d111 @A: 23 01 15 26 | 08
#0131-d111 @A: 18 29 12 23 | 05
#0132-d111 @A: 07 23 09 18 | 02
#0133-d111 @A: 23 33 14 10 | 06
#0134-d111 @A: 19 28 06 35 | 04
#0135-d111 @A: 07 14 28 01 | 07
#0136-d111 @A: 07 28 33 20 | 11
#0137-d111 @A: 30 18 28 07 | 12
#0138-d111 @A: 29 27 12 15 | 01
#0139-d111 @A: 33 26 09 15 | 09
#0140-d111 @A: 15 12 20 02 | 03
#0141-d111 @A: 27 15 24 33 | 10
#0142-d111 @A: 06 10 26 02 | 08
#0143-d111 @A: 06 35 02 12 | 05
#0144-d111 @A: 24 26 27 06 | 02
#0145-d111 @A: 07 10 30 14 | 06
#0146-d111 @A: 31 08 11 17 | 04
#0147-d111 @A: 29 11 31 19 | 07
#0148-d111 @A: 11 12 15 31 | 11
#0149-d111 @A: 31 11 33 06 | 12
#0150-d111 @A: 03 25 31 20 | 01
#0151-d111 @A: 33 23 25 31 | 09
#0152-d111 @A: 25 19 18 31 | 03
#0153-d111 @A: 21 31 29 16 | 10
#0154-d111 @A: 31 32 29 34 | 08
#0155-d111 @A: 27 13 31 08 | 05
#0156-d111 @A: 26 31 33 13 | 02
#0157-d111 @A: 31 17 23 06 | 06
#0158-d111 @A: 02 09 31 24 | 04
#0159-d111 @A: 16 25 33 11 | 07
#0160-d111 @A: 35 25 28 11 | 11
#0161-d111 @A: 03 04 09 11 | 12
#0162-d111 @A: 28 11 33 05 | 01
#0163-d111 @A: 11 17 06 32 | 09
#0164-d111 @A: 11 02 08 16 | 03
#0165-d111 @A: 11 08 22 01 | 10
#0166-d111 @A: 20 03 13 11 | 08
#0167-d111 @A: 12 11 23 13 | 05
#0168-d111 @A: 22 14 28 11 | 02
#0169-d111 @A: 12 11 02 22 | 06
#0170-d111 @A: 11 09 30 24 | 04
#0171-d111 @A: 11 10 20 27 | 07
#0172-d111 @A: 24 11 26 20 | 11
#0173-d111 @A: 04 27 13 25 | 12
#0174-d111 @A: 25 04 07 03 | 01
#0175-d111 @A: 33 05 25 15 | 09
#0176-d111 @A: 08 25 01 21 | 03
#0177-d111 @A: 03 32 02 25 | 10
#0178-d111 @A: 15 08 25 18 | 08
#0179-d111 @A: 35 08 29 25 | 05
#0180-d111 @A: 25 13 26 23 | 02
#0181-d111 @A: 30 25 34 23 | 06
#0182-d111 @A: 09 28 16 25 | 04
#0183-d111 @A: 17 16 25 15 | 07
#0184-d111 @A: 33 25 01 14 | 11
#0185-d111 @A: 18 25 07 27 | 12
#0186-d111 @A: 04 28 32 35 | 01
#0187-d111 @A: 24 04 09 08 | 09
#0188-d111 @A: 13 26 04 09 | 03
#0189-d111 @A: 13 01 35 04 | 10
#0190-d111 @A: 27 22 35 04 | 08
#0191-d111 @A: 06 23 04 12 | 05
#0192-d111 @A: 24 04 23 17 | 02
#0193-d111 @A: 19 02 04 06 | 06
#0194-d111 @A: 10 04 35 30 | 04
#0195-d111 @A: 04 35 14 18 | 07
#0196-d111 @A: 12 24 04 27 | 11
#0197-d111 @A: 19 08 05 18 | 12
#0198-d111 @A: 08 15 26 05 | 01
#0199-d111 @A: 08 07 14 05 | 09
#0200-d111 @A: 13 28 05 01 | 03
#0201-d111 @A: 34 05 03 27 | 10
#0202-d111 @A: 15 03 05 06 | 08
#0203-d111 @A: 05 12 09 18 | 05
#0204-d111 @A: 05 17 24 14 | 02
#0205-d111 @A: 18 07 12 05 | 06
#0206-d111 @A: 28 13 21 35 | 04
#0207-d111 @A: 03 21 22 24 | 07
#0208-d111 @A: 02 03 21 19 | 11
#0209-d111 @A: 21 03 15 30 | 12
#0210-d111 @A: 02 21 23 28 | 01
#0211-d111 @A: 29 07 21 02 | 09
#0212-d111 @A: 21 17 18 26 | 03
#0213-d111 @A: 01 12 21 18 | 10
#0214-d111 @A: 21 35 17 12 | 08
#0215-d111 @A: 06 32 13 33 | 05
#0216-d111 @A: 32 06 07 28 | 02
#0217-d111 @A: 32 10 33 02 | 06
#0218-d111 @A: 14 32 18 07 | 04
#0219-d111 @A: 08 30 01 03 | 07
#0220-d111 @A: 10 24 08 28 | 11
#0221-d111 @A: 01 06 08 07 | 12
#0222-d111 @A: 08 33 09 35 | 01
#0223-d111 @A: 12 08 35 18 | 09
#0224-d111 @A: 07 17 08 26 | 03
#0225-d111 @A: 15 29 19 13 | 10
#0226-d111 @A: 29 33 13 20 | 08
#0227-d111 @A: 29 17 13 26 | 05
#0228-d111 @A: 13 18 33 09 | 02
#0229-d111 @A: 13 02 35 09 | 06
#0230-d111 @A: 01 10 13 27 | 04
#0231-d111 @A: 17 12 13 30 | 07
#0232-d111 @A: 34 03 24 16 | 11
#0233-d111 @A: 03 16 28 14 | 12
#0234-d111 @A: 23 06 18 03 | 01
#0235-d111 @A: 24 35 03 28 | 09
#0236-d111 @A: 06 12 19 03 | 03
#0237-d111 @A: 01 14 03 10 | 10
#0238-d111 @A: 17 03 10 20 | 08
#0239-d111 @A: 27 03 07 24 | 05
#0240-d111 @A: 34 26 16 06 | 02
#0241-d111 @A: 34 18 20 16 | 06
#0242-d111 @A: 27 22 34 19 | 04
#0243-d111 @A: 34 19 17 09 | 07
#0244-d111 @A: 14 34 18 33 | 11
#0245-d111 @A: 34 33 26 35 | 12
#0246-d111 @A: 33 22 16 07 | 01
#0247-d111 @A: 14 29 16 23 | 09
#0248-d111 @A: 16 12 30 29 | 03
#0249-d111 @A: 16 01 09 12 | 10
#0250-d111 @A: 14 02 16 20 | 08
#0251-d111 @A: 30 16 35 24 | 05
#0252-d111 @A: 17 12 16 27 | 02
#0253-d111 @A: 24 33 01 16 | 06
#0254-d111 @A: 02 15 22 19 | 04
#0255-d111 @A: 35 29 22 01 | 07
#0256-d111 @A: 02 07 22 10 | 11
#0257-d111 @A: 22 01 20 17 | 12
#0258-d111 @A: 26 23 35 29 | 01
#0259-d111 @A: 29 01 02 23 | 09
#0260-d111 @A: 10 12 23 26 | 03
#0261-d111 @A: 17 12 14 23 | 10
#0262-d111 @A: 12 28 33 10 | 08
#0263-d111 @A: 33 35 14 28 | 05
#0264-d111 @A: 14 28 27 24 | 02
#0265-d111 @A: 27 19 29 33 | 06
#0266-d111 @A: 12 18 26 19 | 04
#0267-d111 @A: 29 33 01 15 | 07
#0268-d111 @A: 24 26 15 10 | 11
#0269-d111 @A: 07 06 09 02 | 12
#0270-d111 @A: 30 06 09 26 | 01
#0271-d111 @A: 06 33 30 14 | 09
#0272-d111 @A: 06 24 14 07 | 03
#0273-d111 @A: 20 06 24 17 | 10
#0274-d111 @A: 06 18 26 33 | 08
#0275-d111 @A: 18 12 30 06 | 05
#0276-d111 @A: 20 12 07 29 | 02
#0277-d111 @A: 30 09 07 01 | 06
#0278-d111 @A: 25 31 11 24 | 04
#0279-d111 @A: 13 11 21 31 | 07
#0280-d111 @A: 31 12 25 30 | 11
#0281-d111 @A: 04 24 03 31 | 12
#0282-d111 @A: 31 21 33 08 | 01
#0283-d111 @A: 01 32 31 06 | 09
#0284-d111 @A: 31 13 20 17 | 03
#0285-d111 @A: 31 22 19 14 | 10
#0286-d111 @A: 35 28 31 10 | 08
#0287-d111 @A: 09 31 18 26 | 05
#0288-d111 @A: 04 25 11 29 | 02
#0289-d111 @A: 25 11 34 01 | 06
#0290-d111 @A: 11 20 04 16 | 04
#0291-d111 @A: 11 26 21 14 | 07
#0292-d111 @A: 21 11 17 20 | 11
#0293-d111 @A: 11 33 21 12 | 12
#0294-d111 @A: 13 35 07 11 | 01
#0295-d111 @A: 17 34 22 11 | 09
#0296-d111 @A: 09 22 23 11 | 03
#0297-d111 @A: 33 22 15 11 | 10
#0298-d111 @A: 28 11 19 18 | 08
#0299-d111 @A: 07 02 11 19 | 05
#0300-d111 @A: 11 09 17 12 | 02
#0301-d111 @A: 18 30 35 11 | 06
#0302-d111 @A: 24 11 35 12 | 04
#0303-d111 @A: 27 02 11 30 | 07
#0304-d111 @A: 25 33 22 32 | 11
#0305-d111 @A: 33 13 25 19 | 12
#0306-d111 @A: 06 22 35 25 | 01
#0307-d111 @A: 12 25 02 19 | 09
#0308-d111 @A: 06 10 25 33 | 03
#0309-d111 @A: 33 25 09 29 | 10
#0310-d111 @A: 01 25 09 18 | 08
#0311-d111 @A: 17 25 09 24 | 05
#0312-d111 @A: 24 18 25 14 | 02
#0313-d111 @A: 33 25 17 20 | 06
#0314-d111 @A: 16 26 04 05 | 04
#0315-d111 @A: 22 20 05 04 | 07
#0316-d111 @A: 12 04 28 08 | 11
#0317-d111 @A: 13 23 02 04 | 12
#0318-d111 @A: 19 04 17 03 | 01
#0319-d111 @A: 03 01 04 02 | 09
#0320-d111 @A: 04 28 24 16 | 03
#0321-d111 @A: 19 04 01 15 | 10
#0322-d111 @A: 35 29 04 17 | 08
#0323-d111 @A: 26 20 33 04 | 05
#0324-d111 @A: 13 05 21 20 | 02
#0325-d111 @A: 10 21 05 03 | 06
#0326-d111 @A: 29 19 21 05 | 04
#0327-d111 @A: 12 05 27 32 | 07
#0328-d111 @A: 28 05 08 22 | 11
#0329-d111 @A: 33 06 08 05 | 12
#0330-d111 @A: 05 12 15 13 | 01
#0331-d111 @A: 13 09 10 05 | 09
#0332-d111 @A: 15 18 34 05 | 03
#0333-d111 @A: 09 22 05 19 | 10
#0334-d111 @A: 23 02 35 05 | 08
#0335-d111 @A: 05 29 28 35 | 05
#0336-d111 @A: 28 05 27 18 | 02
#0337-d111 @A: 29 19 07 05 | 06
#0338-d111 @A: 10 05 20 01 | 04
#0339-d111 @A: 05 17 33 10 | 07
#0340-d111 @A: 07 02 05 27 | 11
#0341-d111 @A: 30 32 28 21 | 12
#0342-d111 @A: 12 21 06 32 | 01
#0343-d111 @A: 16 21 08 30 | 09
#0344-d111 @A: 21 20 08 06 | 03
#0345-d111 @A: 13 21 27 23 | 10
#0346-d111 @A: 21 23 10 34 | 08
#0347-d111 @A: 09 34 21 33 | 05
#0348-d111 @A: 07 21 26 22 | 02
#0349-d111 @A: 28 19 21 17 | 06
#0350-d111 @A: 21 24 02 35 | 04
#0351-d111 @A: 33 08 32 34 | 07
#0352-d111 @A: 32 03 15 24 | 11
#0353-d111 @A: 32 35 16 19 | 12
#0354-d111 @A: 32 09 22 28 | 01
#0355-d111 @A: 32 20 14 09 | 09
#0356-d111 @A: 12 09 32 02 | 03
#0357-d111 @A: 27 10 18 32 | 10
#0358-d111 @A: 12 30 32 01 | 08
#0359-d111 @A: 08 13 34 18 | 05
#0360-d111 @A: 13 08 07 29 | 02
#0361-d111 @A: 13 09 08 20 | 06
#0362-d111 @A: 08 34 16 14 | 04
#0363-d111 @A: 16 29 08 01 | 07
#0364-d111 @A: 27 22 29 08 | 11
#0365-d111 @A: 08 20 18 28 | 12
#0366-d111 @A: 33 20 10 08 | 01
#0367-d111 @A: 26 08 18 30 | 09
#0368-d111 @A: 27 08 01 35 | 03
#0369-d111 @A: 03 28 13 10 | 10
#0370-d111 @A: 14 15 03 13 | 08
#0371-d111 @A: 13 07 34 27 | 05
#0372-d111 @A: 13 16 09 23 | 02
#0373-d111 @A: 23 13 18 28 | 06
#0374-d111 @A: 19 13 06 18 | 04
#0375-d111 @A: 30 13 10 26 | 07
#0376-d111 @A: 20 14 27 13 | 11
#0377-d111 @A: 28 03 07 16 | 12
#0378-d111 @A: 20 22 03 06 | 01
#0379-d111 @A: 28 03 15 02 | 09
#0380-d111 @A: 03 35 19 26 | 03
#0381-d111 @A: 07 03 06 12 | 10
#0382-d111 @A: 18 07 03 10 | 08
#0383-d111 @A: 17 03 18 27 | 05
#0384-d111 @A: 03 26 01 33 | 02
#0385-d111 @A: 14 28 34 23 | 06
#0386-d111 @A: 15 34 23 20 | 04
#0387-d111 @A: 34 20 12 24 | 07
#0388-d111 @A: 24 07 34 01 | 11
#0389-d111 @A: 16 06 24 22 | 12
#0390-d111 @A: 16 29 02 18 | 01
#0391-d111 @A: 16 10 09 20 | 09
#0392-d111 @A: 22 33 30 28 | 03
#0393-d111 @A: 19 33 06 22 | 10
#0394-d111 @A: 15 26 22 20 | 08
#0395-d111 @A: 09 22 10 35 | 05
#0396-d111 @A: 14 22 10 17 | 02
#0397-d111 @A: 33 12 22 17 | 06
#0398-d111 @A: 07 28 23 35 | 04
#0399-d111 @A: 19 15 23 09 | 07
#0400-d111 @A: 23 01 35 09 | 11
#0401-d111 @A: 09 27 12 23 | 12
#0402-d111 @A: 23 35 10 17 | 01
#0403-d111 @A: 23 01 14 20 | 09
#0404-d111 @A: 18 28 10 30 | 03
#0405-d111 @A: 14 02 18 28 | 10
#0406-d111 @A: 27 02 28 33 | 08
#0407-d111 @A: 19 27 10 26 | 05
#0408-d111 @A: 24 20 07 19 | 02
#0409-d111 @A: 15 29 06 02 | 06
#0410-d111 @A: 15 29 20 10 | 04
#0411-d111 @A: 09 30 14 15 | 07
#0412-d111 @A: 10 15 18 12 | 11
#0413-d111 @A: 02 10 30 15 | 12
#0414-d111 @A: 17 24 15 02 | 01
#0415-d111 @A: 06 18 10 29 | 09
#0416-d111 @A: 06 33 35 29 | 03
#0417-d111 @A: 29 12 26 06 | 10
#0418-d111 @A: 12 06 20 09 | 08
#0419-d111 @A: 06 17 35 27 | 05
#0420-d111 @A: 29 14 07 27 | 02
#0421-d111 @A: 26 31 22 11 | 06
#0422-d111 @A: 28 11 31 27 | 04
#0423-d111 @A: 13 31 01 25 | 07
#0424-d111 @A: 32 31 02 04 | 11
#0425-d111 @A: 29 23 31 04 | 12
#0426-d111 @A: 05 32 28 31 | 01
#0427-d111 @A: 31 05 34 09 | 09
#0428-d111 @A: 16 32 27 31 | 03
#0429-d111 @A: 31 08 29 03 | 10
#0430-d111 @A: 35 31 34 08 | 08
#0431-d111 @A: 28 31 08 26 | 05
#0432-d111 @A: 31 02 08 19 | 02
#0433-d111 @A: 31 26 34 10 | 06
#0434-d111 @A: 29 23 31 07 | 04
#0435-d111 @A: 15 20 28 31 | 07
#0436-d111 @A: 31 28 18 33 | 11
#0437-d111 @A: 11 25 08 14 | 12
#0438-d111 @A: 11 03 17 25 | 01
#0439-d111 @A: 04 11 21 22 | 09
#0440-d111 @A: 23 04 11 27 | 03
#0441-d111 @A: 32 05 11 18 | 10
#0442-d111 @A: 26 05 11 13 | 08
#0443-d111 @A: 02 20 32 11 | 05
#0444-d111 @A: 34 11 07 10 | 02
#0445-d111 @A: 16 27 09 11 | 06
#0446-d111 @A: 35 11 19 22 | 04
#0447-d111 @A: 30 17 23 11 | 07
#0448-d111 @A: 06 28 20 11 | 11
#0449-d111 @A: 07 11 12 28 | 12
#0450-d111 @A: 01 20 11 29 | 01
#0451-d111 @A: 18 11 09 02 | 09
#0452-d111 @A: 11 17 35 33 | 03
#0453-d111 @A: 25 16 02 04 | 10
#0454-d111 @A: 25 15 04 06 | 08
#0455-d111 @A: 22 03 05 25 | 05
#0456-d111 @A: 07 05 25 10 | 02
#0457-d111 @A: 25 09 13 32 | 06
#0458-d111 @A: 25 09 32 07 | 04
#0459-d111 @A: 08 10 22 25 | 07
#0460-d111 @A: 13 15 25 20 | 11
#0461-d111 @A: 34 19 10 25 | 12
#0462-d111 @A: 29 34 07 25 | 01
#0463-d111 @A: 01 07 16 25 | 09
#0464-d111 @A: 01 23 25 22 | 03
#0465-d111 @A: 12 25 22 28 | 10
#0466-d111 @A: 09 06 19 25 | 08
#0467-d111 @A: 26 02 25 30 | 05
#0468-d111 @A: 05 09 04 17 | 02
#0469-d111 @A: 01 27 04 05 | 06
#0470-d111 @A: 23 35 21 04 | 04
#0471-d111 @A: 17 21 15 04 | 07
#0472-d111 @A: 13 22 34 04 | 11
#0473-d111 @A: 10 19 04 13 | 12
#0474-d111 @A: 03 06 10 04 | 01
#0475-d111 @A: 15 04 14 12 | 09
#0476-d111 @A: 01 04 10 33 | 03
#0477-d111 @A: 04 14 33 17 | 10
#0478-d111 @A: 18 17 04 20 | 08
#0479-d111 @A: 22 21 33 05 | 05
#0480-d111 @A: 13 05 22 02 | 02
#0481-d111 @A: 19 13 27 05 | 06
#0482-d111 @A: 02 03 24 05 | 04
#0483-d111 @A: 19 23 05 16 | 07
#0484-d111 @A: 22 35 12 05 | 11
#0485-d111 @A: 30 23 05 18 | 12
#0486-d111 @A: 29 02 05 33 | 01
#0487-d111 @A: 33 09 30 05 | 09
#0488-d111 @A: 33 05 26 14 | 03
#0489-d111 @A: 02 30 01 05 | 10
#0490-d111 @A: 05 33 26 07 | 08
#0491-d111 @A: 33 21 32 23 | 05
#0492-d111 @A: 21 18 08 23 | 02
#0493-d111 @A: 06 03 21 26 | 06
#0494-d111 @A: 21 26 34 22 | 04
#0495-d111 @A: 33 15 21 16 | 07
#0496-d111 @A: 18 21 15 35 | 11
#0497-d111 @A: 21 02 09 20 | 12
#0498-d111 @A: 21 35 14 27 | 01
#0499-d111 @A: 21 12 02 14 | 09
#0500-d111 @A: 32 08 03 12 | 03
#0501-d111 @A: 13 27 03 32 | 10
#0502-d111 @A: 27 32 19 20 | 08
#0503-d111 @A: 35 15 09 32 | 05
#0504-d111 @A: 33 09 32 17 | 02
#0505-d111 @A: 35 32 10 01 | 06
#0506-d111 @A: 32 14 35 12 | 04
#0507-d111 @A: 17 18 32 12 | 07
#0508-d111 @A: 28 08 30 13 | 11
#0509-d111 @A: 24 08 22 34 | 12
#0510-d111 @A: 34 27 08 23 | 01
#0511-d111 @A: 08 34 28 02 | 09
#0512-d111 @A: 16 12 08 22 | 03
#0513-d111 @A: 28 16 08 27 | 10
#0514-d111 @A: 15 07 22 08 | 08
#0515-d111 @A: 22 17 08 26 | 05
#0516-d111 @A: 20 35 23 08 | 02
#0517-d111 @A: 15 08 14 19 | 06
#0518-d111 @A: 33 14 29 08 | 04
#0519-d111 @A: 12 10 09 08 | 07
#0520-d111 @A: 26 33 08 12 | 11
#0521-d111 @A: 13 07 19 16 | 12
#0522-d111 @A: 13 12 24 22 | 01
#0523-d111 @A: 35 17 13 19 | 09
#0524-d111 @A: 06 13 07 33 | 03
#0525-d111 @A: 13 14 24 33 | 10
#0526-d111 @A: 02 13 24 07 | 08
#0527-d111 @A: 16 06 29 03 | 05
#0528-d111 @A: 18 28 09 03 | 02
#0529-d111 @A: 10 15 33 03 | 06
#0530-d111 @A: 10 03 29 09 | 04
#0531-d111 @A: 03 29 35 07 | 07
#0532-d111 @A: 24 33 03 29 | 11
#0533-d111 @A: 03 01 20 12 | 12
#0534-d111 @A: 12 03 26 17 | 01
#0535-d111 @A: 18 28 06 34 | 09
#0536-d111 @A: 34 02 29 35 | 03
#0537-d111 @A: 34 27 01 29 | 10
#0538-d111 @A: 09 34 12 26 | 08
#0539-d111 @A: 34 26 17 30 | 05
#0540-d111 @A: 22 20 28 16 | 02
#0541-d111 @A: 27 07 23 16 | 06
#0542-d111 @A: 30 33 16 10 | 04
#0543-d111 @A: 16 26 02 24 | 07
#0544-d111 @A: 16 26 27 01 | 11
#0545-d111 @A: 30 22 15 23 | 12
#0546-d111 @A: 33 22 10 26 | 01
#0547-d111 @A: 30 23 29 33 | 09
#0548-d111 @A: 23 27 10 02 | 03
#0549-d111 @A: 23 12 24 02 | 10
#0550-d111 @A: 24 23 26 30 | 08
#0551-d111 @A: 28 29 18 01 | 05
#0552-d111 @A: 10 19 14 18 | 02
#0553-d111 @A: 15 07 29 09 | 06
#0554-d111 @A: 10 35 15 27 | 04
#0555-d111 @A: 15 17 14 18 | 07
#0556-d111 @A: 17 15 35 01 | 11
#0557-d111 @A: 35 15 26 02 | 12
#0558-d111 @A: 26 30 15 12 | 01
#0559-d111 @A: 01 14 06 09 | 09
#0560-d111 @A: 27 06 12 10 | 03
#0561-d111 @A: 26 14 06 35 | 10
#0562-d111 @A: 01 20 18 06 | 08
#0563-d111 @A: 31 11 35 04 | 05
#0564-d111 @A: 02 31 11 03 | 02
#0565-d111 @A: 31 23 20 11 | 06
#0566-d111 @A: 25 31 34 22 | 04
#0567-d111 @A: 31 04 10 08 | 07
#0568-d111 @A: 06 31 04 18 | 11
#0569-d111 @A: 05 12 08 31 | 12
#0570-d111 @A: 26 21 31 30 | 01
#0571-d111 @A: 31 18 03 13 | 09
#0572-d111 @A: 13 31 02 29 | 03
#0573-d111 @A: 06 31 02 16 | 10
#0574-d111 @A: 18 12 31 16 | 08
#0575-d111 @A: 31 12 22 06 | 05
#0576-d111 @A: 19 30 23 31 | 02
#0577-d111 @A: 23 15 27 31 | 06
#0578-d111 @A: 15 31 28 07 | 04
#0579-d111 @A: 01 27 31 19 | 07
#0580-d111 @A: 18 29 35 31 | 11
#0581-d111 @A: 33 29 17 31 | 12
#0582-d111 @A: 24 31 10 01 | 01
#0583-d111 @A: 35 31 14 17 | 09
#0584-d111 @A: 27 20 24 31 | 03
#0585-d111 @A: 20 25 11 22 | 10
#0586-d111 @A: 19 11 27 25 | 08
#0587-d111 @A: 11 25 07 33 | 05
#0588-d111 @A: 16 14 11 05 | 02
#0589-d111 @A: 11 22 05 24 | 06
#0590-d111 @A: 23 05 10 11 | 04
#0591-d111 @A: 07 24 05 11 | 07
#0592-d111 @A: 30 34 21 11 | 11
#0593-d111 @A: 32 16 11 13 | 12
#0594-d111 @A: 11 34 19 32 | 01
#0595-d111 @A: 32 29 07 11 | 09
#0596-d111 @A: 15 11 03 18 | 03
#0597-d111 @A: 11 34 35 15 | 10
#0598-d111 @A: 16 11 22 29 | 08
#0599-d111 @A: 28 23 26 11 | 05
#0600-d111 @A: 11 12 10 19 | 02
#0601-d111 @A: 09 25 21 23 | 06
#0602-d111 @A: 18 25 32 34 | 04
#0603-d111 @A: 03 24 19 25 | 07
#0604-d111 @A: 27 03 26 25 | 11
#0605-d111 @A: 17 06 34 25 | 12
#0606-d111 @A: 19 17 25 22 | 01
#0607-d111 @A: 06 25 23 07 | 09
#0608-d111 @A: 27 10 09 25 | 03
#0609-d111 @A: 20 10 26 25 | 10
#0610-d111 @A: 18 33 25 12 | 08
#0611-d111 @A: 02 30 25 07 | 05
#0612-d111 @A: 27 25 30 33 | 02
#0613-d111 @A: 04 05 07 28 | 06
#0614-d111 @A: 21 14 32 04 | 04
#0615-d111 @A: 27 04 32 33 | 07
#0616-d111 @A: 04 28 13 20 | 11
#0617-d111 @A: 15 04 30 13 | 12
#0618-d111 @A: 27 03 04 16 | 01
#0619-d111 @A: 33 04 22 03 | 09
#0620-d111 @A: 04 15 34 09 | 03
#0621-d111 @A: 04 26 28 02 | 10
#0622-d111 @A: 33 35 19 04 | 08
#0623-d111 @A: 09 04 14 27 | 05
#0624-d111 @A: 01 30 09 04 | 02
#0625-d111 @A: 04 18 10 24 | 06
#0626-d111 @A: 35 12 26 04 | 04
#0627-d111 @A: 09 15 05 21 | 07
#0628-d111 @A: 05 16 32 20 | 11
#0629-d111 @A: 19 05 33 32 | 12
#0630-d111 @A: 05 29 32 06 | 01
#0631-d111 @A: 08 17 23 05 | 09
#0632-d111 @A: 03 33 05 20 | 03
#0633-d111 @A: 06 10 05 34 | 10
#0634-d111 @A: 01 16 35 05 | 08
#0635-d111 @A: 28 20 23 05 | 05
#0636-d111 @A: 15 30 28 05 | 02
#0637-d111 @A: 24 29 20 05 | 06
#0638-d111 @A: 17 05 12 20 | 04
#0639-d111 @A: 21 02 22 32 | 07
#0640-d111 @A: 08 10 13 21 | 11
#0641-d111 @A: 27 21 03 08 | 12
#0642-d111 @A: 21 19 13 34 | 01
#0643-d111 @A: 03 16 21 35 | 09
#0644-d111 @A: 14 34 07 21 | 03
#0645-d111 @A: 28 18 21 22 | 10
#0646-d111 @A: 28 21 06 33 | 08
#0647-d111 @A: 09 28 21 26 | 05
#0648-d111 @A: 24 20 33 21 | 02
#0649-d111 @A: 01 02 26 21 | 06
#0650-d111 @A: 32 22 08 18 | 04
#0651-d111 @A: 20 32 29 08 | 07
#0652-d111 @A: 23 17 15 32 | 11
#0653-d111 @A: 19 15 18 32 | 12
#0654-d111 @A: 14 10 32 30 | 01
#0655-d111 @A: 24 32 02 18 | 09
#0656-d111 @A: 23 08 16 10 | 03
#0657-d111 @A: 06 29 08 28 | 10
#0658-d111 @A: 15 33 08 17 | 08
#0659-d111 @A: 18 24 07 08 | 05
#0660-d111 @A: 30 02 08 12 | 02
#0661-d111 @A: 13 23 34 03 | 06
#0662-d111 @A: 27 34 16 13 | 04
#0663-d111 @A: 13 24 34 28 | 07
#0664-d111 @A: 35 15 13 22 | 11
#0665-d111 @A: 06 13 35 23 | 12
#0666-d111 @A: 24 20 23 13 | 01
#0667-d111 @A: 29 13 14 01 | 09
#0668-d111 @A: 18 29 13 27 | 03
#0669-d111 @A: 12 13 14 18 | 10
#0670-d111 @A: 13 24 18 35 | 08
#0671-d111 @A: 13 17 27 24 | 05
#0672-d111 @A: 01 03 17 29 | 02
#0673-d111 @A: 17 09 35 03 | 06
#0674-d111 @A: 18 20 24 03 | 04
#0675-d111 @A: 24 01 27 03 | 07
#0676-d111 @A: 34 01 23 16 | 11
#0677-d111 @A: 22 02 34 33 | 12
#0678-d111 @A: 29 09 34 30 | 01
#0679-d111 @A: 28 19 02 16 | 09
#0680-d111 @A: 15 29 28 16 | 03
#0681-d111 @A: 28 35 16 26 | 10
#0682-d111 @A: 26 33 16 19 | 08
#0683-d111 @A: 16 24 09 18 | 05
#0684-d111 @A: 16 35 12 10 | 02
#0685-d111 @A: 01 16 02 10 | 06
#0686-d111 @A: 35 16 27 18 | 04
#0687-d111 @A: 18 33 17 16 | 07
#0688-d111 @A: 33 22 23 24 | 11
#0689-d111 @A: 30 22 07 23 | 12
#0690-d111 @A: 17 28 22 06 | 01
#0691-d111 @A: 22 26 06 01 | 09
#0692-d111 @A: 14 22 24 29 | 03
#0693-d111 @A: 12 29 20 22 | 10
#0694-d111 @A: 17 22 02 29 | 08
#0695-d111 @A: 19 27 17 23 | 05
#0696-d111 @A: 20 33 23 12 | 02
#0697-d111 @A: 23 33 01 17 | 06
#0698-d111 @A: 02 29 28 12 | 04
#0699-d111 @A: 27 28 10 07 | 07
#0700-d111 @A: 33 01 28 20 | 11
#0701-d111 @A: 20 06 15 33 | 12
#0702-d111 @A: 15 09 20 18 | 01
#0703-d111 @A: 02 14 33 15 | 09
#0704-d111 @A: 01 27 18 15 | 03
#0705-d111 @A: 14 06 17 29 | 10
#0706-d111 @A: 06 02 33 09 | 08
#0707-d111 @A: 17 10 30 06 | 05
#0708-d111 @A: 06 07 17 27 | 02
#0709-d111 @A: 33 01 06 27 | 06
#0710-d111 @A: 29 18 07 01 | 04
#0711-d111 @A: 35 20 17 07 | 07
#0712-d111 @A: 33 17 07 18 | 11
#0713-d111 @A: 11 31 18 14 | 12
#0714-d111 @A: 05 31 16 33 | 01
#0715-d111 @A: 05 27 06 31 | 09
#0716-d111 @A: 21 18 31 34 | 03
#0717-d111 @A: 31 21 01 23 | 10
#0718-d111 @A: 07 34 31 06 | 08
#0719-d111 @A: 28 31 23 24 | 05
#0720-d111 @A: 31 15 29 24 | 02
#0721-d111 @A: 31 14 10 29 | 06
#0722-d111 @A: 31 33 20 02 | 04
#0723-d111 @A: 31 35 07 18 | 07
#0724-d111 @A: 24 31 17 12 | 11
#0725-d111 @A: 25 11 02 21 | 12
#0726-d111 @A: 13 11 14 04 | 01
#0727-d111 @A: 34 11 10 04 | 09
#0728-d111 @A: 04 11 17 02 | 03
#0729-d111 @A: 21 11 05 27 | 10
#0730-d111 @A: 11 12 08 34 | 08
#0731-d111 @A: 28 09 11 08 | 05
#0732-d111 @A: 03 22 27 11 | 02
#0733-d111 @A: 11 16 06 15 | 06
#0734-d111 @A: 11 17 07 22 | 04
#0735-d111 @A: 09 10 11 14 | 07
#0736-d111 @A: 10 26 35 11 | 11
#0737-d111 @A: 27 33 14 11 | 12
#0738-d111 @A: 14 01 30 11 | 01
#0739-d111 @A: 04 25 23 05 | 09
#0740-d111 @A: 25 32 01 04 | 03
#0741-d111 @A: 30 25 18 04 | 10
#0742-d111 @A: 25 28 05 10 | 08
#0743-d111 @A: 18 03 21 25 | 05
#0744-d111 @A: 25 20 32 06 | 02
#0745-d111 @A: 34 25 08 26 | 06
#0746-d111 @A: 03 35 13 25 | 04
#0747-d111 @A: 25 14 03 34 | 07
#0748-d111 @A: 03 01 16 25 | 11
#0749-d111 @A: 25 12 16 23 | 12
#0750-d111 @A: 25 06 18 16 | 01
#0751-d111 @A: 19 14 23 25 | 09
#0752-d111 @A: 25 30 19 28 | 03
#0753-d111 @A: 25 28 20 27 | 10
#0754-d111 @A: 14 27 25 29 | 08
#0755-d111 @A: 14 30 25 35 | 05
#0756-d111 @A: 17 24 07 25 | 02
#0757-d111 @A: 04 21 06 27 | 06
#0758-d111 @A: 04 21 20 07 | 04
#0759-d111 @A: 08 04 18 29 | 07
#0760-d111 @A: 34 04 35 03 | 11
#0761-d111 @A: 04 34 19 14 | 12
#0762-d111 @A: 33 06 34 04 | 01
#0763-d111 @A: 01 04 18 34 | 09
#0764-d111 @A: 07 14 04 16 | 03
#0765-d111 @A: 19 18 04 23 | 10
#0766-d111 @A: 19 04 28 27 | 08
#0767-d111 @A: 04 35 09 20 | 05
#0768-d111 @A: 30 33 12 04 | 02
#0769-d111 @A: 08 30 05 34 | 06
#0770-d111 @A: 09 08 16 05 | 04
#0771-d111 @A: 29 16 13 05 | 07
#0772-d111 @A: 18 29 03 05 | 11
#0773-d111 @A: 22 17 05 16 | 12
#0774-d111 @A: 22 30 10 05 | 01
#0775-d111 @A: 27 05 20 09 | 09
#0776-d111 @A: 05 17 09 07 | 03
#0777-d111 @A: 02 05 12 26 | 10
#0778-d111 @A: 18 32 13 21 | 08
#0779-d111 @A: 15 21 32 20 | 05
#0780-d111 @A: 07 13 12 21 | 02
#0781-d111 @A: 21 20 16 12 | 06
#0782-d111 @A: 21 19 26 23 | 04
#0783-d111 @A: 01 21 10 09 | 07
#0784-d111 @A: 10 18 33 21 | 11
#0785-d111 @A: 07 33 21 27 | 12
#0786-d111 @A: 08 32 16 26 | 01
#0787-d111 @A: 32 28 01 08 | 09
#0788-d111 @A: 10 15 32 13 | 03
#0789-d111 @A: 16 33 32 03 | 10
#0790-d111 @A: 03 22 32 07 | 08
#0791-d111 @A: 10 03 32 19 | 05
#0792-d111 @A: 32 03 06 14 | 02
#0793-d111 @A: 22 34 20 32 | 06
#0794-d111 @A: 32 09 34 23 | 04
#0795-d111 @A: 09 16 06 32 | 07
#0796-d111 @A: 32 10 23 28 | 11
#0797-d111 @A: 07 23 32 24 | 12
#0798-d111 @A: 29 32 27 09 | 01
#0799-d111 @A: 12 32 33 29 | 09
#0800-d111 @A: 20 24 10 32 | 03
#0801-d111 @A: 32 35 27 02 | 10
#0802-d111 @A: 13 03 08 02 | 08
#0803-d111 @A: 15 24 08 13 | 05
#0804-d111 @A: 16 18 08 03 | 02
#0805-d111 @A: 19 08 20 03 | 06
#0806-d111 @A: 08 03 06 24 | 04
#0807-d111 @A: 29 08 19 34 | 07
#0808-d111 @A: 15 20 16 08 | 11
#0809-d111 @A: 19 08 10 35 | 12
#0810-d111 @A: 06 08 12 17 | 01
#0811-d111 @A: 14 12 08 01 | 09
#0812-d111 @A: 08 30 24 33 | 03
#0813-d111 @A: 13 34 15 17 | 10
#0814-d111 @A: 13 06 34 12 | 08
#0815-d111 @A: 34 33 01 13 | 05
#0816-d111 @A: 07 13 15 23 | 02
#0817-d111 @A: 27 30 13 09 | 06
#0818-d111 @A: 34 30 03 22 | 04
#0819-d111 @A: 23 20 03 16 | 07
#0820-d111 @A: 22 03 19 29 | 11
#0821-d111 @A: 22 03 14 09 | 12
#0822-d111 @A: 02 03 30 23 | 01
#0823-d111 @A: 19 03 07 17 | 09
#0824-d111 @A: 12 03 14 33 | 03
#0825-d111 @A: 17 24 30 03 | 10
#0826-d111 @A: 06 34 22 14 | 08
#0827-d111 @A: 28 20 19 34 | 05
#0828-d111 @A: 17 20 34 35 | 02
#0829-d111 @A: 01 26 34 24 | 06
#0830-d111 @A: 15 12 19 16 | 04
#0831-d111 @A: 15 10 07 16 | 07
#0832-d111 @A: 02 27 16 15 | 11
#0833-d111 @A: 09 17 26 16 | 12
#0834-d111 @A: 19 22 28 24 | 01
#0835-d111 @A: 29 22 28 10 | 09
#0836-d111 @A: 22 09 24 20 | 03
#0837-d111 @A: 09 27 17 22 | 10
#0838-d111 @A: 22 02 18 01 | 08
#0839-d111 @A: 26 22 27 02 | 05
#0840-d111 @A: 28 15 06 23 | 02
#0841-d111 @A: 30 23 28 09 | 06
#0842-d111 @A: 23 12 28 01 | 04
#0843-d111 @A: 30 20 23 10 | 07
#0844-d111 @A: 23 02 07 12 | 11
#0845-d111 @A: 09 29 28 14 | 12
#0846-d111 @A: 12 26 20 28 | 01
#0847-d111 @A: 28 24 02 01 | 09
#0848-d111 @A: 26 09 20 19 | 03
#0849-d111 @A: 19 14 12 07 | 10
#0850-d111 @A: 20 18 19 33 | 08
#0851-d111 @A: 18 01 19 17 | 05
#0852-d111 @A: 35 27 19 30 | 02
#0853-d111 @A: 17 30 19 33 | 06
#0854-d111 @A: 30 33 19 07 | 04
#0855-d111 @A: 15 06 14 10 | 07
#0856-d111 @A: 18 15 24 06 | 11
#0857-d111 @A: 06 12 01 15 | 12
#0858-d111 @A: 20 15 01 07 | 01
#0859-d111 @A: 29 06 30 07 | 09
#0860-d111 @A: 06 09 17 18 | 03
#0861-d111 @A: 01 06 35 24 | 10
#0862-d111 @A: 05 31 11 01 | 08
#0863-d111 @A: 09 11 32 31 | 05
#0864-d111 @A: 15 35 25 31 | 02
#0865-d111 @A: 31 21 20 04 | 06
#0866-d111 @A: 31 32 14 33 | 04
#0867-d111 @A: 31 32 20 12 | 07
#0868-d111 @A: 08 31 22 20 | 11
#0869-d111 @A: 16 13 19 31 | 12
#0870-d111 @A: 02 31 23 34 | 01
#0871-d111 @A: 34 15 14 31 | 09
#0872-d111 @A: 28 16 31 01 | 03
#0873-d111 @A: 16 31 15 09 | 10
#0874-d111 @A: 22 31 35 23 | 08
#0875-d111 @A: 31 02 28 22 | 05
#0876-d111 @A: 27 31 33 22 | 02
#0877-d111 @A: 10 02 12 31 | 06
#0878-d111 @A: 31 07 10 26 | 04
#0879-d111 @A: 33 07 14 31 | 07
#0880-d111 @A: 02 31 17 26 | 11
#0881-d111 @A: 32 25 26 11 | 12
#0882-d111 @A: 18 11 04 33 | 01
#0883-d111 @A: 35 03 05 11 | 09
#0884-d111 @A: 15 11 21 01 | 03
#0885-d111 @A: 15 14 11 32 | 10
#0886-d111 @A: 26 11 03 08 | 08
#0887-d111 @A: 28 11 13 17 | 05
#0888-d111 @A: 34 03 33 11 | 02
#0889-d111 @A: 34 24 23 11 | 06
#0890-d111 @A: 06 19 11 26 | 04
#0891-d111 @A: 29 12 14 11 | 07
#0892-d111 @A: 30 11 29 26 | 11
#0893-d111 @A: 18 24 11 27 | 12
#0894-d111 @A: 25 04 21 33 | 01
#0895-d111 @A: 25 03 28 04 | 09
#0896-d111 @A: 34 04 25 12 | 03
#0897-d111 @A: 05 30 25 32 | 10
#0898-d111 @A: 17 21 25 13 | 08
#0899-d111 @A: 32 19 25 29 | 05
#0900-d111 @A: 15 25 32 27 | 02
#0901-d111 @A: 16 19 08 25 | 06
#0902-d111 @A: 34 13 29 25 | 04
#0903-d111 @A: 30 25 16 13 | 07
#0904-d111 @A: 22 13 14 25 | 11
#0905-d111 @A: 25 09 12 03 | 12
#0906-d111 @A: 02 34 25 15 | 01
#0907-d111 @A: 20 34 09 25 | 09
#0908-d111 @A: 07 20 25 22 | 03
#0909-d111 @A: 26 28 18 25 | 10
#0910-d111 @A: 07 25 26 19 | 08
#0911-d111 @A: 10 25 15 01 | 05
#0912-d111 @A: 25 14 35 07 | 02
#0913-d111 @A: 26 14 25 17 | 06
#0914-d111 @A: 01 25 17 30 | 04
#0915-d111 @A: 25 12 01 26 | 07
#0916-d111 @A: 05 18 04 21 | 11
#0917-d111 @A: 04 05 34 29 | 12
#0918-d111 @A: 04 21 02 34 | 01
#0919-d111 @A: 06 04 22 29 | 09
#0920-d111 @A: 23 07 33 04 | 03
#0921-d111 @A: 04 15 28 18 | 10
#0922-d111 @A: 06 10 04 07 | 08
#0923-d111 @A: 10 04 27 29 | 05
#0924-d111 @A: 01 07 17 04 | 02
#0925-d111 @A: 30 12 07 04 | 06
#0926-d111 @A: 21 17 30 05 | 04
#0927-d111 @A: 32 35 07 05 | 07
#0928-d111 @A: 06 05 13 30 | 11
#0929-d111 @A: 05 01 13 07 | 12
#0930-d111 @A: 19 05 03 14 | 01
#0931-d111 @A: 18 10 16 05 | 09
#0932-d111 @A: 23 05 09 06 | 03
#0933-d111 @A: 18 05 35 26 | 10
#0934-d111 @A: 26 05 27 30 | 08
#0935-d111 @A: 09 06 22 21 | 05
#0936-d111 @A: 21 15 19 06 | 02
#0937-d111 @A: 29 33 21 26 | 06
#0938-d111 @A: 21 27 17 33 | 04
#0939-d111 @A: 30 08 23 32 | 07
#0940-d111 @A: 32 10 06 08 | 11
#0941-d111 @A: 24 32 19 13 | 12
#0942-d111 @A: 03 17 32 34 | 01
#0943-d111 @A: 23 32 16 02 | 09
#0944-d111 @A: 32 22 19 26 | 03
#0945-d111 @A: 27 22 32 06 | 10
#0946-d111 @A: 23 24 32 06 | 08
#0947-d111 @A: 06 02 32 28 | 05
#0948-d111 @A: 30 19 32 06 | 02
#0949-d111 @A: 13 06 08 01 | 06
#0950-d111 @A: 17 03 28 08 | 04
#0951-d111 @A: 08 03 27 07 | 07
#0952-d111 @A: 09 26 27 08 | 11
#0953-d111 @A: 08 20 17 14 | 12
#0954-d111 @A: 20 08 27 12 | 01
#0955-d111 @A: 20 01 08 26 | 09
#0956-d111 @A: 02 17 08 27 | 03
#0957-d111 @A: 03 19 30 13 | 10
#0958-d111 @A: 23 17 22 13 | 08
#0959-d111 @A: 12 10 13 29 | 05
#0960-d111 @A: 29 30 35 13 | 02
#0961-d111 @A: 15 19 03 27 | 06
#0962-d111 @A: 03 10 12 24 | 04
#0963-d111 @A: 03 12 02 27 | 07
#0964-d111 @A: 12 28 16 34 | 11
#0965-d111 @A: 23 34 06 29 | 12
#0966-d111 @A: 06 34 19 01 | 01
#0967-d111 @A: 30 06 24 34 | 09
#0968-d111 @A: 27 34 02 09 | 03
#0969-d111 @A: 34 12 30 14 | 10
#0970-d111 @A: 34 12 18 27 | 08
#0971-d111 @A: 27 35 24 34 | 05
#0972-d111 @A: 27 06 16 30 | 02
#0973-d111 @A: 16 14 27 10 | 06
#0974-d111 @A: 33 27 20 16 | 04
#0975-d111 @A: 02 06 23 22 | 07
#0976-d111 @A: 06 07 19 22 | 11
#0977-d111 @A: 01 14 22 27 | 12
#0978-d111 @A: 24 35 22 17 | 01
#0979-d111 @A: 23 20 27 18 | 09
#0980-d111 @A: 33 23 27 26 | 03
#0981-d111 @A: 12 17 28 15 | 10
#0982-d111 @A: 17 24 28 29 | 08
#0983-d111 @A: 35 28 12 09 | 05
#0984-d111 @A: 33 28 09 24 | 02
#0985-d111 @A: 33 28 26 17 | 06
#0986-d111 @A: 15 18 19 07 | 04
#0987-d111 @A: 14 19 26 29 | 07
#0988-d111 @A: 12 09 33 19 | 11
#0989-d111 @A: 19 35 10 07 | 12
#0990-d111 @A: 09 02 15 01 | 01
#0991-d111 @A: 07 12 15 26 | 09
#0992-d111 @A: 17 31 27 25 | 03
#0993-d111 @A: 14 31 16 04 | 10
#0994-d111 @A: 07 04 02 31 | 08
#0995-d111 @A: 21 05 31 35 | 05
#0996-d111 @A: 31 26 05 03 | 02
#0997-d111 @A: 22 07 31 05 | 06
#0998-d111 @A: 31 28 12 21 | 04
#0999-d111 @A: 21 31 06 24 | 07
#1000-d111 @A: 31 23 18 32 | 11
#1001-d111 @A: 23 31 08 09 | 12
#1002-d111 @A: 08 31 15 30 | 01
#1003-d111 @A: 13 31 34 30 | 09
#1004-d111 @A: 31 16 17 03 | 03
#1005-d111 @A: 03 10 22 31 | 10
#1006-d111 @A: 33 31 19 03 | 08
#1007-d111 @A: 31 27 29 30 | 05
#1008-d111 @A: 09 20 01 31 | 02
#1009-d111 @A: 02 30 35 31 | 06
#1010-d111 @A: 11 25 12 06 | 04
#1011-d111 @A: 18 04 11 07 | 07
#1012-d111 @A: 05 17 11 15 | 11
#1013-d111 @A: 12 32 28 11 | 12
#1014-d111 @A: 20 11 30 08 | 01
#1015-d111 @A: 13 11 19 02 | 09
#1016-d111 @A: 11 30 33 13 | 03
#1017-d111 @A: 11 01 24 13 | 10
#1018-d111 @A: 11 14 34 02 | 08
#1019-d111 @A: 24 19 11 16 | 05
#1020-d111 @A: 28 11 15 24 | 02
#1021-d111 @A: 20 11 30 07 | 06
#1022-d111 @A: 25 26 04 22 | 04
#1023-d111 @A: 28 02 25 13 | 07
#1024-d111 @A: 25 29 15 03 | 11
#1025-d111 @A: 16 20 24 25 | 12
#1026-d111 @A: 30 29 25 22 | 01
#1027-d111 @A: 25 18 20 29 | 09
#1028-d111 @A: 09 02 25 14 | 03
#1029-d111 @A: 14 12 25 20 | 10
#1030-d111 @A: 25 18 17 02 | 08
#1031-d111 @A: 14 04 05 28 | 05
#1032-d111 @A: 05 04 35 06 | 02
#1033-d111 @A: 21 04 10 28 | 06
#1034-d111 @A: 19 21 04 30 | 04
#1035-d111 @A: 04 32 03 18 | 07
#1036-d111 @A: 20 08 34 04 | 11
#1037-d111 @A: 14 08 22 04 | 12
#1038-d111 @A: 16 17 04 34 | 01
#1039-d111 @A: 04 28 30 34 | 09
#1040-d111 @A: 19 04 16 29 | 03
#1041-d111 @A: 35 04 16 15 | 10
#1042-d111 @A: 04 14 20 06 | 08
#1043-d111 @A: 30 20 29 04 | 05
#1044-d111 @A: 10 04 26 17 | 02
#1045-d111 @A: 01 20 04 24 | 06
#1046-d111 @A: 27 30 04 17 | 04
#1047-d111 @A: 05 21 12 23 | 07
#1048-d111 @A: 01 21 05 06 | 11
#1049-d111 @A: 10 08 05 27 | 12
#1050-d111 @A: 30 05 03 16 | 01
#1051-d111 @A: 16 02 05 34 | 09
#1052-d111 @A: 05 07 34 30 | 03
#1053-d111 @A: 05 06 16 12 | 10
#1054-d111 @A: 27 24 05 23 | 08
#1055-d111 @A: 09 05 02 28 | 05
#1056-d111 @A: 24 10 35 05 | 02
#1057-d111 @A: 01 21 32 03 | 06
#1058-d111 @A: 12 19 08 21 | 04
#1059-d111 @A: 14 29 21 03 | 07
#1060-d111 @A: 01 22 19 21 | 11
#1061-d111 @A: 28 21 15 27 | 12
#1062-d111 @A: 10 19 20 21 | 01
#1063-d111 @A: 02 21 06 18 | 09
#1064-d111 @A: 29 21 35 10 | 03
#1065-d111 @A: 10 21 14 24 | 10
#1066-d111 @A: 18 27 30 21 | 08
#1067-d111 @A: 13 32 30 22 | 05
#1068-d111 @A: 29 28 13 32 | 02
#1069-d111 @A: 20 28 03 32 | 06
#1070-d111 @A: 32 34 10 12 | 04
#1071-d111 @A: 32 16 10 29 | 07
#1072-d111 @A: 13 22 33 08 | 11
#1073-d111 @A: 03 35 08 14 | 12
#1074-d111 @A: 22 02 08 09 | 01
#1075-d111 @A: 15 08 12 23 | 09
#1076-d111 @A: 19 08 28 33 | 03
#1077-d111 @A: 27 06 19 08 | 10
#1078-d111 @A: 10 30 29 08 | 08
#1079-d111 @A: 10 17 08 01 | 05
#1080-d111 @A: 30 08 27 14 | 02
#1081-d111 @A: 08 07 12 35 | 06
#1082-d111 @A: 26 03 13 24 | 04
#1083-d111 @A: 22 20 19 13 | 07
#1084-d111 @A: 06 13 22 10 | 11
#1085-d111 @A: 13 23 01 19 | 12
#1086-d111 @A: 23 14 13 30 | 01
#1087-d111 @A: 13 20 14 07 | 09
#1088-d111 @A: 24 02 13 30 | 03
#1089-d111 @A: 03 18 34 19 | 10
#1090-d111 @A: 12 34 15 03 | 08
#1091-d111 @A: 18 22 03 12 | 05
#1092-d111 @A: 03 27 23 29 | 02
#1093-d111 @A: 03 28 19 01 | 06
#1094-d111 @A: 28 29 03 30 | 04
#1095-d111 @A: 20 03 29 02 | 07
#1096-d111 @A: 09 03 20 30 | 11
#1097-d111 @A: 03 09 33 27 | 12
#1098-d111 @A: 16 34 12 07 | 01
#1099-d111 @A: 28 22 35 34 | 09
#1100-d111 @A: 22 29 15 34 | 03
#1101-d111 @A: 34 22 35 07 | 10
#1102-d111 @A: 15 33 34 19 | 08
#1103-d111 @A: 02 26 19 34 | 05
#1104-d111 @A: 18 34 29 24 | 02
#1105-d111 @A: 01 10 30 34 | 06
#1106-d111 @A: 20 27 34 26 | 04
#1107-d111 @A: 26 02 07 34 | 07
#1108-d111 @A: 16 22 19 18 | 11
#1109-d111 @A: 29 09 35 16 | 12
#1110-d111 @A: 26 14 18 16 | 01
#1111-d111 @A: 30 17 16 07 | 09
#1112-d111 @A: 23 22 18 14 | 03
#1113-d111 @A: 27 22 30 20 | 10
#1114-d111 @A: 19 29 28 23 | 08
#1115-d111 @A: 23 20 19 06 | 05
#1116-d111 @A: 14 09 23 26 | 02
#1117-d111 @A: 23 35 14 24 | 06
#1118-d111 @A: 12 30 35 23 | 04
#1119-d111 @A: 28 27 26 29 | 07
#1120-d111 @A: 26 07 29 28 | 11
#1121-d111 @A: 28 30 01 35 | 12
#1122-d111 @A: 28 27 30 12 | 01
#1123-d111 @A: 26 17 06 15 | 09
#1124-d111 @A: 15 29 26 18 | 03
#1125-d111 @A: 24 12 15 09 | 10
#1126-d111 @A: 26 14 27 15 | 08
#1127-d111 @A: 14 24 15 01 | 05
#1128-d111 @A: 15 35 33 12 | 02
#1129-d111 @A: 06 14 24 02 | 06
#1130-d111 @A: 06 01 02 17 | 04
#1131-d111 @A: 07 10 17 29 | 07
#1132-d111 @A: 12 09 07 27 | 11
#1133-d111 @A: 01 10 12 07 | 12
#1134-d111 @A: 01 02 07 33 | 01
#1135-d111 @A: 34 31 11 16 | 09
#1136-d111 @A: 07 11 09 31 | 03
#1137-d111 @A: 10 30 11 31 | 10
#1138-d111 @A: 12 25 31 07 | 08
#1139-d111 @A: 01 04 22 31 | 05
#1140-d111 @A: 31 19 04 26 | 02
#1141-d111 @A: 31 03 21 09 | 06
#1142-d111 @A: 07 01 31 21 | 04
#1143-d111 @A: 31 03 32 30 | 07
#1144-d111 @A: 24 32 22 31 | 11
#1145-d111 @A: 31 08 16 24 | 12
#1146-d111 @A: 31 08 07 20 | 01
#1147-d111 @A: 31 17 13 07 | 09
#1148-d111 @A: 06 31 28 30 | 03
#1149-d111 @A: 09 06 29 31 | 10
#1150-d111 @A: 09 14 12 31 | 08
#1151-d111 @A: 04 12 05 11 | 05
#1152-d111 @A: 04 11 26 15 | 02
#1153-d111 @A: 11 05 30 19 | 06
#1154-d111 @A: 03 28 11 21 | 04
#1155-d111 @A: 11 32 33 24 | 07
#1156-d111 @A: 07 32 27 11 | 11
#1157-d111 @A: 08 11 35 13 | 12
#1158-d111 @A: 13 27 15 11 | 01
#1159-d111 @A: 06 11 29 13 | 09
#1160-d111 @A: 11 16 03 10 | 03
#1161-d111 @A: 01 17 11 16 | 10
#1162-d111 @A: 22 06 30 11 | 08
#1163-d111 @A: 02 11 15 23 | 05
#1164-d111 @A: 11 15 19 20 | 02
#1165-d111 @A: 11 19 14 17 | 06
#1166-d111 @A: 19 11 33 01 | 04
#1167-d111 @A: 11 07 26 06 | 07
#1168-d111 @A: 34 25 24 05 | 11
#1169-d111 @A: 25 06 14 05 | 12
#1170-d111 @A: 05 12 29 25 | 01
#1171-d111 @A: 10 32 21 25 | 09
#1172-d111 @A: 15 12 21 25 | 03
#1173-d111 @A: 24 12 32 25 | 10
#1174-d111 @A: 08 12 13 25 | 08
#1175-d111 @A: 09 25 30 08 | 05
#1176-d111 @A: 10 25 23 03 | 02
#1177-d111 @A: 34 33 25 28 | 06
#1178-d111 @A: 22 15 09 25 | 04
#1179-d111 @A: 15 23 25 24 | 07
#1180-d111 @A: 28 25 06 01 | 11
#1181-d111 @A: 25 02 10 29 | 12
#1182-d111 @A: 24 25 26 33 | 01
#1183-d111 @A: 12 04 21 03 | 09
#1184-d111 @A: 04 06 26 32 | 03
#1185-d111 @A: 16 08 04 33 | 10
#1186-d111 @A: 04 08 35 02 | 08
#1187-d111 @A: 13 26 07 04 | 05
#1188-d111 @A: 12 04 20 10 | 02
#1189-d111 @A: 24 14 04 30 | 06
#1190-d111 @A: 02 04 20 27 | 04
#1191-d111 @A: 01 17 12 04 | 07
#1192-d111 @A: 05 35 08 32 | 11
#1193-d111 @A: 05 09 03 32 | 12
#1194-d111 @A: 05 13 34 35 | 01
#1195-d111 @A: 01 03 05 23 | 09
#1196-d111 @A: 05 28 34 17 | 03
#1197-d111 @A: 23 26 22 05 | 10
#1198-d111 @A: 22 18 06 05 | 08
#1199-d111 @A: 19 05 15 35 | 05
#1200-d111 @A: 09 05 01 29 | 02
#1201-d111 @A: 30 14 29 05 | 06
#1202-d111 @A: 05 02 20 18 | 04
#1203-d111 @A: 20 05 35 30 | 07
#1204-d111 @A: 33 24 05 18 | 11
#1205-d111 @A: 29 21 08 15 | 12
#1206-d111 @A: 14 13 21 06 | 01
#1207-d111 @A: 03 09 21 07 | 09
#1208-d111 @A: 26 10 21 16 | 03
#1209-d111 @A: 21 07 23 19 | 10
#1210-d111 @A: 30 23 21 06 | 08
#1211-d111 @A: 09 21 27 24 | 05
#1212-d111 @A: 27 01 21 20 | 02
#1213-d111 @A: 33 21 01 35 | 06
#1214-d111 @A: 30 02 21 33 | 04
#1215-d111 @A: 30 08 32 07 | 07
#1216-d111 @A: 23 19 12 32 | 11
#1217-d111 @A: 24 28 32 26 | 12
#1218-d111 @A: 29 24 32 35 | 01
#1219-d111 @A: 30 20 32 17 | 09
#1220-d111 @A: 30 32 27 24 | 03
#1221-d111 @A: 10 03 34 08 | 10
#1222-d111 @A: 09 19 01 08 | 08
#1223-d111 @A: 29 26 08 02 | 05
#1224-d111 @A: 13 12 16 03 | 02
#1225-d111 @A: 10 34 20 13 | 06
#1226-d111 @A: 18 13 15 02 | 04
#1227-d111 @A: 13 29 24 09 | 07
#1228-d111 @A: 09 07 13 10 | 11
#1229-d111 @A: 20 13 30 18 | 12
#1230-d111 @A: 13 35 12 20 | 01
#1231-d111 @A: 26 01 18 13 | 09
#1232-d111 @A: 12 13 02 01 | 03
#1233-d111 @A: 34 03 06 02 | 10
#1234-d111 @A: 01 03 34 09 | 08
#1235-d111 @A: 16 26 03 15 | 05
#1236-d111 @A: 03 28 26 22 | 02
#1237-d111 @A: 14 26 20 03 | 06
#1238-d111 @A: 16 19 30 34 | 04
#1239-d111 @A: 19 35 23 34 | 07
#1240-d111 @A: 23 34 07 17 | 11
#1241-d111 @A: 14 34 35 10 | 12
#1242-d111 @A: 34 18 02 30 | 01
#1243-d111 @A: 17 24 33 34 | 09
#1244-d111 @A: 07 16 26 24 | 03
#1245-d111 @A: 22 29 09 26 | 10
#1246-d111 @A: 09 22 01 33 | 08
#1247-d111 @A: 23 18 10 09 | 05
#1248-d111 @A: 10 07 20 23 | 02
#1249-d111 @A: 35 18 23 33 | 06
#1250-d111 @A: 18 02 23 26 | 04
#1251-d111 @A: 17 09 20 28 | 07
#1252-d111 @A: 24 20 30 28 | 11
#1253-d111 @A: 18 12 28 24 | 12
#1254-d111 @A: 24 30 19 15 | 01
#1255-d111 @A: 19 01 10 29 | 09
#1256-d111 @A: 12 19 17 29 | 03
#1257-d111 @A: 09 19 27 18 | 10
#1258-d111 @A: 35 01 14 19 | 08
#1259-d111 @A: 01 35 07 19 | 05
#1260-d111 @A: 02 24 19 27 | 02
#1261-d111 @A: 26 19 01 30 | 06
#1262-d111 @A: 06 27 09 15 | 04
#1263-d111 @A: 20 01 15 30 | 07
#1264-d111 @A: 06 20 35 10 | 11
#1265-d111 @A: 07 02 14 17 | 12
#1266-d111 @A: 07 35 33 24 | 01
#1267-d111 @A: 09 04 25 31 | 09
#1268-d111 @A: 04 31 27 34 | 03
#1269-d111 @A: 05 31 29 22 | 10
#1270-d111 @A: 05 20 31 19 | 08
#1271-d111 @A: 13 31 06 15 | 05
#1272-d111 @A: 27 14 03 31 | 02
#1273-d111 @A: 33 31 12 34 | 06
#1274-d111 @A: 12 31 19 35 | 04
#1275-d111 @A: 35 33 24 31 | 07
#1276-d111 @A: 24 04 06 11 | 11
#1277-d111 @A: 11 35 21 32 | 12
#1278-d111 @A: 08 21 11 24 | 01
#1279-d111 @A: 21 18 11 16 | 09
#1280-d111 @A: 11 15 07 21 | 03
#1281-d111 @A: 10 22 11 32 | 10
#1282-d111 @A: 01 23 11 32 | 08
#1283-d111 @A: 09 13 11 34 | 05
#1284-d111 @A: 19 03 23 11 | 02
#1285-d111 @A: 28 29 11 34 | 06
#1286-d111 @A: 06 34 27 11 | 04
#1287-d111 @A: 07 23 14 11 | 07
#1288-d111 @A: 11 02 10 28 | 11
#1289-d111 @A: 17 29 11 18 | 12
#1290-d111 @A: 20 09 11 33 | 01
#1291-d111 @A: 26 33 11 02 | 09
#1292-d111 @A: 20 05 08 25 | 03
#1293-d111 @A: 08 21 07 25 | 10
#1294-d111 @A: 27 25 34 21 | 08
#1295-d111 @A: 25 29 21 06 | 05
#1296-d111 @A: 25 23 35 32 | 02
#1297-d111 @A: 02 25 06 08 | 06
#1298-d111 @A: 25 15 26 19 | 04
#1299-d111 @A: 25 02 35 33 | 07
#1300-d111 @A: 04 10 05 32 | 11
#1301-d111 @A: 26 21 08 04 | 12
#1302-d111 @A: 29 01 04 21 | 01
#1303-d111 @A: 04 16 12 32 | 09
#1304-d111 @A: 32 20 23 04 | 03
#1305-d111 @A: 07 04 34 08 | 10
#1306-d111 @A: 10 04 15 23 | 08
#1307-d111 @A: 09 23 04 33 | 05
#1308-d111 @A: 29 26 24 04 | 02
#1309-d111 @A: 04 02 09 10 | 06
#1310-d111 @A: 17 13 03 05 | 04
#1311-d111 @A: 34 01 05 22 | 07
#1312-d111 @A: 05 34 33 23 | 11
#1313-d111 @A: 14 15 20 05 | 12
#1314-d111 @A: 06 20 05 07 | 01
#1315-d111 @A: 29 05 27 17 | 09
#1316-d111 @A: 14 02 05 27 | 03
#1317-d111 @A: 27 35 33 05 | 10
#1318-d111 @A: 05 17 01 26 | 08
#1319-d111 @A: 21 08 28 14 | 05
#1320-d111 @A: 33 21 13 03 | 02
#1321-d111 @A: 12 21 13 09 | 06
#1322-d111 @A: 35 06 34 21 | 04
#1323-d111 @A: 21 27 16 19 | 07
#1324-d111 @A: 10 21 15 22 | 11
#1325-d111 @A: 14 30 22 21 | 12
#1326-d111 @A: 15 14 21 23 | 01
#1327-d111 @A: 29 28 20 21 | 09
#1328-d111 @A: 29 09 18 21 | 03
#1329-d111 @A: 21 18 14 20 | 10
#1330-d111 @A: 26 20 21 35 | 08
#1331-d111 @A: 26 21 24 12 | 05
#1332-d111 @A: 08 15 32 02 | 02
#1333-d111 @A: 34 28 32 27 | 06
#1334-d111 @A: 32 34 20 07 | 04
#1335-d111 @A: 02 10 07 32 | 07
#1336-d111 @A: 32 18 26 20 | 11
#1337-d111 @A: 32 30 33 26 | 12
#1338-d111 @A: 23 08 03 22 | 01
#1339-d111 @A: 08 15 01 34 | 09
#1340-d111 @A: 35 08 16 06 | 03
#1341-d111 @A: 08 06 15 22 | 10
#1342-d111 @A: 23 14 08 02 | 08
#1343-d111 @A: 33 18 08 27 | 05
#1344-d111 @A: 35 30 08 17 | 02
#1345-d111 @A: 26 08 35 24 | 06
#1346-d111 @A: 22 03 13 01 | 04
#1347-d111 @A: 09 13 03 06 | 07
#1348-d111 @A: 14 34 26 13 | 11
#1349-d111 @A: 16 22 26 13 | 12
#1350-d111 @A: 01 16 15 13 | 01
#1351-d111 @A: 20 06 13 16 | 09
#1352-d111 @A: 10 16 13 24 | 03
#1353-d111 @A: 15 13 09 28 | 10
#1354-d111 @A: 20 26 13 02 | 08
#1355-d111 @A: 27 33 13 12 | 05
#1356-d111 @A: 16 19 09 03 | 02
#1357-d111 @A: 03 35 12 29 | 06
#1358-d111 @A: 18 03 26 10 | 04
#1359-d111 @A: 02 17 14 03 | 07
#1360-d111 @A: 18 22 10 34 | 11
#1361-d111 @A: 27 34 30 15 | 12
#1362-d111 @A: 34 09 14 24 | 01
#1363-d111 @A: 09 33 34 07 | 09
#1364-d111 @A: 18 20 07 34 | 03
#1365-d111 @A: 01 34 20 02 | 10
#1366-d111 @A: 35 22 33 16 | 08
#1367-d111 @A: 23 16 17 28 | 05
#1368-d111 @A: 16 29 24 07 | 02
#1369-d111 @A: 12 26 14 22 | 06
#1370-d111 @A: 22 26 24 18 | 04
#1371-d111 @A: 22 07 01 27 | 07
#1372-d111 @A: 28 23 27 35 | 11
#1373-d111 @A: 33 02 23 19 | 12
#1374-d111 @A: 01 18 23 24 | 01
#1375-d111 @A: 28 14 20 10 | 09
#1376-d111 @A: 26 14 30 28 | 03
#1377-d111 @A: 35 28 18 17 | 10
#1378-d111 @A: 19 24 35 09 | 08
#1379-d111 @A: 20 14 19 24 | 05
#1380-d111 @A: 12 24 19 01 | 02
#1381-d111 @A: 15 29 30 17 | 06
#1382-d111 @A: 15 09 10 17 | 04
#1383-d111 @A: 35 24 20 15 | 07
#1384-d111 @A: 30 15 07 27 | 11
#1385-d111 @A: 20 29 27 06 | 12
#1386-d111 @A: 10 09 24 06 | 01
#1387-d111 @A: 26 35 07 09 | 09
#1388-d111 @A: 05 31 25 02 | 03
#1389-d111 @A: 06 25 31 26 | 10
#1390-d111 @A: 04 30 31 05 | 08
#1391-d111 @A: 13 12 04 31 | 05
#1392-d111 @A: 24 31 13 05 | 02
#1393-d111 @A: 23 31 14 05 | 06
#1394-d111 @A: 15 26 32 31 | 04
#1395-d111 @A: 08 06 31 14 | 07
#1396-d111 @A: 31 10 23 13 | 11
#1397-d111 @A: 13 14 28 31 | 12
#1398-d111 @A: 34 03 31 28 | 01
#1399-d111 @A: 31 01 15 03 | 09
#1400-d111 @A: 03 06 35 31 | 03
#1401-d111 @A: 31 07 14 03 | 10
#1402-d111 @A: 34 31 01 17 | 08
#1403-d111 @A: 16 30 31 22 | 05
#1404-d111 @A: 31 19 15 17 | 02
#1405-d111 @A: 19 31 07 27 | 06
#1406-d111 @A: 30 31 17 09 | 04
#1407-d111 @A: 02 01 14 31 | 07
#1408-d111 @A: 26 35 31 01 | 11
#1409-d111 @A: 24 30 07 31 | 12
#1410-d111 @A: 31 12 26 27 | 01
#1411-d111 @A: 11 25 10 13 | 09
#1412-d111 @A: 11 25 18 23 | 03
#1413-d111 @A: 15 11 30 25 | 10
#1414-d111 @A: 11 08 19 04 | 08
#1415-d111 @A: 08 11 05 29 | 05
#1416-d111 @A: 11 34 05 20 | 02
#1417-d111 @A: 11 21 06 10 | 06
#1418-d111 @A: 29 11 03 32 | 04
#1419-d111 @A: 08 23 11 33 | 07
#1420-d111 @A: 13 22 18 11 | 11
#1421-d111 @A: 03 01 11 06 | 12
#1422-d111 @A: 12 26 11 16 | 01
#1423-d111 @A: 06 35 09 11 | 09
#1424-d111 @A: 29 33 10 11 | 03
#1425-d111 @A: 29 02 11 24 | 10
#1426-d111 @A: 35 11 14 20 | 08
#1427-d111 @A: 14 04 25 10 | 05
#1428-d111 @A: 18 13 25 05 | 02
#1429-d111 @A: 05 19 01 25 | 06
#1430-d111 @A: 28 25 21 24 | 04
#1431-d111 @A: 32 25 14 16 | 07
#1432-d111 @A: 08 33 25 03 | 11
#1433-d111 @A: 25 24 22 02 | 12
#1434-d111 @A: 23 27 25 06 | 01
#1435-d111 @A: 25 23 29 17 | 09
#1436-d111 @A: 01 24 25 29 | 03
#1437-d111 @A: 35 26 09 25 | 10
#1438-d111 @A: 27 25 02 01 | 08
#1439-d111 @A: 08 05 04 03 | 05
#1440-d111 @A: 19 24 05 04 | 02
#1441-d111 @A: 32 07 19 04 | 06
#1442-d111 @A: 04 18 16 13 | 04
#1443-d111 @A: 04 17 13 06 | 07
#1444-d111 @A: 04 03 30 26 | 11
#1445-d111 @A: 04 10 16 22 | 12
#1446-d111 @A: 04 30 23 16 | 01
#1447-d111 @A: 15 04 24 22 | 09
#1448-d111 @A: 18 04 09 22 | 03
#1449-d111 @A: 04 22 02 30 | 10
#1450-d111 @A: 29 33 04 28 | 08
#1451-d111 @A: 04 09 14 07 | 05
#1452-d111 @A: 14 26 01 04 | 02
#1453-d111 @A: 24 33 02 04 | 06
#1454-d111 @A: 21 05 24 32 | 04
#1455-d111 @A: 21 16 28 05 | 07
#1456-d111 @A: 16 07 21 05 | 11
#1457-d111 @A: 32 05 34 26 | 12
#1458-d111 @A: 32 05 14 22 | 01
#1459-d111 @A: 27 15 05 22 | 09
#1460-d111 @A: 26 05 28 19 | 03
#1461-d111 @A: 02 19 10 05 | 10
#1462-d111 @A: 06 20 05 26 | 08
#1463-d111 @A: 09 05 24 26 | 05
#1464-d111 @A: 05 18 14 01 | 02
#1465-d111 @A: 24 05 30 12 | 06
#1466-d111 @A: 34 21 32 16 | 04
#1467-d111 @A: 21 17 32 29 | 07
#1468-d111 @A: 26 21 32 27 | 11
#1469-d111 @A: 02 16 13 21 | 12
#1470-d111 @A: 13 29 22 21 | 01
#1471-d111 @A: 13 01 21 30 | 09
#1472-d111 @A: 21 24 16 23 | 03
#1473-d111 @A: 22 21 27 12 | 10
#1474-d111 @A: 33 19 14 21 | 08
#1475-d111 @A: 21 18 06 07 | 05
#1476-d111 @A: 30 09 21 35 | 02
#1477-d111 @A: 02 17 21 10 | 06
#1478-d111 @A: 07 21 24 10 | 04
#1479-d111 @A: 22 32 03 35 | 07
#1480-d111 @A: 32 22 16 01 | 11
#1481-d111 @A: 32 15 30 16 | 12
#1482-d111 @A: 22 12 32 15 | 01
#1483-d111 @A: 32 33 28 15 | 09
#1484-d111 @A: 07 15 33 32 | 03
#1485-d111 @A: 32 09 30 18 | 10
#1486-d111 @A: 01 32 09 24 | 08
#1487-d111 @A: 32 07 12 17 | 05
#1488-d111 @A: 07 32 01 26 | 02
#1489-d111 @A: 17 16 13 08 | 06
#1490-d111 @A: 19 13 26 08 | 04
#1491-d111 @A: 06 09 34 08 | 07
#1492-d111 @A: 24 23 08 19 | 11
#1493-d111 @A: 07 02 28 08 | 12
#1494-d111 @A: 08 07 19 09 | 01
#1495-d111 @A: 29 17 09 08 | 09
#1496-d111 @A: 08 12 29 24 | 03
#1497-d111 @A: 09 08 18 14 | 10
#1498-d111 @A: 24 18 17 08 | 08
#1499-d111 @A: 16 35 14 13 | 05
#1500-d111 @A: 07 13 22 18 | 02
#1501-d111 @A: 13 12 28 19 | 06
#1502-d111 @A: 26 28 13 06 | 04
#1503-d111 @A: 27 02 13 06 | 07
#1504-d111 @A: 13 02 14 10 | 11
#1505-d111 @A: 13 27 35 26 | 12
#1506-d111 @A: 33 17 13 02 | 01
#1507-d111 @A: 34 03 15 07 | 09
#1508-d111 @A: 33 28 03 23 | 03
#1509-d111 @A: 09 24 23 03 | 10
#1510-d111 @A: 03 33 17 06 | 08
#1511-d111 @A: 10 02 35 03 | 05
#1512-d111 @A: 03 02 33 18 | 02
#1513-d111 @A: 15 16 10 34 | 06
#1514-d111 @A: 29 16 34 33 | 04
#1515-d111 @A: 17 18 34 23 | 07
#1516-d111 @A: 34 19 28 07 | 11
#1517-d111 @A: 28 34 09 10 | 12
#1518-d111 @A: 14 27 17 34 | 01
#1519-d111 @A: 22 16 23 27 | 09
#1520-d111 @A: 19 01 20 16 | 03
#1521-d111 @A: 16 29 24 27 | 10
#1522-d111 @A: 07 09 28 22 | 08
#1523-d111 @A: 22 29 33 18 | 05
#1524-d111 @A: 14 20 33 22 | 02
#1525-d111 @A: 22 30 24 01 | 06
#1526-d111 @A: 20 23 29 09 | 04
#1527-d111 @A: 17 02 09 23 | 07
#1528-d111 @A: 27 01 23 30 | 11
#1529-d111 @A: 12 14 28 06 | 12
#1530-d111 @A: 27 10 28 17 | 01
#1531-d111 @A: 10 28 01 26 | 09
#1532-d111 @A: 14 17 01 28 | 03
#1533-d111 @A: 17 28 02 30 | 10
#1534-d111 @A: 30 29 18 19 | 08
#1535-d111 @A: 10 33 19 24 | 05
#1536-d111 @A: 02 14 30 19 | 02
#1537-d111 @A: 02 19 17 20 | 06
#1538-d111 @A: 30 19 20 12 | 04
#1539-d111 @A: 19 35 02 18 | 07
#1540-d111 @A: 06 15 35 30 | 11
#1541-d111 @A: 29 35 14 15 | 12
#1542-d111 @A: 17 20 15 27 | 01
#1543-d111 @A: 33 15 18 30 | 09
#1544-d111 @A: 06 01 30 29 | 03
#1545-d111 @A: 14 27 06 18 | 10
#1546-d111 @A: 06 20 30 02 | 08
#1547-d111 @A: 33 24 06 12 | 05
#1548-d111 @A: 14 30 26 07 | 02
#1549-d111 @A: 31 16 25 10 | 06
#1550-d111 @A: 28 31 04 17 | 04
#1551-d111 @A: 15 33 04 31 | 07
#1552-d111 @A: 15 10 05 31 | 11
#1553-d111 @A: 31 18 05 17 | 12
#1554-d111 @A: 31 32 19 21 | 01
#1555-d111 @A: 31 27 21 10 | 09
#1556-d111 @A: 23 03 12 31 | 03
#1557-d111 @A: 19 31 24 34 | 10
#1558-d111 @A: 20 31 06 34 | 08
#1559-d111 @A: 26 31 23 16 | 05
#1560-d111 @A: 16 31 20 35 | 02
#1561-d111 @A: 15 31 18 22 | 06
#1562-d111 @A: 31 10 19 06 | 04
#1563-d111 @A: 31 29 26 20 | 07
#1564-d111 @A: 20 31 10 18 | 11
#1565-d111 @A: 18 27 02 31 | 12
#1566-d111 @A: 29 21 23 11 | 01
#1567-d111 @A: 07 16 11 08 | 09
#1568-d111 @A: 10 08 11 15 | 03
#1569-d111 @A: 01 03 11 07 | 10
#1570-d111 @A: 11 18 34 26 | 08
#1571-d111 @A: 28 11 30 16 | 05
#1572-d111 @A: 11 06 23 14 | 02
#1573-d111 @A: 18 11 01 10 | 06
#1574-d111 @A: 10 11 24 17 | 04
#1575-d111 @A: 20 12 11 18 | 07
#1576-d111 @A: 17 11 26 27 | 11
#1577-d111 @A: 27 12 11 01 | 12
#1578-d111 @A: 25 24 35 04 | 01
#1579-d111 @A: 21 22 25 16 | 09
#1580-d111 @A: 17 32 28 25 | 03
#1581-d111 @A: 08 25 24 27 | 10
#1582-d111 @A: 25 07 28 13 | 08
#1583-d111 @A: 25 30 03 06 | 05
#1584-d111 @A: 16 35 25 34 | 02
#1585-d111 @A: 25 29 16 26 | 06
#1586-d111 @A: 02 25 20 23 | 04
#1587-d111 @A: 35 20 25 01 | 07
#1588-d111 @A: 04 02 05 15 | 11
#1589-d111 @A: 24 21 13 04 | 12
#1590-d111 @A: 16 21 09 04 | 01
#1591-d111 @A: 32 04 22 17 | 09
#1592-d111 @A: 04 15 29 32 | 03
#1593-d111 @A: 15 27 08 04 | 10
#1594-d111 @A: 08 06 30 04 | 08
#1595-d111 @A: 15 03 20 04 | 05
#1596-d111 @A: 04 16 01 06 | 02
#1597-d111 @A: 04 06 09 28 | 06
#1598-d111 @A: 04 29 14 02 | 04
#1599-d111 @A: 04 18 27 26 | 07
#1600-d111 @A: 04 35 07 27 | 11
#1601-d111 @A: 05 08 02 21 | 12
#1602-d111 @A: 01 05 32 15 | 01
#1603-d111 @A: 08 05 13 14 | 09
#1604-d111 @A: 01 05 24 08 | 03
#1605-d111 @A: 03 12 05 28 | 10
#1606-d111 @A: 05 19 12 34 | 08
#1607-d111 @A: 29 23 15 05 | 05
#1608-d111 @A: 17 05 06 19 | 02
#1609-d111 @A: 12 10 05 14 | 06
#1610-d111 @A: 32 09 21 08 | 04
#1611-d111 @A: 08 17 34 21 | 07
#1612-d111 @A: 21 22 35 08 | 11
#1613-d111 @A: 34 21 03 20 | 12
#1614-d111 @A: 17 16 21 06 | 01
#1615-d111 @A: 14 01 16 21 | 09
#1616-d111 @A: 22 20 21 23 | 03
#1617-d111 @A: 07 21 17 28 | 10
#1618-d111 @A: 09 17 14 21 | 08
#1619-d111 @A: 12 21 30 10 | 05
#1620-d111 @A: 21 07 30 35 | 02
#1621-d111 @A: 01 17 24 21 | 06
#1622-d111 @A: 19 17 32 08 | 04
#1623-d111 @A: 02 13 32 34 | 07
#1624-d111 @A: 23 26 03 32 | 11
#1625-d111 @A: 32 34 06 15 | 12
#1626-d111 @A: 22 29 23 32 | 01
#1627-d111 @A: 23 32 27 14 | 09
#1628-d111 @A: 35 06 32 18 | 03
#1629-d111 @A: 14 29 18 32 | 10
#1630-d111 @A: 02 32 29 30 | 08
#1631-d111 @A: 26 32 01 29 | 05
#1632-d111 @A: 32 10 09 26 | 02
#1633-d111 @A: 32 35 20 33 | 06
#1634-d111 @A: 33 01 18 32 | 04
#1635-d111 @A: 13 23 29 08 | 07
#1636-d111 @A: 03 08 15 09 | 11
#1637-d111 @A: 06 08 26 23 | 12
#1638-d111 @A: 08 18 10 02 | 01
#1639-d111 @A: 33 02 01 08 | 09
#1640-d111 @A: 22 13 28 27 | 03
#1641-d111 @A: 33 13 15 23 | 10
#1642-d111 @A: 13 14 19 09 | 08
#1643-d111 @A: 13 09 01 17 | 05
#1644-d111 @A: 10 35 33 13 | 02
#1645-d111 @A: 34 29 03 26 | 06
#1646-d111 @A: 03 09 02 26 | 04
#1647-d111 @A: 30 10 03 27 | 07
#1648-d111 @A: 03 14 30 18 | 11
#1649-d111 @A: 33 07 26 03 | 12
#1650-d111 @A: 12 34 22 23 | 01
#1651-d111 @A: 34 15 28 26 | 09
#1652-d111 @A: 34 29 10 17 | 03
#1653-d111 @A: 20 29 34 14 | 10
#1654-d111 @A: 35 18 34 09 | 08
#1655-d111 @A: 10 34 24 02 | 05
#1656-d111 @A: 34 10 27 33 | 02
#1657-d111 @A: 30 33 20 34 | 06
#1658-d111 @A: 34 02 12 17 | 04
#1659-d111 @A: 16 15 14 22 | 07
#1660-d111 @A: 15 18 16 23 | 11
#1661-d111 @A: 16 14 06 19 | 12
#1662-d111 @A: 17 10 16 19 | 01
#1663-d111 @A: 35 06 16 07 | 09
#1664-d111 @A: 20 17 29 16 | 03
#1665-d111 @A: 14 16 17 30 | 10
#1666-d111 @A: 24 12 16 14 | 08
#1667-d111 @A: 30 16 01 18 | 05
#1668-d111 @A: 33 12 16 02 | 02
#1669-d111 @A: 14 07 15 22 | 06
#1670-d111 @A: 22 02 14 35 | 04
#1671-d111 @A: 20 22 18 35 | 07
#1672-d111 @A: 18 30 17 22 | 11
#1673-d111 @A: 10 06 01 23 | 12
#1674-d111 @A: 29 10 24 23 | 01
#1675-d111 @A: 20 26 23 17 | 09
#1676-d111 @A: 26 23 07 18 | 03
#1677-d111 @A: 15 10 19 28 | 10
#1678-d111 @A: 27 09 01 28 | 08
#1679-d111 @A: 07 28 09 24 | 05
#1680-d111 @A: 02 28 35 20 | 02
#1681-d111 @A: 06 24 19 29 | 06
#1682-d111 @A: 09 02 29 19 | 04
#1683-d111 @A: 35 29 20 19 | 07
#1684-d111 @A: 10 09 30 19 | 11
#1685-d111 @A: 12 19 27 14 | 12
#1686-d111 @A: 19 26 24 17 | 01
#1687-d111 @A: 15 07 02 35 | 09
#1688-d111 @A: 33 29 12 07 | 03
#1689-d111 @A: 26 07 27 20 | 10
