#0001-d133 @A: 20 10 22 09 | 01
#0002-d133 @A: 10 19 09 03 | 04
#0003-d133 @A: 10 09 24 33 | 07
#0004-d133 @A: 01 28 10 22 | 12
#0005-d133 @A: 22 33 14 10 | 05
#0006-d133 @A: 18 10 07 16 | 08
#0007-d133 @A: 22 16 10 19 | 11
#0008-d133 @A: 33 16 10 08 | 09
#0009-d133 @A: 02 10 08 19 | 06
#0010-d133 @A: 31 10 13 12 | 03
#0011-d133 @A: 22 13 10 18 | 10
#0012-d133 @A: 02 11 26 10 | 02
#0013-d133 @A: 05 15 33 09 | 01
#0014-d133 @A: 11 28 35 05 | 04
#0015-d133 @A: 17 13 05 04 | 07
#0016-d133 @A: 24 35 14 05 | 12
#0017-d133 @A: 25 14 02 05 | 05
#0018-d133 @A: 14 21 05 12 | 08
#0019-d133 @A: 33 05 14 26 | 11
#0020-d133 @A: 05 07 03 19 | 09
#0021-d133 @A: 26 24 05 07 | 06
#0022-d133 @A: 03 21 05 25 | 03
#0023-d133 @A: 23 13 05 27 | 10
#0024-d133 @A: 05 27 26 34 | 02
#0025-d133 @A: 32 24 17 05 | 01
#0026-d133 @A: 15 09 29 07 | 04
#0027-d133 @A: 13 09 14 28 | 07
#0028-d133 @A: 19 23 28 09 | 12
#0029-d133 @A: 30 28 12 09 | 05
#0030-d133 @A: 09 02 20 14 | 08
#0031-d133 @A: 09 27 20 07 | 11
#0032-d133 @A: 33 09 04 13 | 09
#0033-d133 @A: 32 35 14 09 | 06
#0034-d133 @A: 01 09 14 19 | 03
#0035-d133 @A: 09 25 16 18 | 10
#0036-d133 @A: 30 01 09 22 | 02
#0037-d133 @A: 06 09 01 03 | 01
#0038-d133 @A: 08 19 22 09 | 04
#0039-d133 @A: 06 34 09 31 | 07
#0040-d133 @A: 12 28 27 29 | 12
#0041-d133 @A: 14 29 33 18 | 05
#0042-d133 @A: 30 06 29 35 | 08
#0043-d133 @A: 33 29 19 31 | 11
#0044-d133 @A: 31 22 29 27 | 09
#0045-d133 @A: 28 06 14 01 | 06
#0046-d133 @A: 33 14 32 28 | 03
#0047-d133 @A: 19 16 12 28 | 10
#0048-d133 @A: 30 27 28 16 | 02
#0049-d133 @A: 35 07 28 27 | 01
#0050-d133 @A: 25 35 28 18 | 04
#0051-d133 @A: 22 28 30 35 | 07
#0052-d133 @A: 08 28 33 35 | 12
#0053-d133 @A: 28 34 01 27 | 05
#0054-d133 @A: 28 17 30 23 | 08
#0055-d133 @A: 02 28 06 08 | 11
#0056-d133 @A: 12 23 28 13 | 09
#0057-d133 @A: 22 06 34 28 | 06
#0058-d133 @A: 20 01 04 32 | 03
#0059-d133 @A: 16 20 25 17 | 10
#0060-d133 @A: 12 20 18 16 | 02
#0061-d133 @A: 03 35 22 20 | 01
#0062-d133 @A: 23 20 24 25 | 04
#0063-d133 @A: 02 20 30 01 | 07
#0064-d133 @A: 18 11 31 20 | 12
#0065-d133 @A: 20 17 06 23 | 05
#0066-d133 @A: 12 26 20 15 | 08
#0067-d133 @A: 24 12 20 17 | 11
#0068-d133 @A: 35 16 04 27 | 09
#0069-d133 @A: 07 04 16 17 | 06
#0070-d133 @A: 04 16 23 08 | 03
#0071-d133 @A: 04 06 07 35 | 10
#0072-d133 @A: 21 07 13 04 | 02
#0073-d133 @A: 13 02 07 04 | 01
#0074-d133 @A: 08 21 04 15 | 04
#0075-d133 @A: 04 26 03 22 | 07
#0076-d133 @A: 18 13 04 06 | 12
#0077-d133 @A: 27 04 34 18 | 05
#0078-d133 @A: 16 03 01 14 | 08
#0079-d133 @A: 14 16 02 03 | 11
#0080-d133 @A: 16 14 31 13 | 09
#0081-d133 @A: 08 35 31 14 | 06
#0082-d133 @A: 12 14 08 07 | 03
#0083-d133 @A: 12 06 23 14 | 10
#0084-d133 @A: 21 30 13 16 | 02
#0085-d133 @A: 30 08 16 03 | 01
#0086-d133 @A: 16 31 23 02 | 04
#0087-d133 @A: 16 27 31 18 | 07
#0088-d133 @A: 16 13 11 15 | 12
#0089-d133 @A: 11 26 16 34 | 05
#0090-d133 @A: 35 15 21 26 | 08
#0091-d133 @A: 33 30 15 35 | 11
#0092-d133 @A: 02 33 15 35 | 09
#0093-d133 @A: 22 13 24 35 | 06
#0094-d133 @A: 03 07 21 08 | 03
#0095-d133 @A: 13 07 19 30 | 10
#0096-d133 @A: 24 17 30 07 | 02
#0097-d133 @A: 07 26 27 15 | 01
#0098-d133 @A: 32 11 24 07 | 04
#0099-d133 @A: 15 07 17 06 | 07
#0100-d133 @A: 34 07 12 02 | 12
#0101-d133 @A: 25 21 11 32 | 05
#0102-d133 @A: 33 32 01 25 | 08
#0103-d133 @A: 30 25 22 33 | 11
#0104-d133 @A: 24 22 25 26 | 09
#0105-d133 @A: 27 32 13 25 | 06
#0106-d133 @A: 02 25 26 17 | 03
#0107-d133 @A: 18 11 25 34 | 10
#0108-d133 @A: 18 08 21 01 | 02
#0109-d133 @A: 33 21 30 32 | 01
#0110-d133 @A: 21 11 23 31 | 04
#0111-d133 @A: 18 15 21 31 | 07
#0112-d133 @A: 13 15 01 32 | 12
#0113-d133 @A: 02 23 27 19 | 05
#0114-d133 @A: 17 19 32 27 | 08
#0115-d133 @A: 26 02 08 30 | 11
#0116-d133 @A: 06 15 03 30 | 09
#0117-d133 @A: 31 30 13 24 | 06
#0118-d133 @A: 30 13 02 34 | 03
#0119-d133 @A: 31 18 22 08 | 10
#0120-d133 @A: 26 08 23 15 | 02
#0121-d133 @A: 11 27 23 08 | 01
#0122-d133 @A: 08 06 22 26 | 04
#0123-d133 @A: 18 12 13 08 | 07
#0124-d133 @A: 18 15 24 08 | 12
#0125-d133 @A: 02 15 13 03 | 05
#0126-d133 @A: 22 24 02 18 | 08
#0127-d133 @A: 24 10 21 05 | 11
#0128-d133 @A: 10 09 28 17 | 09
#0129-d133 @A: 02 09 15 10 | 06
#0130-d133 @A: 10 01 03 29 | 03
#0131-d133 @A: 10 30 04 20 | 10
#0132-d133 @A: 04 35 10 18 | 02
#0133-d133 @A: 10 26 04 01 | 01
#0134-d133 @A: 10 16 03 17 | 04
#0135-d133 @A: 10 30 34 07 | 07
#0136-d133 @A: 10 30 33 23 | 12
#0137-d133 @A: 31 10 18 06 | 05
#0138-d133 @A: 32 22 02 10 | 08
#0139-d133 @A: 32 17 10 13 | 11
#0140-d133 @A: 17 11 18 10 | 09
#0141-d133 @A: 32 10 11 34 | 06
#0142-d133 @A: 10 17 24 06 | 03
#0143-d133 @A: 16 29 05 22 | 10
#0144-d133 @A: 13 25 29 05 | 02
#0145-d133 @A: 05 20 28 27 | 01
#0146-d133 @A: 28 05 22 25 | 04
#0147-d133 @A: 08 05 28 06 | 07
#0148-d133 @A: 04 05 06 33 | 12
#0149-d133 @A: 16 07 31 05 | 05
#0150-d133 @A: 05 25 33 08 | 08
#0151-d133 @A: 33 02 05 24 | 11
#0152-d133 @A: 11 05 03 27 | 09
#0153-d133 @A: 12 31 24 05 | 06
#0154-d133 @A: 12 23 05 26 | 03
#0155-d133 @A: 15 11 34 05 | 10
#0156-d133 @A: 09 12 29 04 | 02
#0157-d133 @A: 28 25 27 09 | 01
#0158-d133 @A: 01 09 31 20 | 04
#0159-d133 @A: 04 09 11 01 | 07
#0160-d133 @A: 14 09 11 03 | 12
#0161-d133 @A: 01 09 12 21 | 05
#0162-d133 @A: 15 13 22 09 | 08
#0163-d133 @A: 11 15 09 27 | 11
#0164-d133 @A: 18 09 17 24 | 09
#0165-d133 @A: 28 23 29 04 | 06
#0166-d133 @A: 29 04 16 14 | 03
#0167-d133 @A: 11 04 29 19 | 10
#0168-d133 @A: 14 13 29 07 | 02
#0169-d133 @A: 14 07 02 29 | 01
#0170-d133 @A: 12 01 29 14 | 04
#0171-d133 @A: 16 03 29 35 | 07
#0172-d133 @A: 26 16 29 25 | 12
#0173-d133 @A: 13 29 16 19 | 05
#0174-d133 @A: 29 16 24 02 | 08
#0175-d133 @A: 35 25 29 27 | 11
#0176-d133 @A: 22 35 01 29 | 09
#0177-d133 @A: 23 29 21 25 | 06
#0178-d133 @A: 25 03 30 29 | 03
#0179-d133 @A: 33 12 29 25 | 10
#0180-d133 @A: 29 15 30 21 | 02
#0181-d133 @A: 27 21 29 11 | 01
#0182-d133 @A: 01 29 08 23 | 04
#0183-d133 @A: 29 27 30 19 | 07
#0184-d133 @A: 33 30 17 29 | 12
#0185-d133 @A: 23 27 03 29 | 05
#0186-d133 @A: 18 22 29 34 | 08
#0187-d133 @A: 34 17 32 29 | 11
#0188-d133 @A: 12 28 04 08 | 09
#0189-d133 @A: 28 03 33 04 | 06
#0190-d133 @A: 17 06 28 04 | 03
#0191-d133 @A: 23 28 14 27 | 10
#0192-d133 @A: 35 06 28 16 | 02
#0193-d133 @A: 35 01 12 28 | 01
#0194-d133 @A: 07 06 28 19 | 04
#0195-d133 @A: 11 28 15 21 | 07
#0196-d133 @A: 18 26 01 28 | 12
#0197-d133 @A: 28 11 03 19 | 05
#0198-d133 @A: 22 27 28 17 | 08
#0199-d133 @A: 20 07 23 01 | 11
#0200-d133 @A: 20 34 08 07 | 09
#0201-d133 @A: 25 15 13 20 | 06
#0202-d133 @A: 26 19 20 21 | 03
#0203-d133 @A: 08 20 11 26 | 10
#0204-d133 @A: 03 26 31 20 | 02
#0205-d133 @A: 31 17 20 13 | 01
#0206-d133 @A: 20 11 13 24 | 04
#0207-d133 @A: 18 20 26 27 | 07
#0208-d133 @A: 06 20 32 27 | 12
#0209-d133 @A: 27 02 20 32 | 05
#0210-d133 @A: 04 07 08 33 | 08
#0211-d133 @A: 32 08 19 04 | 11
#0212-d133 @A: 08 02 04 32 | 09
#0213-d133 @A: 03 04 18 17 | 06
#0214-d133 @A: 15 26 06 04 | 03
#0215-d133 @A: 07 31 14 33 | 10
#0216-d133 @A: 27 14 19 25 | 02
#0217-d133 @A: 15 14 33 06 | 01
#0218-d133 @A: 12 33 14 02 | 04
#0219-d133 @A: 26 31 14 22 | 07
#0220-d133 @A: 22 23 14 24 | 12
#0221-d133 @A: 13 14 27 15 | 05
#0222-d133 @A: 02 14 06 24 | 08
#0223-d133 @A: 18 14 34 32 | 11
#0224-d133 @A: 01 19 16 26 | 09
#0225-d133 @A: 19 33 24 16 | 06
#0226-d133 @A: 16 23 03 15 | 03
#0227-d133 @A: 32 16 11 23 | 10
#0228-d133 @A: 16 22 27 13 | 02
#0229-d133 @A: 31 07 35 12 | 01
#0230-d133 @A: 19 22 25 35 | 04
#0231-d133 @A: 33 13 21 35 | 07
#0232-d133 @A: 35 19 33 27 | 12
#0233-d133 @A: 11 34 35 19 | 05
#0234-d133 @A: 35 23 32 08 | 08
#0235-d133 @A: 32 35 06 33 | 11
#0236-d133 @A: 18 31 35 13 | 09
#0237-d133 @A: 02 35 13 17 | 06
#0238-d133 @A: 25 07 18 30 | 03
#0239-d133 @A: 21 07 11 19 | 10
#0240-d133 @A: 26 07 06 01 | 02
#0241-d133 @A: 27 07 12 03 | 01
#0242-d133 @A: 18 12 23 07 | 04
#0243-d133 @A: 34 33 25 21 | 07
#0244-d133 @A: 08 30 15 25 | 12
#0245-d133 @A: 23 08 02 25 | 05
#0246-d133 @A: 25 13 06 03 | 08
#0247-d133 @A: 22 32 25 31 | 11
#0248-d133 @A: 17 12 25 23 | 09
#0249-d133 @A: 32 03 21 26 | 06
#0250-d133 @A: 21 17 24 27 | 03
#0251-d133 @A: 30 01 32 17 | 10
#0252-d133 @A: 15 01 03 26 | 02
#0253-d133 @A: 26 31 01 02 | 01
#0254-d133 @A: 08 19 30 23 | 04
#0255-d133 @A: 31 19 13 06 | 07
#0256-d133 @A: 06 11 26 19 | 12
#0257-d133 @A: 19 11 18 12 | 05
#0258-d133 @A: 12 03 30 23 | 08
#0259-d133 @A: 30 02 11 23 | 11
#0260-d133 @A: 02 03 08 31 | 09
#0261-d133 @A: 08 03 06 18 | 06
#0262-d133 @A: 12 17 31 08 | 03
#0263-d133 @A: 22 32 08 17 | 10
#0264-d133 @A: 02 13 12 08 | 02
#0265-d133 @A: 08 06 11 12 | 01
#0266-d133 @A: 08 11 32 15 | 04
#0267-d133 @A: 27 33 02 06 | 07
#0268-d133 @A: 10 25 07 05 | 12
#0269-d133 @A: 20 10 26 07 | 05
#0270-d133 @A: 10 03 04 07 | 08
#0271-d133 @A: 04 27 25 10 | 11
#0272-d133 @A: 04 23 10 06 | 09
#0273-d133 @A: 25 10 34 14 | 06
#0274-d133 @A: 10 18 21 25 | 03
#0275-d133 @A: 25 10 31 08 | 10
#0276-d133 @A: 25 17 10 33 | 02
#0277-d133 @A: 25 13 11 10 | 01
#0278-d133 @A: 27 32 10 21 | 04
#0279-d133 @A: 10 03 12 15 | 07
#0280-d133 @A: 32 10 12 18 | 12
#0281-d133 @A: 05 09 04 24 | 05
#0282-d133 @A: 25 09 32 05 | 08
#0283-d133 @A: 05 19 11 09 | 11
#0284-d133 @A: 35 05 20 19 | 09
#0285-d133 @A: 33 23 20 05 | 06
#0286-d133 @A: 27 05 14 04 | 03
#0287-d133 @A: 01 32 05 14 | 10
#0288-d133 @A: 05 14 13 18 | 02
#0289-d133 @A: 16 06 19 05 | 01
#0290-d133 @A: 05 21 02 06 | 04
#0291-d133 @A: 05 30 13 08 | 07
#0292-d133 @A: 26 03 05 06 | 12
#0293-d133 @A: 05 31 26 17 | 05
#0294-d133 @A: 11 32 05 06 | 08
#0295-d133 @A: 16 29 27 09 | 11
#0296-d133 @A: 09 29 30 13 | 09
#0297-d133 @A: 16 13 09 08 | 06
#0298-d133 @A: 32 07 19 09 | 03
#0299-d133 @A: 09 06 21 30 | 10
#0300-d133 @A: 11 09 33 21 | 02
#0301-d133 @A: 09 31 32 03 | 01
#0302-d133 @A: 26 02 27 09 | 04
#0303-d133 @A: 09 02 06 34 | 07
#0304-d133 @A: 09 18 02 17 | 12
#0305-d133 @A: 29 02 28 19 | 05
#0306-d133 @A: 04 06 29 21 | 08
#0307-d133 @A: 04 29 01 13 | 11
#0308-d133 @A: 02 04 29 30 | 09
#0309-d133 @A: 33 24 04 29 | 06
#0310-d133 @A: 12 35 17 29 | 03
#0311-d133 @A: 07 29 01 24 | 10
#0312-d133 @A: 29 22 30 07 | 02
#0313-d133 @A: 33 29 02 23 | 01
#0314-d133 @A: 29 31 03 15 | 04
#0315-d133 @A: 32 29 22 06 | 07
#0316-d133 @A: 26 15 29 17 | 12
#0317-d133 @A: 15 29 06 12 | 05
#0318-d133 @A: 35 23 28 20 | 08
#0319-d133 @A: 25 02 28 20 | 11
#0320-d133 @A: 08 31 28 20 | 09
#0321-d133 @A: 35 28 04 31 | 06
#0322-d133 @A: 28 22 14 16 | 03
#0323-d133 @A: 18 14 28 07 | 10
#0324-d133 @A: 19 15 35 28 | 02
#0325-d133 @A: 28 35 26 03 | 01
#0326-d133 @A: 28 12 25 11 | 04
#0327-d133 @A: 03 01 08 28 | 07
#0328-d133 @A: 28 03 06 27 | 12
#0329-d133 @A: 31 22 28 11 | 05
#0330-d133 @A: 04 16 26 20 | 08
#0331-d133 @A: 25 07 20 04 | 11
#0332-d133 @A: 16 20 27 01 | 09
#0333-d133 @A: 20 25 12 22 | 06
#0334-d133 @A: 31 20 33 21 | 03
#0335-d133 @A: 02 17 03 20 | 10
#0336-d133 @A: 34 03 20 18 | 02
#0337-d133 @A: 34 23 20 02 | 01
#0338-d133 @A: 23 14 33 04 | 04
#0339-d133 @A: 04 16 24 15 | 07
#0340-d133 @A: 15 04 11 22 | 12
#0341-d133 @A: 17 27 11 04 | 05
#0342-d133 @A: 12 15 04 18 | 08
#0343-d133 @A: 14 21 01 35 | 11
#0344-d133 @A: 30 14 07 03 | 09
#0345-d133 @A: 01 02 14 12 | 06
#0346-d133 @A: 14 19 13 26 | 03
#0347-d133 @A: 14 27 18 22 | 10
#0348-d133 @A: 06 11 18 14 | 02
#0349-d133 @A: 15 11 14 02 | 01
#0350-d133 @A: 16 18 02 35 | 04
#0351-d133 @A: 19 07 16 34 | 07
#0352-d133 @A: 16 06 07 08 | 12
#0353-d133 @A: 16 32 01 08 | 05
#0354-d133 @A: 34 01 13 16 | 08
#0355-d133 @A: 32 16 13 03 | 11
#0356-d133 @A: 23 16 27 12 | 09
#0357-d133 @A: 34 07 25 35 | 06
#0358-d133 @A: 26 30 35 07 | 03
#0359-d133 @A: 01 13 35 25 | 10
#0360-d133 @A: 11 08 01 35 | 02
#0361-d133 @A: 30 06 02 35 | 01
#0362-d133 @A: 03 35 17 13 | 04
#0363-d133 @A: 34 35 26 13 | 07
#0364-d133 @A: 27 13 35 11 | 12
#0365-d133 @A: 07 25 21 31 | 05
#0366-d133 @A: 21 11 07 02 | 08
#0367-d133 @A: 08 01 07 13 | 11
#0368-d133 @A: 19 07 02 30 | 09
#0369-d133 @A: 07 23 22 11 | 06
#0370-d133 @A: 27 32 07 23 | 03
#0371-d133 @A: 22 07 32 26 | 10
#0372-d133 @A: 08 19 03 25 | 02
#0373-d133 @A: 25 02 11 33 | 01
#0374-d133 @A: 26 17 03 25 | 04
#0375-d133 @A: 25 18 06 22 | 07
#0376-d133 @A: 25 15 27 06 | 12
#0377-d133 @A: 32 15 17 25 | 05
#0378-d133 @A: 21 24 08 13 | 08
#0379-d133 @A: 34 21 31 13 | 11
#0380-d133 @A: 12 32 21 31 | 09
#0381-d133 @A: 22 06 21 23 | 06
#0382-d133 @A: 23 17 02 21 | 03
#0383-d133 @A: 23 21 24 32 | 10
#0384-d133 @A: 12 15 01 19 | 02
#0385-d133 @A: 01 22 34 11 | 01
#0386-d133 @A: 06 22 19 12 | 04
#0387-d133 @A: 32 13 02 19 | 07
#0388-d133 @A: 24 22 30 03 | 12
#0389-d133 @A: 15 02 30 22 | 05
#0390-d133 @A: 15 34 12 30 | 08
#0391-d133 @A: 18 11 08 33 | 11
#0392-d133 @A: 03 33 22 06 | 09
#0393-d133 @A: 11 33 03 32 | 06
#0394-d133 @A: 12 33 31 22 | 03
#0395-d133 @A: 02 31 17 33 | 10
#0396-d133 @A: 10 29 05 11 | 02
#0397-d133 @A: 14 05 10 06 | 01
#0398-d133 @A: 04 17 10 29 | 04
#0399-d133 @A: 28 27 33 10 | 07
#0400-d133 @A: 10 02 25 04 | 12
#0401-d133 @A: 10 30 14 17 | 05
#0402-d133 @A: 13 14 02 10 | 08
#0403-d133 @A: 35 10 16 26 | 11
#0404-d133 @A: 10 15 01 35 | 09
#0405-d133 @A: 10 08 21 26 | 06
#0406-d133 @A: 10 02 23 24 | 03
#0407-d133 @A: 15 27 10 24 | 10
#0408-d133 @A: 20 18 05 07 | 02
#0409-d133 @A: 30 31 20 05 | 01
#0410-d133 @A: 05 20 08 02 | 04
#0411-d133 @A: 05 31 14 19 | 07
#0412-d133 @A: 05 21 26 16 | 12
#0413-d133 @A: 05 21 35 27 | 05
#0414-d133 @A: 18 35 15 05 | 08
#0415-d133 @A: 05 27 07 33 | 11
#0416-d133 @A: 05 21 32 08 | 09
#0417-d133 @A: 33 24 30 05 | 06
#0418-d133 @A: 12 03 13 05 | 03
#0419-d133 @A: 05 18 34 31 | 10
#0420-d133 @A: 32 22 05 27 | 02
#0421-d133 @A: 18 27 17 05 | 01
#0422-d133 @A: 29 08 33 09 | 04
#0423-d133 @A: 20 28 09 24 | 07
#0424-d133 @A: 28 26 09 16 | 12
#0425-d133 @A: 20 19 34 09 | 05
#0426-d133 @A: 09 31 14 18 | 08
#0427-d133 @A: 23 01 35 09 | 11
#0428-d133 @A: 03 35 08 09 | 09
#0429-d133 @A: 25 09 24 03 | 06
#0430-d133 @A: 21 15 19 09 | 03
#0431-d133 @A: 19 30 09 18 | 10
#0432-d133 @A: 33 09 12 19 | 02
#0433-d133 @A: 19 13 27 09 | 01
#0434-d133 @A: 27 23 31 09 | 04
#0435-d133 @A: 06 09 12 18 | 07
#0436-d133 @A: 22 20 04 29 | 12
#0437-d133 @A: 11 29 01 20 | 05
#0438-d133 @A: 21 14 22 29 | 08
#0439-d133 @A: 01 16 17 29 | 11
#0440-d133 @A: 29 21 26 31 | 09
#0441-d133 @A: 30 01 26 29 | 06
#0442-d133 @A: 30 08 12 29 | 03
#0443-d133 @A: 08 22 29 15 | 10
#0444-d133 @A: 34 29 02 08 | 02
#0445-d133 @A: 27 29 24 26 | 01
#0446-d133 @A: 29 06 18 27 | 04
#0447-d133 @A: 28 20 22 07 | 07
#0448-d133 @A: 04 28 25 13 | 12
#0449-d133 @A: 02 14 22 28 | 05
#0450-d133 @A: 12 28 14 34 | 08
#0451-d133 @A: 28 21 17 16 | 11
#0452-d133 @A: 01 13 28 19 | 09
#0453-d133 @A: 31 28 15 26 | 06
#0454-d133 @A: 34 31 24 28 | 03
#0455-d133 @A: 28 06 23 32 | 10
#0456-d133 @A: 24 18 28 27 | 02
#0457-d133 @A: 20 04 17 21 | 01
#0458-d133 @A: 06 04 20 03 | 04
#0459-d133 @A: 19 20 24 31 | 07
#0460-d133 @A: 08 20 33 30 | 12
#0461-d133 @A: 32 23 20 26 | 05
#0462-d133 @A: 15 20 06 11 | 08
#0463-d133 @A: 11 17 20 34 | 11
#0464-d133 @A: 17 20 32 18 | 09
#0465-d133 @A: 04 14 08 17 | 06
#0466-d133 @A: 16 04 32 33 | 03
#0467-d133 @A: 30 04 23 35 | 10
#0468-d133 @A: 04 07 01 31 | 02
#0469-d133 @A: 01 21 03 04 | 01
#0470-d133 @A: 19 23 04 01 | 04
#0471-d133 @A: 26 33 11 04 | 07
#0472-d133 @A: 12 31 34 04 | 12
#0473-d133 @A: 18 32 04 24 | 05
#0474-d133 @A: 14 34 35 33 | 08
#0475-d133 @A: 35 11 22 14 | 11
#0476-d133 @A: 07 14 17 19 | 09
#0477-d133 @A: 08 14 33 21 | 06
#0478-d133 @A: 14 08 01 15 | 03
#0479-d133 @A: 17 14 22 01 | 10
#0480-d133 @A: 19 14 33 03 | 02
#0481-d133 @A: 21 16 35 12 | 01
#0482-d133 @A: 16 31 35 33 | 04
#0483-d133 @A: 16 33 07 15 | 07
#0484-d133 @A: 21 34 16 15 | 12
#0485-d133 @A: 24 17 13 16 | 05
#0486-d133 @A: 08 02 07 35 | 08
#0487-d133 @A: 35 21 25 17 | 11
#0488-d133 @A: 35 08 25 24 | 09
#0489-d133 @A: 17 35 08 19 | 06
#0490-d133 @A: 03 35 19 18 | 03
#0491-d133 @A: 25 01 12 07 | 10
#0492-d133 @A: 26 07 03 34 | 02
#0493-d133 @A: 07 02 31 32 | 01
#0494-d133 @A: 07 18 32 13 | 04
#0495-d133 @A: 27 07 24 13 | 07
#0496-d133 @A: 17 18 07 26 | 12
#0497-d133 @A: 34 07 11 27 | 05
#0498-d133 @A: 07 24 06 18 | 08
#0499-d133 @A: 33 23 19 25 | 11
#0500-d133 @A: 32 25 24 30 | 09
#0501-d133 @A: 24 25 02 34 | 06
#0502-d133 @A: 23 30 01 21 | 03
#0503-d133 @A: 21 02 01 18 | 10
#0504-d133 @A: 23 03 21 19 | 02
#0505-d133 @A: 34 27 23 21 | 01
#0506-d133 @A: 22 21 24 15 | 04
#0507-d133 @A: 02 11 19 01 | 07
#0508-d133 @A: 23 01 34 03 | 12
#0509-d133 @A: 26 01 23 31 | 05
#0510-d133 @A: 31 24 01 22 | 08
#0511-d133 @A: 15 31 27 01 | 11
#0512-d133 @A: 26 11 01 32 | 09
#0513-d133 @A: 34 12 01 26 | 06
#0514-d133 @A: 23 18 26 19 | 03
#0515-d133 @A: 19 13 12 32 | 10
#0516-d133 @A: 18 34 19 13 | 02
#0517-d133 @A: 13 03 11 30 | 01
#0518-d133 @A: 30 13 17 06 | 04
#0519-d133 @A: 30 27 18 11 | 07
#0520-d133 @A: 30 32 02 18 | 12
#0521-d133 @A: 18 12 30 24 | 05
#0522-d133 @A: 12 08 27 26 | 08
#0523-d133 @A: 33 23 03 26 | 11
#0524-d133 @A: 03 18 12 33 | 09
#0525-d133 @A: 11 13 23 33 | 06
#0526-d133 @A: 06 23 33 18 | 03
#0527-d133 @A: 27 23 33 15 | 10
#0528-d133 @A: 18 33 17 13 | 02
#0529-d133 @A: 12 33 34 11 | 01
#0530-d133 @A: 33 24 34 27 | 04
#0531-d133 @A: 02 12 26 03 | 07
#0532-d133 @A: 11 31 02 24 | 12
#0533-d133 @A: 15 02 31 27 | 05
#0534-d133 @A: 10 05 27 19 | 08
#0535-d133 @A: 10 32 05 33 | 11
#0536-d133 @A: 12 09 10 16 | 09
#0537-d133 @A: 32 09 01 10 | 06
#0538-d133 @A: 10 29 14 23 | 03
#0539-d133 @A: 29 12 10 21 | 10
#0540-d133 @A: 19 10 28 04 | 02
#0541-d133 @A: 27 10 23 20 | 01
#0542-d133 @A: 12 20 10 02 | 04
#0543-d133 @A: 10 15 04 13 | 07
#0544-d133 @A: 13 14 21 10 | 12
#0545-d133 @A: 18 10 08 14 | 05
#0546-d133 @A: 23 10 01 16 | 08
#0547-d133 @A: 27 10 22 35 | 11
#0548-d133 @A: 22 35 10 02 | 09
#0549-d133 @A: 15 10 32 07 | 06
#0550-d133 @A: 10 01 18 30 | 03
#0551-d133 @A: 19 33 18 10 | 10
#0552-d133 @A: 10 23 11 19 | 02
#0553-d133 @A: 10 06 30 08 | 01
#0554-d133 @A: 03 33 10 31 | 04
#0555-d133 @A: 12 23 10 34 | 07
#0556-d133 @A: 26 17 27 10 | 12
#0557-d133 @A: 30 09 27 05 | 05
#0558-d133 @A: 31 35 29 05 | 08
#0559-d133 @A: 01 29 05 27 | 11
#0560-d133 @A: 29 05 19 12 | 09
#0561-d133 @A: 28 19 05 32 | 06
#0562-d133 @A: 02 05 04 03 | 03
#0563-d133 @A: 32 05 34 04 | 10
#0564-d133 @A: 05 35 16 13 | 02
#0565-d133 @A: 16 15 05 01 | 01
#0566-d133 @A: 07 17 22 05 | 04
#0567-d133 @A: 25 05 24 15 | 07
#0568-d133 @A: 05 34 03 17 | 12
#0569-d133 @A: 05 23 11 24 | 05
#0570-d133 @A: 06 05 34 23 | 08
#0571-d133 @A: 29 14 06 09 | 11
#0572-d133 @A: 09 35 02 29 | 09
#0573-d133 @A: 09 28 04 18 | 06
#0574-d133 @A: 14 09 20 12 | 03
#0575-d133 @A: 20 13 18 09 | 10
#0576-d133 @A: 04 09 06 19 | 02
#0577-d133 @A: 08 04 09 27 | 01
#0578-d133 @A: 14 16 15 09 | 04
#0579-d133 @A: 08 14 26 09 | 07
#0580-d133 @A: 09 16 19 17 | 12
#0581-d133 @A: 34 16 09 33 | 05
#0582-d133 @A: 13 31 09 07 | 08
#0583-d133 @A: 27 26 09 21 | 11
#0584-d133 @A: 22 03 09 27 | 09
#0585-d133 @A: 11 26 09 23 | 06
#0586-d133 @A: 18 09 34 23 | 03
#0587-d133 @A: 09 17 06 26 | 10
#0588-d133 @A: 29 23 20 19 | 02
#0589-d133 @A: 22 25 02 29 | 01
#0590-d133 @A: 33 01 15 29 | 04
#0591-d133 @A: 02 32 01 29 | 07
#0592-d133 @A: 26 29 19 08 | 12
#0593-d133 @A: 33 29 13 22 | 05
#0594-d133 @A: 03 34 24 29 | 08
#0595-d133 @A: 31 29 17 23 | 11
#0596-d133 @A: 29 18 12 31 | 09
#0597-d133 @A: 02 18 29 15 | 06
#0598-d133 @A: 21 20 28 32 | 03
#0599-d133 @A: 28 18 20 06 | 10
#0600-d133 @A: 11 16 07 28 | 02
#0601-d133 @A: 17 35 28 34 | 01
#0602-d133 @A: 01 25 28 30 | 04
#0603-d133 @A: 01 24 21 28 | 07
#0604-d133 @A: 28 08 19 18 | 12
#0605-d133 @A: 28 26 34 32 | 05
#0606-d133 @A: 15 12 32 28 | 08
#0607-d133 @A: 15 34 28 18 | 11
#0608-d133 @A: 20 18 04 19 | 09
#0609-d133 @A: 14 11 21 20 | 06
#0610-d133 @A: 06 35 20 01 | 03
#0611-d133 @A: 07 20 19 12 | 10
#0612-d133 @A: 20 07 31 32 | 02
#0613-d133 @A: 15 20 21 27 | 01
#0614-d133 @A: 19 17 20 01 | 04
#0615-d133 @A: 14 04 24 25 | 07
#0616-d133 @A: 04 21 16 18 | 12
#0617-d133 @A: 16 03 19 04 | 05
#0618-d133 @A: 30 04 11 25 | 08
#0619-d133 @A: 30 21 24 04 | 11
#0620-d133 @A: 01 06 08 04 | 09
#0621-d133 @A: 18 22 23 04 | 06
#0622-d133 @A: 06 15 04 02 | 03
#0623-d133 @A: 16 14 24 30 | 10
#0624-d133 @A: 12 33 16 14 | 02
#0625-d133 @A: 03 21 14 27 | 01
#0626-d133 @A: 24 14 17 03 | 04
#0627-d133 @A: 14 17 13 34 | 07
#0628-d133 @A: 16 18 35 30 | 12
#0629-d133 @A: 16 01 31 25 | 05
#0630-d133 @A: 08 16 25 12 | 08
#0631-d133 @A: 11 16 33 01 | 11
#0632-d133 @A: 16 33 26 30 | 09
#0633-d133 @A: 16 26 03 27 | 06
#0634-d133 @A: 03 16 18 11 | 03
#0635-d133 @A: 24 06 16 03 | 10
#0636-d133 @A: 17 34 18 16 | 02
#0637-d133 @A: 21 35 08 06 | 01
#0638-d133 @A: 30 11 24 35 | 04
#0639-d133 @A: 23 03 31 35 | 07
#0640-d133 @A: 27 31 32 35 | 12
#0641-d133 @A: 35 23 06 13 | 05
#0642-d133 @A: 23 17 11 35 | 08
#0643-d133 @A: 07 08 23 25 | 11
#0644-d133 @A: 21 30 07 27 | 09
#0645-d133 @A: 22 01 07 19 | 06
#0646-d133 @A: 13 07 03 22 | 03
#0647-d133 @A: 07 22 15 18 | 10
#0648-d133 @A: 13 07 17 12 | 02
#0649-d133 @A: 07 11 15 12 | 01
#0650-d133 @A: 24 17 02 07 | 04
#0651-d133 @A: 21 27 25 01 | 07
#0652-d133 @A: 25 02 01 27 | 12
#0653-d133 @A: 25 02 13 31 | 05
#0654-d133 @A: 25 11 27 26 | 08
#0655-d133 @A: 30 34 19 21 | 11
#0656-d133 @A: 33 12 24 21 | 09
#0657-d133 @A: 06 21 12 13 | 06
#0658-d133 @A: 03 32 01 18 | 03
#0659-d133 @A: 23 24 01 15 | 10
#0660-d133 @A: 26 01 17 24 | 02
#0661-d133 @A: 24 27 32 01 | 01
#0662-d133 @A: 30 33 19 11 | 04
#0663-d133 @A: 03 15 19 17 | 07
#0664-d133 @A: 34 19 02 31 | 12
#0665-d133 @A: 11 13 19 17 | 05
#0666-d133 @A: 31 17 30 03 | 08
#0667-d133 @A: 34 30 32 23 | 11
#0668-d133 @A: 12 30 11 22 | 09
#0669-d133 @A: 06 12 26 30 | 06
#0670-d133 @A: 08 33 26 34 | 03
#0671-d133 @A: 03 08 23 13 | 10
#0672-d133 @A: 03 08 11 22 | 02
#0673-d133 @A: 13 11 34 08 | 01
#0674-d133 @A: 26 27 33 22 | 04
#0675-d133 @A: 15 02 23 12 | 07
#0676-d133 @A: 34 02 32 11 | 12
#0677-d133 @A: 10 05 26 22 | 05
#0678-d133 @A: 13 10 29 20 | 08
#0679-d133 @A: 30 29 10 24 | 11
#0680-d133 @A: 10 33 29 26 | 09
#0681-d133 @A: 26 28 06 10 | 06
#0682-d133 @A: 19 20 10 15 | 03
#0683-d133 @A: 16 30 10 25 | 10
#0684-d133 @A: 10 16 06 02 | 02
#0685-d133 @A: 10 35 30 32 | 01
#0686-d133 @A: 25 01 24 10 | 04
#0687-d133 @A: 10 33 06 01 | 07
#0688-d133 @A: 34 03 08 10 | 12
#0689-d133 @A: 23 10 03 22 | 05
#0690-d133 @A: 11 31 27 10 | 08
#0691-d133 @A: 17 22 12 10 | 11
#0692-d133 @A: 10 22 24 34 | 09
#0693-d133 @A: 05 22 09 14 | 06
#0694-d133 @A: 05 18 04 29 | 03
#0695-d133 @A: 07 15 05 14 | 10
#0696-d133 @A: 08 23 14 05 | 02
#0697-d133 @A: 21 31 01 05 | 01
#0698-d133 @A: 05 33 19 13 | 04
#0699-d133 @A: 15 19 05 02 | 07
#0700-d133 @A: 30 02 17 05 | 12
#0701-d133 @A: 23 05 22 31 | 05
#0702-d133 @A: 09 01 29 28 | 08
#0703-d133 @A: 09 22 33 28 | 11
#0704-d133 @A: 06 20 16 09 | 09
#0705-d133 @A: 20 09 21 25 | 06
#0706-d133 @A: 09 04 31 16 | 03
#0707-d133 @A: 21 14 23 09 | 10
#0708-d133 @A: 07 09 22 35 | 02
#0709-d133 @A: 09 02 03 07 | 01
#0710-d133 @A: 31 21 09 08 | 04
#0711-d133 @A: 30 17 15 09 | 07
#0712-d133 @A: 24 13 09 23 | 12
#0713-d133 @A: 09 34 26 22 | 05
#0714-d133 @A: 09 17 11 32 | 08
#0715-d133 @A: 24 28 25 29 | 11
#0716-d133 @A: 20 14 24 29 | 09
#0717-d133 @A: 29 15 04 25 | 06
#0718-d133 @A: 23 30 29 16 | 03
#0719-d133 @A: 25 29 01 18 | 10
#0720-d133 @A: 32 01 31 29 | 02
#0721-d133 @A: 29 17 03 22 | 01
#0722-d133 @A: 29 31 22 02 | 04
#0723-d133 @A: 29 34 23 26 | 07
#0724-d133 @A: 23 29 18 11 | 12
#0725-d133 @A: 32 23 12 29 | 05
#0726-d133 @A: 29 24 32 13 | 08
#0727-d133 @A: 34 29 27 15 | 11
#0728-d133 @A: 20 28 34 04 | 09
#0729-d133 @A: 20 15 01 28 | 06
#0730-d133 @A: 20 28 03 30 | 03
#0731-d133 @A: 28 07 24 04 | 10
#0732-d133 @A: 14 28 31 25 | 02
#0733-d133 @A: 28 35 13 32 | 01
#0734-d133 @A: 07 28 01 32 | 04
#0735-d133 @A: 06 21 25 28 | 07
#0736-d133 @A: 08 28 34 25 | 12
#0737-d133 @A: 28 33 26 21 | 05
#0738-d133 @A: 17 01 28 11 | 08
#0739-d133 @A: 08 30 28 11 | 11
#0740-d133 @A: 28 33 13 24 | 09
#0741-d133 @A: 28 18 13 11 | 06
#0742-d133 @A: 27 28 02 17 | 03
#0743-d133 @A: 04 02 16 20 | 10
#0744-d133 @A: 20 16 23 14 | 02
#0745-d133 @A: 20 16 11 19 | 01
#0746-d133 @A: 15 31 16 20 | 04
#0747-d133 @A: 16 15 02 20 | 07
#0748-d133 @A: 20 01 25 34 | 12
#0749-d133 @A: 21 01 13 20 | 05
#0750-d133 @A: 30 01 24 20 | 08
#0751-d133 @A: 20 19 32 33 | 11
#0752-d133 @A: 13 20 03 19 | 09
#0753-d133 @A: 26 34 20 30 | 06
#0754-d133 @A: 02 26 20 33 | 03
#0755-d133 @A: 04 21 14 26 | 10
#0756-d133 @A: 04 14 01 18 | 02
#0757-d133 @A: 04 14 12 19 | 01
#0758-d133 @A: 02 18 14 04 | 04
#0759-d133 @A: 06 04 16 22 | 07
#0760-d133 @A: 13 12 16 04 | 12
#0761-d133 @A: 04 35 34 08 | 05
#0762-d133 @A: 23 04 25 03 | 08
#0763-d133 @A: 04 19 22 30 | 11
#0764-d133 @A: 04 12 03 24 | 09
#0765-d133 @A: 12 11 04 23 | 06
#0766-d133 @A: 13 04 26 24 | 03
#0767-d133 @A: 04 27 06 12 | 10
#0768-d133 @A: 17 35 16 14 | 02
#0769-d133 @A: 25 26 14 35 | 01
#0770-d133 @A: 21 18 30 14 | 04
#0771-d133 @A: 33 24 14 01 | 07
#0772-d133 @A: 30 32 14 19 | 12
#0773-d133 @A: 23 18 03 14 | 05
#0774-d133 @A: 23 31 15 14 | 08
#0775-d133 @A: 22 12 15 14 | 11
#0776-d133 @A: 14 18 17 15 | 09
#0777-d133 @A: 02 07 16 27 | 06
#0778-d133 @A: 19 32 16 25 | 03
#0779-d133 @A: 16 23 33 21 | 10
#0780-d133 @A: 06 17 16 32 | 02
#0781-d133 @A: 17 16 15 12 | 01
#0782-d133 @A: 21 19 35 24 | 04
#0783-d133 @A: 01 35 27 03 | 07
#0784-d133 @A: 01 17 35 18 | 12
#0785-d133 @A: 12 35 19 30 | 05
#0786-d133 @A: 19 35 26 31 | 08
#0787-d133 @A: 35 30 08 27 | 11
#0788-d133 @A: 03 12 35 06 | 09
#0789-d133 @A: 24 35 31 17 | 06
#0790-d133 @A: 12 23 35 22 | 03
#0791-d133 @A: 24 23 35 26 | 10
#0792-d133 @A: 35 15 22 32 | 02
#0793-d133 @A: 26 35 06 27 | 01
#0794-d133 @A: 27 15 35 17 | 04
#0795-d133 @A: 27 34 12 35 | 07
#0796-d133 @A: 32 03 07 25 | 12
#0797-d133 @A: 01 07 30 11 | 05
#0798-d133 @A: 26 33 19 07 | 08
#0799-d133 @A: 03 07 23 06 | 11
#0800-d133 @A: 07 11 03 17 | 09
#0801-d133 @A: 22 27 07 06 | 06
#0802-d133 @A: 32 21 25 02 | 03
#0803-d133 @A: 25 30 12 13 | 10
#0804-d133 @A: 25 31 11 03 | 02
#0805-d133 @A: 25 03 34 02 | 01
#0806-d133 @A: 25 17 18 31 | 04
#0807-d133 @A: 25 12 15 31 | 07
#0808-d133 @A: 25 32 26 06 | 12
#0809-d133 @A: 21 01 17 33 | 05
#0810-d133 @A: 02 19 21 31 | 08
#0811-d133 @A: 30 21 17 08 | 11
#0812-d133 @A: 11 21 13 26 | 09
#0813-d133 @A: 21 34 24 26 | 06
#0814-d133 @A: 21 06 34 11 | 03
#0815-d133 @A: 24 12 01 08 | 10
#0816-d133 @A: 01 12 13 22 | 02
#0817-d133 @A: 13 24 06 01 | 01
#0818-d133 @A: 26 24 01 02 | 04
#0819-d133 @A: 27 18 01 12 | 07
#0820-d133 @A: 24 01 18 34 | 12
#0821-d133 @A: 33 15 22 19 | 05
#0822-d133 @A: 03 19 31 22 | 08
#0823-d133 @A: 32 11 19 22 | 11
#0824-d133 @A: 19 15 26 34 | 09
#0825-d133 @A: 17 18 19 06 | 06
#0826-d133 @A: 15 27 19 18 | 03
#0827-d133 @A: 30 27 03 32 | 10
#0828-d133 @A: 15 30 31 32 | 02
#0829-d133 @A: 17 30 34 27 | 01
#0830-d133 @A: 08 06 33 24 | 04
#0831-d133 @A: 24 22 08 27 | 07
#0832-d133 @A: 08 34 22 12 | 12
#0833-d133 @A: 06 17 34 08 | 05
#0834-d133 @A: 18 24 33 31 | 08
#0835-d133 @A: 33 22 24 11 | 11
#0836-d133 @A: 27 06 33 11 | 09
#0837-d133 @A: 11 33 15 17 | 06
#0838-d133 @A: 33 12 17 06 | 03
#0839-d133 @A: 22 18 23 02 | 10
#0840-d133 @A: 32 12 02 17 | 02
#0841-d133 @A: 35 10 13 09 | 01
#0842-d133 @A: 10 09 21 07 | 04
#0843-d133 @A: 27 09 10 06 | 07
#0844-d133 @A: 29 10 18 28 | 12
#0845-d133 @A: 10 35 34 29 | 05
#0846-d133 @A: 02 21 10 28 | 08
#0847-d133 @A: 28 23 10 08 | 11
#0848-d133 @A: 16 06 13 10 | 09
#0849-d133 @A: 35 33 11 10 | 06
#0850-d133 @A: 10 01 07 17 | 03
#0851-d133 @A: 23 07 24 10 | 10
#0852-d133 @A: 30 21 10 22 | 02
#0853-d133 @A: 10 30 19 31 | 01
#0854-d133 @A: 22 31 15 10 | 04
#0855-d133 @A: 34 10 27 13 | 07
#0856-d133 @A: 15 10 34 06 | 12
#0857-d133 @A: 09 16 05 23 | 05
#0858-d133 @A: 28 24 05 16 | 08
#0859-d133 @A: 28 05 30 18 | 11
#0860-d133 @A: 02 05 28 34 | 09
#0861-d133 @A: 04 05 20 11 | 06
#0862-d133 @A: 03 20 05 01 | 03
#0863-d133 @A: 05 15 32 20 | 10
#0864-d133 @A: 04 19 05 15 | 02
#0865-d133 @A: 33 16 05 03 | 01
#0866-d133 @A: 05 07 01 34 | 04
#0867-d133 @A: 08 11 07 05 | 07
#0868-d133 @A: 01 25 11 05 | 12
#0869-d133 @A: 19 05 21 22 | 05
#0870-d133 @A: 05 19 08 34 | 08
#0871-d133 @A: 32 13 05 31 | 11
#0872-d133 @A: 15 12 27 05 | 09
#0873-d133 @A: 28 32 09 08 | 06
#0874-d133 @A: 02 23 28 09 | 03
#0875-d133 @A: 23 04 20 09 | 10
#0876-d133 @A: 14 17 33 09 | 02
#0877-d133 @A: 12 09 25 35 | 01
#0878-d133 @A: 26 03 09 13 | 04
#0879-d133 @A: 22 09 11 18 | 07
#0880-d133 @A: 06 31 28 29 | 12
#0881-d133 @A: 35 20 29 15 | 05
#0882-d133 @A: 20 17 07 29 | 08
#0883-d133 @A: 30 18 20 29 | 11
#0884-d133 @A: 29 07 34 04 | 09
#0885-d133 @A: 27 14 08 29 | 06
#0886-d133 @A: 29 26 03 14 | 03
#0887-d133 @A: 34 14 29 31 | 10
#0888-d133 @A: 33 03 29 21 | 02
#0889-d133 @A: 32 29 19 03 | 01
#0890-d133 @A: 13 23 15 29 | 04
#0891-d133 @A: 28 11 14 04 | 07
#0892-d133 @A: 28 07 21 12 | 12
#0893-d133 @A: 28 33 19 34 | 05
#0894-d133 @A: 28 03 12 31 | 08
#0895-d133 @A: 24 03 28 23 | 11
#0896-d133 @A: 28 03 22 18 | 09
#0897-d133 @A: 02 28 06 31 | 06
#0898-d133 @A: 24 28 32 22 | 03
#0899-d133 @A: 28 02 15 26 | 10
#0900-d133 @A: 04 08 20 13 | 02
#0901-d133 @A: 07 14 06 20 | 01
#0902-d133 @A: 26 01 20 14 | 04
#0903-d133 @A: 33 20 11 07 | 07
#0904-d133 @A: 25 08 20 32 | 12
#0905-d133 @A: 27 19 20 08 | 05
#0906-d133 @A: 20 32 30 22 | 08
#0907-d133 @A: 18 23 15 20 | 11
#0908-d133 @A: 12 13 27 20 | 09
#0909-d133 @A: 20 32 11 12 | 06
#0910-d133 @A: 06 20 34 12 | 03
#0911-d133 @A: 04 27 22 01 | 10
#0912-d133 @A: 26 08 30 04 | 02
#0913-d133 @A: 34 03 11 04 | 01
#0914-d133 @A: 04 17 15 31 | 04
#0915-d133 @A: 23 17 04 32 | 07
#0916-d133 @A: 04 22 02 26 | 12
#0917-d133 @A: 04 06 24 11 | 05
#0918-d133 @A: 14 18 12 35 | 08
#0919-d133 @A: 14 07 21 34 | 11
#0920-d133 @A: 21 15 25 14 | 09
#0921-d133 @A: 08 13 25 14 | 06
#0922-d133 @A: 14 24 06 21 | 03
#0923-d133 @A: 19 14 23 34 | 10
#0924-d133 @A: 08 22 30 14 | 02
#0925-d133 @A: 32 31 14 11 | 01
#0926-d133 @A: 26 14 34 02 | 04
#0927-d133 @A: 17 27 14 06 | 07
#0928-d133 @A: 13 07 16 23 | 12
#0929-d133 @A: 11 08 21 16 | 05
#0930-d133 @A: 22 16 01 18 | 08
#0931-d133 @A: 31 22 30 16 | 11
#0932-d133 @A: 32 16 31 26 | 09
#0933-d133 @A: 16 11 31 17 | 06
#0934-d133 @A: 13 02 16 22 | 03
#0935-d133 @A: 16 12 26 24 | 10
#0936-d133 @A: 27 16 24 11 | 02
#0937-d133 @A: 24 35 03 07 | 01
#0938-d133 @A: 11 15 03 35 | 04
#0939-d133 @A: 34 15 23 35 | 07
#0940-d133 @A: 35 32 17 26 | 12
#0941-d133 @A: 19 25 15 07 | 05
#0942-d133 @A: 07 24 25 33 | 08
#0943-d133 @A: 15 25 07 02 | 11
#0944-d133 @A: 07 02 01 06 | 09
#0945-d133 @A: 15 13 34 07 | 06
#0946-d133 @A: 19 24 25 11 | 03
#0947-d133 @A: 23 06 30 25 | 10
#0948-d133 @A: 25 17 27 08 | 02
#0949-d133 @A: 34 18 21 12 | 01
#0950-d133 @A: 21 02 27 12 | 04
#0951-d133 @A: 19 01 33 08 | 07
#0952-d133 @A: 11 19 27 01 | 12
#0953-d133 @A: 01 33 23 12 | 05
#0954-d133 @A: 11 01 23 06 | 08
#0955-d133 @A: 22 18 19 24 | 11
#0956-d133 @A: 13 19 15 24 | 09
#0957-d133 @A: 03 33 34 30 | 06
#0958-d133 @A: 31 27 30 26 | 03
#0959-d133 @A: 30 11 31 34 | 10
#0960-d133 @A: 22 30 34 13 | 02
#0961-d133 @A: 17 26 11 30 | 01
#0962-d133 @A: 15 24 26 30 | 04
#0963-d133 @A: 11 12 02 30 | 07
#0964-d133 @A: 06 30 24 34 | 12
#0965-d133 @A: 24 32 08 31 | 05
#0966-d133 @A: 08 24 15 02 | 08
#0967-d133 @A: 24 03 15 33 | 11
#0968-d133 @A: 32 33 18 22 | 09
#0969-d133 @A: 34 02 33 22 | 06
#0970-d133 @A: 33 24 26 32 | 03
#0971-d133 @A: 03 27 02 22 | 10
#0972-d133 @A: 18 02 12 31 | 02
#0973-d133 @A: 11 06 13 02 | 01
#0974-d133 @A: 35 17 10 05 | 04
#0975-d133 @A: 05 08 15 10 | 07
#0976-d133 @A: 10 15 16 29 | 12
#0977-d133 @A: 07 10 27 29 | 05
#0978-d133 @A: 20 21 10 06 | 08
#0979-d133 @A: 12 10 20 01 | 11
#0980-d133 @A: 24 10 19 14 | 09
#0981-d133 @A: 10 24 32 16 | 06
#0982-d133 @A: 10 21 23 35 | 03
#0983-d133 @A: 21 19 17 10 | 10
#0984-d133 @A: 10 03 01 02 | 02
#0985-d133 @A: 30 27 12 10 | 01
#0986-d133 @A: 10 11 26 03 | 04
#0987-d133 @A: 10 13 23 26 | 07
#0988-d133 @A: 07 05 12 09 | 12
#0989-d133 @A: 13 21 09 05 | 05
#0990-d133 @A: 21 20 29 05 | 08
#0991-d133 @A: 05 14 29 30 | 11
#0992-d133 @A: 05 32 29 26 | 09
#0993-d133 @A: 05 29 26 02 | 06
#0994-d133 @A: 05 04 03 35 | 03
#0995-d133 @A: 04 01 05 12 | 10
#0996-d133 @A: 22 08 05 04 | 02
#0997-d133 @A: 14 11 16 05 | 01
#0998-d133 @A: 35 30 01 05 | 04
#0999-d133 @A: 06 21 05 07 | 07
#1000-d133 @A: 27 25 05 31 | 12
#1001-d133 @A: 21 33 05 18 | 05
#1002-d133 @A: 05 30 15 23 | 08
#1003-d133 @A: 05 15 31 06 | 11
#1004-d133 @A: 22 12 18 05 | 09
#1005-d133 @A: 05 13 15 26 | 06
#1006-d133 @A: 18 13 05 02 | 03
#1007-d133 @A: 35 09 20 26 | 10
#1008-d133 @A: 09 21 04 32 | 02
#1009-d133 @A: 02 04 31 09 | 01
#1010-d133 @A: 09 24 14 07 | 04
#1011-d133 @A: 34 09 27 14 | 07
#1012-d133 @A: 09 35 18 33 | 12
#1013-d133 @A: 08 25 09 06 | 05
#1014-d133 @A: 13 09 17 01 | 08
#1015-d133 @A: 24 19 26 09 | 11
#1016-d133 @A: 08 24 30 09 | 09
#1017-d133 @A: 09 02 22 11 | 06
#1018-d133 @A: 11 12 13 09 | 03
#1019-d133 @A: 35 29 14 28 | 10
#1020-d133 @A: 29 03 07 28 | 02
#1021-d133 @A: 29 24 35 18 | 01
#1022-d133 @A: 19 29 07 18 | 04
#1023-d133 @A: 29 02 21 03 | 07
#1024-d133 @A: 24 29 22 12 | 12
#1025-d133 @A: 11 15 24 29 | 05
#1026-d133 @A: 28 20 17 14 | 08
#1027-d133 @A: 22 04 21 28 | 11
#1028-d133 @A: 15 04 28 27 | 09
#1029-d133 @A: 14 08 28 24 | 06
#1030-d133 @A: 28 26 08 07 | 03
#1031-d133 @A: 27 08 21 28 | 10
#1032-d133 @A: 28 01 33 31 | 02
#1033-d133 @A: 27 19 26 28 | 01
#1034-d133 @A: 13 28 02 33 | 04
#1035-d133 @A: 20 27 04 24 | 07
#1036-d133 @A: 20 15 30 14 | 12
#1037-d133 @A: 20 16 24 08 | 05
#1038-d133 @A: 20 21 07 24 | 08
#1039-d133 @A: 02 07 20 22 | 11
#1040-d133 @A: 21 12 20 30 | 09
#1041-d133 @A: 20 02 19 06 | 06
#1042-d133 @A: 03 20 23 11 | 03
#1043-d133 @A: 31 20 22 06 | 10
#1044-d133 @A: 20 13 26 22 | 02
#1045-d133 @A: 15 20 17 22 | 01
#1046-d133 @A: 15 35 04 14 | 04
#1047-d133 @A: 04 21 11 35 | 07
#1048-d133 @A: 04 25 12 21 | 12
#1049-d133 @A: 25 19 04 26 | 05
#1050-d133 @A: 34 06 04 25 | 08
#1051-d133 @A: 22 04 13 31 | 11
#1052-d133 @A: 04 23 27 26 | 09
#1053-d133 @A: 04 17 24 22 | 06
#1054-d133 @A: 24 12 02 04 | 03
#1055-d133 @A: 16 14 07 26 | 10
#1056-d133 @A: 19 14 35 06 | 02
#1057-d133 @A: 07 22 25 14 | 01
#1058-d133 @A: 14 17 02 19 | 04
#1059-d133 @A: 14 30 23 11 | 07
#1060-d133 @A: 03 31 06 14 | 12
#1061-d133 @A: 32 14 13 23 | 05
#1062-d133 @A: 11 14 24 34 | 08
#1063-d133 @A: 12 32 14 17 | 11
#1064-d133 @A: 25 16 35 15 | 09
#1065-d133 @A: 16 34 24 35 | 06
#1066-d133 @A: 07 25 27 16 | 03
#1067-d133 @A: 16 34 25 23 | 10
#1068-d133 @A: 16 06 01 21 | 02
#1069-d133 @A: 16 19 15 30 | 01
#1070-d133 @A: 31 34 03 16 | 04
#1071-d133 @A: 31 12 06 16 | 07
#1072-d133 @A: 17 22 23 16 | 12
#1073-d133 @A: 16 34 22 32 | 05
#1074-d133 @A: 18 06 15 16 | 08
#1075-d133 @A: 31 21 22 35 | 11
#1076-d133 @A: 26 01 33 35 | 09
#1077-d133 @A: 35 06 31 11 | 06
#1078-d133 @A: 18 35 34 06 | 03
#1079-d133 @A: 15 21 07 01 | 10
#1080-d133 @A: 33 07 30 12 | 02
#1081-d133 @A: 22 07 31 34 | 01
#1082-d133 @A: 31 07 15 24 | 04
#1083-d133 @A: 26 13 07 02 | 07
#1084-d133 @A: 06 11 13 07 | 12
#1085-d133 @A: 15 25 03 18 | 05
#1086-d133 @A: 32 25 12 34 | 08
#1087-d133 @A: 21 26 22 01 | 11
#1088-d133 @A: 30 02 21 33 | 09
#1089-d133 @A: 02 08 22 21 | 06
#1090-d133 @A: 13 21 15 03 | 03
#1091-d133 @A: 12 21 03 11 | 10
#1092-d133 @A: 03 17 06 21 | 02
#1093-d133 @A: 17 23 21 13 | 01
#1094-d133 @A: 08 30 01 31 | 04
#1095-d133 @A: 13 03 31 01 | 07
#1096-d133 @A: 11 01 12 31 | 12
#1097-d133 @A: 01 02 23 13 | 05
#1098-d133 @A: 32 34 31 19 | 08
#1099-d133 @A: 19 12 31 27 | 11
#1100-d133 @A: 19 23 06 27 | 09
#1101-d133 @A: 22 19 26 17 | 06
#1102-d133 @A: 19 27 34 22 | 03
#1103-d133 @A: 06 24 19 32 | 10
#1104-d133 @A: 12 34 19 17 | 02
#1105-d133 @A: 08 18 30 34 | 01
#1106-d133 @A: 18 30 31 23 | 04
#1107-d133 @A: 27 15 22 30 | 07
#1108-d133 @A: 03 32 12 08 | 12
#1109-d133 @A: 15 03 27 08 | 05
#1110-d133 @A: 34 08 31 15 | 08
#1111-d133 @A: 34 24 23 08 | 11
#1112-d133 @A: 33 18 03 02 | 09
#1113-d133 @A: 32 31 33 17 | 06
#1114-d133 @A: 06 34 33 13 | 03
#1115-d133 @A: 32 26 06 02 | 10
#1116-d133 @A: 05 04 10 31 | 02
#1117-d133 @A: 10 30 09 26 | 01
#1118-d133 @A: 08 10 11 09 | 04
#1119-d133 @A: 29 10 08 32 | 07
#1120-d133 @A: 16 10 34 28 | 12
#1121-d133 @A: 10 28 07 31 | 05
#1122-d133 @A: 21 10 28 03 | 08
#1123-d133 @A: 24 20 10 18 | 11
#1124-d133 @A: 04 34 21 10 | 09
#1125-d133 @A: 33 10 12 04 | 06
#1126-d133 @A: 19 07 35 10 | 03
#1127-d133 @A: 07 33 10 02 | 10
#1128-d133 @A: 12 25 19 10 | 02
#1129-d133 @A: 19 26 32 10 | 01
#1130-d133 @A: 26 10 24 31 | 04
#1131-d133 @A: 10 11 12 24 | 07
#1132-d133 @A: 18 10 02 34 | 12
#1133-d133 @A: 03 14 28 05 | 05
#1134-d133 @A: 01 05 23 28 | 08
#1135-d133 @A: 33 28 05 17 | 11
#1136-d133 @A: 05 20 14 34 | 09
#1137-d133 @A: 05 16 08 27 | 06
#1138-d133 @A: 05 11 16 02 | 03
#1139-d133 @A: 05 16 18 32 | 10
#1140-d133 @A: 34 12 05 16 | 02
#1141-d133 @A: 35 05 25 23 | 01
#1142-d133 @A: 15 05 21 17 | 04
#1143-d133 @A: 08 01 17 05 | 07
#1144-d133 @A: 02 22 01 05 | 12
#1145-d133 @A: 32 05 12 30 | 05
#1146-d133 @A: 26 11 05 18 | 08
#1147-d133 @A: 17 12 11 05 | 11
#1148-d133 @A: 05 27 06 24 | 09
#1149-d133 @A: 17 09 25 29 | 06
#1150-d133 @A: 06 11 09 28 | 03
#1151-d133 @A: 09 30 14 25 | 10
#1152-d133 @A: 09 16 22 21 | 02
#1153-d133 @A: 08 07 17 09 | 01
#1154-d133 @A: 01 25 09 15 | 04
#1155-d133 @A: 02 24 30 09 | 07
#1156-d133 @A: 02 33 09 08 | 12
#1157-d133 @A: 03 09 23 17 | 05
#1158-d133 @A: 09 34 12 03 | 08
#1159-d133 @A: 09 12 31 26 | 11
#1160-d133 @A: 24 31 09 11 | 09
#1161-d133 @A: 09 32 15 26 | 06
#1162-d133 @A: 28 20 29 26 | 03
#1163-d133 @A: 16 20 29 34 | 10
#1164-d133 @A: 06 08 20 29 | 02
#1165-d133 @A: 20 33 27 29 | 01
#1166-d133 @A: 29 25 32 14 | 04
#1167-d133 @A: 32 29 33 07 | 07
#1168-d133 @A: 29 24 23 06 | 12
#1169-d133 @A: 29 17 27 13 | 05
#1170-d133 @A: 12 13 34 29 | 08
#1171-d133 @A: 02 29 06 12 | 11
#1172-d133 @A: 28 04 30 32 | 09
#1173-d133 @A: 26 14 30 28 | 06
#1174-d133 @A: 08 15 16 28 | 03
#1175-d133 @A: 23 28 31 16 | 10
#1176-d133 @A: 12 28 16 02 | 02
#1177-d133 @A: 31 28 17 19 | 01
#1178-d133 @A: 28 13 03 34 | 04
#1179-d133 @A: 18 28 32 31 | 07
#1180-d133 @A: 28 15 13 06 | 12
#1181-d133 @A: 24 15 17 28 | 05
#1182-d133 @A: 02 24 28 32 | 08
#1183-d133 @A: 20 18 25 14 | 11
#1184-d133 @A: 14 19 20 22 | 09
#1185-d133 @A: 20 16 07 30 | 06
#1186-d133 @A: 13 20 35 07 | 03
#1187-d133 @A: 33 35 24 20 | 10
#1188-d133 @A: 27 20 30 25 | 02
#1189-d133 @A: 21 20 18 22 | 01
#1190-d133 @A: 06 19 20 30 | 04
#1191-d133 @A: 13 30 23 20 | 07
#1192-d133 @A: 12 31 20 23 | 12
#1193-d133 @A: 20 22 11 27 | 05
#1194-d133 @A: 02 11 18 20 | 08
#1195-d133 @A: 01 04 24 35 | 11
#1196-d133 @A: 04 11 18 07 | 09
#1197-d133 @A: 31 33 25 04 | 06
#1198-d133 @A: 30 17 12 04 | 03
#1199-d133 @A: 11 04 08 31 | 10
#1200-d133 @A: 15 04 03 32 | 02
#1201-d133 @A: 34 13 23 04 | 01
#1202-d133 @A: 04 02 23 17 | 04
#1203-d133 @A: 17 04 34 26 | 07
#1204-d133 @A: 34 16 08 14 | 12
#1205-d133 @A: 33 25 11 14 | 05
#1206-d133 @A: 30 14 31 12 | 08
#1207-d133 @A: 06 26 34 14 | 11
#1208-d133 @A: 35 01 16 07 | 09
#1209-d133 @A: 22 08 35 16 | 06
#1210-d133 @A: 32 16 12 07 | 03
#1211-d133 @A: 02 16 26 21 | 10
#1212-d133 @A: 33 02 32 16 | 02
#1213-d133 @A: 16 12 03 22 | 01
#1214-d133 @A: 33 07 17 35 | 04
#1215-d133 @A: 30 21 35 03 | 07
#1216-d133 @A: 34 31 01 35 | 12
#1217-d133 @A: 11 26 35 12 | 05
#1218-d133 @A: 08 07 18 27 | 08
#1219-d133 @A: 26 11 31 07 | 11
#1220-d133 @A: 23 34 17 07 | 09
#1221-d133 @A: 32 06 34 07 | 06
#1222-d133 @A: 21 25 13 19 | 03
#1223-d133 @A: 30 26 25 21 | 10
#1224-d133 @A: 22 21 25 08 | 02
#1225-d133 @A: 01 25 19 06 | 01
#1226-d133 @A: 34 25 27 03 | 04
#1227-d133 @A: 24 31 25 06 | 07
#1228-d133 @A: 23 18 32 25 | 12
#1229-d133 @A: 25 15 34 22 | 05
#1230-d133 @A: 24 34 17 25 | 08
#1231-d133 @A: 22 11 21 17 | 11
#1232-d133 @A: 22 27 21 12 | 09
#1233-d133 @A: 26 17 21 12 | 06
#1234-d133 @A: 11 18 24 21 | 03
#1235-d133 @A: 11 24 01 03 | 10
#1236-d133 @A: 01 27 23 17 | 02
#1237-d133 @A: 06 22 15 01 | 01
#1238-d133 @A: 01 13 26 27 | 04
#1239-d133 @A: 03 34 06 19 | 07
#1240-d133 @A: 23 24 12 19 | 12
#1241-d133 @A: 18 26 30 03 | 05
#1242-d133 @A: 32 26 13 30 | 08
#1243-d133 @A: 06 18 30 32 | 11
#1244-d133 @A: 08 27 33 31 | 09
#1245-d133 @A: 22 33 08 23 | 06
#1246-d133 @A: 12 15 08 33 | 03
#1247-d133 @A: 26 24 08 03 | 10
#1248-d133 @A: 08 06 23 31 | 02
#1249-d133 @A: 31 08 13 26 | 01
#1250-d133 @A: 17 08 18 23 | 04
#1251-d133 @A: 13 08 15 17 | 07
#1252-d133 @A: 18 08 32 26 | 12
#1253-d133 @A: 11 08 24 17 | 05
#1254-d133 @A: 11 17 08 02 | 08
#1255-d133 @A: 32 08 27 34 | 11
#1256-d133 @A: 23 33 31 34 | 09
#1257-d133 @A: 06 31 33 26 | 06
#1258-d133 @A: 32 02 03 15 | 03
#1259-d133 @A: 05 28 10 12 | 10
#1260-d133 @A: 01 10 05 13 | 02
#1261-d133 @A: 29 10 09 31 | 01
#1262-d133 @A: 10 29 22 25 | 04
#1263-d133 @A: 17 02 10 29 | 07
#1264-d133 @A: 10 20 32 14 | 12
#1265-d133 @A: 10 08 17 20 | 05
#1266-d133 @A: 10 34 33 20 | 08
#1267-d133 @A: 10 04 11 16 | 11
#1268-d133 @A: 07 11 10 14 | 09
#1269-d133 @A: 10 26 14 12 | 06
#1270-d133 @A: 10 25 26 15 | 03
#1271-d133 @A: 10 21 01 11 | 10
#1272-d133 @A: 15 11 10 30 | 02
#1273-d133 @A: 18 10 03 27 | 01
#1274-d133 @A: 10 31 23 32 | 04
#1275-d133 @A: 22 11 06 10 | 07
#1276-d133 @A: 29 03 05 09 | 12
#1277-d133 @A: 05 31 09 28 | 05
#1278-d133 @A: 05 24 08 29 | 08
#1279-d133 @A: 34 33 05 29 | 11
#1280-d133 @A: 20 25 05 26 | 09
#1281-d133 @A: 05 13 06 20 | 06
#1282-d133 @A: 04 16 05 25 | 03
#1283-d133 @A: 04 07 05 30 | 10
#1284-d133 @A: 17 05 30 16 | 02
#1285-d133 @A: 07 32 05 35 | 01
#1286-d133 @A: 05 35 33 12 | 04
#1287-d133 @A: 02 35 12 05 | 07
#1288-d133 @A: 12 05 06 25 | 12
#1289-d133 @A: 05 24 01 19 | 05
#1290-d133 @A: 26 05 19 30 | 08
#1291-d133 @A: 19 23 17 05 | 11
#1292-d133 @A: 18 03 05 24 | 09
#1293-d133 @A: 11 13 05 22 | 06
#1294-d133 @A: 29 20 32 09 | 03
#1295-d133 @A: 29 35 19 09 | 10
#1296-d133 @A: 22 09 29 23 | 02
#1297-d133 @A: 09 34 11 29 | 01
#1298-d133 @A: 17 04 35 09 | 04
#1299-d133 @A: 04 03 30 09 | 07
#1300-d133 @A: 04 15 09 34 | 12
#1301-d133 @A: 35 31 15 09 | 05
#1302-d133 @A: 18 01 07 09 | 08
#1303-d133 @A: 09 26 25 33 | 11
#1304-d133 @A: 34 13 25 09 | 09
#1305-d133 @A: 09 02 21 13 | 06
#1306-d133 @A: 09 01 27 33 | 03
#1307-d133 @A: 02 09 01 33 | 10
#1308-d133 @A: 32 13 09 06 | 02
#1309-d133 @A: 12 09 17 27 | 01
#1310-d133 @A: 32 27 09 18 | 04
#1311-d133 @A: 34 09 24 32 | 07
#1312-d133 @A: 13 29 28 21 | 12
#1313-d133 @A: 17 28 29 08 | 05
#1314-d133 @A: 13 29 02 20 | 08
#1315-d133 @A: 32 04 29 27 | 11
#1316-d133 @A: 21 07 16 29 | 09
#1317-d133 @A: 16 33 29 06 | 06
#1318-d133 @A: 13 29 08 35 | 03
#1319-d133 @A: 33 23 35 29 | 10
#1320-d133 @A: 29 25 07 06 | 02
#1321-d133 @A: 21 34 29 08 | 01
#1322-d133 @A: 34 01 29 06 | 04
#1323-d133 @A: 24 29 17 19 | 07
#1324-d133 @A: 03 11 06 29 | 12
#1325-d133 @A: 12 33 28 20 | 05
#1326-d133 @A: 04 02 11 28 | 08
#1327-d133 @A: 30 28 07 15 | 11
#1328-d133 @A: 31 21 28 30 | 09
#1329-d133 @A: 30 24 19 28 | 06
#1330-d133 @A: 28 11 23 34 | 03
#1331-d133 @A: 28 22 26 12 | 10
#1332-d133 @A: 17 26 28 13 | 02
#1333-d133 @A: 28 12 24 06 | 01
#1334-d133 @A: 20 31 14 04 | 04
#1335-d133 @A: 04 20 12 35 | 07
#1336-d133 @A: 33 04 20 15 | 12
#1337-d133 @A: 20 14 33 13 | 05
#1338-d133 @A: 23 20 08 21 | 08
#1339-d133 @A: 20 21 02 24 | 11
#1340-d133 @A: 22 08 20 01 | 09
#1341-d133 @A: 20 17 26 33 | 06
#1342-d133 @A: 27 20 17 03 | 03
#1343-d133 @A: 34 20 13 32 | 10
#1344-d133 @A: 35 19 04 13 | 02
#1345-d133 @A: 33 04 35 22 | 01
#1346-d133 @A: 23 07 15 04 | 04
#1347-d133 @A: 18 25 04 08 | 07
#1348-d133 @A: 04 30 15 01 | 12
#1349-d133 @A: 04 33 34 01 | 05
#1350-d133 @A: 04 34 24 19 | 08
#1351-d133 @A: 33 04 18 30 | 11
#1352-d133 @A: 03 27 04 31 | 09
#1353-d133 @A: 24 23 04 31 | 06
#1354-d133 @A: 31 32 06 04 | 03
#1355-d133 @A: 16 25 14 06 | 10
#1356-d133 @A: 21 32 16 14 | 02
#1357-d133 @A: 02 31 14 30 | 01
#1358-d133 @A: 14 06 32 08 | 04
#1359-d133 @A: 03 34 15 14 | 07
#1360-d133 @A: 17 23 14 26 | 12
#1361-d133 @A: 13 22 14 06 | 05
#1362-d133 @A: 26 11 14 15 | 08
#1363-d133 @A: 19 23 35 16 | 11
#1364-d133 @A: 12 16 01 30 | 09
#1365-d133 @A: 08 31 19 16 | 06
#1366-d133 @A: 30 11 16 06 | 03
#1367-d133 @A: 22 15 16 26 | 10
#1368-d133 @A: 16 26 18 13 | 02
#1369-d133 @A: 02 34 16 17 | 01
#1370-d133 @A: 08 35 15 07 | 04
#1371-d133 @A: 32 19 01 35 | 07
#1372-d133 @A: 11 02 03 35 | 12
#1373-d133 @A: 35 02 26 23 | 05
#1374-d133 @A: 18 23 27 35 | 08
#1375-d133 @A: 35 17 22 06 | 11
#1376-d133 @A: 24 02 35 32 | 09
#1377-d133 @A: 26 25 13 07 | 06
#1378-d133 @A: 21 22 33 07 | 03
#1379-d133 @A: 23 07 21 26 | 10
#1380-d133 @A: 03 33 07 01 | 02
#1381-d133 @A: 07 19 24 08 | 01
#1382-d133 @A: 30 06 07 31 | 04
#1383-d133 @A: 34 33 18 07 | 07
#1384-d133 @A: 31 17 07 27 | 12
#1385-d133 @A: 26 34 31 25 | 05
#1386-d133 @A: 25 24 27 12 | 08
#1387-d133 @A: 32 34 01 21 | 11
#1388-d133 @A: 19 32 21 18 | 09
#1389-d133 @A: 03 21 31 24 | 06
#1390-d133 @A: 06 27 31 21 | 03
#1391-d133 @A: 22 21 13 32 | 10
#1392-d133 @A: 21 27 18 13 | 02
#1393-d133 @A: 21 26 18 06 | 01
#1394-d133 @A: 06 15 32 21 | 04
#1395-d133 @A: 18 01 31 19 | 07
#1396-d133 @A: 32 01 12 06 | 12
#1397-d133 @A: 06 08 15 19 | 05
#1398-d133 @A: 24 02 19 03 | 08
#1399-d133 @A: 30 22 26 23 | 11
#1400-d133 @A: 17 18 30 22 | 09
#1401-d133 @A: 33 13 32 08 | 06
#1402-d133 @A: 33 27 03 13 | 03
#1403-d133 @A: 12 26 33 13 | 10
#1404-d133 @A: 33 26 15 18 | 02
#1405-d133 @A: 06 22 02 17 | 01
#1406-d133 @A: 10 34 09 05 | 04
#1407-d133 @A: 10 05 18 23 | 07
#1408-d133 @A: 09 14 10 04 | 12
#1409-d133 @A: 10 23 09 25 | 05
#1410-d133 @A: 29 06 10 19 | 08
#1411-d133 @A: 11 28 10 20 | 11
#1412-d133 @A: 10 35 24 28 | 09
#1413-d133 @A: 25 10 32 28 | 06
#1414-d133 @A: 28 13 30 10 | 03
#1415-d133 @A: 20 31 10 35 | 10
#1416-d133 @A: 08 24 04 10 | 02
#1417-d133 @A: 16 27 10 14 | 01
#1418-d133 @A: 14 10 03 35 | 04
#1419-d133 @A: 10 21 16 31 | 07
#1420-d133 @A: 10 35 25 06 | 12
#1421-d133 @A: 10 07 33 13 | 05
#1422-d133 @A: 07 12 06 10 | 08
#1423-d133 @A: 01 34 10 19 | 11
#1424-d133 @A: 10 27 01 08 | 09
#1425-d133 @A: 19 08 10 13 | 06
#1426-d133 @A: 30 02 10 27 | 03
#1427-d133 @A: 17 10 23 15 | 10
#1428-d133 @A: 26 18 34 10 | 02
#1429-d133 @A: 05 09 01 26 | 01
#1430-d133 @A: 18 09 05 08 | 04
#1431-d133 @A: 32 09 02 05 | 07
#1432-d133 @A: 06 29 17 05 | 12
#1433-d133 @A: 28 13 07 05 | 05
#1434-d133 @A: 08 20 12 05 | 08
#1435-d133 @A: 22 20 24 05 | 11
#1436-d133 @A: 04 05 21 23 | 09
#1437-d133 @A: 27 05 02 04 | 06
#1438-d133 @A: 23 07 05 02 | 03
#1439-d133 @A: 31 08 05 03 | 10
#1440-d133 @A: 31 33 11 05 | 02
#1441-d133 @A: 22 05 15 03 | 01
#1442-d133 @A: 09 29 24 21 | 04
#1443-d133 @A: 07 34 28 09 | 07
#1444-d133 @A: 09 03 28 15 | 12
#1445-d133 @A: 09 11 20 30 | 05
#1446-d133 @A: 01 24 16 09 | 08
#1447-d133 @A: 09 02 19 16 | 11
#1448-d133 @A: 11 07 09 25 | 09
#1449-d133 @A: 19 25 09 31 | 06
#1450-d133 @A: 21 34 09 17 | 03
#1451-d133 @A: 08 12 23 09 | 10
#1452-d133 @A: 22 31 09 17 | 02
#1453-d133 @A: 22 24 06 09 | 01
#1454-d133 @A: 12 09 22 32 | 04
#1455-d133 @A: 29 28 32 16 | 07
#1456-d133 @A: 28 22 29 19 | 12
#1457-d133 @A: 30 28 34 29 | 05
#1458-d133 @A: 31 20 25 29 | 08
#1459-d133 @A: 29 12 03 20 | 11
#1460-d133 @A: 29 04 35 26 | 09
#1461-d133 @A: 04 31 30 29 | 06
#1462-d133 @A: 15 19 14 29 | 03
#1463-d133 @A: 24 16 29 31 | 10
#1464-d133 @A: 12 29 16 11 | 02
#1465-d133 @A: 29 19 34 25 | 01
#1466-d133 @A: 29 11 25 08 | 04
#1467-d133 @A: 19 01 29 21 | 07
#1468-d133 @A: 18 17 29 21 | 12
#1469-d133 @A: 11 26 22 29 | 05
#1470-d133 @A: 06 29 26 13 | 08
#1471-d133 @A: 11 02 27 29 | 11
#1472-d133 @A: 18 32 15 29 | 09
#1473-d133 @A: 20 16 28 13 | 06
#1474-d133 @A: 28 20 19 25 | 03
#1475-d133 @A: 28 21 14 19 | 10
#1476-d133 @A: 28 16 18 33 | 02
#1477-d133 @A: 07 25 28 17 | 01
#1478-d133 @A: 07 28 33 23 | 04
#1479-d133 @A: 07 18 02 28 | 07
#1480-d133 @A: 30 28 03 02 | 12
#1481-d133 @A: 28 08 22 13 | 05
#1482-d133 @A: 28 03 32 17 | 08
#1483-d133 @A: 23 28 22 15 | 11
#1484-d133 @A: 12 17 28 18 | 09
#1485-d133 @A: 20 03 14 08 | 06
#1486-d133 @A: 17 35 20 30 | 03
#1487-d133 @A: 35 02 20 31 | 10
#1488-d133 @A: 07 20 03 15 | 02
#1489-d133 @A: 33 25 20 06 | 01
#1490-d133 @A: 23 22 34 20 | 04
#1491-d133 @A: 04 14 32 07 | 07
#1492-d133 @A: 14 13 03 04 | 12
#1493-d133 @A: 14 04 34 22 | 05
#1494-d133 @A: 16 04 34 30 | 08
#1495-d133 @A: 35 32 25 04 | 11
#1496-d133 @A: 04 07 27 19 | 09
#1497-d133 @A: 04 01 25 17 | 06
#1498-d133 @A: 33 27 21 04 | 03
#1499-d133 @A: 04 34 02 01 | 10
#1500-d133 @A: 02 04 33 19 | 02
#1501-d133 @A: 11 04 32 13 | 01
#1502-d133 @A: 26 32 12 04 | 04
#1503-d133 @A: 35 02 27 14 | 07
#1504-d133 @A: 14 01 27 07 | 12
#1505-d133 @A: 01 23 25 14 | 05
#1506-d133 @A: 21 14 08 02 | 08
#1507-d133 @A: 32 03 22 14 | 11
#1508-d133 @A: 32 23 02 14 | 09
#1509-d133 @A: 26 32 27 14 | 06
#1510-d133 @A: 14 26 24 18 | 03
#1511-d133 @A: 22 07 24 16 | 10
#1512-d133 @A: 16 13 33 25 | 02
#1513-d133 @A: 16 22 11 25 | 01
#1514-d133 @A: 16 06 26 23 | 04
#1515-d133 @A: 16 18 24 23 | 07
#1516-d133 @A: 32 16 27 15 | 12
#1517-d133 @A: 21 35 07 18 | 05
#1518-d133 @A: 25 31 30 35 | 08
#1519-d133 @A: 25 03 33 35 | 11
#1520-d133 @A: 34 03 35 32 | 09
#1521-d133 @A: 12 35 13 15 | 06
#1522-d133 @A: 11 18 35 32 | 03
#1523-d133 @A: 15 24 35 06 | 10
#1524-d133 @A: 02 27 35 34 | 02
#1525-d133 @A: 08 32 30 07 | 01
#1526-d133 @A: 07 18 31 03 | 04
#1527-d133 @A: 22 01 03 25 | 07
#1528-d133 @A: 25 13 23 31 | 12
#1529-d133 @A: 23 25 27 22 | 05
#1530-d133 @A: 25 12 26 18 | 08
#1531-d133 @A: 12 21 08 19 | 11
#1532-d133 @A: 19 21 06 33 | 09
#1533-d133 @A: 06 27 01 30 | 06
#1534-d133 @A: 17 12 01 03 | 03
#1535-d133 @A: 01 32 22 23 | 10
#1536-d133 @A: 01 13 23 18 | 02
#1537-d133 @A: 01 15 11 18 | 01
#1538-d133 @A: 34 15 17 01 | 04
#1539-d133 @A: 15 17 01 02 | 07
#1540-d133 @A: 03 12 26 19 | 12
#1541-d133 @A: 19 31 11 15 | 05
#1542-d133 @A: 12 19 02 22 | 08
#1543-d133 @A: 30 23 24 27 | 11
#1544-d133 @A: 08 06 27 13 | 09
#1545-d133 @A: 23 33 17 24 | 06
#1546-d133 @A: 22 33 34 17 | 03
#1547-d133 @A: 27 24 02 13 | 10
#1548-d133 @A: 10 20 16 05 | 02
#1549-d133 @A: 30 05 10 03 | 01
#1550-d133 @A: 10 31 02 05 | 04
#1551-d133 @A: 10 18 09 15 | 07
#1552-d133 @A: 15 14 10 28 | 12
#1553-d133 @A: 25 20 03 10 | 05
#1554-d133 @A: 22 32 04 10 | 08
#1555-d133 @A: 31 14 10 01 | 11
#1556-d133 @A: 12 08 10 35 | 09
#1557-d133 @A: 07 10 08 22 | 06
#1558-d133 @A: 15 21 10 33 | 03
#1559-d133 @A: 13 24 10 03 | 10
#1560-d133 @A: 03 10 06 32 | 02
#1561-d133 @A: 10 34 17 31 | 01
#1562-d133 @A: 20 09 17 05 | 04
#1563-d133 @A: 35 09 06 05 | 07
#1564-d133 @A: 28 29 05 15 | 12
#1565-d133 @A: 07 23 05 29 | 05
#1566-d133 @A: 28 05 26 04 | 08
#1567-d133 @A: 05 34 28 21 | 11
#1568-d133 @A: 14 05 17 25 | 09
#1569-d133 @A: 05 08 35 26 | 06
#1570-d133 @A: 05 22 35 34 | 03
#1571-d133 @A: 19 05 25 18 | 10
#1572-d133 @A: 25 05 34 30 | 02
#1573-d133 @A: 30 21 05 11 | 01
#1574-d133 @A: 01 05 33 22 | 04
#1575-d133 @A: 18 05 01 06 | 07
#1576-d133 @A: 06 05 22 30 | 12
#1577-d133 @A: 32 23 05 03 | 05
#1578-d133 @A: 24 13 34 05 | 08
#1579-d133 @A: 18 26 29 09 | 11
#1580-d133 @A: 09 35 28 21 | 09
#1581-d133 @A: 08 15 09 20 | 06
#1582-d133 @A: 20 03 33 09 | 03
#1583-d133 @A: 09 26 04 07 | 10
#1584-d133 @A: 04 25 09 22 | 02
#1585-d133 @A: 11 35 09 16 | 01
#1586-d133 @A: 03 16 07 09 | 04
#1587-d133 @A: 32 16 30 09 | 07
#1588-d133 @A: 30 09 34 35 | 12
#1589-d133 @A: 35 27 24 09 | 05
#1590-d133 @A: 23 30 09 07 | 08
#1591-d133 @A: 33 06 09 07 | 11
#1592-d133 @A: 02 09 12 25 | 09
#1593-d133 @A: 18 21 09 03 | 06
#1594-d133 @A: 09 08 34 01 | 03
#1595-d133 @A: 31 09 33 30 | 10
#1596-d133 @A: 23 33 09 32 | 02
#1597-d133 @A: 06 09 15 23 | 01
#1598-d133 @A: 12 24 15 09 | 04
#1599-d133 @A: 11 28 33 29 | 07
#1600-d133 @A: 03 29 04 08 | 12
#1601-d133 @A: 14 17 11 29 | 05
#1602-d133 @A: 08 16 29 18 | 08
#1603-d133 @A: 11 07 29 35 | 11
#1604-d133 @A: 21 29 35 32 | 09
#1605-d133 @A: 07 29 08 31 | 06
#1606-d133 @A: 07 26 12 29 | 03
#1607-d133 @A: 32 30 29 11 | 10
#1608-d133 @A: 18 03 13 29 | 02
#1609-d133 @A: 29 13 11 31 | 01
#1610-d133 @A: 28 04 16 01 | 04
#1611-d133 @A: 03 16 28 25 | 07
#1612-d133 @A: 02 28 35 01 | 12
#1613-d133 @A: 33 28 15 25 | 05
#1614-d133 @A: 26 25 28 23 | 08
#1615-d133 @A: 21 18 23 28 | 11
#1616-d133 @A: 30 06 28 33 | 09
#1617-d133 @A: 13 28 27 31 | 06
#1618-d133 @A: 11 26 24 28 | 03
#1619-d133 @A: 27 28 32 11 | 10
#1620-d133 @A: 20 14 27 35 | 02
#1621-d133 @A: 16 20 35 32 | 01
#1622-d133 @A: 20 16 21 03 | 04
#1623-d133 @A: 16 20 22 33 | 07
#1624-d133 @A: 20 25 11 35 | 12
#1625-d133 @A: 34 35 20 21 | 05
#1626-d133 @A: 08 20 18 35 | 08
#1627-d133 @A: 18 33 20 01 | 11
#1628-d133 @A: 32 03 24 20 | 09
#1629-d133 @A: 20 31 27 34 | 06
#1630-d133 @A: 06 26 20 24 | 03
#1631-d133 @A: 20 34 15 24 | 10
#1632-d133 @A: 30 06 04 14 | 02
#1633-d133 @A: 04 35 02 21 | 01
#1634-d133 @A: 22 04 07 12 | 04
#1635-d133 @A: 19 21 31 04 | 07
#1636-d133 @A: 04 17 33 19 | 12
#1637-d133 @A: 04 13 30 27 | 05
#1638-d133 @A: 18 31 26 04 | 08
#1639-d133 @A: 19 16 14 18 | 11
#1640-d133 @A: 14 07 35 23 | 09
#1641-d133 @A: 35 13 14 30 | 06
#1642-d133 @A: 12 14 25 03 | 03
#1643-d133 @A: 21 17 14 31 | 10
#1644-d133 @A: 01 34 30 14 | 02
#1645-d133 @A: 14 13 01 11 | 01
#1646-d133 @A: 11 14 08 19 | 04
#1647-d133 @A: 33 27 14 30 | 07
#1648-d133 @A: 14 24 31 27 | 12
#1649-d133 @A: 24 13 14 12 | 05
#1650-d133 @A: 11 27 12 14 | 08
#1651-d133 @A: 32 14 24 15 | 11
#1652-d133 @A: 25 24 16 21 | 09
#1653-d133 @A: 16 25 30 02 | 06
#1654-d133 @A: 27 19 21 16 | 03
#1655-d133 @A: 02 16 08 01 | 10
#1656-d133 @A: 26 08 16 17 | 02
#1657-d133 @A: 17 27 16 33 | 01
#1658-d133 @A: 34 06 16 27 | 04
#1659-d133 @A: 25 19 02 35 | 07
#1660-d133 @A: 18 26 22 35 | 12
#1661-d133 @A: 32 24 12 35 | 05
#1662-d133 @A: 21 07 17 32 | 08
#1663-d133 @A: 31 07 23 19 | 11
#1664-d133 @A: 24 12 34 07 | 09
#1665-d133 @A: 01 08 25 26 | 06
#1666-d133 @A: 30 17 25 19 | 03
#1667-d133 @A: 33 25 18 27 | 10
#1668-d133 @A: 25 15 23 11 | 02
#1669-d133 @A: 17 13 22 25 | 01
#1670-d133 @A: 24 13 18 25 | 04
#1671-d133 @A: 11 17 06 25 | 07
#1672-d133 @A: 06 25 02 18 | 12
#1673-d133 @A: 22 21 03 34 | 05
#1674-d133 @A: 23 12 21 15 | 08
#1675-d133 @A: 15 34 21 02 | 11
#1676-d133 @A: 30 19 01 03 | 09
#1677-d133 @A: 13 01 30 33 | 06
#1678-d133 @A: 17 06 01 31 | 03
#1679-d133 @A: 03 27 19 24 | 10
#1680-d133 @A: 13 22 23 19 | 02
#1681-d133 @A: 15 23 19 32 | 01
#1682-d133 @A: 18 02 26 19 | 04
#1683-d133 @A: 30 18 15 13 | 07
#1684-d133 @A: 08 03 33 17 | 12
#1685-d133 @A: 02 18 27 08 | 05
#1686-d133 @A: 15 33 31 13 | 08
#1687-d133 @A: 32 27 12 33 | 11
#1688-d133 @A: 34 33 32 15 | 09
#1689-d133 @A: 06 02 23 03 | 06
