#0001-d160 @A: 24 13 27 04 | 05
#0002-d160 @A: 29 32 24 13 | 12
#0003-d160 @A: 16 13 17 24 | 08
#0004-d160 @A: 13 34 23 24 | 07
#0005-d160 @A: 24 31 07 04 | 06
#0006-d160 @A: 31 27 24 29 | 10
#0007-d160 @A: 31 22 12 24 | 02
#0008-d160 @A: 24 22 21 07 | 03
#0009-d160 @A: 02 19 04 24 | 11
#0010-d160 @A: 24 02 09 05 | 09
#0011-d160 @A: 24 05 01 20 | 01
#0012-d160 @A: 12 20 24 14 | 04
#0013-d160 @A: 22 25 28 24 | 05
#0014-d160 @A: 24 25 35 15 | 12
#0015-d160 @A: 33 24 09 01 | 08
#0016-d160 @A: 14 24 09 08 | 07
#0017-d160 @A: 34 30 09 24 | 06
#0018-d160 @A: 15 24 03 06 | 10
#0019-d160 @A: 24 15 17 18 | 02
#0020-d160 @A: 11 24 05 30 | 03
#0021-d160 @A: 25 24 03 04 | 11
#0022-d160 @A: 08 24 23 32 | 09
#0023-d160 @A: 24 12 08 28 | 01
#0024-d160 @A: 07 28 13 30 | 04
#0025-d160 @A: 34 18 13 07 | 05
#0026-d160 @A: 19 13 26 02 | 12
#0027-d160 @A: 20 13 21 25 | 08
#0028-d160 @A: 13 22 29 08 | 07
#0029-d160 @A: 29 18 13 01 | 06
#0030-d160 @A: 13 12 35 18 | 10
#0031-d160 @A: 13 30 25 09 | 02
#0032-d160 @A: 32 13 09 18 | 03
#0033-d160 @A: 14 23 13 06 | 11
#0034-d160 @A: 03 13 15 21 | 09
#0035-d160 @A: 05 23 13 21 | 01
#0036-d160 @A: 21 08 11 13 | 04
#0037-d160 @A: 26 31 07 15 | 05
#0038-d160 @A: 02 28 31 20 | 12
#0039-d160 @A: 02 31 26 29 | 08
#0040-d160 @A: 02 19 11 31 | 07
#0041-d160 @A: 17 20 31 19 | 06
#0042-d160 @A: 27 05 15 31 | 10
#0043-d160 @A: 31 26 06 27 | 02
#0044-d160 @A: 31 11 27 21 | 03
#0045-d160 @A: 31 18 22 16 | 11
#0046-d160 @A: 31 06 22 11 | 09
#0047-d160 @A: 31 14 03 35 | 01
#0048-d160 @A: 31 08 19 01 | 04
#0049-d160 @A: 31 03 19 15 | 05
#0050-d160 @A: 08 31 09 06 | 12
#0051-d160 @A: 10 15 21 31 | 08
#0052-d160 @A: 12 21 28 31 | 07
#0053-d160 @A: 12 17 02 07 | 06
#0054-d160 @A: 10 07 29 08 | 10
#0055-d160 @A: 01 35 07 17 | 02
#0056-d160 @A: 03 07 35 06 | 03
#0057-d160 @A: 07 06 25 19 | 11
#0058-d160 @A: 11 07 09 30 | 09
#0059-d160 @A: 07 12 26 11 | 01
#0060-d160 @A: 07 33 21 18 | 04
#0061-d160 @A: 02 27 20 11 | 05
#0062-d160 @A: 02 01 16 20 | 12
#0063-d160 @A: 03 04 22 02 | 08
#0064-d160 @A: 15 02 35 23 | 07
#0065-d160 @A: 11 10 02 35 | 06
#0066-d160 @A: 02 28 26 06 | 10
#0067-d160 @A: 34 02 28 08 | 02
#0068-d160 @A: 25 12 02 21 | 03
#0069-d160 @A: 20 17 27 28 | 11
#0070-d160 @A: 15 21 29 20 | 09
#0071-d160 @A: 05 20 29 30 | 01
#0072-d160 @A: 22 17 20 14 | 04
#0073-d160 @A: 34 09 20 16 | 05
#0074-d160 @A: 16 32 15 20 | 12
#0075-d160 @A: 15 26 03 20 | 08
#0076-d160 @A: 34 20 11 15 | 07
#0077-d160 @A: 18 05 20 10 | 06
#0078-d160 @A: 28 20 05 25 | 10
#0079-d160 @A: 32 34 20 28 | 02
#0080-d160 @A: 21 20 32 08 | 03
#0081-d160 @A: 11 29 27 23 | 11
#0082-d160 @A: 19 27 14 04 | 09
#0083-d160 @A: 19 08 33 27 | 01
#0084-d160 @A: 30 33 01 27 | 04
#0085-d160 @A: 30 25 27 16 | 05
#0086-d160 @A: 08 30 27 04 | 12
#0087-d160 @A: 05 27 34 23 | 08
#0088-d160 @A: 28 12 05 27 | 07
#0089-d160 @A: 03 18 10 27 | 06
#0090-d160 @A: 34 10 11 27 | 10
#0091-d160 @A: 27 17 11 33 | 02
#0092-d160 @A: 10 29 22 35 | 03
#0093-d160 @A: 22 15 28 29 | 11
#0094-d160 @A: 14 17 29 19 | 09
#0095-d160 @A: 06 04 19 29 | 01
#0096-d160 @A: 17 16 29 01 | 04
#0097-d160 @A: 06 29 30 09 | 05
#0098-d160 @A: 29 23 25 05 | 12
#0099-d160 @A: 28 25 29 21 | 08
#0100-d160 @A: 35 16 22 03 | 07
#0101-d160 @A: 22 06 01 26 | 06
#0102-d160 @A: 32 22 09 14 | 10
#0103-d160 @A: 22 12 04 32 | 02
#0104-d160 @A: 21 17 22 25 | 03
#0105-d160 @A: 19 35 01 11 | 11
#0106-d160 @A: 01 15 35 04 | 09
#0107-d160 @A: 09 06 26 35 | 01
#0108-d160 @A: 30 16 35 10 | 04
#0109-d160 @A: 35 06 16 17 | 05
#0110-d160 @A: 15 06 21 35 | 12
#0111-d160 @A: 25 03 30 35 | 08
#0112-d160 @A: 08 21 05 35 | 07
#0113-d160 @A: 04 28 35 10 | 06
#0114-d160 @A: 03 08 35 10 | 10
#0115-d160 @A: 33 03 17 35 | 02
#0116-d160 @A: 23 25 21 35 | 03
#0117-d160 @A: 21 19 01 16 | 11
#0118-d160 @A: 19 09 03 34 | 09
#0119-d160 @A: 19 14 15 08 | 01
#0120-d160 @A: 33 04 19 05 | 04
#0121-d160 @A: 19 26 23 05 | 05
#0122-d160 @A: 06 01 09 11 | 12
#0123-d160 @A: 16 10 15 01 | 08
#0124-d160 @A: 16 08 28 01 | 07
#0125-d160 @A: 01 26 04 03 | 06
#0126-d160 @A: 10 33 01 04 | 10
#0127-d160 @A: 33 17 26 09 | 02
#0128-d160 @A: 10 09 34 12 | 03
#0129-d160 @A: 08 09 33 28 | 11
#0130-d160 @A: 25 09 21 32 | 09
#0131-d160 @A: 14 26 06 15 | 01
#0132-d160 @A: 14 32 15 17 | 04
#0133-d160 @A: 14 17 10 03 | 05
#0134-d160 @A: 14 28 11 33 | 12
#0135-d160 @A: 05 16 23 04 | 08
#0136-d160 @A: 05 16 34 12 | 07
#0137-d160 @A: 23 16 17 11 | 06
#0138-d160 @A: 33 32 15 25 | 10
#0139-d160 @A: 33 25 15 18 | 02
#0140-d160 @A: 32 30 33 05 | 03
#0141-d160 @A: 28 03 11 30 | 11
#0142-d160 @A: 06 08 25 05 | 09
#0143-d160 @A: 17 23 05 18 | 01
#0144-d160 @A: 18 21 26 05 | 04
#0145-d160 @A: 03 18 33 23 | 05
#0146-d160 @A: 25 10 12 18 | 12
#0147-d160 @A: 24 10 35 13 | 08
#0148-d160 @A: 05 13 15 24 | 07
#0149-d160 @A: 18 13 24 04 | 06
#0150-d160 @A: 03 24 29 07 | 10
#0151-d160 @A: 24 07 09 12 | 02
#0152-d160 @A: 20 08 02 24 | 03
#0153-d160 @A: 14 24 23 02 | 11
#0154-d160 @A: 24 32 02 34 | 09
#0155-d160 @A: 24 20 34 19 | 01
#0156-d160 @A: 27 33 35 24 | 04
#0157-d160 @A: 27 18 24 01 | 05
#0158-d160 @A: 01 11 29 24 | 12
#0159-d160 @A: 24 26 29 09 | 08
#0160-d160 @A: 26 08 24 01 | 07
#0161-d160 @A: 09 15 23 24 | 06
#0162-d160 @A: 24 17 25 09 | 10
#0163-d160 @A: 15 24 14 33 | 02
#0164-d160 @A: 16 04 15 24 | 03
#0165-d160 @A: 11 10 24 04 | 11
#0166-d160 @A: 26 10 25 24 | 09
#0167-d160 @A: 18 08 34 24 | 01
#0168-d160 @A: 13 07 31 05 | 04
#0169-d160 @A: 20 13 10 31 | 05
#0170-d160 @A: 23 13 31 29 | 12
#0171-d160 @A: 13 03 22 31 | 08
#0172-d160 @A: 26 09 31 13 | 07
#0173-d160 @A: 02 20 13 17 | 06
#0174-d160 @A: 13 09 11 02 | 10
#0175-d160 @A: 18 02 13 11 | 02
#0176-d160 @A: 20 32 13 26 | 03
#0177-d160 @A: 13 27 01 22 | 11
#0178-d160 @A: 12 09 29 13 | 09
#0179-d160 @A: 33 13 29 26 | 01
#0180-d160 @A: 23 11 35 13 | 04
#0181-d160 @A: 13 08 17 05 | 05
#0182-d160 @A: 08 32 13 25 | 12
#0183-d160 @A: 12 10 13 08 | 08
#0184-d160 @A: 31 27 07 12 | 07
#0185-d160 @A: 19 21 07 31 | 06
#0186-d160 @A: 02 05 21 31 | 10
#0187-d160 @A: 31 02 18 03 | 02
#0188-d160 @A: 30 31 20 21 | 03
#0189-d160 @A: 29 03 31 09 | 11
#0190-d160 @A: 31 12 35 01 | 09
#0191-d160 @A: 18 31 05 19 | 01
#0192-d160 @A: 32 05 31 14 | 04
#0193-d160 @A: 33 12 31 32 | 05
#0194-d160 @A: 07 02 30 10 | 12
#0195-d160 @A: 07 26 18 20 | 08
#0196-d160 @A: 27 34 07 35 | 07
#0197-d160 @A: 28 07 06 27 | 06
#0198-d160 @A: 07 29 33 06 | 10
#0199-d160 @A: 22 07 28 04 | 02
#0200-d160 @A: 32 35 15 07 | 03
#0201-d160 @A: 35 26 07 30 | 11
#0202-d160 @A: 18 05 07 09 | 09
#0203-d160 @A: 07 30 16 34 | 01
#0204-d160 @A: 04 17 23 07 | 04
#0205-d160 @A: 26 07 21 03 | 05
#0206-d160 @A: 20 02 14 21 | 12
#0207-d160 @A: 02 15 29 34 | 08
#0208-d160 @A: 02 15 22 17 | 07
#0209-d160 @A: 22 02 06 33 | 06
#0210-d160 @A: 01 02 09 32 | 10
#0211-d160 @A: 34 02 03 01 | 02
#0212-d160 @A: 09 02 06 34 | 03
#0213-d160 @A: 02 04 14 06 | 11
#0214-d160 @A: 17 34 16 02 | 09
#0215-d160 @A: 04 27 20 29 | 01
#0216-d160 @A: 33 16 20 27 | 04
#0217-d160 @A: 22 20 29 03 | 05
#0218-d160 @A: 20 32 29 19 | 12
#0219-d160 @A: 20 22 15 19 | 08
#0220-d160 @A: 19 20 09 28 | 07
#0221-d160 @A: 01 20 30 25 | 06
#0222-d160 @A: 06 20 15 30 | 10
#0223-d160 @A: 20 15 25 23 | 02
#0224-d160 @A: 06 20 18 34 | 03
#0225-d160 @A: 05 34 20 04 | 11
#0226-d160 @A: 25 33 10 20 | 09
#0227-d160 @A: 35 15 03 27 | 01
#0228-d160 @A: 19 21 27 03 | 04
#0229-d160 @A: 27 03 28 04 | 05
#0230-d160 @A: 03 10 25 27 | 12
#0231-d160 @A: 34 01 29 35 | 08
#0232-d160 @A: 35 09 29 14 | 07
#0233-d160 @A: 04 30 35 29 | 06
#0234-d160 @A: 35 18 29 17 | 10
#0235-d160 @A: 09 29 01 21 | 02
#0236-d160 @A: 05 12 29 01 | 03
#0237-d160 @A: 05 29 06 16 | 11
#0238-d160 @A: 15 03 08 29 | 09
#0239-d160 @A: 35 04 06 22 | 01
#0240-d160 @A: 22 17 16 09 | 04
#0241-d160 @A: 22 06 09 03 | 05
#0242-d160 @A: 22 16 34 14 | 12
#0243-d160 @A: 22 21 16 15 | 08
#0244-d160 @A: 04 30 16 22 | 07
#0245-d160 @A: 22 15 05 30 | 06
#0246-d160 @A: 32 22 15 08 | 10
#0247-d160 @A: 06 25 18 22 | 02
#0248-d160 @A: 22 11 25 23 | 03
#0249-d160 @A: 33 10 11 22 | 11
#0250-d160 @A: 14 10 33 35 | 09
#0251-d160 @A: 32 15 35 18 | 01
#0252-d160 @A: 34 03 18 35 | 04
#0253-d160 @A: 34 35 17 32 | 05
#0254-d160 @A: 08 25 35 33 | 12
#0255-d160 @A: 33 19 15 01 | 08
#0256-d160 @A: 08 09 19 16 | 07
#0257-d160 @A: 30 15 25 19 | 06
#0258-d160 @A: 05 03 32 19 | 10
#0259-d160 @A: 19 05 08 10 | 02
#0260-d160 @A: 04 19 21 28 | 03
#0261-d160 @A: 23 17 19 32 | 11
#0262-d160 @A: 03 15 32 01 | 09
#0263-d160 @A: 23 25 01 04 | 01
#0264-d160 @A: 01 26 18 04 | 04
#0265-d160 @A: 17 01 21 32 | 05
#0266-d160 @A: 01 10 28 11 | 12
#0267-d160 @A: 23 30 09 18 | 08
#0268-d160 @A: 11 23 09 05 | 07
#0269-d160 @A: 25 09 34 05 | 06
#0270-d160 @A: 33 04 09 21 | 10
#0271-d160 @A: 09 26 25 23 | 02
#0272-d160 @A: 09 32 26 12 | 03
#0273-d160 @A: 16 08 17 14 | 11
#0274-d160 @A: 12 14 16 21 | 09
#0275-d160 @A: 15 14 30 04 | 01
#0276-d160 @A: 11 05 03 14 | 04
#0277-d160 @A: 14 12 08 04 | 05
#0278-d160 @A: 23 32 14 21 | 12
#0279-d160 @A: 14 08 21 33 | 08
#0280-d160 @A: 16 06 08 15 | 07
#0281-d160 @A: 12 16 04 17 | 06
#0282-d160 @A: 18 16 23 12 | 10
#0283-d160 @A: 16 28 26 21 | 02
#0284-d160 @A: 25 10 17 16 | 03
#0285-d160 @A: 34 32 30 23 | 11
#0286-d160 @A: 30 12 23 11 | 09
#0287-d160 @A: 11 30 17 25 | 01
#0288-d160 @A: 18 28 21 30 | 04
#0289-d160 @A: 08 06 26 03 | 05
#0290-d160 @A: 10 33 06 26 | 12
#0291-d160 @A: 06 32 18 17 | 08
#0292-d160 @A: 31 11 13 24 | 07
#0293-d160 @A: 09 31 24 19 | 06
#0294-d160 @A: 24 32 07 16 | 10
#0295-d160 @A: 24 30 25 07 | 02
#0296-d160 @A: 03 20 24 17 | 03
#0297-d160 @A: 33 28 24 20 | 11
#0298-d160 @A: 34 14 27 24 | 09
#0299-d160 @A: 09 04 22 24 | 01
#0300-d160 @A: 10 05 24 22 | 04
#0301-d160 @A: 09 24 35 03 | 05
#0302-d160 @A: 24 01 28 14 | 12
#0303-d160 @A: 26 05 24 28 | 08
#0304-d160 @A: 08 34 05 24 | 07
#0305-d160 @A: 26 04 24 12 | 06
#0306-d160 @A: 04 08 24 17 | 10
#0307-d160 @A: 11 24 03 12 | 02
#0308-d160 @A: 13 18 25 31 | 03
#0309-d160 @A: 21 07 02 13 | 11
#0310-d160 @A: 07 20 09 13 | 09
#0311-d160 @A: 13 23 07 22 | 01
#0312-d160 @A: 27 13 34 02 | 04
#0313-d160 @A: 27 26 10 13 | 05
#0314-d160 @A: 16 29 04 13 | 12
#0315-d160 @A: 30 22 17 13 | 08
#0316-d160 @A: 13 11 22 12 | 07
#0317-d160 @A: 16 19 05 13 | 06
#0318-d160 @A: 32 12 13 01 | 10
#0319-d160 @A: 13 03 16 10 | 02
#0320-d160 @A: 13 30 26 15 | 03
#0321-d160 @A: 26 12 05 13 | 11
#0322-d160 @A: 31 25 07 20 | 09
#0323-d160 @A: 31 16 35 07 | 01
#0324-d160 @A: 07 01 31 10 | 04
#0325-d160 @A: 30 31 07 06 | 05
#0326-d160 @A: 32 08 31 02 | 12
#0327-d160 @A: 27 17 30 31 | 08
#0328-d160 @A: 35 25 29 31 | 07
#0329-d160 @A: 31 15 29 01 | 06
#0330-d160 @A: 08 22 35 31 | 10
#0331-d160 @A: 31 22 28 14 | 02
#0332-d160 @A: 06 31 34 01 | 03
#0333-d160 @A: 09 33 05 31 | 11
#0334-d160 @A: 31 15 33 16 | 09
#0335-d160 @A: 03 17 04 31 | 01
#0336-d160 @A: 31 04 23 10 | 04
#0337-d160 @A: 31 28 26 03 | 05
#0338-d160 @A: 31 23 33 08 | 12
#0339-d160 @A: 11 31 32 18 | 08
#0340-d160 @A: 17 10 12 31 | 07
#0341-d160 @A: 07 27 03 02 | 06
#0342-d160 @A: 07 16 02 18 | 10
#0343-d160 @A: 18 19 07 29 | 02
#0344-d160 @A: 29 25 07 01 | 03
#0345-d160 @A: 05 07 35 22 | 11
#0346-d160 @A: 10 14 07 22 | 09
#0347-d160 @A: 07 23 15 19 | 01
#0348-d160 @A: 04 07 34 09 | 04
#0349-d160 @A: 26 07 23 06 | 05
#0350-d160 @A: 07 08 05 32 | 12
#0351-d160 @A: 11 03 07 34 | 08
#0352-d160 @A: 34 07 26 32 | 07
#0353-d160 @A: 17 18 07 08 | 06
#0354-d160 @A: 28 07 08 21 | 10
#0355-d160 @A: 32 21 12 07 | 02
#0356-d160 @A: 20 09 25 02 | 03
#0357-d160 @A: 32 02 20 33 | 11
#0358-d160 @A: 16 21 35 02 | 09
#0359-d160 @A: 02 18 33 19 | 01
#0360-d160 @A: 14 02 01 15 | 04
#0361-d160 @A: 10 08 02 14 | 05
#0362-d160 @A: 02 32 15 06 | 12
#0363-d160 @A: 05 12 04 02 | 08
#0364-d160 @A: 10 05 25 02 | 07
#0365-d160 @A: 02 08 03 11 | 06
#0366-d160 @A: 28 21 10 02 | 10
#0367-d160 @A: 19 03 14 20 | 02
#0368-d160 @A: 21 20 01 26 | 03
#0369-d160 @A: 06 34 20 10 | 11
#0370-d160 @A: 17 20 05 10 | 09
#0371-d160 @A: 20 11 26 25 | 01
#0372-d160 @A: 10 11 08 20 | 04
#0373-d160 @A: 25 17 20 32 | 05
#0374-d160 @A: 29 06 03 27 | 12
#0375-d160 @A: 33 27 18 29 | 08
#0376-d160 @A: 27 23 35 06 | 07
#0377-d160 @A: 27 06 09 17 | 06
#0378-d160 @A: 27 34 06 08 | 10
#0379-d160 @A: 33 27 28 25 | 02
#0380-d160 @A: 06 29 12 22 | 03
#0381-d160 @A: 29 03 19 35 | 11
#0382-d160 @A: 29 11 09 19 | 09
#0383-d160 @A: 19 12 29 30 | 01
#0384-d160 @A: 03 14 01 29 | 04
#0385-d160 @A: 09 29 33 15 | 05
#0386-d160 @A: 16 34 29 26 | 12
#0387-d160 @A: 29 16 10 18 | 08
#0388-d160 @A: 21 05 22 03 | 07
#0389-d160 @A: 22 03 33 28 | 06
#0390-d160 @A: 22 26 17 23 | 10
#0391-d160 @A: 32 22 21 33 | 02
#0392-d160 @A: 18 35 30 19 | 03
#0393-d160 @A: 10 35 06 19 | 11
#0394-d160 @A: 05 35 28 19 | 09
#0395-d160 @A: 03 23 12 35 | 01
#0396-d160 @A: 17 35 08 26 | 04
#0397-d160 @A: 35 11 33 32 | 05
#0398-d160 @A: 17 30 19 33 | 12
#0399-d160 @A: 19 11 33 06 | 08
#0400-d160 @A: 19 03 23 08 | 07
#0401-d160 @A: 19 33 25 26 | 06
#0402-d160 @A: 14 17 01 09 | 10
#0403-d160 @A: 30 01 15 21 | 02
#0404-d160 @A: 08 17 01 34 | 03
#0405-d160 @A: 25 01 32 34 | 11
#0406-d160 @A: 09 03 10 18 | 09
#0407-d160 @A: 09 34 08 26 | 01
#0408-d160 @A: 32 11 08 09 | 04
#0409-d160 @A: 21 34 14 05 | 05
#0410-d160 @A: 11 25 16 04 | 12
#0411-d160 @A: 03 34 16 33 | 08
#0412-d160 @A: 16 33 34 18 | 07
#0413-d160 @A: 11 16 34 21 | 06
#0414-d160 @A: 23 34 15 03 | 10
#0415-d160 @A: 08 17 15 33 | 02
#0416-d160 @A: 08 26 30 11 | 03
#0417-d160 @A: 30 21 25 08 | 11
#0418-d160 @A: 32 03 33 06 | 09
#0419-d160 @A: 05 12 34 18 | 01
#0420-d160 @A: 24 08 07 13 | 04
#0421-d160 @A: 24 31 16 05 | 05
#0422-d160 @A: 24 07 28 15 | 12
#0423-d160 @A: 11 24 06 20 | 08
#0424-d160 @A: 27 24 06 12 | 07
#0425-d160 @A: 24 19 35 16 | 06
#0426-d160 @A: 01 35 24 32 | 10
#0427-d160 @A: 24 06 35 08 | 02
#0428-d160 @A: 12 32 19 24 | 03
#0429-d160 @A: 24 10 16 09 | 11
#0430-d160 @A: 32 14 24 06 | 09
#0431-d160 @A: 16 24 03 08 | 01
#0432-d160 @A: 34 16 24 25 | 04
#0433-d160 @A: 17 15 24 12 | 05
#0434-d160 @A: 24 17 33 05 | 12
#0435-d160 @A: 23 24 26 33 | 08
#0436-d160 @A: 24 23 11 28 | 07
#0437-d160 @A: 10 33 08 24 | 06
#0438-d160 @A: 13 08 16 31 | 10
#0439-d160 @A: 06 13 21 31 | 02
#0440-d160 @A: 15 07 13 29 | 03
#0441-d160 @A: 14 02 03 13 | 11
#0442-d160 @A: 30 13 18 20 | 09
#0443-d160 @A: 05 13 22 06 | 01
#0444-d160 @A: 33 25 13 22 | 04
#0445-d160 @A: 13 14 01 08 | 05
#0446-d160 @A: 15 08 09 13 | 12
#0447-d160 @A: 28 14 16 13 | 08
#0448-d160 @A: 10 30 14 13 | 07
#0449-d160 @A: 13 15 16 34 | 06
#0450-d160 @A: 06 16 13 26 | 10
#0451-d160 @A: 25 13 05 03 | 02
#0452-d160 @A: 08 13 26 23 | 03
#0453-d160 @A: 25 23 13 17 | 11
#0454-d160 @A: 28 26 11 13 | 09
#0455-d160 @A: 31 07 29 32 | 01
#0456-d160 @A: 07 03 31 23 | 04
#0457-d160 @A: 34 20 31 35 | 05
#0458-d160 @A: 27 22 31 04 | 12
#0459-d160 @A: 05 19 22 31 | 08
#0460-d160 @A: 01 22 33 31 | 07
#0461-d160 @A: 35 23 19 31 | 06
#0462-d160 @A: 21 31 09 16 | 10
#0463-d160 @A: 14 15 23 31 | 02
#0464-d160 @A: 04 15 31 06 | 03
#0465-d160 @A: 12 25 23 31 | 11
#0466-d160 @A: 25 17 31 33 | 09
#0467-d160 @A: 22 02 07 25 | 01
#0468-d160 @A: 20 23 07 27 | 04
#0469-d160 @A: 07 35 20 21 | 05
#0470-d160 @A: 26 27 14 07 | 12
#0471-d160 @A: 26 29 19 07 | 08
#0472-d160 @A: 09 23 29 07 | 07
#0473-d160 @A: 07 32 06 22 | 06
#0474-d160 @A: 07 19 33 16 | 10
#0475-d160 @A: 16 07 14 09 | 02
#0476-d160 @A: 06 07 14 21 | 03
#0477-d160 @A: 07 14 25 18 | 11
#0478-d160 @A: 26 07 05 33 | 09
#0479-d160 @A: 08 07 33 03 | 01
#0480-d160 @A: 26 25 28 07 | 04
#0481-d160 @A: 11 10 25 07 | 05
#0482-d160 @A: 02 20 26 22 | 12
#0483-d160 @A: 06 27 02 05 | 08
#0484-d160 @A: 29 33 19 02 | 07
#0485-d160 @A: 29 04 01 02 | 06
#0486-d160 @A: 25 02 06 29 | 10
#0487-d160 @A: 22 09 10 02 | 02
#0488-d160 @A: 22 02 18 12 | 03
#0489-d160 @A: 17 35 02 19 | 11
#0490-d160 @A: 02 25 19 14 | 09
#0491-d160 @A: 34 02 30 19 | 01
#0492-d160 @A: 09 03 02 33 | 04
#0493-d160 @A: 04 02 17 26 | 05
#0494-d160 @A: 02 21 34 04 | 12
#0495-d160 @A: 34 02 23 12 | 08
#0496-d160 @A: 18 25 02 28 | 07
#0497-d160 @A: 29 06 20 26 | 06
#0498-d160 @A: 19 25 04 20 | 10
#0499-d160 @A: 32 06 01 20 | 02
#0500-d160 @A: 32 18 16 20 | 03
#0501-d160 @A: 11 17 04 20 | 11
#0502-d160 @A: 20 32 11 12 | 09
#0503-d160 @A: 30 27 10 29 | 01
#0504-d160 @A: 35 17 27 22 | 04
#0505-d160 @A: 27 26 22 12 | 05
#0506-d160 @A: 27 26 35 16 | 12
#0507-d160 @A: 16 27 34 01 | 08
#0508-d160 @A: 27 09 28 15 | 07
#0509-d160 @A: 23 14 17 27 | 06
#0510-d160 @A: 27 21 04 10 | 10
#0511-d160 @A: 25 34 27 12 | 02
#0512-d160 @A: 19 15 05 29 | 03
#0513-d160 @A: 30 26 01 29 | 11
#0514-d160 @A: 16 03 29 11 | 09
#0515-d160 @A: 29 23 15 30 | 01
#0516-d160 @A: 15 29 17 06 | 04
#0517-d160 @A: 28 05 10 29 | 05
#0518-d160 @A: 29 08 25 04 | 12
#0519-d160 @A: 29 28 26 12 | 08
#0520-d160 @A: 17 29 08 12 | 07
#0521-d160 @A: 12 10 29 25 | 06
#0522-d160 @A: 21 10 33 29 | 10
#0523-d160 @A: 33 25 11 29 | 02
#0524-d160 @A: 09 22 12 35 | 03
#0525-d160 @A: 03 19 22 26 | 11
#0526-d160 @A: 01 22 28 09 | 09
#0527-d160 @A: 22 18 34 09 | 01
#0528-d160 @A: 30 34 22 10 | 04
#0529-d160 @A: 08 22 33 05 | 05
#0530-d160 @A: 17 03 22 12 | 12
#0531-d160 @A: 22 33 34 26 | 08
#0532-d160 @A: 04 35 03 05 | 07
#0533-d160 @A: 28 03 35 34 | 06
#0534-d160 @A: 26 11 35 34 | 10
#0535-d160 @A: 25 34 10 35 | 02
#0536-d160 @A: 09 01 04 19 | 03
#0537-d160 @A: 32 18 14 19 | 11
#0538-d160 @A: 04 32 15 19 | 09
#0539-d160 @A: 33 21 19 23 | 01
#0540-d160 @A: 32 28 33 19 | 04
#0541-d160 @A: 28 10 19 18 | 05
#0542-d160 @A: 18 25 09 01 | 12
#0543-d160 @A: 05 30 01 16 | 08
#0544-d160 @A: 03 06 16 01 | 07
#0545-d160 @A: 33 05 01 21 | 06
#0546-d160 @A: 33 03 01 25 | 10
#0547-d160 @A: 32 01 23 33 | 02
#0548-d160 @A: 21 23 11 01 | 03
#0549-d160 @A: 33 12 34 01 | 11
#0550-d160 @A: 10 01 21 25 | 09
#0551-d160 @A: 09 28 05 04 | 01
#0552-d160 @A: 05 12 08 09 | 04
#0553-d160 @A: 23 03 32 09 | 05
#0554-d160 @A: 03 17 09 11 | 12
#0555-d160 @A: 11 18 09 21 | 08
#0556-d160 @A: 16 14 30 06 | 07
#0557-d160 @A: 30 14 28 12 | 06
#0558-d160 @A: 21 28 14 03 | 10
#0559-d160 @A: 14 26 21 25 | 02
#0560-d160 @A: 34 08 25 14 | 03
#0561-d160 @A: 18 14 10 21 | 11
#0562-d160 @A: 12 32 23 16 | 09
#0563-d160 @A: 18 15 26 11 | 01
#0564-d160 @A: 10 17 15 11 | 04
#0565-d160 @A: 30 23 06 03 | 05
#0566-d160 @A: 23 28 30 17 | 12
#0567-d160 @A: 34 25 33 30 | 08
#0568-d160 @A: 28 33 21 30 | 07
#0569-d160 @A: 05 21 06 28 | 06
#0570-d160 @A: 04 03 11 06 | 10
#0571-d160 @A: 33 25 06 23 | 02
#0572-d160 @A: 25 34 06 28 | 03
#0573-d160 @A: 21 34 06 33 | 11
#0574-d160 @A: 17 06 28 11 | 09
#0575-d160 @A: 33 12 18 04 | 01
#0576-d160 @A: 03 24 13 33 | 04
#0577-d160 @A: 10 02 24 31 | 05
#0578-d160 @A: 23 31 24 20 | 12
#0579-d160 @A: 14 25 31 24 | 08
#0580-d160 @A: 02 11 24 22 | 07
#0581-d160 @A: 29 24 20 25 | 06
#0582-d160 @A: 28 30 27 24 | 10
#0583-d160 @A: 32 27 03 24 | 02
#0584-d160 @A: 24 08 19 29 | 03
#0585-d160 @A: 24 34 12 29 | 11
#0586-d160 @A: 22 16 24 23 | 09
#0587-d160 @A: 19 24 06 26 | 01
#0588-d160 @A: 30 24 17 14 | 04
#0589-d160 @A: 24 30 15 32 | 05
#0590-d160 @A: 24 04 21 23 | 12
#0591-d160 @A: 11 25 08 24 | 08
#0592-d160 @A: 28 31 27 13 | 07
#0593-d160 @A: 20 14 05 13 | 06
#0594-d160 @A: 12 30 13 20 | 10
#0595-d160 @A: 20 13 03 06 | 02
#0596-d160 @A: 27 17 13 29 | 03
#0597-d160 @A: 13 25 29 14 | 11
#0598-d160 @A: 22 13 26 35 | 09
#0599-d160 @A: 19 13 14 11 | 01
#0600-d160 @A: 13 16 01 33 | 04
#0601-d160 @A: 06 28 13 15 | 05
#0602-d160 @A: 13 15 23 32 | 12
#0603-d160 @A: 05 32 13 34 | 08
#0604-d160 @A: 31 01 17 02 | 07
#0605-d160 @A: 22 20 32 31 | 06
#0606-d160 @A: 16 11 31 20 | 10
#0607-d160 @A: 14 31 29 16 | 02
#0608-d160 @A: 31 17 11 29 | 03
#0609-d160 @A: 23 16 31 30 | 11
#0610-d160 @A: 12 31 16 06 | 09
#0611-d160 @A: 16 31 26 17 | 01
#0612-d160 @A: 05 04 25 31 | 04
#0613-d160 @A: 04 08 28 31 | 05
#0614-d160 @A: 32 31 34 10 | 12
#0615-d160 @A: 25 21 31 34 | 08
#0616-d160 @A: 08 31 17 21 | 07
#0617-d160 @A: 28 11 31 25 | 06
#0618-d160 @A: 20 01 04 07 | 10
#0619-d160 @A: 20 08 14 07 | 02
#0620-d160 @A: 07 22 28 18 | 03
#0621-d160 @A: 14 19 28 07 | 11
#0622-d160 @A: 07 09 03 01 | 09
#0623-d160 @A: 07 01 14 33 | 01
#0624-d160 @A: 07 32 14 11 | 04
#0625-d160 @A: 07 18 11 30 | 05
#0626-d160 @A: 28 07 11 05 | 12
#0627-d160 @A: 19 20 02 23 | 08
#0628-d160 @A: 02 04 35 27 | 07
#0629-d160 @A: 15 02 27 25 | 06
#0630-d160 @A: 02 19 22 08 | 10
#0631-d160 @A: 02 33 35 01 | 02
#0632-d160 @A: 02 35 06 30 | 03
#0633-d160 @A: 08 15 02 30 | 11
#0634-d160 @A: 02 05 28 03 | 09
#0635-d160 @A: 32 11 23 02 | 01
#0636-d160 @A: 20 27 21 06 | 04
#0637-d160 @A: 29 33 20 01 | 05
#0638-d160 @A: 20 08 09 29 | 12
#0639-d160 @A: 20 12 22 33 | 08
#0640-d160 @A: 18 20 21 22 | 07
#0641-d160 @A: 35 26 19 20 | 06
#0642-d160 @A: 20 08 01 35 | 10
#0643-d160 @A: 01 03 20 28 | 02
#0644-d160 @A: 20 33 09 23 | 03
#0645-d160 @A: 28 09 18 20 | 11
#0646-d160 @A: 20 16 04 28 | 09
#0647-d160 @A: 11 35 27 30 | 01
#0648-d160 @A: 19 16 27 17 | 04
#0649-d160 @A: 01 08 27 15 | 05
#0650-d160 @A: 34 30 15 27 | 12
#0651-d160 @A: 27 33 32 26 | 08
#0652-d160 @A: 29 22 19 34 | 07
#0653-d160 @A: 22 05 18 29 | 06
#0654-d160 @A: 23 08 35 29 | 10
#0655-d160 @A: 23 29 01 19 | 02
#0656-d160 @A: 29 01 08 06 | 03
#0657-d160 @A: 09 32 28 29 | 11
#0658-d160 @A: 14 29 06 28 | 09
#0659-d160 @A: 26 29 08 14 | 01
#0660-d160 @A: 32 10 17 29 | 04
#0661-d160 @A: 17 19 22 01 | 05
#0662-d160 @A: 14 22 04 01 | 12
#0663-d160 @A: 09 15 26 22 | 08
#0664-d160 @A: 30 22 14 25 | 07
#0665-d160 @A: 04 22 34 25 | 06
#0666-d160 @A: 34 22 23 21 | 10
#0667-d160 @A: 28 22 26 10 | 02
#0668-d160 @A: 14 35 06 34 | 03
#0669-d160 @A: 12 15 16 35 | 11
#0670-d160 @A: 06 32 25 35 | 09
#0671-d160 @A: 05 11 35 25 | 01
#0672-d160 @A: 12 21 26 35 | 04
#0673-d160 @A: 14 12 19 01 | 05
#0674-d160 @A: 06 14 19 05 | 12
#0675-d160 @A: 32 14 34 19 | 08
#0676-d160 @A: 26 15 19 16 | 07
#0677-d160 @A: 17 03 25 19 | 06
#0678-d160 @A: 12 03 33 19 | 10
#0679-d160 @A: 34 30 01 14 | 02
#0680-d160 @A: 01 23 14 05 | 03
#0681-d160 @A: 15 26 01 12 | 11
#0682-d160 @A: 26 32 01 05 | 09
#0683-d160 @A: 10 26 01 23 | 01
#0684-d160 @A: 32 33 18 01 | 04
#0685-d160 @A: 09 33 16 25 | 05
#0686-d160 @A: 32 05 10 09 | 12
#0687-d160 @A: 17 32 09 04 | 08
#0688-d160 @A: 28 09 21 23 | 07
#0689-d160 @A: 18 14 08 16 | 06
#0690-d160 @A: 04 34 14 03 | 10
#0691-d160 @A: 14 32 10 04 | 02
#0692-d160 @A: 12 14 17 33 | 03
#0693-d160 @A: 06 23 16 21 | 11
#0694-d160 @A: 16 18 05 28 | 09
#0695-d160 @A: 16 18 03 17 | 01
#0696-d160 @A: 18 34 30 15 | 04
#0697-d160 @A: 11 15 05 06 | 05
#0698-d160 @A: 03 15 12 05 | 12
#0699-d160 @A: 23 28 15 05 | 08
#0700-d160 @A: 34 15 28 21 | 07
#0701-d160 @A: 15 11 12 21 | 06
#0702-d160 @A: 12 05 30 25 | 10
#0703-d160 @A: 03 04 32 30 | 02
#0704-d160 @A: 04 30 12 10 | 03
#0705-d160 @A: 11 04 21 30 | 11
#0706-d160 @A: 10 03 33 30 | 09
#0707-d160 @A: 28 10 30 08 | 01
#0708-d160 @A: 04 06 10 18 | 04
#0709-d160 @A: 21 03 06 17 | 05
#0710-d160 @A: 23 11 10 06 | 12
#0711-d160 @A: 21 18 17 04 | 08
#0712-d160 @A: 34 25 18 32 | 07
#0713-d160 @A: 13 30 24 21 | 06
#0714-d160 @A: 17 31 24 32 | 10
#0715-d160 @A: 02 24 16 27 | 02
#0716-d160 @A: 18 12 20 24 | 03
#0717-d160 @A: 27 19 05 24 | 11
#0718-d160 @A: 11 27 24 09 | 09
#0719-d160 @A: 29 35 05 24 | 01
#0720-d160 @A: 33 24 30 29 | 04
#0721-d160 @A: 35 21 14 24 | 05
#0722-d160 @A: 24 25 21 19 | 12
#0723-d160 @A: 24 30 01 04 | 08
#0724-d160 @A: 16 24 14 11 | 07
#0725-d160 @A: 24 05 04 06 | 06
#0726-d160 @A: 32 24 33 04 | 10
#0727-d160 @A: 33 25 24 12 | 02
#0728-d160 @A: 13 19 31 12 | 03
#0729-d160 @A: 31 14 13 34 | 11
#0730-d160 @A: 07 13 03 19 | 09
#0731-d160 @A: 25 13 16 02 | 01
#0732-d160 @A: 04 15 20 13 | 04
#0733-d160 @A: 13 27 11 25 | 05
#0734-d160 @A: 13 29 06 34 | 12
#0735-d160 @A: 13 14 21 22 | 08
#0736-d160 @A: 01 13 35 03 | 07
#0737-d160 @A: 17 35 13 09 | 06
#0738-d160 @A: 28 13 34 19 | 10
#0739-d160 @A: 01 30 13 06 | 02
#0740-d160 @A: 21 28 01 13 | 03
#0741-d160 @A: 18 15 13 10 | 11
#0742-d160 @A: 17 26 03 13 | 09
#0743-d160 @A: 12 03 13 34 | 01
#0744-d160 @A: 33 13 34 08 | 04
#0745-d160 @A: 34 31 07 33 | 05
#0746-d160 @A: 02 31 06 23 | 12
#0747-d160 @A: 31 26 20 33 | 08
#0748-d160 @A: 27 10 31 35 | 07
#0749-d160 @A: 32 16 27 31 | 06
#0750-d160 @A: 35 04 31 21 | 10
#0751-d160 @A: 19 16 25 31 | 02
#0752-d160 @A: 18 31 06 30 | 03
#0753-d160 @A: 12 31 03 30 | 11
#0754-d160 @A: 21 26 23 31 | 09
#0755-d160 @A: 02 20 07 34 | 01
#0756-d160 @A: 02 07 01 28 | 04
#0757-d160 @A: 02 09 07 26 | 05
#0758-d160 @A: 07 32 30 20 | 12
#0759-d160 @A: 22 07 27 29 | 08
#0760-d160 @A: 19 11 27 07 | 07
#0761-d160 @A: 07 27 25 17 | 06
#0762-d160 @A: 29 07 34 05 | 10
#0763-d160 @A: 07 08 19 35 | 02
#0764-d160 @A: 07 11 01 16 | 03
#0765-d160 @A: 15 09 07 21 | 11
#0766-d160 @A: 07 03 30 14 | 09
#0767-d160 @A: 03 10 04 07 | 01
#0768-d160 @A: 20 29 10 02 | 04
#0769-d160 @A: 10 27 02 32 | 05
#0770-d160 @A: 16 09 29 02 | 12
#0771-d160 @A: 32 29 14 02 | 08
#0772-d160 @A: 09 15 02 04 | 07
#0773-d160 @A: 30 17 02 09 | 06
#0774-d160 @A: 14 30 05 02 | 10
#0775-d160 @A: 15 02 10 03 | 02
#0776-d160 @A: 02 32 30 18 | 03
#0777-d160 @A: 02 05 17 32 | 11
#0778-d160 @A: 03 32 02 25 | 09
#0779-d160 @A: 02 26 33 08 | 01
#0780-d160 @A: 20 27 22 34 | 04
#0781-d160 @A: 32 27 20 05 | 05
#0782-d160 @A: 15 10 35 20 | 12
#0783-d160 @A: 04 32 23 20 | 08
#0784-d160 @A: 03 20 34 25 | 07
#0785-d160 @A: 03 33 20 21 | 06
#0786-d160 @A: 10 23 20 21 | 10
#0787-d160 @A: 28 26 08 20 | 02
#0788-d160 @A: 12 20 26 17 | 03
#0789-d160 @A: 27 35 29 21 | 11
#0790-d160 @A: 09 29 34 27 | 09
#0791-d160 @A: 27 19 35 32 | 01
#0792-d160 @A: 27 01 03 05 | 04
#0793-d160 @A: 09 27 05 14 | 05
#0794-d160 @A: 23 08 27 21 | 12
#0795-d160 @A: 18 27 12 28 | 08
#0796-d160 @A: 29 15 16 25 | 07
#0797-d160 @A: 03 25 29 26 | 06
#0798-d160 @A: 29 33 23 17 | 10
#0799-d160 @A: 11 32 34 29 | 02
#0800-d160 @A: 25 29 17 34 | 03
#0801-d160 @A: 29 34 18 11 | 11
#0802-d160 @A: 35 19 22 14 | 09
#0803-d160 @A: 23 28 19 22 | 01
#0804-d160 @A: 19 22 18 17 | 04
#0805-d160 @A: 22 09 30 08 | 05
#0806-d160 @A: 22 06 15 34 | 12
#0807-d160 @A: 22 04 17 33 | 08
#0808-d160 @A: 11 34 22 08 | 07
#0809-d160 @A: 22 08 17 28 | 06
#0810-d160 @A: 04 12 19 35 | 10
#0811-d160 @A: 35 30 28 01 | 02
#0812-d160 @A: 09 34 21 35 | 03
#0813-d160 @A: 04 35 11 14 | 11
#0814-d160 @A: 28 08 35 15 | 09
#0815-d160 @A: 35 18 05 08 | 01
#0816-d160 @A: 04 08 32 35 | 04
#0817-d160 @A: 19 21 14 09 | 05
#0818-d160 @A: 19 17 04 10 | 12
#0819-d160 @A: 34 26 18 19 | 08
#0820-d160 @A: 21 11 19 26 | 07
#0821-d160 @A: 19 08 17 11 | 06
#0822-d160 @A: 11 12 19 18 | 10
#0823-d160 @A: 18 01 14 17 | 02
#0824-d160 @A: 10 01 17 30 | 03
#0825-d160 @A: 05 10 34 01 | 11
#0826-d160 @A: 01 17 11 05 | 09
#0827-d160 @A: 28 23 01 34 | 01
#0828-d160 @A: 01 26 28 33 | 04
#0829-d160 @A: 03 09 16 05 | 05
#0830-d160 @A: 10 09 30 15 | 12
#0831-d160 @A: 15 09 06 18 | 08
#0832-d160 @A: 05 26 21 09 | 07
#0833-d160 @A: 04 11 26 09 | 06
#0834-d160 @A: 03 09 28 25 | 10
#0835-d160 @A: 23 09 10 08 | 02
#0836-d160 @A: 33 09 34 32 | 03
#0837-d160 @A: 04 33 14 16 | 11
#0838-d160 @A: 26 05 14 04 | 09
#0839-d160 @A: 12 10 14 05 | 01
#0840-d160 @A: 33 14 05 25 | 04
#0841-d160 @A: 33 14 26 03 | 05
#0842-d160 @A: 14 08 32 03 | 12
#0843-d160 @A: 34 18 28 14 | 08
#0844-d160 @A: 32 16 21 30 | 07
#0845-d160 @A: 05 21 16 10 | 06
#0846-d160 @A: 08 23 16 25 | 10
#0847-d160 @A: 26 16 10 08 | 02
#0848-d160 @A: 26 12 25 16 | 03
#0849-d160 @A: 33 16 12 08 | 11
#0850-d160 @A: 21 05 15 32 | 09
#0851-d160 @A: 11 04 15 08 | 01
#0852-d160 @A: 23 17 15 21 | 04
#0853-d160 @A: 06 30 08 33 | 05
#0854-d160 @A: 21 30 12 06 | 12
#0855-d160 @A: 34 03 30 21 | 08
#0856-d160 @A: 25 23 30 10 | 07
#0857-d160 @A: 26 30 12 33 | 06
#0858-d160 @A: 34 32 04 06 | 10
#0859-d160 @A: 10 04 25 06 | 02
#0860-d160 @A: 06 11 26 32 | 03
#0861-d160 @A: 06 10 32 12 | 11
#0862-d160 @A: 13 28 24 09 | 09
#0863-d160 @A: 02 09 24 18 | 01
#0864-d160 @A: 02 24 06 17 | 04
#0865-d160 @A: 24 21 20 16 | 05
#0866-d160 @A: 22 24 08 27 | 12
#0867-d160 @A: 24 29 22 17 | 08
#0868-d160 @A: 04 29 24 14 | 07
#0869-d160 @A: 24 16 26 30 | 06
#0870-d160 @A: 03 23 05 24 | 10
#0871-d160 @A: 32 24 10 28 | 02
#0872-d160 @A: 24 18 33 11 | 03
#0873-d160 @A: 25 31 13 01 | 11
#0874-d160 @A: 13 17 31 15 | 09
#0875-d160 @A: 29 02 13 05 | 01
#0876-d160 @A: 13 20 27 08 | 04
#0877-d160 @A: 23 13 27 30 | 05
#0878-d160 @A: 27 13 17 18 | 12
#0879-d160 @A: 30 03 13 29 | 08
#0880-d160 @A: 13 32 16 22 | 07
#0881-d160 @A: 35 19 25 13 | 06
#0882-d160 @A: 15 14 13 35 | 10
#0883-d160 @A: 19 06 13 17 | 02
#0884-d160 @A: 13 11 15 01 | 03
#0885-d160 @A: 13 09 06 33 | 11
#0886-d160 @A: 13 11 05 10 | 09
#0887-d160 @A: 26 04 13 25 | 01
#0888-d160 @A: 34 04 13 10 | 04
#0889-d160 @A: 31 15 12 02 | 05
#0890-d160 @A: 03 27 20 31 | 12
#0891-d160 @A: 31 15 20 08 | 08
#0892-d160 @A: 31 01 27 23 | 07
#0893-d160 @A: 10 29 06 31 | 06
#0894-d160 @A: 31 17 28 35 | 10
#0895-d160 @A: 26 09 31 18 | 02
#0896-d160 @A: 31 03 10 05 | 03
#0897-d160 @A: 05 23 17 31 | 11
#0898-d160 @A: 11 31 32 04 | 09
#0899-d160 @A: 23 02 07 16 | 01
#0900-d160 @A: 02 07 15 11 | 04
#0901-d160 @A: 07 21 01 27 | 05
#0902-d160 @A: 29 07 21 16 | 12
#0903-d160 @A: 26 22 16 07 | 08
#0904-d160 @A: 15 03 07 22 | 07
#0905-d160 @A: 22 08 12 07 | 06
#0906-d160 @A: 01 32 19 07 | 10
#0907-d160 @A: 05 15 01 07 | 02
#0908-d160 @A: 05 06 09 07 | 03
#0909-d160 @A: 15 34 07 14 | 11
#0910-d160 @A: 04 07 16 06 | 09
#0911-d160 @A: 12 30 15 07 | 01
#0912-d160 @A: 12 07 33 04 | 04
#0913-d160 @A: 32 07 25 23 | 05
#0914-d160 @A: 07 23 11 33 | 12
#0915-d160 @A: 32 17 07 33 | 08
#0916-d160 @A: 04 20 02 30 | 07
#0917-d160 @A: 01 02 27 26 | 06
#0918-d160 @A: 08 18 02 27 | 10
#0919-d160 @A: 28 02 29 30 | 02
#0920-d160 @A: 17 03 29 02 | 03
#0921-d160 @A: 02 18 29 23 | 11
#0922-d160 @A: 12 35 02 14 | 09
#0923-d160 @A: 05 02 34 35 | 01
#0924-d160 @A: 02 26 35 25 | 04
#0925-d160 @A: 12 08 02 01 | 05
#0926-d160 @A: 11 04 28 02 | 12
#0927-d160 @A: 17 23 10 02 | 08
#0928-d160 @A: 11 02 25 34 | 07
#0929-d160 @A: 17 02 33 28 | 06
#0930-d160 @A: 23 20 06 22 | 10
#0931-d160 @A: 22 20 21 04 | 02
#0932-d160 @A: 20 06 19 08 | 03
#0933-d160 @A: 12 09 20 15 | 11
#0934-d160 @A: 20 14 23 30 | 09
#0935-d160 @A: 17 16 30 20 | 01
#0936-d160 @A: 33 11 20 05 | 04
#0937-d160 @A: 20 23 08 17 | 05
#0938-d160 @A: 20 21 11 28 | 12
#0939-d160 @A: 29 14 27 33 | 08
#0940-d160 @A: 33 27 09 22 | 07
#0941-d160 @A: 26 27 19 09 | 06
#0942-d160 @A: 01 10 14 27 | 10
#0943-d160 @A: 17 27 05 04 | 02
#0944-d160 @A: 27 11 03 26 | 03
#0945-d160 @A: 27 17 34 03 | 11
#0946-d160 @A: 14 22 29 05 | 09
#0947-d160 @A: 22 11 30 29 | 01
#0948-d160 @A: 32 29 35 16 | 04
#0949-d160 @A: 35 11 29 06 | 05
#0950-d160 @A: 17 05 29 09 | 12
#0951-d160 @A: 10 04 29 09 | 08
#0952-d160 @A: 14 15 29 11 | 07
#0953-d160 @A: 04 29 18 15 | 06
#0954-d160 @A: 29 04 34 23 | 10
#0955-d160 @A: 26 10 11 29 | 02
#0956-d160 @A: 01 22 21 35 | 03
#0957-d160 @A: 01 22 30 12 | 11
#0958-d160 @A: 30 18 22 14 | 09
#0959-d160 @A: 22 05 28 32 | 01
#0960-d160 @A: 22 32 34 03 | 04
#0961-d160 @A: 16 18 01 35 | 05
#0962-d160 @A: 05 12 32 35 | 12
#0963-d160 @A: 23 32 10 35 | 08
#0964-d160 @A: 12 28 25 35 | 07
#0965-d160 @A: 15 19 09 17 | 06
#0966-d160 @A: 09 19 18 08 | 10
#0967-d160 @A: 19 09 10 25 | 02
#0968-d160 @A: 19 34 05 11 | 03
#0969-d160 @A: 25 01 14 06 | 11
#0970-d160 @A: 28 01 15 25 | 09
#0971-d160 @A: 03 30 01 18 | 01
#0972-d160 @A: 05 01 04 08 | 04
#0973-d160 @A: 25 17 26 01 | 05
#0974-d160 @A: 32 10 08 01 | 12
#0975-d160 @A: 01 11 28 18 | 08
#0976-d160 @A: 09 11 15 16 | 07
#0977-d160 @A: 09 26 28 30 | 06
#0978-d160 @A: 17 28 10 09 | 10
#0979-d160 @A: 12 11 33 09 | 02
#0980-d160 @A: 25 10 15 14 | 03
#0981-d160 @A: 05 14 28 08 | 11
#0982-d160 @A: 03 14 18 26 | 09
#0983-d160 @A: 26 23 14 12 | 01
#0984-d160 @A: 32 28 14 26 | 04
#0985-d160 @A: 34 14 12 11 | 05
#0986-d160 @A: 16 17 28 05 | 12
#0987-d160 @A: 03 16 17 32 | 08
#0988-d160 @A: 15 05 25 17 | 07
#0989-d160 @A: 15 33 04 03 | 06
#0990-d160 @A: 15 11 25 03 | 10
#0991-d160 @A: 11 15 23 26 | 02
#0992-d160 @A: 10 32 26 15 | 03
#0993-d160 @A: 06 30 17 04 | 11
#0994-d160 @A: 10 06 03 28 | 09
#0995-d160 @A: 17 06 23 34 | 01
#0996-d160 @A: 12 11 08 06 | 04
#0997-d160 @A: 23 18 32 10 | 05
#0998-d160 @A: 32 26 08 18 | 12
#0999-d160 @A: 18 28 17 26 | 08
#1000-d160 @A: 24 13 06 25 | 07
#1001-d160 @A: 31 35 24 26 | 06
#1002-d160 @A: 01 24 07 23 | 10
#1003-d160 @A: 01 24 27 17 | 02
#1004-d160 @A: 27 24 26 21 | 03
#1005-d160 @A: 19 23 24 30 | 11
#1006-d160 @A: 28 24 19 03 | 09
#1007-d160 @A: 24 05 12 21 | 01
#1008-d160 @A: 24 28 04 34 | 04
#1009-d160 @A: 13 31 35 32 | 05
#1010-d160 @A: 13 33 27 07 | 12
#1011-d160 @A: 33 02 15 13 | 08
#1012-d160 @A: 13 35 16 20 | 07
#1013-d160 @A: 20 28 23 13 | 06
#1014-d160 @A: 13 10 29 01 | 10
#1015-d160 @A: 18 13 22 08 | 02
#1016-d160 @A: 13 34 35 30 | 03
#1017-d160 @A: 13 09 32 19 | 11
#1018-d160 @A: 13 19 23 10 | 09
#1019-d160 @A: 14 13 04 09 | 01
#1020-d160 @A: 21 09 10 13 | 04
#1021-d160 @A: 32 14 33 13 | 05
#1022-d160 @A: 15 25 12 13 | 12
#1023-d160 @A: 33 05 28 13 | 08
#1024-d160 @A: 13 28 08 03 | 07
#1025-d160 @A: 03 11 13 32 | 06
#1026-d160 @A: 31 22 17 07 | 10
#1027-d160 @A: 29 12 20 31 | 02
#1028-d160 @A: 27 19 34 31 | 03
#1029-d160 @A: 22 21 31 29 | 11
#1030-d160 @A: 34 31 30 29 | 09
#1031-d160 @A: 22 10 16 31 | 01
#1032-d160 @A: 12 01 31 18 | 04
#1033-d160 @A: 31 09 17 34 | 05
#1034-d160 @A: 28 31 16 34 | 12
#1035-d160 @A: 26 34 05 31 | 08
#1036-d160 @A: 31 21 32 03 | 07
#1037-d160 @A: 31 23 34 11 | 06
#1038-d160 @A: 18 31 10 33 | 10
#1039-d160 @A: 02 05 07 19 | 02
#1040-d160 @A: 20 07 11 22 | 03
#1041-d160 @A: 33 07 20 15 | 11
#1042-d160 @A: 05 12 20 07 | 09
#1043-d160 @A: 22 09 19 07 | 01
#1044-d160 @A: 09 07 35 25 | 04
#1045-d160 @A: 07 23 14 35 | 05
#1046-d160 @A: 33 35 07 28 | 12
#1047-d160 @A: 01 18 07 23 | 08
#1048-d160 @A: 07 28 10 16 | 07
#1049-d160 @A: 15 08 07 25 | 06
#1050-d160 @A: 17 05 03 07 | 10
#1051-d160 @A: 18 04 07 23 | 02
#1052-d160 @A: 07 12 28 23 | 03
#1053-d160 @A: 07 10 26 17 | 11
#1054-d160 @A: 32 18 07 12 | 09
#1055-d160 @A: 22 14 02 27 | 01
#1056-d160 @A: 27 19 28 02 | 04
#1057-d160 @A: 02 32 35 22 | 05
#1058-d160 @A: 14 18 02 35 | 12
#1059-d160 @A: 02 30 11 01 | 08
#1060-d160 @A: 02 17 11 14 | 07
#1061-d160 @A: 16 06 02 11 | 06
#1062-d160 @A: 02 06 18 26 | 10
#1063-d160 @A: 02 33 05 23 | 02
#1064-d160 @A: 21 03 23 02 | 03
#1065-d160 @A: 02 25 23 28 | 11
#1066-d160 @A: 02 17 18 10 | 09
#1067-d160 @A: 05 35 23 20 | 01
#1068-d160 @A: 14 11 01 20 | 04
#1069-d160 @A: 15 17 01 20 | 05
#1070-d160 @A: 20 23 01 12 | 12
#1071-d160 @A: 33 08 04 20 | 08
#1072-d160 @A: 16 22 27 05 | 07
#1073-d160 @A: 04 27 09 16 | 06
#1074-d160 @A: 27 05 08 11 | 10
#1075-d160 @A: 27 05 10 33 | 02
#1076-d160 @A: 23 04 26 27 | 03
#1077-d160 @A: 32 04 27 25 | 11
#1078-d160 @A: 11 27 12 04 | 09
#1079-d160 @A: 27 28 23 10 | 01
#1080-d160 @A: 32 01 29 22 | 04
#1081-d160 @A: 29 25 30 32 | 05
#1082-d160 @A: 29 06 12 18 | 12
#1083-d160 @A: 32 29 05 04 | 08
#1084-d160 @A: 03 21 29 04 | 07
#1085-d160 @A: 17 29 04 28 | 06
#1086-d160 @A: 25 18 03 29 | 10
#1087-d160 @A: 21 29 23 12 | 02
#1088-d160 @A: 28 08 11 29 | 03
#1089-d160 @A: 22 23 35 30 | 11
#1090-d160 @A: 22 35 33 18 | 09
#1091-d160 @A: 22 26 11 14 | 01
#1092-d160 @A: 06 22 16 28 | 04
#1093-d160 @A: 15 23 22 04 | 05
#1094-d160 @A: 22 25 05 26 | 12
#1095-d160 @A: 22 21 26 08 | 08
#1096-d160 @A: 22 12 28 34 | 07
#1097-d160 @A: 10 12 22 21 | 06
#1098-d160 @A: 33 35 19 09 | 10
#1099-d160 @A: 21 19 35 30 | 02
#1100-d160 @A: 09 10 01 35 | 03
#1101-d160 @A: 26 14 35 01 | 11
#1102-d160 @A: 01 06 35 05 | 09
#1103-d160 @A: 08 16 11 35 | 01
#1104-d160 @A: 15 35 30 17 | 04
#1105-d160 @A: 06 18 21 35 | 05
#1106-d160 @A: 03 32 35 26 | 12
#1107-d160 @A: 19 01 03 30 | 08
#1108-d160 @A: 01 34 26 19 | 07
#1109-d160 @A: 19 05 30 09 | 06
#1110-d160 @A: 30 14 26 19 | 10
#1111-d160 @A: 19 11 10 03 | 02
#1112-d160 @A: 28 25 19 08 | 03
#1113-d160 @A: 21 19 32 10 | 11
#1114-d160 @A: 01 30 23 09 | 09
#1115-d160 @A: 34 11 04 01 | 01
#1116-d160 @A: 10 01 18 34 | 04
#1117-d160 @A: 11 25 01 12 | 05
#1118-d160 @A: 09 14 25 11 | 12
#1119-d160 @A: 15 09 06 25 | 08
#1120-d160 @A: 12 09 18 17 | 07
#1121-d160 @A: 14 23 03 25 | 06
#1122-d160 @A: 26 17 34 14 | 10
#1123-d160 @A: 34 28 10 14 | 02
#1124-d160 @A: 12 32 25 14 | 03
#1125-d160 @A: 32 16 26 04 | 11
#1126-d160 @A: 17 03 28 15 | 09
#1127-d160 @A: 12 23 15 08 | 01
#1128-d160 @A: 18 23 21 15 | 04
#1129-d160 @A: 10 15 34 08 | 05
#1130-d160 @A: 15 08 12 18 | 12
#1131-d160 @A: 06 25 26 30 | 08
#1132-d160 @A: 30 28 06 32 | 07
#1133-d160 @A: 12 26 30 18 | 06
#1134-d160 @A: 17 18 30 33 | 10
#1135-d160 @A: 33 18 05 06 | 02
#1136-d160 @A: 04 12 06 23 | 03
#1137-d160 @A: 06 18 11 23 | 11
#1138-d160 @A: 12 26 34 06 | 09
#1139-d160 @A: 13 20 22 24 | 01
#1140-d160 @A: 27 10 07 24 | 04
#1141-d160 @A: 24 07 19 17 | 05
#1142-d160 @A: 20 15 27 24 | 12
#1143-d160 @A: 25 23 27 24 | 08
#1144-d160 @A: 23 29 06 24 | 07
#1145-d160 @A: 33 19 22 24 | 06
#1146-d160 @A: 24 15 01 22 | 10
#1147-d160 @A: 24 16 12 01 | 02
#1148-d160 @A: 01 24 06 10 | 03
#1149-d160 @A: 23 18 24 25 | 11
#1150-d160 @A: 10 24 17 34 | 09
#1151-d160 @A: 06 13 07 11 | 01
#1152-d160 @A: 02 13 28 22 | 04
#1153-d160 @A: 08 02 35 13 | 05
#1154-d160 @A: 02 13 06 10 | 12
#1155-d160 @A: 06 27 32 13 | 08
#1156-d160 @A: 13 35 29 28 | 07
#1157-d160 @A: 09 13 34 22 | 06
#1158-d160 @A: 04 17 13 01 | 10
#1159-d160 @A: 13 16 21 18 | 02
#1160-d160 @A: 21 32 04 13 | 03
#1161-d160 @A: 04 28 12 13 | 11
#1162-d160 @A: 17 11 34 13 | 09
#1163-d160 @A: 10 13 25 28 | 01
#1164-d160 @A: 12 13 17 21 | 04
#1165-d160 @A: 07 35 18 31 | 05
#1166-d160 @A: 31 22 34 02 | 12
#1167-d160 @A: 31 09 35 02 | 08
#1168-d160 @A: 31 27 18 04 | 07
#1169-d160 @A: 31 28 29 19 | 06
#1170-d160 @A: 04 29 33 31 | 10
#1171-d160 @A: 15 31 22 25 | 02
#1172-d160 @A: 19 10 30 31 | 03
#1173-d160 @A: 19 04 31 26 | 11
#1174-d160 @A: 01 11 26 31 | 09
#1175-d160 @A: 08 31 34 03 | 01
#1176-d160 @A: 11 33 31 03 | 04
#1177-d160 @A: 31 23 08 18 | 05
#1178-d160 @A: 31 26 25 32 | 12
#1179-d160 @A: 10 28 33 31 | 08
#1180-d160 @A: 35 29 07 02 | 07
#1181-d160 @A: 07 02 04 32 | 06
#1182-d160 @A: 07 08 16 27 | 10
#1183-d160 @A: 14 12 29 07 | 02
#1184-d160 @A: 07 17 29 30 | 03
#1185-d160 @A: 30 22 07 33 | 11
#1186-d160 @A: 10 12 35 07 | 09
#1187-d160 @A: 08 30 07 01 | 01
#1188-d160 @A: 10 05 23 07 | 04
#1189-d160 @A: 08 07 04 26 | 05
#1190-d160 @A: 02 06 12 20 | 12
#1191-d160 @A: 02 30 22 21 | 08
#1192-d160 @A: 01 19 02 10 | 07
#1193-d160 @A: 16 19 02 32 | 06
#1194-d160 @A: 02 15 16 28 | 10
#1195-d160 @A: 02 05 11 26 | 02
#1196-d160 @A: 02 12 26 03 | 03
#1197-d160 @A: 21 34 18 02 | 11
#1198-d160 @A: 33 21 11 02 | 09
#1199-d160 @A: 27 20 26 30 | 01
#1200-d160 @A: 25 22 20 35 | 04
#1201-d160 @A: 22 10 20 01 | 05
#1202-d160 @A: 16 08 22 20 | 12
#1203-d160 @A: 30 20 35 33 | 08
#1204-d160 @A: 23 20 18 19 | 07
#1205-d160 @A: 20 16 10 14 | 06
#1206-d160 @A: 20 15 28 14 | 10
#1207-d160 @A: 06 20 33 14 | 02
#1208-d160 @A: 25 06 20 16 | 03
#1209-d160 @A: 20 03 32 10 | 11
#1210-d160 @A: 34 21 20 12 | 09
#1211-d160 @A: 10 19 27 22 | 01
#1212-d160 @A: 30 03 27 22 | 04
#1213-d160 @A: 27 18 09 35 | 05
#1214-d160 @A: 27 01 11 32 | 12
#1215-d160 @A: 30 27 32 14 | 08
#1216-d160 @A: 14 11 06 27 | 07
#1217-d160 @A: 11 18 27 14 | 06
#1218-d160 @A: 16 15 23 27 | 10
#1219-d160 @A: 16 10 27 06 | 02
#1220-d160 @A: 27 30 25 18 | 03
#1221-d160 @A: 12 03 27 08 | 11
#1222-d160 @A: 32 34 21 27 | 09
#1223-d160 @A: 32 28 27 08 | 01
#1224-d160 @A: 17 10 27 08 | 04
#1225-d160 @A: 18 32 27 21 | 05
#1226-d160 @A: 33 21 27 12 | 12
#1227-d160 @A: 22 29 25 09 | 08
#1228-d160 @A: 21 14 30 29 | 07
#1229-d160 @A: 23 10 29 14 | 06
#1230-d160 @A: 12 32 03 29 | 10
#1231-d160 @A: 33 08 32 29 | 02
#1232-d160 @A: 28 35 22 11 | 03
#1233-d160 @A: 22 16 19 11 | 11
#1234-d160 @A: 06 19 22 21 | 09
#1235-d160 @A: 22 25 12 19 | 01
#1236-d160 @A: 01 23 22 08 | 04
#1237-d160 @A: 08 22 14 06 | 05
#1238-d160 @A: 04 05 11 22 | 12
#1239-d160 @A: 05 23 12 22 | 08
#1240-d160 @A: 18 22 03 04 | 07
#1241-d160 @A: 19 34 35 15 | 06
#1242-d160 @A: 35 16 09 28 | 10
#1243-d160 @A: 05 09 15 35 | 02
#1244-d160 @A: 04 09 35 23 | 03
#1245-d160 @A: 16 35 14 25 | 11
#1246-d160 @A: 10 26 05 35 | 09
#1247-d160 @A: 35 33 26 04 | 01
#1248-d160 @A: 17 04 25 35 | 04
#1249-d160 @A: 35 11 12 17 | 05
#1250-d160 @A: 17 11 18 35 | 12
#1251-d160 @A: 09 06 19 23 | 08
#1252-d160 @A: 16 15 19 18 | 07
#1253-d160 @A: 19 16 30 28 | 06
#1254-d160 @A: 19 23 11 04 | 10
#1255-d160 @A: 19 10 12 26 | 02
#1256-d160 @A: 01 15 09 34 | 03
#1257-d160 @A: 01 10 12 03 | 11
#1258-d160 @A: 15 03 09 14 | 09
#1259-d160 @A: 09 33 14 18 | 01
#1260-d160 @A: 09 16 12 30 | 04
#1261-d160 @A: 28 11 09 34 | 05
#1262-d160 @A: 04 21 14 17 | 12
#1263-d160 @A: 14 10 11 21 | 08
#1264-d160 @A: 14 25 28 17 | 07
#1265-d160 @A: 11 05 16 32 | 06
#1266-d160 @A: 03 26 23 16 | 10
#1267-d160 @A: 12 03 16 28 | 02
#1268-d160 @A: 16 25 18 26 | 03
#1269-d160 @A: 10 33 32 16 | 11
#1270-d160 @A: 16 28 32 25 | 09
#1271-d160 @A: 15 33 11 30 | 01
#1272-d160 @A: 15 08 05 26 | 04
#1273-d160 @A: 33 15 05 34 | 05
#1274-d160 @A: 04 17 15 34 | 12
#1275-d160 @A: 34 32 12 15 | 08
#1276-d160 @A: 30 03 05 26 | 07
#1277-d160 @A: 10 30 21 26 | 06
#1278-d160 @A: 08 30 12 32 | 10
#1279-d160 @A: 32 23 05 06 | 02
#1280-d160 @A: 06 28 04 33 | 03
#1281-d160 @A: 04 18 08 28 | 11
#1282-d160 @A: 18 28 23 33 | 09
#1283-d160 @A: 08 18 11 25 | 01
#1284-d160 @A: 24 13 26 14 | 04
#1285-d160 @A: 24 31 21 33 | 05
#1286-d160 @A: 18 31 24 21 | 12
#1287-d160 @A: 05 24 14 07 | 08
#1288-d160 @A: 24 06 07 34 | 07
#1289-d160 @A: 21 29 02 24 | 06
#1290-d160 @A: 24 01 02 25 | 10
#1291-d160 @A: 24 26 15 02 | 02
#1292-d160 @A: 24 02 03 30 | 03
#1293-d160 @A: 20 24 10 30 | 11
#1294-d160 @A: 24 15 29 10 | 09
#1295-d160 @A: 26 32 24 22 | 01
#1296-d160 @A: 22 18 32 24 | 04
#1297-d160 @A: 12 35 24 30 | 05
#1298-d160 @A: 26 03 34 24 | 12
#1299-d160 @A: 10 03 24 21 | 08
#1300-d160 @A: 11 24 17 26 | 07
#1301-d160 @A: 31 13 04 02 | 06
#1302-d160 @A: 33 13 30 31 | 10
#1303-d160 @A: 07 25 13 34 | 02
#1304-d160 @A: 23 02 13 01 | 03
#1305-d160 @A: 13 02 32 30 | 11
#1306-d160 @A: 13 12 14 27 | 09
#1307-d160 @A: 16 21 13 27 | 01
#1308-d160 @A: 22 15 13 10 | 04
#1309-d160 @A: 13 09 16 23 | 05
#1310-d160 @A: 23 18 13 14 | 12
#1311-d160 @A: 30 04 05 13 | 08
#1312-d160 @A: 06 28 18 13 | 07
#1313-d160 @A: 11 13 33 04 | 06
#1314-d160 @A: 13 33 12 23 | 10
#1315-d160 @A: 31 02 14 07 | 02
#1316-d160 @A: 11 07 08 31 | 03
#1317-d160 @A: 25 31 30 02 | 11
#1318-d160 @A: 14 20 04 31 | 09
#1319-d160 @A: 31 11 35 15 | 01
#1320-d160 @A: 35 31 30 05 | 04
#1321-d160 @A: 31 35 33 06 | 05
#1322-d160 @A: 33 14 31 19 | 12
#1323-d160 @A: 14 31 09 12 | 08
#1324-d160 @A: 09 31 15 32 | 07
#1325-d160 @A: 11 31 30 14 | 06
#1326-d160 @A: 14 06 17 31 | 10
#1327-d160 @A: 31 25 03 06 | 02
#1328-d160 @A: 31 05 11 12 | 03
#1329-d160 @A: 29 20 07 28 | 11
#1330-d160 @A: 15 04 07 27 | 09
#1331-d160 @A: 30 07 27 05 | 01
#1332-d160 @A: 07 14 25 04 | 04
#1333-d160 @A: 21 05 07 04 | 05
#1334-d160 @A: 12 25 07 03 | 12
#1335-d160 @A: 07 21 10 34 | 08
#1336-d160 @A: 34 07 28 17 | 07
#1337-d160 @A: 25 21 33 07 | 06
#1338-d160 @A: 21 11 07 17 | 10
#1339-d160 @A: 08 27 02 29 | 02
#1340-d160 @A: 27 09 23 02 | 03
#1341-d160 @A: 12 02 27 30 | 11
#1342-d160 @A: 28 14 09 02 | 09
#1343-d160 @A: 23 04 02 08 | 01
#1344-d160 @A: 35 27 12 20 | 04
#1345-d160 @A: 20 09 27 10 | 05
#1346-d160 @A: 27 20 25 14 | 12
#1347-d160 @A: 20 35 09 11 | 08
#1348-d160 @A: 20 35 28 06 | 07
#1349-d160 @A: 18 20 35 04 | 06
#1350-d160 @A: 11 30 20 19 | 10
#1351-d160 @A: 26 05 16 20 | 02
#1352-d160 @A: 03 20 11 23 | 03
#1353-d160 @A: 26 23 20 34 | 11
#1354-d160 @A: 20 28 12 10 | 09
#1355-d160 @A: 20 25 18 17 | 01
#1356-d160 @A: 27 29 26 05 | 04
#1357-d160 @A: 22 32 23 27 | 05
#1358-d160 @A: 27 06 30 19 | 12
#1359-d160 @A: 01 27 12 09 | 08
#1360-d160 @A: 15 21 14 27 | 07
#1361-d160 @A: 17 27 26 15 | 06
#1362-d160 @A: 27 05 21 25 | 10
#1363-d160 @A: 23 27 33 03 | 02
#1364-d160 @A: 22 29 16 33 | 03
#1365-d160 @A: 04 29 26 22 | 11
#1366-d160 @A: 30 18 29 09 | 09
#1367-d160 @A: 18 12 14 29 | 01
#1368-d160 @A: 16 30 29 08 | 04
#1369-d160 @A: 23 32 26 29 | 05
#1370-d160 @A: 28 32 29 18 | 12
#1371-d160 @A: 11 03 01 22 | 08
#1372-d160 @A: 10 04 08 22 | 07
#1373-d160 @A: 32 10 25 22 | 06
#1374-d160 @A: 01 16 23 35 | 10
#1375-d160 @A: 35 30 32 09 | 02
#1376-d160 @A: 14 08 35 30 | 03
#1377-d160 @A: 35 17 14 05 | 11
#1378-d160 @A: 18 26 35 10 | 09
#1379-d160 @A: 21 10 17 35 | 01
#1380-d160 @A: 25 35 28 18 | 04
#1381-d160 @A: 01 19 25 05 | 05
#1382-d160 @A: 15 06 12 19 | 12
#1383-d160 @A: 28 19 15 10 | 08
#1384-d160 @A: 28 19 17 26 | 07
#1385-d160 @A: 12 21 19 08 | 06
#1386-d160 @A: 09 08 25 01 | 10
#1387-d160 @A: 16 32 01 14 | 02
#1388-d160 @A: 06 33 17 01 | 03
#1389-d160 @A: 01 04 21 12 | 11
#1390-d160 @A: 09 30 33 14 | 09
#1391-d160 @A: 10 09 06 14 | 01
#1392-d160 @A: 16 32 09 06 | 04
#1393-d160 @A: 08 09 04 03 | 05
#1394-d160 @A: 03 09 26 10 | 12
#1395-d160 @A: 12 09 23 17 | 08
#1396-d160 @A: 25 03 21 16 | 07
#1397-d160 @A: 11 16 26 33 | 06
#1398-d160 @A: 30 05 10 06 | 10
#1399-d160 @A: 30 05 23 08 | 02
#1400-d160 @A: 05 28 34 30 | 03
#1401-d160 @A: 34 26 30 04 | 11
#1402-d160 @A: 34 30 12 17 | 09
#1403-d160 @A: 08 18 30 10 | 01
#1404-d160 @A: 26 21 04 06 | 04
#1405-d160 @A: 08 28 06 23 | 05
#1406-d160 @A: 17 25 12 06 | 12
#1407-d160 @A: 05 03 18 32 | 08
#1408-d160 @A: 12 24 13 02 | 07
#1409-d160 @A: 13 19 01 24 | 06
#1410-d160 @A: 31 08 24 30 | 10
#1411-d160 @A: 11 35 07 24 | 02
#1412-d160 @A: 07 24 10 18 | 03
#1413-d160 @A: 24 16 29 28 | 11
#1414-d160 @A: 26 24 29 18 | 09
#1415-d160 @A: 14 22 03 24 | 01
#1416-d160 @A: 23 35 17 24 | 04
#1417-d160 @A: 19 24 11 15 | 05
#1418-d160 @A: 19 18 06 24 | 12
#1419-d160 @A: 16 24 18 30 | 08
#1420-d160 @A: 16 33 24 06 | 07
#1421-d160 @A: 24 05 32 25 | 06
#1422-d160 @A: 24 34 11 33 | 10
#1423-d160 @A: 17 28 21 24 | 02
#1424-d160 @A: 13 32 07 10 | 03
#1425-d160 @A: 29 11 13 20 | 11
#1426-d160 @A: 27 13 15 19 | 09
#1427-d160 @A: 13 03 27 09 | 01
#1428-d160 @A: 18 13 27 05 | 04
#1429-d160 @A: 19 21 13 29 | 05
#1430-d160 @A: 35 13 06 12 | 12
#1431-d160 @A: 19 18 03 13 | 08
#1432-d160 @A: 06 13 08 04 | 07
#1433-d160 @A: 23 13 04 03 | 06
#1434-d160 @A: 21 34 26 13 | 10
#1435-d160 @A: 26 18 33 13 | 02
#1436-d160 @A: 13 17 28 32 | 03
#1437-d160 @A: 33 17 10 13 | 11
#1438-d160 @A: 31 28 09 07 | 09
#1439-d160 @A: 33 31 27 02 | 01
#1440-d160 @A: 16 31 03 02 | 04
#1441-d160 @A: 31 20 29 18 | 05
#1442-d160 @A: 09 31 27 25 | 12
#1443-d160 @A: 09 31 23 22 | 08
#1444-d160 @A: 19 06 32 31 | 07
#1445-d160 @A: 01 14 21 31 | 06
#1446-d160 @A: 01 31 16 04 | 10
#1447-d160 @A: 30 01 32 31 | 02
#1448-d160 @A: 28 01 05 31 | 03
#1449-d160 @A: 09 30 04 31 | 11
#1450-d160 @A: 18 31 06 14 | 09
#1451-d160 @A: 10 26 31 14 | 01
#1452-d160 @A: 30 31 15 28 | 04
#1453-d160 @A: 28 31 15 18 | 05
#1454-d160 @A: 12 04 31 34 | 12
#1455-d160 @A: 31 28 32 23 | 08
#1456-d160 @A: 11 07 29 04 | 07
#1457-d160 @A: 19 04 30 07 | 06
#1458-d160 @A: 34 07 12 19 | 10
#1459-d160 @A: 17 08 07 09 | 02
#1460-d160 @A: 10 06 15 07 | 03
#1461-d160 @A: 07 30 23 21 | 11
#1462-d160 @A: 07 28 03 32 | 09
#1463-d160 @A: 03 02 20 35 | 01
#1464-d160 @A: 05 20 15 02 | 04
#1465-d160 @A: 23 02 29 22 | 05
#1466-d160 @A: 29 11 12 02 | 12
#1467-d160 @A: 02 01 22 05 | 08
#1468-d160 @A: 09 02 19 12 | 07
#1469-d160 @A: 02 19 15 21 | 06
#1470-d160 @A: 02 26 16 14 | 10
#1471-d160 @A: 05 02 15 18 | 02
#1472-d160 @A: 04 32 02 18 | 03
#1473-d160 @A: 25 04 33 02 | 11
#1474-d160 @A: 32 21 02 26 | 09
#1475-d160 @A: 25 17 02 08 | 01
#1476-d160 @A: 22 18 20 27 | 04
#1477-d160 @A: 14 29 34 20 | 05
#1478-d160 @A: 20 28 30 22 | 12
#1479-d160 @A: 20 32 14 35 | 08
#1480-d160 @A: 21 20 19 05 | 07
#1481-d160 @A: 26 09 20 14 | 06
#1482-d160 @A: 20 03 30 09 | 10
#1483-d160 @A: 18 20 15 14 | 02
#1484-d160 @A: 08 20 34 30 | 03
#1485-d160 @A: 20 03 08 05 | 11
#1486-d160 @A: 04 26 10 20 | 09
#1487-d160 @A: 34 17 20 33 | 01
#1488-d160 @A: 12 25 08 20 | 04
#1489-d160 @A: 29 27 25 19 | 05
#1490-d160 @A: 29 27 32 15 | 12
#1491-d160 @A: 11 22 27 15 | 08
#1492-d160 @A: 28 27 21 22 | 07
#1493-d160 @A: 25 01 35 27 | 06
#1494-d160 @A: 09 08 35 27 | 10
#1495-d160 @A: 35 28 27 14 | 02
#1496-d160 @A: 18 19 27 26 | 03
#1497-d160 @A: 04 01 27 06 | 11
#1498-d160 @A: 27 18 16 06 | 09
#1499-d160 @A: 27 33 15 06 | 01
#1500-d160 @A: 10 12 27 15 | 04
#1501-d160 @A: 27 26 34 28 | 05
#1502-d160 @A: 27 32 17 12 | 12
#1503-d160 @A: 35 12 33 29 | 08
#1504-d160 @A: 19 10 29 16 | 07
#1505-d160 @A: 06 29 32 21 | 06
#1506-d160 @A: 29 21 11 05 | 10
#1507-d160 @A: 34 03 29 10 | 02
#1508-d160 @A: 34 29 08 21 | 03
#1509-d160 @A: 18 29 21 08 | 11
#1510-d160 @A: 19 32 30 22 | 09
#1511-d160 @A: 22 01 25 16 | 01
#1512-d160 @A: 11 09 22 21 | 04
#1513-d160 @A: 14 15 12 22 | 05
#1514-d160 @A: 22 14 33 23 | 12
#1515-d160 @A: 06 10 22 17 | 08
#1516-d160 @A: 34 17 22 05 | 07
#1517-d160 @A: 22 32 11 17 | 06
#1518-d160 @A: 04 34 16 35 | 10
#1519-d160 @A: 11 03 21 35 | 02
#1520-d160 @A: 28 23 35 26 | 03
#1521-d160 @A: 23 35 33 34 | 11
#1522-d160 @A: 08 12 35 34 | 09
#1523-d160 @A: 28 32 35 21 | 01
#1524-d160 @A: 01 18 21 19 | 04
#1525-d160 @A: 16 23 19 14 | 05
#1526-d160 @A: 18 19 25 04 | 12
#1527-d160 @A: 25 19 23 34 | 08
#1528-d160 @A: 26 08 19 32 | 07
#1529-d160 @A: 19 25 32 11 | 06
#1530-d160 @A: 19 11 28 12 | 10
#1531-d160 @A: 06 23 01 15 | 02
#1532-d160 @A: 06 08 01 18 | 03
#1533-d160 @A: 05 11 01 18 | 11
#1534-d160 @A: 23 17 01 03 | 09
#1535-d160 @A: 09 34 14 23 | 01
#1536-d160 @A: 04 09 18 16 | 04
#1537-d160 @A: 05 15 14 16 | 05
#1538-d160 @A: 14 06 12 03 | 12
#1539-d160 @A: 14 23 08 11 | 08
#1540-d160 @A: 10 16 34 23 | 07
#1541-d160 @A: 28 33 16 23 | 06
#1542-d160 @A: 11 12 10 16 | 10
#1543-d160 @A: 15 04 05 10 | 02
#1544-d160 @A: 15 04 25 21 | 03
#1545-d160 @A: 08 18 03 15 | 11
#1546-d160 @A: 21 26 33 15 | 09
#1547-d160 @A: 34 30 06 11 | 01
#1548-d160 @A: 23 33 30 04 | 04
#1549-d160 @A: 30 25 28 04 | 05
#1550-d160 @A: 17 30 03 08 | 12
#1551-d160 @A: 26 32 17 30 | 08
#1552-d160 @A: 30 11 10 32 | 07
#1553-d160 @A: 26 17 05 06 | 06
#1554-d160 @A: 17 32 06 08 | 10
#1555-d160 @A: 25 21 18 05 | 02
#1556-d160 @A: 18 03 12 21 | 03
#1557-d160 @A: 01 24 03 31 | 11
#1558-d160 @A: 24 31 15 34 | 09
#1559-d160 @A: 28 31 24 06 | 01
#1560-d160 @A: 02 24 07 33 | 04
#1561-d160 @A: 07 26 20 24 | 05
#1562-d160 @A: 35 24 28 02 | 12
#1563-d160 @A: 35 24 20 04 | 08
#1564-d160 @A: 24 32 09 20 | 07
#1565-d160 @A: 24 34 22 35 | 06
#1566-d160 @A: 30 22 24 06 | 10
#1567-d160 @A: 18 35 24 23 | 02
#1568-d160 @A: 14 10 19 24 | 03
#1569-d160 @A: 01 21 34 24 | 11
#1570-d160 @A: 06 09 24 21 | 09
#1571-d160 @A: 18 05 24 14 | 01
#1572-d160 @A: 15 08 24 21 | 04
#1573-d160 @A: 28 24 03 18 | 05
#1574-d160 @A: 10 12 24 23 | 12
#1575-d160 @A: 32 21 11 24 | 08
#1576-d160 @A: 07 04 13 35 | 07
#1577-d160 @A: 26 13 07 01 | 06
#1578-d160 @A: 14 13 17 07 | 10
#1579-d160 @A: 12 13 16 07 | 02
#1580-d160 @A: 13 33 20 19 | 03
#1581-d160 @A: 01 20 13 34 | 11
#1582-d160 @A: 27 05 35 13 | 09
#1583-d160 @A: 19 22 04 13 | 01
#1584-d160 @A: 13 35 21 33 | 04
#1585-d160 @A: 13 30 08 19 | 05
#1586-d160 @A: 01 13 05 09 | 12
#1587-d160 @A: 30 13 16 11 | 08
#1588-d160 @A: 09 01 20 31 | 07
#1589-d160 @A: 31 20 06 05 | 06
#1590-d160 @A: 27 31 14 08 | 10
#1591-d160 @A: 31 05 29 08 | 02
#1592-d160 @A: 22 26 30 31 | 03
#1593-d160 @A: 11 31 10 09 | 11
#1594-d160 @A: 26 12 31 08 | 09
#1595-d160 @A: 31 17 34 18 | 01
#1596-d160 @A: 10 31 08 25 | 04
#1597-d160 @A: 02 06 07 08 | 05
#1598-d160 @A: 10 20 19 07 | 12
#1599-d160 @A: 03 07 20 16 | 08
#1600-d160 @A: 06 20 07 17 | 07
#1601-d160 @A: 09 27 07 32 | 06
#1602-d160 @A: 07 15 27 18 | 10
#1603-d160 @A: 07 01 22 34 | 02
#1604-d160 @A: 01 06 12 07 | 03
#1605-d160 @A: 07 10 09 33 | 11
#1606-d160 @A: 07 16 15 17 | 09
#1607-d160 @A: 25 16 07 05 | 01
#1608-d160 @A: 07 03 06 18 | 04
#1609-d160 @A: 23 08 07 34 | 05
#1610-d160 @A: 20 02 18 01 | 12
#1611-d160 @A: 02 17 27 21 | 08
#1612-d160 @A: 12 16 22 02 | 07
#1613-d160 @A: 19 06 02 03 | 06
#1614-d160 @A: 06 02 21 01 | 10
#1615-d160 @A: 08 02 09 21 | 02
#1616-d160 @A: 33 02 14 34 | 03
#1617-d160 @A: 02 30 16 33 | 11
#1618-d160 @A: 02 08 05 16 | 09
#1619-d160 @A: 04 10 16 02 | 01
#1620-d160 @A: 23 02 26 30 | 04
#1621-d160 @A: 02 10 34 26 | 05
#1622-d160 @A: 28 12 32 02 | 12
#1623-d160 @A: 02 10 12 33 | 08
#1624-d160 @A: 19 20 01 27 | 07
#1625-d160 @A: 29 35 17 20 | 06
#1626-d160 @A: 16 23 20 29 | 10
#1627-d160 @A: 09 22 20 05 | 02
#1628-d160 @A: 20 12 19 16 | 03
#1629-d160 @A: 04 09 06 20 | 11
#1630-d160 @A: 09 21 17 20 | 09
#1631-d160 @A: 04 20 03 12 | 01
#1632-d160 @A: 20 11 03 18 | 04
#1633-d160 @A: 18 33 08 20 | 05
#1634-d160 @A: 29 01 27 28 | 12
#1635-d160 @A: 16 27 29 12 | 08
#1636-d160 @A: 06 22 27 25 | 07
#1637-d160 @A: 12 19 27 23 | 06
#1638-d160 @A: 21 30 27 09 | 10
#1639-d160 @A: 27 14 03 16 | 02
#1640-d160 @A: 16 11 28 27 | 03
#1641-d160 @A: 34 04 27 33 | 11
#1642-d160 @A: 23 27 34 18 | 09
#1643-d160 @A: 26 25 08 27 | 01
#1644-d160 @A: 15 35 29 26 | 04
#1645-d160 @A: 29 15 04 12 | 05
#1646-d160 @A: 05 29 03 33 | 12
#1647-d160 @A: 29 23 03 28 | 08
#1648-d160 @A: 17 21 29 26 | 07
#1649-d160 @A: 34 29 33 28 | 06
#1650-d160 @A: 15 35 22 33 | 10
#1651-d160 @A: 22 01 18 15 | 02
#1652-d160 @A: 23 22 03 10 | 03
#1653-d160 @A: 08 22 25 03 | 11
#1654-d160 @A: 26 22 23 18 | 09
#1655-d160 @A: 11 22 18 10 | 01
#1656-d160 @A: 35 05 16 33 | 04
#1657-d160 @A: 06 19 01 28 | 05
#1658-d160 @A: 34 06 16 19 | 12
#1659-d160 @A: 16 04 03 19 | 08
#1660-d160 @A: 05 17 12 19 | 07
#1661-d160 @A: 19 08 04 34 | 06
#1662-d160 @A: 33 10 19 34 | 10
#1663-d160 @A: 34 17 21 19 | 02
#1664-d160 @A: 16 09 26 01 | 03
#1665-d160 @A: 01 04 28 32 | 11
#1666-d160 @A: 21 01 08 03 | 09
#1667-d160 @A: 33 08 01 11 | 01
#1668-d160 @A: 28 12 17 01 | 04
#1669-d160 @A: 09 06 12 28 | 05
#1670-d160 @A: 12 04 09 25 | 12
#1671-d160 @A: 09 12 03 21 | 08
#1672-d160 @A: 14 28 04 23 | 07
#1673-d160 @A: 18 14 04 34 | 06
#1674-d160 @A: 30 03 16 15 | 10
#1675-d160 @A: 08 21 16 04 | 02
#1676-d160 @A: 18 16 04 11 | 03
#1677-d160 @A: 16 08 32 34 | 11
#1678-d160 @A: 21 17 16 33 | 09
#1679-d160 @A: 04 28 15 26 | 01
#1680-d160 @A: 10 23 33 15 | 04
#1681-d160 @A: 15 26 25 34 | 05
#1682-d160 @A: 15 11 32 28 | 12
#1683-d160 @A: 33 28 15 12 | 08
#1684-d160 @A: 05 04 30 18 | 07
#1685-d160 @A: 05 21 30 17 | 06
#1686-d160 @A: 05 34 06 03 | 10
#1687-d160 @A: 12 06 05 33 | 02
#1688-d160 @A: 21 10 08 06 | 03
#1689-d160 @A: 21 06 25 11 | 11
