#0001-d167 @A: 19 17 35 16 | 05
#0002-d167 @A: 17 33 16 07 | 12
#0003-d167 @A: 16 03 21 35 | 08
#0004-d167 @A: 04 32 16 19 | 07
#0005-d167 @A: 16 23 08 05 | 06
#0006-d167 @A: 34 10 07 16 | 10
#0007-d167 @A: 34 21 16 28 | 02
#0008-d167 @A: 32 28 22 16 | 03
#0009-d167 @A: 02 16 14 29 | 11
#0010-d167 @A: 23 01 16 02 | 09
#0011-d167 @A: 29 09 08 16 | 01
#0012-d167 @A: 13 27 29 16 | 04
#0013-d167 @A: 01 16 31 06 | 05
#0014-d167 @A: 19 24 27 16 | 12
#0015-d167 @A: 19 16 13 09 | 08
#0016-d167 @A: 19 20 12 01 | 07
#0017-d167 @A: 20 17 03 15 | 06
#0018-d167 @A: 29 35 20 24 | 10
#0019-d167 @A: 35 08 09 20 | 02
#0020-d167 @A: 20 28 05 29 | 03
#0021-d167 @A: 26 22 02 20 | 11
#0022-d167 @A: 06 26 20 30 | 09
#0023-d167 @A: 20 08 01 29 | 01
#0024-d167 @A: 18 29 20 32 | 04
#0025-d167 @A: 25 21 20 13 | 05
#0026-d167 @A: 20 18 24 06 | 12
#0027-d167 @A: 03 02 12 17 | 08
#0028-d167 @A: 17 18 26 12 | 07
#0029-d167 @A: 35 19 12 05 | 06
#0030-d167 @A: 26 12 35 31 | 10
#0031-d167 @A: 04 15 12 02 | 02
#0032-d167 @A: 22 07 02 12 | 03
#0033-d167 @A: 21 33 12 07 | 11
#0034-d167 @A: 02 12 24 26 | 09
#0035-d167 @A: 12 34 29 30 | 01
#0036-d167 @A: 25 10 12 24 | 04
#0037-d167 @A: 22 33 08 12 | 05
#0038-d167 @A: 12 24 31 15 | 12
#0039-d167 @A: 12 23 14 19 | 08
#0040-d167 @A: 09 19 12 32 | 07
#0041-d167 @A: 04 13 17 10 | 06
#0042-d167 @A: 17 05 10 27 | 10
#0043-d167 @A: 34 17 05 25 | 02
#0044-d167 @A: 32 02 19 17 | 03
#0045-d167 @A: 26 24 25 17 | 11
#0046-d167 @A: 21 03 17 06 | 09
#0047-d167 @A: 17 10 08 18 | 01
#0048-d167 @A: 22 10 17 03 | 04
#0049-d167 @A: 31 01 17 03 | 05
#0050-d167 @A: 19 34 23 17 | 12
#0051-d167 @A: 13 17 19 33 | 08
#0052-d167 @A: 04 07 09 35 | 07
#0053-d167 @A: 08 35 05 06 | 06
#0054-d167 @A: 28 03 35 23 | 10
#0055-d167 @A: 02 35 22 27 | 02
#0056-d167 @A: 09 29 35 26 | 03
#0057-d167 @A: 15 01 35 26 | 11
#0058-d167 @A: 21 08 15 35 | 09
#0059-d167 @A: 01 30 35 19 | 01
#0060-d167 @A: 13 35 34 24 | 04
#0061-d167 @A: 15 35 31 22 | 05
#0062-d167 @A: 07 04 18 25 | 12
#0063-d167 @A: 25 26 28 04 | 08
#0064-d167 @A: 10 04 27 21 | 07
#0065-d167 @A: 21 15 04 30 | 06
#0066-d167 @A: 04 25 23 21 | 10
#0067-d167 @A: 25 01 08 04 | 02
#0068-d167 @A: 31 06 04 19 | 03
#0069-d167 @A: 13 04 19 34 | 11
#0070-d167 @A: 04 23 27 11 | 09
#0071-d167 @A: 03 04 13 19 | 01
#0072-d167 @A: 31 14 23 04 | 04
#0073-d167 @A: 22 04 19 09 | 05
#0074-d167 @A: 05 18 02 07 | 12
#0075-d167 @A: 07 33 05 08 | 08
#0076-d167 @A: 28 24 05 14 | 07
#0077-d167 @A: 24 05 26 23 | 06
#0078-d167 @A: 32 21 05 25 | 10
#0079-d167 @A: 11 13 05 09 | 02
#0080-d167 @A: 23 05 32 03 | 03
#0081-d167 @A: 01 26 23 07 | 11
#0082-d167 @A: 23 29 07 06 | 09
#0083-d167 @A: 07 01 21 08 | 01
#0084-d167 @A: 10 24 07 09 | 04
#0085-d167 @A: 30 07 09 03 | 05
#0086-d167 @A: 08 25 11 07 | 12
#0087-d167 @A: 07 15 18 13 | 08
#0088-d167 @A: 23 11 07 13 | 07
#0089-d167 @A: 07 22 19 31 | 06
#0090-d167 @A: 32 24 26 28 | 10
#0091-d167 @A: 29 28 22 30 | 02
#0092-d167 @A: 10 28 27 31 | 03
#0093-d167 @A: 22 06 27 28 | 11
#0094-d167 @A: 06 14 32 28 | 09
#0095-d167 @A: 28 03 33 34 | 01
#0096-d167 @A: 28 13 32 11 | 04
#0097-d167 @A: 02 21 26 19 | 05
#0098-d167 @A: 29 10 27 02 | 12
#0099-d167 @A: 14 02 21 01 | 08
#0100-d167 @A: 15 08 10 02 | 07
#0101-d167 @A: 14 13 02 34 | 06
#0102-d167 @A: 32 23 02 22 | 10
#0103-d167 @A: 26 22 06 29 | 02
#0104-d167 @A: 23 19 26 33 | 03
#0105-d167 @A: 25 29 15 21 | 11
#0106-d167 @A: 11 15 29 13 | 09
#0107-d167 @A: 18 09 22 29 | 01
#0108-d167 @A: 31 29 32 03 | 04
#0109-d167 @A: 31 06 21 24 | 05
#0110-d167 @A: 13 06 21 23 | 12
#0111-d167 @A: 14 13 21 31 | 08
#0112-d167 @A: 10 11 09 33 | 07
#0113-d167 @A: 10 22 32 11 | 06
#0114-d167 @A: 08 18 30 24 | 10
#0115-d167 @A: 30 24 27 33 | 02
#0116-d167 @A: 18 19 11 30 | 03
#0117-d167 @A: 33 31 22 25 | 11
#0118-d167 @A: 32 25 11 33 | 09
#0119-d167 @A: 32 09 13 01 | 01
#0120-d167 @A: 19 01 11 03 | 04
#0121-d167 @A: 08 24 14 06 | 05
#0122-d167 @A: 08 06 19 23 | 12
#0123-d167 @A: 34 14 15 08 | 08
#0124-d167 @A: 22 19 24 08 | 07
#0125-d167 @A: 08 31 27 14 | 06
#0126-d167 @A: 22 31 08 18 | 10
#0127-d167 @A: 32 11 31 08 | 02
#0128-d167 @A: 06 03 23 15 | 03
#0129-d167 @A: 03 11 34 18 | 11
#0130-d167 @A: 23 16 20 35 | 09
#0131-d167 @A: 16 25 06 20 | 01
#0132-d167 @A: 08 22 16 20 | 04
#0133-d167 @A: 16 17 10 06 | 05
#0134-d167 @A: 10 16 04 23 | 12
#0135-d167 @A: 16 22 24 05 | 08
#0136-d167 @A: 07 16 26 13 | 07
#0137-d167 @A: 25 09 16 07 | 06
#0138-d167 @A: 30 28 16 24 | 10
#0139-d167 @A: 26 23 14 16 | 02
#0140-d167 @A: 29 16 34 01 | 03
#0141-d167 @A: 16 10 13 21 | 11
#0142-d167 @A: 16 19 25 10 | 09
#0143-d167 @A: 25 34 16 30 | 01
#0144-d167 @A: 16 32 33 03 | 04
#0145-d167 @A: 09 16 27 22 | 05
#0146-d167 @A: 31 14 16 18 | 12
#0147-d167 @A: 34 12 35 20 | 08
#0148-d167 @A: 07 12 20 24 | 07
#0149-d167 @A: 24 20 28 17 | 06
#0150-d167 @A: 17 26 33 20 | 10
#0151-d167 @A: 32 01 17 20 | 02
#0152-d167 @A: 20 17 08 31 | 03
#0153-d167 @A: 07 31 20 04 | 11
#0154-d167 @A: 04 20 01 23 | 09
#0155-d167 @A: 20 14 27 04 | 01
#0156-d167 @A: 20 25 26 05 | 04
#0157-d167 @A: 31 20 22 05 | 05
#0158-d167 @A: 02 07 32 20 | 12
#0159-d167 @A: 08 15 20 07 | 08
#0160-d167 @A: 30 20 28 14 | 07
#0161-d167 @A: 20 23 28 31 | 06
#0162-d167 @A: 26 20 32 15 | 10
#0163-d167 @A: 18 20 03 30 | 02
#0164-d167 @A: 20 08 13 34 | 03
#0165-d167 @A: 23 20 24 19 | 11
#0166-d167 @A: 27 03 20 19 | 09
#0167-d167 @A: 18 13 31 20 | 01
#0168-d167 @A: 17 12 30 02 | 04
#0169-d167 @A: 25 17 12 27 | 05
#0170-d167 @A: 06 05 25 12 | 12
#0171-d167 @A: 08 07 09 12 | 08
#0172-d167 @A: 19 07 34 12 | 07
#0173-d167 @A: 12 29 13 26 | 06
#0174-d167 @A: 26 09 12 01 | 10
#0175-d167 @A: 26 03 12 06 | 02
#0176-d167 @A: 14 34 12 31 | 03
#0177-d167 @A: 19 33 12 31 | 11
#0178-d167 @A: 11 03 15 12 | 09
#0179-d167 @A: 22 09 13 12 | 01
#0180-d167 @A: 12 03 19 09 | 04
#0181-d167 @A: 31 22 32 12 | 05
#0182-d167 @A: 07 29 17 22 | 12
#0183-d167 @A: 22 17 26 08 | 08
#0184-d167 @A: 29 17 01 13 | 07
#0185-d167 @A: 15 17 01 30 | 06
#0186-d167 @A: 06 17 22 30 | 10
#0187-d167 @A: 27 06 19 17 | 02
#0188-d167 @A: 31 33 15 17 | 03
#0189-d167 @A: 18 03 19 17 | 11
#0190-d167 @A: 25 06 35 04 | 09
#0191-d167 @A: 11 35 02 26 | 01
#0192-d167 @A: 35 15 33 29 | 04
#0193-d167 @A: 35 01 11 21 | 05
#0194-d167 @A: 06 01 35 10 | 12
#0195-d167 @A: 06 35 11 14 | 08
#0196-d167 @A: 09 22 06 35 | 07
#0197-d167 @A: 35 15 13 32 | 06
#0198-d167 @A: 19 23 35 09 | 10
#0199-d167 @A: 08 05 18 04 | 02
#0200-d167 @A: 10 15 07 04 | 03
#0201-d167 @A: 14 04 02 10 | 11
#0202-d167 @A: 32 02 04 08 | 09
#0203-d167 @A: 03 24 04 26 | 01
#0204-d167 @A: 04 14 29 08 | 04
#0205-d167 @A: 24 04 10 01 | 05
#0206-d167 @A: 32 04 30 34 | 12
#0207-d167 @A: 04 22 24 25 | 08
#0208-d167 @A: 03 04 15 08 | 07
#0209-d167 @A: 22 04 15 33 | 06
#0210-d167 @A: 04 15 24 27 | 10
#0211-d167 @A: 32 07 29 05 | 02
#0212-d167 @A: 07 05 06 27 | 03
#0213-d167 @A: 05 07 31 24 | 11
#0214-d167 @A: 05 31 02 01 | 09
#0215-d167 @A: 01 08 05 26 | 01
#0216-d167 @A: 27 03 05 26 | 04
#0217-d167 @A: 29 15 30 05 | 05
#0218-d167 @A: 08 21 11 05 | 12
#0219-d167 @A: 27 32 05 15 | 08
#0220-d167 @A: 07 27 01 29 | 07
#0221-d167 @A: 01 03 21 07 | 06
#0222-d167 @A: 07 25 23 34 | 10
#0223-d167 @A: 07 06 31 18 | 02
#0224-d167 @A: 07 22 13 34 | 03
#0225-d167 @A: 14 27 24 07 | 11
#0226-d167 @A: 19 24 07 11 | 09
#0227-d167 @A: 32 15 07 19 | 01
#0228-d167 @A: 19 25 28 02 | 04
#0229-d167 @A: 19 02 28 03 | 05
#0230-d167 @A: 10 28 29 34 | 12
#0231-d167 @A: 22 03 08 28 | 08
#0232-d167 @A: 33 11 28 23 | 07
#0233-d167 @A: 15 24 28 18 | 06
#0234-d167 @A: 31 26 29 02 | 10
#0235-d167 @A: 09 29 02 21 | 02
#0236-d167 @A: 08 21 27 02 | 03
#0237-d167 @A: 02 19 09 10 | 11
#0238-d167 @A: 19 02 06 30 | 09
#0239-d167 @A: 34 02 11 22 | 01
#0240-d167 @A: 24 19 15 02 | 04
#0241-d167 @A: 31 15 27 02 | 05
#0242-d167 @A: 29 26 34 21 | 12
#0243-d167 @A: 26 21 18 10 | 08
#0244-d167 @A: 10 30 24 26 | 07
#0245-d167 @A: 26 25 03 30 | 06
#0246-d167 @A: 26 24 14 11 | 10
#0247-d167 @A: 18 26 19 24 | 02
#0248-d167 @A: 22 13 32 26 | 03
#0249-d167 @A: 26 13 18 23 | 11
#0250-d167 @A: 19 14 26 32 | 09
#0251-d167 @A: 27 06 29 14 | 01
#0252-d167 @A: 32 14 29 34 | 04
#0253-d167 @A: 29 33 11 24 | 05
#0254-d167 @A: 03 14 29 19 | 12
#0255-d167 @A: 30 23 21 01 | 08
#0256-d167 @A: 01 09 25 21 | 07
#0257-d167 @A: 34 13 33 21 | 06
#0258-d167 @A: 11 09 32 21 | 10
#0259-d167 @A: 30 01 08 10 | 02
#0260-d167 @A: 03 10 13 30 | 03
#0261-d167 @A: 13 06 10 32 | 11
#0262-d167 @A: 23 24 27 10 | 09
#0263-d167 @A: 15 27 10 11 | 01
#0264-d167 @A: 14 30 24 23 | 04
#0265-d167 @A: 19 01 25 31 | 05
#0266-d167 @A: 06 08 31 25 | 12
#0267-d167 @A: 33 34 19 25 | 08
#0268-d167 @A: 14 32 08 01 | 07
#0269-d167 @A: 18 15 33 01 | 06
#0270-d167 @A: 24 01 14 15 | 10
#0271-d167 @A: 01 27 23 19 | 02
#0272-d167 @A: 08 24 15 11 | 03
#0273-d167 @A: 24 03 31 08 | 11
#0274-d167 @A: 07 14 16 20 | 09
#0275-d167 @A: 16 12 24 04 | 01
#0276-d167 @A: 16 12 06 30 | 04
#0277-d167 @A: 35 31 28 16 | 05
#0278-d167 @A: 16 22 04 07 | 12
#0279-d167 @A: 14 03 16 28 | 08
#0280-d167 @A: 31 10 16 30 | 07
#0281-d167 @A: 16 30 13 33 | 06
#0282-d167 @A: 23 16 25 11 | 10
#0283-d167 @A: 06 32 27 16 | 02
#0284-d167 @A: 24 03 22 16 | 03
#0285-d167 @A: 20 14 12 02 | 11
#0286-d167 @A: 21 17 20 04 | 09
#0287-d167 @A: 07 25 17 20 | 01
#0288-d167 @A: 06 20 07 35 | 04
#0289-d167 @A: 31 21 35 20 | 05
#0290-d167 @A: 14 35 01 20 | 12
#0291-d167 @A: 04 33 20 08 | 08
#0292-d167 @A: 23 02 08 20 | 07
#0293-d167 @A: 02 20 19 18 | 06
#0294-d167 @A: 20 23 02 03 | 10
#0295-d167 @A: 20 34 21 10 | 02
#0296-d167 @A: 08 20 24 10 | 03
#0297-d167 @A: 34 27 22 20 | 11
#0298-d167 @A: 34 19 31 20 | 09
#0299-d167 @A: 12 05 17 23 | 01
#0300-d167 @A: 12 07 17 14 | 04
#0301-d167 @A: 15 17 19 12 | 05
#0302-d167 @A: 19 10 26 12 | 12
#0303-d167 @A: 14 01 12 29 | 08
#0304-d167 @A: 14 25 12 21 | 07
#0305-d167 @A: 14 06 12 10 | 06
#0306-d167 @A: 12 18 27 24 | 10
#0307-d167 @A: 15 35 04 17 | 02
#0308-d167 @A: 02 04 17 18 | 03
#0309-d167 @A: 17 04 01 14 | 11
#0310-d167 @A: 05 30 13 17 | 09
#0311-d167 @A: 17 29 15 28 | 01
#0312-d167 @A: 17 14 25 02 | 04
#0313-d167 @A: 21 17 06 08 | 05
#0314-d167 @A: 19 21 09 17 | 12
#0315-d167 @A: 33 17 10 01 | 08
#0316-d167 @A: 17 06 33 11 | 07
#0317-d167 @A: 27 33 17 18 | 06
#0318-d167 @A: 35 14 19 04 | 10
#0319-d167 @A: 26 07 35 19 | 02
#0320-d167 @A: 02 35 28 14 | 03
#0321-d167 @A: 35 10 09 13 | 11
#0322-d167 @A: 35 32 25 30 | 09
#0323-d167 @A: 25 13 35 01 | 01
#0324-d167 @A: 06 03 35 25 | 04
#0325-d167 @A: 32 35 24 22 | 05
#0326-d167 @A: 35 15 18 03 | 12
#0327-d167 @A: 05 04 15 28 | 08
#0328-d167 @A: 28 04 19 23 | 07
#0329-d167 @A: 19 02 04 01 | 06
#0330-d167 @A: 04 11 29 25 | 10
#0331-d167 @A: 32 06 22 04 | 02
#0332-d167 @A: 09 18 24 04 | 03
#0333-d167 @A: 07 25 05 14 | 11
#0334-d167 @A: 05 02 21 03 | 09
#0335-d167 @A: 02 27 05 30 | 01
#0336-d167 @A: 31 03 10 05 | 04
#0337-d167 @A: 22 05 03 01 | 05
#0338-d167 @A: 22 15 23 05 | 12
#0339-d167 @A: 01 28 31 07 | 08
#0340-d167 @A: 26 02 07 33 | 07
#0341-d167 @A: 10 21 07 02 | 06
#0342-d167 @A: 18 21 07 29 | 10
#0343-d167 @A: 10 25 07 31 | 02
#0344-d167 @A: 23 10 07 03 | 03
#0345-d167 @A: 03 07 34 25 | 11
#0346-d167 @A: 07 14 01 22 | 09
#0347-d167 @A: 07 34 11 32 | 01
#0348-d167 @A: 07 11 22 15 | 04
#0349-d167 @A: 30 21 28 11 | 05
#0350-d167 @A: 15 28 10 30 | 12
#0351-d167 @A: 30 01 28 34 | 08
#0352-d167 @A: 33 13 22 28 | 07
#0353-d167 @A: 27 28 03 24 | 06
#0354-d167 @A: 28 15 19 27 | 10
#0355-d167 @A: 22 14 08 02 | 02
#0356-d167 @A: 23 18 27 02 | 03
#0357-d167 @A: 14 02 11 15 | 11
#0358-d167 @A: 14 15 26 10 | 09
#0359-d167 @A: 25 26 30 27 | 01
#0360-d167 @A: 26 25 14 34 | 04
#0361-d167 @A: 26 19 06 34 | 05
#0362-d167 @A: 03 34 26 22 | 12
#0363-d167 @A: 26 33 24 13 | 08
#0364-d167 @A: 26 22 33 11 | 07
#0365-d167 @A: 09 26 23 27 | 06
#0366-d167 @A: 30 29 27 21 | 10
#0367-d167 @A: 25 08 24 29 | 02
#0368-d167 @A: 13 08 03 29 | 03
#0369-d167 @A: 15 32 29 24 | 11
#0370-d167 @A: 15 29 03 09 | 09
#0371-d167 @A: 21 06 34 32 | 01
#0372-d167 @A: 18 21 06 27 | 04
#0373-d167 @A: 31 11 21 33 | 05
#0374-d167 @A: 33 21 18 23 | 12
#0375-d167 @A: 23 15 09 21 | 08
#0376-d167 @A: 14 11 25 10 | 07
#0377-d167 @A: 33 10 18 32 | 06
#0378-d167 @A: 15 32 03 10 | 10
#0379-d167 @A: 33 30 32 23 | 02
#0380-d167 @A: 14 32 22 30 | 03
#0381-d167 @A: 23 03 13 25 | 11
#0382-d167 @A: 31 08 01 15 | 09
#0383-d167 @A: 06 01 13 24 | 01
#0384-d167 @A: 22 32 01 34 | 04
#0385-d167 @A: 01 18 27 09 | 05
#0386-d167 @A: 03 34 09 08 | 12
#0387-d167 @A: 32 13 08 24 | 08
#0388-d167 @A: 14 09 23 08 | 07
#0389-d167 @A: 11 08 23 22 | 06
#0390-d167 @A: 18 33 03 23 | 10
#0391-d167 @A: 16 12 10 22 | 02
#0392-d167 @A: 03 18 16 12 | 03
#0393-d167 @A: 22 35 16 29 | 11
#0394-d167 @A: 01 35 33 16 | 09
#0395-d167 @A: 03 16 04 23 | 01
#0396-d167 @A: 16 32 07 30 | 04
#0397-d167 @A: 16 02 13 08 | 05
#0398-d167 @A: 16 22 18 26 | 12
#0399-d167 @A: 25 16 33 08 | 08
#0400-d167 @A: 19 14 34 16 | 07
#0401-d167 @A: 09 34 16 31 | 06
#0402-d167 @A: 23 32 13 16 | 10
#0403-d167 @A: 32 05 12 20 | 02
#0404-d167 @A: 12 18 08 20 | 03
#0405-d167 @A: 13 02 20 35 | 11
#0406-d167 @A: 20 19 25 35 | 09
#0407-d167 @A: 09 29 07 20 | 01
#0408-d167 @A: 33 29 02 20 | 04
#0409-d167 @A: 26 31 20 10 | 05
#0410-d167 @A: 13 26 20 01 | 12
#0411-d167 @A: 03 33 20 26 | 08
#0412-d167 @A: 20 24 30 21 | 07
#0413-d167 @A: 10 20 32 30 | 06
#0414-d167 @A: 25 33 20 18 | 10
#0415-d167 @A: 01 20 06 34 | 02
#0416-d167 @A: 06 20 31 09 | 03
#0417-d167 @A: 34 15 20 09 | 11
#0418-d167 @A: 32 20 34 23 | 09
#0419-d167 @A: 11 15 31 20 | 01
#0420-d167 @A: 22 14 13 20 | 04
#0421-d167 @A: 17 22 12 04 | 05
#0422-d167 @A: 12 01 17 08 | 12
#0423-d167 @A: 12 35 07 27 | 08
#0424-d167 @A: 35 33 12 30 | 07
#0425-d167 @A: 12 11 26 04 | 06
#0426-d167 @A: 04 31 12 30 | 10
#0427-d167 @A: 15 05 26 12 | 02
#0428-d167 @A: 07 32 12 26 | 03
#0429-d167 @A: 28 12 26 06 | 11
#0430-d167 @A: 28 21 24 12 | 09
#0431-d167 @A: 12 33 02 10 | 01
#0432-d167 @A: 30 12 22 26 | 04
#0433-d167 @A: 21 18 30 12 | 05
#0434-d167 @A: 21 12 34 01 | 12
#0435-d167 @A: 09 10 12 27 | 08
#0436-d167 @A: 24 12 01 30 | 07
#0437-d167 @A: 15 32 12 30 | 06
#0438-d167 @A: 12 11 33 34 | 10
#0439-d167 @A: 09 12 24 34 | 02
#0440-d167 @A: 32 12 27 33 | 03
#0441-d167 @A: 18 11 12 13 | 11
#0442-d167 @A: 23 09 11 12 | 09
#0443-d167 @A: 12 23 32 18 | 01
#0444-d167 @A: 35 33 05 17 | 04
#0445-d167 @A: 30 35 03 17 | 05
#0446-d167 @A: 24 04 05 17 | 12
#0447-d167 @A: 23 10 17 07 | 08
#0448-d167 @A: 02 28 17 06 | 07
#0449-d167 @A: 06 17 25 29 | 06
#0450-d167 @A: 09 30 17 32 | 10
#0451-d167 @A: 25 23 17 01 | 02
#0452-d167 @A: 08 09 25 17 | 03
#0453-d167 @A: 25 22 13 17 | 11
#0454-d167 @A: 34 18 06 17 | 09
#0455-d167 @A: 24 11 17 34 | 01
#0456-d167 @A: 02 01 35 08 | 04
#0457-d167 @A: 19 10 15 35 | 05
#0458-d167 @A: 31 11 35 10 | 12
#0459-d167 @A: 06 13 30 35 | 08
#0460-d167 @A: 06 23 35 34 | 07
#0461-d167 @A: 35 19 06 24 | 06
#0462-d167 @A: 34 35 11 27 | 10
#0463-d167 @A: 03 14 34 35 | 02
#0464-d167 @A: 01 05 27 04 | 03
#0465-d167 @A: 04 24 07 30 | 11
#0466-d167 @A: 04 03 21 32 | 09
#0467-d167 @A: 13 01 04 15 | 01
#0468-d167 @A: 06 15 04 34 | 04
#0469-d167 @A: 04 34 11 31 | 05
#0470-d167 @A: 14 33 09 04 | 12
#0471-d167 @A: 28 31 25 05 | 08
#0472-d167 @A: 05 13 21 02 | 07
#0473-d167 @A: 09 29 05 10 | 06
#0474-d167 @A: 05 29 34 08 | 10
#0475-d167 @A: 30 01 22 05 | 02
#0476-d167 @A: 05 06 11 34 | 03
#0477-d167 @A: 05 06 19 09 | 11
#0478-d167 @A: 15 14 05 18 | 09
#0479-d167 @A: 22 19 32 05 | 01
#0480-d167 @A: 19 11 31 05 | 04
#0481-d167 @A: 09 07 28 02 | 05
#0482-d167 @A: 06 07 30 08 | 12
#0483-d167 @A: 32 33 07 24 | 08
#0484-d167 @A: 27 33 22 07 | 07
#0485-d167 @A: 24 23 07 18 | 06
#0486-d167 @A: 31 07 13 32 | 10
#0487-d167 @A: 23 09 22 07 | 02
#0488-d167 @A: 33 02 30 28 | 03
#0489-d167 @A: 21 31 18 28 | 11
#0490-d167 @A: 01 28 22 10 | 09
#0491-d167 @A: 28 10 24 19 | 01
#0492-d167 @A: 11 09 08 28 | 04
#0493-d167 @A: 23 15 28 32 | 05
#0494-d167 @A: 01 03 26 02 | 12
#0495-d167 @A: 30 02 29 24 | 08
#0496-d167 @A: 03 14 02 25 | 07
#0497-d167 @A: 24 02 09 14 | 06
#0498-d167 @A: 11 27 02 13 | 10
#0499-d167 @A: 31 14 02 19 | 02
#0500-d167 @A: 31 11 02 23 | 03
#0501-d167 @A: 21 26 13 30 | 11
#0502-d167 @A: 25 26 11 21 | 09
#0503-d167 @A: 34 15 13 26 | 01
#0504-d167 @A: 32 11 27 26 | 04
#0505-d167 @A: 29 11 10 03 | 05
#0506-d167 @A: 29 25 33 14 | 12
#0507-d167 @A: 25 27 29 23 | 08
#0508-d167 @A: 18 11 29 14 | 07
#0509-d167 @A: 25 10 21 33 | 06
#0510-d167 @A: 32 24 18 21 | 10
#0511-d167 @A: 21 27 23 14 | 02
#0512-d167 @A: 23 21 19 31 | 03
#0513-d167 @A: 23 11 03 21 | 11
#0514-d167 @A: 18 10 24 14 | 09
#0515-d167 @A: 18 13 10 19 | 01
#0516-d167 @A: 09 18 10 03 | 04
#0517-d167 @A: 18 06 09 30 | 05
#0518-d167 @A: 31 27 30 19 | 12
#0519-d167 @A: 31 30 18 15 | 08
#0520-d167 @A: 15 25 01 03 | 07
#0521-d167 @A: 15 11 34 25 | 06
#0522-d167 @A: 09 01 33 19 | 10
#0523-d167 @A: 31 09 01 14 | 02
#0524-d167 @A: 01 22 11 31 | 03
#0525-d167 @A: 06 08 15 33 | 11
#0526-d167 @A: 06 11 27 08 | 09
#0527-d167 @A: 23 13 31 08 | 01
#0528-d167 @A: 22 23 09 03 | 04
#0529-d167 @A: 12 16 35 09 | 05
#0530-d167 @A: 29 12 33 16 | 12
#0531-d167 @A: 04 17 27 16 | 08
#0532-d167 @A: 16 22 01 17 | 07
#0533-d167 @A: 13 04 35 16 | 06
#0534-d167 @A: 16 07 35 18 | 10
#0535-d167 @A: 15 16 14 35 | 02
#0536-d167 @A: 16 04 08 31 | 03
#0537-d167 @A: 33 11 04 16 | 11
#0538-d167 @A: 05 31 16 21 | 09
#0539-d167 @A: 16 10 05 15 | 01
#0540-d167 @A: 16 08 28 01 | 04
#0541-d167 @A: 33 02 21 16 | 05
#0542-d167 @A: 16 21 15 01 | 12
#0543-d167 @A: 10 16 01 11 | 08
#0544-d167 @A: 16 32 34 15 | 07
#0545-d167 @A: 32 24 16 31 | 06
#0546-d167 @A: 31 16 11 27 | 10
#0547-d167 @A: 20 11 12 25 | 02
#0548-d167 @A: 20 35 18 17 | 03
#0549-d167 @A: 20 17 22 15 | 11
#0550-d167 @A: 14 09 17 20 | 09
#0551-d167 @A: 33 35 20 10 | 01
#0552-d167 @A: 04 20 05 13 | 04
#0553-d167 @A: 24 04 32 20 | 05
#0554-d167 @A: 05 20 07 11 | 12
#0555-d167 @A: 05 20 01 24 | 08
#0556-d167 @A: 30 20 34 07 | 07
#0557-d167 @A: 26 20 24 09 | 06
#0558-d167 @A: 29 30 20 19 | 10
#0559-d167 @A: 01 20 09 10 | 02
#0560-d167 @A: 27 06 23 20 | 03
#0561-d167 @A: 27 20 11 33 | 11
#0562-d167 @A: 01 18 12 04 | 09
#0563-d167 @A: 08 06 12 04 | 01
#0564-d167 @A: 05 13 12 10 | 04
#0565-d167 @A: 34 12 05 03 | 05
#0566-d167 @A: 12 18 28 07 | 12
#0567-d167 @A: 13 06 12 07 | 08
#0568-d167 @A: 11 31 07 12 | 07
#0569-d167 @A: 12 28 19 29 | 06
#0570-d167 @A: 12 08 31 28 | 10
#0571-d167 @A: 32 29 06 12 | 02
#0572-d167 @A: 10 31 01 12 | 03
#0573-d167 @A: 03 12 01 08 | 11
#0574-d167 @A: 15 06 27 12 | 09
#0575-d167 @A: 34 13 32 12 | 01
#0576-d167 @A: 03 14 12 31 | 04
#0577-d167 @A: 17 14 34 35 | 05
#0578-d167 @A: 17 31 28 04 | 12
#0579-d167 @A: 05 18 29 17 | 08
#0580-d167 @A: 05 11 22 17 | 07
#0581-d167 @A: 27 17 07 26 | 06
#0582-d167 @A: 17 26 07 03 | 10
#0583-d167 @A: 17 15 06 07 | 02
#0584-d167 @A: 32 17 28 34 | 03
#0585-d167 @A: 08 33 02 17 | 11
#0586-d167 @A: 17 14 29 26 | 09
#0587-d167 @A: 19 26 17 30 | 01
#0588-d167 @A: 33 29 21 17 | 04
#0589-d167 @A: 17 19 10 29 | 05
#0590-d167 @A: 21 11 13 17 | 12
#0591-d167 @A: 15 25 10 17 | 08
#0592-d167 @A: 18 24 17 01 | 07
#0593-d167 @A: 24 17 13 15 | 06
#0594-d167 @A: 04 35 10 18 | 10
#0595-d167 @A: 35 32 05 26 | 02
#0596-d167 @A: 24 21 05 35 | 03
#0597-d167 @A: 05 25 35 22 | 11
#0598-d167 @A: 21 07 30 35 | 09
#0599-d167 @A: 35 19 28 08 | 01
#0600-d167 @A: 19 26 03 35 | 04
#0601-d167 @A: 01 35 29 31 | 05
#0602-d167 @A: 19 21 33 35 | 12
#0603-d167 @A: 08 34 10 35 | 08
#0604-d167 @A: 35 19 34 22 | 07
#0605-d167 @A: 23 15 35 24 | 06
#0606-d167 @A: 11 09 35 24 | 10
#0607-d167 @A: 09 35 27 15 | 02
#0608-d167 @A: 34 05 04 07 | 03
#0609-d167 @A: 04 03 28 18 | 11
#0610-d167 @A: 04 29 13 02 | 09
#0611-d167 @A: 01 29 22 04 | 01
#0612-d167 @A: 29 04 32 33 | 04
#0613-d167 @A: 04 23 24 29 | 05
#0614-d167 @A: 21 19 24 04 | 12
#0615-d167 @A: 14 04 25 30 | 08
#0616-d167 @A: 04 30 08 22 | 07
#0617-d167 @A: 14 03 30 04 | 06
#0618-d167 @A: 32 04 18 31 | 10
#0619-d167 @A: 19 05 07 03 | 02
#0620-d167 @A: 05 28 32 18 | 03
#0621-d167 @A: 05 14 26 02 | 11
#0622-d167 @A: 22 29 05 02 | 09
#0623-d167 @A: 06 05 10 21 | 01
#0624-d167 @A: 05 30 09 08 | 04
#0625-d167 @A: 05 23 09 25 | 05
#0626-d167 @A: 34 23 31 05 | 12
#0627-d167 @A: 27 31 05 33 | 08
#0628-d167 @A: 05 11 23 14 | 07
#0629-d167 @A: 07 02 31 08 | 06
#0630-d167 @A: 02 07 11 03 | 10
#0631-d167 @A: 08 10 32 07 | 02
#0632-d167 @A: 07 30 22 25 | 03
#0633-d167 @A: 07 13 01 30 | 11
#0634-d167 @A: 07 24 34 15 | 09
#0635-d167 @A: 33 14 23 07 | 01
#0636-d167 @A: 09 31 27 07 | 04
#0637-d167 @A: 31 32 28 02 | 05
#0638-d167 @A: 28 11 26 29 | 12
#0639-d167 @A: 27 26 28 33 | 08
#0640-d167 @A: 22 23 26 28 | 07
#0641-d167 @A: 28 21 10 14 | 06
#0642-d167 @A: 25 06 01 28 | 10
#0643-d167 @A: 11 24 27 28 | 02
#0644-d167 @A: 14 28 09 22 | 03
#0645-d167 @A: 31 09 19 28 | 11
#0646-d167 @A: 31 10 02 34 | 09
#0647-d167 @A: 02 30 23 25 | 01
#0648-d167 @A: 11 01 25 02 | 04
#0649-d167 @A: 02 06 31 22 | 05
#0650-d167 @A: 33 32 02 15 | 12
#0651-d167 @A: 09 33 13 02 | 08
#0652-d167 @A: 31 18 02 33 | 07
#0653-d167 @A: 22 02 18 24 | 06
#0654-d167 @A: 14 02 32 18 | 10
#0655-d167 @A: 14 26 03 10 | 02
#0656-d167 @A: 26 08 25 23 | 03
#0657-d167 @A: 06 31 15 26 | 11
#0658-d167 @A: 09 26 06 13 | 09
#0659-d167 @A: 23 26 06 11 | 01
#0660-d167 @A: 32 13 29 30 | 04
#0661-d167 @A: 18 25 29 01 | 05
#0662-d167 @A: 19 29 11 08 | 12
#0663-d167 @A: 22 24 34 29 | 08
#0664-d167 @A: 29 24 09 27 | 07
#0665-d167 @A: 18 24 31 29 | 06
#0666-d167 @A: 29 13 14 09 | 10
#0667-d167 @A: 32 23 29 11 | 02
#0668-d167 @A: 21 30 19 22 | 03
#0669-d167 @A: 06 15 21 22 | 11
#0670-d167 @A: 14 24 21 33 | 09
#0671-d167 @A: 09 10 34 14 | 01
#0672-d167 @A: 10 22 24 33 | 04
#0673-d167 @A: 19 11 23 10 | 05
#0674-d167 @A: 24 30 34 06 | 12
#0675-d167 @A: 30 06 31 14 | 08
#0676-d167 @A: 32 06 30 11 | 07
#0677-d167 @A: 06 03 32 30 | 06
#0678-d167 @A: 27 14 34 30 | 10
#0679-d167 @A: 34 30 13 18 | 02
#0680-d167 @A: 22 34 31 30 | 03
#0681-d167 @A: 30 33 03 11 | 11
#0682-d167 @A: 24 30 13 22 | 09
#0683-d167 @A: 24 32 19 30 | 01
#0684-d167 @A: 27 30 23 22 | 04
#0685-d167 @A: 18 32 27 30 | 05
#0686-d167 @A: 32 14 31 25 | 12
#0687-d167 @A: 08 09 06 01 | 08
#0688-d167 @A: 34 01 14 33 | 07
#0689-d167 @A: 34 19 01 24 | 06
#0690-d167 @A: 31 33 32 01 | 10
#0691-d167 @A: 24 32 11 01 | 02
#0692-d167 @A: 08 09 24 31 | 03
#0693-d167 @A: 08 32 15 22 | 11
#0694-d167 @A: 16 18 01 20 | 09
#0695-d167 @A: 16 34 12 17 | 01
#0696-d167 @A: 12 16 14 11 | 04
#0697-d167 @A: 17 31 02 16 | 05
#0698-d167 @A: 08 35 16 11 | 12
#0699-d167 @A: 16 25 05 04 | 08
#0700-d167 @A: 26 04 16 15 | 07
#0701-d167 @A: 16 04 06 29 | 06
#0702-d167 @A: 06 05 26 16 | 10
#0703-d167 @A: 01 07 19 16 | 02
#0704-d167 @A: 02 24 16 11 | 03
#0705-d167 @A: 10 09 16 26 | 11
#0706-d167 @A: 08 03 26 16 | 09
#0707-d167 @A: 18 16 25 13 | 01
#0708-d167 @A: 03 11 16 25 | 04
#0709-d167 @A: 34 06 08 16 | 05
#0710-d167 @A: 33 18 16 09 | 12
#0711-d167 @A: 31 19 16 03 | 08
#0712-d167 @A: 26 20 12 23 | 07
#0713-d167 @A: 20 35 30 22 | 06
#0714-d167 @A: 05 20 10 23 | 10
#0715-d167 @A: 05 20 18 30 | 02
#0716-d167 @A: 05 03 11 20 | 03
#0717-d167 @A: 28 20 19 22 | 11
#0718-d167 @A: 20 29 23 14 | 09
#0719-d167 @A: 21 22 01 20 | 01
#0720-d167 @A: 31 01 30 20 | 04
#0721-d167 @A: 25 22 20 23 | 05
#0722-d167 @A: 22 33 20 06 | 12
#0723-d167 @A: 22 24 11 20 | 08
#0724-d167 @A: 20 23 18 11 | 07
#0725-d167 @A: 28 12 11 17 | 06
#0726-d167 @A: 17 12 29 09 | 10
#0727-d167 @A: 28 14 12 04 | 02
#0728-d167 @A: 12 28 34 05 | 03
#0729-d167 @A: 24 12 05 29 | 11
#0730-d167 @A: 12 28 10 32 | 09
#0731-d167 @A: 29 12 15 08 | 01
#0732-d167 @A: 12 29 31 27 | 04
#0733-d167 @A: 12 21 06 19 | 05
#0734-d167 @A: 13 19 12 24 | 12
#0735-d167 @A: 12 14 24 32 | 08
#0736-d167 @A: 17 30 35 24 | 07
#0737-d167 @A: 31 35 25 17 | 06
#0738-d167 @A: 17 04 23 06 | 10
#0739-d167 @A: 07 34 31 17 | 02
#0740-d167 @A: 23 28 13 17 | 03
#0741-d167 @A: 27 17 02 01 | 11
#0742-d167 @A: 26 32 10 17 | 09
#0743-d167 @A: 17 15 23 26 | 01
#0744-d167 @A: 21 18 25 17 | 04
#0745-d167 @A: 35 24 04 26 | 05
#0746-d167 @A: 04 35 08 23 | 12
#0747-d167 @A: 14 09 05 35 | 08
#0748-d167 @A: 15 07 25 35 | 07
#0749-d167 @A: 35 13 26 28 | 06
#0750-d167 @A: 35 02 10 03 | 10
#0751-d167 @A: 18 02 30 35 | 02
#0752-d167 @A: 26 35 14 30 | 03
#0753-d167 @A: 25 35 18 26 | 11
#0754-d167 @A: 08 33 26 35 | 09
#0755-d167 @A: 14 29 21 35 | 01
#0756-d167 @A: 25 29 10 35 | 04
#0757-d167 @A: 01 27 24 35 | 05
#0758-d167 @A: 15 35 34 18 | 12
#0759-d167 @A: 09 03 11 35 | 08
#0760-d167 @A: 32 22 35 03 | 07
#0761-d167 @A: 02 23 05 04 | 06
#0762-d167 @A: 13 07 21 04 | 10
#0763-d167 @A: 04 07 08 27 | 02
#0764-d167 @A: 04 21 02 31 | 03
#0765-d167 @A: 10 09 04 30 | 11
#0766-d167 @A: 04 03 25 10 | 09
#0767-d167 @A: 04 24 11 13 | 01
#0768-d167 @A: 22 23 13 04 | 04
#0769-d167 @A: 19 21 05 28 | 05
#0770-d167 @A: 28 05 33 01 | 12
#0771-d167 @A: 28 22 08 05 | 08
#0772-d167 @A: 25 33 02 05 | 07
#0773-d167 @A: 27 26 05 21 | 06
#0774-d167 @A: 11 24 10 05 | 10
#0775-d167 @A: 25 01 15 05 | 02
#0776-d167 @A: 05 33 24 19 | 03
#0777-d167 @A: 03 05 15 24 | 11
#0778-d167 @A: 13 24 05 18 | 09
#0779-d167 @A: 02 14 30 07 | 01
#0780-d167 @A: 02 19 07 23 | 04
#0781-d167 @A: 26 25 07 06 | 05
#0782-d167 @A: 10 07 33 29 | 12
#0783-d167 @A: 07 34 21 09 | 08
#0784-d167 @A: 07 08 18 14 | 07
#0785-d167 @A: 06 34 07 14 | 06
#0786-d167 @A: 03 31 07 15 | 10
#0787-d167 @A: 18 13 03 07 | 02
#0788-d167 @A: 02 28 29 18 | 03
#0789-d167 @A: 23 29 28 01 | 11
#0790-d167 @A: 08 28 29 27 | 09
#0791-d167 @A: 24 13 29 28 | 01
#0792-d167 @A: 28 06 13 19 | 04
#0793-d167 @A: 19 34 11 28 | 05
#0794-d167 @A: 28 22 31 24 | 12
#0795-d167 @A: 18 19 14 28 | 08
#0796-d167 @A: 26 01 02 18 | 07
#0797-d167 @A: 02 15 21 18 | 06
#0798-d167 @A: 33 34 06 02 | 10
#0799-d167 @A: 02 15 33 03 | 02
#0800-d167 @A: 23 26 10 29 | 03
#0801-d167 @A: 29 30 26 18 | 11
#0802-d167 @A: 29 25 26 19 | 09
#0803-d167 @A: 24 26 08 21 | 01
#0804-d167 @A: 26 32 25 09 | 04
#0805-d167 @A: 31 26 32 23 | 05
#0806-d167 @A: 22 08 10 29 | 12
#0807-d167 @A: 29 18 23 34 | 08
#0808-d167 @A: 19 31 29 13 | 07
#0809-d167 @A: 31 21 27 34 | 06
#0810-d167 @A: 11 14 21 34 | 10
#0811-d167 @A: 22 21 18 14 | 02
#0812-d167 @A: 06 25 10 30 | 03
#0813-d167 @A: 01 34 10 25 | 11
#0814-d167 @A: 23 10 34 13 | 09
#0815-d167 @A: 33 27 10 19 | 01
#0816-d167 @A: 03 10 27 33 | 04
#0817-d167 @A: 22 23 14 10 | 05
#0818-d167 @A: 33 30 01 25 | 12
#0819-d167 @A: 30 15 13 14 | 08
#0820-d167 @A: 24 09 19 25 | 07
#0821-d167 @A: 25 03 22 19 | 06
#0822-d167 @A: 01 08 33 24 | 10
#0823-d167 @A: 23 01 06 22 | 02
#0824-d167 @A: 09 01 22 24 | 03
#0825-d167 @A: 03 09 13 01 | 11
#0826-d167 @A: 01 32 19 18 | 09
#0827-d167 @A: 23 15 08 27 | 01
#0828-d167 @A: 04 16 20 28 | 04
#0829-d167 @A: 02 16 20 09 | 05
#0830-d167 @A: 20 16 32 21 | 12
#0831-d167 @A: 20 16 10 27 | 08
#0832-d167 @A: 03 34 20 16 | 07
#0833-d167 @A: 15 20 24 16 | 06
#0834-d167 @A: 05 09 17 16 | 10
#0835-d167 @A: 32 17 25 16 | 02
#0836-d167 @A: 34 16 35 26 | 03
#0837-d167 @A: 05 29 11 16 | 11
#0838-d167 @A: 29 05 16 03 | 09
#0839-d167 @A: 21 16 27 07 | 01
#0840-d167 @A: 28 16 14 27 | 04
#0841-d167 @A: 31 25 26 16 | 05
#0842-d167 @A: 21 16 22 11 | 12
#0843-d167 @A: 33 16 24 06 | 08
#0844-d167 @A: 34 16 23 27 | 07
#0845-d167 @A: 15 33 27 16 | 06
#0846-d167 @A: 04 12 09 20 | 10
#0847-d167 @A: 27 21 20 12 | 02
#0848-d167 @A: 22 03 20 12 | 03
#0849-d167 @A: 20 04 03 01 | 11
#0850-d167 @A: 20 04 18 22 | 09
#0851-d167 @A: 20 07 28 13 | 01
#0852-d167 @A: 27 19 07 20 | 04
#0853-d167 @A: 02 20 11 21 | 05
#0854-d167 @A: 15 20 02 01 | 12
#0855-d167 @A: 31 02 24 20 | 08
#0856-d167 @A: 25 20 32 08 | 07
#0857-d167 @A: 19 20 06 32 | 06
#0858-d167 @A: 34 20 14 18 | 10
#0859-d167 @A: 29 11 35 12 | 02
#0860-d167 @A: 01 12 22 35 | 03
#0861-d167 @A: 12 13 35 14 | 11
#0862-d167 @A: 04 12 07 03 | 09
#0863-d167 @A: 01 05 12 11 | 01
#0864-d167 @A: 05 31 12 18 | 04
#0865-d167 @A: 31 25 12 02 | 05
#0866-d167 @A: 08 12 02 19 | 12
#0867-d167 @A: 12 32 11 02 | 08
#0868-d167 @A: 12 34 27 26 | 07
#0869-d167 @A: 12 08 25 34 | 06
#0870-d167 @A: 12 15 13 33 | 10
#0871-d167 @A: 27 14 12 22 | 02
#0872-d167 @A: 32 29 35 17 | 03
#0873-d167 @A: 23 35 17 11 | 11
#0874-d167 @A: 05 17 21 14 | 09
#0875-d167 @A: 17 07 13 09 | 01
#0876-d167 @A: 21 26 28 17 | 04
#0877-d167 @A: 10 09 17 28 | 05
#0878-d167 @A: 32 03 17 28 | 12
#0879-d167 @A: 34 01 17 26 | 08
#0880-d167 @A: 10 34 17 22 | 07
#0881-d167 @A: 30 17 25 11 | 06
#0882-d167 @A: 17 08 03 33 | 10
#0883-d167 @A: 32 06 17 31 | 02
#0884-d167 @A: 24 17 34 03 | 03
#0885-d167 @A: 32 17 14 33 | 11
#0886-d167 @A: 33 23 17 22 | 09
#0887-d167 @A: 35 04 29 30 | 01
#0888-d167 @A: 35 01 34 04 | 04
#0889-d167 @A: 35 29 27 05 | 05
#0890-d167 @A: 05 18 11 35 | 12
#0891-d167 @A: 35 08 22 07 | 08
#0892-d167 @A: 35 10 26 22 | 07
#0893-d167 @A: 18 21 13 35 | 06
#0894-d167 @A: 33 09 25 35 | 10
#0895-d167 @A: 34 31 35 32 | 02
#0896-d167 @A: 35 11 22 13 | 03
#0897-d167 @A: 14 32 23 35 | 11
#0898-d167 @A: 18 32 35 09 | 09
#0899-d167 @A: 35 11 19 32 | 01
#0900-d167 @A: 04 05 29 26 | 04
#0901-d167 @A: 05 09 04 21 | 05
#0902-d167 @A: 11 02 07 04 | 12
#0903-d167 @A: 21 18 11 04 | 08
#0904-d167 @A: 10 04 08 19 | 07
#0905-d167 @A: 30 06 27 04 | 06
#0906-d167 @A: 04 34 24 14 | 10
#0907-d167 @A: 07 26 05 22 | 02
#0908-d167 @A: 05 07 21 15 | 03
#0909-d167 @A: 27 28 05 23 | 11
#0910-d167 @A: 05 25 29 13 | 09
#0911-d167 @A: 21 34 30 05 | 01
#0912-d167 @A: 30 10 33 05 | 04
#0913-d167 @A: 31 05 10 08 | 05
#0914-d167 @A: 05 19 08 25 | 12
#0915-d167 @A: 23 06 05 32 | 08
#0916-d167 @A: 14 19 05 27 | 07
#0917-d167 @A: 07 14 29 28 | 06
#0918-d167 @A: 07 25 02 27 | 10
#0919-d167 @A: 08 07 26 34 | 02
#0920-d167 @A: 11 07 21 06 | 03
#0921-d167 @A: 01 07 25 24 | 11
#0922-d167 @A: 10 28 02 26 | 09
#0923-d167 @A: 18 08 26 28 | 01
#0924-d167 @A: 21 29 32 28 | 04
#0925-d167 @A: 28 15 09 01 | 05
#0926-d167 @A: 28 18 33 06 | 12
#0927-d167 @A: 28 33 15 14 | 08
#0928-d167 @A: 27 09 28 32 | 07
#0929-d167 @A: 09 03 31 28 | 06
#0930-d167 @A: 30 03 02 29 | 10
#0931-d167 @A: 25 06 21 02 | 02
#0932-d167 @A: 11 02 10 06 | 03
#0933-d167 @A: 13 02 31 30 | 11
#0934-d167 @A: 13 02 25 32 | 09
#0935-d167 @A: 09 02 34 32 | 01
#0936-d167 @A: 32 24 27 02 | 04
#0937-d167 @A: 09 27 02 03 | 05
#0938-d167 @A: 18 26 03 29 | 12
#0939-d167 @A: 22 09 21 26 | 08
#0940-d167 @A: 32 30 01 26 | 07
#0941-d167 @A: 31 33 26 09 | 06
#0942-d167 @A: 18 26 27 31 | 10
#0943-d167 @A: 15 29 10 01 | 02
#0944-d167 @A: 34 19 09 29 | 03
#0945-d167 @A: 21 15 24 10 | 11
#0946-d167 @A: 21 22 25 08 | 09
#0947-d167 @A: 21 01 32 27 | 01
#0948-d167 @A: 23 18 30 10 | 04
#0949-d167 @A: 25 10 22 09 | 05
#0950-d167 @A: 30 09 31 23 | 12
#0951-d167 @A: 22 06 25 11 | 08
#0952-d167 @A: 13 25 33 03 | 07
#0953-d167 @A: 09 27 25 14 | 06
#0954-d167 @A: 23 14 25 15 | 10
#0955-d167 @A: 25 15 18 32 | 02
#0956-d167 @A: 18 25 23 31 | 03
#0957-d167 @A: 01 13 19 08 | 11
#0958-d167 @A: 32 06 15 01 | 09
#0959-d167 @A: 09 01 23 34 | 01
#0960-d167 @A: 11 14 27 01 | 04
#0961-d167 @A: 03 18 01 32 | 05
#0962-d167 @A: 08 09 22 34 | 12
#0963-d167 @A: 06 18 03 22 | 08
#0964-d167 @A: 03 32 13 34 | 07
#0965-d167 @A: 07 16 05 12 | 06
#0966-d167 @A: 16 28 23 12 | 10
#0967-d167 @A: 18 12 16 19 | 02
#0968-d167 @A: 17 26 11 16 | 03
#0969-d167 @A: 23 16 21 17 | 11
#0970-d167 @A: 17 03 09 16 | 09
#0971-d167 @A: 16 35 10 24 | 01
#0972-d167 @A: 16 02 04 34 | 04
#0973-d167 @A: 16 14 21 04 | 05
#0974-d167 @A: 30 18 16 04 | 12
#0975-d167 @A: 05 16 27 18 | 08
#0976-d167 @A: 02 06 07 16 | 07
#0977-d167 @A: 07 16 29 31 | 06
#0978-d167 @A: 26 30 16 02 | 10
#0979-d167 @A: 26 16 27 08 | 02
#0980-d167 @A: 33 16 32 26 | 03
#0981-d167 @A: 10 29 32 16 | 11
#0982-d167 @A: 16 21 24 25 | 09
#0983-d167 @A: 30 19 16 08 | 01
#0984-d167 @A: 19 16 06 11 | 04
#0985-d167 @A: 23 18 16 06 | 05
#0986-d167 @A: 13 16 34 11 | 12
#0987-d167 @A: 09 14 16 32 | 08
#0988-d167 @A: 19 16 23 22 | 07
#0989-d167 @A: 17 20 12 06 | 06
#0990-d167 @A: 20 13 30 12 | 10
#0991-d167 @A: 02 17 20 34 | 02
#0992-d167 @A: 20 35 27 26 | 03
#0993-d167 @A: 20 35 31 03 | 11
#0994-d167 @A: 06 05 02 20 | 09
#0995-d167 @A: 08 05 14 20 | 01
#0996-d167 @A: 26 21 20 14 | 04
#0997-d167 @A: 20 13 29 10 | 05
#0998-d167 @A: 34 29 11 20 | 12
#0999-d167 @A: 18 21 09 20 | 08
#1000-d167 @A: 20 10 03 24 | 07
#1001-d167 @A: 25 30 15 20 | 06
#1002-d167 @A: 20 34 24 33 | 10
#1003-d167 @A: 13 24 27 20 | 02
#1004-d167 @A: 32 20 22 09 | 03
#1005-d167 @A: 04 12 21 29 | 11
#1006-d167 @A: 30 14 12 05 | 09
#1007-d167 @A: 30 03 12 28 | 01
#1008-d167 @A: 12 27 01 28 | 04
#1009-d167 @A: 02 12 34 18 | 05
#1010-d167 @A: 12 29 18 10 | 12
#1011-d167 @A: 21 11 15 12 | 08
#1012-d167 @A: 03 12 08 10 | 07
#1013-d167 @A: 15 34 23 12 | 06
#1014-d167 @A: 23 22 24 12 | 10
#1015-d167 @A: 28 22 35 17 | 02
#1016-d167 @A: 06 26 35 17 | 03
#1017-d167 @A: 07 01 17 11 | 11
#1018-d167 @A: 27 28 30 17 | 09
#1019-d167 @A: 34 21 15 17 | 01
#1020-d167 @A: 34 08 17 30 | 04
#1021-d167 @A: 24 19 31 17 | 05
#1022-d167 @A: 24 32 17 23 | 12
#1023-d167 @A: 23 14 18 17 | 08
#1024-d167 @A: 19 22 18 17 | 07
#1025-d167 @A: 11 17 18 31 | 06
#1026-d167 @A: 35 29 28 06 | 10
#1027-d167 @A: 30 23 28 35 | 02
#1028-d167 @A: 21 10 35 32 | 03
#1029-d167 @A: 30 08 35 31 | 11
#1030-d167 @A: 35 14 03 01 | 09
#1031-d167 @A: 33 18 24 35 | 01
#1032-d167 @A: 22 14 35 33 | 04
#1033-d167 @A: 11 04 05 32 | 05
#1034-d167 @A: 09 28 04 29 | 12
#1035-d167 @A: 04 32 01 28 | 08
#1036-d167 @A: 09 04 25 02 | 07
#1037-d167 @A: 26 21 32 04 | 06
#1038-d167 @A: 08 21 04 34 | 10
#1039-d167 @A: 04 06 13 33 | 02
#1040-d167 @A: 06 03 04 09 | 03
#1041-d167 @A: 32 04 27 13 | 11
#1042-d167 @A: 04 14 22 11 | 09
#1043-d167 @A: 22 04 11 03 | 01
#1044-d167 @A: 05 02 28 11 | 04
#1045-d167 @A: 05 26 10 34 | 05
#1046-d167 @A: 26 30 05 11 | 12
#1047-d167 @A: 05 26 18 33 | 08
#1048-d167 @A: 01 29 05 19 | 07
#1049-d167 @A: 29 06 05 33 | 06
#1050-d167 @A: 27 11 05 25 | 10
#1051-d167 @A: 33 05 32 34 | 02
#1052-d167 @A: 05 09 34 18 | 03
#1053-d167 @A: 05 13 33 23 | 11
#1054-d167 @A: 33 09 03 05 | 09
#1055-d167 @A: 24 09 05 32 | 01
#1056-d167 @A: 28 19 30 07 | 04
#1057-d167 @A: 07 26 31 21 | 05
#1058-d167 @A: 08 13 07 29 | 12
#1059-d167 @A: 14 32 21 07 | 08
#1060-d167 @A: 07 33 30 31 | 07
#1061-d167 @A: 33 13 07 25 | 06
#1062-d167 @A: 03 07 08 23 | 10
#1063-d167 @A: 03 33 07 22 | 02
#1064-d167 @A: 11 09 14 07 | 03
#1065-d167 @A: 02 28 08 34 | 11
#1066-d167 @A: 21 27 28 25 | 09
#1067-d167 @A: 10 28 25 23 | 01
#1068-d167 @A: 32 28 19 33 | 04
#1069-d167 @A: 18 22 11 28 | 05
#1070-d167 @A: 09 26 02 08 | 12
#1071-d167 @A: 32 21 02 30 | 08
#1072-d167 @A: 02 10 13 01 | 07
#1073-d167 @A: 02 18 03 08 | 06
#1074-d167 @A: 27 02 06 09 | 10
#1075-d167 @A: 15 02 09 22 | 02
#1076-d167 @A: 03 02 11 31 | 03
#1077-d167 @A: 33 01 29 26 | 11
#1078-d167 @A: 26 29 27 15 | 09
#1079-d167 @A: 26 27 10 01 | 01
#1080-d167 @A: 26 06 10 08 | 04
#1081-d167 @A: 11 01 19 26 | 05
#1082-d167 @A: 34 24 26 31 | 12
#1083-d167 @A: 34 26 11 09 | 08
#1084-d167 @A: 13 26 27 14 | 07
#1085-d167 @A: 23 31 03 26 | 06
#1086-d167 @A: 29 21 08 31 | 10
#1087-d167 @A: 10 29 24 06 | 02
#1088-d167 @A: 29 22 25 32 | 03
#1089-d167 @A: 06 13 34 29 | 11
#1090-d167 @A: 06 31 29 03 | 09
#1091-d167 @A: 29 34 03 27 | 01
#1092-d167 @A: 13 29 18 33 | 04
#1093-d167 @A: 19 29 24 14 | 05
#1094-d167 @A: 22 27 11 29 | 12
#1095-d167 @A: 30 21 33 06 | 08
#1096-d167 @A: 03 01 21 24 | 07
#1097-d167 @A: 08 21 32 23 | 06
#1098-d167 @A: 21 24 13 09 | 10
#1099-d167 @A: 21 11 24 23 | 02
#1100-d167 @A: 15 21 13 27 | 03
#1101-d167 @A: 19 15 21 14 | 11
#1102-d167 @A: 10 13 30 11 | 09
#1103-d167 @A: 08 23 10 33 | 01
#1104-d167 @A: 06 18 15 10 | 04
#1105-d167 @A: 06 09 10 23 | 05
#1106-d167 @A: 10 33 34 15 | 12
#1107-d167 @A: 31 10 19 32 | 08
#1108-d167 @A: 03 34 31 30 | 07
#1109-d167 @A: 25 06 33 23 | 06
#1110-d167 @A: 32 06 25 24 | 10
#1111-d167 @A: 34 31 25 13 | 02
#1112-d167 @A: 18 11 06 01 | 03
#1113-d167 @A: 19 09 27 08 | 11
#1114-d167 @A: 08 18 13 09 | 09
#1115-d167 @A: 32 24 19 03 | 01
#1116-d167 @A: 13 03 14 27 | 04
#1117-d167 @A: 16 31 12 20 | 05
#1118-d167 @A: 13 17 20 16 | 12
#1119-d167 @A: 26 20 16 29 | 08
#1120-d167 @A: 12 08 32 16 | 07
#1121-d167 @A: 25 27 16 35 | 06
#1122-d167 @A: 09 04 16 01 | 10
#1123-d167 @A: 32 16 01 05 | 02
#1124-d167 @A: 02 28 16 15 | 03
#1125-d167 @A: 33 16 28 10 | 11
#1126-d167 @A: 16 06 28 09 | 09
#1127-d167 @A: 16 30 21 09 | 01
#1128-d167 @A: 16 21 18 08 | 04
#1129-d167 @A: 20 22 29 12 | 05
#1130-d167 @A: 23 17 20 30 | 12
#1131-d167 @A: 04 06 10 20 | 08
#1132-d167 @A: 06 05 03 20 | 07
#1133-d167 @A: 15 21 28 20 | 06
#1134-d167 @A: 10 18 20 28 | 10
#1135-d167 @A: 20 19 10 14 | 02
#1136-d167 @A: 08 27 20 30 | 03
#1137-d167 @A: 09 30 20 33 | 11
#1138-d167 @A: 08 20 32 03 | 09
#1139-d167 @A: 09 13 20 23 | 01
#1140-d167 @A: 33 17 12 24 | 04
#1141-d167 @A: 34 04 12 10 | 05
#1142-d167 @A: 12 05 22 21 | 12
#1143-d167 @A: 25 07 29 12 | 08
#1144-d167 @A: 10 30 07 12 | 07
#1145-d167 @A: 29 02 12 23 | 06
#1146-d167 @A: 33 25 12 26 | 10
#1147-d167 @A: 26 14 12 08 | 02
#1148-d167 @A: 08 12 10 11 | 03
#1149-d167 @A: 12 09 18 25 | 11
#1150-d167 @A: 12 18 14 33 | 09
#1151-d167 @A: 12 27 13 23 | 01
#1152-d167 @A: 09 12 15 14 | 04
#1153-d167 @A: 17 04 33 30 | 05
#1154-d167 @A: 05 31 17 26 | 12
#1155-d167 @A: 03 17 25 05 | 08
#1156-d167 @A: 07 19 17 08 | 07
#1157-d167 @A: 02 17 22 21 | 06
#1158-d167 @A: 17 31 21 01 | 10
#1159-d167 @A: 14 17 24 22 | 02
#1160-d167 @A: 27 32 17 22 | 03
#1161-d167 @A: 17 31 23 27 | 11
#1162-d167 @A: 13 03 17 11 | 09
#1163-d167 @A: 09 17 22 31 | 01
#1164-d167 @A: 04 05 31 35 | 04
#1165-d167 @A: 02 35 05 34 | 05
#1166-d167 @A: 32 07 35 01 | 12
#1167-d167 @A: 24 07 35 03 | 08
#1168-d167 @A: 35 29 19 02 | 07
#1169-d167 @A: 35 06 15 02 | 06
#1170-d167 @A: 02 09 35 31 | 10
#1171-d167 @A: 21 35 23 26 | 02
#1172-d167 @A: 18 08 29 35 | 03
#1173-d167 @A: 23 13 35 29 | 11
#1174-d167 @A: 21 25 34 35 | 09
#1175-d167 @A: 30 34 35 09 | 01
#1176-d167 @A: 14 35 25 08 | 04
#1177-d167 @A: 35 32 08 27 | 05
#1178-d167 @A: 33 31 13 35 | 12
#1179-d167 @A: 14 24 35 31 | 08
#1180-d167 @A: 35 31 19 18 | 07
#1181-d167 @A: 05 03 04 28 | 06
#1182-d167 @A: 04 05 06 14 | 10
#1183-d167 @A: 28 07 33 04 | 02
#1184-d167 @A: 04 10 11 28 | 03
#1185-d167 @A: 26 04 02 27 | 11
#1186-d167 @A: 04 06 24 02 | 09
#1187-d167 @A: 26 31 04 01 | 01
#1188-d167 @A: 26 04 34 22 | 04
#1189-d167 @A: 25 15 04 31 | 05
#1190-d167 @A: 04 08 09 15 | 12
#1191-d167 @A: 04 33 31 24 | 08
#1192-d167 @A: 03 33 04 31 | 07
#1193-d167 @A: 22 27 04 31 | 06
#1194-d167 @A: 04 14 15 32 | 10
#1195-d167 @A: 04 13 14 18 | 02
#1196-d167 @A: 04 23 32 09 | 03
#1197-d167 @A: 10 19 07 05 | 11
#1198-d167 @A: 30 23 07 05 | 09
#1199-d167 @A: 29 05 14 31 | 01
#1200-d167 @A: 18 05 01 21 | 04
#1201-d167 @A: 31 06 13 05 | 05
#1202-d167 @A: 14 05 34 22 | 12
#1203-d167 @A: 13 05 32 14 | 08
#1204-d167 @A: 32 28 07 25 | 07
#1205-d167 @A: 28 23 07 08 | 06
#1206-d167 @A: 11 10 26 07 | 10
#1207-d167 @A: 07 26 30 09 | 02
#1208-d167 @A: 25 07 21 19 | 03
#1209-d167 @A: 09 06 32 07 | 11
#1210-d167 @A: 27 18 11 07 | 09
#1211-d167 @A: 02 21 28 23 | 01
#1212-d167 @A: 31 26 30 28 | 04
#1213-d167 @A: 26 14 01 28 | 05
#1214-d167 @A: 31 28 29 33 | 12
#1215-d167 @A: 21 13 28 01 | 08
#1216-d167 @A: 13 10 08 28 | 07
#1217-d167 @A: 24 28 34 25 | 06
#1218-d167 @A: 18 13 27 28 | 10
#1219-d167 @A: 29 02 32 01 | 02
#1220-d167 @A: 08 29 06 02 | 03
#1221-d167 @A: 18 02 25 08 | 11
#1222-d167 @A: 19 33 02 11 | 09
#1223-d167 @A: 23 15 13 02 | 01
#1224-d167 @A: 22 03 32 02 | 04
#1225-d167 @A: 10 26 25 13 | 05
#1226-d167 @A: 34 30 33 26 | 12
#1227-d167 @A: 22 26 24 15 | 08
#1228-d167 @A: 15 03 27 26 | 07
#1229-d167 @A: 18 09 26 14 | 06
#1230-d167 @A: 11 29 10 21 | 10
#1231-d167 @A: 29 01 24 21 | 02
#1232-d167 @A: 29 33 03 01 | 03
#1233-d167 @A: 31 11 29 06 | 11
#1234-d167 @A: 09 23 33 29 | 09
#1235-d167 @A: 23 29 15 19 | 01
#1236-d167 @A: 22 31 29 23 | 04
#1237-d167 @A: 09 21 10 08 | 05
#1238-d167 @A: 10 21 22 31 | 12
#1239-d167 @A: 21 34 22 23 | 08
#1240-d167 @A: 21 27 11 19 | 07
#1241-d167 @A: 10 19 22 06 | 06
#1242-d167 @A: 27 18 10 22 | 10
#1243-d167 @A: 10 13 15 22 | 02
#1244-d167 @A: 11 23 34 30 | 03
#1245-d167 @A: 15 30 09 24 | 11
#1246-d167 @A: 24 30 11 31 | 09
#1247-d167 @A: 30 27 22 03 | 01
#1248-d167 @A: 11 09 22 30 | 04
#1249-d167 @A: 27 06 13 25 | 05
#1250-d167 @A: 24 15 25 33 | 12
#1251-d167 @A: 13 11 19 25 | 08
#1252-d167 @A: 19 14 25 22 | 07
#1253-d167 @A: 15 01 34 27 | 06
#1254-d167 @A: 31 34 18 01 | 10
#1255-d167 @A: 24 01 23 31 | 02
#1256-d167 @A: 03 08 06 19 | 03
#1257-d167 @A: 06 18 32 08 | 11
#1258-d167 @A: 34 08 23 24 | 09
#1259-d167 @A: 08 34 19 32 | 01
#1260-d167 @A: 08 18 11 33 | 04
#1261-d167 @A: 18 15 08 19 | 05
#1262-d167 @A: 08 14 11 13 | 12
#1263-d167 @A: 23 03 19 34 | 08
#1264-d167 @A: 03 14 24 09 | 07
#1265-d167 @A: 16 05 20 34 | 06
#1266-d167 @A: 16 33 20 19 | 10
#1267-d167 @A: 17 16 24 29 | 02
#1268-d167 @A: 02 32 16 35 | 03
#1269-d167 @A: 05 28 16 13 | 11
#1270-d167 @A: 05 16 33 14 | 09
#1271-d167 @A: 11 28 07 16 | 01
#1272-d167 @A: 16 08 07 24 | 04
#1273-d167 @A: 28 25 16 29 | 05
#1274-d167 @A: 02 16 10 18 | 12
#1275-d167 @A: 29 21 16 19 | 08
#1276-d167 @A: 16 08 10 14 | 07
#1277-d167 @A: 01 30 16 27 | 06
#1278-d167 @A: 15 22 16 30 | 10
#1279-d167 @A: 22 16 06 14 | 02
#1280-d167 @A: 18 24 16 34 | 03
#1281-d167 @A: 13 16 14 24 | 11
#1282-d167 @A: 13 22 16 31 | 09
#1283-d167 @A: 12 28 20 33 | 01
#1284-d167 @A: 20 05 35 15 | 04
#1285-d167 @A: 15 20 04 29 | 05
#1286-d167 @A: 03 29 20 07 | 12
#1287-d167 @A: 07 23 21 20 | 08
#1288-d167 @A: 20 01 07 33 | 07
#1289-d167 @A: 11 26 08 20 | 06
#1290-d167 @A: 21 06 20 29 | 10
#1291-d167 @A: 29 31 25 20 | 02
#1292-d167 @A: 23 15 20 33 | 03
#1293-d167 @A: 14 20 11 32 | 11
#1294-d167 @A: 19 11 20 09 | 09
#1295-d167 @A: 21 35 12 02 | 01
#1296-d167 @A: 23 12 35 25 | 04
#1297-d167 @A: 04 33 05 12 | 05
#1298-d167 @A: 13 04 25 12 | 12
#1299-d167 @A: 12 04 27 19 | 08
#1300-d167 @A: 02 13 12 28 | 07
#1301-d167 @A: 12 06 02 01 | 06
#1302-d167 @A: 23 10 12 21 | 10
#1303-d167 @A: 08 13 12 21 | 02
#1304-d167 @A: 27 12 21 03 | 03
#1305-d167 @A: 19 12 30 25 | 11
#1306-d167 @A: 12 01 25 32 | 09
#1307-d167 @A: 12 22 06 34 | 01
#1308-d167 @A: 33 12 09 06 | 04
#1309-d167 @A: 12 03 13 24 | 05
#1310-d167 @A: 22 18 12 15 | 12
#1311-d167 @A: 22 11 12 19 | 08
#1312-d167 @A: 04 32 17 07 | 07
#1313-d167 @A: 04 17 27 03 | 06
#1314-d167 @A: 05 17 02 15 | 10
#1315-d167 @A: 32 05 17 08 | 02
#1316-d167 @A: 21 07 17 24 | 03
#1317-d167 @A: 17 30 18 07 | 11
#1318-d167 @A: 11 17 02 29 | 09
#1319-d167 @A: 30 17 31 29 | 01
#1320-d167 @A: 29 23 17 08 | 04
#1321-d167 @A: 17 27 24 08 | 05
#1322-d167 @A: 24 06 17 09 | 12
#1323-d167 @A: 14 17 06 13 | 08
#1324-d167 @A: 09 33 17 34 | 07
#1325-d167 @A: 13 34 27 17 | 06
#1326-d167 @A: 15 09 17 18 | 10
#1327-d167 @A: 19 17 11 14 | 02
#1328-d167 @A: 23 03 14 17 | 03
#1329-d167 @A: 35 07 05 13 | 11
#1330-d167 @A: 28 05 10 35 | 09
#1331-d167 @A: 35 29 34 07 | 01
#1332-d167 @A: 23 31 35 07 | 04
#1333-d167 @A: 35 21 28 09 | 05
#1334-d167 @A: 34 35 33 28 | 12
#1335-d167 @A: 11 30 15 35 | 08
#1336-d167 @A: 35 23 33 27 | 07
#1337-d167 @A: 27 19 35 13 | 06
#1338-d167 @A: 35 22 18 23 | 10
#1339-d167 @A: 07 14 04 26 | 02
#1340-d167 @A: 07 04 06 01 | 03
#1341-d167 @A: 23 04 26 30 | 11
#1342-d167 @A: 31 29 10 04 | 09
#1343-d167 @A: 33 18 04 19 | 01
#1344-d167 @A: 31 13 04 09 | 04
#1345-d167 @A: 07 01 09 05 | 05
#1346-d167 @A: 28 09 26 05 | 12
#1347-d167 @A: 10 32 02 05 | 08
#1348-d167 @A: 24 30 25 05 | 07
#1349-d167 @A: 05 08 30 03 | 06
#1350-d167 @A: 01 34 13 05 | 10
#1351-d167 @A: 15 05 08 13 | 02
#1352-d167 @A: 05 18 06 22 | 03
#1353-d167 @A: 22 13 05 27 | 11
#1354-d167 @A: 15 31 09 05 | 09
#1355-d167 @A: 19 23 18 05 | 01
#1356-d167 @A: 26 29 24 07 | 04
#1357-d167 @A: 06 24 07 22 | 05
#1358-d167 @A: 15 07 33 09 | 12
#1359-d167 @A: 07 19 14 13 | 08
#1360-d167 @A: 18 22 07 32 | 07
#1361-d167 @A: 11 28 26 03 | 06
#1362-d167 @A: 29 03 25 28 | 10
#1363-d167 @A: 15 21 28 03 | 02
#1364-d167 @A: 03 10 01 28 | 03
#1365-d167 @A: 18 30 28 25 | 11
#1366-d167 @A: 32 28 30 08 | 09
#1367-d167 @A: 25 08 15 28 | 01
#1368-d167 @A: 28 34 31 06 | 04
#1369-d167 @A: 06 28 11 15 | 05
#1370-d167 @A: 22 34 28 15 | 12
#1371-d167 @A: 28 13 09 34 | 08
#1372-d167 @A: 28 14 23 34 | 07
#1373-d167 @A: 34 02 30 15 | 06
#1374-d167 @A: 01 02 22 33 | 10
#1375-d167 @A: 13 03 06 02 | 02
#1376-d167 @A: 06 02 23 14 | 03
#1377-d167 @A: 34 27 19 02 | 11
#1378-d167 @A: 23 24 33 02 | 09
#1379-d167 @A: 11 02 09 18 | 01
#1380-d167 @A: 26 32 29 08 | 04
#1381-d167 @A: 08 26 31 19 | 05
#1382-d167 @A: 19 09 15 26 | 12
#1383-d167 @A: 32 26 09 03 | 08
#1384-d167 @A: 30 06 01 29 | 07
#1385-d167 @A: 29 33 30 08 | 06
#1386-d167 @A: 29 22 33 19 | 10
#1387-d167 @A: 19 21 01 10 | 02
#1388-d167 @A: 21 34 30 03 | 03
#1389-d167 @A: 03 08 25 21 | 11
#1390-d167 @A: 03 21 33 09 | 09
#1391-d167 @A: 32 24 10 34 | 01
#1392-d167 @A: 18 34 11 10 | 04
#1393-d167 @A: 24 31 13 10 | 05
#1394-d167 @A: 10 14 32 27 | 12
#1395-d167 @A: 13 08 30 25 | 08
#1396-d167 @A: 33 15 30 19 | 07
#1397-d167 @A: 03 23 24 30 | 06
#1398-d167 @A: 30 03 19 15 | 10
#1399-d167 @A: 30 13 23 19 | 02
#1400-d167 @A: 06 15 25 19 | 03
#1401-d167 @A: 25 23 24 13 | 11
#1402-d167 @A: 25 24 11 18 | 09
#1403-d167 @A: 18 25 27 19 | 01
#1404-d167 @A: 34 06 01 03 | 04
#1405-d167 @A: 13 31 01 27 | 05
#1406-d167 @A: 19 22 15 01 | 12
#1407-d167 @A: 13 01 18 22 | 08
#1408-d167 @A: 06 33 14 03 | 07
#1409-d167 @A: 06 18 03 27 | 06
#1410-d167 @A: 31 03 13 22 | 10
#1411-d167 @A: 12 27 02 16 | 02
#1412-d167 @A: 12 26 16 21 | 03
#1413-d167 @A: 12 01 16 13 | 11
#1414-d167 @A: 17 16 30 14 | 09
#1415-d167 @A: 15 16 08 17 | 01
#1416-d167 @A: 05 19 02 16 | 04
#1417-d167 @A: 16 23 07 15 | 05
#1418-d167 @A: 26 19 16 28 | 12
#1419-d167 @A: 01 24 16 26 | 08
#1420-d167 @A: 03 30 16 01 | 07
#1421-d167 @A: 14 01 25 16 | 06
#1422-d167 @A: 13 16 06 15 | 10
#1423-d167 @A: 16 34 22 33 | 02
#1424-d167 @A: 31 33 16 23 | 03
#1425-d167 @A: 24 09 16 23 | 11
#1426-d167 @A: 16 03 13 15 | 09
#1427-d167 @A: 15 09 16 11 | 01
#1428-d167 @A: 19 16 31 15 | 04
#1429-d167 @A: 16 18 11 32 | 05
#1430-d167 @A: 20 19 05 17 | 12
#1431-d167 @A: 29 27 17 20 | 08
#1432-d167 @A: 28 35 32 20 | 07
#1433-d167 @A: 30 20 04 02 | 06
#1434-d167 @A: 19 26 20 04 | 10
#1435-d167 @A: 25 20 34 04 | 02
#1436-d167 @A: 05 20 21 33 | 03
#1437-d167 @A: 26 20 07 18 | 11
#1438-d167 @A: 22 20 10 07 | 09
#1439-d167 @A: 34 28 26 20 | 01
#1440-d167 @A: 20 28 11 01 | 04
#1441-d167 @A: 21 19 20 08 | 05
#1442-d167 @A: 03 21 20 14 | 12
#1443-d167 @A: 01 27 25 20 | 08
#1444-d167 @A: 20 14 25 24 | 07
#1445-d167 @A: 06 14 15 20 | 06
#1446-d167 @A: 06 20 13 11 | 10
#1447-d167 @A: 27 20 32 31 | 02
#1448-d167 @A: 18 06 12 35 | 03
#1449-d167 @A: 12 33 03 35 | 11
#1450-d167 @A: 12 27 05 08 | 09
#1451-d167 @A: 01 12 15 07 | 01
#1452-d167 @A: 28 30 09 12 | 04
#1453-d167 @A: 25 28 12 22 | 05
#1454-d167 @A: 12 08 23 30 | 12
#1455-d167 @A: 17 13 35 08 | 08
#1456-d167 @A: 19 17 25 04 | 07
#1457-d167 @A: 11 04 17 08 | 06
#1458-d167 @A: 28 05 07 17 | 10
#1459-d167 @A: 24 10 02 17 | 02
#1460-d167 @A: 17 02 23 09 | 03
#1461-d167 @A: 03 29 24 17 | 11
#1462-d167 @A: 14 17 10 31 | 09
#1463-d167 @A: 15 14 17 27 | 01
#1464-d167 @A: 15 32 17 11 | 04
#1465-d167 @A: 18 13 32 17 | 05
#1466-d167 @A: 35 27 28 04 | 12
#1467-d167 @A: 21 04 35 22 | 08
#1468-d167 @A: 18 01 35 28 | 07
#1469-d167 @A: 02 25 24 35 | 06
#1470-d167 @A: 10 35 30 27 | 10
#1471-d167 @A: 08 03 27 35 | 02
#1472-d167 @A: 27 35 06 31 | 03
#1473-d167 @A: 10 05 22 04 | 11
#1474-d167 @A: 29 07 04 19 | 09
#1475-d167 @A: 28 22 02 04 | 01
#1476-d167 @A: 21 04 06 28 | 04
#1477-d167 @A: 04 28 34 18 | 05
#1478-d167 @A: 02 04 34 03 | 12
#1479-d167 @A: 08 13 04 26 | 08
#1480-d167 @A: 33 21 04 01 | 07
#1481-d167 @A: 32 04 25 10 | 06
#1482-d167 @A: 27 04 33 25 | 10
#1483-d167 @A: 09 11 06 04 | 02
#1484-d167 @A: 04 23 34 33 | 03
#1485-d167 @A: 34 04 27 09 | 11
#1486-d167 @A: 04 19 11 15 | 09
#1487-d167 @A: 23 04 15 18 | 01
#1488-d167 @A: 06 30 05 28 | 04
#1489-d167 @A: 24 08 05 02 | 05
#1490-d167 @A: 18 10 25 05 | 12
#1491-d167 @A: 01 10 14 05 | 08
#1492-d167 @A: 32 31 05 30 | 07
#1493-d167 @A: 15 05 34 19 | 06
#1494-d167 @A: 11 05 33 15 | 10
#1495-d167 @A: 18 14 05 03 | 02
#1496-d167 @A: 02 07 29 15 | 03
#1497-d167 @A: 07 02 24 13 | 11
#1498-d167 @A: 30 29 11 07 | 09
#1499-d167 @A: 13 27 10 07 | 01
#1500-d167 @A: 07 15 30 27 | 04
#1501-d167 @A: 07 06 33 19 | 05
#1502-d167 @A: 15 31 14 07 | 12
#1503-d167 @A: 32 03 14 07 | 08
#1504-d167 @A: 24 01 28 02 | 07
#1505-d167 @A: 13 25 28 14 | 06
#1506-d167 @A: 28 24 23 06 | 10
#1507-d167 @A: 33 09 28 24 | 02
#1508-d167 @A: 31 28 11 14 | 03
#1509-d167 @A: 25 34 29 02 | 11
#1510-d167 @A: 02 34 24 21 | 09
#1511-d167 @A: 22 02 30 10 | 01
#1512-d167 @A: 08 02 30 11 | 04
#1513-d167 @A: 06 13 02 18 | 05
#1514-d167 @A: 21 15 33 26 | 12
#1515-d167 @A: 03 13 26 21 | 08
#1516-d167 @A: 26 22 25 01 | 07
#1517-d167 @A: 26 33 06 14 | 06
#1518-d167 @A: 11 26 13 31 | 10
#1519-d167 @A: 22 14 26 31 | 02
#1520-d167 @A: 22 13 29 21 | 03
#1521-d167 @A: 10 30 14 29 | 11
#1522-d167 @A: 09 25 30 29 | 09
#1523-d167 @A: 09 11 29 01 | 01
#1524-d167 @A: 06 09 29 15 | 04
#1525-d167 @A: 18 29 19 06 | 05
#1526-d167 @A: 29 31 34 15 | 12
#1527-d167 @A: 29 19 27 32 | 08
#1528-d167 @A: 31 09 29 32 | 07
#1529-d167 @A: 10 19 21 03 | 06
#1530-d167 @A: 21 08 30 14 | 10
#1531-d167 @A: 21 33 09 27 | 02
#1532-d167 @A: 22 32 21 33 | 03
#1533-d167 @A: 21 31 15 32 | 11
#1534-d167 @A: 32 21 13 19 | 09
#1535-d167 @A: 03 31 18 21 | 01
#1536-d167 @A: 10 19 34 30 | 04
#1537-d167 @A: 08 25 10 27 | 05
#1538-d167 @A: 34 10 15 03 | 12
#1539-d167 @A: 14 33 10 13 | 08
#1540-d167 @A: 09 10 32 15 | 07
#1541-d167 @A: 23 31 10 15 | 06
#1542-d167 @A: 10 18 09 31 | 10
#1543-d167 @A: 30 01 14 18 | 02
#1544-d167 @A: 14 09 30 19 | 03
#1545-d167 @A: 09 34 06 25 | 11
#1546-d167 @A: 27 32 34 25 | 09
#1547-d167 @A: 34 25 18 22 | 01
#1548-d167 @A: 13 25 15 09 | 04
#1549-d167 @A: 27 08 22 01 | 05
#1550-d167 @A: 18 23 01 08 | 12
#1551-d167 @A: 06 33 01 27 | 08
#1552-d167 @A: 13 08 06 22 | 07
#1553-d167 @A: 34 27 08 18 | 06
#1554-d167 @A: 27 33 08 13 | 10
#1555-d167 @A: 33 19 14 08 | 02
#1556-d167 @A: 11 03 06 24 | 03
#1557-d167 @A: 03 24 19 33 | 11
#1558-d167 @A: 16 20 11 30 | 09
#1559-d167 @A: 16 25 15 12 | 01
#1560-d167 @A: 16 18 17 28 | 04
#1561-d167 @A: 05 35 16 30 | 05
#1562-d167 @A: 35 16 21 06 | 12
#1563-d167 @A: 27 16 07 03 | 08
#1564-d167 @A: 22 25 02 16 | 07
#1565-d167 @A: 03 16 02 24 | 06
#1566-d167 @A: 30 23 29 16 | 10
#1567-d167 @A: 15 29 18 16 | 02
#1568-d167 @A: 06 03 10 16 | 03
#1569-d167 @A: 10 12 20 15 | 11
#1570-d167 @A: 10 11 20 17 | 09
#1571-d167 @A: 20 04 35 11 | 01
#1572-d167 @A: 09 05 27 20 | 04
#1573-d167 @A: 28 27 02 20 | 05
#1574-d167 @A: 09 20 28 25 | 12
#1575-d167 @A: 28 08 06 20 | 08
#1576-d167 @A: 13 03 20 28 | 07
#1577-d167 @A: 25 20 10 02 | 06
#1578-d167 @A: 20 09 25 03 | 10
#1579-d167 @A: 20 32 33 13 | 02
#1580-d167 @A: 14 33 31 20 | 03
#1581-d167 @A: 15 20 18 27 | 11
#1582-d167 @A: 19 13 20 15 | 09
#1583-d167 @A: 17 35 10 12 | 01
#1584-d167 @A: 12 32 17 21 | 04
#1585-d167 @A: 13 31 12 17 | 05
#1586-d167 @A: 04 35 12 32 | 12
#1587-d167 @A: 35 15 28 12 | 08
#1588-d167 @A: 12 08 24 35 | 07
#1589-d167 @A: 23 12 07 04 | 06
#1590-d167 @A: 09 12 05 02 | 10
#1591-d167 @A: 29 03 23 12 | 02
#1592-d167 @A: 09 12 21 31 | 03
#1593-d167 @A: 27 30 12 11 | 11
#1594-d167 @A: 25 12 32 03 | 09
#1595-d167 @A: 23 01 33 12 | 01
#1596-d167 @A: 11 24 06 12 | 04
#1597-d167 @A: 06 12 23 31 | 05
#1598-d167 @A: 07 35 17 02 | 12
#1599-d167 @A: 17 21 35 27 | 08
#1600-d167 @A: 01 35 09 17 | 07
#1601-d167 @A: 09 17 04 26 | 06
#1602-d167 @A: 04 17 34 29 | 10
#1603-d167 @A: 05 01 06 17 | 02
#1604-d167 @A: 17 25 33 28 | 03
#1605-d167 @A: 01 19 17 28 | 11
#1606-d167 @A: 08 17 14 28 | 09
#1607-d167 @A: 26 17 13 02 | 01
#1608-d167 @A: 21 10 17 30 | 04
#1609-d167 @A: 17 11 09 27 | 05
#1610-d167 @A: 35 04 33 02 | 12
#1611-d167 @A: 03 04 35 29 | 08
#1612-d167 @A: 05 23 35 01 | 07
#1613-d167 @A: 35 13 03 05 | 06
#1614-d167 @A: 28 24 35 07 | 10
#1615-d167 @A: 10 07 14 35 | 02
#1616-d167 @A: 33 07 11 35 | 03
#1617-d167 @A: 11 28 25 35 | 11
#1618-d167 @A: 02 23 10 35 | 09
#1619-d167 @A: 32 33 35 06 | 01
#1620-d167 @A: 18 14 27 35 | 04
#1621-d167 @A: 04 05 30 19 | 05
#1622-d167 @A: 28 13 30 04 | 12
#1623-d167 @A: 04 08 24 28 | 08
#1624-d167 @A: 10 26 04 33 | 07
#1625-d167 @A: 18 26 04 06 | 06
#1626-d167 @A: 04 27 18 29 | 10
#1627-d167 @A: 04 30 11 01 | 02
#1628-d167 @A: 26 05 19 13 | 03
#1629-d167 @A: 05 23 21 29 | 11
#1630-d167 @A: 05 24 06 15 | 09
#1631-d167 @A: 24 34 05 27 | 01
#1632-d167 @A: 33 09 05 22 | 04
#1633-d167 @A: 15 28 07 26 | 05
#1634-d167 @A: 28 07 21 22 | 12
#1635-d167 @A: 07 10 28 06 | 08
#1636-d167 @A: 03 06 28 07 | 07
#1637-d167 @A: 07 27 34 28 | 06
#1638-d167 @A: 02 34 07 01 | 10
#1639-d167 @A: 18 07 01 10 | 02
#1640-d167 @A: 18 07 34 33 | 03
#1641-d167 @A: 32 07 23 27 | 11
#1642-d167 @A: 09 18 19 07 | 09
#1643-d167 @A: 28 21 08 33 | 01
#1644-d167 @A: 13 31 28 15 | 04
#1645-d167 @A: 28 23 09 18 | 05
#1646-d167 @A: 15 25 02 26 | 12
#1647-d167 @A: 32 06 02 26 | 08
#1648-d167 @A: 02 23 34 26 | 07
#1649-d167 @A: 30 02 09 01 | 06
#1650-d167 @A: 02 33 14 27 | 10
#1651-d167 @A: 22 02 19 13 | 02
#1652-d167 @A: 26 21 01 06 | 03
#1653-d167 @A: 15 26 30 08 | 11
#1654-d167 @A: 27 24 26 06 | 09
#1655-d167 @A: 26 34 32 18 | 01
#1656-d167 @A: 27 19 22 26 | 04
#1657-d167 @A: 15 18 11 26 | 05
#1658-d167 @A: 29 03 21 22 | 12
#1659-d167 @A: 33 29 27 34 | 08
#1660-d167 @A: 14 22 15 29 | 07
#1661-d167 @A: 30 25 21 31 | 06
#1662-d167 @A: 14 06 09 21 | 10
#1663-d167 @A: 34 18 21 19 | 02
#1664-d167 @A: 24 22 27 21 | 03
#1665-d167 @A: 01 10 23 32 | 11
#1666-d167 @A: 34 06 27 10 | 09
#1667-d167 @A: 33 10 06 31 | 01
#1668-d167 @A: 30 15 23 06 | 04
#1669-d167 @A: 14 11 30 33 | 05
#1670-d167 @A: 30 18 22 33 | 12
#1671-d167 @A: 13 27 09 30 | 08
#1672-d167 @A: 14 25 06 18 | 07
#1673-d167 @A: 27 25 24 31 | 06
#1674-d167 @A: 25 03 24 18 | 10
#1675-d167 @A: 22 27 25 15 | 02
#1676-d167 @A: 31 27 03 25 | 03
#1677-d167 @A: 11 09 25 31 | 11
#1678-d167 @A: 25 23 19 32 | 09
#1679-d167 @A: 01 34 08 11 | 01
#1680-d167 @A: 01 14 19 06 | 04
#1681-d167 @A: 01 13 11 33 | 05
#1682-d167 @A: 03 01 27 23 | 12
#1683-d167 @A: 23 15 11 01 | 08
#1684-d167 @A: 13 01 23 14 | 07
#1685-d167 @A: 08 33 34 31 | 06
#1686-d167 @A: 09 33 32 08 | 10
#1687-d167 @A: 11 08 03 14 | 02
#1688-d167 @A: 32 27 11 03 | 03
#1689-d167 @A: 15 03 22 14 | 11
