#0001-d189 @A: 30 06 34 05 | 12
#0002-d189 @A: 06 31 05 03 | 02
#0003-d189 @A: 06 04 13 33 | 05
#0004-d189 @A: 06 33 26 28 | 01
#0005-d189 @A: 29 31 10 06 | 07
#0006-d189 @A: 29 17 06 19 | 04
#0007-d189 @A: 29 08 06 11 | 08
#0008-d189 @A: 29 24 14 06 | 10
#0009-d189 @A: 02 26 06 29 | 11
#0010-d189 @A: 34 06 27 16 | 03
#0011-d189 @A: 34 15 06 23 | 06
#0012-d189 @A: 03 06 34 04 | 09
#0013-d189 @A: 06 30 31 27 | 12
#0014-d189 @A: 07 12 21 06 | 02
#0015-d189 @A: 19 15 12 06 | 05
#0016-d189 @A: 12 16 06 04 | 01
#0017-d189 @A: 35 11 01 06 | 07
#0018-d189 @A: 16 21 01 06 | 04
#0019-d189 @A: 17 05 13 16 | 08
#0020-d189 @A: 13 18 05 34 | 10
#0021-d189 @A: 35 28 05 14 | 11
#0022-d189 @A: 05 22 12 29 | 03
#0023-d189 @A: 29 09 05 30 | 06
#0024-d189 @A: 05 23 15 33 | 09
#0025-d189 @A: 19 08 07 05 | 12
#0026-d189 @A: 24 12 27 05 | 02
#0027-d189 @A: 07 05 24 25 | 05
#0028-d189 @A: 18 23 24 05 | 01
#0029-d189 @A: 09 05 02 01 | 07
#0030-d189 @A: 05 02 20 16 | 04
#0031-d189 @A: 05 16 11 04 | 08
#0032-d189 @A: 20 11 05 18 | 10
#0033-d189 @A: 16 25 05 01 | 11
#0034-d189 @A: 05 19 20 25 | 03
#0035-d189 @A: 10 34 13 30 | 06
#0036-d189 @A: 34 04 08 13 | 09
#0037-d189 @A: 24 34 13 23 | 12
#0038-d189 @A: 07 20 24 13 | 02
#0039-d189 @A: 01 24 12 13 | 05
#0040-d189 @A: 12 16 13 30 | 01
#0041-d189 @A: 13 19 32 16 | 07
#0042-d189 @A: 21 03 13 35 | 04
#0043-d189 @A: 32 13 01 30 | 08
#0044-d189 @A: 33 07 28 25 | 10
#0045-d189 @A: 33 28 31 16 | 11
#0046-d189 @A: 31 10 28 25 | 03
#0047-d189 @A: 22 15 03 28 | 06
#0048-d189 @A: 35 24 28 17 | 09
#0049-d189 @A: 32 08 31 28 | 12
#0050-d189 @A: 11 31 28 09 | 02
#0051-d189 @A: 11 16 28 30 | 05
#0052-d189 @A: 16 25 28 32 | 01
#0053-d189 @A: 18 28 04 14 | 07
#0054-d189 @A: 30 20 35 28 | 04
#0055-d189 @A: 01 35 03 28 | 08
#0056-d189 @A: 01 25 28 20 | 10
#0057-d189 @A: 22 10 29 25 | 11
#0058-d189 @A: 10 01 08 29 | 03
#0059-d189 @A: 11 24 29 22 | 06
#0060-d189 @A: 04 29 22 21 | 09
#0061-d189 @A: 17 34 29 18 | 12
#0062-d189 @A: 21 07 29 34 | 02
#0063-d189 @A: 26 29 34 14 | 05
#0064-d189 @A: 15 08 35 29 | 01
#0065-d189 @A: 30 29 11 31 | 07
#0066-d189 @A: 08 33 24 10 | 04
#0067-d189 @A: 33 10 26 15 | 08
#0068-d189 @A: 33 10 09 20 | 10
#0069-d189 @A: 24 22 32 33 | 11
#0070-d189 @A: 16 21 33 19 | 03
#0071-d189 @A: 01 25 26 33 | 06
#0072-d189 @A: 33 19 20 01 | 09
#0073-d189 @A: 34 10 22 20 | 12
#0074-d189 @A: 10 32 07 22 | 02
#0075-d189 @A: 10 34 03 17 | 05
#0076-d189 @A: 24 19 10 18 | 01
#0077-d189 @A: 15 10 31 14 | 07
#0078-d189 @A: 25 12 10 19 | 04
#0079-d189 @A: 32 35 10 11 | 08
#0080-d189 @A: 16 10 32 04 | 10
#0081-d189 @A: 01 25 18 10 | 11
#0082-d189 @A: 32 34 23 22 | 03
#0083-d189 @A: 19 08 27 22 | 06
#0084-d189 @A: 30 31 08 22 | 09
#0085-d189 @A: 24 22 23 12 | 12
#0086-d189 @A: 14 31 22 02 | 02
#0087-d189 @A: 01 16 22 04 | 05
#0088-d189 @A: 30 22 19 26 | 01
#0089-d189 @A: 07 17 11 24 | 07
#0090-d189 @A: 31 14 17 24 | 04
#0091-d189 @A: 31 17 07 35 | 08
#0092-d189 @A: 11 18 17 23 | 10
#0093-d189 @A: 14 03 17 20 | 11
#0094-d189 @A: 08 27 34 32 | 03
#0095-d189 @A: 08 02 34 35 | 06
#0096-d189 @A: 24 11 34 02 | 09
#0097-d189 @A: 09 27 34 26 | 12
#0098-d189 @A: 34 18 20 01 | 02
#0099-d189 @A: 21 20 24 08 | 05
#0100-d189 @A: 27 12 15 08 | 01
#0101-d189 @A: 14 08 03 16 | 07
#0102-d189 @A: 24 18 02 16 | 04
#0103-d189 @A: 24 09 03 32 | 08
#0104-d189 @A: 18 03 20 24 | 10
#0105-d189 @A: 16 27 02 07 | 11
#0106-d189 @A: 02 21 27 09 | 03
#0107-d189 @A: 20 12 26 27 | 06
#0108-d189 @A: 25 16 27 11 | 09
#0109-d189 @A: 27 03 04 23 | 12
#0110-d189 @A: 26 03 27 32 | 02
#0111-d189 @A: 27 18 32 35 | 05
#0112-d189 @A: 07 14 02 30 | 01
#0113-d189 @A: 01 15 23 07 | 07
#0114-d189 @A: 07 16 25 18 | 04
#0115-d189 @A: 20 14 16 31 | 08
#0116-d189 @A: 02 11 01 26 | 10
#0117-d189 @A: 30 19 02 03 | 11
#0118-d189 @A: 21 14 02 32 | 03
#0119-d189 @A: 15 09 11 03 | 06
#0120-d189 @A: 35 11 26 15 | 09
#0121-d189 @A: 16 35 20 15 | 12
#0122-d189 @A: 20 15 26 30 | 02
#0123-d189 @A: 35 12 16 09 | 05
#0124-d189 @A: 11 09 23 04 | 01
#0125-d189 @A: 01 25 09 04 | 07
#0126-d189 @A: 06 35 04 05 | 04
#0127-d189 @A: 28 06 08 03 | 08
#0128-d189 @A: 06 04 28 24 | 10
#0129-d189 @A: 06 09 35 28 | 11
#0130-d189 @A: 29 06 25 33 | 03
#0131-d189 @A: 06 29 04 07 | 06
#0132-d189 @A: 06 33 18 27 | 09
#0133-d189 @A: 23 33 21 06 | 12
#0134-d189 @A: 06 17 03 22 | 02
#0135-d189 @A: 06 22 30 02 | 05
#0136-d189 @A: 06 17 27 11 | 01
#0137-d189 @A: 21 17 18 06 | 07
#0138-d189 @A: 27 25 06 07 | 04
#0139-d189 @A: 26 12 01 06 | 08
#0140-d189 @A: 19 16 23 06 | 10
#0141-d189 @A: 32 06 19 35 | 11
#0142-d189 @A: 06 23 25 01 | 03
#0143-d189 @A: 20 29 05 28 | 06
#0144-d189 @A: 05 29 33 03 | 09
#0145-d189 @A: 05 09 33 16 | 12
#0146-d189 @A: 27 05 22 23 | 02
#0147-d189 @A: 34 05 35 15 | 05
#0148-d189 @A: 05 08 12 31 | 01
#0149-d189 @A: 08 05 09 03 | 07
#0150-d189 @A: 05 14 26 11 | 04
#0151-d189 @A: 14 03 04 05 | 08
#0152-d189 @A: 26 21 05 32 | 10
#0153-d189 @A: 24 30 28 13 | 11
#0154-d189 @A: 13 24 03 29 | 03
#0155-d189 @A: 22 21 33 13 | 06
#0156-d189 @A: 08 13 22 01 | 09
#0157-d189 @A: 24 13 22 02 | 12
#0158-d189 @A: 09 13 19 17 | 02
#0159-d189 @A: 09 13 18 08 | 05
#0160-d189 @A: 27 13 23 07 | 01
#0161-d189 @A: 12 13 26 35 | 07
#0162-d189 @A: 13 11 16 03 | 04
#0163-d189 @A: 13 16 01 26 | 08
#0164-d189 @A: 25 13 16 35 | 10
#0165-d189 @A: 21 13 25 04 | 11
#0166-d189 @A: 26 13 18 14 | 03
#0167-d189 @A: 28 22 34 29 | 06
#0168-d189 @A: 28 24 33 11 | 09
#0169-d189 @A: 28 07 04 34 | 12
#0170-d189 @A: 24 07 32 28 | 02
#0171-d189 @A: 12 02 24 28 | 05
#0172-d189 @A: 28 11 35 27 | 01
#0173-d189 @A: 02 30 09 28 | 07
#0174-d189 @A: 32 26 28 12 | 04
#0175-d189 @A: 28 04 21 11 | 08
#0176-d189 @A: 23 28 19 26 | 10
#0177-d189 @A: 19 33 10 29 | 11
#0178-d189 @A: 29 18 33 32 | 03
#0179-d189 @A: 29 10 25 21 | 06
#0180-d189 @A: 22 07 29 18 | 09
#0181-d189 @A: 25 17 29 08 | 12
#0182-d189 @A: 09 29 20 24 | 02
#0183-d189 @A: 29 02 31 01 | 05
#0184-d189 @A: 35 31 03 29 | 01
#0185-d189 @A: 19 29 14 35 | 07
#0186-d189 @A: 10 17 21 33 | 04
#0187-d189 @A: 33 16 22 17 | 08
#0188-d189 @A: 20 33 11 17 | 10
#0189-d189 @A: 24 01 33 16 | 11
#0190-d189 @A: 27 20 33 03 | 03
#0191-d189 @A: 14 33 09 31 | 06
#0192-d189 @A: 35 09 33 21 | 09
#0193-d189 @A: 33 01 12 14 | 12
#0194-d189 @A: 16 11 33 23 | 02
#0195-d189 @A: 11 33 25 32 | 05
#0196-d189 @A: 19 23 18 33 | 01
#0197-d189 @A: 34 21 10 27 | 07
#0198-d189 @A: 10 25 32 08 | 04
#0199-d189 @A: 10 03 26 02 | 08
#0200-d189 @A: 12 35 10 04 | 10
#0201-d189 @A: 23 10 01 12 | 11
#0202-d189 @A: 26 10 16 19 | 03
#0203-d189 @A: 10 25 14 26 | 06
#0204-d189 @A: 10 26 32 18 | 09
#0205-d189 @A: 27 17 22 14 | 12
#0206-d189 @A: 22 11 15 34 | 02
#0207-d189 @A: 07 16 22 24 | 05
#0208-d189 @A: 15 22 31 25 | 01
#0209-d189 @A: 18 11 12 22 | 07
#0210-d189 @A: 04 12 14 22 | 04
#0211-d189 @A: 22 19 20 12 | 08
#0212-d189 @A: 23 01 22 26 | 10
#0213-d189 @A: 17 21 34 32 | 11
#0214-d189 @A: 19 34 17 01 | 03
#0215-d189 @A: 11 17 15 31 | 06
#0216-d189 @A: 25 02 17 18 | 09
#0217-d189 @A: 26 17 30 01 | 12
#0218-d189 @A: 03 25 17 01 | 02
#0219-d189 @A: 25 34 07 15 | 05
#0220-d189 @A: 25 31 19 34 | 01
#0221-d189 @A: 12 14 34 19 | 07
#0222-d189 @A: 16 20 19 34 | 04
#0223-d189 @A: 14 04 34 20 | 08
#0224-d189 @A: 01 23 14 34 | 10
#0225-d189 @A: 11 27 24 08 | 11
#0226-d189 @A: 26 35 08 24 | 03
#0227-d189 @A: 31 25 08 27 | 06
#0228-d189 @A: 08 15 32 03 | 09
#0229-d189 @A: 12 08 32 11 | 12
#0230-d189 @A: 04 08 16 25 | 02
#0231-d189 @A: 23 08 16 32 | 05
#0232-d189 @A: 35 08 32 30 | 01
#0233-d189 @A: 02 30 31 24 | 07
#0234-d189 @A: 24 04 09 02 | 04
#0235-d189 @A: 18 26 12 24 | 08
#0236-d189 @A: 19 21 24 01 | 10
#0237-d189 @A: 07 27 14 19 | 11
#0238-d189 @A: 27 07 21 32 | 03
#0239-d189 @A: 31 02 19 27 | 06
#0240-d189 @A: 31 27 23 15 | 09
#0241-d189 @A: 32 27 31 14 | 12
#0242-d189 @A: 23 09 27 01 | 02
#0243-d189 @A: 30 27 21 16 | 05
#0244-d189 @A: 07 31 20 23 | 01
#0245-d189 @A: 14 12 07 32 | 07
#0246-d189 @A: 35 16 11 07 | 04
#0247-d189 @A: 07 25 11 23 | 08
#0248-d189 @A: 07 03 30 16 | 10
#0249-d189 @A: 20 01 07 16 | 11
#0250-d189 @A: 20 12 30 31 | 03
#0251-d189 @A: 19 03 31 04 | 06
#0252-d189 @A: 16 02 11 32 | 09
#0253-d189 @A: 16 19 02 14 | 12
#0254-d189 @A: 09 12 30 15 | 02
#0255-d189 @A: 25 15 12 04 | 05
#0256-d189 @A: 03 15 26 18 | 01
#0257-d189 @A: 32 01 20 15 | 07
#0258-d189 @A: 09 03 26 12 | 04
#0259-d189 @A: 27 01 05 06 | 08
#0260-d189 @A: 05 06 11 21 | 10
#0261-d189 @A: 17 06 13 23 | 11
#0262-d189 @A: 13 16 24 06 | 03
#0263-d189 @A: 09 13 01 06 | 06
#0264-d189 @A: 03 18 13 06 | 09
#0265-d189 @A: 10 06 28 30 | 12
#0266-d189 @A: 06 07 28 12 | 02
#0267-d189 @A: 22 29 06 20 | 05
#0268-d189 @A: 16 29 15 06 | 01
#0269-d189 @A: 32 10 34 06 | 07
#0270-d189 @A: 14 04 06 10 | 04
#0271-d189 @A: 06 21 09 08 | 08
#0272-d189 @A: 06 24 15 11 | 10
#0273-d189 @A: 27 06 35 15 | 11
#0274-d189 @A: 06 14 23 32 | 03
#0275-d189 @A: 25 13 31 05 | 06
#0276-d189 @A: 05 03 02 13 | 09
#0277-d189 @A: 30 28 18 05 | 12
#0278-d189 @A: 29 32 02 05 | 02
#0279-d189 @A: 19 05 22 33 | 05
#0280-d189 @A: 33 05 08 32 | 01
#0281-d189 @A: 24 33 05 35 | 07
#0282-d189 @A: 21 15 33 05 | 04
#0283-d189 @A: 05 33 26 18 | 08
#0284-d189 @A: 27 05 16 10 | 10
#0285-d189 @A: 31 22 11 05 | 11
#0286-d189 @A: 34 16 24 05 | 03
#0287-d189 @A: 04 34 05 19 | 06
#0288-d189 @A: 05 15 09 24 | 09
#0289-d189 @A: 15 14 27 05 | 12
#0290-d189 @A: 05 26 01 19 | 02
#0291-d189 @A: 07 29 28 13 | 05
#0292-d189 @A: 34 13 21 28 | 01
#0293-d189 @A: 04 28 16 13 | 07
#0294-d189 @A: 32 35 13 28 | 04
#0295-d189 @A: 12 33 13 09 | 08
#0296-d189 @A: 10 13 17 11 | 10
#0297-d189 @A: 25 13 10 07 | 11
#0298-d189 @A: 26 13 17 15 | 03
#0299-d189 @A: 13 12 15 34 | 06
#0300-d189 @A: 13 08 30 15 | 09
#0301-d189 @A: 13 18 27 02 | 12
#0302-d189 @A: 23 09 31 13 | 02
#0303-d189 @A: 31 01 13 35 | 05
#0304-d189 @A: 13 16 09 14 | 01
#0305-d189 @A: 30 04 13 11 | 07
#0306-d189 @A: 11 13 19 18 | 04
#0307-d189 @A: 23 26 13 25 | 08
#0308-d189 @A: 03 13 23 30 | 10
#0309-d189 @A: 29 18 11 28 | 11
#0310-d189 @A: 10 28 17 22 | 03
#0311-d189 @A: 19 28 11 22 | 06
#0312-d189 @A: 28 25 30 22 | 09
#0313-d189 @A: 28 18 09 17 | 12
#0314-d189 @A: 21 28 01 17 | 02
#0315-d189 @A: 34 32 28 01 | 05
#0316-d189 @A: 24 04 28 21 | 01
#0317-d189 @A: 27 28 15 19 | 07
#0318-d189 @A: 28 21 27 12 | 04
#0319-d189 @A: 28 02 35 07 | 08
#0320-d189 @A: 12 31 28 14 | 10
#0321-d189 @A: 35 25 04 28 | 11
#0322-d189 @A: 28 25 03 21 | 03
#0323-d189 @A: 27 10 29 04 | 06
#0324-d189 @A: 10 09 29 12 | 09
#0325-d189 @A: 29 32 22 08 | 12
#0326-d189 @A: 29 15 22 01 | 02
#0327-d189 @A: 21 17 23 29 | 05
#0328-d189 @A: 34 07 23 29 | 01
#0329-d189 @A: 31 25 29 12 | 07
#0330-d189 @A: 23 29 32 30 | 04
#0331-d189 @A: 34 23 33 10 | 08
#0332-d189 @A: 31 32 33 10 | 10
#0333-d189 @A: 22 35 07 33 | 11
#0334-d189 @A: 31 04 33 22 | 03
#0335-d189 @A: 14 33 17 34 | 06
#0336-d189 @A: 34 24 33 25 | 09
#0337-d189 @A: 34 33 32 15 | 12
#0338-d189 @A: 31 23 33 08 | 02
#0339-d189 @A: 04 21 33 08 | 05
#0340-d189 @A: 24 14 15 33 | 01
#0341-d189 @A: 31 33 15 03 | 07
#0342-d189 @A: 12 30 03 33 | 04
#0343-d189 @A: 15 22 10 30 | 08
#0344-d189 @A: 26 21 10 08 | 10
#0345-d189 @A: 02 10 25 24 | 11
#0346-d189 @A: 10 12 07 27 | 03
#0347-d189 @A: 10 31 11 27 | 06
#0348-d189 @A: 07 09 19 10 | 09
#0349-d189 @A: 16 10 11 01 | 12
#0350-d189 @A: 10 19 03 32 | 02
#0351-d189 @A: 17 07 12 22 | 05
#0352-d189 @A: 34 02 22 26 | 01
#0353-d189 @A: 22 23 02 11 | 07
#0354-d189 @A: 23 09 21 22 | 04
#0355-d189 @A: 22 21 16 14 | 08
#0356-d189 @A: 22 18 26 04 | 10
#0357-d189 @A: 22 04 20 23 | 11
#0358-d189 @A: 19 22 25 01 | 03
#0359-d189 @A: 03 18 30 22 | 06
#0360-d189 @A: 21 18 01 22 | 09
#0361-d189 @A: 23 22 14 30 | 12
#0362-d189 @A: 14 32 22 19 | 02
#0363-d189 @A: 17 18 15 08 | 05
#0364-d189 @A: 08 04 17 01 | 01
#0365-d189 @A: 02 15 12 17 | 07
#0366-d189 @A: 21 17 16 11 | 04
#0367-d189 @A: 30 17 19 32 | 08
#0368-d189 @A: 31 27 01 34 | 10
#0369-d189 @A: 12 34 23 18 | 11
#0370-d189 @A: 32 34 11 26 | 03
#0371-d189 @A: 16 04 34 23 | 06
#0372-d189 @A: 20 30 03 34 | 09
#0373-d189 @A: 20 07 08 27 | 12
#0374-d189 @A: 27 03 02 08 | 02
#0375-d189 @A: 27 08 04 09 | 05
#0376-d189 @A: 14 08 15 02 | 01
#0377-d189 @A: 32 08 09 19 | 07
#0378-d189 @A: 19 30 08 16 | 04
#0379-d189 @A: 24 07 21 03 | 08
#0380-d189 @A: 12 35 24 30 | 10
#0381-d189 @A: 24 14 16 32 | 11
#0382-d189 @A: 32 24 19 25 | 03
#0383-d189 @A: 15 07 27 32 | 06
#0384-d189 @A: 18 27 12 30 | 09
#0385-d189 @A: 04 19 25 07 | 12
#0386-d189 @A: 01 26 18 07 | 02
#0387-d189 @A: 26 14 07 20 | 05
#0388-d189 @A: 25 09 31 02 | 01
#0389-d189 @A: 12 01 31 21 | 07
#0390-d189 @A: 25 32 23 31 | 04
#0391-d189 @A: 30 14 03 31 | 08
#0392-d189 @A: 02 23 16 12 | 10
#0393-d189 @A: 04 26 02 19 | 11
#0394-d189 @A: 01 35 20 02 | 03
#0395-d189 @A: 01 23 02 32 | 06
#0396-d189 @A: 15 26 12 16 | 09
#0397-d189 @A: 23 12 15 14 | 12
#0398-d189 @A: 04 18 15 35 | 02
#0399-d189 @A: 09 04 35 03 | 05
#0400-d189 @A: 19 04 21 09 | 01
#0401-d189 @A: 09 32 26 30 | 07
#0402-d189 @A: 18 25 03 09 | 04
#0403-d189 @A: 21 03 04 12 | 08
#0404-d189 @A: 03 21 01 26 | 10
#0405-d189 @A: 18 14 21 35 | 11
#0406-d189 @A: 13 06 29 30 | 03
#0407-d189 @A: 21 30 06 28 | 06
#0408-d189 @A: 33 30 06 15 | 09
#0409-d189 @A: 22 25 08 06 | 12
#0410-d189 @A: 07 34 20 06 | 02
#0411-d189 @A: 01 16 06 08 | 05
#0412-d189 @A: 06 24 30 09 | 01
#0413-d189 @A: 06 09 27 20 | 07
#0414-d189 @A: 07 32 06 02 | 04
#0415-d189 @A: 03 30 06 35 | 08
#0416-d189 @A: 02 22 28 05 | 10
#0417-d189 @A: 33 05 11 02 | 11
#0418-d189 @A: 20 05 33 14 | 03
#0419-d189 @A: 05 10 21 12 | 06
#0420-d189 @A: 22 07 05 14 | 09
#0421-d189 @A: 26 32 22 05 | 12
#0422-d189 @A: 18 05 31 17 | 02
#0423-d189 @A: 21 34 05 23 | 05
#0424-d189 @A: 25 15 05 08 | 01
#0425-d189 @A: 08 05 35 01 | 07
#0426-d189 @A: 05 35 12 18 | 04
#0427-d189 @A: 25 04 26 05 | 08
#0428-d189 @A: 01 30 05 14 | 10
#0429-d189 @A: 23 05 20 03 | 11
#0430-d189 @A: 28 13 26 02 | 03
#0431-d189 @A: 29 32 10 13 | 06
#0432-d189 @A: 33 13 24 27 | 09
#0433-d189 @A: 13 11 33 07 | 12
#0434-d189 @A: 32 26 33 13 | 02
#0435-d189 @A: 04 10 13 24 | 05
#0436-d189 @A: 13 11 10 21 | 01
#0437-d189 @A: 13 20 10 19 | 07
#0438-d189 @A: 15 13 22 35 | 04
#0439-d189 @A: 01 03 13 34 | 08
#0440-d189 @A: 27 12 13 32 | 10
#0441-d189 @A: 32 02 13 31 | 11
#0442-d189 @A: 25 01 11 13 | 03
#0443-d189 @A: 04 25 32 13 | 06
#0444-d189 @A: 21 19 13 18 | 09
#0445-d189 @A: 14 19 01 13 | 12
#0446-d189 @A: 29 02 19 28 | 02
#0447-d189 @A: 34 28 33 20 | 05
#0448-d189 @A: 10 28 15 12 | 01
#0449-d189 @A: 02 18 28 34 | 07
#0450-d189 @A: 23 30 28 34 | 04
#0451-d189 @A: 35 31 28 15 | 08
#0452-d189 @A: 04 12 30 28 | 10
#0453-d189 @A: 28 11 03 04 | 11
#0454-d189 @A: 28 26 11 25 | 03
#0455-d189 @A: 28 03 18 32 | 06
#0456-d189 @A: 12 02 33 29 | 09
#0457-d189 @A: 23 19 22 29 | 12
#0458-d189 @A: 17 03 29 02 | 02
#0459-d189 @A: 09 15 29 34 | 05
#0460-d189 @A: 02 07 29 24 | 01
#0461-d189 @A: 32 27 16 29 | 07
#0462-d189 @A: 11 29 07 09 | 04
#0463-d189 @A: 02 16 29 30 | 08
#0464-d189 @A: 14 18 29 16 | 10
#0465-d189 @A: 01 14 04 29 | 11
#0466-d189 @A: 08 07 16 33 | 03
#0467-d189 @A: 14 08 11 33 | 06
#0468-d189 @A: 24 26 20 33 | 09
#0469-d189 @A: 02 33 23 27 | 12
#0470-d189 @A: 27 33 21 01 | 02
#0471-d189 @A: 15 33 07 04 | 05
#0472-d189 @A: 04 14 33 02 | 01
#0473-d189 @A: 26 35 04 33 | 07
#0474-d189 @A: 10 23 31 22 | 04
#0475-d189 @A: 17 09 14 10 | 08
#0476-d189 @A: 10 14 24 34 | 10
#0477-d189 @A: 01 07 34 10 | 11
#0478-d189 @A: 26 10 08 27 | 03
#0479-d189 @A: 11 10 24 09 | 06
#0480-d189 @A: 07 04 10 03 | 09
#0481-d189 @A: 23 10 30 02 | 12
#0482-d189 @A: 10 14 21 15 | 02
#0483-d189 @A: 11 12 03 10 | 05
#0484-d189 @A: 14 32 10 01 | 01
#0485-d189 @A: 23 21 01 10 | 07
#0486-d189 @A: 22 08 17 35 | 04
#0487-d189 @A: 34 19 22 09 | 08
#0488-d189 @A: 26 03 22 20 | 10
#0489-d189 @A: 21 25 20 22 | 11
#0490-d189 @A: 09 34 17 11 | 03
#0491-d189 @A: 24 16 19 17 | 06
#0492-d189 @A: 27 17 03 31 | 09
#0493-d189 @A: 15 07 17 21 | 12
#0494-d189 @A: 12 17 26 14 | 02
#0495-d189 @A: 35 03 17 12 | 05
#0496-d189 @A: 16 17 14 25 | 01
#0497-d189 @A: 34 08 15 21 | 07
#0498-d189 @A: 09 34 08 30 | 04
#0499-d189 @A: 34 12 09 24 | 08
#0500-d189 @A: 34 21 12 25 | 10
#0501-d189 @A: 26 34 19 35 | 11
#0502-d189 @A: 34 35 03 18 | 03
#0503-d189 @A: 34 19 03 23 | 06
#0504-d189 @A: 34 03 21 19 | 09
#0505-d189 @A: 18 16 12 08 | 12
#0506-d189 @A: 25 11 35 08 | 02
#0507-d189 @A: 08 14 35 04 | 05
#0508-d189 @A: 18 01 32 08 | 01
#0509-d189 @A: 24 03 07 27 | 07
#0510-d189 @A: 27 24 04 15 | 04
#0511-d189 @A: 18 31 24 07 | 08
#0512-d189 @A: 25 24 01 31 | 10
#0513-d189 @A: 30 15 03 24 | 11
#0514-d189 @A: 24 01 30 19 | 03
#0515-d189 @A: 18 11 03 27 | 06
#0516-d189 @A: 16 27 19 03 | 09
#0517-d189 @A: 11 02 07 15 | 12
#0518-d189 @A: 23 09 16 07 | 02
#0519-d189 @A: 35 25 14 07 | 05
#0520-d189 @A: 19 32 01 07 | 01
#0521-d189 @A: 11 04 31 12 | 07
#0522-d189 @A: 18 11 31 26 | 04
#0523-d189 @A: 31 18 04 23 | 08
#0524-d189 @A: 25 30 26 31 | 10
#0525-d189 @A: 01 14 18 31 | 11
#0526-d189 @A: 19 30 31 23 | 03
#0527-d189 @A: 21 15 35 02 | 06
#0528-d189 @A: 19 32 15 02 | 09
#0529-d189 @A: 02 04 12 01 | 12
#0530-d189 @A: 26 02 35 14 | 02
#0531-d189 @A: 04 15 16 09 | 05
#0532-d189 @A: 15 18 11 16 | 01
#0533-d189 @A: 18 15 25 23 | 07
#0534-d189 @A: 14 03 19 15 | 04
#0535-d189 @A: 15 21 03 32 | 08
#0536-d189 @A: 14 09 12 25 | 10
#0537-d189 @A: 32 09 01 11 | 11
#0538-d189 @A: 09 26 16 25 | 03
#0539-d189 @A: 20 09 03 16 | 06
#0540-d189 @A: 26 23 35 09 | 09
#0541-d189 @A: 25 09 23 19 | 12
#0542-d189 @A: 18 21 16 12 | 02
#0543-d189 @A: 21 32 11 23 | 05
#0544-d189 @A: 11 20 21 03 | 01
#0545-d189 @A: 30 18 04 21 | 07
#0546-d189 @A: 30 21 14 23 | 04
#0547-d189 @A: 25 05 06 28 | 08
#0548-d189 @A: 22 28 16 06 | 10
#0549-d189 @A: 28 19 34 06 | 11
#0550-d189 @A: 23 06 27 28 | 03
#0551-d189 @A: 31 33 20 06 | 06
#0552-d189 @A: 01 33 06 32 | 09
#0553-d189 @A: 10 06 12 08 | 12
#0554-d189 @A: 03 24 06 10 | 02
#0555-d189 @A: 10 20 06 26 | 05
#0556-d189 @A: 26 22 27 06 | 01
#0557-d189 @A: 17 07 16 06 | 07
#0558-d189 @A: 14 17 06 01 | 04
#0559-d189 @A: 06 26 24 25 | 08
#0560-d189 @A: 16 02 09 06 | 10
#0561-d189 @A: 20 12 06 23 | 11
#0562-d189 @A: 04 25 18 06 | 03
#0563-d189 @A: 19 06 26 03 | 06
#0564-d189 @A: 06 35 25 21 | 09
#0565-d189 @A: 20 06 03 01 | 12
#0566-d189 @A: 07 13 35 05 | 02
#0567-d189 @A: 20 05 13 09 | 05
#0568-d189 @A: 11 34 05 28 | 01
#0569-d189 @A: 05 29 25 34 | 07
#0570-d189 @A: 10 05 33 25 | 04
#0571-d189 @A: 33 05 01 04 | 08
#0572-d189 @A: 10 19 05 14 | 10
#0573-d189 @A: 05 34 01 22 | 11
#0574-d189 @A: 20 05 22 08 | 03
#0575-d189 @A: 35 09 22 05 | 06
#0576-d189 @A: 05 27 17 35 | 09
#0577-d189 @A: 05 02 17 30 | 12
#0578-d189 @A: 05 17 15 03 | 02
#0579-d189 @A: 04 08 30 05 | 05
#0580-d189 @A: 02 05 24 19 | 01
#0581-d189 @A: 31 05 01 07 | 07
#0582-d189 @A: 23 35 16 05 | 04
#0583-d189 @A: 25 18 05 14 | 08
#0584-d189 @A: 25 05 23 30 | 10
#0585-d189 @A: 28 34 13 31 | 11
#0586-d189 @A: 13 08 28 20 | 03
#0587-d189 @A: 13 15 09 28 | 06
#0588-d189 @A: 31 29 16 13 | 09
#0589-d189 @A: 13 23 02 29 | 12
#0590-d189 @A: 29 13 18 25 | 02
#0591-d189 @A: 13 33 10 16 | 05
#0592-d189 @A: 22 32 13 11 | 01
#0593-d189 @A: 34 25 13 17 | 07
#0594-d189 @A: 13 24 21 23 | 04
#0595-d189 @A: 35 27 03 13 | 08
#0596-d189 @A: 15 13 07 19 | 10
#0597-d189 @A: 07 13 18 12 | 11
#0598-d189 @A: 13 04 19 35 | 03
#0599-d189 @A: 35 29 33 28 | 06
#0600-d189 @A: 28 29 15 30 | 09
#0601-d189 @A: 07 28 10 26 | 12
#0602-d189 @A: 14 22 24 28 | 02
#0603-d189 @A: 07 23 22 28 | 05
#0604-d189 @A: 30 07 28 17 | 01
#0605-d189 @A: 27 14 34 28 | 07
#0606-d189 @A: 11 08 28 15 | 04
#0607-d189 @A: 07 31 28 27 | 08
#0608-d189 @A: 31 03 02 28 | 10
#0609-d189 @A: 15 02 28 23 | 11
#0610-d189 @A: 16 28 21 09 | 03
#0611-d189 @A: 11 28 20 12 | 06
#0612-d189 @A: 20 16 26 28 | 09
#0613-d189 @A: 01 14 26 28 | 12
#0614-d189 @A: 33 29 34 16 | 02
#0615-d189 @A: 29 24 31 33 | 05
#0616-d189 @A: 14 33 27 29 | 01
#0617-d189 @A: 17 07 29 10 | 07
#0618-d189 @A: 34 10 11 29 | 04
#0619-d189 @A: 29 15 23 10 | 08
#0620-d189 @A: 03 20 29 10 | 10
#0621-d189 @A: 08 29 34 03 | 11
#0622-d189 @A: 29 34 04 02 | 03
#0623-d189 @A: 23 08 27 29 | 06
#0624-d189 @A: 08 31 29 18 | 09
#0625-d189 @A: 07 29 26 31 | 12
#0626-d189 @A: 29 12 15 07 | 02
#0627-d189 @A: 12 18 03 29 | 05
#0628-d189 @A: 16 23 29 26 | 01
#0629-d189 @A: 21 20 35 29 | 07
#0630-d189 @A: 14 23 29 20 | 04
#0631-d189 @A: 20 29 32 19 | 08
#0632-d189 @A: 22 33 25 27 | 10
#0633-d189 @A: 23 32 17 33 | 11
#0634-d189 @A: 08 33 34 26 | 03
#0635-d189 @A: 34 18 33 07 | 06
#0636-d189 @A: 08 33 27 01 | 09
#0637-d189 @A: 33 35 31 27 | 12
#0638-d189 @A: 32 04 27 33 | 02
#0639-d189 @A: 07 02 21 33 | 05
#0640-d189 @A: 02 18 31 33 | 01
#0641-d189 @A: 35 33 09 30 | 07
#0642-d189 @A: 32 20 16 33 | 04
#0643-d189 @A: 01 18 33 35 | 08
#0644-d189 @A: 22 35 10 27 | 10
#0645-d189 @A: 22 04 10 19 | 11
#0646-d189 @A: 17 10 01 20 | 03
#0647-d189 @A: 04 23 08 10 | 06
#0648-d189 @A: 11 04 26 10 | 09
#0649-d189 @A: 10 14 30 16 | 12
#0650-d189 @A: 22 08 03 07 | 02
#0651-d189 @A: 08 22 12 02 | 05
#0652-d189 @A: 22 15 08 23 | 01
#0653-d189 @A: 11 08 09 22 | 07
#0654-d189 @A: 22 20 27 24 | 04
#0655-d189 @A: 24 26 15 22 | 08
#0656-d189 @A: 27 09 22 15 | 10
#0657-d189 @A: 07 22 15 20 | 11
#0658-d189 @A: 07 22 01 09 | 03
#0659-d189 @A: 15 22 02 04 | 06
#0660-d189 @A: 22 02 03 09 | 09
#0661-d189 @A: 16 20 22 11 | 12
#0662-d189 @A: 22 35 14 03 | 02
#0663-d189 @A: 19 21 35 22 | 05
#0664-d189 @A: 34 08 07 17 | 01
#0665-d189 @A: 16 17 34 31 | 07
#0666-d189 @A: 34 17 32 02 | 04
#0667-d189 @A: 21 08 17 03 | 08
#0668-d189 @A: 09 30 03 17 | 10
#0669-d189 @A: 01 12 17 18 | 11
#0670-d189 @A: 16 18 17 35 | 03
#0671-d189 @A: 17 18 32 20 | 06
#0672-d189 @A: 24 27 30 34 | 09
#0673-d189 @A: 31 14 34 07 | 12
#0674-d189 @A: 09 34 35 07 | 02
#0675-d189 @A: 32 07 34 30 | 05
#0676-d189 @A: 34 09 18 14 | 01
#0677-d189 @A: 18 11 34 25 | 07
#0678-d189 @A: 11 01 34 30 | 04
#0679-d189 @A: 34 26 16 18 | 08
#0680-d189 @A: 16 34 30 25 | 10
#0681-d189 @A: 34 35 23 25 | 11
#0682-d189 @A: 27 35 08 16 | 03
#0683-d189 @A: 08 23 02 09 | 06
#0684-d189 @A: 08 30 02 01 | 09
#0685-d189 @A: 24 31 26 27 | 12
#0686-d189 @A: 35 02 27 24 | 02
#0687-d189 @A: 25 27 24 14 | 05
#0688-d189 @A: 31 12 15 24 | 01
#0689-d189 @A: 35 24 03 25 | 07
#0690-d189 @A: 12 27 19 04 | 04
#0691-d189 @A: 25 27 23 12 | 08
#0692-d189 @A: 11 20 27 32 | 10
#0693-d189 @A: 07 31 21 25 | 11
#0694-d189 @A: 04 07 01 11 | 03
#0695-d189 @A: 11 30 07 18 | 06
#0696-d189 @A: 16 32 26 07 | 09
#0697-d189 @A: 23 26 04 07 | 12
#0698-d189 @A: 03 31 18 16 | 02
#0699-d189 @A: 26 31 21 14 | 05
#0700-d189 @A: 30 02 26 18 | 01
#0701-d189 @A: 19 04 15 23 | 07
#0702-d189 @A: 18 15 30 19 | 04
#0703-d189 @A: 01 15 21 20 | 08
#0704-d189 @A: 09 32 21 12 | 10
#0705-d189 @A: 11 09 16 19 | 11
#0706-d189 @A: 18 09 26 19 | 03
#0707-d189 @A: 21 16 32 04 | 06
#0708-d189 @A: 05 06 17 33 | 09
#0709-d189 @A: 27 06 08 13 | 12
#0710-d189 @A: 25 15 13 06 | 02
#0711-d189 @A: 34 29 06 01 | 05
#0712-d189 @A: 33 07 06 23 | 01
#0713-d189 @A: 01 15 10 06 | 07
#0714-d189 @A: 06 18 17 26 | 04
#0715-d189 @A: 06 25 09 34 | 08
#0716-d189 @A: 06 02 15 18 | 10
#0717-d189 @A: 18 12 06 14 | 11
#0718-d189 @A: 06 32 12 03 | 03
#0719-d189 @A: 11 20 04 06 | 06
#0720-d189 @A: 32 06 18 11 | 09
#0721-d189 @A: 32 25 06 30 | 12
#0722-d189 @A: 19 20 18 06 | 02
#0723-d189 @A: 21 32 06 19 | 05
#0724-d189 @A: 30 33 13 05 | 01
#0725-d189 @A: 28 05 03 07 | 07
#0726-d189 @A: 12 10 34 05 | 04
#0727-d189 @A: 23 19 17 05 | 08
#0728-d189 @A: 08 16 21 05 | 10
#0729-d189 @A: 07 05 04 21 | 11
#0730-d189 @A: 05 21 02 30 | 03
#0731-d189 @A: 25 09 11 05 | 06
#0732-d189 @A: 01 09 21 05 | 09
#0733-d189 @A: 05 20 04 12 | 12
#0734-d189 @A: 13 27 01 28 | 02
#0735-d189 @A: 13 17 18 33 | 05
#0736-d189 @A: 10 14 27 13 | 01
#0737-d189 @A: 12 13 10 02 | 07
#0738-d189 @A: 22 13 27 16 | 04
#0739-d189 @A: 09 30 22 13 | 08
#0740-d189 @A: 13 17 08 12 | 10
#0741-d189 @A: 16 13 08 02 | 11
#0742-d189 @A: 24 31 11 13 | 03
#0743-d189 @A: 07 03 09 13 | 06
#0744-d189 @A: 11 09 13 02 | 09
#0745-d189 @A: 30 13 02 20 | 12
#0746-d189 @A: 14 29 17 28 | 02
#0747-d189 @A: 28 17 12 34 | 05
#0748-d189 @A: 16 09 28 34 | 01
#0749-d189 @A: 28 08 18 24 | 07
#0750-d189 @A: 28 15 25 24 | 04
#0751-d189 @A: 20 02 27 28 | 08
#0752-d189 @A: 12 28 09 27 | 10
#0753-d189 @A: 09 28 07 20 | 11
#0754-d189 @A: 04 26 09 28 | 03
#0755-d189 @A: 01 19 12 28 | 06
#0756-d189 @A: 26 28 03 30 | 09
#0757-d189 @A: 22 30 29 33 | 12
#0758-d189 @A: 21 33 29 24 | 02
#0759-d189 @A: 20 07 29 33 | 05
#0760-d189 @A: 29 22 35 02 | 01
#0761-d189 @A: 08 30 29 24 | 07
#0762-d189 @A: 29 21 32 08 | 04
#0763-d189 @A: 09 19 29 31 | 08
#0764-d189 @A: 18 21 15 29 | 10
#0765-d189 @A: 29 14 12 30 | 11
#0766-d189 @A: 11 04 29 25 | 03
#0767-d189 @A: 04 29 16 20 | 06
#0768-d189 @A: 29 35 23 04 | 09
#0769-d189 @A: 26 29 25 32 | 12
#0770-d189 @A: 23 18 29 01 | 02
#0771-d189 @A: 30 29 20 01 | 05
#0772-d189 @A: 26 33 09 22 | 01
#0773-d189 @A: 33 30 17 24 | 07
#0774-d189 @A: 27 33 17 12 | 04
#0775-d189 @A: 33 08 19 15 | 08
#0776-d189 @A: 15 33 27 16 | 10
#0777-d189 @A: 02 16 26 33 | 11
#0778-d189 @A: 04 33 03 25 | 03
#0779-d189 @A: 03 21 33 14 | 06
#0780-d189 @A: 10 22 21 32 | 09
#0781-d189 @A: 15 10 09 08 | 12
#0782-d189 @A: 24 10 35 31 | 02
#0783-d189 @A: 07 31 16 10 | 05
#0784-d189 @A: 02 07 20 10 | 01
#0785-d189 @A: 10 25 11 15 | 07
#0786-d189 @A: 03 35 10 16 | 04
#0787-d189 @A: 25 20 04 10 | 08
#0788-d189 @A: 10 23 32 20 | 10
#0789-d189 @A: 17 26 22 11 | 11
#0790-d189 @A: 07 27 34 22 | 03
#0791-d189 @A: 22 09 25 24 | 06
#0792-d189 @A: 23 07 21 22 | 09
#0793-d189 @A: 18 23 16 22 | 12
#0794-d189 @A: 17 08 23 14 | 02
#0795-d189 @A: 17 25 15 27 | 05
#0796-d189 @A: 27 17 19 20 | 01
#0797-d189 @A: 11 12 19 17 | 07
#0798-d189 @A: 17 30 16 04 | 04
#0799-d189 @A: 04 21 26 17 | 08
#0800-d189 @A: 19 24 08 34 | 10
#0801-d189 @A: 23 34 11 08 | 11
#0802-d189 @A: 34 15 24 01 | 03
#0803-d189 @A: 27 34 02 12 | 06
#0804-d189 @A: 27 34 18 15 | 09
#0805-d189 @A: 31 30 34 15 | 12
#0806-d189 @A: 30 12 26 34 | 02
#0807-d189 @A: 32 03 16 34 | 05
#0808-d189 @A: 04 34 26 01 | 01
#0809-d189 @A: 32 18 19 34 | 07
#0810-d189 @A: 07 08 23 24 | 04
#0811-d189 @A: 31 08 07 04 | 08
#0812-d189 @A: 08 31 09 35 | 10
#0813-d189 @A: 04 26 08 12 | 11
#0814-d189 @A: 11 04 19 08 | 03
#0815-d189 @A: 30 11 03 08 | 06
#0816-d189 @A: 01 08 11 20 | 09
#0817-d189 @A: 14 24 02 01 | 12
#0818-d189 @A: 24 21 12 19 | 02
#0819-d189 @A: 30 26 04 24 | 05
#0820-d189 @A: 24 04 18 32 | 01
#0821-d189 @A: 30 14 24 20 | 07
#0822-d189 @A: 07 09 30 27 | 04
#0823-d189 @A: 27 04 15 21 | 08
#0824-d189 @A: 14 11 23 27 | 10
#0825-d189 @A: 26 27 30 16 | 11
#0826-d189 @A: 07 19 16 12 | 03
#0827-d189 @A: 21 16 07 26 | 06
#0828-d189 @A: 03 07 23 32 | 09
#0829-d189 @A: 02 16 31 15 | 12
#0830-d189 @A: 11 03 31 23 | 02
#0831-d189 @A: 21 19 11 31 | 05
#0832-d189 @A: 04 35 31 30 | 01
#0833-d189 @A: 18 31 35 25 | 07
#0834-d189 @A: 03 20 32 31 | 04
#0835-d189 @A: 35 03 11 02 | 08
#0836-d189 @A: 19 02 25 11 | 10
#0837-d189 @A: 02 21 04 20 | 11
#0838-d189 @A: 26 19 21 02 | 03
#0839-d189 @A: 23 21 25 02 | 06
#0840-d189 @A: 23 19 02 20 | 09
#0841-d189 @A: 18 09 15 01 | 12
#0842-d189 @A: 19 15 20 11 | 02
#0843-d189 @A: 25 15 16 03 | 05
#0844-d189 @A: 15 01 03 04 | 01
#0845-d189 @A: 15 26 23 21 | 07
#0846-d189 @A: 09 32 20 35 | 04
#0847-d189 @A: 19 09 03 01 | 08
#0848-d189 @A: 25 01 21 11 | 10
#0849-d189 @A: 23 21 20 16 | 11
#0850-d189 @A: 10 05 06 11 | 03
#0851-d189 @A: 13 02 35 06 | 06
#0852-d189 @A: 28 02 01 06 | 09
#0853-d189 @A: 06 29 18 35 | 12
#0854-d189 @A: 16 18 10 06 | 02
#0855-d189 @A: 32 06 22 15 | 05
#0856-d189 @A: 09 06 22 04 | 01
#0857-d189 @A: 12 17 06 30 | 07
#0858-d189 @A: 19 08 02 06 | 04
#0859-d189 @A: 19 06 31 07 | 08
#0860-d189 @A: 06 07 09 18 | 10
#0861-d189 @A: 06 11 16 14 | 11
#0862-d189 @A: 06 25 11 03 | 03
#0863-d189 @A: 04 06 30 23 | 06
#0864-d189 @A: 01 30 06 18 | 09
#0865-d189 @A: 29 13 11 05 | 12
#0866-d189 @A: 05 10 01 13 | 02
#0867-d189 @A: 28 33 27 05 | 05
#0868-d189 @A: 05 28 19 09 | 01
#0869-d189 @A: 10 05 29 35 | 07
#0870-d189 @A: 05 17 10 24 | 04
#0871-d189 @A: 25 17 05 22 | 08
#0872-d189 @A: 22 21 24 05 | 10
#0873-d189 @A: 17 32 14 05 | 11
#0874-d189 @A: 03 27 34 05 | 03
#0875-d189 @A: 30 05 27 20 | 06
#0876-d189 @A: 05 07 09 04 | 09
#0877-d189 @A: 20 05 21 31 | 12
#0878-d189 @A: 26 02 05 15 | 02
#0879-d189 @A: 16 05 12 14 | 05
#0880-d189 @A: 03 32 05 30 | 01
#0881-d189 @A: 29 22 26 13 | 07
#0882-d189 @A: 20 13 12 29 | 04
#0883-d189 @A: 22 03 13 19 | 08
#0884-d189 @A: 30 17 31 13 | 10
#0885-d189 @A: 19 13 02 34 | 11
#0886-d189 @A: 24 18 13 15 | 03
#0887-d189 @A: 35 09 13 24 | 06
#0888-d189 @A: 13 02 07 04 | 09
#0889-d189 @A: 30 26 13 07 | 12
#0890-d189 @A: 04 15 13 31 | 02
#0891-d189 @A: 23 13 19 12 | 05
#0892-d189 @A: 35 13 30 18 | 01
#0893-d189 @A: 14 25 13 30 | 07
#0894-d189 @A: 28 08 12 29 | 04
#0895-d189 @A: 28 04 33 10 | 08
#0896-d189 @A: 33 15 28 18 | 10
#0897-d189 @A: 03 28 09 33 | 11
#0898-d189 @A: 28 34 35 10 | 03
#0899-d189 @A: 28 02 10 11 | 06
#0900-d189 @A: 01 09 28 10 | 09
#0901-d189 @A: 10 14 03 28 | 12
#0902-d189 @A: 28 08 22 21 | 02
#0903-d189 @A: 32 28 22 09 | 05
#0904-d189 @A: 28 17 26 31 | 01
#0905-d189 @A: 28 16 17 02 | 07
#0906-d189 @A: 08 34 28 25 | 04
#0907-d189 @A: 26 34 15 28 | 08
#0908-d189 @A: 01 07 28 08 | 10
#0909-d189 @A: 14 28 07 11 | 11
#0910-d189 @A: 07 19 28 18 | 03
#0911-d189 @A: 14 28 21 07 | 06
#0912-d189 @A: 28 19 32 04 | 09
#0913-d189 @A: 32 14 28 20 | 12
#0914-d189 @A: 04 29 08 33 | 02
#0915-d189 @A: 20 17 15 29 | 05
#0916-d189 @A: 16 17 11 29 | 01
#0917-d189 @A: 07 25 30 29 | 07
#0918-d189 @A: 15 26 04 29 | 04
#0919-d189 @A: 21 09 26 29 | 08
#0920-d189 @A: 16 12 29 01 | 10
#0921-d189 @A: 11 18 29 21 | 11
#0922-d189 @A: 11 33 10 22 | 03
#0923-d189 @A: 27 10 30 33 | 06
#0924-d189 @A: 01 10 33 03 | 09
#0925-d189 @A: 34 33 27 19 | 12
#0926-d189 @A: 33 30 34 02 | 02
#0927-d189 @A: 24 33 19 07 | 05
#0928-d189 @A: 11 04 18 33 | 01
#0929-d189 @A: 26 11 33 30 | 07
#0930-d189 @A: 33 18 16 30 | 04
#0931-d189 @A: 33 20 30 04 | 08
#0932-d189 @A: 32 10 27 17 | 10
#0933-d189 @A: 15 10 32 24 | 11
#0934-d189 @A: 12 10 16 24 | 03
#0935-d189 @A: 16 10 30 21 | 06
#0936-d189 @A: 35 10 26 01 | 09
#0937-d189 @A: 17 22 01 02 | 12
#0938-d189 @A: 17 22 09 23 | 02
#0939-d189 @A: 25 07 22 26 | 05
#0940-d189 @A: 32 22 03 04 | 01
#0941-d189 @A: 27 35 21 17 | 07
#0942-d189 @A: 15 17 30 35 | 04
#0943-d189 @A: 25 30 17 11 | 08
#0944-d189 @A: 26 20 17 25 | 10
#0945-d189 @A: 18 17 19 03 | 11
#0946-d189 @A: 19 21 30 17 | 03
#0947-d189 @A: 31 12 34 32 | 06
#0948-d189 @A: 16 12 34 11 | 09
#0949-d189 @A: 34 11 14 03 | 12
#0950-d189 @A: 34 04 35 32 | 02
#0951-d189 @A: 34 14 35 30 | 05
#0952-d189 @A: 07 08 25 02 | 01
#0953-d189 @A: 02 18 11 08 | 07
#0954-d189 @A: 20 03 35 08 | 04
#0955-d189 @A: 19 01 08 23 | 08
#0956-d189 @A: 07 14 09 24 | 10
#0957-d189 @A: 02 20 24 15 | 11
#0958-d189 @A: 24 12 19 03 | 03
#0959-d189 @A: 19 04 20 24 | 06
#0960-d189 @A: 21 24 32 18 | 09
#0961-d189 @A: 19 23 14 24 | 12
#0962-d189 @A: 09 18 27 31 | 02
#0963-d189 @A: 27 30 23 35 | 05
#0964-d189 @A: 14 20 18 27 | 01
#0965-d189 @A: 03 30 01 27 | 07
#0966-d189 @A: 21 27 23 03 | 04
#0967-d189 @A: 18 04 07 20 | 08
#0968-d189 @A: 31 35 12 23 | 10
#0969-d189 @A: 31 04 26 16 | 11
#0970-d189 @A: 35 16 31 32 | 03
#0971-d189 @A: 16 31 03 21 | 06
#0972-d189 @A: 25 04 14 31 | 09
#0973-d189 @A: 26 20 31 01 | 12
#0974-d189 @A: 19 12 09 02 | 02
#0975-d189 @A: 02 03 14 12 | 05
#0976-d189 @A: 02 04 23 25 | 01
#0977-d189 @A: 02 03 04 20 | 07
#0978-d189 @A: 15 26 14 09 | 04
#0979-d189 @A: 19 15 35 09 | 08
#0980-d189 @A: 21 12 20 14 | 10
#0981-d189 @A: 01 21 32 04 | 11
#0982-d189 @A: 05 06 23 29 | 03
#0983-d189 @A: 24 08 06 05 | 06
#0984-d189 @A: 21 20 06 13 | 09
#0985-d189 @A: 34 33 11 06 | 12
#0986-d189 @A: 10 17 25 06 | 02
#0987-d189 @A: 06 10 21 24 | 05
#0988-d189 @A: 07 06 35 10 | 01
#0989-d189 @A: 22 34 12 06 | 07
#0990-d189 @A: 17 08 32 06 | 04
#0991-d189 @A: 02 06 17 24 | 08
#0992-d189 @A: 06 20 14 08 | 10
#0993-d189 @A: 06 15 07 03 | 11
#0994-d189 @A: 20 06 02 25 | 03
#0995-d189 @A: 09 06 11 12 | 06
#0996-d189 @A: 35 25 12 06 | 09
#0997-d189 @A: 14 06 21 04 | 12
#0998-d189 @A: 25 19 06 14 | 02
#0999-d189 @A: 12 28 05 13 | 05
#1000-d189 @A: 26 13 05 27 | 01
#1001-d189 @A: 29 31 05 14 | 07
#1002-d189 @A: 05 29 15 18 | 04
#1003-d189 @A: 05 33 34 31 | 08
#1004-d189 @A: 22 05 10 03 | 10
#1005-d189 @A: 05 10 20 31 | 11
#1006-d189 @A: 34 26 17 05 | 03
#1007-d189 @A: 17 05 09 12 | 06
#1008-d189 @A: 05 07 02 34 | 09
#1009-d189 @A: 01 05 24 20 | 12
#1010-d189 @A: 07 27 11 05 | 02
#1011-d189 @A: 27 05 21 18 | 05
#1012-d189 @A: 05 31 09 26 | 01
#1013-d189 @A: 25 35 32 05 | 07
#1014-d189 @A: 19 05 35 03 | 04
#1015-d189 @A: 28 14 33 13 | 08
#1016-d189 @A: 13 22 28 18 | 10
#1017-d189 @A: 19 13 33 31 | 11
#1018-d189 @A: 13 25 33 02 | 03
#1019-d189 @A: 31 18 10 13 | 06
#1020-d189 @A: 22 13 17 20 | 09
#1021-d189 @A: 22 13 31 07 | 12
#1022-d189 @A: 22 25 12 13 | 02
#1023-d189 @A: 27 04 17 13 | 05
#1024-d189 @A: 32 34 13 09 | 01
#1025-d189 @A: 08 12 13 21 | 07
#1026-d189 @A: 27 26 21 13 | 04
#1027-d189 @A: 27 13 19 30 | 08
#1028-d189 @A: 02 01 15 13 | 10
#1029-d189 @A: 12 11 14 13 | 11
#1030-d189 @A: 18 13 04 01 | 03
#1031-d189 @A: 28 17 19 33 | 06
#1032-d189 @A: 28 08 33 30 | 09
#1033-d189 @A: 19 08 10 28 | 12
#1034-d189 @A: 10 21 02 28 | 02
#1035-d189 @A: 22 31 20 28 | 05
#1036-d189 @A: 28 22 35 12 | 01
#1037-d189 @A: 28 17 32 15 | 07
#1038-d189 @A: 23 24 09 28 | 04
#1039-d189 @A: 27 28 30 32 | 08
#1040-d189 @A: 28 11 23 32 | 10
#1041-d189 @A: 28 01 18 16 | 11
#1042-d189 @A: 20 28 32 21 | 03
#1043-d189 @A: 30 18 29 10 | 06
#1044-d189 @A: 27 22 31 29 | 09
#1045-d189 @A: 17 29 23 31 | 12
#1046-d189 @A: 31 34 20 29 | 02
#1047-d189 @A: 20 27 25 29 | 05
#1048-d189 @A: 04 32 12 29 | 01
#1049-d189 @A: 25 19 16 29 | 07
#1050-d189 @A: 29 18 04 19 | 04
#1051-d189 @A: 30 26 29 35 | 08
#1052-d189 @A: 01 14 29 21 | 10
#1053-d189 @A: 17 20 33 21 | 11
#1054-d189 @A: 33 31 01 11 | 03
#1055-d189 @A: 31 21 18 33 | 06
#1056-d189 @A: 25 16 33 12 | 09
#1057-d189 @A: 03 19 33 11 | 12
#1058-d189 @A: 32 33 03 35 | 02
#1059-d189 @A: 23 33 25 14 | 05
#1060-d189 @A: 08 22 10 14 | 01
#1061-d189 @A: 31 12 10 17 | 07
#1062-d189 @A: 10 15 16 17 | 04
#1063-d189 @A: 04 18 10 17 | 08
#1064-d189 @A: 23 17 26 10 | 10
#1065-d189 @A: 04 10 09 34 | 11
#1066-d189 @A: 07 24 30 10 | 03
#1067-d189 @A: 01 27 10 02 | 06
#1068-d189 @A: 10 04 02 31 | 09
#1069-d189 @A: 10 25 09 35 | 12
#1070-d189 @A: 14 18 10 11 | 02
#1071-d189 @A: 25 16 10 23 | 05
#1072-d189 @A: 04 10 30 01 | 01
#1073-d189 @A: 10 35 14 23 | 07
#1074-d189 @A: 23 03 10 18 | 04
#1075-d189 @A: 30 17 22 34 | 08
#1076-d189 @A: 24 22 34 35 | 10
#1077-d189 @A: 34 04 25 22 | 11
#1078-d189 @A: 12 31 22 09 | 03
#1079-d189 @A: 20 22 18 09 | 06
#1080-d189 @A: 30 01 22 12 | 09
#1081-d189 @A: 14 11 22 25 | 12
#1082-d189 @A: 35 16 22 30 | 02
#1083-d189 @A: 32 25 22 18 | 05
#1084-d189 @A: 17 24 34 20 | 01
#1085-d189 @A: 17 27 01 24 | 07
#1086-d189 @A: 23 17 15 24 | 04
#1087-d189 @A: 17 25 24 04 | 08
#1088-d189 @A: 26 02 17 27 | 10
#1089-d189 @A: 09 14 21 17 | 11
#1090-d189 @A: 14 35 17 11 | 03
#1091-d189 @A: 17 26 03 04 | 06
#1092-d189 @A: 14 18 17 30 | 09
#1093-d189 @A: 15 34 20 08 | 12
#1094-d189 @A: 24 31 04 34 | 02
#1095-d189 @A: 31 09 34 03 | 05
#1096-d189 @A: 09 02 20 34 | 01
#1097-d189 @A: 16 21 35 34 | 07
#1098-d189 @A: 26 34 23 20 | 04
#1099-d189 @A: 25 14 34 32 | 08
#1100-d189 @A: 20 24 08 31 | 10
#1101-d189 @A: 24 08 32 02 | 11
#1102-d189 @A: 07 18 35 08 | 03
#1103-d189 @A: 02 21 08 31 | 06
#1104-d189 @A: 08 35 26 21 | 09
#1105-d189 @A: 01 03 08 26 | 12
#1106-d189 @A: 08 20 30 18 | 02
#1107-d189 @A: 21 08 19 23 | 05
#1108-d189 @A: 04 24 12 07 | 01
#1109-d189 @A: 26 01 32 24 | 07
#1110-d189 @A: 35 14 24 18 | 04
#1111-d189 @A: 35 27 07 04 | 08
#1112-d189 @A: 30 27 15 02 | 10
#1113-d189 @A: 14 09 27 02 | 11
#1114-d189 @A: 02 26 09 07 | 03
#1115-d189 @A: 18 07 03 02 | 06
#1116-d189 @A: 07 03 26 35 | 09
#1117-d189 @A: 07 35 01 21 | 12
#1118-d189 @A: 07 25 32 20 | 02
#1119-d189 @A: 07 03 01 14 | 05
#1120-d189 @A: 20 19 35 31 | 01
#1121-d189 @A: 12 25 02 26 | 07
#1122-d189 @A: 14 11 20 02 | 04
#1123-d189 @A: 25 21 02 16 | 08
#1124-d189 @A: 02 32 25 03 | 10
#1125-d189 @A: 21 12 15 11 | 11
#1126-d189 @A: 18 12 32 15 | 03
#1127-d189 @A: 12 20 15 03 | 06
#1128-d189 @A: 15 30 23 11 | 09
#1129-d189 @A: 11 21 30 09 | 12
#1130-d189 @A: 14 01 09 35 | 02
#1131-d189 @A: 18 21 25 26 | 05
#1132-d189 @A: 07 06 05 26 | 01
#1133-d189 @A: 05 16 32 06 | 07
#1134-d189 @A: 06 10 13 22 | 04
#1135-d189 @A: 14 13 06 07 | 08
#1136-d189 @A: 06 13 12 31 | 10
#1137-d189 @A: 06 15 14 28 | 11
#1138-d189 @A: 06 10 33 02 | 03
#1139-d189 @A: 03 06 16 33 | 06
#1140-d189 @A: 22 07 06 11 | 09
#1141-d189 @A: 31 01 22 06 | 12
#1142-d189 @A: 17 06 35 34 | 02
#1143-d189 @A: 31 06 34 08 | 05
#1144-d189 @A: 18 34 06 24 | 01
#1145-d189 @A: 34 04 06 21 | 07
#1146-d189 @A: 35 20 06 24 | 04
#1147-d189 @A: 31 25 16 06 | 08
#1148-d189 @A: 02 21 03 06 | 10
#1149-d189 @A: 11 06 23 26 | 11
#1150-d189 @A: 04 26 06 32 | 03
#1151-d189 @A: 06 30 14 26 | 06
#1152-d189 @A: 05 13 24 14 | 09
#1153-d189 @A: 10 05 32 28 | 12
#1154-d189 @A: 05 28 24 26 | 02
#1155-d189 @A: 05 28 31 23 | 05
#1156-d189 @A: 04 15 10 05 | 01
#1157-d189 @A: 03 05 21 10 | 07
#1158-d189 @A: 08 34 14 05 | 04
#1159-d189 @A: 05 09 34 23 | 08
#1160-d189 @A: 18 32 05 07 | 10
#1161-d189 @A: 02 18 04 05 | 11
#1162-d189 @A: 14 02 23 05 | 03
#1163-d189 @A: 05 11 19 32 | 06
#1164-d189 @A: 01 05 11 23 | 09
#1165-d189 @A: 03 26 05 16 | 12
#1166-d189 @A: 26 20 35 05 | 02
#1167-d189 @A: 25 19 28 13 | 05
#1168-d189 @A: 29 19 13 08 | 01
#1169-d189 @A: 33 08 13 03 | 07
#1170-d189 @A: 09 10 26 13 | 04
#1171-d189 @A: 13 31 17 21 | 08
#1172-d189 @A: 13 08 24 25 | 10
#1173-d189 @A: 13 09 27 25 | 11
#1174-d189 @A: 11 13 23 35 | 03
#1175-d189 @A: 16 18 20 13 | 06
#1176-d189 @A: 13 26 20 04 | 09
#1177-d189 @A: 35 20 13 14 | 12
#1178-d189 @A: 14 13 03 32 | 02
#1179-d189 @A: 01 13 23 20 | 05
#1180-d189 @A: 29 28 24 01 | 01
#1181-d189 @A: 28 09 25 29 | 07
#1182-d189 @A: 03 23 28 29 | 04
#1183-d189 @A: 32 28 33 02 | 08
#1184-d189 @A: 08 17 27 28 | 10
#1185-d189 @A: 28 24 19 31 | 11
#1186-d189 @A: 25 27 28 03 | 03
#1187-d189 @A: 16 28 15 07 | 06
#1188-d189 @A: 28 16 35 19 | 09
#1189-d189 @A: 28 19 14 30 | 12
#1190-d189 @A: 03 19 20 28 | 02
#1191-d189 @A: 17 33 29 26 | 05
#1192-d189 @A: 12 29 17 24 | 01
#1193-d189 @A: 27 29 17 30 | 07
#1194-d189 @A: 24 29 32 34 | 04
#1195-d189 @A: 19 29 30 34 | 08
#1196-d189 @A: 02 20 29 08 | 10
#1197-d189 @A: 25 29 24 23 | 11
#1198-d189 @A: 29 27 07 01 | 03
#1199-d189 @A: 27 02 11 29 | 06
#1200-d189 @A: 27 15 03 29 | 09
#1201-d189 @A: 35 20 29 11 | 12
#1202-d189 @A: 11 01 29 19 | 02
#1203-d189 @A: 14 03 29 25 | 05
#1204-d189 @A: 33 14 07 10 | 01
#1205-d189 @A: 33 18 10 12 | 07
#1206-d189 @A: 22 20 33 02 | 04
#1207-d189 @A: 17 31 33 25 | 08
#1208-d189 @A: 34 01 33 09 | 10
#1209-d189 @A: 20 08 33 12 | 11
#1210-d189 @A: 33 24 23 04 | 03
#1211-d189 @A: 09 11 33 27 | 06
#1212-d189 @A: 33 07 31 30 | 09
#1213-d189 @A: 07 02 01 33 | 12
#1214-d189 @A: 30 12 21 33 | 02
#1215-d189 @A: 19 16 33 04 | 05
#1216-d189 @A: 26 23 03 33 | 01
#1217-d189 @A: 20 33 35 23 | 07
#1218-d189 @A: 14 03 18 33 | 04
#1219-d189 @A: 22 10 24 01 | 08
#1220-d189 @A: 27 34 25 10 | 10
#1221-d189 @A: 31 10 34 26 | 11
#1222-d189 @A: 19 34 10 15 | 03
#1223-d189 @A: 11 10 08 07 | 06
#1224-d189 @A: 24 23 27 10 | 09
#1225-d189 @A: 09 31 21 10 | 12
#1226-d189 @A: 35 10 15 02 | 02
#1227-d189 @A: 12 20 14 10 | 05
#1228-d189 @A: 18 10 21 20 | 01
#1229-d189 @A: 19 15 22 17 | 07
#1230-d189 @A: 22 32 02 27 | 04
#1231-d189 @A: 27 03 22 12 | 08
#1232-d189 @A: 22 27 18 01 | 10
#1233-d189 @A: 31 19 22 16 | 11
#1234-d189 @A: 14 15 22 18 | 03
#1235-d189 @A: 11 22 01 03 | 06
#1236-d189 @A: 18 35 22 19 | 09
#1237-d189 @A: 22 32 30 20 | 12
#1238-d189 @A: 07 09 17 25 | 02
#1239-d189 @A: 01 31 09 17 | 05
#1240-d189 @A: 17 23 03 16 | 01
#1241-d189 @A: 11 27 34 04 | 07
#1242-d189 @A: 35 31 11 34 | 04
#1243-d189 @A: 02 18 21 34 | 08
#1244-d189 @A: 12 20 34 25 | 10
#1245-d189 @A: 14 34 01 21 | 11
#1246-d189 @A: 08 09 01 24 | 03
#1247-d189 @A: 24 14 12 08 | 06
#1248-d189 @A: 08 01 15 31 | 09
#1249-d189 @A: 31 08 11 16 | 12
#1250-d189 @A: 18 08 25 26 | 02
#1251-d189 @A: 14 08 26 32 | 05
#1252-d189 @A: 21 14 27 24 | 01
#1253-d189 @A: 16 15 24 21 | 07
#1254-d189 @A: 24 25 12 11 | 04
#1255-d189 @A: 24 11 19 35 | 08
#1256-d189 @A: 01 18 11 24 | 10
#1257-d189 @A: 11 30 32 24 | 11
#1258-d189 @A: 24 03 04 16 | 03
#1259-d189 @A: 21 35 24 30 | 06
#1260-d189 @A: 18 25 24 30 | 09
#1261-d189 @A: 27 16 12 31 | 12
#1262-d189 @A: 01 27 04 20 | 02
#1263-d189 @A: 26 18 23 27 | 05
#1264-d189 @A: 18 25 27 19 | 01
#1265-d189 @A: 07 02 12 31 | 07
#1266-d189 @A: 03 31 25 07 | 04
#1267-d189 @A: 11 07 12 26 | 08
#1268-d189 @A: 04 14 07 16 | 10
#1269-d189 @A: 07 30 21 20 | 11
#1270-d189 @A: 15 20 31 18 | 03
#1271-d189 @A: 31 35 21 32 | 06
#1272-d189 @A: 31 30 18 32 | 09
#1273-d189 @A: 32 12 02 35 | 12
#1274-d189 @A: 15 26 23 32 | 02
#1275-d189 @A: 30 25 01 15 | 05
#1276-d189 @A: 32 04 09 14 | 01
#1277-d189 @A: 09 30 20 25 | 07
#1278-d189 @A: 03 18 09 21 | 04
#1279-d189 @A: 35 23 12 21 | 08
#1280-d189 @A: 19 21 14 25 | 10
#1281-d189 @A: 05 15 06 20 | 11
#1282-d189 @A: 06 20 13 32 | 03
#1283-d189 @A: 06 29 28 32 | 06
#1284-d189 @A: 20 06 28 17 | 09
#1285-d189 @A: 21 27 06 29 | 12
#1286-d189 @A: 06 23 10 09 | 02
#1287-d189 @A: 02 34 14 06 | 05
#1288-d189 @A: 08 06 07 30 | 01
#1289-d189 @A: 08 23 06 18 | 07
#1290-d189 @A: 27 06 24 32 | 04
#1291-d189 @A: 24 31 23 06 | 08
#1292-d189 @A: 06 02 04 27 | 10
#1293-d189 @A: 15 21 06 31 | 11
#1294-d189 @A: 13 08 23 05 | 03
#1295-d189 @A: 15 32 13 05 | 06
#1296-d189 @A: 21 05 35 28 | 09
#1297-d189 @A: 01 29 05 17 | 12
#1298-d189 @A: 26 05 29 08 | 02
#1299-d189 @A: 07 05 23 10 | 05
#1300-d189 @A: 05 16 15 22 | 01
#1301-d189 @A: 32 31 24 05 | 07
#1302-d189 @A: 24 03 05 11 | 04
#1303-d189 @A: 02 31 05 35 | 08
#1304-d189 @A: 31 15 19 05 | 10
#1305-d189 @A: 12 05 26 23 | 11
#1306-d189 @A: 16 05 18 19 | 03
#1307-d189 @A: 05 23 04 32 | 06
#1308-d189 @A: 28 17 13 03 | 09
#1309-d189 @A: 27 13 29 34 | 12
#1310-d189 @A: 29 15 13 14 | 02
#1311-d189 @A: 29 04 09 13 | 05
#1312-d189 @A: 13 34 22 14 | 01
#1313-d189 @A: 13 14 17 02 | 07
#1314-d189 @A: 13 34 11 20 | 04
#1315-d189 @A: 32 07 13 08 | 08
#1316-d189 @A: 24 13 19 26 | 10
#1317-d189 @A: 09 21 13 07 | 11
#1318-d189 @A: 02 13 01 21 | 03
#1319-d189 @A: 15 09 21 13 | 06
#1320-d189 @A: 23 16 15 13 | 09
#1321-d189 @A: 18 32 23 13 | 12
#1322-d189 @A: 31 21 29 28 | 02
#1323-d189 @A: 24 28 10 20 | 05
#1324-d189 @A: 03 28 24 34 | 01
#1325-d189 @A: 16 28 27 24 | 07
#1326-d189 @A: 14 02 25 28 | 04
#1327-d189 @A: 28 25 12 18 | 08
#1328-d189 @A: 28 14 16 23 | 10
#1329-d189 @A: 35 26 18 28 | 11
#1330-d189 @A: 23 18 21 28 | 03
#1331-d189 @A: 33 23 29 09 | 06
#1332-d189 @A: 16 22 29 03 | 09
#1333-d189 @A: 29 24 27 18 | 12
#1334-d189 @A: 24 29 19 15 | 02
#1335-d189 @A: 15 31 29 32 | 05
#1336-d189 @A: 29 11 23 12 | 01
#1337-d189 @A: 26 19 29 12 | 07
#1338-d189 @A: 30 04 03 29 | 04
#1339-d189 @A: 03 29 01 32 | 08
#1340-d189 @A: 35 17 33 10 | 10
#1341-d189 @A: 08 02 17 33 | 11
#1342-d189 @A: 34 33 21 11 | 03
#1343-d189 @A: 33 09 08 25 | 06
#1344-d189 @A: 33 27 07 26 | 09
#1345-d189 @A: 15 02 33 09 | 12
#1346-d189 @A: 33 19 32 12 | 02
#1347-d189 @A: 25 33 18 20 | 05
#1348-d189 @A: 30 33 32 14 | 01
#1349-d189 @A: 10 16 22 09 | 07
#1350-d189 @A: 08 34 18 10 | 04
#1351-d189 @A: 34 02 10 16 | 08
#1352-d189 @A: 07 15 10 18 | 10
#1353-d189 @A: 19 10 01 31 | 11
#1354-d189 @A: 30 32 12 10 | 03
#1355-d189 @A: 19 23 11 10 | 06
#1356-d189 @A: 30 35 19 10 | 09
#1357-d189 @A: 03 30 10 25 | 12
#1358-d189 @A: 22 17 24 18 | 02
#1359-d189 @A: 08 34 22 16 | 05
#1360-d189 @A: 22 24 03 31 | 01
#1361-d189 @A: 07 22 19 02 | 07
#1362-d189 @A: 30 04 07 22 | 04
#1363-d189 @A: 26 31 35 22 | 08
#1364-d189 @A: 11 21 02 22 | 10
#1365-d189 @A: 02 25 22 16 | 11
#1366-d189 @A: 35 22 32 01 | 03
#1367-d189 @A: 20 01 14 22 | 06
#1368-d189 @A: 23 34 27 17 | 09
#1369-d189 @A: 03 24 08 17 | 12
#1370-d189 @A: 17 24 21 02 | 02
#1371-d189 @A: 24 17 09 26 | 05
#1372-d189 @A: 18 07 17 27 | 01
#1373-d189 @A: 27 09 17 16 | 07
#1374-d189 @A: 02 07 17 23 | 04
#1375-d189 @A: 17 14 15 07 | 08
#1376-d189 @A: 17 12 32 25 | 10
#1377-d189 @A: 32 17 11 03 | 11
#1378-d189 @A: 17 23 35 01 | 03
#1379-d189 @A: 23 17 20 30 | 06
#1380-d189 @A: 24 34 26 07 | 09
#1381-d189 @A: 03 12 34 07 | 12
#1382-d189 @A: 15 02 03 34 | 02
#1383-d189 @A: 34 26 25 03 | 05
#1384-d189 @A: 34 26 21 30 | 01
#1385-d189 @A: 21 27 25 08 | 07
#1386-d189 @A: 09 08 12 07 | 04
#1387-d189 @A: 08 18 03 04 | 08
#1388-d189 @A: 23 30 26 08 | 10
#1389-d189 @A: 09 21 25 24 | 11
#1390-d189 @A: 04 14 24 11 | 03
#1391-d189 @A: 24 20 16 25 | 06
#1392-d189 @A: 24 35 04 01 | 09
#1393-d189 @A: 32 35 24 23 | 12
#1394-d189 @A: 01 11 27 12 | 02
#1395-d189 @A: 14 12 35 27 | 05
#1396-d189 @A: 27 11 26 19 | 01
#1397-d189 @A: 01 14 16 27 | 07
#1398-d189 @A: 27 04 26 14 | 04
#1399-d189 @A: 30 04 27 25 | 08
#1400-d189 @A: 19 23 32 27 | 10
#1401-d189 @A: 31 09 15 07 | 11
#1402-d189 @A: 25 12 01 07 | 03
#1403-d189 @A: 07 21 35 11 | 06
#1404-d189 @A: 35 30 01 07 | 09
#1405-d189 @A: 09 31 04 20 | 12
#1406-d189 @A: 23 31 16 01 | 02
#1407-d189 @A: 04 01 31 32 | 05
#1408-d189 @A: 11 30 12 02 | 01
#1409-d189 @A: 12 18 02 20 | 07
#1410-d189 @A: 32 02 04 30 | 04
#1411-d189 @A: 20 32 02 26 | 08
#1412-d189 @A: 02 35 25 30 | 10
#1413-d189 @A: 11 04 32 15 | 11
#1414-d189 @A: 16 15 19 01 | 03
#1415-d189 @A: 19 25 15 26 | 06
#1416-d189 @A: 15 35 14 32 | 09
#1417-d189 @A: 20 25 14 15 | 12
#1418-d189 @A: 16 09 01 30 | 02
#1419-d189 @A: 12 21 20 26 | 05
#1420-d189 @A: 06 22 18 05 | 01
#1421-d189 @A: 06 05 14 09 | 07
#1422-d189 @A: 11 28 06 13 | 04
#1423-d189 @A: 06 34 13 26 | 08
#1424-d189 @A: 27 29 06 12 | 10
#1425-d189 @A: 29 03 06 09 | 11
#1426-d189 @A: 35 06 08 33 | 03
#1427-d189 @A: 24 06 33 12 | 06
#1428-d189 @A: 19 09 33 06 | 09
#1429-d189 @A: 19 22 06 24 | 12
#1430-d189 @A: 31 17 04 06 | 02
#1431-d189 @A: 15 08 04 06 | 05
#1432-d189 @A: 08 26 09 06 | 01
#1433-d189 @A: 27 14 06 03 | 07
#1434-d189 @A: 15 31 26 06 | 04
#1435-d189 @A: 31 09 32 06 | 08
#1436-d189 @A: 06 14 31 35 | 10
#1437-d189 @A: 23 06 02 03 | 11
#1438-d189 @A: 35 26 16 06 | 03
#1439-d189 @A: 19 06 04 01 | 06
#1440-d189 @A: 14 21 13 05 | 09
#1441-d189 @A: 28 05 15 01 | 12
#1442-d189 @A: 04 29 24 05 | 02
#1443-d189 @A: 05 29 27 19 | 05
#1444-d189 @A: 07 05 29 16 | 01
#1445-d189 @A: 05 19 21 29 | 07
#1446-d189 @A: 05 33 12 07 | 04
#1447-d189 @A: 05 02 10 08 | 08
#1448-d189 @A: 24 05 22 30 | 10
#1449-d189 @A: 17 21 05 25 | 11
#1450-d189 @A: 18 27 05 08 | 03
#1451-d189 @A: 04 27 31 05 | 06
#1452-d189 @A: 27 32 05 09 | 09
#1453-d189 @A: 30 31 05 16 | 12
#1454-d189 @A: 05 01 12 32 | 02
#1455-d189 @A: 30 11 35 05 | 05
#1456-d189 @A: 05 03 18 01 | 01
#1457-d189 @A: 29 01 33 13 | 07
#1458-d189 @A: 35 13 17 29 | 04
#1459-d189 @A: 33 15 13 20 | 08
#1460-d189 @A: 13 08 35 10 | 10
#1461-d189 @A: 03 15 13 10 | 11
#1462-d189 @A: 07 13 01 17 | 03
#1463-d189 @A: 13 07 16 34 | 06
#1464-d189 @A: 13 31 14 08 | 09
#1465-d189 @A: 13 08 26 11 | 12
#1466-d189 @A: 25 13 20 03 | 02
#1467-d189 @A: 21 13 32 30 | 05
#1468-d189 @A: 27 26 29 28 | 01
#1469-d189 @A: 08 26 22 28 | 07
#1470-d189 @A: 04 28 27 22 | 04
#1471-d189 @A: 23 17 25 28 | 08
#1472-d189 @A: 04 28 02 08 | 10
#1473-d189 @A: 30 28 31 01 | 11
#1474-d189 @A: 28 15 04 20 | 03
#1475-d189 @A: 28 21 15 19 | 06
#1476-d189 @A: 16 03 12 28 | 09
#1477-d189 @A: 01 23 28 04 | 12
#1478-d189 @A: 18 23 28 20 | 02
#1479-d189 @A: 24 26 10 29 | 05
#1480-d189 @A: 29 14 10 02 | 01
#1481-d189 @A: 29 04 22 17 | 07
#1482-d189 @A: 22 09 29 14 | 04
#1483-d189 @A: 34 35 29 12 | 08
#1484-d189 @A: 07 08 29 14 | 10
#1485-d189 @A: 29 08 16 09 | 11
#1486-d189 @A: 07 35 29 32 | 03
#1487-d189 @A: 29 02 15 25 | 06
#1488-d189 @A: 09 29 02 18 | 09
#1489-d189 @A: 29 26 09 01 | 12
#1490-d189 @A: 29 25 35 01 | 02
#1491-d189 @A: 08 22 33 18 | 05
#1492-d189 @A: 33 22 12 15 | 01
#1493-d189 @A: 07 03 33 17 | 07
#1494-d189 @A: 15 01 33 17 | 04
#1495-d189 @A: 34 33 12 04 | 08
#1496-d189 @A: 07 09 33 32 | 10
#1497-d189 @A: 26 12 33 31 | 11
#1498-d189 @A: 35 33 25 15 | 03
#1499-d189 @A: 33 35 16 14 | 06
#1500-d189 @A: 21 25 33 32 | 09
#1501-d189 @A: 23 01 33 30 | 12
#1502-d189 @A: 18 22 10 02 | 02
#1503-d189 @A: 26 10 22 12 | 05
#1504-d189 @A: 19 07 21 10 | 01
#1505-d189 @A: 02 10 32 09 | 07
#1506-d189 @A: 30 20 11 10 | 04
#1507-d189 @A: 35 04 21 10 | 08
#1508-d189 @A: 35 20 10 18 | 10
#1509-d189 @A: 22 32 31 17 | 11
#1510-d189 @A: 12 22 21 17 | 03
#1511-d189 @A: 22 03 34 21 | 06
#1512-d189 @A: 16 12 32 22 | 09
#1513-d189 @A: 11 22 04 35 | 12
#1514-d189 @A: 16 14 26 22 | 02
#1515-d189 @A: 03 22 25 23 | 05
#1516-d189 @A: 34 15 17 04 | 01
#1517-d189 @A: 19 31 08 17 | 07
#1518-d189 @A: 08 17 16 26 | 04
#1519-d189 @A: 17 07 19 26 | 08
#1520-d189 @A: 20 02 31 17 | 10
#1521-d189 @A: 17 35 26 32 | 11
#1522-d189 @A: 21 24 34 31 | 03
#1523-d189 @A: 27 34 35 20 | 06
#1524-d189 @A: 02 23 34 31 | 09
#1525-d189 @A: 15 34 16 14 | 12
#1526-d189 @A: 20 21 34 09 | 02
#1527-d189 @A: 34 01 16 35 | 05
#1528-d189 @A: 16 08 15 24 | 01
#1529-d189 @A: 14 27 30 08 | 07
#1530-d189 @A: 25 08 30 12 | 04
#1531-d189 @A: 08 32 04 20 | 08
#1532-d189 @A: 08 14 01 25 | 10
#1533-d189 @A: 08 19 03 25 | 11
#1534-d189 @A: 26 24 11 21 | 03
#1535-d189 @A: 16 30 23 24 | 06
#1536-d189 @A: 03 14 26 24 | 09
#1537-d189 @A: 01 26 15 27 | 12
#1538-d189 @A: 27 20 23 16 | 02
#1539-d189 @A: 27 35 01 19 | 05
#1540-d189 @A: 19 20 27 21 | 01
#1541-d189 @A: 31 32 07 11 | 07
#1542-d189 @A: 19 23 07 35 | 04
#1543-d189 @A: 31 12 18 19 | 08
#1544-d189 @A: 03 01 31 12 | 10
#1545-d189 @A: 20 31 11 25 | 11
#1546-d189 @A: 14 19 31 11 | 03
#1547-d189 @A: 31 23 04 21 | 06
#1548-d189 @A: 04 35 16 02 | 09
#1549-d189 @A: 35 18 23 02 | 12
#1550-d189 @A: 18 19 01 02 | 02
#1551-d189 @A: 15 23 09 20 | 05
#1552-d189 @A: 14 11 01 15 | 01
#1553-d189 @A: 30 25 15 21 | 07
#1554-d189 @A: 12 18 04 09 | 04
#1555-d189 @A: 32 23 12 09 | 08
#1556-d189 @A: 14 09 11 30 | 10
#1557-d189 @A: 09 23 18 30 | 11
#1558-d189 @A: 09 14 03 23 | 03
#1559-d189 @A: 13 19 06 05 | 06
#1560-d189 @A: 02 06 05 12 | 09
#1561-d189 @A: 06 31 18 28 | 12
#1562-d189 @A: 33 14 22 06 | 02
#1563-d189 @A: 27 19 10 06 | 05
#1564-d189 @A: 22 26 06 21 | 01
#1565-d189 @A: 22 23 06 35 | 07
#1566-d189 @A: 17 09 15 06 | 04
#1567-d189 @A: 01 24 07 06 | 08
#1568-d189 @A: 06 02 11 31 | 10
#1569-d189 @A: 06 11 30 19 | 11
#1570-d189 @A: 06 16 30 20 | 03
#1571-d189 @A: 13 04 22 05 | 06
#1572-d189 @A: 05 04 28 17 | 09
#1573-d189 @A: 28 16 05 08 | 12
#1574-d189 @A: 05 09 18 10 | 02
#1575-d189 @A: 30 10 05 26 | 05
#1576-d189 @A: 08 05 11 17 | 01
#1577-d189 @A: 20 17 07 05 | 07
#1578-d189 @A: 32 20 34 05 | 04
#1579-d189 @A: 05 25 27 02 | 08
#1580-d189 @A: 05 30 15 07 | 10
#1581-d189 @A: 05 12 11 15 | 11
#1582-d189 @A: 12 03 25 05 | 03
#1583-d189 @A: 19 30 05 12 | 06
#1584-d189 @A: 10 28 13 23 | 09
#1585-d189 @A: 16 29 13 21 | 12
#1586-d189 @A: 13 33 22 23 | 02
#1587-d189 @A: 35 33 34 13 | 05
#1588-d189 @A: 17 13 24 32 | 01
#1589-d189 @A: 31 27 20 13 | 07
#1590-d189 @A: 15 27 13 11 | 04
#1591-d189 @A: 31 03 26 13 | 08
#1592-d189 @A: 03 04 12 13 | 10
#1593-d189 @A: 14 23 13 04 | 11
#1594-d189 @A: 28 16 29 10 | 03
#1595-d189 @A: 29 04 31 28 | 06
#1596-d189 @A: 22 33 01 28 | 09
#1597-d189 @A: 12 23 28 33 | 12
#1598-d189 @A: 26 33 28 21 | 02
#1599-d189 @A: 10 18 28 27 | 05
#1600-d189 @A: 01 28 11 17 | 01
#1601-d189 @A: 09 14 08 28 | 07
#1602-d189 @A: 08 23 35 28 | 04
#1603-d189 @A: 15 11 29 33 | 08
#1604-d189 @A: 09 17 32 29 | 10
#1605-d189 @A: 16 29 24 35 | 11
#1606-d189 @A: 09 29 27 35 | 03
#1607-d189 @A: 29 19 07 03 | 06
#1608-d189 @A: 21 02 12 29 | 09
#1609-d189 @A: 26 11 03 29 | 12
#1610-d189 @A: 32 14 29 11 | 02
#1611-d189 @A: 18 20 29 26 | 05
#1612-d189 @A: 21 29 30 03 | 01
#1613-d189 @A: 34 33 03 22 | 07
#1614-d189 @A: 17 09 33 04 | 04
#1615-d189 @A: 03 02 24 33 | 08
#1616-d189 @A: 24 09 18 33 | 10
#1617-d189 @A: 02 33 19 35 | 11
#1618-d189 @A: 11 33 12 35 | 03
#1619-d189 @A: 19 26 33 14 | 06
#1620-d189 @A: 25 19 30 33 | 09
#1621-d189 @A: 08 10 30 17 | 12
#1622-d189 @A: 17 10 19 02 | 02
#1623-d189 @A: 03 08 10 31 | 05
#1624-d189 @A: 10 16 08 20 | 01
#1625-d189 @A: 20 27 10 15 | 07
#1626-d189 @A: 03 10 09 27 | 04
#1627-d189 @A: 10 31 30 09 | 08
#1628-d189 @A: 34 18 31 22 | 10
#1629-d189 @A: 04 22 08 24 | 11
#1630-d189 @A: 15 27 21 22 | 03
#1631-d189 @A: 22 30 11 27 | 06
#1632-d189 @A: 31 22 21 30 | 09
#1633-d189 @A: 22 35 20 25 | 12
#1634-d189 @A: 20 08 09 17 | 02
#1635-d189 @A: 07 17 32 04 | 05
#1636-d189 @A: 02 09 35 17 | 01
#1637-d189 @A: 02 04 17 11 | 07
#1638-d189 @A: 16 20 17 12 | 04
#1639-d189 @A: 23 12 04 17 | 08
#1640-d189 @A: 16 01 32 17 | 10
#1641-d189 @A: 35 04 17 20 | 11
#1642-d189 @A: 14 17 19 04 | 03
#1643-d189 @A: 25 19 17 35 | 06
#1644-d189 @A: 01 34 12 08 | 09
#1645-d189 @A: 34 19 07 11 | 12
#1646-d189 @A: 02 25 01 34 | 02
#1647-d189 @A: 34 18 04 30 | 05
#1648-d189 @A: 07 08 26 15 | 01
#1649-d189 @A: 21 08 18 07 | 07
#1650-d189 @A: 02 31 08 26 | 04
#1651-d189 @A: 35 08 19 12 | 08
#1652-d189 @A: 23 12 03 08 | 10
#1653-d189 @A: 11 14 21 08 | 11
#1654-d189 @A: 26 19 20 08 | 03
#1655-d189 @A: 20 25 23 08 | 06
#1656-d189 @A: 19 08 14 18 | 09
#1657-d189 @A: 08 21 01 30 | 12
#1658-d189 @A: 27 09 19 24 | 02
#1659-d189 @A: 24 15 07 35 | 05
#1660-d189 @A: 09 24 16 31 | 01
#1661-d189 @A: 24 23 02 26 | 07
#1662-d189 @A: 24 12 20 32 | 04
#1663-d189 @A: 26 11 24 16 | 08
#1664-d189 @A: 23 20 24 11 | 10
#1665-d189 @A: 01 03 23 24 | 11
#1666-d189 @A: 31 11 27 21 | 03
#1667-d189 @A: 27 16 04 18 | 06
#1668-d189 @A: 35 26 27 25 | 09
#1669-d189 @A: 25 01 27 32 | 12
#1670-d189 @A: 20 07 12 35 | 02
#1671-d189 @A: 12 23 07 30 | 05
#1672-d189 @A: 07 20 03 11 | 01
#1673-d189 @A: 18 14 07 23 | 07
#1674-d189 @A: 30 07 20 19 | 04
#1675-d189 @A: 23 31 26 14 | 08
#1676-d189 @A: 32 31 19 26 | 10
#1677-d189 @A: 02 01 03 16 | 11
#1678-d189 @A: 18 14 02 32 | 03
#1679-d189 @A: 09 32 15 25 | 06
#1680-d189 @A: 01 15 35 12 | 09
#1681-d189 @A: 15 30 16 32 | 12
#1682-d189 @A: 14 04 30 15 | 02
#1683-d189 @A: 35 23 15 03 | 05
#1684-d189 @A: 09 01 20 12 | 01
#1685-d189 @A: 09 20 26 11 | 07
#1686-d189 @A: 11 35 18 09 | 04
#1687-d189 @A: 18 16 09 32 | 08
#1688-d189 @A: 30 19 09 04 | 10
#1689-d189 @A: 19 09 20 14 | 11
