#0001-d204 @A: 25 22 29 17 | 12
#0002-d204 @A: 18 25 17 12 | 02
#0003-d204 @A: 07 06 17 25 | 05
#0004-d204 @A: 02 25 18 24 | 01
#0005-d204 @A: 30 33 25 15 | 07
#0006-d204 @A: 25 08 01 11 | 04
#0007-d204 @A: 25 13 12 21 | 08
#0008-d204 @A: 25 22 21 03 | 10
#0009-d204 @A: 07 18 10 25 | 11
#0010-d204 @A: 25 11 18 14 | 03
#0011-d204 @A: 28 18 06 25 | 06
#0012-d204 @A: 14 25 33 16 | 09
#0013-d204 @A: 25 30 34 28 | 12
#0014-d204 @A: 10 25 33 09 | 02
#0015-d204 @A: 31 24 17 16 | 05
#0016-d204 @A: 17 27 12 08 | 01
#0017-d204 @A: 32 29 09 17 | 07
#0018-d204 @A: 17 26 01 02 | 04
#0019-d204 @A: 20 02 07 17 | 08
#0020-d204 @A: 06 17 02 28 | 10
#0021-d204 @A: 18 17 13 15 | 11
#0022-d204 @A: 01 17 16 28 | 03
#0023-d204 @A: 23 17 05 29 | 06
#0024-d204 @A: 05 17 14 18 | 09
#0025-d204 @A: 23 17 12 03 | 12
#0026-d204 @A: 16 11 17 10 | 02
#0027-d204 @A: 17 07 19 26 | 05
#0028-d204 @A: 14 17 35 13 | 01
#0029-d204 @A: 30 17 08 05 | 07
#0030-d204 @A: 08 06 24 17 | 04
#0031-d204 @A: 12 32 31 05 | 08
#0032-d204 @A: 32 30 19 31 | 10
#0033-d204 @A: 31 32 28 07 | 11
#0034-d204 @A: 02 16 31 34 | 03
#0035-d204 @A: 13 31 21 28 | 06
#0036-d204 @A: 31 07 08 21 | 09
#0037-d204 @A: 10 31 03 05 | 12
#0038-d204 @A: 10 31 34 22 | 02
#0039-d204 @A: 06 31 08 10 | 05
#0040-d204 @A: 10 26 24 31 | 01
#0041-d204 @A: 05 09 31 06 | 07
#0042-d204 @A: 28 21 27 32 | 04
#0043-d204 @A: 27 12 06 15 | 08
#0044-d204 @A: 35 14 27 15 | 10
#0045-d204 @A: 27 20 21 09 | 11
#0046-d204 @A: 29 07 27 08 | 03
#0047-d204 @A: 18 13 10 27 | 06
#0048-d204 @A: 27 20 24 18 | 09
#0049-d204 @A: 34 22 30 27 | 12
#0050-d204 @A: 04 33 32 02 | 02
#0051-d204 @A: 09 11 15 32 | 05
#0052-d204 @A: 01 07 32 35 | 01
#0053-d204 @A: 21 32 06 07 | 07
#0054-d204 @A: 29 06 32 19 | 04
#0055-d204 @A: 07 32 18 24 | 08
#0056-d204 @A: 16 32 35 23 | 10
#0057-d204 @A: 16 08 32 19 | 11
#0058-d204 @A: 22 09 16 32 | 03
#0059-d204 @A: 05 24 32 19 | 06
#0060-d204 @A: 03 32 13 11 | 09
#0061-d204 @A: 09 34 32 10 | 12
#0062-d204 @A: 02 01 08 14 | 02
#0063-d204 @A: 13 18 21 02 | 05
#0064-d204 @A: 05 02 21 16 | 01
#0065-d204 @A: 29 11 02 34 | 07
#0066-d204 @A: 02 30 23 07 | 04
#0067-d204 @A: 34 02 23 14 | 08
#0068-d204 @A: 23 04 02 10 | 10
#0069-d204 @A: 13 02 16 35 | 11
#0070-d204 @A: 02 05 22 03 | 03
#0071-d204 @A: 02 08 22 34 | 06
#0072-d204 @A: 20 05 08 02 | 09
#0073-d204 @A: 28 02 20 09 | 12
#0074-d204 @A: 06 35 02 26 | 02
#0075-d204 @A: 06 29 01 15 | 05
#0076-d204 @A: 30 19 15 16 | 01
#0077-d204 @A: 15 07 24 13 | 07
#0078-d204 @A: 22 04 03 15 | 04
#0079-d204 @A: 33 34 15 28 | 08
#0080-d204 @A: 22 15 34 06 | 10
#0081-d204 @A: 08 28 15 09 | 11
#0082-d204 @A: 15 33 08 04 | 03
#0083-d204 @A: 19 01 30 26 | 06
#0084-d204 @A: 13 14 01 05 | 09
#0085-d204 @A: 34 13 20 01 | 12
#0086-d204 @A: 06 34 30 01 | 02
#0087-d204 @A: 01 05 10 04 | 05
#0088-d204 @A: 21 11 05 18 | 01
#0089-d204 @A: 16 21 19 24 | 07
#0090-d204 @A: 26 08 16 21 | 04
#0091-d204 @A: 21 08 03 28 | 08
#0092-d204 @A: 21 28 24 34 | 10
#0093-d204 @A: 21 10 22 30 | 11
#0094-d204 @A: 09 21 26 24 | 03
#0095-d204 @A: 21 11 22 26 | 06
#0096-d204 @A: 29 12 35 07 | 09
#0097-d204 @A: 04 28 29 09 | 12
#0098-d204 @A: 23 07 18 03 | 02
#0099-d204 @A: 24 23 30 18 | 05
#0100-d204 @A: 34 19 30 18 | 01
#0101-d204 @A: 33 18 13 34 | 07
#0102-d204 @A: 26 18 04 14 | 04
#0103-d204 @A: 24 18 09 34 | 08
#0104-d204 @A: 18 05 22 34 | 10
#0105-d204 @A: 18 24 05 06 | 11
#0106-d204 @A: 05 18 26 09 | 03
#0107-d204 @A: 12 08 19 23 | 06
#0108-d204 @A: 12 11 16 05 | 09
#0109-d204 @A: 33 03 08 12 | 12
#0110-d204 @A: 33 12 34 35 | 02
#0111-d204 @A: 09 06 12 30 | 05
#0112-d204 @A: 19 23 03 30 | 01
#0113-d204 @A: 09 16 19 11 | 07
#0114-d204 @A: 10 16 30 28 | 04
#0115-d204 @A: 24 16 20 26 | 08
#0116-d204 @A: 11 16 06 22 | 10
#0117-d204 @A: 19 14 09 13 | 11
#0118-d204 @A: 20 19 05 34 | 03
#0119-d204 @A: 33 19 24 09 | 06
#0120-d204 @A: 30 10 24 13 | 09
#0121-d204 @A: 10 26 13 08 | 12
#0122-d204 @A: 26 13 33 35 | 02
#0123-d204 @A: 26 13 22 05 | 05
#0124-d204 @A: 13 11 28 04 | 01
#0125-d204 @A: 07 30 14 10 | 07
#0126-d204 @A: 09 14 04 07 | 04
#0127-d204 @A: 35 07 24 03 | 08
#0128-d204 @A: 07 05 33 08 | 10
#0129-d204 @A: 07 09 22 11 | 11
#0130-d204 @A: 26 05 07 28 | 03
#0131-d204 @A: 04 14 03 11 | 06
#0132-d204 @A: 14 34 22 28 | 09
#0133-d204 @A: 14 24 06 04 | 12
#0134-d204 @A: 22 25 15 27 | 02
#0135-d204 @A: 12 25 26 01 | 05
#0136-d204 @A: 01 23 25 08 | 01
#0137-d204 @A: 34 16 25 01 | 07
#0138-d204 @A: 25 24 01 20 | 04
#0139-d204 @A: 35 28 21 25 | 08
#0140-d204 @A: 25 19 29 18 | 10
#0141-d204 @A: 25 03 07 26 | 11
#0142-d204 @A: 10 25 34 06 | 03
#0143-d204 @A: 25 34 04 33 | 06
#0144-d204 @A: 25 33 35 22 | 09
#0145-d204 @A: 03 17 31 27 | 12
#0146-d204 @A: 27 01 13 17 | 02
#0147-d204 @A: 27 17 30 18 | 05
#0148-d204 @A: 11 17 24 27 | 01
#0149-d204 @A: 17 16 20 15 | 07
#0150-d204 @A: 01 17 24 14 | 04
#0151-d204 @A: 21 03 14 17 | 08
#0152-d204 @A: 17 13 09 23 | 10
#0153-d204 @A: 17 35 19 16 | 11
#0154-d204 @A: 07 17 03 34 | 03
#0155-d204 @A: 17 10 20 04 | 06
#0156-d204 @A: 17 26 35 08 | 09
#0157-d204 @A: 24 09 17 04 | 12
#0158-d204 @A: 06 09 26 17 | 02
#0159-d204 @A: 27 28 31 02 | 05
#0160-d204 @A: 32 26 31 18 | 01
#0161-d204 @A: 13 20 31 32 | 07
#0162-d204 @A: 24 07 31 01 | 04
#0163-d204 @A: 29 31 06 34 | 08
#0164-d204 @A: 18 09 12 31 | 10
#0165-d204 @A: 16 12 31 06 | 11
#0166-d204 @A: 31 08 26 12 | 03
#0167-d204 @A: 23 13 33 31 | 06
#0168-d204 @A: 23 14 31 09 | 09
#0169-d204 @A: 26 23 22 31 | 12
#0170-d204 @A: 13 10 31 16 | 02
#0171-d204 @A: 13 04 19 31 | 05
#0172-d204 @A: 20 14 31 19 | 01
#0173-d204 @A: 03 31 22 30 | 07
#0174-d204 @A: 34 31 33 26 | 04
#0175-d204 @A: 31 10 28 20 | 08
#0176-d204 @A: 20 35 06 31 | 10
#0177-d204 @A: 18 32 03 27 | 11
#0178-d204 @A: 06 02 29 27 | 03
#0179-d204 @A: 27 01 23 10 | 06
#0180-d204 @A: 24 01 27 03 | 09
#0181-d204 @A: 27 21 30 13 | 12
#0182-d204 @A: 12 33 18 27 | 02
#0183-d204 @A: 26 23 27 07 | 05
#0184-d204 @A: 27 20 07 13 | 01
#0185-d204 @A: 10 27 05 34 | 07
#0186-d204 @A: 10 11 27 34 | 04
#0187-d204 @A: 34 04 27 20 | 08
#0188-d204 @A: 24 27 09 10 | 10
#0189-d204 @A: 27 08 33 24 | 11
#0190-d204 @A: 11 06 27 04 | 03
#0191-d204 @A: 06 27 05 26 | 06
#0192-d204 @A: 32 02 30 29 | 09
#0193-d204 @A: 32 01 09 15 | 12
#0194-d204 @A: 30 21 34 32 | 02
#0195-d204 @A: 05 32 18 29 | 05
#0196-d204 @A: 16 26 05 32 | 01
#0197-d204 @A: 32 08 07 10 | 07
#0198-d204 @A: 15 20 29 02 | 04
#0199-d204 @A: 15 04 19 02 | 08
#0200-d204 @A: 15 33 03 02 | 10
#0201-d204 @A: 07 02 01 03 | 11
#0202-d204 @A: 29 02 21 28 | 03
#0203-d204 @A: 02 14 10 21 | 06
#0204-d204 @A: 02 22 29 13 | 09
#0205-d204 @A: 28 07 12 02 | 12
#0206-d204 @A: 14 02 12 33 | 02
#0207-d204 @A: 02 10 12 20 | 05
#0208-d204 @A: 02 13 23 20 | 01
#0209-d204 @A: 06 02 05 23 | 07
#0210-d204 @A: 02 03 04 26 | 04
#0211-d204 @A: 34 05 26 02 | 08
#0212-d204 @A: 09 02 08 35 | 10
#0213-d204 @A: 02 06 33 09 | 11
#0214-d204 @A: 22 28 04 02 | 03
#0215-d204 @A: 13 20 15 22 | 06
#0216-d204 @A: 34 07 09 15 | 09
#0217-d204 @A: 22 15 35 10 | 12
#0218-d204 @A: 15 35 24 08 | 02
#0219-d204 @A: 24 28 15 20 | 05
#0220-d204 @A: 15 33 09 35 | 01
#0221-d204 @A: 04 15 35 28 | 07
#0222-d204 @A: 01 19 04 21 | 04
#0223-d204 @A: 03 01 19 14 | 08
#0224-d204 @A: 01 14 06 33 | 10
#0225-d204 @A: 05 33 22 01 | 11
#0226-d204 @A: 23 29 20 21 | 03
#0227-d204 @A: 26 19 18 21 | 06
#0228-d204 @A: 14 18 21 06 | 09
#0229-d204 @A: 21 12 34 16 | 12
#0230-d204 @A: 12 21 26 30 | 02
#0231-d204 @A: 20 13 16 21 | 05
#0232-d204 @A: 30 03 21 06 | 01
#0233-d204 @A: 20 24 35 21 | 07
#0234-d204 @A: 29 11 18 07 | 04
#0235-d204 @A: 14 29 08 23 | 08
#0236-d204 @A: 04 19 29 03 | 10
#0237-d204 @A: 03 29 09 11 | 11
#0238-d204 @A: 29 08 10 35 | 03
#0239-d204 @A: 29 06 08 20 | 06
#0240-d204 @A: 29 28 24 22 | 09
#0241-d204 @A: 34 18 23 12 | 12
#0242-d204 @A: 18 12 28 03 | 02
#0243-d204 @A: 28 23 22 18 | 05
#0244-d204 @A: 11 19 13 18 | 01
#0245-d204 @A: 20 18 04 30 | 07
#0246-d204 @A: 20 18 09 06 | 04
#0247-d204 @A: 04 35 18 33 | 08
#0248-d204 @A: 14 12 28 16 | 10
#0249-d204 @A: 16 03 10 12 | 11
#0250-d204 @A: 07 06 12 13 | 03
#0251-d204 @A: 23 03 33 22 | 06
#0252-d204 @A: 33 05 23 34 | 09
#0253-d204 @A: 30 35 23 28 | 12
#0254-d204 @A: 20 22 24 23 | 02
#0255-d204 @A: 34 16 13 07 | 05
#0256-d204 @A: 03 04 28 16 | 01
#0257-d204 @A: 35 10 34 16 | 07
#0258-d204 @A: 10 08 20 16 | 04
#0259-d204 @A: 26 09 10 16 | 08
#0260-d204 @A: 03 11 19 35 | 10
#0261-d204 @A: 19 04 10 35 | 11
#0262-d204 @A: 19 20 28 08 | 03
#0263-d204 @A: 19 24 04 11 | 06
#0264-d204 @A: 19 26 22 20 | 09
#0265-d204 @A: 13 03 22 34 | 12
#0266-d204 @A: 03 06 33 13 | 02
#0267-d204 @A: 28 30 13 26 | 05
#0268-d204 @A: 30 35 13 05 | 01
#0269-d204 @A: 24 13 28 08 | 07
#0270-d204 @A: 26 08 11 13 | 04
#0271-d204 @A: 07 35 33 14 | 08
#0272-d204 @A: 05 24 20 07 | 10
#0273-d204 @A: 26 07 33 22 | 11
#0274-d204 @A: 14 26 30 34 | 03
#0275-d204 @A: 33 24 34 14 | 06
#0276-d204 @A: 22 14 11 34 | 09
#0277-d204 @A: 26 22 14 10 | 12
#0278-d204 @A: 14 22 04 08 | 02
#0279-d204 @A: 20 11 22 28 | 05
#0280-d204 @A: 34 11 17 25 | 01
#0281-d204 @A: 15 25 01 31 | 07
#0282-d204 @A: 31 25 35 14 | 04
#0283-d204 @A: 06 31 25 11 | 08
#0284-d204 @A: 27 11 25 22 | 10
#0285-d204 @A: 32 25 09 02 | 11
#0286-d204 @A: 32 25 26 21 | 03
#0287-d204 @A: 25 35 29 32 | 06
#0288-d204 @A: 10 25 16 32 | 09
#0289-d204 @A: 25 23 33 02 | 12
#0290-d204 @A: 21 30 16 25 | 02
#0291-d204 @A: 13 29 28 25 | 05
#0292-d204 @A: 29 09 14 25 | 01
#0293-d204 @A: 07 34 25 12 | 07
#0294-d204 @A: 19 25 07 11 | 04
#0295-d204 @A: 20 34 25 08 | 08
#0296-d204 @A: 24 34 35 25 | 10
#0297-d204 @A: 25 22 09 04 | 11
#0298-d204 @A: 31 02 22 17 | 03
#0299-d204 @A: 13 05 17 31 | 06
#0300-d204 @A: 22 17 33 27 | 09
#0301-d204 @A: 21 32 35 17 | 12
#0302-d204 @A: 26 17 32 23 | 02
#0303-d204 @A: 17 02 12 24 | 05
#0304-d204 @A: 10 17 07 15 | 01
#0305-d204 @A: 17 01 08 04 | 07
#0306-d204 @A: 06 16 21 17 | 04
#0307-d204 @A: 17 29 14 20 | 08
#0308-d204 @A: 10 17 26 29 | 10
#0309-d204 @A: 33 16 04 17 | 11
#0310-d204 @A: 03 33 17 24 | 03
#0311-d204 @A: 04 35 03 17 | 06
#0312-d204 @A: 30 17 34 10 | 09
#0313-d204 @A: 33 28 09 17 | 12
#0314-d204 @A: 27 31 15 20 | 02
#0315-d204 @A: 33 31 27 01 | 05
#0316-d204 @A: 31 05 35 29 | 01
#0317-d204 @A: 30 31 13 18 | 07
#0318-d204 @A: 34 18 31 08 | 04
#0319-d204 @A: 31 12 34 19 | 08
#0320-d204 @A: 05 31 19 08 | 10
#0321-d204 @A: 35 13 07 31 | 11
#0322-d204 @A: 33 31 04 20 | 03
#0323-d204 @A: 29 27 32 01 | 06
#0324-d204 @A: 19 11 32 27 | 09
#0325-d204 @A: 27 32 22 07 | 12
#0326-d204 @A: 27 09 16 02 | 02
#0327-d204 @A: 07 02 27 33 | 05
#0328-d204 @A: 27 01 16 20 | 01
#0329-d204 @A: 35 27 34 21 | 07
#0330-d204 @A: 07 18 34 27 | 04
#0331-d204 @A: 28 18 27 14 | 08
#0332-d204 @A: 12 16 27 04 | 10
#0333-d204 @A: 16 27 13 24 | 11
#0334-d204 @A: 26 07 27 11 | 03
#0335-d204 @A: 03 27 09 33 | 06
#0336-d204 @A: 27 05 22 08 | 09
#0337-d204 @A: 33 27 20 06 | 12
#0338-d204 @A: 32 29 34 15 | 02
#0339-d204 @A: 07 20 32 15 | 05
#0340-d204 @A: 32 01 12 34 | 01
#0341-d204 @A: 26 32 20 01 | 07
#0342-d204 @A: 13 29 10 32 | 04
#0343-d204 @A: 14 29 07 32 | 08
#0344-d204 @A: 32 24 16 04 | 10
#0345-d204 @A: 08 14 35 32 | 11
#0346-d204 @A: 10 22 05 32 | 03
#0347-d204 @A: 06 35 22 32 | 06
#0348-d204 @A: 11 28 35 32 | 09
#0349-d204 @A: 23 15 22 02 | 12
#0350-d204 @A: 07 08 02 15 | 02
#0351-d204 @A: 05 01 02 29 | 05
#0352-d204 @A: 13 01 02 06 | 01
#0353-d204 @A: 18 29 02 08 | 07
#0354-d204 @A: 30 02 03 09 | 04
#0355-d204 @A: 35 33 24 02 | 08
#0356-d204 @A: 21 15 28 14 | 10
#0357-d204 @A: 21 10 15 33 | 11
#0358-d204 @A: 15 28 29 12 | 03
#0359-d204 @A: 12 15 24 19 | 06
#0360-d204 @A: 16 15 03 23 | 09
#0361-d204 @A: 15 10 05 16 | 12
#0362-d204 @A: 15 35 26 19 | 02
#0363-d204 @A: 15 24 11 10 | 05
#0364-d204 @A: 15 11 33 06 | 01
#0365-d204 @A: 01 21 13 35 | 07
#0366-d204 @A: 33 29 19 01 | 04
#0367-d204 @A: 11 01 05 29 | 08
#0368-d204 @A: 13 03 01 18 | 10
#0369-d204 @A: 01 23 14 07 | 11
#0370-d204 @A: 19 24 01 08 | 03
#0371-d204 @A: 10 01 34 24 | 06
#0372-d204 @A: 09 28 01 34 | 09
#0373-d204 @A: 24 01 22 30 | 12
#0374-d204 @A: 35 08 01 20 | 02
#0375-d204 @A: 26 11 01 24 | 05
#0376-d204 @A: 28 06 35 01 | 01
#0377-d204 @A: 22 05 14 21 | 07
#0378-d204 @A: 30 34 11 21 | 04
#0379-d204 @A: 33 22 28 21 | 08
#0380-d204 @A: 16 34 26 29 | 10
#0381-d204 @A: 13 05 07 29 | 11
#0382-d204 @A: 34 29 03 30 | 03
#0383-d204 @A: 29 09 33 34 | 06
#0384-d204 @A: 29 30 24 35 | 09
#0385-d204 @A: 04 24 29 10 | 12
#0386-d204 @A: 08 29 22 11 | 02
#0387-d204 @A: 19 12 06 18 | 05
#0388-d204 @A: 19 18 23 09 | 01
#0389-d204 @A: 18 03 33 30 | 07
#0390-d204 @A: 08 26 06 18 | 04
#0391-d204 @A: 23 13 12 24 | 08
#0392-d204 @A: 12 22 19 13 | 10
#0393-d204 @A: 12 34 04 22 | 11
#0394-d204 @A: 06 26 12 10 | 03
#0395-d204 @A: 05 12 09 24 | 06
#0396-d204 @A: 20 28 12 26 | 09
#0397-d204 @A: 35 05 20 12 | 12
#0398-d204 @A: 04 16 07 23 | 02
#0399-d204 @A: 23 19 33 14 | 05
#0400-d204 @A: 23 13 28 14 | 01
#0401-d204 @A: 06 30 20 23 | 07
#0402-d204 @A: 23 26 04 20 | 04
#0403-d204 @A: 19 03 13 16 | 08
#0404-d204 @A: 16 24 11 34 | 10
#0405-d204 @A: 16 09 20 34 | 11
#0406-d204 @A: 06 04 09 16 | 03
#0407-d204 @A: 19 33 10 20 | 06
#0408-d204 @A: 28 19 08 11 | 09
#0409-d204 @A: 22 33 13 08 | 12
#0410-d204 @A: 13 26 20 06 | 02
#0411-d204 @A: 07 28 10 22 | 05
#0412-d204 @A: 07 20 33 09 | 01
#0413-d204 @A: 07 09 35 22 | 07
#0414-d204 @A: 07 11 05 04 | 04
#0415-d204 @A: 10 20 14 34 | 08
#0416-d204 @A: 17 25 35 23 | 10
#0417-d204 @A: 31 25 30 12 | 11
#0418-d204 @A: 27 19 33 25 | 03
#0419-d204 @A: 02 04 35 25 | 06
#0420-d204 @A: 25 15 09 21 | 09
#0421-d204 @A: 24 25 16 15 | 12
#0422-d204 @A: 07 01 25 04 | 02
#0423-d204 @A: 18 25 04 21 | 05
#0424-d204 @A: 25 22 16 18 | 01
#0425-d204 @A: 23 13 25 10 | 07
#0426-d204 @A: 05 28 23 25 | 04
#0427-d204 @A: 25 16 26 19 | 08
#0428-d204 @A: 13 30 14 25 | 10
#0429-d204 @A: 30 10 25 03 | 11
#0430-d204 @A: 31 21 30 17 | 03
#0431-d204 @A: 17 31 04 07 | 06
#0432-d204 @A: 27 05 16 17 | 09
#0433-d204 @A: 32 17 33 07 | 12
#0434-d204 @A: 17 14 30 02 | 02
#0435-d204 @A: 14 15 17 33 | 05
#0436-d204 @A: 17 07 05 21 | 01
#0437-d204 @A: 18 29 17 28 | 07
#0438-d204 @A: 17 11 20 29 | 04
#0439-d204 @A: 07 16 17 22 | 08
#0440-d204 @A: 19 13 17 24 | 10
#0441-d204 @A: 35 05 17 33 | 11
#0442-d204 @A: 31 07 14 27 | 03
#0443-d204 @A: 02 32 35 31 | 06
#0444-d204 @A: 32 31 04 15 | 09
#0445-d204 @A: 31 32 01 08 | 12
#0446-d204 @A: 32 11 30 31 | 02
#0447-d204 @A: 33 21 31 02 | 05
#0448-d204 @A: 02 31 08 04 | 01
#0449-d204 @A: 09 15 16 31 | 07
#0450-d204 @A: 01 13 12 31 | 04
#0451-d204 @A: 31 09 03 01 | 08
#0452-d204 @A: 16 21 35 31 | 10
#0453-d204 @A: 31 21 11 19 | 11
#0454-d204 @A: 31 30 16 29 | 03
#0455-d204 @A: 18 04 16 31 | 06
#0456-d204 @A: 18 07 31 22 | 09
#0457-d204 @A: 16 11 14 31 | 12
#0458-d204 @A: 11 10 31 09 | 02
#0459-d204 @A: 10 19 27 32 | 05
#0460-d204 @A: 02 08 27 11 | 01
#0461-d204 @A: 29 24 15 27 | 07
#0462-d204 @A: 27 34 13 15 | 04
#0463-d204 @A: 01 11 18 27 | 08
#0464-d204 @A: 18 23 27 21 | 10
#0465-d204 @A: 23 28 27 29 | 11
#0466-d204 @A: 27 04 29 35 | 03
#0467-d204 @A: 12 07 09 27 | 06
#0468-d204 @A: 14 23 03 27 | 09
#0469-d204 @A: 03 28 19 27 | 12
#0470-d204 @A: 27 35 26 03 | 02
#0471-d204 @A: 27 30 08 06 | 05
#0472-d204 @A: 26 27 30 24 | 01
#0473-d204 @A: 22 27 06 24 | 07
#0474-d204 @A: 02 26 32 15 | 04
#0475-d204 @A: 35 15 32 18 | 08
#0476-d204 @A: 01 16 32 33 | 10
#0477-d204 @A: 21 22 32 23 | 11
#0478-d204 @A: 23 20 18 32 | 03
#0479-d204 @A: 16 07 32 03 | 06
#0480-d204 @A: 32 22 34 19 | 09
#0481-d204 @A: 32 11 33 07 | 12
#0482-d204 @A: 08 11 32 14 | 02
#0483-d204 @A: 24 32 10 20 | 05
#0484-d204 @A: 22 32 20 04 | 01
#0485-d204 @A: 23 09 01 02 | 07
#0486-d204 @A: 21 02 06 34 | 04
#0487-d204 @A: 29 03 10 02 | 08
#0488-d204 @A: 14 02 13 07 | 10
#0489-d204 @A: 10 28 02 13 | 11
#0490-d204 @A: 02 33 30 22 | 03
#0491-d204 @A: 10 02 09 05 | 06
#0492-d204 @A: 15 14 01 30 | 09
#0493-d204 @A: 15 08 18 23 | 12
#0494-d204 @A: 06 15 23 07 | 02
#0495-d204 @A: 23 05 15 14 | 05
#0496-d204 @A: 22 24 15 26 | 01
#0497-d204 @A: 28 01 21 23 | 07
#0498-d204 @A: 18 26 01 23 | 04
#0499-d204 @A: 18 05 01 16 | 08
#0500-d204 @A: 34 22 01 23 | 10
#0501-d204 @A: 07 10 01 13 | 11
#0502-d204 @A: 30 35 01 10 | 03
#0503-d204 @A: 35 04 01 24 | 06
#0504-d204 @A: 24 07 22 21 | 09
#0505-d204 @A: 34 22 21 09 | 12
#0506-d204 @A: 21 08 24 04 | 02
#0507-d204 @A: 21 22 35 08 | 05
#0508-d204 @A: 22 14 29 18 | 01
#0509-d204 @A: 16 08 12 29 | 07
#0510-d204 @A: 29 19 11 12 | 04
#0511-d204 @A: 13 34 29 12 | 08
#0512-d204 @A: 29 13 11 33 | 10
#0513-d204 @A: 33 22 10 29 | 11
#0514-d204 @A: 26 05 29 20 | 03
#0515-d204 @A: 16 08 07 18 | 06
#0516-d204 @A: 18 35 19 07 | 09
#0517-d204 @A: 22 13 18 35 | 12
#0518-d204 @A: 20 05 18 03 | 02
#0519-d204 @A: 18 10 06 04 | 05
#0520-d204 @A: 18 28 04 08 | 01
#0521-d204 @A: 18 04 24 22 | 07
#0522-d204 @A: 16 12 33 19 | 04
#0523-d204 @A: 19 07 03 12 | 08
#0524-d204 @A: 10 24 12 35 | 10
#0525-d204 @A: 05 08 12 28 | 11
#0526-d204 @A: 05 12 33 06 | 03
#0527-d204 @A: 26 22 35 12 | 06
#0528-d204 @A: 22 23 16 14 | 09
#0529-d204 @A: 10 20 23 05 | 12
#0530-d204 @A: 16 05 19 09 | 02
#0531-d204 @A: 03 20 22 16 | 05
#0532-d204 @A: 11 20 10 19 | 01
#0533-d204 @A: 13 04 34 30 | 07
#0534-d204 @A: 11 09 30 13 | 04
#0535-d204 @A: 13 22 09 24 | 08
#0536-d204 @A: 24 13 20 33 | 10
#0537-d204 @A: 35 13 06 24 | 11
#0538-d204 @A: 07 20 08 11 | 03
#0539-d204 @A: 30 06 05 14 | 06
#0540-d204 @A: 14 11 33 05 | 09
#0541-d204 @A: 33 03 30 11 | 12
#0542-d204 @A: 11 28 06 03 | 02
#0543-d204 @A: 17 27 09 25 | 05
#0544-d204 @A: 25 31 32 22 | 01
#0545-d204 @A: 31 09 07 25 | 07
#0546-d204 @A: 31 06 04 25 | 04
#0547-d204 @A: 25 20 23 27 | 08
#0548-d204 @A: 32 34 25 18 | 10
#0549-d204 @A: 28 25 32 12 | 11
#0550-d204 @A: 25 02 29 34 | 03
#0551-d204 @A: 21 25 05 01 | 06
#0552-d204 @A: 01 25 13 22 | 09
#0553-d204 @A: 14 01 25 10 | 12
#0554-d204 @A: 11 33 21 25 | 02
#0555-d204 @A: 07 16 05 25 | 05
#0556-d204 @A: 19 14 25 04 | 01
#0557-d204 @A: 25 09 13 06 | 07
#0558-d204 @A: 25 35 08 03 | 04
#0559-d204 @A: 06 30 22 25 | 08
#0560-d204 @A: 35 11 30 25 | 10
#0561-d204 @A: 25 11 10 28 | 11
#0562-d204 @A: 08 28 25 22 | 03
#0563-d204 @A: 32 31 34 17 | 06
#0564-d204 @A: 08 31 23 17 | 09
#0565-d204 @A: 27 23 17 02 | 12
#0566-d204 @A: 12 17 32 10 | 02
#0567-d204 @A: 32 16 30 17 | 05
#0568-d204 @A: 09 17 02 15 | 01
#0569-d204 @A: 17 24 18 35 | 07
#0570-d204 @A: 17 12 33 20 | 04
#0571-d204 @A: 23 17 04 14 | 08
#0572-d204 @A: 14 35 11 17 | 10
#0573-d204 @A: 20 30 17 24 | 11
#0574-d204 @A: 27 08 31 13 | 03
#0575-d204 @A: 32 06 31 03 | 06
#0576-d204 @A: 02 26 19 31 | 09
#0577-d204 @A: 21 15 31 34 | 12
#0578-d204 @A: 23 31 28 15 | 02
#0579-d204 @A: 08 15 31 14 | 05
#0580-d204 @A: 12 20 31 29 | 01
#0581-d204 @A: 28 12 01 27 | 07
#0582-d204 @A: 27 29 22 20 | 04
#0583-d204 @A: 27 20 12 14 | 08
#0584-d204 @A: 23 03 11 27 | 10
#0585-d204 @A: 09 27 05 23 | 11
#0586-d204 @A: 19 14 34 27 | 03
#0587-d204 @A: 26 27 22 28 | 06
#0588-d204 @A: 28 27 06 04 | 09
#0589-d204 @A: 03 13 02 32 | 12
#0590-d204 @A: 32 03 14 15 | 02
#0591-d204 @A: 18 32 16 28 | 05
#0592-d204 @A: 18 32 11 04 | 01
#0593-d204 @A: 32 20 09 12 | 07
#0594-d204 @A: 03 35 30 32 | 04
#0595-d204 @A: 32 30 06 10 | 08
#0596-d204 @A: 09 08 04 32 | 10
#0597-d204 @A: 06 24 32 11 | 11
#0598-d204 @A: 09 05 28 32 | 03
#0599-d204 @A: 24 15 21 02 | 06
#0600-d204 @A: 02 04 01 12 | 09
#0601-d204 @A: 02 29 23 26 | 12
#0602-d204 @A: 02 10 11 18 | 02
#0603-d204 @A: 02 30 12 35 | 05
#0604-d204 @A: 19 02 07 05 | 01
#0605-d204 @A: 14 02 28 19 | 07
#0606-d204 @A: 24 02 30 28 | 04
#0607-d204 @A: 02 30 26 11 | 08
#0608-d204 @A: 24 04 02 05 | 10
#0609-d204 @A: 09 02 26 22 | 11
#0610-d204 @A: 15 29 19 08 | 03
#0611-d204 @A: 13 30 29 15 | 06
#0612-d204 @A: 14 10 15 29 | 09
#0613-d204 @A: 07 14 15 18 | 12
#0614-d204 @A: 18 15 30 06 | 02
#0615-d204 @A: 15 07 16 33 | 05
#0616-d204 @A: 14 22 15 19 | 01
#0617-d204 @A: 15 03 34 05 | 07
#0618-d204 @A: 34 15 20 26 | 04
#0619-d204 @A: 30 22 28 15 | 08
#0620-d204 @A: 01 21 24 18 | 10
#0621-d204 @A: 14 26 29 01 | 11
#0622-d204 @A: 08 12 07 01 | 03
#0623-d204 @A: 09 01 13 30 | 06
#0624-d204 @A: 01 34 33 03 | 09
#0625-d204 @A: 01 34 05 35 | 12
#0626-d204 @A: 20 06 10 01 | 02
#0627-d204 @A: 12 18 05 21 | 05
#0628-d204 @A: 07 18 33 21 | 01
#0629-d204 @A: 19 12 28 21 | 07
#0630-d204 @A: 16 23 33 21 | 04
#0631-d204 @A: 19 21 23 05 | 08
#0632-d204 @A: 11 24 21 23 | 10
#0633-d204 @A: 13 19 06 21 | 11
#0634-d204 @A: 10 26 28 21 | 03
#0635-d204 @A: 33 21 26 05 | 06
#0636-d204 @A: 20 22 21 06 | 09
#0637-d204 @A: 29 34 20 18 | 12
#0638-d204 @A: 24 06 23 29 | 02
#0639-d204 @A: 09 07 16 29 | 05
#0640-d204 @A: 13 19 20 29 | 01
#0641-d204 @A: 29 26 09 19 | 07
#0642-d204 @A: 29 08 04 34 | 04
#0643-d204 @A: 22 29 34 35 | 08
#0644-d204 @A: 20 30 10 29 | 10
#0645-d204 @A: 30 06 26 29 | 11
#0646-d204 @A: 16 13 09 18 | 03
#0647-d204 @A: 05 33 10 18 | 06
#0648-d204 @A: 28 18 33 26 | 09
#0649-d204 @A: 04 05 14 12 | 12
#0650-d204 @A: 12 06 03 04 | 02
#0651-d204 @A: 11 26 12 03 | 05
#0652-d204 @A: 28 24 12 33 | 01
#0653-d204 @A: 23 10 16 24 | 07
#0654-d204 @A: 11 04 23 16 | 04
#0655-d204 @A: 08 23 03 06 | 08
#0656-d204 @A: 34 09 30 23 | 10
#0657-d204 @A: 16 35 22 24 | 11
#0658-d204 @A: 16 26 06 22 | 03
#0659-d204 @A: 33 34 08 19 | 06
#0660-d204 @A: 30 08 10 19 | 09
#0661-d204 @A: 19 24 30 04 | 12
#0662-d204 @A: 19 20 09 04 | 02
#0663-d204 @A: 05 13 34 24 | 05
#0664-d204 @A: 20 10 09 13 | 01
#0665-d204 @A: 04 10 22 13 | 07
#0666-d204 @A: 13 06 10 05 | 04
#0667-d204 @A: 34 07 11 03 | 08
#0668-d204 @A: 07 10 03 09 | 10
#0669-d204 @A: 04 07 10 34 | 11
#0670-d204 @A: 07 20 10 26 | 03
#0671-d204 @A: 06 07 22 08 | 06
#0672-d204 @A: 03 10 14 33 | 09
#0673-d204 @A: 14 11 26 10 | 12
#0674-d204 @A: 14 20 28 05 | 02
#0675-d204 @A: 26 06 28 14 | 05
#0676-d204 @A: 11 03 10 05 | 01
#0677-d204 @A: 08 05 35 11 | 07
#0678-d204 @A: 25 17 31 26 | 04
#0679-d204 @A: 33 25 01 17 | 08
#0680-d204 @A: 10 25 24 17 | 10
#0681-d204 @A: 25 31 18 23 | 11
#0682-d204 @A: 27 28 07 25 | 03
#0683-d204 @A: 24 27 14 25 | 06
#0684-d204 @A: 25 32 06 01 | 09
#0685-d204 @A: 11 32 23 25 | 12
#0686-d204 @A: 32 08 25 13 | 02
#0687-d204 @A: 12 25 03 02 | 05
#0688-d204 @A: 25 02 07 22 | 01
#0689-d204 @A: 29 15 04 25 | 07
#0690-d204 @A: 14 25 18 08 | 04
#0691-d204 @A: 25 33 20 18 | 08
#0692-d204 @A: 12 19 20 25 | 10
#0693-d204 @A: 07 25 23 24 | 11
#0694-d204 @A: 11 16 03 25 | 03
#0695-d204 @A: 08 25 07 19 | 06
#0696-d204 @A: 14 34 25 03 | 09
#0697-d204 @A: 24 25 03 09 | 12
#0698-d204 @A: 22 34 26 25 | 02
#0699-d204 @A: 25 26 08 05 | 05
#0700-d204 @A: 35 15 31 17 | 01
#0701-d204 @A: 27 07 17 35 | 07
#0702-d204 @A: 12 01 22 17 | 04
#0703-d204 @A: 13 17 22 21 | 08
#0704-d204 @A: 04 28 21 17 | 10
#0705-d204 @A: 12 09 16 17 | 11
#0706-d204 @A: 13 12 26 17 | 03
#0707-d204 @A: 17 11 19 06 | 06
#0708-d204 @A: 10 13 17 33 | 09
#0709-d204 @A: 34 09 14 17 | 12
#0710-d204 @A: 30 28 17 03 | 02
#0711-d204 @A: 28 17 10 05 | 05
#0712-d204 @A: 31 22 12 27 | 01
#0713-d204 @A: 15 31 24 18 | 07
#0714-d204 @A: 01 31 04 34 | 04
#0715-d204 @A: 10 23 21 31 | 08
#0716-d204 @A: 18 10 29 31 | 10
#0717-d204 @A: 34 28 03 31 | 11
#0718-d204 @A: 30 33 31 06 | 03
#0719-d204 @A: 27 32 08 23 | 06
#0720-d204 @A: 35 01 27 02 | 09
#0721-d204 @A: 27 15 01 21 | 12
#0722-d204 @A: 15 27 13 11 | 02
#0723-d204 @A: 22 27 01 09 | 05
#0724-d204 @A: 27 29 12 05 | 01
#0725-d204 @A: 35 18 16 27 | 07
#0726-d204 @A: 23 13 27 06 | 04
#0727-d204 @A: 33 28 27 10 | 08
#0728-d204 @A: 09 11 27 05 | 10
#0729-d204 @A: 12 11 02 32 | 11
#0730-d204 @A: 23 28 02 32 | 03
#0731-d204 @A: 32 06 16 02 | 06
#0732-d204 @A: 01 21 32 10 | 09
#0733-d204 @A: 24 32 03 29 | 12
#0734-d204 @A: 18 30 14 32 | 02
#0735-d204 @A: 07 12 26 32 | 05
#0736-d204 @A: 14 24 32 23 | 01
#0737-d204 @A: 28 32 22 03 | 07
#0738-d204 @A: 33 11 34 32 | 04
#0739-d204 @A: 09 32 30 26 | 08
#0740-d204 @A: 32 35 10 28 | 10
#0741-d204 @A: 18 15 12 02 | 11
#0742-d204 @A: 07 29 02 04 | 03
#0743-d204 @A: 11 02 14 24 | 06
#0744-d204 @A: 26 08 28 02 | 09
#0745-d204 @A: 33 20 02 26 | 12
#0746-d204 @A: 01 15 03 08 | 02
#0747-d204 @A: 21 15 04 23 | 05
#0748-d204 @A: 11 08 15 18 | 01
#0749-d204 @A: 23 12 15 20 | 07
#0750-d204 @A: 28 07 19 15 | 04
#0751-d204 @A: 15 08 26 30 | 08
#0752-d204 @A: 12 33 01 21 | 10
#0753-d204 @A: 08 34 01 21 | 11
#0754-d204 @A: 01 29 07 34 | 03
#0755-d204 @A: 01 19 18 22 | 06
#0756-d204 @A: 05 12 01 19 | 09
#0757-d204 @A: 01 12 09 14 | 12
#0758-d204 @A: 01 16 07 06 | 02
#0759-d204 @A: 07 01 28 33 | 05
#0760-d204 @A: 14 11 20 01 | 01
#0761-d204 @A: 01 26 06 03 | 07
#0762-d204 @A: 24 05 28 01 | 04
#0763-d204 @A: 07 10 21 29 | 08
#0764-d204 @A: 21 29 14 34 | 10
#0765-d204 @A: 21 18 08 30 | 11
#0766-d204 @A: 12 07 21 20 | 03
#0767-d204 @A: 03 21 10 20 | 06
#0768-d204 @A: 30 33 24 21 | 09
#0769-d204 @A: 06 21 04 33 | 12
#0770-d204 @A: 29 28 30 07 | 02
#0771-d204 @A: 33 29 20 03 | 05
#0772-d204 @A: 29 33 05 24 | 01
#0773-d204 @A: 29 22 05 06 | 07
#0774-d204 @A: 18 24 12 08 | 04
#0775-d204 @A: 35 06 34 18 | 08
#0776-d204 @A: 11 26 20 18 | 10
#0777-d204 @A: 03 05 12 26 | 11
#0778-d204 @A: 10 30 05 12 | 03
#0779-d204 @A: 11 26 35 12 | 06
#0780-d204 @A: 09 26 23 33 | 09
#0781-d204 @A: 33 16 13 05 | 12
#0782-d204 @A: 06 03 24 16 | 02
#0783-d204 @A: 05 34 16 06 | 05
#0784-d204 @A: 04 08 30 16 | 01
#0785-d204 @A: 04 20 05 16 | 07
#0786-d204 @A: 04 35 16 26 | 04
#0787-d204 @A: 19 14 06 10 | 08
#0788-d204 @A: 10 22 24 19 | 10
#0789-d204 @A: 19 28 22 05 | 11
#0790-d204 @A: 07 13 24 11 | 03
#0791-d204 @A: 13 03 26 14 | 06
#0792-d204 @A: 24 03 04 13 | 09
#0793-d204 @A: 06 13 04 08 | 12
#0794-d204 @A: 09 04 13 05 | 02
#0795-d204 @A: 13 28 04 33 | 05
#0796-d204 @A: 22 03 07 14 | 01
#0797-d204 @A: 03 04 33 07 | 07
#0798-d204 @A: 24 30 07 06 | 04
#0799-d204 @A: 04 08 20 07 | 08
#0800-d204 @A: 05 08 03 14 | 10
#0801-d204 @A: 14 30 09 08 | 11
#0802-d204 @A: 35 10 14 09 | 03
#0803-d204 @A: 14 22 06 09 | 06
#0804-d204 @A: 17 25 13 03 | 09
#0805-d204 @A: 25 08 27 02 | 12
#0806-d204 @A: 25 01 02 28 | 02
#0807-d204 @A: 20 02 11 25 | 05
#0808-d204 @A: 12 25 15 05 | 01
#0809-d204 @A: 15 11 12 25 | 07
#0810-d204 @A: 15 23 25 26 | 04
#0811-d204 @A: 29 25 16 06 | 08
#0812-d204 @A: 05 25 10 29 | 10
#0813-d204 @A: 13 26 18 25 | 11
#0814-d204 @A: 30 18 35 25 | 03
#0815-d204 @A: 25 23 04 12 | 06
#0816-d204 @A: 12 16 25 35 | 09
#0817-d204 @A: 23 25 14 06 | 12
#0818-d204 @A: 25 16 04 13 | 02
#0819-d204 @A: 28 26 09 25 | 05
#0820-d204 @A: 25 09 20 35 | 01
#0821-d204 @A: 31 06 17 14 | 07
#0822-d204 @A: 17 27 34 29 | 04
#0823-d204 @A: 32 02 05 17 | 08
#0824-d204 @A: 17 08 18 32 | 10
#0825-d204 @A: 17 22 32 14 | 11
#0826-d204 @A: 11 32 26 17 | 03
#0827-d204 @A: 17 15 06 19 | 06
#0828-d204 @A: 03 17 18 19 | 09
#0829-d204 @A: 07 17 18 09 | 12
#0830-d204 @A: 17 10 22 18 | 02
#0831-d204 @A: 23 17 07 28 | 05
#0832-d204 @A: 17 30 22 19 | 01
#0833-d204 @A: 06 33 34 17 | 07
#0834-d204 @A: 17 20 35 34 | 04
#0835-d204 @A: 33 26 30 17 | 08
#0836-d204 @A: 24 05 26 17 | 10
#0837-d204 @A: 05 20 06 17 | 11
#0838-d204 @A: 31 27 30 10 | 03
#0839-d204 @A: 32 31 33 09 | 06
#0840-d204 @A: 35 18 01 31 | 09
#0841-d204 @A: 31 26 29 13 | 12
#0842-d204 @A: 29 14 31 04 | 02
#0843-d204 @A: 31 11 18 03 | 05
#0844-d204 @A: 31 12 14 24 | 01
#0845-d204 @A: 11 31 20 12 | 07
#0846-d204 @A: 16 23 20 31 | 04
#0847-d204 @A: 33 31 16 03 | 08
#0848-d204 @A: 31 08 22 16 | 10
#0849-d204 @A: 31 24 08 03 | 11
#0850-d204 @A: 26 03 20 31 | 03
#0851-d204 @A: 33 10 35 31 | 06
#0852-d204 @A: 31 24 06 28 | 09
#0853-d204 @A: 04 28 05 31 | 12
#0854-d204 @A: 32 35 27 12 | 02
#0855-d204 @A: 32 09 27 14 | 05
#0856-d204 @A: 13 04 27 02 | 01
#0857-d204 @A: 21 22 16 27 | 07
#0858-d204 @A: 27 21 04 07 | 04
#0859-d204 @A: 27 11 35 21 | 08
#0860-d204 @A: 09 18 27 29 | 10
#0861-d204 @A: 13 27 33 29 | 11
#0862-d204 @A: 18 27 19 04 | 03
#0863-d204 @A: 16 19 27 23 | 06
#0864-d204 @A: 04 27 22 23 | 09
#0865-d204 @A: 30 27 05 03 | 12
#0866-d204 @A: 04 08 03 27 | 02
#0867-d204 @A: 27 30 09 04 | 05
#0868-d204 @A: 27 35 33 30 | 01
#0869-d204 @A: 20 11 27 33 | 07
#0870-d204 @A: 02 19 12 32 | 04
#0871-d204 @A: 32 14 02 20 | 08
#0872-d204 @A: 21 16 32 15 | 10
#0873-d204 @A: 23 32 15 10 | 11
#0874-d204 @A: 15 32 33 22 | 03
#0875-d204 @A: 32 05 21 13 | 06
#0876-d204 @A: 19 32 35 13 | 09
#0877-d204 @A: 22 08 24 32 | 12
#0878-d204 @A: 35 09 24 32 | 02
#0879-d204 @A: 28 02 15 16 | 05
#0880-d204 @A: 02 21 06 11 | 01
#0881-d204 @A: 33 16 29 02 | 07
#0882-d204 @A: 18 16 02 30 | 04
#0883-d204 @A: 12 02 06 08 | 08
#0884-d204 @A: 13 11 16 02 | 10
#0885-d204 @A: 19 13 02 33 | 11
#0886-d204 @A: 24 09 02 07 | 03
#0887-d204 @A: 35 02 03 28 | 06
#0888-d204 @A: 34 02 30 20 | 09
#0889-d204 @A: 24 10 08 02 | 12
#0890-d204 @A: 02 11 05 28 | 02
#0891-d204 @A: 15 04 11 01 | 05
#0892-d204 @A: 29 05 21 15 | 01
#0893-d204 @A: 18 29 15 33 | 07
#0894-d204 @A: 26 12 15 33 | 04
#0895-d204 @A: 16 11 26 15 | 08
#0896-d204 @A: 19 11 15 14 | 10
#0897-d204 @A: 04 14 13 15 | 11
#0898-d204 @A: 15 24 34 04 | 03
#0899-d204 @A: 30 09 15 20 | 06
#0900-d204 @A: 06 09 15 10 | 09
#0901-d204 @A: 21 22 01 29 | 12
#0902-d204 @A: 21 01 11 03 | 02
#0903-d204 @A: 30 29 18 01 | 05
#0904-d204 @A: 16 01 12 30 | 01
#0905-d204 @A: 23 04 13 01 | 07
#0906-d204 @A: 01 23 11 07 | 04
#0907-d204 @A: 14 35 01 16 | 08
#0908-d204 @A: 01 08 16 09 | 10
#0909-d204 @A: 10 33 01 08 | 11
#0910-d204 @A: 01 09 24 06 | 03
#0911-d204 @A: 09 35 26 01 | 06
#0912-d204 @A: 21 20 28 18 | 09
#0913-d204 @A: 21 08 14 12 | 12
#0914-d204 @A: 09 12 10 21 | 02
#0915-d204 @A: 16 14 09 21 | 05
#0916-d204 @A: 19 21 07 34 | 01
#0917-d204 @A: 14 19 35 21 | 07
#0918-d204 @A: 21 22 04 26 | 04
#0919-d204 @A: 23 07 29 33 | 08
#0920-d204 @A: 19 14 29 05 | 10
#0921-d204 @A: 06 13 29 14 | 11
#0922-d204 @A: 22 30 09 29 | 03
#0923-d204 @A: 24 08 26 29 | 06
#0924-d204 @A: 10 18 23 14 | 09
#0925-d204 @A: 23 18 11 09 | 12
#0926-d204 @A: 19 18 24 14 | 02
#0927-d204 @A: 28 30 18 05 | 05
#0928-d204 @A: 08 05 18 35 | 01
#0929-d204 @A: 18 11 35 22 | 07
#0930-d204 @A: 28 12 09 23 | 04
#0931-d204 @A: 33 10 12 04 | 08
#0932-d204 @A: 26 04 12 09 | 10
#0933-d204 @A: 11 04 33 12 | 11
#0934-d204 @A: 23 20 28 34 | 03
#0935-d204 @A: 11 05 23 20 | 06
#0936-d204 @A: 28 16 22 13 | 09
#0937-d204 @A: 20 30 14 16 | 12
#0938-d204 @A: 08 16 03 34 | 02
#0939-d204 @A: 28 05 16 35 | 05
#0940-d204 @A: 28 19 09 10 | 01
#0941-d204 @A: 22 33 19 04 | 07
#0942-d204 @A: 06 10 11 13 | 04
#0943-d204 @A: 14 34 07 05 | 08
#0944-d204 @A: 28 07 03 20 | 10
#0945-d204 @A: 10 07 35 05 | 11
#0946-d204 @A: 06 07 35 04 | 03
#0947-d204 @A: 09 03 28 14 | 06
#0948-d204 @A: 34 14 35 04 | 09
#0949-d204 @A: 35 22 30 14 | 12
#0950-d204 @A: 26 08 33 14 | 02
#0951-d204 @A: 08 03 11 06 | 05
#0952-d204 @A: 10 11 35 04 | 01
#0953-d204 @A: 08 33 11 09 | 07
#0954-d204 @A: 28 11 33 24 | 04
#0955-d204 @A: 25 15 17 34 | 08
#0956-d204 @A: 08 29 25 31 | 10
#0957-d204 @A: 01 27 30 25 | 11
#0958-d204 @A: 27 12 25 10 | 03
#0959-d204 @A: 13 02 15 25 | 06
#0960-d204 @A: 15 18 25 03 | 09
#0961-d204 @A: 23 25 21 34 | 12
#0962-d204 @A: 23 25 29 30 | 02
#0963-d204 @A: 20 25 07 29 | 05
#0964-d204 @A: 12 22 14 25 | 01
#0965-d204 @A: 13 33 07 25 | 07
#0966-d204 @A: 13 25 20 05 | 04
#0967-d204 @A: 25 04 11 26 | 08
#0968-d204 @A: 21 27 10 17 | 10
#0969-d204 @A: 27 14 26 17 | 11
#0970-d204 @A: 28 17 24 27 | 03
#0971-d204 @A: 09 21 01 17 | 06
#0972-d204 @A: 19 01 17 34 | 09
#0973-d204 @A: 17 11 21 09 | 12
#0974-d204 @A: 29 17 16 13 | 02
#0975-d204 @A: 07 12 17 14 | 05
#0976-d204 @A: 16 17 23 34 | 01
#0977-d204 @A: 11 17 23 33 | 07
#0978-d204 @A: 10 17 06 03 | 04
#0979-d204 @A: 09 05 17 03 | 08
#0980-d204 @A: 17 08 10 09 | 10
#0981-d204 @A: 11 29 31 27 | 11
#0982-d204 @A: 23 27 31 35 | 03
#0983-d204 @A: 31 14 03 02 | 06
#0984-d204 @A: 34 31 11 15 | 09
#0985-d204 @A: 31 21 06 01 | 12
#0986-d204 @A: 28 29 31 01 | 02
#0987-d204 @A: 01 16 19 31 | 05
#0988-d204 @A: 07 03 31 29 | 01
#0989-d204 @A: 28 31 19 18 | 07
#0990-d204 @A: 31 12 33 07 | 04
#0991-d204 @A: 06 19 23 31 | 08
#0992-d204 @A: 07 34 31 23 | 10
#0993-d204 @A: 23 31 24 05 | 11
#0994-d204 @A: 14 11 07 31 | 03
#0995-d204 @A: 20 07 30 31 | 06
#0996-d204 @A: 35 31 30 08 | 09
#0997-d204 @A: 22 11 31 04 | 12
#0998-d204 @A: 31 22 05 20 | 02
#0999-d204 @A: 28 35 26 31 | 05
#1000-d204 @A: 27 12 02 34 | 01
#1001-d204 @A: 27 30 02 19 | 07
#1002-d204 @A: 15 33 23 27 | 04
#1003-d204 @A: 08 16 27 15 | 08
#1004-d204 @A: 30 23 27 12 | 10
#1005-d204 @A: 12 19 26 27 | 11
#1006-d204 @A: 27 13 12 03 | 03
#1007-d204 @A: 35 19 22 27 | 06
#1008-d204 @A: 13 27 09 28 | 09
#1009-d204 @A: 03 06 34 27 | 12
#1010-d204 @A: 27 35 28 08 | 02
#1011-d204 @A: 32 02 18 10 | 05
#1012-d204 @A: 05 32 06 15 | 01
#1013-d204 @A: 19 32 23 01 | 07
#1014-d204 @A: 21 20 32 11 | 04
#1015-d204 @A: 14 12 32 06 | 08
#1016-d204 @A: 04 30 32 23 | 10
#1017-d204 @A: 20 03 34 32 | 11
#1018-d204 @A: 04 10 32 03 | 03
#1019-d204 @A: 32 26 04 06 | 06
#1020-d204 @A: 33 01 02 18 | 09
#1021-d204 @A: 16 02 24 01 | 12
#1022-d204 @A: 21 22 02 12 | 02
#1023-d204 @A: 35 02 29 14 | 05
#1024-d204 @A: 19 20 18 02 | 01
#1025-d204 @A: 02 07 18 26 | 07
#1026-d204 @A: 13 12 05 02 | 04
#1027-d204 @A: 23 02 11 35 | 08
#1028-d204 @A: 03 02 22 11 | 10
#1029-d204 @A: 04 02 34 09 | 11
#1030-d204 @A: 30 26 10 02 | 03
#1031-d204 @A: 10 02 06 22 | 06
#1032-d204 @A: 06 02 24 20 | 09
#1033-d204 @A: 28 02 05 33 | 12
#1034-d204 @A: 12 15 01 35 | 02
#1035-d204 @A: 04 16 01 15 | 05
#1036-d204 @A: 15 10 26 01 | 01
#1037-d204 @A: 21 15 30 07 | 07
#1038-d204 @A: 15 20 08 21 | 04
#1039-d204 @A: 09 15 23 29 | 08
#1040-d204 @A: 29 15 16 35 | 10
#1041-d204 @A: 29 07 26 15 | 11
#1042-d204 @A: 15 23 34 19 | 03
#1043-d204 @A: 26 15 16 14 | 06
#1044-d204 @A: 08 05 15 13 | 09
#1045-d204 @A: 15 34 30 35 | 12
#1046-d204 @A: 24 33 06 15 | 02
#1047-d204 @A: 01 21 07 26 | 05
#1048-d204 @A: 01 34 14 18 | 01
#1049-d204 @A: 19 13 01 28 | 07
#1050-d204 @A: 19 07 01 09 | 04
#1051-d204 @A: 19 01 11 22 | 08
#1052-d204 @A: 01 11 34 13 | 10
#1053-d204 @A: 01 03 30 04 | 11
#1054-d204 @A: 26 22 01 08 | 03
#1055-d204 @A: 09 04 01 33 | 06
#1056-d204 @A: 09 05 20 01 | 09
#1057-d204 @A: 16 21 29 18 | 12
#1058-d204 @A: 21 29 19 30 | 02
#1059-d204 @A: 12 21 13 11 | 05
#1060-d204 @A: 07 23 09 21 | 01
#1061-d204 @A: 28 16 07 21 | 07
#1062-d204 @A: 13 14 21 24 | 04
#1063-d204 @A: 03 21 04 09 | 08
#1064-d204 @A: 33 21 34 20 | 10
#1065-d204 @A: 05 21 09 35 | 11
#1066-d204 @A: 12 26 29 18 | 03
#1067-d204 @A: 03 35 29 18 | 06
#1068-d204 @A: 14 12 03 29 | 09
#1069-d204 @A: 23 29 19 35 | 12
#1070-d204 @A: 29 34 10 23 | 02
#1071-d204 @A: 29 19 07 22 | 05
#1072-d204 @A: 28 29 35 20 | 01
#1073-d204 @A: 05 29 11 26 | 07
#1074-d204 @A: 18 03 14 16 | 04
#1075-d204 @A: 24 16 18 33 | 08
#1076-d204 @A: 13 08 18 19 | 10
#1077-d204 @A: 18 03 10 08 | 11
#1078-d204 @A: 18 34 26 10 | 03
#1079-d204 @A: 28 34 18 11 | 06
#1080-d204 @A: 35 09 28 18 | 09
#1081-d204 @A: 10 07 12 23 | 12
#1082-d204 @A: 35 12 13 28 | 02
#1083-d204 @A: 22 12 07 05 | 05
#1084-d204 @A: 08 30 34 12 | 01
#1085-d204 @A: 10 22 08 12 | 07
#1086-d204 @A: 20 12 04 24 | 04
#1087-d204 @A: 12 28 22 06 | 08
#1088-d204 @A: 23 07 08 35 | 10
#1089-d204 @A: 14 20 35 23 | 11
#1090-d204 @A: 23 35 34 03 | 03
#1091-d204 @A: 23 26 03 10 | 06
#1092-d204 @A: 08 23 10 28 | 09
#1093-d204 @A: 20 33 23 08 | 12
#1094-d204 @A: 23 28 06 33 | 02
#1095-d204 @A: 16 14 19 07 | 05
#1096-d204 @A: 16 05 22 30 | 01
#1097-d204 @A: 06 10 33 16 | 07
#1098-d204 @A: 26 33 19 03 | 04
#1099-d204 @A: 19 05 33 30 | 08
#1100-d204 @A: 08 19 06 35 | 10
#1101-d204 @A: 06 05 19 04 | 11
#1102-d204 @A: 03 13 28 05 | 03
#1103-d204 @A: 09 26 13 34 | 06
#1104-d204 @A: 06 34 28 13 | 09
#1105-d204 @A: 09 11 13 20 | 12
#1106-d204 @A: 07 14 28 08 | 02
#1107-d204 @A: 14 06 07 20 | 05
#1108-d204 @A: 06 34 26 07 | 01
#1109-d204 @A: 14 05 24 10 | 07
#1110-d204 @A: 28 04 14 10 | 04
#1111-d204 @A: 33 22 11 10 | 08
#1112-d204 @A: 32 25 20 17 | 10
#1113-d204 @A: 21 17 25 02 | 11
#1114-d204 @A: 05 33 31 25 | 03
#1115-d204 @A: 27 25 21 06 | 06
#1116-d204 @A: 16 02 20 25 | 09
#1117-d204 @A: 06 25 02 19 | 12
#1118-d204 @A: 10 21 25 19 | 02
#1119-d204 @A: 12 09 08 25 | 05
#1120-d204 @A: 16 09 25 23 | 01
#1121-d204 @A: 19 25 13 34 | 07
#1122-d204 @A: 20 06 25 03 | 04
#1123-d204 @A: 30 26 20 25 | 08
#1124-d204 @A: 04 26 25 24 | 10
#1125-d204 @A: 31 17 19 09 | 11
#1126-d204 @A: 27 06 32 17 | 03
#1127-d204 @A: 15 27 17 04 | 06
#1128-d204 @A: 03 32 17 01 | 09
#1129-d204 @A: 19 28 32 17 | 12
#1130-d204 @A: 17 04 13 32 | 02
#1131-d204 @A: 02 17 19 29 | 05
#1132-d204 @A: 11 07 02 17 | 01
#1133-d204 @A: 02 17 33 08 | 07
#1134-d204 @A: 15 17 23 30 | 04
#1135-d204 @A: 29 21 08 17 | 08
#1136-d204 @A: 04 17 06 29 | 10
#1137-d204 @A: 03 22 17 26 | 11
#1138-d204 @A: 22 24 34 17 | 03
#1139-d204 @A: 04 08 11 17 | 06
#1140-d204 @A: 22 17 09 20 | 09
#1141-d204 @A: 31 06 27 18 | 12
#1142-d204 @A: 02 01 31 11 | 02
#1143-d204 @A: 18 02 31 05 | 05
#1144-d204 @A: 09 31 02 13 | 01
#1145-d204 @A: 31 01 23 30 | 07
#1146-d204 @A: 31 21 19 22 | 04
#1147-d204 @A: 33 31 18 14 | 08
#1148-d204 @A: 09 35 31 34 | 10
#1149-d204 @A: 24 09 30 31 | 11
#1150-d204 @A: 22 31 24 33 | 03
#1151-d204 @A: 27 34 32 33 | 06
#1152-d204 @A: 05 20 32 27 | 09
#1153-d204 @A: 18 02 27 22 | 12
#1154-d204 @A: 15 27 18 26 | 02
#1155-d204 @A: 10 12 27 11 | 05
#1156-d204 @A: 06 27 16 14 | 01
#1157-d204 @A: 16 26 33 27 | 07
#1158-d204 @A: 16 28 27 11 | 04
#1159-d204 @A: 07 19 27 24 | 08
#1160-d204 @A: 10 27 06 07 | 10
#1161-d204 @A: 04 27 10 26 | 11
#1162-d204 @A: 27 10 35 20 | 03
#1163-d204 @A: 04 05 27 33 | 06
#1164-d204 @A: 01 05 30 32 | 09
#1165-d204 @A: 01 32 10 11 | 12
#1166-d204 @A: 21 20 32 19 | 02
#1167-d204 @A: 29 16 32 11 | 05
#1168-d204 @A: 32 29 26 22 | 01
#1169-d204 @A: 34 23 32 13 | 07
#1170-d204 @A: 05 07 32 23 | 04
#1171-d204 @A: 07 32 09 13 | 08
#1172-d204 @A: 22 13 30 32 | 10
#1173-d204 @A: 08 05 34 32 | 11
#1174-d204 @A: 05 11 22 32 | 03
#1175-d204 @A: 02 21 30 01 | 06
#1176-d204 @A: 03 23 21 02 | 09
#1177-d204 @A: 35 21 02 07 | 12
#1178-d204 @A: 20 04 02 21 | 02
#1179-d204 @A: 02 10 34 33 | 05
#1180-d204 @A: 35 22 20 02 | 01
#1181-d204 @A: 19 01 15 20 | 07
#1182-d204 @A: 13 15 21 26 | 04
#1183-d204 @A: 23 15 29 11 | 08
#1184-d204 @A: 04 09 15 18 | 10
#1185-d204 @A: 16 15 12 22 | 11
#1186-d204 @A: 14 15 24 09 | 03
#1187-d204 @A: 24 30 15 05 | 06
#1188-d204 @A: 15 05 22 09 | 09
#1189-d204 @A: 20 15 11 35 | 12
#1190-d204 @A: 01 03 16 21 | 02
#1191-d204 @A: 01 29 24 12 | 05
#1192-d204 @A: 01 18 10 12 | 01
#1193-d204 @A: 07 18 01 20 | 07
#1194-d204 @A: 01 06 12 23 | 04
#1195-d204 @A: 01 11 16 20 | 08
#1196-d204 @A: 01 28 30 08 | 10
#1197-d204 @A: 21 29 12 06 | 11
#1198-d204 @A: 35 23 21 12 | 03
#1199-d204 @A: 13 03 07 21 | 06
#1200-d204 @A: 33 21 03 35 | 09
#1201-d204 @A: 35 21 30 04 | 12
#1202-d204 @A: 10 08 21 11 | 02
#1203-d204 @A: 22 12 29 23 | 05
#1204-d204 @A: 29 19 10 12 | 01
#1205-d204 @A: 29 23 03 13 | 07
#1206-d204 @A: 22 16 29 04 | 04
#1207-d204 @A: 04 29 33 26 | 08
#1208-d204 @A: 35 11 29 28 | 10
#1209-d204 @A: 12 06 18 11 | 11
#1210-d204 @A: 23 18 13 05 | 03
#1211-d204 @A: 03 04 34 18 | 06
#1212-d204 @A: 30 18 26 22 | 09
#1213-d204 @A: 18 11 08 24 | 12
#1214-d204 @A: 23 12 14 26 | 02
#1215-d204 @A: 12 11 30 07 | 05
#1216-d204 @A: 12 11 09 14 | 01
#1217-d204 @A: 03 12 34 09 | 07
#1218-d204 @A: 20 12 22 30 | 04
#1219-d204 @A: 22 12 33 09 | 08
#1220-d204 @A: 14 23 13 11 | 10
#1221-d204 @A: 11 07 23 10 | 11
#1222-d204 @A: 23 30 11 22 | 03
#1223-d204 @A: 23 22 10 09 | 06
#1224-d204 @A: 08 05 23 04 | 09
#1225-d204 @A: 16 34 30 24 | 12
#1226-d204 @A: 30 11 16 08 | 02
#1227-d204 @A: 16 35 33 08 | 05
#1228-d204 @A: 08 06 28 16 | 01
#1229-d204 @A: 28 16 33 20 | 07
#1230-d204 @A: 05 35 03 19 | 04
#1231-d204 @A: 30 06 28 19 | 08
#1232-d204 @A: 19 22 09 08 | 10
#1233-d204 @A: 26 07 13 04 | 11
#1234-d204 @A: 03 08 13 09 | 03
#1235-d204 @A: 06 07 03 05 | 06
#1236-d204 @A: 07 34 33 30 | 09
#1237-d204 @A: 10 33 24 07 | 12
#1238-d204 @A: 07 08 09 26 | 02
#1239-d204 @A: 06 35 07 11 | 05
#1240-d204 @A: 14 35 03 06 | 01
#1241-d204 @A: 08 14 34 06 | 07
#1242-d204 @A: 35 14 05 26 | 04
#1243-d204 @A: 05 17 19 25 | 08
#1244-d204 @A: 14 17 28 25 | 10
#1245-d204 @A: 17 30 04 25 | 11
#1246-d204 @A: 10 25 02 31 | 03
#1247-d204 @A: 31 25 19 03 | 06
#1248-d204 @A: 24 13 25 31 | 09
#1249-d204 @A: 27 03 16 25 | 12
#1250-d204 @A: 25 07 30 32 | 02
#1251-d204 @A: 25 24 32 33 | 05
#1252-d204 @A: 05 02 30 25 | 01
#1253-d204 @A: 15 07 35 25 | 07
#1254-d204 @A: 20 25 15 14 | 04
#1255-d204 @A: 25 10 15 28 | 08
#1256-d204 @A: 01 25 03 29 | 10
#1257-d204 @A: 01 25 35 19 | 11
#1258-d204 @A: 33 12 25 29 | 03
#1259-d204 @A: 10 29 11 25 | 06
#1260-d204 @A: 19 23 22 25 | 09
#1261-d204 @A: 13 11 05 25 | 12
#1262-d204 @A: 03 25 04 05 | 02
#1263-d204 @A: 25 05 09 34 | 05
#1264-d204 @A: 08 25 30 24 | 01
#1265-d204 @A: 08 04 10 25 | 07
#1266-d204 @A: 06 33 26 25 | 04
#1267-d204 @A: 18 17 20 31 | 08
#1268-d204 @A: 12 28 17 31 | 10
#1269-d204 @A: 11 31 28 17 | 11
#1270-d204 @A: 17 20 27 19 | 03
#1271-d204 @A: 04 18 02 17 | 06
#1272-d204 @A: 17 13 02 34 | 09
#1273-d204 @A: 17 15 03 29 | 12
#1274-d204 @A: 08 17 15 22 | 02
#1275-d204 @A: 17 15 05 11 | 05
#1276-d204 @A: 23 01 17 20 | 01
#1277-d204 @A: 17 33 18 23 | 07
#1278-d204 @A: 05 17 12 34 | 04
#1279-d204 @A: 19 17 08 14 | 08
#1280-d204 @A: 08 13 07 17 | 10
#1281-d204 @A: 06 17 13 30 | 11
#1282-d204 @A: 17 28 22 35 | 03
#1283-d204 @A: 02 30 15 31 | 06
#1284-d204 @A: 29 02 31 24 | 09
#1285-d204 @A: 12 23 02 31 | 12
#1286-d204 @A: 15 31 29 22 | 02
#1287-d204 @A: 15 33 31 19 | 05
#1288-d204 @A: 15 05 07 31 | 01
#1289-d204 @A: 14 31 01 22 | 07
#1290-d204 @A: 26 01 05 31 | 04
#1291-d204 @A: 31 35 12 03 | 08
#1292-d204 @A: 23 08 11 31 | 10
#1293-d204 @A: 24 31 19 35 | 11
#1294-d204 @A: 22 13 31 06 | 03
#1295-d204 @A: 31 35 13 11 | 06
#1296-d204 @A: 28 14 31 30 | 09
#1297-d204 @A: 11 33 26 31 | 12
#1298-d204 @A: 27 13 32 26 | 02
#1299-d204 @A: 07 03 27 15 | 05
#1300-d204 @A: 01 19 06 27 | 01
#1301-d204 @A: 27 14 04 01 | 07
#1302-d204 @A: 29 10 16 27 | 04
#1303-d204 @A: 13 22 14 27 | 08
#1304-d204 @A: 30 14 27 11 | 10
#1305-d204 @A: 10 08 27 14 | 11
#1306-d204 @A: 27 20 28 30 | 03
#1307-d204 @A: 02 22 01 32 | 06
#1308-d204 @A: 32 21 08 02 | 09
#1309-d204 @A: 07 02 32 34 | 12
#1310-d204 @A: 32 28 13 15 | 02
#1311-d204 @A: 32 01 04 18 | 05
#1312-d204 @A: 04 32 21 14 | 01
#1313-d204 @A: 12 29 32 04 | 07
#1314-d204 @A: 13 32 12 16 | 04
#1315-d204 @A: 32 12 30 24 | 08
#1316-d204 @A: 23 06 09 32 | 10
#1317-d204 @A: 07 32 19 04 | 11
#1318-d204 @A: 05 32 03 33 | 03
#1319-d204 @A: 32 06 34 24 | 06
#1320-d204 @A: 35 34 32 26 | 09
#1321-d204 @A: 26 33 32 10 | 12
#1322-d204 @A: 32 24 28 26 | 02
#1323-d204 @A: 33 35 20 32 | 05
#1324-d204 @A: 01 15 02 34 | 01
#1325-d204 @A: 02 21 15 11 | 07
#1326-d204 @A: 09 02 12 29 | 04
#1327-d204 @A: 18 06 02 03 | 08
#1328-d204 @A: 34 02 18 28 | 10
#1329-d204 @A: 30 04 02 06 | 11
#1330-d204 @A: 18 01 15 28 | 03
#1331-d204 @A: 19 15 18 05 | 06
#1332-d204 @A: 12 13 15 09 | 09
#1333-d204 @A: 19 13 15 10 | 12
#1334-d204 @A: 15 24 10 03 | 02
#1335-d204 @A: 03 15 09 26 | 05
#1336-d204 @A: 28 03 15 06 | 01
#1337-d204 @A: 22 15 30 11 | 07
#1338-d204 @A: 26 05 04 15 | 04
#1339-d204 @A: 06 15 04 20 | 08
#1340-d204 @A: 29 16 23 01 | 10
#1341-d204 @A: 03 01 05 23 | 11
#1342-d204 @A: 26 16 13 01 | 03
#1343-d204 @A: 22 10 01 16 | 06
#1344-d204 @A: 33 30 01 20 | 09
#1345-d204 @A: 33 01 35 11 | 12
#1346-d204 @A: 35 26 29 21 | 02
#1347-d204 @A: 21 23 08 13 | 05
#1348-d204 @A: 21 30 23 14 | 01
#1349-d204 @A: 11 16 21 07 | 07
#1350-d204 @A: 09 33 21 13 | 04
#1351-d204 @A: 28 11 14 21 | 08
#1352-d204 @A: 05 21 20 30 | 10
#1353-d204 @A: 10 08 05 21 | 11
#1354-d204 @A: 21 24 10 06 | 03
#1355-d204 @A: 09 21 08 06 | 06
#1356-d204 @A: 21 28 06 05 | 09
#1357-d204 @A: 04 29 18 23 | 12
#1358-d204 @A: 24 14 29 16 | 02
#1359-d204 @A: 06 29 14 11 | 05
#1360-d204 @A: 08 22 03 29 | 01
#1361-d204 @A: 28 34 29 05 | 07
#1362-d204 @A: 30 04 05 29 | 04
#1363-d204 @A: 10 28 29 06 | 08
#1364-d204 @A: 29 33 06 35 | 10
#1365-d204 @A: 12 20 18 16 | 11
#1366-d204 @A: 35 14 18 12 | 03
#1367-d204 @A: 18 07 13 28 | 06
#1368-d204 @A: 18 26 24 03 | 09
#1369-d204 @A: 09 30 10 18 | 12
#1370-d204 @A: 09 33 18 08 | 02
#1371-d204 @A: 20 18 08 22 | 05
#1372-d204 @A: 16 07 12 24 | 01
#1373-d204 @A: 14 10 13 12 | 07
#1374-d204 @A: 06 12 20 34 | 04
#1375-d204 @A: 30 12 28 04 | 08
#1376-d204 @A: 19 11 34 23 | 10
#1377-d204 @A: 28 23 19 04 | 11
#1378-d204 @A: 23 24 28 03 | 03
#1379-d204 @A: 20 03 09 23 | 06
#1380-d204 @A: 23 34 26 08 | 09
#1381-d204 @A: 10 30 33 23 | 12
#1382-d204 @A: 26 05 23 30 | 02
#1383-d204 @A: 35 23 09 04 | 05
#1384-d204 @A: 35 16 06 30 | 01
#1385-d204 @A: 16 28 24 09 | 07
#1386-d204 @A: 24 16 35 11 | 04
#1387-d204 @A: 19 33 06 07 | 08
#1388-d204 @A: 19 24 20 03 | 10
#1389-d204 @A: 04 08 26 19 | 11
#1390-d204 @A: 07 22 34 20 | 03
#1391-d204 @A: 34 28 07 35 | 06
#1392-d204 @A: 22 30 07 04 | 09
#1393-d204 @A: 30 35 26 07 | 12
#1394-d204 @A: 03 14 30 24 | 02
#1395-d204 @A: 11 03 24 20 | 05
#1396-d204 @A: 35 09 34 11 | 01
#1397-d204 @A: 08 16 17 25 | 07
#1398-d204 @A: 34 25 31 27 | 04
#1399-d204 @A: 31 20 25 21 | 08
#1400-d204 @A: 16 25 31 28 | 10
#1401-d204 @A: 32 14 25 05 | 11
#1402-d204 @A: 25 18 01 09 | 03
#1403-d204 @A: 07 21 25 14 | 06
#1404-d204 @A: 25 24 06 12 | 09
#1405-d204 @A: 22 25 05 24 | 12
#1406-d204 @A: 25 28 20 04 | 02
#1407-d204 @A: 06 05 25 35 | 05
#1408-d204 @A: 10 31 17 01 | 01
#1409-d204 @A: 29 31 17 33 | 07
#1410-d204 @A: 17 03 11 15 | 04
#1411-d204 @A: 17 28 15 26 | 08
#1412-d204 @A: 01 35 17 29 | 10
#1413-d204 @A: 19 17 33 21 | 11
#1414-d204 @A: 29 17 30 12 | 03
#1415-d204 @A: 17 19 10 23 | 06
#1416-d204 @A: 17 23 06 22 | 09
#1417-d204 @A: 17 22 11 13 | 12
#1418-d204 @A: 28 17 08 34 | 02
#1419-d204 @A: 09 30 17 35 | 05
#1420-d204 @A: 27 32 31 16 | 01
#1421-d204 @A: 27 19 31 29 | 07
#1422-d204 @A: 24 31 04 27 | 04
#1423-d204 @A: 21 32 24 31 | 08
#1424-d204 @A: 20 31 01 02 | 10
#1425-d204 @A: 31 10 12 15 | 11
#1426-d204 @A: 31 09 21 29 | 03
#1427-d204 @A: 26 14 31 21 | 06
#1428-d204 @A: 23 04 31 03 | 09
#1429-d204 @A: 16 26 07 31 | 12
#1430-d204 @A: 31 19 07 10 | 02
#1431-d204 @A: 34 31 05 30 | 05
#1432-d204 @A: 26 31 30 04 | 01
#1433-d204 @A: 31 10 09 04 | 07
#1434-d204 @A: 28 33 31 08 | 04
#1435-d204 @A: 28 22 31 09 | 08
#1436-d204 @A: 04 22 31 35 | 10
#1437-d204 @A: 32 30 15 27 | 11
#1438-d204 @A: 27 15 10 02 | 03
#1439-d204 @A: 27 26 21 02 | 06
#1440-d204 @A: 14 27 05 02 | 09
#1441-d204 @A: 28 15 27 05 | 12
#1442-d204 @A: 01 27 18 08 | 02
#1443-d204 @A: 01 34 27 26 | 05
#1444-d204 @A: 27 14 30 29 | 01
#1445-d204 @A: 08 20 26 27 | 07
#1446-d204 @A: 05 35 27 24 | 04
#1447-d204 @A: 12 08 32 15 | 08
#1448-d204 @A: 32 21 29 33 | 10
#1449-d204 @A: 12 21 03 32 | 11
#1450-d204 @A: 32 34 14 16 | 03
#1451-d204 @A: 14 26 32 19 | 06
#1452-d204 @A: 32 33 13 14 | 09
#1453-d204 @A: 26 32 03 08 | 12
#1454-d204 @A: 30 28 32 33 | 02
#1455-d204 @A: 32 08 33 06 | 05
#1456-d204 @A: 28 20 32 06 | 01
#1457-d204 @A: 32 04 35 05 | 07
#1458-d204 @A: 15 02 06 14 | 04
#1459-d204 @A: 23 08 02 16 | 08
#1460-d204 @A: 14 02 16 04 | 10
#1461-d204 @A: 02 19 08 03 | 11
#1462-d204 @A: 19 34 02 35 | 03
#1463-d204 @A: 11 02 19 33 | 06
#1464-d204 @A: 13 26 24 02 | 09
#1465-d204 @A: 24 02 34 03 | 12
#1466-d204 @A: 33 13 15 01 | 02
#1467-d204 @A: 16 15 34 18 | 05
#1468-d204 @A: 15 10 20 18 | 01
#1469-d204 @A: 04 12 07 15 | 07
#1470-d204 @A: 13 35 23 15 | 04
#1471-d204 @A: 13 06 15 16 | 08
#1472-d204 @A: 11 28 07 15 | 10
#1473-d204 @A: 20 15 35 03 | 11
#1474-d204 @A: 29 09 01 10 | 03
#1475-d204 @A: 29 20 01 04 | 06
#1476-d204 @A: 12 01 03 20 | 09
#1477-d204 @A: 01 10 28 03 | 12
#1478-d204 @A: 01 06 08 05 | 02
#1479-d204 @A: 06 09 01 11 | 05
#1480-d204 @A: 28 26 04 01 | 01
#1481-d204 @A: 29 04 21 13 | 07
#1482-d204 @A: 21 10 35 18 | 04
#1483-d204 @A: 23 26 21 06 | 08
#1484-d204 @A: 03 21 34 26 | 10
#1485-d204 @A: 34 04 21 05 | 11
#1486-d204 @A: 09 30 21 28 | 03
#1487-d204 @A: 29 16 19 28 | 06
#1488-d204 @A: 05 29 03 16 | 09
#1489-d204 @A: 34 29 24 19 | 12
#1490-d204 @A: 29 13 35 09 | 02
#1491-d204 @A: 03 28 29 26 | 05
#1492-d204 @A: 33 30 08 29 | 01
#1493-d204 @A: 24 11 30 29 | 07
#1494-d204 @A: 08 05 29 09 | 04
#1495-d204 @A: 29 24 20 09 | 08
#1496-d204 @A: 04 12 18 13 | 10
#1497-d204 @A: 12 07 30 18 | 11
#1498-d204 @A: 33 22 18 06 | 03
#1499-d204 @A: 26 35 20 18 | 06
#1500-d204 @A: 11 12 28 23 | 09
#1501-d204 @A: 14 12 30 19 | 12
#1502-d204 @A: 19 35 12 09 | 02
#1503-d204 @A: 20 08 13 12 | 05
#1504-d204 @A: 22 03 24 12 | 01
#1505-d204 @A: 04 12 35 08 | 07
#1506-d204 @A: 30 23 16 13 | 04
#1507-d204 @A: 28 16 26 23 | 08
#1508-d204 @A: 23 20 07 19 | 10
#1509-d204 @A: 13 23 22 07 | 11
#1510-d204 @A: 08 30 23 22 | 03
#1511-d204 @A: 23 08 24 09 | 06
#1512-d204 @A: 23 04 33 24 | 09
#1513-d204 @A: 24 26 23 35 | 12
#1514-d204 @A: 22 05 35 23 | 02
#1515-d204 @A: 04 16 34 19 | 05
#1516-d204 @A: 16 13 14 08 | 01
#1517-d204 @A: 16 35 03 09 | 07
#1518-d204 @A: 03 19 10 34 | 04
#1519-d204 @A: 06 03 19 22 | 08
#1520-d204 @A: 19 06 34 09 | 10
#1521-d204 @A: 19 34 26 28 | 11
#1522-d204 @A: 05 11 30 19 | 03
#1523-d204 @A: 10 19 26 05 | 06
#1524-d204 @A: 03 10 35 13 | 09
#1525-d204 @A: 07 30 09 05 | 12
#1526-d204 @A: 07 09 28 06 | 02
#1527-d204 @A: 14 03 04 20 | 05
#1528-d204 @A: 20 04 11 34 | 01
#1529-d204 @A: 10 11 30 04 | 07
#1530-d204 @A: 20 06 30 11 | 04
#1531-d204 @A: 11 28 09 26 | 08
#1532-d204 @A: 25 27 04 32 | 10
#1533-d204 @A: 26 27 25 29 | 11
#1534-d204 @A: 27 25 05 18 | 03
#1535-d204 @A: 13 35 25 27 | 06
#1536-d204 @A: 15 19 32 25 | 09
#1537-d204 @A: 03 25 23 32 | 12
#1538-d204 @A: 26 14 25 02 | 02
#1539-d204 @A: 15 25 06 08 | 05
#1540-d204 @A: 21 24 29 25 | 01
#1541-d204 @A: 25 33 08 21 | 07
#1542-d204 @A: 19 25 09 30 | 04
#1543-d204 @A: 28 19 24 25 | 08
#1544-d204 @A: 25 03 33 28 | 10
#1545-d204 @A: 20 25 10 22 | 11
#1546-d204 @A: 25 26 35 10 | 03
#1547-d204 @A: 25 24 09 11 | 06
#1548-d204 @A: 17 32 24 15 | 09
#1549-d204 @A: 17 03 16 02 | 12
#1550-d204 @A: 17 35 02 10 | 02
#1551-d204 @A: 05 17 01 15 | 05
#1552-d204 @A: 17 15 12 21 | 01
#1553-d204 @A: 18 17 01 06 | 07
#1554-d204 @A: 12 17 01 11 | 04
#1555-d204 @A: 30 17 07 01 | 08
#1556-d204 @A: 21 17 18 34 | 10
#1557-d204 @A: 17 23 21 24 | 11
#1558-d204 @A: 20 21 17 26 | 03
#1559-d204 @A: 24 29 17 07 | 06
#1560-d204 @A: 16 18 17 26 | 09
#1561-d204 @A: 11 30 17 18 | 12
#1562-d204 @A: 19 12 17 04 | 02
#1563-d204 @A: 35 17 12 06 | 05
#1564-d204 @A: 16 17 10 14 | 01
#1565-d204 @A: 17 20 13 28 | 07
#1566-d204 @A: 20 08 17 03 | 04
#1567-d204 @A: 04 34 26 17 | 08
#1568-d204 @A: 05 04 17 22 | 10
#1569-d204 @A: 05 21 31 27 | 11
#1570-d204 @A: 09 26 31 27 | 03
#1571-d204 @A: 31 23 32 29 | 06
#1572-d204 @A: 14 10 32 31 | 09
#1573-d204 @A: 31 07 02 06 | 12
#1574-d204 @A: 03 13 31 15 | 02
#1575-d204 @A: 31 15 06 26 | 05
#1576-d204 @A: 18 03 21 31 | 01
#1577-d204 @A: 31 21 12 04 | 07
#1578-d204 @A: 16 14 31 05 | 04
#1579-d204 @A: 14 31 34 13 | 08
#1580-d204 @A: 20 34 31 24 | 10
#1581-d204 @A: 08 20 09 31 | 11
#1582-d204 @A: 24 05 31 11 | 03
#1583-d204 @A: 27 32 02 24 | 06
#1584-d204 @A: 02 27 03 20 | 09
#1585-d204 @A: 15 27 09 19 | 12
#1586-d204 @A: 01 27 05 07 | 02
#1587-d204 @A: 29 21 27 03 | 05
#1588-d204 @A: 21 12 24 27 | 01
#1589-d204 @A: 27 21 19 08 | 07
#1590-d204 @A: 27 33 21 14 | 04
#1591-d204 @A: 34 23 27 24 | 08
#1592-d204 @A: 07 16 27 30 | 10
#1593-d204 @A: 28 34 27 16 | 11
#1594-d204 @A: 19 13 27 05 | 03
#1595-d204 @A: 22 03 27 10 | 06
#1596-d204 @A: 09 34 08 27 | 09
#1597-d204 @A: 06 09 27 35 | 12
#1598-d204 @A: 13 32 24 01 | 02
#1599-d204 @A: 01 14 32 28 | 05
#1600-d204 @A: 09 32 18 21 | 01
#1601-d204 @A: 20 29 16 32 | 07
#1602-d204 @A: 08 28 32 29 | 04
#1603-d204 @A: 18 12 22 32 | 08
#1604-d204 @A: 18 19 33 32 | 10
#1605-d204 @A: 06 18 13 32 | 11
#1606-d204 @A: 12 32 23 33 | 03
#1607-d204 @A: 32 19 09 03 | 06
#1608-d204 @A: 32 04 28 34 | 09
#1609-d204 @A: 30 20 08 32 | 12
#1610-d204 @A: 35 05 15 02 | 02
#1611-d204 @A: 01 02 19 10 | 05
#1612-d204 @A: 09 19 21 02 | 01
#1613-d204 @A: 35 23 02 18 | 07
#1614-d204 @A: 14 09 18 02 | 04
#1615-d204 @A: 12 02 16 26 | 08
#1616-d204 @A: 23 02 19 24 | 10
#1617-d204 @A: 02 19 16 22 | 11
#1618-d204 @A: 02 10 07 16 | 03
#1619-d204 @A: 08 13 30 02 | 06
#1620-d204 @A: 14 02 22 24 | 09
#1621-d204 @A: 02 04 11 09 | 12
#1622-d204 @A: 23 15 24 01 | 02
#1623-d204 @A: 01 07 15 22 | 05
#1624-d204 @A: 18 21 15 22 | 01
#1625-d204 @A: 19 21 03 15 | 07
#1626-d204 @A: 06 21 15 35 | 04
#1627-d204 @A: 14 34 15 12 | 08
#1628-d204 @A: 30 03 15 12 | 10
#1629-d204 @A: 08 15 10 34 | 11
#1630-d204 @A: 04 30 10 15 | 03
#1631-d204 @A: 15 33 05 20 | 06
#1632-d204 @A: 21 14 01 20 | 09
#1633-d204 @A: 08 29 01 13 | 12
#1634-d204 @A: 35 01 23 33 | 02
#1635-d204 @A: 03 22 35 01 | 05
#1636-d204 @A: 01 11 30 28 | 01
#1637-d204 @A: 01 24 33 26 | 07
#1638-d204 @A: 20 28 22 01 | 04
#1639-d204 @A: 22 04 01 06 | 08
#1640-d204 @A: 11 04 29 21 | 10
#1641-d204 @A: 21 04 10 16 | 11
#1642-d204 @A: 13 21 34 10 | 03
#1643-d204 @A: 21 05 03 24 | 06
#1644-d204 @A: 13 29 24 18 | 09
#1645-d204 @A: 29 18 06 07 | 12
#1646-d204 @A: 28 29 14 33 | 02
#1647-d204 @A: 29 06 03 09 | 05
#1648-d204 @A: 06 16 23 18 | 01
#1649-d204 @A: 19 16 18 10 | 07
#1650-d204 @A: 11 33 16 18 | 04
#1651-d204 @A: 20 13 18 14 | 08
#1652-d204 @A: 18 07 04 05 | 10
#1653-d204 @A: 09 18 22 03 | 11
#1654-d204 @A: 28 18 24 10 | 03
#1655-d204 @A: 12 23 16 05 | 06
#1656-d204 @A: 33 12 13 30 | 09
#1657-d204 @A: 12 28 10 34 | 12
#1658-d204 @A: 34 08 11 12 | 02
#1659-d204 @A: 26 24 12 34 | 05
#1660-d204 @A: 11 22 12 24 | 01
#1661-d204 @A: 23 19 13 26 | 07
#1662-d204 @A: 23 04 06 34 | 04
#1663-d204 @A: 35 06 23 10 | 08
#1664-d204 @A: 23 11 26 06 | 10
#1665-d204 @A: 06 16 19 20 | 11
#1666-d204 @A: 35 07 20 16 | 03
#1667-d204 @A: 30 16 03 26 | 06
#1668-d204 @A: 34 22 33 16 | 09
#1669-d204 @A: 16 09 30 33 | 12
#1670-d204 @A: 16 05 08 24 | 02
#1671-d204 @A: 13 19 07 30 | 05
#1672-d204 @A: 19 34 11 26 | 01
#1673-d204 @A: 30 20 19 35 | 07
#1674-d204 @A: 26 06 24 19 | 04
#1675-d204 @A: 28 35 33 19 | 08
#1676-d204 @A: 30 20 03 13 | 10
#1677-d204 @A: 13 08 34 35 | 11
#1678-d204 @A: 20 13 04 35 | 03
#1679-d204 @A: 07 26 14 24 | 06
#1680-d204 @A: 03 08 30 07 | 09
#1681-d204 @A: 07 24 08 34 | 12
#1682-d204 @A: 07 04 28 24 | 02
#1683-d204 @A: 33 30 14 04 | 05
#1684-d204 @A: 14 08 24 20 | 01
#1685-d204 @A: 14 28 35 24 | 07
#1686-d204 @A: 09 33 14 05 | 04
#1687-d204 @A: 20 14 09 26 | 08
#1688-d204 @A: 33 22 20 14 | 10
#1689-d204 @A: 11 05 34 06 | 11
