#0001-d233 @A: 16 14 19 03 | 08
#0002-d233 @A: 23 32 20 16 | 12
#0003-d233 @A: 12 10 16 25 | 04
#0004-d233 @A: 10 30 16 20 | 11
#0005-d233 @A: 16 27 14 10 | 09
#0006-d233 @A: 22 14 06 16 | 05
#0007-d233 @A: 24 15 05 16 | 10
#0008-d233 @A: 31 30 16 05 | 02
#0009-d233 @A: 12 18 16 19 | 01
#0010-d233 @A: 27 12 16 13 | 07
#0011-d233 @A: 16 04 02 12 | 03
#0012-d233 @A: 11 27 33 16 | 06
#0013-d233 @A: 01 18 28 16 | 08
#0014-d233 @A: 13 15 16 01 | 12
#0015-d233 @A: 30 21 16 15 | 04
#0016-d233 @A: 27 29 23 16 | 11
#0017-d233 @A: 31 29 13 16 | 09
#0018-d233 @A: 16 19 07 13 | 05
#0019-d233 @A: 23 04 07 16 | 10
#0020-d233 @A: 16 31 09 34 | 02
#0021-d233 @A: 30 23 14 16 | 01
#0022-d233 @A: 04 24 16 34 | 07
#0023-d233 @A: 32 17 03 35 | 03
#0024-d233 @A: 03 15 04 32 | 06
#0025-d233 @A: 30 18 10 03 | 08
#0026-d233 @A: 22 08 25 03 | 12
#0027-d233 @A: 09 03 20 22 | 04
#0028-d233 @A: 11 22 27 03 | 11
#0029-d233 @A: 34 22 03 02 | 09
#0030-d233 @A: 05 03 08 06 | 05
#0031-d233 @A: 05 35 33 03 | 10
#0032-d233 @A: 25 04 03 05 | 02
#0033-d233 @A: 18 31 08 03 | 01
#0034-d233 @A: 03 12 21 24 | 07
#0035-d233 @A: 03 25 15 20 | 03
#0036-d233 @A: 31 03 07 24 | 06
#0037-d233 @A: 20 24 01 03 | 08
#0038-d233 @A: 01 25 35 03 | 12
#0039-d233 @A: 02 35 03 19 | 04
#0040-d233 @A: 08 30 10 32 | 11
#0041-d233 @A: 08 24 32 22 | 09
#0042-d233 @A: 22 06 18 32 | 05
#0043-d233 @A: 35 22 13 32 | 10
#0044-d233 @A: 32 02 28 12 | 02
#0045-d233 @A: 32 07 30 06 | 01
#0046-d233 @A: 32 02 27 20 | 07
#0047-d233 @A: 32 11 04 34 | 03
#0048-d233 @A: 33 10 17 08 | 06
#0049-d233 @A: 17 04 06 05 | 08
#0050-d233 @A: 08 27 17 06 | 12
#0051-d233 @A: 12 17 18 29 | 04
#0052-d233 @A: 12 13 17 26 | 11
#0053-d233 @A: 12 17 02 09 | 09
#0054-d233 @A: 17 01 33 11 | 05
#0055-d233 @A: 15 27 17 21 | 10
#0056-d233 @A: 07 28 29 17 | 02
#0057-d233 @A: 09 07 17 13 | 01
#0058-d233 @A: 34 01 17 35 | 07
#0059-d233 @A: 09 17 19 11 | 03
#0060-d233 @A: 17 31 24 19 | 06
#0061-d233 @A: 07 22 15 10 | 08
#0062-d233 @A: 10 04 22 29 | 12
#0063-d233 @A: 10 12 28 05 | 04
#0064-d233 @A: 12 10 31 27 | 11
#0065-d233 @A: 27 10 06 29 | 09
#0066-d233 @A: 10 27 21 20 | 05
#0067-d233 @A: 31 10 24 23 | 10
#0068-d233 @A: 30 22 05 27 | 02
#0069-d233 @A: 13 05 22 31 | 01
#0070-d233 @A: 07 21 22 12 | 07
#0071-d233 @A: 22 26 28 33 | 03
#0072-d233 @A: 35 33 34 22 | 06
#0073-d233 @A: 22 04 18 09 | 08
#0074-d233 @A: 27 34 22 28 | 12
#0075-d233 @A: 07 27 06 22 | 04
#0076-d233 @A: 25 23 20 22 | 11
#0077-d233 @A: 23 09 35 22 | 09
#0078-d233 @A: 31 22 11 23 | 05
#0079-d233 @A: 31 33 05 08 | 10
#0080-d233 @A: 23 08 29 05 | 02
#0081-d233 @A: 05 33 12 06 | 01
#0082-d233 @A: 12 18 05 01 | 07
#0083-d233 @A: 11 05 30 12 | 03
#0084-d233 @A: 29 30 05 18 | 06
#0085-d233 @A: 28 09 18 05 | 08
#0086-d233 @A: 14 31 18 05 | 12
#0087-d233 @A: 02 11 35 05 | 04
#0088-d233 @A: 34 14 05 19 | 11
#0089-d233 @A: 07 12 08 19 | 09
#0090-d233 @A: 30 08 09 12 | 05
#0091-d233 @A: 18 14 08 33 | 10
#0092-d233 @A: 08 23 15 33 | 02
#0093-d233 @A: 07 01 08 18 | 01
#0094-d233 @A: 08 11 35 15 | 07
#0095-d233 @A: 09 08 20 24 | 03
#0096-d233 @A: 26 08 27 04 | 06
#0097-d233 @A: 01 25 30 08 | 08
#0098-d233 @A: 33 19 20 12 | 12
#0099-d233 @A: 13 12 33 09 | 04
#0100-d233 @A: 15 07 12 04 | 11
#0101-d233 @A: 15 12 11 27 | 09
#0102-d233 @A: 21 12 01 09 | 05
#0103-d233 @A: 24 12 01 25 | 10
#0104-d233 @A: 20 18 23 33 | 02
#0105-d233 @A: 33 35 02 18 | 01
#0106-d233 @A: 09 33 34 29 | 07
#0107-d233 @A: 20 06 27 33 | 03
#0108-d233 @A: 31 20 33 13 | 06
#0109-d233 @A: 33 20 24 26 | 08
#0110-d233 @A: 30 01 33 35 | 12
#0111-d233 @A: 14 11 33 34 | 04
#0112-d233 @A: 14 23 02 33 | 11
#0113-d233 @A: 01 21 33 14 | 09
#0114-d233 @A: 14 18 29 23 | 05
#0115-d233 @A: 21 18 20 28 | 10
#0116-d233 @A: 18 20 07 30 | 02
#0117-d233 @A: 27 18 02 07 | 01
#0118-d233 @A: 18 11 06 35 | 07
#0119-d233 @A: 30 06 18 02 | 03
#0120-d233 @A: 29 15 23 20 | 06
#0121-d233 @A: 15 29 21 04 | 08
#0122-d233 @A: 15 07 26 28 | 12
#0123-d233 @A: 35 15 27 07 | 04
#0124-d233 @A: 24 15 27 14 | 11
#0125-d233 @A: 13 24 21 15 | 09
#0126-d233 @A: 15 34 06 14 | 05
#0127-d233 @A: 29 13 28 01 | 10
#0128-d233 @A: 28 23 34 29 | 02
#0129-d233 @A: 07 14 35 29 | 01
#0130-d233 @A: 31 29 30 35 | 07
#0131-d233 @A: 14 29 09 21 | 03
#0132-d233 @A: 14 34 26 29 | 06
#0133-d233 @A: 26 29 23 19 | 08
#0134-d233 @A: 02 06 01 29 | 12
#0135-d233 @A: 19 28 35 04 | 04
#0136-d233 @A: 04 28 34 14 | 11
#0137-d233 @A: 28 21 23 04 | 09
#0138-d233 @A: 31 28 01 24 | 05
#0139-d233 @A: 35 26 07 25 | 10
#0140-d233 @A: 11 07 14 02 | 02
#0141-d233 @A: 23 07 21 26 | 01
#0142-d233 @A: 04 07 26 02 | 07
#0143-d233 @A: 09 31 04 20 | 03
#0144-d233 @A: 24 31 34 20 | 06
#0145-d233 @A: 09 19 34 27 | 08
#0146-d233 @A: 27 01 09 11 | 12
#0147-d233 @A: 27 02 31 24 | 04
#0148-d233 @A: 09 13 23 26 | 11
#0149-d233 @A: 09 04 13 01 | 09
#0150-d233 @A: 02 13 19 09 | 05
#0151-d233 @A: 34 04 13 19 | 10
#0152-d233 @A: 11 06 04 13 | 02
#0153-d233 @A: 30 35 31 24 | 01
#0154-d233 @A: 22 32 16 34 | 07
#0155-d233 @A: 17 16 18 06 | 03
#0156-d233 @A: 16 21 22 10 | 06
#0157-d233 @A: 26 14 16 05 | 08
#0158-d233 @A: 08 16 30 24 | 12
#0159-d233 @A: 15 16 20 12 | 04
#0160-d233 @A: 28 14 16 12 | 11
#0161-d233 @A: 01 12 16 35 | 09
#0162-d233 @A: 29 16 33 14 | 05
#0163-d233 @A: 16 18 13 24 | 10
#0164-d233 @A: 28 16 21 29 | 02
#0165-d233 @A: 14 09 16 04 | 01
#0166-d233 @A: 25 01 16 09 | 07
#0167-d233 @A: 06 03 32 20 | 03
#0168-d233 @A: 27 19 32 03 | 06
#0169-d233 @A: 22 17 03 29 | 08
#0170-d233 @A: 14 03 18 17 | 12
#0171-d233 @A: 10 03 14 28 | 04
#0172-d233 @A: 10 01 13 03 | 11
#0173-d233 @A: 03 30 22 26 | 09
#0174-d233 @A: 26 05 13 03 | 05
#0175-d233 @A: 28 03 08 04 | 10
#0176-d233 @A: 12 33 03 30 | 02
#0177-d233 @A: 03 20 01 12 | 01
#0178-d233 @A: 14 03 33 15 | 07
#0179-d233 @A: 28 03 21 15 | 03
#0180-d233 @A: 28 03 29 09 | 06
#0181-d233 @A: 20 07 23 03 | 08
#0182-d233 @A: 03 30 20 27 | 12
#0183-d233 @A: 14 11 23 03 | 04
#0184-d233 @A: 31 30 03 23 | 11
#0185-d233 @A: 03 25 02 30 | 09
#0186-d233 @A: 01 15 17 32 | 05
#0187-d233 @A: 32 04 27 10 | 10
#0188-d233 @A: 23 32 05 18 | 02
#0189-d233 @A: 32 12 35 18 | 01
#0190-d233 @A: 32 25 33 20 | 07
#0191-d233 @A: 07 32 04 18 | 03
#0192-d233 @A: 32 14 20 18 | 06
#0193-d233 @A: 35 18 24 32 | 08
#0194-d233 @A: 09 07 32 15 | 12
#0195-d233 @A: 02 35 15 32 | 04
#0196-d233 @A: 21 29 13 32 | 11
#0197-d233 @A: 32 27 25 28 | 09
#0198-d233 @A: 13 28 32 06 | 05
#0199-d233 @A: 32 28 35 26 | 10
#0200-d233 @A: 30 32 28 01 | 02
#0201-d233 @A: 32 07 02 23 | 01
#0202-d233 @A: 32 14 21 23 | 07
#0203-d233 @A: 24 26 25 32 | 03
#0204-d233 @A: 10 18 35 17 | 06
#0205-d233 @A: 24 10 17 07 | 08
#0206-d233 @A: 20 10 17 25 | 12
#0207-d233 @A: 07 14 17 22 | 04
#0208-d233 @A: 06 13 22 17 | 11
#0209-d233 @A: 17 05 07 21 | 09
#0210-d233 @A: 05 09 17 20 | 05
#0211-d233 @A: 17 05 13 02 | 10
#0212-d233 @A: 18 08 17 24 | 02
#0213-d233 @A: 17 18 33 21 | 01
#0214-d233 @A: 26 33 20 17 | 07
#0215-d233 @A: 13 17 14 33 | 03
#0216-d233 @A: 33 02 17 19 | 06
#0217-d233 @A: 18 17 28 02 | 08
#0218-d233 @A: 18 34 20 17 | 12
#0219-d233 @A: 27 28 14 17 | 04
#0220-d233 @A: 17 21 09 30 | 11
#0221-d233 @A: 06 17 26 19 | 09
#0222-d233 @A: 01 17 04 25 | 05
#0223-d233 @A: 15 10 24 22 | 10
#0224-d233 @A: 10 22 20 35 | 02
#0225-d233 @A: 08 21 10 05 | 01
#0226-d233 @A: 15 30 05 10 | 07
#0227-d233 @A: 34 10 08 24 | 03
#0228-d233 @A: 12 15 35 10 | 06
#0229-d233 @A: 12 01 29 10 | 08
#0230-d233 @A: 10 11 12 24 | 12
#0231-d233 @A: 27 10 13 33 | 04
#0232-d233 @A: 28 04 18 10 | 11
#0233-d233 @A: 10 26 27 24 | 09
#0234-d233 @A: 35 10 26 06 | 05
#0235-d233 @A: 10 34 09 21 | 10
#0236-d233 @A: 25 26 34 10 | 02
#0237-d233 @A: 01 34 06 10 | 01
#0238-d233 @A: 30 10 26 31 | 07
#0239-d233 @A: 23 02 10 21 | 03
#0240-d233 @A: 31 10 02 01 | 06
#0241-d233 @A: 24 12 22 05 | 08
#0242-d233 @A: 18 15 22 05 | 12
#0243-d233 @A: 29 22 05 01 | 04
#0244-d233 @A: 09 31 12 22 | 11
#0245-d233 @A: 22 20 02 28 | 09
#0246-d233 @A: 35 24 22 01 | 05
#0247-d233 @A: 22 34 23 30 | 10
#0248-d233 @A: 22 11 26 25 | 02
#0249-d233 @A: 22 01 04 19 | 01
#0250-d233 @A: 06 04 22 24 | 07
#0251-d233 @A: 18 05 27 13 | 03
#0252-d233 @A: 18 05 11 34 | 06
#0253-d233 @A: 15 35 05 14 | 08
#0254-d233 @A: 05 26 28 27 | 12
#0255-d233 @A: 27 24 05 04 | 04
#0256-d233 @A: 05 13 23 21 | 11
#0257-d233 @A: 34 05 30 09 | 09
#0258-d233 @A: 19 05 30 26 | 05
#0259-d233 @A: 19 02 04 05 | 10
#0260-d233 @A: 01 08 09 29 | 02
#0261-d233 @A: 23 07 08 30 | 01
#0262-d233 @A: 14 20 21 08 | 07
#0263-d233 @A: 23 34 08 09 | 03
#0264-d233 @A: 04 30 14 08 | 06
#0265-d233 @A: 08 02 11 30 | 08
#0266-d233 @A: 06 08 21 11 | 12
#0267-d233 @A: 19 31 01 08 | 04
#0268-d233 @A: 14 33 12 07 | 11
#0269-d233 @A: 18 14 30 12 | 09
#0270-d233 @A: 29 12 23 24 | 05
#0271-d233 @A: 12 31 29 25 | 10
#0272-d233 @A: 12 28 21 13 | 02
#0273-d233 @A: 23 01 27 12 | 01
#0274-d233 @A: 02 12 26 35 | 07
#0275-d233 @A: 12 09 19 06 | 03
#0276-d233 @A: 12 11 06 14 | 06
#0277-d233 @A: 34 25 12 04 | 08
#0278-d233 @A: 24 33 07 15 | 12
#0279-d233 @A: 29 23 31 33 | 04
#0280-d233 @A: 35 06 28 33 | 11
#0281-d233 @A: 14 27 04 33 | 09
#0282-d233 @A: 33 14 35 09 | 05
#0283-d233 @A: 15 20 19 18 | 10
#0284-d233 @A: 30 15 23 18 | 02
#0285-d233 @A: 24 20 18 07 | 01
#0286-d233 @A: 34 18 25 09 | 07
#0287-d233 @A: 04 34 18 23 | 03
#0288-d233 @A: 18 31 19 34 | 06
#0289-d233 @A: 30 25 31 18 | 08
#0290-d233 @A: 15 34 13 20 | 12
#0291-d233 @A: 14 26 20 15 | 04
#0292-d233 @A: 20 02 04 15 | 11
#0293-d233 @A: 04 34 15 09 | 09
#0294-d233 @A: 28 29 19 27 | 05
#0295-d233 @A: 27 34 29 24 | 10
#0296-d233 @A: 11 29 30 26 | 02
#0297-d233 @A: 29 25 19 11 | 01
#0298-d233 @A: 31 24 29 25 | 07
#0299-d233 @A: 11 02 27 28 | 03
#0300-d233 @A: 09 01 28 26 | 06
#0301-d233 @A: 26 28 30 02 | 08
#0302-d233 @A: 25 02 28 19 | 12
#0303-d233 @A: 09 06 07 11 | 04
#0304-d233 @A: 14 23 07 19 | 11
#0305-d233 @A: 21 07 19 11 | 09
#0306-d233 @A: 01 07 26 19 | 05
#0307-d233 @A: 20 34 14 23 | 10
#0308-d233 @A: 14 20 21 24 | 02
#0309-d233 @A: 25 14 04 20 | 01
#0310-d233 @A: 06 21 19 20 | 07
#0311-d233 @A: 19 26 04 20 | 03
#0312-d233 @A: 27 13 30 04 | 06
#0313-d233 @A: 27 25 13 23 | 08
#0314-d233 @A: 27 30 09 23 | 12
#0315-d233 @A: 34 27 25 11 | 04
#0316-d233 @A: 31 02 35 13 | 11
#0317-d233 @A: 19 30 01 13 | 09
#0318-d233 @A: 31 19 23 13 | 05
#0319-d233 @A: 21 02 24 09 | 10
#0320-d233 @A: 09 24 19 11 | 02
#0321-d233 @A: 34 19 14 24 | 01
#0322-d233 @A: 18 16 03 15 | 07
#0323-d233 @A: 07 06 16 03 | 03
#0324-d233 @A: 16 11 29 17 | 06
#0325-d233 @A: 17 24 16 01 | 08
#0326-d233 @A: 35 16 29 10 | 12
#0327-d233 @A: 22 16 26 29 | 04
#0328-d233 @A: 31 07 16 22 | 11
#0329-d233 @A: 35 16 33 08 | 09
#0330-d233 @A: 02 07 16 08 | 05
#0331-d233 @A: 28 19 20 16 | 10
#0332-d233 @A: 16 26 28 13 | 02
#0333-d233 @A: 09 20 07 16 | 01
#0334-d233 @A: 26 04 35 16 | 07
#0335-d233 @A: 09 16 11 30 | 03
#0336-d233 @A: 25 11 16 14 | 06
#0337-d233 @A: 34 16 11 01 | 08
#0338-d233 @A: 16 11 19 04 | 12
#0339-d233 @A: 03 17 31 10 | 04
#0340-d233 @A: 21 03 05 22 | 11
#0341-d233 @A: 05 30 03 01 | 09
#0342-d233 @A: 03 08 02 33 | 05
#0343-d233 @A: 07 12 03 26 | 10
#0344-d233 @A: 27 15 13 03 | 02
#0345-d233 @A: 03 19 28 26 | 01
#0346-d233 @A: 24 32 17 33 | 07
#0347-d233 @A: 17 32 20 30 | 03
#0348-d233 @A: 02 10 32 22 | 06
#0349-d233 @A: 32 10 19 05 | 08
#0350-d233 @A: 10 15 06 32 | 12
#0351-d233 @A: 20 10 11 32 | 04
#0352-d233 @A: 32 10 21 26 | 11
#0353-d233 @A: 26 32 12 22 | 09
#0354-d233 @A: 33 01 05 32 | 05
#0355-d233 @A: 32 31 12 08 | 10
#0356-d233 @A: 19 09 32 08 | 02
#0357-d233 @A: 32 12 21 33 | 01
#0358-d233 @A: 15 19 32 12 | 07
#0359-d233 @A: 02 26 34 32 | 03
#0360-d233 @A: 24 22 17 30 | 06
#0361-d233 @A: 27 17 05 35 | 08
#0362-d233 @A: 11 23 18 17 | 12
#0363-d233 @A: 15 17 13 11 | 04
#0364-d233 @A: 29 17 35 13 | 11
#0365-d233 @A: 09 23 17 29 | 09
#0366-d233 @A: 24 17 14 13 | 05
#0367-d233 @A: 30 14 17 31 | 10
#0368-d233 @A: 23 21 17 34 | 02
#0369-d233 @A: 02 31 21 17 | 01
#0370-d233 @A: 10 14 06 08 | 07
#0371-d233 @A: 10 06 20 12 | 03
#0372-d233 @A: 10 15 01 18 | 06
#0373-d233 @A: 20 10 15 28 | 08
#0374-d233 @A: 27 15 10 25 | 12
#0375-d233 @A: 29 14 10 19 | 04
#0376-d233 @A: 24 20 35 10 | 11
#0377-d233 @A: 30 10 13 24 | 09
#0378-d233 @A: 06 22 02 05 | 05
#0379-d233 @A: 22 12 14 08 | 10
#0380-d233 @A: 08 22 15 19 | 02
#0381-d233 @A: 23 08 22 28 | 01
#0382-d233 @A: 33 13 02 22 | 07
#0383-d233 @A: 18 13 21 22 | 03
#0384-d233 @A: 22 31 18 35 | 06
#0385-d233 @A: 07 30 35 22 | 08
#0386-d233 @A: 21 27 23 22 | 12
#0387-d233 @A: 35 21 14 22 | 04
#0388-d233 @A: 26 22 34 09 | 11
#0389-d233 @A: 21 06 34 22 | 09
#0390-d233 @A: 21 25 01 22 | 05
#0391-d233 @A: 30 08 05 35 | 10
#0392-d233 @A: 05 34 33 13 | 02
#0393-d233 @A: 13 20 05 19 | 01
#0394-d233 @A: 01 34 05 02 | 07
#0395-d233 @A: 04 21 05 30 | 03
#0396-d233 @A: 06 26 05 11 | 06
#0397-d233 @A: 25 05 19 06 | 08
#0398-d233 @A: 08 25 18 29 | 12
#0399-d233 @A: 20 18 35 08 | 04
#0400-d233 @A: 13 08 18 09 | 11
#0401-d233 @A: 02 28 08 13 | 09
#0402-d233 @A: 28 34 01 08 | 05
#0403-d233 @A: 31 08 21 24 | 10
#0404-d233 @A: 04 08 02 31 | 02
#0405-d233 @A: 12 07 23 28 | 01
#0406-d233 @A: 24 12 27 28 | 07
#0407-d233 @A: 12 31 07 20 | 03
#0408-d233 @A: 35 25 09 12 | 06
#0409-d233 @A: 14 19 12 02 | 08
#0410-d233 @A: 24 34 30 12 | 12
#0411-d233 @A: 12 34 23 31 | 04
#0412-d233 @A: 01 12 30 02 | 11
#0413-d233 @A: 02 11 23 12 | 09
#0414-d233 @A: 27 33 15 02 | 05
#0415-d233 @A: 02 21 20 33 | 10
#0416-d233 @A: 21 33 35 24 | 02
#0417-d233 @A: 33 25 30 23 | 01
#0418-d233 @A: 23 11 33 21 | 07
#0419-d233 @A: 09 18 35 19 | 03
#0420-d233 @A: 25 14 01 18 | 06
#0421-d233 @A: 15 19 13 06 | 08
#0422-d233 @A: 25 06 35 15 | 12
#0423-d233 @A: 15 25 09 23 | 04
#0424-d233 @A: 26 21 01 15 | 11
#0425-d233 @A: 29 27 30 02 | 09
#0426-d233 @A: 04 29 09 11 | 05
#0427-d233 @A: 29 06 30 19 | 10
#0428-d233 @A: 06 28 07 21 | 02
#0429-d233 @A: 28 13 14 11 | 01
#0430-d233 @A: 31 26 27 07 | 07
#0431-d233 @A: 25 31 07 23 | 03
#0432-d233 @A: 30 04 20 23 | 06
#0433-d233 @A: 23 20 26 11 | 08
#0434-d233 @A: 26 13 27 02 | 12
#0435-d233 @A: 01 14 19 27 | 04
#0436-d233 @A: 27 04 01 34 | 11
#0437-d233 @A: 25 30 21 27 | 09
#0438-d233 @A: 27 01 30 31 | 05
#0439-d233 @A: 06 11 23 27 | 10
#0440-d233 @A: 14 09 13 25 | 02
#0441-d233 @A: 34 06 13 23 | 01
#0442-d233 @A: 34 01 13 25 | 07
#0443-d233 @A: 04 31 35 24 | 03
#0444-d233 @A: 21 17 03 16 | 06
#0445-d233 @A: 23 34 03 16 | 08
#0446-d233 @A: 17 01 05 16 | 12
#0447-d233 @A: 23 16 17 13 | 04
#0448-d233 @A: 09 18 16 10 | 11
#0449-d233 @A: 04 10 15 16 | 09
#0450-d233 @A: 10 24 16 29 | 05
#0451-d233 @A: 24 22 16 11 | 10
#0452-d233 @A: 06 08 16 12 | 02
#0453-d233 @A: 21 18 08 16 | 01
#0454-d233 @A: 33 18 07 16 | 07
#0455-d233 @A: 15 07 11 16 | 03
#0456-d233 @A: 16 15 31 23 | 06
#0457-d233 @A: 25 07 16 28 | 08
#0458-d233 @A: 19 16 35 06 | 12
#0459-d233 @A: 11 16 31 35 | 04
#0460-d233 @A: 09 16 26 19 | 11
#0461-d233 @A: 31 06 02 16 | 09
#0462-d233 @A: 10 32 03 09 | 05
#0463-d233 @A: 03 04 24 32 | 10
#0464-d233 @A: 03 17 34 12 | 02
#0465-d233 @A: 03 15 10 34 | 01
#0466-d233 @A: 07 03 22 33 | 07
#0467-d233 @A: 14 03 05 29 | 03
#0468-d233 @A: 08 12 03 21 | 06
#0469-d233 @A: 03 35 12 13 | 08
#0470-d233 @A: 13 18 06 03 | 12
#0471-d233 @A: 15 26 11 03 | 04
#0472-d233 @A: 20 21 29 03 | 11
#0473-d233 @A: 13 34 03 28 | 09
#0474-d233 @A: 03 25 27 07 | 05
#0475-d233 @A: 30 03 09 04 | 10
#0476-d233 @A: 02 03 06 26 | 02
#0477-d233 @A: 01 02 04 03 | 01
#0478-d233 @A: 06 03 01 19 | 07
#0479-d233 @A: 22 17 32 04 | 03
#0480-d233 @A: 17 12 32 06 | 06
#0481-d233 @A: 22 21 32 20 | 08
#0482-d233 @A: 19 22 32 30 | 12
#0483-d233 @A: 18 32 02 08 | 04
#0484-d233 @A: 25 32 13 12 | 11
#0485-d233 @A: 32 23 13 15 | 09
#0486-d233 @A: 20 07 19 32 | 05
#0487-d233 @A: 32 14 27 11 | 10
#0488-d233 @A: 32 14 31 26 | 02
#0489-d233 @A: 26 32 04 30 | 01
#0490-d233 @A: 06 32 24 23 | 07
#0491-d233 @A: 32 01 24 19 | 03
#0492-d233 @A: 11 06 01 32 | 06
#0493-d233 @A: 10 01 17 27 | 08
#0494-d233 @A: 05 22 34 17 | 12
#0495-d233 @A: 17 04 15 08 | 04
#0496-d233 @A: 13 17 08 19 | 11
#0497-d233 @A: 35 12 17 33 | 09
#0498-d233 @A: 20 28 17 23 | 05
#0499-d233 @A: 27 17 07 23 | 10
#0500-d233 @A: 34 17 13 30 | 02
#0501-d233 @A: 17 25 02 35 | 01
#0502-d233 @A: 26 30 17 23 | 07
#0503-d233 @A: 22 11 10 13 | 03
#0504-d233 @A: 34 05 29 10 | 06
#0505-d233 @A: 15 10 09 08 | 08
#0506-d233 @A: 10 08 29 07 | 12
#0507-d233 @A: 10 11 12 07 | 04
#0508-d233 @A: 13 10 19 12 | 11
#0509-d233 @A: 19 10 15 33 | 09
#0510-d233 @A: 34 30 10 27 | 05
#0511-d233 @A: 10 35 11 09 | 10
#0512-d233 @A: 10 09 02 25 | 02
#0513-d233 @A: 22 08 05 09 | 01
#0514-d233 @A: 22 04 28 05 | 07
#0515-d233 @A: 22 18 08 26 | 03
#0516-d233 @A: 21 33 22 15 | 06
#0517-d233 @A: 22 02 18 29 | 08
#0518-d233 @A: 28 18 22 14 | 12
#0519-d233 @A: 34 24 22 18 | 04
#0520-d233 @A: 24 28 20 22 | 11
#0521-d233 @A: 20 13 27 22 | 09
#0522-d233 @A: 20 14 30 22 | 05
#0523-d233 @A: 22 11 09 14 | 10
#0524-d233 @A: 01 22 09 30 | 02
#0525-d233 @A: 09 19 21 22 | 01
#0526-d233 @A: 19 22 24 21 | 07
#0527-d233 @A: 14 12 27 05 | 03
#0528-d233 @A: 28 33 05 02 | 06
#0529-d233 @A: 11 15 29 05 | 08
#0530-d233 @A: 13 05 29 06 | 12
#0531-d233 @A: 05 25 28 13 | 04
#0532-d233 @A: 07 34 05 20 | 11
#0533-d233 @A: 05 01 13 07 | 09
#0534-d233 @A: 20 05 27 23 | 05
#0535-d233 @A: 09 19 05 23 | 10
#0536-d233 @A: 25 05 14 30 | 02
#0537-d233 @A: 26 12 08 15 | 01
#0538-d233 @A: 08 29 19 20 | 07
#0539-d233 @A: 31 27 08 28 | 03
#0540-d233 @A: 27 20 34 08 | 06
#0541-d233 @A: 35 08 19 14 | 08
#0542-d233 @A: 14 34 08 02 | 12
#0543-d233 @A: 23 26 08 25 | 04
#0544-d233 @A: 12 29 33 11 | 11
#0545-d233 @A: 27 18 12 26 | 09
#0546-d233 @A: 18 11 04 12 | 05
#0547-d233 @A: 20 12 13 23 | 10
#0548-d233 @A: 21 26 20 12 | 02
#0549-d233 @A: 13 12 24 04 | 01
#0550-d233 @A: 12 06 23 35 | 07
#0551-d233 @A: 21 35 19 12 | 03
#0552-d233 @A: 04 23 09 12 | 06
#0553-d233 @A: 14 01 34 12 | 08
#0554-d233 @A: 18 33 19 29 | 12
#0555-d233 @A: 15 20 09 33 | 04
#0556-d233 @A: 29 07 33 02 | 11
#0557-d233 @A: 34 23 33 19 | 09
#0558-d233 @A: 31 33 30 11 | 05
#0559-d233 @A: 02 33 26 31 | 10
#0560-d233 @A: 33 02 11 04 | 02
#0561-d233 @A: 18 15 04 35 | 01
#0562-d233 @A: 07 34 28 18 | 07
#0563-d233 @A: 28 27 30 18 | 03
#0564-d233 @A: 01 18 09 06 | 06
#0565-d233 @A: 30 26 21 18 | 08
#0566-d233 @A: 18 25 26 04 | 12
#0567-d233 @A: 28 15 27 23 | 04
#0568-d233 @A: 15 30 11 20 | 11
#0569-d233 @A: 09 21 15 35 | 09
#0570-d233 @A: 26 15 35 30 | 05
#0571-d233 @A: 15 14 01 11 | 10
#0572-d233 @A: 15 34 02 23 | 02
#0573-d233 @A: 06 15 02 11 | 01
#0574-d233 @A: 26 07 29 13 | 07
#0575-d233 @A: 35 23 29 04 | 03
#0576-d233 @A: 04 30 29 34 | 06
#0577-d233 @A: 20 09 27 28 | 08
#0578-d233 @A: 04 28 20 01 | 12
#0579-d233 @A: 14 28 30 19 | 04
#0580-d233 @A: 04 11 28 26 | 11
#0581-d233 @A: 21 13 07 20 | 09
#0582-d233 @A: 14 26 07 06 | 05
#0583-d233 @A: 31 14 04 07 | 10
#0584-d233 @A: 21 04 07 34 | 02
#0585-d233 @A: 19 30 07 25 | 01
#0586-d233 @A: 04 01 07 06 | 07
#0587-d233 @A: 20 26 01 30 | 03
#0588-d233 @A: 27 25 14 02 | 06
#0589-d233 @A: 19 27 02 31 | 08
#0590-d233 @A: 35 11 13 19 | 12
#0591-d233 @A: 14 30 13 21 | 04
#0592-d233 @A: 14 31 13 06 | 11
#0593-d233 @A: 31 24 06 09 | 09
#0594-d233 @A: 04 25 21 24 | 05
#0595-d233 @A: 33 16 01 03 | 10
#0596-d233 @A: 27 16 03 31 | 02
#0597-d233 @A: 03 16 24 09 | 01
#0598-d233 @A: 12 11 16 32 | 07
#0599-d233 @A: 32 13 16 02 | 03
#0600-d233 @A: 16 17 12 31 | 06
#0601-d233 @A: 16 33 17 25 | 08
#0602-d233 @A: 07 16 17 26 | 12
#0603-d233 @A: 04 17 16 27 | 04
#0604-d233 @A: 16 06 13 10 | 11
#0605-d233 @A: 16 10 26 23 | 09
#0606-d233 @A: 16 05 22 20 | 05
#0607-d233 @A: 16 23 22 18 | 10
#0608-d233 @A: 27 16 01 22 | 02
#0609-d233 @A: 12 07 34 16 | 01
#0610-d233 @A: 14 18 16 02 | 07
#0611-d233 @A: 01 23 16 06 | 03
#0612-d233 @A: 19 16 24 25 | 06
#0613-d233 @A: 03 08 17 20 | 08
#0614-d233 @A: 10 03 12 02 | 12
#0615-d233 @A: 22 03 28 35 | 04
#0616-d233 @A: 03 31 04 22 | 11
#0617-d233 @A: 28 03 31 12 | 09
#0618-d233 @A: 33 03 20 28 | 05
#0619-d233 @A: 33 23 27 03 | 10
#0620-d233 @A: 03 31 33 19 | 02
#0621-d233 @A: 18 21 27 03 | 01
#0622-d233 @A: 09 15 06 03 | 07
#0623-d233 @A: 24 03 28 34 | 03
#0624-d233 @A: 03 35 30 11 | 06
#0625-d233 @A: 03 11 06 31 | 08
#0626-d233 @A: 34 17 32 14 | 12
#0627-d233 @A: 27 31 22 32 | 04
#0628-d233 @A: 05 06 32 27 | 11
#0629-d233 @A: 15 08 32 20 | 09
#0630-d233 @A: 07 24 32 12 | 05
#0631-d233 @A: 27 30 32 12 | 10
#0632-d233 @A: 01 32 18 27 | 02
#0633-d233 @A: 29 31 07 32 | 01
#0634-d233 @A: 24 30 32 29 | 07
#0635-d233 @A: 32 23 29 06 | 03
#0636-d233 @A: 11 32 13 07 | 06
#0637-d233 @A: 27 32 24 13 | 08
#0638-d233 @A: 32 04 09 35 | 12
#0639-d233 @A: 04 02 25 32 | 04
#0640-d233 @A: 10 17 22 23 | 11
#0641-d233 @A: 22 18 01 17 | 09
#0642-d233 @A: 20 17 05 24 | 05
#0643-d233 @A: 08 17 18 30 | 10
#0644-d233 @A: 11 28 08 17 | 02
#0645-d233 @A: 21 01 08 17 | 01
#0646-d233 @A: 17 15 12 23 | 07
#0647-d233 @A: 12 20 14 17 | 03
#0648-d233 @A: 18 07 19 17 | 06
#0649-d233 @A: 17 25 29 27 | 08
#0650-d233 @A: 35 29 17 24 | 12
#0651-d233 @A: 07 35 17 04 | 04
#0652-d233 @A: 17 06 02 23 | 11
#0653-d233 @A: 22 10 12 30 | 09
#0654-d233 @A: 05 04 20 10 | 05
#0655-d233 @A: 11 27 05 10 | 10
#0656-d233 @A: 34 10 33 20 | 02
#0657-d233 @A: 10 18 13 14 | 01
#0658-d233 @A: 18 24 10 19 | 07
#0659-d233 @A: 15 21 10 11 | 03
#0660-d233 @A: 31 10 21 29 | 06
#0661-d233 @A: 10 13 28 09 | 08
#0662-d233 @A: 21 35 10 07 | 12
#0663-d233 @A: 01 10 20 14 | 04
#0664-d233 @A: 35 25 10 30 | 11
#0665-d233 @A: 10 14 34 31 | 09
#0666-d233 @A: 25 14 21 10 | 05
#0667-d233 @A: 23 12 22 05 | 10
#0668-d233 @A: 08 34 07 22 | 02
#0669-d233 @A: 08 22 27 35 | 01
#0670-d233 @A: 12 24 22 31 | 07
#0671-d233 @A: 18 22 33 30 | 03
#0672-d233 @A: 13 15 22 26 | 06
#0673-d233 @A: 09 07 22 02 | 08
#0674-d233 @A: 13 22 23 01 | 12
#0675-d233 @A: 25 14 34 22 | 04
#0676-d233 @A: 25 14 24 22 | 11
#0677-d233 @A: 22 02 26 23 | 09
#0678-d233 @A: 11 04 22 21 | 05
#0679-d233 @A: 14 13 05 08 | 10
#0680-d233 @A: 05 33 30 07 | 02
#0681-d233 @A: 14 28 05 07 | 01
#0682-d233 @A: 34 35 05 23 | 07
#0683-d233 @A: 05 35 01 19 | 03
#0684-d233 @A: 31 34 21 05 | 06
#0685-d233 @A: 02 24 05 11 | 08
#0686-d233 @A: 29 04 12 08 | 12
#0687-d233 @A: 28 35 12 08 | 04
#0688-d233 @A: 15 06 07 08 | 11
#0689-d233 @A: 29 13 08 27 | 09
#0690-d233 @A: 24 29 27 08 | 05
#0691-d233 @A: 29 35 08 06 | 10
#0692-d233 @A: 08 09 11 20 | 02
#0693-d233 @A: 02 09 06 08 | 01
#0694-d233 @A: 04 08 01 11 | 07
#0695-d233 @A: 21 29 12 27 | 03
#0696-d233 @A: 12 34 30 06 | 06
#0697-d233 @A: 12 31 01 11 | 08
#0698-d233 @A: 20 35 33 29 | 12
#0699-d233 @A: 28 33 27 21 | 04
#0700-d233 @A: 29 18 24 21 | 11
#0701-d233 @A: 18 01 04 29 | 09
#0702-d233 @A: 13 11 20 18 | 05
#0703-d233 @A: 09 18 26 20 | 10
#0704-d233 @A: 13 25 19 18 | 02
#0705-d233 @A: 18 14 26 35 | 01
#0706-d233 @A: 06 04 18 14 | 07
#0707-d233 @A: 19 18 30 04 | 03
#0708-d233 @A: 11 18 21 31 | 06
#0709-d233 @A: 24 01 02 18 | 08
#0710-d233 @A: 25 18 11 02 | 12
#0711-d233 @A: 28 24 15 06 | 04
#0712-d233 @A: 34 25 15 31 | 11
#0713-d233 @A: 01 25 15 02 | 09
#0714-d233 @A: 07 24 09 29 | 05
#0715-d233 @A: 25 34 29 35 | 10
#0716-d233 @A: 26 01 29 35 | 02
#0717-d233 @A: 29 09 06 26 | 01
#0718-d233 @A: 14 30 29 01 | 07
#0719-d233 @A: 23 29 01 11 | 03
#0720-d233 @A: 29 02 25 23 | 06
#0721-d233 @A: 29 19 02 21 | 08
#0722-d233 @A: 24 28 23 09 | 12
#0723-d233 @A: 21 28 09 11 | 04
#0724-d233 @A: 26 28 21 14 | 11
#0725-d233 @A: 31 14 02 28 | 09
#0726-d233 @A: 31 07 35 01 | 05
#0727-d233 @A: 30 20 09 02 | 10
#0728-d233 @A: 19 20 34 01 | 02
#0729-d233 @A: 21 20 01 23 | 01
#0730-d233 @A: 06 20 01 25 | 07
#0731-d233 @A: 27 19 21 13 | 03
#0732-d233 @A: 02 27 35 23 | 06
#0733-d233 @A: 27 35 06 31 | 08
#0734-d233 @A: 25 27 09 31 | 12
#0735-d233 @A: 14 23 27 31 | 04
#0736-d233 @A: 06 27 30 26 | 11
#0737-d233 @A: 25 27 06 04 | 09
#0738-d233 @A: 23 11 30 13 | 05
#0739-d233 @A: 06 35 34 24 | 10
#0740-d233 @A: 24 35 11 23 | 02
#0741-d233 @A: 32 28 16 04 | 01
#0742-d233 @A: 27 32 16 21 | 07
#0743-d233 @A: 16 10 17 19 | 03
#0744-d233 @A: 22 17 30 16 | 06
#0745-d233 @A: 17 14 08 16 | 08
#0746-d233 @A: 16 35 17 28 | 12
#0747-d233 @A: 17 16 02 20 | 04
#0748-d233 @A: 16 09 22 33 | 11
#0749-d233 @A: 34 08 13 16 | 09
#0750-d233 @A: 26 12 24 16 | 05
#0751-d233 @A: 14 07 16 21 | 10
#0752-d233 @A: 20 31 16 21 | 02
#0753-d233 @A: 16 24 06 20 | 01
#0754-d233 @A: 01 16 14 31 | 07
#0755-d233 @A: 01 16 04 30 | 03
#0756-d233 @A: 02 16 01 26 | 06
#0757-d233 @A: 03 32 08 34 | 08
#0758-d233 @A: 03 32 31 13 | 12
#0759-d233 @A: 05 03 06 24 | 04
#0760-d233 @A: 14 08 27 03 | 11
#0761-d233 @A: 03 33 18 04 | 09
#0762-d233 @A: 29 06 33 03 | 05
#0763-d233 @A: 03 11 13 33 | 10
#0764-d233 @A: 03 29 01 31 | 02
#0765-d233 @A: 13 03 02 24 | 01
#0766-d233 @A: 04 03 35 14 | 07
#0767-d233 @A: 02 21 03 14 | 03
#0768-d233 @A: 21 23 19 03 | 06
#0769-d233 @A: 17 26 08 32 | 08
#0770-d233 @A: 24 14 32 10 | 12
#0771-d233 @A: 32 22 11 08 | 04
#0772-d233 @A: 26 32 05 07 | 11
#0773-d233 @A: 35 32 05 20 | 09
#0774-d233 @A: 24 32 09 05 | 05
#0775-d233 @A: 32 05 31 25 | 10
#0776-d233 @A: 08 35 32 21 | 02
#0777-d233 @A: 12 29 32 34 | 01
#0778-d233 @A: 07 32 01 12 | 07
#0779-d233 @A: 04 20 32 12 | 03
#0780-d233 @A: 14 32 28 33 | 06
#0781-d233 @A: 32 31 20 01 | 08
#0782-d233 @A: 24 21 34 32 | 12
#0783-d233 @A: 02 32 31 11 | 04
#0784-d233 @A: 10 17 30 29 | 11
#0785-d233 @A: 07 34 10 17 | 09
#0786-d233 @A: 06 17 10 11 | 05
#0787-d233 @A: 30 17 07 12 | 10
#0788-d233 @A: 15 18 26 17 | 02
#0789-d233 @A: 15 29 17 14 | 01
#0790-d233 @A: 17 26 35 21 | 07
#0791-d233 @A: 09 01 17 14 | 03
#0792-d233 @A: 26 02 14 17 | 06
#0793-d233 @A: 17 26 11 24 | 08
#0794-d233 @A: 10 01 22 08 | 12
#0795-d233 @A: 19 22 10 26 | 04
#0796-d233 @A: 31 05 06 10 | 11
#0797-d233 @A: 02 08 27 10 | 09
#0798-d233 @A: 10 13 08 04 | 05
#0799-d233 @A: 09 12 14 10 | 10
#0800-d233 @A: 24 28 10 33 | 02
#0801-d233 @A: 23 27 18 10 | 01
#0802-d233 @A: 29 13 23 10 | 07
#0803-d233 @A: 09 10 01 07 | 03
#0804-d233 @A: 13 30 10 02 | 06
#0805-d233 @A: 23 11 34 10 | 08
#0806-d233 @A: 15 01 12 22 | 12
#0807-d233 @A: 22 06 12 28 | 04
#0808-d233 @A: 13 34 22 12 | 11
#0809-d233 @A: 27 19 22 33 | 09
#0810-d233 @A: 18 22 25 27 | 05
#0811-d233 @A: 28 25 22 15 | 10
#0812-d233 @A: 22 29 28 30 | 02
#0813-d233 @A: 07 26 22 24 | 01
#0814-d233 @A: 22 04 26 06 | 07
#0815-d233 @A: 31 25 02 22 | 03
#0816-d233 @A: 01 05 08 27 | 06
#0817-d233 @A: 19 29 12 05 | 08
#0818-d233 @A: 13 12 04 05 | 12
#0819-d233 @A: 33 15 04 05 | 04
#0820-d233 @A: 29 05 24 33 | 11
#0821-d233 @A: 18 05 07 06 | 09
#0822-d233 @A: 05 15 21 20 | 05
#0823-d233 @A: 25 05 09 11 | 10
#0824-d233 @A: 05 02 21 26 | 02
#0825-d233 @A: 15 29 31 08 | 01
#0826-d233 @A: 08 21 15 13 | 07
#0827-d233 @A: 24 11 08 28 | 03
#0828-d233 @A: 08 21 23 31 | 06
#0829-d233 @A: 02 21 25 08 | 08
#0830-d233 @A: 19 12 33 24 | 12
#0831-d233 @A: 19 12 01 25 | 04
#0832-d233 @A: 07 34 33 15 | 11
#0833-d233 @A: 07 25 33 21 | 09
#0834-d233 @A: 13 24 33 31 | 05
#0835-d233 @A: 35 26 33 11 | 10
#0836-d233 @A: 33 04 35 25 | 02
#0837-d233 @A: 14 33 26 30 | 01
#0838-d233 @A: 33 23 24 14 | 07
#0839-d233 @A: 33 26 34 01 | 03
#0840-d233 @A: 33 04 01 23 | 06
#0841-d233 @A: 33 19 21 04 | 08
#0842-d233 @A: 26 25 33 19 | 12
#0843-d233 @A: 33 06 31 01 | 04
#0844-d233 @A: 33 02 04 24 | 11
#0845-d233 @A: 09 29 18 15 | 09
#0846-d233 @A: 06 19 18 27 | 05
#0847-d233 @A: 31 18 09 02 | 10
#0848-d233 @A: 21 02 18 04 | 02
#0849-d233 @A: 26 19 18 02 | 01
#0850-d233 @A: 24 04 15 29 | 07
#0851-d233 @A: 15 02 21 07 | 03
#0852-d233 @A: 31 20 15 27 | 06
#0853-d233 @A: 01 23 15 35 | 08
#0854-d233 @A: 15 31 11 09 | 12
#0855-d233 @A: 23 06 21 15 | 04
#0856-d233 @A: 21 19 25 15 | 11
#0857-d233 @A: 20 28 14 29 | 09
#0858-d233 @A: 29 25 07 20 | 05
#0859-d233 @A: 19 04 29 07 | 10
#0860-d233 @A: 02 09 29 35 | 02
#0861-d233 @A: 01 14 29 24 | 01
#0862-d233 @A: 14 29 25 06 | 07
#0863-d233 @A: 04 26 31 29 | 03
#0864-d233 @A: 07 28 13 27 | 06
#0865-d233 @A: 31 28 11 07 | 08
#0866-d233 @A: 24 28 14 30 | 12
#0867-d233 @A: 30 31 28 04 | 04
#0868-d233 @A: 19 31 28 21 | 11
#0869-d233 @A: 09 07 21 31 | 09
#0870-d233 @A: 06 19 07 31 | 05
#0871-d233 @A: 35 21 20 30 | 10
#0872-d233 @A: 21 20 25 09 | 02
#0873-d233 @A: 14 20 06 02 | 01
#0874-d233 @A: 02 23 31 20 | 07
#0875-d233 @A: 24 11 21 20 | 03
#0876-d233 @A: 27 34 35 21 | 06
#0877-d233 @A: 13 09 30 31 | 08
#0878-d233 @A: 26 13 14 19 | 12
#0879-d233 @A: 25 11 13 21 | 04
#0880-d233 @A: 02 30 06 24 | 11
#0881-d233 @A: 32 10 16 01 | 09
#0882-d233 @A: 31 19 16 32 | 05
#0883-d233 @A: 32 16 24 31 | 10
#0884-d233 @A: 10 07 16 05 | 02
#0885-d233 @A: 16 08 04 22 | 01
#0886-d233 @A: 29 25 05 16 | 07
#0887-d233 @A: 20 01 08 16 | 03
#0888-d233 @A: 20 13 16 14 | 06
#0889-d233 @A: 35 27 25 16 | 08
#0890-d233 @A: 04 21 16 25 | 12
#0891-d233 @A: 32 12 14 03 | 04
#0892-d233 @A: 19 03 17 05 | 11
#0893-d233 @A: 15 17 03 30 | 09
#0894-d233 @A: 17 02 03 27 | 05
#0895-d233 @A: 17 03 23 04 | 10
#0896-d233 @A: 22 03 14 13 | 02
#0897-d233 @A: 03 27 05 34 | 01
#0898-d233 @A: 08 15 24 03 | 07
#0899-d233 @A: 34 01 03 18 | 03
#0900-d233 @A: 02 03 23 18 | 06
#0901-d233 @A: 07 15 03 19 | 08
#0902-d233 @A: 28 01 27 03 | 12
#0903-d233 @A: 31 20 14 03 | 04
#0904-d233 @A: 26 03 20 34 | 11
#0905-d233 @A: 35 23 26 03 | 09
#0906-d233 @A: 03 34 14 09 | 05
#0907-d233 @A: 06 25 03 23 | 10
#0908-d233 @A: 17 18 32 31 | 02
#0909-d233 @A: 29 32 02 17 | 01
#0910-d233 @A: 10 23 32 12 | 07
#0911-d233 @A: 05 32 29 04 | 03
#0912-d233 @A: 29 14 32 08 | 06
#0913-d233 @A: 32 06 25 08 | 08
#0914-d233 @A: 15 21 18 32 | 12
#0915-d233 @A: 30 18 09 32 | 04
#0916-d233 @A: 28 32 20 34 | 11
#0917-d233 @A: 02 09 32 21 | 09
#0918-d233 @A: 21 31 06 32 | 05
#0919-d233 @A: 19 11 26 32 | 10
#0920-d233 @A: 22 17 25 12 | 02
#0921-d233 @A: 05 08 17 12 | 01
#0922-d233 @A: 17 29 05 26 | 07
#0923-d233 @A: 17 15 19 28 | 03
#0924-d233 @A: 06 21 29 17 | 06
#0925-d233 @A: 28 26 25 17 | 08
#0926-d233 @A: 17 13 20 01 | 12
#0927-d233 @A: 17 34 09 06 | 04
#0928-d233 @A: 17 14 19 21 | 11
#0929-d233 @A: 06 01 30 17 | 09
#0930-d233 @A: 30 17 11 25 | 05
#0931-d233 @A: 31 17 23 01 | 10
#0932-d233 @A: 31 10 28 22 | 02
#0933-d233 @A: 10 09 27 22 | 01
#0934-d233 @A: 10 05 21 24 | 07
#0935-d233 @A: 15 10 29 26 | 03
#0936-d233 @A: 30 10 28 07 | 06
#0937-d233 @A: 14 35 02 10 | 08
#0938-d233 @A: 19 34 10 35 | 12
#0939-d233 @A: 23 04 10 25 | 04
#0940-d233 @A: 22 19 11 12 | 11
#0941-d233 @A: 15 22 14 02 | 09
#0942-d233 @A: 11 20 22 29 | 05
#0943-d233 @A: 27 29 22 14 | 10
#0944-d233 @A: 25 12 05 20 | 02
#0945-d233 @A: 27 25 33 05 | 01
#0946-d233 @A: 07 15 23 05 | 07
#0947-d233 @A: 15 05 27 19 | 03
#0948-d233 @A: 14 06 23 05 | 06
#0949-d233 @A: 21 11 14 05 | 08
#0950-d233 @A: 23 02 30 05 | 12
#0951-d233 @A: 06 01 21 05 | 04
#0952-d233 @A: 11 12 13 08 | 11
#0953-d233 @A: 08 33 19 11 | 09
#0954-d233 @A: 24 06 33 08 | 05
#0955-d233 @A: 08 04 07 20 | 10
#0956-d233 @A: 07 13 08 35 | 02
#0957-d233 @A: 08 14 31 09 | 01
#0958-d233 @A: 21 08 09 04 | 07
#0959-d233 @A: 26 08 30 34 | 03
#0960-d233 @A: 06 08 23 04 | 06
#0961-d233 @A: 08 24 02 26 | 08
#0962-d233 @A: 12 15 31 33 | 12
#0963-d233 @A: 12 18 07 25 | 04
#0964-d233 @A: 12 28 26 29 | 11
#0965-d233 @A: 07 29 06 12 | 09
#0966-d233 @A: 12 28 27 04 | 05
#0967-d233 @A: 28 12 19 34 | 10
#0968-d233 @A: 28 30 12 25 | 02
#0969-d233 @A: 27 07 12 09 | 01
#0970-d233 @A: 35 12 20 27 | 07
#0971-d233 @A: 12 35 04 30 | 03
#0972-d233 @A: 23 12 14 26 | 06
#0973-d233 @A: 26 19 31 12 | 08
#0974-d233 @A: 26 25 12 06 | 12
#0975-d233 @A: 04 06 31 12 | 04
#0976-d233 @A: 09 25 28 33 | 11
#0977-d233 @A: 01 07 27 33 | 09
#0978-d233 @A: 33 34 30 02 | 05
#0979-d233 @A: 33 31 34 04 | 10
#0980-d233 @A: 31 07 18 15 | 02
#0981-d233 @A: 02 15 18 13 | 01
#0982-d233 @A: 18 28 29 31 | 07
#0983-d233 @A: 31 26 18 01 | 03
#0984-d233 @A: 29 28 06 15 | 06
#0985-d233 @A: 28 15 13 04 | 08
#0986-d233 @A: 07 15 20 01 | 12
#0987-d233 @A: 02 09 15 26 | 04
#0988-d233 @A: 14 04 19 15 | 11
#0989-d233 @A: 30 34 15 01 | 09
#0990-d233 @A: 15 11 25 04 | 05
#0991-d233 @A: 06 11 24 29 | 10
#0992-d233 @A: 06 28 26 20 | 02
#0993-d233 @A: 14 28 23 09 | 01
#0994-d233 @A: 14 06 01 28 | 07
#0995-d233 @A: 23 11 25 28 | 03
#0996-d233 @A: 35 24 07 02 | 06
#0997-d233 @A: 25 07 34 06 | 08
#0998-d233 @A: 34 24 07 11 | 12
#0999-d233 @A: 20 27 19 25 | 04
#1000-d233 @A: 25 20 13 35 | 11
#1001-d233 @A: 30 31 19 20 | 09
#1002-d233 @A: 02 20 11 19 | 05
#1003-d233 @A: 09 27 35 24 | 10
#1004-d233 @A: 35 11 27 04 | 02
#1005-d233 @A: 09 14 26 27 | 01
#1006-d233 @A: 27 21 14 06 | 07
#1007-d233 @A: 27 04 19 23 | 03
#1008-d233 @A: 21 26 11 27 | 06
#1009-d233 @A: 01 02 27 21 | 08
#1010-d233 @A: 13 35 30 06 | 12
#1011-d233 @A: 34 13 25 24 | 04
#1012-d233 @A: 01 26 11 13 | 11
#1013-d233 @A: 05 16 09 03 | 09
#1014-d233 @A: 17 16 32 09 | 05
#1015-d233 @A: 29 18 32 16 | 10
#1016-d233 @A: 02 16 33 10 | 02
#1017-d233 @A: 16 05 35 18 | 01
#1018-d233 @A: 11 16 23 08 | 07
#1019-d233 @A: 31 18 04 16 | 03
#1020-d233 @A: 35 02 16 30 | 06
#1021-d233 @A: 16 09 23 02 | 08
#1022-d233 @A: 19 21 01 16 | 12
#1023-d233 @A: 33 03 32 26 | 04
#1024-d233 @A: 10 35 08 03 | 11
#1025-d233 @A: 03 10 24 25 | 09
#1026-d233 @A: 23 13 08 03 | 05
#1027-d233 @A: 12 03 04 19 | 10
#1028-d233 @A: 18 03 28 25 | 02
#1029-d233 @A: 07 03 35 18 | 01
#1030-d233 @A: 20 13 03 02 | 07
#1031-d233 @A: 11 03 04 20 | 03
#1032-d233 @A: 09 03 21 13 | 06
#1033-d233 @A: 34 03 31 35 | 08
#1034-d233 @A: 06 21 03 35 | 12
#1035-d233 @A: 14 26 03 25 | 04
#1036-d233 @A: 19 11 34 03 | 11
#1037-d233 @A: 28 17 32 10 | 09
#1038-d233 @A: 13 32 10 34 | 05
#1039-d233 @A: 05 13 30 32 | 10
#1040-d233 @A: 32 04 08 33 | 02
#1041-d233 @A: 32 07 28 08 | 01
#1042-d233 @A: 13 32 33 19 | 07
#1043-d233 @A: 32 18 26 13 | 03
#1044-d233 @A: 28 15 32 31 | 06
#1045-d233 @A: 15 27 26 32 | 08
#1046-d233 @A: 29 32 11 28 | 12
#1047-d233 @A: 09 29 27 32 | 04
#1048-d233 @A: 02 32 20 24 | 11
#1049-d233 @A: 14 13 04 32 | 09
#1050-d233 @A: 35 32 06 34 | 05
#1051-d233 @A: 23 09 11 32 | 10
#1052-d233 @A: 30 31 34 32 | 02
#1053-d233 @A: 19 21 34 32 | 01
#1054-d233 @A: 22 17 09 15 | 07
#1055-d233 @A: 22 21 17 28 | 03
#1056-d233 @A: 17 15 31 05 | 06
#1057-d233 @A: 05 28 30 17 | 08
#1058-d233 @A: 17 29 08 34 | 12
#1059-d233 @A: 28 34 33 17 | 04
#1060-d233 @A: 15 34 17 24 | 11
#1061-d233 @A: 28 17 04 24 | 09
#1062-d233 @A: 11 17 20 27 | 05
#1063-d233 @A: 14 25 17 23 | 10
#1064-d233 @A: 22 10 25 05 | 02
#1065-d233 @A: 05 13 10 35 | 01
#1066-d233 @A: 08 12 34 10 | 07
#1067-d233 @A: 04 33 30 10 | 03
#1068-d233 @A: 18 10 07 26 | 06
#1069-d233 @A: 18 20 10 31 | 08
#1070-d233 @A: 28 29 02 10 | 12
#1071-d233 @A: 28 10 01 21 | 04
#1072-d233 @A: 07 10 20 02 | 11
#1073-d233 @A: 07 27 10 19 | 09
#1074-d233 @A: 26 10 13 20 | 05
#1075-d233 @A: 26 05 22 35 | 10
#1076-d233 @A: 13 08 22 30 | 02
#1077-d233 @A: 31 15 30 22 | 01
#1078-d233 @A: 22 29 23 07 | 07
#1079-d233 @A: 22 29 13 09 | 03
#1080-d233 @A: 28 01 22 07 | 06
#1081-d233 @A: 20 07 22 26 | 08
#1082-d233 @A: 35 02 04 22 | 12
#1083-d233 @A: 30 22 21 02 | 04
#1084-d233 @A: 04 25 30 22 | 11
#1085-d233 @A: 11 30 06 22 | 09
#1086-d233 @A: 08 05 02 15 | 05
#1087-d233 @A: 07 11 08 05 | 10
#1088-d233 @A: 19 05 08 24 | 02
#1089-d233 @A: 05 12 34 26 | 01
#1090-d233 @A: 18 33 26 05 | 07
#1091-d233 @A: 20 30 05 06 | 03
#1092-d233 @A: 01 11 05 20 | 06
#1093-d233 @A: 06 35 09 05 | 08
#1094-d233 @A: 05 14 01 24 | 12
#1095-d233 @A: 11 05 23 04 | 04
#1096-d233 @A: 12 08 25 27 | 11
#1097-d233 @A: 08 14 28 15 | 09
#1098-d233 @A: 08 24 07 01 | 05
#1099-d233 @A: 11 08 26 14 | 10
#1100-d233 @A: 19 21 08 26 | 02
#1101-d233 @A: 28 18 33 12 | 01
#1102-d233 @A: 02 25 33 12 | 07
#1103-d233 @A: 09 15 12 28 | 03
#1104-d233 @A: 12 30 15 13 | 06
#1105-d233 @A: 12 15 21 34 | 08
#1106-d233 @A: 02 12 21 06 | 12
#1107-d233 @A: 29 01 15 33 | 04
#1108-d233 @A: 26 33 29 27 | 11
#1109-d233 @A: 20 07 33 11 | 09
#1110-d233 @A: 33 04 09 06 | 05
#1111-d233 @A: 33 30 24 01 | 10
#1112-d233 @A: 29 21 18 07 | 02
#1113-d233 @A: 26 23 28 18 | 01
#1114-d233 @A: 07 18 14 09 | 07
#1115-d233 @A: 23 21 18 09 | 03
#1116-d233 @A: 09 04 18 24 | 06
#1117-d233 @A: 18 34 14 21 | 08
#1118-d233 @A: 06 26 34 18 | 12
#1119-d233 @A: 15 06 01 27 | 04
#1120-d233 @A: 15 09 30 24 | 11
#1121-d233 @A: 09 15 01 19 | 09
#1122-d233 @A: 19 15 30 02 | 05
#1123-d233 @A: 26 24 15 19 | 10
#1124-d233 @A: 01 31 15 04 | 02
#1125-d233 @A: 29 24 28 19 | 01
#1126-d233 @A: 27 01 29 20 | 07
#1127-d233 @A: 04 29 14 02 | 03
#1128-d233 @A: 25 29 26 21 | 06
#1129-d233 @A: 21 24 28 07 | 08
#1130-d233 @A: 30 09 28 35 | 12
#1131-d233 @A: 14 25 28 35 | 04
#1132-d233 @A: 28 09 06 31 | 11
#1133-d233 @A: 01 23 28 02 | 09
#1134-d233 @A: 07 13 31 34 | 05
#1135-d233 @A: 30 11 04 07 | 10
#1136-d233 @A: 01 20 09 35 | 02
#1137-d233 @A: 11 20 14 35 | 01
#1138-d233 @A: 20 34 35 02 | 07
#1139-d233 @A: 20 26 31 35 | 03
#1140-d233 @A: 20 14 09 19 | 06
#1141-d233 @A: 31 11 25 20 | 08
#1142-d233 @A: 14 13 34 27 | 12
#1143-d233 @A: 27 19 35 26 | 04
#1144-d233 @A: 14 35 13 23 | 11
#1145-d233 @A: 35 03 16 20 | 09
#1146-d233 @A: 33 30 16 32 | 05
#1147-d233 @A: 35 22 16 15 | 10
#1148-d233 @A: 12 33 16 23 | 02
#1149-d233 @A: 16 13 21 33 | 01
#1150-d233 @A: 11 18 16 26 | 07
#1151-d233 @A: 07 30 16 27 | 03
#1152-d233 @A: 14 16 35 34 | 06
#1153-d233 @A: 19 16 34 30 | 08
#1154-d233 @A: 02 32 03 05 | 12
#1155-d233 @A: 03 18 32 11 | 04
#1156-d233 @A: 03 32 30 29 | 11
#1157-d233 @A: 03 23 32 28 | 09
#1158-d233 @A: 07 17 11 03 | 05
#1159-d233 @A: 03 13 25 17 | 10
#1160-d233 @A: 17 26 01 03 | 02
#1161-d233 @A: 03 22 06 10 | 01
#1162-d233 @A: 10 03 23 05 | 07
#1163-d233 @A: 03 10 19 20 | 03
#1164-d233 @A: 03 05 11 28 | 06
#1165-d233 @A: 03 34 25 33 | 08
#1166-d233 @A: 26 24 29 03 | 12
#1167-d233 @A: 26 09 31 03 | 04
#1168-d233 @A: 11 09 03 02 | 11
#1169-d233 @A: 34 04 06 03 | 09
#1170-d233 @A: 01 03 21 11 | 05
#1171-d233 @A: 13 32 17 27 | 10
#1172-d233 @A: 29 10 32 33 | 02
#1173-d233 @A: 31 10 35 32 | 01
#1174-d233 @A: 05 14 22 32 | 07
#1175-d233 @A: 15 32 34 05 | 03
#1176-d233 @A: 21 32 28 05 | 06
#1177-d233 @A: 32 27 08 23 | 08
#1178-d233 @A: 13 08 01 32 | 12
#1179-d233 @A: 11 15 33 32 | 04
#1180-d233 @A: 35 32 14 01 | 11
#1181-d233 @A: 14 06 09 32 | 09
#1182-d233 @A: 01 04 21 32 | 05
#1183-d233 @A: 26 22 27 17 | 10
#1184-d233 @A: 07 08 17 31 | 02
#1185-d233 @A: 18 17 09 27 | 01
#1186-d233 @A: 15 17 25 07 | 07
#1187-d233 @A: 29 31 20 17 | 03
#1188-d233 @A: 17 04 28 09 | 06
#1189-d233 @A: 07 02 01 17 | 08
#1190-d233 @A: 04 17 26 34 | 12
#1191-d233 @A: 17 34 25 19 | 04
#1192-d233 @A: 06 31 17 25 | 11
#1193-d233 @A: 05 10 01 26 | 09
#1194-d233 @A: 08 10 18 19 | 05
#1195-d233 @A: 08 10 26 28 | 10
#1196-d233 @A: 01 25 33 10 | 02
#1197-d233 @A: 15 31 13 10 | 01
#1198-d233 @A: 29 20 10 09 | 07
#1199-d233 @A: 28 10 27 35 | 03
#1200-d233 @A: 10 06 04 21 | 06
#1201-d233 @A: 26 10 11 02 | 08
#1202-d233 @A: 10 04 31 11 | 12
#1203-d233 @A: 06 02 19 10 | 04
#1204-d233 @A: 31 25 10 19 | 11
#1205-d233 @A: 33 22 06 08 | 09
#1206-d233 @A: 22 20 31 08 | 05
#1207-d233 @A: 01 22 33 20 | 10
#1208-d233 @A: 22 06 20 15 | 02
#1209-d233 @A: 22 11 34 15 | 01
#1210-d233 @A: 34 29 22 19 | 07
#1211-d233 @A: 13 19 28 22 | 03
#1212-d233 @A: 22 04 13 07 | 06
#1213-d233 @A: 22 14 01 26 | 08
#1214-d233 @A: 19 05 08 28 | 12
#1215-d233 @A: 12 07 35 05 | 04
#1216-d233 @A: 29 21 05 33 | 11
#1217-d233 @A: 05 13 15 09 | 09
#1218-d233 @A: 05 02 20 29 | 05
#1219-d233 @A: 28 20 31 05 | 10
#1220-d233 @A: 28 34 06 05 | 02
#1221-d233 @A: 13 05 24 07 | 01
#1222-d233 @A: 07 25 02 05 | 07
#1223-d233 @A: 26 09 05 04 | 03
#1224-d233 @A: 24 23 34 05 | 06
#1225-d233 @A: 05 31 19 11 | 08
#1226-d233 @A: 33 09 27 08 | 12
#1227-d233 @A: 21 34 33 08 | 04
#1228-d233 @A: 15 08 30 27 | 11
#1229-d233 @A: 21 07 27 08 | 09
#1230-d233 @A: 08 20 06 13 | 05
#1231-d233 @A: 35 04 34 08 | 10
#1232-d233 @A: 31 35 25 08 | 02
#1233-d233 @A: 34 11 31 08 | 01
#1234-d233 @A: 02 08 23 19 | 07
#1235-d233 @A: 08 26 01 06 | 03
#1236-d233 @A: 02 29 15 12 | 06
#1237-d233 @A: 06 13 12 01 | 08
#1238-d233 @A: 12 14 31 35 | 12
#1239-d233 @A: 09 24 12 14 | 04
#1240-d233 @A: 23 25 12 21 | 11
#1241-d233 @A: 13 18 33 01 | 09
#1242-d233 @A: 33 29 13 30 | 05
#1243-d233 @A: 06 07 13 33 | 10
#1244-d233 @A: 21 31 35 33 | 02
#1245-d233 @A: 23 33 06 26 | 01
#1246-d233 @A: 11 25 06 33 | 07
#1247-d233 @A: 33 25 24 06 | 03
#1248-d233 @A: 18 06 20 29 | 06
#1249-d233 @A: 35 13 18 28 | 08
#1250-d233 @A: 02 01 18 20 | 12
#1251-d233 @A: 19 15 31 35 | 04
#1252-d233 @A: 15 14 31 21 | 11
#1253-d233 @A: 15 01 24 23 | 09
#1254-d233 @A: 20 29 13 04 | 05
#1255-d233 @A: 24 13 20 29 | 10
#1256-d233 @A: 01 29 21 34 | 02
#1257-d233 @A: 21 29 30 23 | 01
#1258-d233 @A: 35 07 20 28 | 07
#1259-d233 @A: 02 34 09 28 | 03
#1260-d233 @A: 26 31 28 34 | 06
#1261-d233 @A: 20 14 07 27 | 08
#1262-d233 @A: 07 35 11 23 | 12
#1263-d233 @A: 24 07 09 25 | 04
#1264-d233 @A: 02 19 34 07 | 11
#1265-d233 @A: 07 01 21 30 | 09
#1266-d233 @A: 20 27 24 23 | 05
#1267-d233 @A: 24 20 25 30 | 10
#1268-d233 @A: 02 25 20 26 | 02
#1269-d233 @A: 01 35 27 13 | 01
#1270-d233 @A: 11 27 31 13 | 07
#1271-d233 @A: 04 27 02 09 | 03
#1272-d233 @A: 24 19 13 35 | 06
#1273-d233 @A: 11 04 01 24 | 08
#1274-d233 @A: 03 25 16 32 | 12
#1275-d233 @A: 22 16 03 12 | 04
#1276-d233 @A: 32 05 08 16 | 11
#1277-d233 @A: 10 34 16 28 | 09
#1278-d233 @A: 02 19 16 22 | 05
#1279-d233 @A: 16 15 05 06 | 10
#1280-d233 @A: 11 13 05 16 | 02
#1281-d233 @A: 08 19 16 27 | 01
#1282-d233 @A: 09 16 12 29 | 07
#1283-d233 @A: 04 20 16 33 | 03
#1284-d233 @A: 33 16 34 24 | 06
#1285-d233 @A: 18 20 16 25 | 08
#1286-d233 @A: 16 34 27 18 | 12
#1287-d233 @A: 13 30 18 16 | 04
#1288-d233 @A: 16 01 07 29 | 11
#1289-d233 @A: 16 30 06 25 | 09
#1290-d233 @A: 23 16 21 24 | 05
#1291-d233 @A: 16 21 11 02 | 10
#1292-d233 @A: 26 16 25 31 | 02
#1293-d233 @A: 17 23 03 24 | 01
#1294-d233 @A: 21 10 33 03 | 07
#1295-d233 @A: 07 10 04 03 | 03
#1296-d233 @A: 10 03 27 26 | 06
#1297-d233 @A: 03 31 05 07 | 08
#1298-d233 @A: 08 03 09 07 | 12
#1299-d233 @A: 08 03 30 19 | 04
#1300-d233 @A: 03 12 09 18 | 11
#1301-d233 @A: 29 26 18 03 | 09
#1302-d233 @A: 35 03 15 29 | 05
#1303-d233 @A: 02 15 03 31 | 10
#1304-d233 @A: 34 07 29 03 | 02
#1305-d233 @A: 03 01 14 07 | 01
#1306-d233 @A: 21 03 30 34 | 07
#1307-d233 @A: 21 25 03 31 | 03
#1308-d233 @A: 32 25 18 10 | 06
#1309-d233 @A: 09 05 12 32 | 08
#1310-d233 @A: 33 32 02 06 | 12
#1311-d233 @A: 32 11 15 24 | 04
#1312-d233 @A: 20 32 29 26 | 11
#1313-d233 @A: 29 32 35 19 | 09
#1314-d233 @A: 27 34 07 32 | 05
#1315-d233 @A: 32 02 30 14 | 10
#1316-d233 @A: 32 23 25 34 | 02
#1317-d233 @A: 02 32 19 01 | 01
#1318-d233 @A: 06 19 04 32 | 07
#1319-d233 @A: 23 08 35 17 | 03
#1320-d233 @A: 25 17 09 08 | 06
#1321-d233 @A: 17 27 19 12 | 08
#1322-d233 @A: 33 06 17 15 | 12
#1323-d233 @A: 29 33 04 17 | 04
#1324-d233 @A: 17 30 27 33 | 11
#1325-d233 @A: 04 18 17 13 | 09
#1326-d233 @A: 17 13 28 31 | 05
#1327-d233 @A: 34 31 17 27 | 10
#1328-d233 @A: 27 17 24 25 | 02
#1329-d233 @A: 35 17 09 31 | 01
#1330-d233 @A: 30 17 19 35 | 07
#1331-d233 @A: 34 17 24 09 | 03
#1332-d233 @A: 04 17 30 02 | 06
#1333-d233 @A: 31 17 26 11 | 08
#1334-d233 @A: 10 33 09 05 | 12
#1335-d233 @A: 08 11 10 25 | 04
#1336-d233 @A: 21 10 18 12 | 11
#1337-d233 @A: 18 10 33 06 | 09
#1338-d233 @A: 33 11 10 28 | 05
#1339-d233 @A: 14 15 10 23 | 10
#1340-d233 @A: 28 10 25 06 | 02
#1341-d233 @A: 07 06 10 23 | 01
#1342-d233 @A: 19 10 09 04 | 07
#1343-d233 @A: 30 11 10 14 | 03
#1344-d233 @A: 30 23 01 10 | 06
#1345-d233 @A: 21 10 30 19 | 08
#1346-d233 @A: 33 11 22 05 | 12
#1347-d233 @A: 19 22 05 07 | 04
#1348-d233 @A: 18 22 20 12 | 11
#1349-d233 @A: 12 22 27 02 | 09
#1350-d233 @A: 22 33 29 25 | 05
#1351-d233 @A: 29 02 22 24 | 10
#1352-d233 @A: 19 25 22 35 | 02
#1353-d233 @A: 22 09 06 25 | 01
#1354-d233 @A: 22 23 14 04 | 07
#1355-d233 @A: 22 31 19 14 | 03
#1356-d233 @A: 31 34 22 01 | 06
#1357-d233 @A: 06 23 19 22 | 08
#1358-d233 @A: 20 05 26 08 | 12
#1359-d233 @A: 05 30 24 18 | 04
#1360-d233 @A: 28 29 05 35 | 11
#1361-d233 @A: 27 31 29 05 | 09
#1362-d233 @A: 28 05 24 25 | 05
#1363-d233 @A: 05 31 35 04 | 10
#1364-d233 @A: 05 09 02 14 | 02
#1365-d233 @A: 01 33 12 08 | 01
#1366-d233 @A: 33 08 26 07 | 07
#1367-d233 @A: 30 08 20 33 | 03
#1368-d233 @A: 08 29 26 02 | 06
#1369-d233 @A: 07 25 08 14 | 08
#1370-d233 @A: 13 31 26 08 | 12
#1371-d233 @A: 30 08 06 31 | 04
#1372-d233 @A: 19 04 08 25 | 11
#1373-d233 @A: 18 06 15 12 | 09
#1374-d233 @A: 12 13 18 31 | 05
#1375-d233 @A: 35 12 34 11 | 10
#1376-d233 @A: 11 09 26 12 | 02
#1377-d233 @A: 21 14 12 04 | 01
#1378-d233 @A: 19 23 30 12 | 07
#1379-d233 @A: 12 01 04 26 | 03
#1380-d233 @A: 24 33 27 18 | 06
#1381-d233 @A: 15 30 33 28 | 08
#1382-d233 @A: 28 04 07 33 | 12
#1383-d233 @A: 35 33 19 07 | 04
#1384-d233 @A: 33 02 01 09 | 11
#1385-d233 @A: 14 33 19 06 | 09
#1386-d233 @A: 18 15 27 14 | 05
#1387-d233 @A: 29 34 13 18 | 10
#1388-d233 @A: 11 30 18 01 | 02
#1389-d233 @A: 01 18 23 19 | 01
#1390-d233 @A: 11 24 25 18 | 07
#1391-d233 @A: 29 27 15 34 | 03
#1392-d233 @A: 14 15 13 07 | 06
#1393-d233 @A: 25 35 24 15 | 08
#1394-d233 @A: 15 19 34 26 | 12
#1395-d233 @A: 15 11 23 19 | 04
#1396-d233 @A: 25 02 24 15 | 11
#1397-d233 @A: 11 14 29 31 | 09
#1398-d233 @A: 34 11 30 28 | 05
#1399-d233 @A: 30 07 26 09 | 10
#1400-d233 @A: 07 19 24 23 | 02
#1401-d233 @A: 25 07 11 01 | 01
#1402-d233 @A: 35 23 19 20 | 07
#1403-d233 @A: 20 30 34 25 | 03
#1404-d233 @A: 34 27 02 06 | 06
#1405-d233 @A: 19 30 11 27 | 08
#1406-d233 @A: 21 35 13 04 | 12
#1407-d233 @A: 09 01 13 24 | 04
#1408-d233 @A: 13 26 21 06 | 11
#1409-d233 @A: 13 21 01 31 | 09
#1410-d233 @A: 26 06 13 24 | 05
#1411-d233 @A: 24 34 01 26 | 10
#1412-d233 @A: 02 34 19 24 | 02
#1413-d233 @A: 24 21 30 26 | 01
#1414-d233 @A: 24 23 26 04 | 07
#1415-d233 @A: 10 11 03 16 | 03
#1416-d233 @A: 04 16 03 13 | 06
#1417-d233 @A: 16 32 14 15 | 08
#1418-d233 @A: 32 16 07 35 | 12
#1419-d233 @A: 11 22 16 28 | 04
#1420-d233 @A: 16 25 22 13 | 11
#1421-d233 @A: 12 05 21 16 | 09
#1422-d233 @A: 16 33 05 19 | 05
#1423-d233 @A: 05 28 16 23 | 10
#1424-d233 @A: 16 25 08 15 | 02
#1425-d233 @A: 30 08 16 29 | 01
#1426-d233 @A: 33 15 16 26 | 07
#1427-d233 @A: 31 16 33 28 | 03
#1428-d233 @A: 33 16 34 06 | 06
#1429-d233 @A: 16 19 15 29 | 08
#1430-d233 @A: 28 16 02 15 | 12
#1431-d233 @A: 27 16 09 15 | 04
#1432-d233 @A: 16 28 27 06 | 11
#1433-d233 @A: 35 28 24 16 | 09
#1434-d233 @A: 20 27 26 16 | 05
#1435-d233 @A: 16 13 35 09 | 10
#1436-d233 @A: 02 16 25 34 | 02
#1437-d233 @A: 33 17 03 09 | 01
#1438-d233 @A: 28 17 06 03 | 07
#1439-d233 @A: 22 19 18 03 | 03
#1440-d233 @A: 22 23 15 03 | 06
#1441-d233 @A: 15 05 12 03 | 08
#1442-d233 @A: 03 20 18 05 | 12
#1443-d233 @A: 03 29 11 08 | 04
#1444-d233 @A: 12 03 29 23 | 11
#1445-d233 @A: 03 06 12 27 | 09
#1446-d233 @A: 03 25 12 11 | 05
#1447-d233 @A: 14 03 24 18 | 10
#1448-d233 @A: 27 03 04 29 | 02
#1449-d233 @A: 13 19 03 29 | 01
#1450-d233 @A: 13 30 03 07 | 07
#1451-d233 @A: 03 27 35 09 | 03
#1452-d233 @A: 09 23 01 03 | 06
#1453-d233 @A: 32 33 07 17 | 08
#1454-d233 @A: 21 17 25 32 | 12
#1455-d233 @A: 14 10 32 07 | 04
#1456-d233 @A: 28 22 32 09 | 11
#1457-d233 @A: 33 18 34 32 | 09
#1458-d233 @A: 35 27 32 33 | 05
#1459-d233 @A: 32 19 18 28 | 10
#1460-d233 @A: 30 15 32 25 | 02
#1461-d233 @A: 13 32 28 24 | 01
#1462-d233 @A: 13 20 09 32 | 07
#1463-d233 @A: 25 11 32 35 | 03
#1464-d233 @A: 25 32 26 09 | 06
#1465-d233 @A: 14 05 17 10 | 08
#1466-d233 @A: 17 10 15 02 | 12
#1467-d233 @A: 10 09 26 17 | 04
#1468-d233 @A: 08 02 22 17 | 11
#1469-d233 @A: 17 31 22 33 | 09
#1470-d233 @A: 11 35 22 17 | 05
#1471-d233 @A: 17 05 18 25 | 10
#1472-d233 @A: 12 28 01 17 | 02
#1473-d233 @A: 17 12 21 11 | 01
#1474-d233 @A: 24 12 02 17 | 07
#1475-d233 @A: 21 20 04 17 | 03
#1476-d233 @A: 17 06 14 35 | 06
#1477-d233 @A: 02 17 34 11 | 08
#1478-d233 @A: 06 21 24 17 | 12
#1479-d233 @A: 14 22 10 33 | 04
#1480-d233 @A: 34 22 18 10 | 11
#1481-d233 @A: 18 02 10 05 | 09
#1482-d233 @A: 20 08 23 10 | 05
#1483-d233 @A: 33 35 23 10 | 10
#1484-d233 @A: 10 19 28 23 | 02
#1485-d233 @A: 31 09 23 10 | 01
#1486-d233 @A: 04 26 10 14 | 07
#1487-d233 @A: 19 01 10 11 | 03
#1488-d233 @A: 06 24 01 10 | 06
#1489-d233 @A: 24 10 04 02 | 08
#1490-d233 @A: 22 21 29 08 | 12
#1491-d233 @A: 04 22 33 12 | 04
#1492-d233 @A: 35 29 12 22 | 11
#1493-d233 @A: 22 09 33 24 | 09
#1494-d233 @A: 15 04 27 22 | 05
#1495-d233 @A: 31 29 22 06 | 10
#1496-d233 @A: 04 20 34 22 | 02
#1497-d233 @A: 22 13 24 23 | 01
#1498-d233 @A: 18 08 05 04 | 07
#1499-d233 @A: 19 21 18 05 | 03
#1500-d233 @A: 01 05 28 15 | 06
#1501-d233 @A: 05 04 27 07 | 08
#1502-d233 @A: 21 27 09 05 | 12
#1503-d233 @A: 35 05 25 21 | 04
#1504-d233 @A: 05 01 14 04 | 11
#1505-d233 @A: 01 23 25 05 | 09
#1506-d233 @A: 23 18 12 08 | 05
#1507-d233 @A: 33 08 25 13 | 10
#1508-d233 @A: 28 18 06 08 | 02
#1509-d233 @A: 11 27 18 08 | 01
#1510-d233 @A: 08 30 28 21 | 07
#1511-d233 @A: 26 08 35 09 | 03
#1512-d233 @A: 23 08 25 24 | 06
#1513-d233 @A: 27 33 12 34 | 08
#1514-d233 @A: 12 02 34 18 | 12
#1515-d233 @A: 06 12 24 18 | 04
#1516-d233 @A: 24 15 20 12 | 11
#1517-d233 @A: 12 13 02 07 | 09
#1518-d233 @A: 09 20 12 34 | 05
#1519-d233 @A: 21 12 30 31 | 10
#1520-d233 @A: 25 15 33 18 | 02
#1521-d233 @A: 18 33 27 31 | 01
#1522-d233 @A: 09 11 33 18 | 07
#1523-d233 @A: 19 28 33 01 | 03
#1524-d233 @A: 04 13 33 26 | 06
#1525-d233 @A: 21 33 26 09 | 08
#1526-d233 @A: 25 31 33 14 | 12
#1527-d233 @A: 30 06 21 33 | 04
#1528-d233 @A: 18 11 15 28 | 11
#1529-d233 @A: 13 18 23 07 | 09
#1530-d233 @A: 25 18 35 23 | 05
#1531-d233 @A: 18 35 01 21 | 10
#1532-d233 @A: 14 18 11 19 | 02
#1533-d233 @A: 28 34 15 35 | 01
#1534-d233 @A: 30 15 04 06 | 07
#1535-d233 @A: 11 35 21 29 | 03
#1536-d233 @A: 09 25 30 29 | 06
#1537-d233 @A: 09 29 19 31 | 08
#1538-d233 @A: 34 11 29 06 | 12
#1539-d233 @A: 19 28 07 09 | 04
#1540-d233 @A: 13 20 30 28 | 11
#1541-d233 @A: 28 30 06 23 | 09
#1542-d233 @A: 25 28 01 31 | 05
#1543-d233 @A: 28 06 11 19 | 10
#1544-d233 @A: 09 07 35 34 | 02
#1545-d233 @A: 07 25 04 09 | 01
#1546-d233 @A: 14 30 34 07 | 07
#1547-d233 @A: 24 14 06 07 | 03
#1548-d233 @A: 11 34 26 07 | 06
#1549-d233 @A: 31 07 30 02 | 08
#1550-d233 @A: 20 35 04 06 | 12
#1551-d233 @A: 09 23 06 20 | 04
#1552-d233 @A: 20 19 04 24 | 11
#1553-d233 @A: 27 13 06 09 | 09
#1554-d233 @A: 24 27 01 21 | 05
#1555-d233 @A: 27 26 25 01 | 10
#1556-d233 @A: 13 09 11 34 | 02
#1557-d233 @A: 01 13 02 14 | 01
#1558-d233 @A: 25 26 13 30 | 07
#1559-d233 @A: 13 23 04 02 | 03
#1560-d233 @A: 04 25 13 31 | 06
#1561-d233 @A: 14 35 24 26 | 08
#1562-d233 @A: 26 08 16 03 | 12
#1563-d233 @A: 29 16 03 02 | 04
#1564-d233 @A: 28 30 03 16 | 11
#1565-d233 @A: 16 26 06 32 | 09
#1566-d233 @A: 34 16 17 15 | 05
#1567-d233 @A: 08 31 16 10 | 10
#1568-d233 @A: 05 02 16 27 | 02
#1569-d233 @A: 04 05 34 16 | 01
#1570-d233 @A: 08 09 28 16 | 07
#1571-d233 @A: 26 12 30 16 | 03
#1572-d233 @A: 20 16 34 29 | 06
#1573-d233 @A: 29 16 04 06 | 08
#1574-d233 @A: 07 16 27 24 | 12
#1575-d233 @A: 20 11 06 16 | 04
#1576-d233 @A: 21 16 23 35 | 11
#1577-d233 @A: 21 16 09 06 | 09
#1578-d233 @A: 16 14 24 02 | 05
#1579-d233 @A: 21 26 34 16 | 10
#1580-d233 @A: 16 25 23 19 | 02
#1581-d233 @A: 01 22 03 32 | 01
#1582-d233 @A: 21 03 32 07 | 07
#1583-d233 @A: 25 29 03 10 | 03
#1584-d233 @A: 03 27 22 24 | 06
#1585-d233 @A: 05 35 03 24 | 08
#1586-d233 @A: 01 15 03 08 | 12
#1587-d233 @A: 33 11 24 03 | 04
#1588-d233 @A: 03 02 07 28 | 11
#1589-d233 @A: 25 19 09 03 | 09
#1590-d233 @A: 14 30 06 03 | 05
#1591-d233 @A: 30 03 24 19 | 10
#1592-d233 @A: 03 04 21 26 | 02
#1593-d233 @A: 17 32 11 05 | 01
#1594-d233 @A: 23 19 32 17 | 07
#1595-d233 @A: 32 22 33 23 | 03
#1596-d233 @A: 22 32 15 29 | 06
#1597-d233 @A: 07 22 25 32 | 08
#1598-d233 @A: 31 33 32 09 | 12
#1599-d233 @A: 01 25 32 29 | 04
#1600-d233 @A: 23 35 30 32 | 11
#1601-d233 @A: 09 32 01 34 | 09
#1602-d233 @A: 14 19 32 25 | 05
#1603-d233 @A: 21 11 30 32 | 10
#1604-d233 @A: 01 23 32 26 | 02
#1605-d233 @A: 04 31 23 32 | 01
#1606-d233 @A: 04 12 10 17 | 07
#1607-d233 @A: 21 17 13 10 | 03
#1608-d233 @A: 20 17 19 22 | 06
#1609-d233 @A: 23 17 05 33 | 08
#1610-d233 @A: 35 17 20 15 | 12
#1611-d233 @A: 01 17 29 19 | 04
#1612-d233 @A: 07 17 20 06 | 11
#1613-d233 @A: 17 14 04 11 | 09
#1614-d233 @A: 19 17 31 04 | 05
#1615-d233 @A: 12 10 26 33 | 10
#1616-d233 @A: 31 07 10 33 | 02
#1617-d233 @A: 10 18 11 29 | 01
#1618-d233 @A: 07 13 10 25 | 07
#1619-d233 @A: 04 10 35 01 | 03
#1620-d233 @A: 09 06 10 30 | 06
#1621-d233 @A: 09 10 26 24 | 08
#1622-d233 @A: 10 04 34 02 | 12
#1623-d233 @A: 07 11 18 22 | 04
#1624-d233 @A: 06 22 01 35 | 11
#1625-d233 @A: 26 31 21 22 | 09
#1626-d233 @A: 01 11 02 22 | 05
#1627-d233 @A: 08 34 25 05 | 10
#1628-d233 @A: 31 02 12 05 | 02
#1629-d233 @A: 05 20 14 33 | 01
#1630-d233 @A: 05 26 15 25 | 07
#1631-d233 @A: 07 29 05 09 | 03
#1632-d233 @A: 31 05 01 09 | 06
#1633-d233 @A: 23 31 05 26 | 08
#1634-d233 @A: 31 05 24 26 | 12
#1635-d233 @A: 08 12 20 02 | 04
#1636-d233 @A: 08 12 35 24 | 11
#1637-d233 @A: 08 28 33 29 | 09
#1638-d233 @A: 15 34 18 08 | 05
#1639-d233 @A: 28 20 08 25 | 10
#1640-d233 @A: 11 08 24 13 | 02
#1641-d233 @A: 35 01 02 08 | 01
#1642-d233 @A: 08 14 23 01 | 07
#1643-d233 @A: 14 08 04 24 | 03
#1644-d233 @A: 06 34 19 08 | 06
#1645-d233 @A: 25 15 12 14 | 08
#1646-d233 @A: 20 29 12 30 | 12
#1647-d233 @A: 29 13 12 14 | 04
#1648-d233 @A: 11 12 28 20 | 11
#1649-d233 @A: 35 15 33 13 | 09
#1650-d233 @A: 13 33 23 28 | 05
#1651-d233 @A: 33 07 23 09 | 10
#1652-d233 @A: 33 30 09 19 | 02
#1653-d233 @A: 18 24 31 15 | 01
#1654-d233 @A: 35 27 29 18 | 07
#1655-d233 @A: 24 28 26 18 | 03
#1656-d233 @A: 27 04 18 20 | 06
#1657-d233 @A: 30 34 18 35 | 08
#1658-d233 @A: 30 18 23 24 | 12
#1659-d233 @A: 23 18 06 31 | 04
#1660-d233 @A: 06 21 18 25 | 11
#1661-d233 @A: 29 15 07 30 | 09
#1662-d233 @A: 25 13 15 29 | 05
#1663-d233 @A: 30 09 15 14 | 10
#1664-d233 @A: 23 15 26 04 | 02
#1665-d233 @A: 06 15 26 31 | 01
#1666-d233 @A: 29 04 28 25 | 07
#1667-d233 @A: 29 11 07 27 | 03
#1668-d233 @A: 29 11 13 02 | 06
#1669-d233 @A: 29 02 31 34 | 08
#1670-d233 @A: 31 23 28 35 | 12
#1671-d233 @A: 21 28 02 35 | 04
#1672-d233 @A: 11 35 01 28 | 11
#1673-d233 @A: 28 25 21 34 | 09
#1674-d233 @A: 28 02 24 23 | 05
#1675-d233 @A: 04 28 06 02 | 10
#1676-d233 @A: 35 07 02 06 | 02
#1677-d233 @A: 07 01 23 34 | 01
#1678-d233 @A: 24 07 04 30 | 07
#1679-d233 @A: 11 34 20 21 | 03
#1680-d233 @A: 06 31 34 20 | 06
#1681-d233 @A: 14 30 27 35 | 08
#1682-d233 @A: 26 23 34 27 | 12
#1683-d233 @A: 30 27 24 11 | 04
#1684-d233 @A: 21 04 31 27 | 11
#1685-d233 @A: 06 24 27 19 | 09
#1686-d233 @A: 26 35 34 13 | 05
#1687-d233 @A: 21 13 02 34 | 10
#1688-d233 @A: 25 13 06 02 | 02
#1689-d233 @A: 24 11 31 14 | 01
