#0001-d275 @A: 15 10 19 08 | 02
#0002-d275 @A: 10 30 09 05 | 10
#0003-d275 @A: 10 05 21 25 | 09
#0004-d275 @A: 03 35 07 10 | 06
#0005-d275 @A: 27 29 19 10 | 11
#0006-d275 @A: 31 27 10 28 | 03
#0007-d275 @A: 22 10 09 21 | 04
#0008-d275 @A: 31 30 15 10 | 08
#0009-d275 @A: 04 10 06 35 | 05
#0010-d275 @A: 31 04 20 10 | 01
#0011-d275 @A: 22 10 01 15 | 12
#0012-d275 @A: 10 24 29 13 | 07
#0013-d275 @A: 10 25 29 11 | 02
#0014-d275 @A: 10 19 25 06 | 10
#0015-d275 @A: 24 20 16 10 | 09
#0016-d275 @A: 18 20 10 02 | 06
#0017-d275 @A: 33 32 10 31 | 11
#0018-d275 @A: 16 33 10 14 | 03
#0019-d275 @A: 26 10 13 25 | 04
#0020-d275 @A: 08 16 03 24 | 08
#0021-d275 @A: 19 11 03 08 | 05
#0022-d275 @A: 04 08 07 12 | 01
#0023-d275 @A: 25 11 08 27 | 12
#0024-d275 @A: 08 13 09 18 | 07
#0025-d275 @A: 30 29 25 08 | 02
#0026-d275 @A: 08 06 30 01 | 10
#0027-d275 @A: 08 04 31 32 | 09
#0028-d275 @A: 08 26 29 01 | 06
#0029-d275 @A: 34 32 08 06 | 11
#0030-d275 @A: 24 08 34 33 | 03
#0031-d275 @A: 08 24 15 01 | 04
#0032-d275 @A: 33 21 08 28 | 08
#0033-d275 @A: 11 13 08 07 | 05
#0034-d275 @A: 01 03 05 22 | 01
#0035-d275 @A: 02 26 05 12 | 12
#0036-d275 @A: 30 05 19 20 | 07
#0037-d275 @A: 29 32 04 05 | 02
#0038-d275 @A: 02 05 13 04 | 10
#0039-d275 @A: 04 31 05 28 | 09
#0040-d275 @A: 05 16 07 22 | 06
#0041-d275 @A: 02 06 33 05 | 11
#0042-d275 @A: 19 05 06 31 | 03
#0043-d275 @A: 34 20 05 33 | 04
#0044-d275 @A: 31 01 20 05 | 08
#0045-d275 @A: 25 15 18 05 | 05
#0046-d275 @A: 23 05 21 17 | 01
#0047-d275 @A: 03 02 01 12 | 12
#0048-d275 @A: 35 12 28 03 | 07
#0049-d275 @A: 32 03 27 23 | 02
#0050-d275 @A: 09 24 18 03 | 10
#0051-d275 @A: 03 07 09 31 | 09
#0052-d275 @A: 03 15 30 34 | 06
#0053-d275 @A: 06 19 03 04 | 11
#0054-d275 @A: 07 03 33 04 | 03
#0055-d275 @A: 03 29 14 22 | 04
#0056-d275 @A: 03 25 31 24 | 08
#0057-d275 @A: 03 02 20 19 | 05
#0058-d275 @A: 20 01 03 28 | 01
#0059-d275 @A: 03 26 32 16 | 12
#0060-d275 @A: 03 25 21 11 | 07
#0061-d275 @A: 12 30 27 13 | 02
#0062-d275 @A: 12 04 18 27 | 10
#0063-d275 @A: 27 32 35 12 | 09
#0064-d275 @A: 17 12 27 21 | 06
#0065-d275 @A: 12 09 01 14 | 11
#0066-d275 @A: 12 31 22 20 | 03
#0067-d275 @A: 29 12 20 19 | 04
#0068-d275 @A: 34 12 06 17 | 08
#0069-d275 @A: 12 06 24 35 | 05
#0070-d275 @A: 12 26 34 21 | 01
#0071-d275 @A: 07 12 18 31 | 12
#0072-d275 @A: 21 14 18 12 | 07
#0073-d275 @A: 27 04 19 09 | 02
#0074-d275 @A: 04 27 01 09 | 10
#0075-d275 @A: 09 29 06 27 | 09
#0076-d275 @A: 35 30 25 27 | 06
#0077-d275 @A: 22 06 27 14 | 11
#0078-d275 @A: 35 16 06 27 | 03
#0079-d275 @A: 27 31 01 19 | 04
#0080-d275 @A: 28 27 33 16 | 08
#0081-d275 @A: 15 28 27 26 | 05
#0082-d275 @A: 26 27 25 21 | 01
#0083-d275 @A: 16 11 27 17 | 12
#0084-d275 @A: 23 27 07 13 | 07
#0085-d275 @A: 30 11 29 09 | 02
#0086-d275 @A: 15 30 28 09 | 10
#0087-d275 @A: 04 11 31 09 | 09
#0088-d275 @A: 29 25 09 26 | 06
#0089-d275 @A: 02 13 09 31 | 11
#0090-d275 @A: 31 01 02 09 | 03
#0091-d275 @A: 23 09 07 32 | 04
#0092-d275 @A: 09 28 23 33 | 08
#0093-d275 @A: 16 09 17 23 | 05
#0094-d275 @A: 04 23 31 30 | 01
#0095-d275 @A: 14 06 30 31 | 12
#0096-d275 @A: 25 24 30 20 | 07
#0097-d275 @A: 02 19 30 18 | 02
#0098-d275 @A: 35 30 33 23 | 10
#0099-d275 @A: 25 19 30 14 | 09
#0100-d275 @A: 29 22 24 04 | 06
#0101-d275 @A: 23 22 04 34 | 11
#0102-d275 @A: 33 24 04 06 | 03
#0103-d275 @A: 26 04 01 33 | 04
#0104-d275 @A: 16 04 21 33 | 08
#0105-d275 @A: 19 25 04 15 | 05
#0106-d275 @A: 04 13 17 11 | 01
#0107-d275 @A: 22 13 29 31 | 12
#0108-d275 @A: 34 32 35 22 | 07
#0109-d275 @A: 35 02 22 23 | 02
#0110-d275 @A: 14 07 22 35 | 10
#0111-d275 @A: 15 13 17 22 | 09
#0112-d275 @A: 16 22 13 25 | 06
#0113-d275 @A: 06 29 35 21 | 11
#0114-d275 @A: 06 18 29 19 | 03
#0115-d275 @A: 31 15 29 34 | 04
#0116-d275 @A: 07 20 02 29 | 08
#0117-d275 @A: 29 19 01 18 | 05
#0118-d275 @A: 21 18 11 29 | 01
#0119-d275 @A: 29 07 13 01 | 12
#0120-d275 @A: 35 02 13 06 | 07
#0121-d275 @A: 15 35 31 06 | 02
#0122-d275 @A: 11 06 13 25 | 10
#0123-d275 @A: 34 24 31 13 | 09
#0124-d275 @A: 32 19 34 11 | 06
#0125-d275 @A: 07 34 26 11 | 11
#0126-d275 @A: 21 34 17 19 | 03
#0127-d275 @A: 34 23 28 21 | 04
#0128-d275 @A: 16 01 34 23 | 08
#0129-d275 @A: 02 14 24 16 | 05
#0130-d275 @A: 24 11 21 32 | 01
#0131-d275 @A: 21 25 14 24 | 12
#0132-d275 @A: 02 32 07 16 | 07
#0133-d275 @A: 21 26 19 02 | 02
#0134-d275 @A: 19 25 02 28 | 10
#0135-d275 @A: 32 33 35 13 | 09
#0136-d275 @A: 16 33 35 19 | 06
#0137-d275 @A: 35 17 21 11 | 11
#0138-d275 @A: 35 28 07 17 | 03
#0139-d275 @A: 31 25 20 23 | 04
#0140-d275 @A: 18 17 20 16 | 08
#0141-d275 @A: 31 19 26 32 | 05
#0142-d275 @A: 18 31 32 16 | 01
#0143-d275 @A: 19 31 18 23 | 12
#0144-d275 @A: 11 19 31 07 | 07
#0145-d275 @A: 05 08 28 10 | 02
#0146-d275 @A: 35 08 10 32 | 10
#0147-d275 @A: 10 02 32 05 | 09
#0148-d275 @A: 03 10 12 21 | 06
#0149-d275 @A: 10 06 15 03 | 11
#0150-d275 @A: 02 10 17 03 | 03
#0151-d275 @A: 12 06 10 11 | 04
#0152-d275 @A: 12 10 01 34 | 08
#0153-d275 @A: 12 26 20 10 | 05
#0154-d275 @A: 11 27 10 30 | 01
#0155-d275 @A: 28 10 30 06 | 12
#0156-d275 @A: 07 10 30 02 | 07
#0157-d275 @A: 31 17 24 10 | 02
#0158-d275 @A: 02 10 35 33 | 10
#0159-d275 @A: 02 10 20 01 | 09
#0160-d275 @A: 21 13 14 10 | 06
#0161-d275 @A: 07 10 13 17 | 11
#0162-d275 @A: 08 05 26 04 | 03
#0163-d275 @A: 05 08 02 14 | 04
#0164-d275 @A: 30 03 08 35 | 08
#0165-d275 @A: 28 08 31 03 | 05
#0166-d275 @A: 29 08 27 21 | 01
#0167-d275 @A: 09 08 35 29 | 12
#0168-d275 @A: 26 09 34 08 | 07
#0169-d275 @A: 13 08 06 30 | 02
#0170-d275 @A: 08 04 34 19 | 10
#0171-d275 @A: 22 08 24 35 | 09
#0172-d275 @A: 08 02 21 06 | 06
#0173-d275 @A: 08 24 13 20 | 11
#0174-d275 @A: 26 08 13 02 | 03
#0175-d275 @A: 32 08 26 11 | 04
#0176-d275 @A: 17 32 08 19 | 08
#0177-d275 @A: 16 26 08 18 | 05
#0178-d275 @A: 14 08 18 15 | 01
#0179-d275 @A: 17 07 16 08 | 12
#0180-d275 @A: 09 03 23 05 | 07
#0181-d275 @A: 14 09 24 05 | 02
#0182-d275 @A: 05 35 06 30 | 10
#0183-d275 @A: 30 14 32 05 | 09
#0184-d275 @A: 29 14 05 06 | 06
#0185-d275 @A: 16 19 05 34 | 11
#0186-d275 @A: 01 05 24 31 | 03
#0187-d275 @A: 35 05 20 07 | 04
#0188-d275 @A: 26 31 05 11 | 08
#0189-d275 @A: 26 05 33 16 | 05
#0190-d275 @A: 19 12 27 03 | 01
#0191-d275 @A: 12 33 03 17 | 12
#0192-d275 @A: 27 03 25 22 | 07
#0193-d275 @A: 31 03 04 17 | 02
#0194-d275 @A: 15 03 24 22 | 10
#0195-d275 @A: 03 26 20 24 | 09
#0196-d275 @A: 03 07 02 13 | 06
#0197-d275 @A: 32 18 03 21 | 11
#0198-d275 @A: 07 15 23 03 | 03
#0199-d275 @A: 13 11 28 03 | 04
#0200-d275 @A: 31 32 12 09 | 08
#0201-d275 @A: 30 12 07 20 | 05
#0202-d275 @A: 30 01 12 15 | 01
#0203-d275 @A: 04 13 12 34 | 12
#0204-d275 @A: 12 22 28 13 | 07
#0205-d275 @A: 29 12 21 01 | 02
#0206-d275 @A: 25 12 14 34 | 10
#0207-d275 @A: 12 16 24 28 | 09
#0208-d275 @A: 02 12 21 20 | 06
#0209-d275 @A: 31 12 17 35 | 11
#0210-d275 @A: 11 12 13 32 | 03
#0211-d275 @A: 26 12 17 11 | 04
#0212-d275 @A: 12 07 11 15 | 08
#0213-d275 @A: 09 11 27 24 | 05
#0214-d275 @A: 27 32 22 15 | 01
#0215-d275 @A: 01 27 15 29 | 12
#0216-d275 @A: 31 06 17 27 | 07
#0217-d275 @A: 20 16 27 02 | 02
#0218-d275 @A: 16 32 27 13 | 10
#0219-d275 @A: 27 32 01 13 | 09
#0220-d275 @A: 18 27 13 33 | 06
#0221-d275 @A: 13 15 27 25 | 11
#0222-d275 @A: 04 13 09 29 | 03
#0223-d275 @A: 09 06 22 11 | 04
#0224-d275 @A: 06 14 09 35 | 08
#0225-d275 @A: 24 31 28 09 | 05
#0226-d275 @A: 16 24 09 15 | 01
#0227-d275 @A: 33 19 09 21 | 12
#0228-d275 @A: 20 28 30 04 | 07
#0229-d275 @A: 29 06 30 15 | 02
#0230-d275 @A: 01 23 24 30 | 10
#0231-d275 @A: 20 11 17 30 | 09
#0232-d275 @A: 32 21 30 26 | 06
#0233-d275 @A: 25 30 33 26 | 11
#0234-d275 @A: 30 17 21 14 | 03
#0235-d275 @A: 14 30 07 28 | 04
#0236-d275 @A: 21 28 30 11 | 08
#0237-d275 @A: 02 29 04 28 | 05
#0238-d275 @A: 20 01 04 24 | 01
#0239-d275 @A: 28 04 11 15 | 12
#0240-d275 @A: 32 31 22 06 | 07
#0241-d275 @A: 24 20 22 14 | 02
#0242-d275 @A: 22 20 26 11 | 10
#0243-d275 @A: 32 25 22 14 | 09
#0244-d275 @A: 15 26 22 23 | 06
#0245-d275 @A: 22 19 01 26 | 11
#0246-d275 @A: 23 22 19 14 | 03
#0247-d275 @A: 02 34 14 29 | 04
#0248-d275 @A: 29 16 35 34 | 08
#0249-d275 @A: 32 17 26 29 | 05
#0250-d275 @A: 28 19 29 32 | 01
#0251-d275 @A: 34 06 35 19 | 12
#0252-d275 @A: 16 01 06 24 | 07
#0253-d275 @A: 15 18 06 13 | 02
#0254-d275 @A: 06 11 28 23 | 10
#0255-d275 @A: 34 24 19 15 | 09
#0256-d275 @A: 11 24 34 28 | 06
#0257-d275 @A: 34 02 31 17 | 11
#0258-d275 @A: 26 02 34 32 | 03
#0259-d275 @A: 35 13 20 34 | 04
#0260-d275 @A: 01 31 34 35 | 08
#0261-d275 @A: 32 18 25 34 | 05
#0262-d275 @A: 25 28 34 01 | 01
#0263-d275 @A: 24 33 02 21 | 12
#0264-d275 @A: 13 33 24 17 | 07
#0265-d275 @A: 15 02 18 26 | 02
#0266-d275 @A: 02 11 23 18 | 10
#0267-d275 @A: 18 25 02 07 | 09
#0268-d275 @A: 32 35 31 28 | 06
#0269-d275 @A: 32 18 35 14 | 11
#0270-d275 @A: 35 14 15 23 | 03
#0271-d275 @A: 07 31 20 17 | 04
#0272-d275 @A: 15 33 21 20 | 08
#0273-d275 @A: 26 07 28 20 | 05
#0274-d275 @A: 11 14 20 25 | 01
#0275-d275 @A: 20 16 28 11 | 12
#0276-d275 @A: 31 28 26 33 | 07
#0277-d275 @A: 31 15 14 07 | 02
#0278-d275 @A: 17 31 01 16 | 10
#0279-d275 @A: 10 08 17 30 | 09
#0280-d275 @A: 34 07 08 10 | 06
#0281-d275 @A: 05 10 01 25 | 11
#0282-d275 @A: 18 10 27 03 | 03
#0283-d275 @A: 10 31 16 12 | 04
#0284-d275 @A: 27 10 24 23 | 08
#0285-d275 @A: 14 10 09 04 | 05
#0286-d275 @A: 15 10 11 09 | 01
#0287-d275 @A: 04 22 10 19 | 12
#0288-d275 @A: 10 20 15 29 | 07
#0289-d275 @A: 21 10 34 06 | 02
#0290-d275 @A: 21 35 10 24 | 10
#0291-d275 @A: 02 26 14 10 | 09
#0292-d275 @A: 28 10 23 26 | 06
#0293-d275 @A: 10 19 16 13 | 11
#0294-d275 @A: 21 28 01 10 | 03
#0295-d275 @A: 07 20 08 03 | 04
#0296-d275 @A: 01 08 19 03 | 08
#0297-d275 @A: 22 14 12 08 | 05
#0298-d275 @A: 31 08 27 26 | 01
#0299-d275 @A: 08 01 09 32 | 12
#0300-d275 @A: 04 02 17 08 | 07
#0301-d275 @A: 08 16 20 04 | 02
#0302-d275 @A: 22 08 34 16 | 10
#0303-d275 @A: 23 08 22 31 | 09
#0304-d275 @A: 08 32 02 29 | 06
#0305-d275 @A: 34 02 15 08 | 11
#0306-d275 @A: 08 15 32 25 | 03
#0307-d275 @A: 15 33 08 26 | 04
#0308-d275 @A: 08 13 19 33 | 08
#0309-d275 @A: 16 11 08 15 | 05
#0310-d275 @A: 08 17 11 14 | 01
#0311-d275 @A: 05 24 03 12 | 12
#0312-d275 @A: 12 07 27 05 | 07
#0313-d275 @A: 16 12 05 06 | 02
#0314-d275 @A: 12 20 05 11 | 10
#0315-d275 @A: 31 15 12 05 | 09
#0316-d275 @A: 19 05 29 09 | 06
#0317-d275 @A: 11 35 04 05 | 11
#0318-d275 @A: 32 05 29 01 | 03
#0319-d275 @A: 24 05 31 16 | 04
#0320-d275 @A: 05 32 24 17 | 08
#0321-d275 @A: 35 13 05 25 | 05
#0322-d275 @A: 33 14 05 07 | 01
#0323-d275 @A: 07 06 12 03 | 12
#0324-d275 @A: 21 03 35 27 | 07
#0325-d275 @A: 17 34 09 03 | 02
#0326-d275 @A: 30 13 14 03 | 10
#0327-d275 @A: 04 03 26 35 | 09
#0328-d275 @A: 21 03 16 17 | 06
#0329-d275 @A: 27 06 12 02 | 11
#0330-d275 @A: 09 12 34 15 | 03
#0331-d275 @A: 35 19 30 12 | 04
#0332-d275 @A: 16 26 30 12 | 08
#0333-d275 @A: 12 22 11 18 | 05
#0334-d275 @A: 13 06 29 12 | 01
#0335-d275 @A: 06 14 12 23 | 12
#0336-d275 @A: 31 02 28 12 | 07
#0337-d275 @A: 33 13 12 02 | 02
#0338-d275 @A: 26 13 35 12 | 10
#0339-d275 @A: 12 18 20 15 | 09
#0340-d275 @A: 18 01 12 31 | 06
#0341-d275 @A: 16 21 12 07 | 11
#0342-d275 @A: 18 20 09 27 | 03
#0343-d275 @A: 27 30 18 31 | 04
#0344-d275 @A: 33 27 22 01 | 08
#0345-d275 @A: 15 21 34 27 | 05
#0346-d275 @A: 11 27 02 31 | 01
#0347-d275 @A: 11 27 19 26 | 12
#0348-d275 @A: 06 07 30 09 | 07
#0349-d275 @A: 25 07 09 04 | 02
#0350-d275 @A: 14 22 09 34 | 10
#0351-d275 @A: 22 09 20 28 | 09
#0352-d275 @A: 21 06 09 20 | 06
#0353-d275 @A: 34 35 07 09 | 11
#0354-d275 @A: 33 09 16 32 | 03
#0355-d275 @A: 32 25 11 09 | 04
#0356-d275 @A: 23 14 26 09 | 08
#0357-d275 @A: 19 09 11 23 | 05
#0358-d275 @A: 19 22 30 06 | 01
#0359-d275 @A: 01 16 30 22 | 12
#0360-d275 @A: 30 23 06 32 | 07
#0361-d275 @A: 32 30 16 34 | 02
#0362-d275 @A: 07 34 30 17 | 10
#0363-d275 @A: 30 35 28 24 | 09
#0364-d275 @A: 30 20 35 15 | 06
#0365-d275 @A: 07 30 13 32 | 11
#0366-d275 @A: 30 18 17 15 | 03
#0367-d275 @A: 25 16 18 30 | 04
#0368-d275 @A: 25 14 01 30 | 08
#0369-d275 @A: 07 30 25 11 | 05
#0370-d275 @A: 19 34 01 04 | 01
#0371-d275 @A: 11 04 24 20 | 12
#0372-d275 @A: 14 18 04 25 | 07
#0373-d275 @A: 23 04 13 25 | 02
#0374-d275 @A: 22 19 15 21 | 10
#0375-d275 @A: 22 14 11 21 | 09
#0376-d275 @A: 32 29 34 20 | 06
#0377-d275 @A: 35 01 02 29 | 11
#0378-d275 @A: 29 32 13 14 | 03
#0379-d275 @A: 33 16 29 13 | 04
#0380-d275 @A: 13 29 26 28 | 08
#0381-d275 @A: 18 14 17 29 | 05
#0382-d275 @A: 35 07 06 11 | 01
#0383-d275 @A: 14 06 32 33 | 12
#0384-d275 @A: 11 21 06 26 | 07
#0385-d275 @A: 06 17 25 16 | 02
#0386-d275 @A: 11 35 34 31 | 10
#0387-d275 @A: 34 28 18 33 | 09
#0388-d275 @A: 33 25 34 21 | 06
#0389-d275 @A: 25 23 34 26 | 11
#0390-d275 @A: 14 34 13 15 | 03
#0391-d275 @A: 25 24 07 26 | 04
#0392-d275 @A: 19 28 24 23 | 08
#0393-d275 @A: 15 31 02 25 | 05
#0394-d275 @A: 02 33 32 15 | 01
#0395-d275 @A: 02 25 14 33 | 12
#0396-d275 @A: 02 26 01 16 | 07
#0397-d275 @A: 25 02 21 16 | 02
#0398-d275 @A: 20 28 21 35 | 10
#0399-d275 @A: 28 26 35 11 | 09
#0400-d275 @A: 31 16 33 20 | 06
#0401-d275 @A: 13 26 20 21 | 11
#0402-d275 @A: 16 20 07 15 | 03
#0403-d275 @A: 23 01 18 20 | 04
#0404-d275 @A: 25 31 07 32 | 08
#0405-d275 @A: 07 01 15 21 | 05
#0406-d275 @A: 11 01 17 19 | 01
#0407-d275 @A: 11 28 01 14 | 12
#0408-d275 @A: 22 13 08 10 | 07
#0409-d275 @A: 10 33 05 03 | 02
#0410-d275 @A: 05 23 10 04 | 10
#0411-d275 @A: 03 29 10 16 | 09
#0412-d275 @A: 04 12 28 10 | 06
#0413-d275 @A: 06 09 16 10 | 11
#0414-d275 @A: 10 20 09 07 | 03
#0415-d275 @A: 09 18 10 25 | 04
#0416-d275 @A: 02 10 15 04 | 08
#0417-d275 @A: 31 10 29 01 | 05
#0418-d275 @A: 10 06 24 07 | 01
#0419-d275 @A: 06 10 33 20 | 12
#0420-d275 @A: 31 10 06 13 | 07
#0421-d275 @A: 34 35 15 10 | 02
#0422-d275 @A: 24 02 28 10 | 10
#0423-d275 @A: 14 35 10 25 | 09
#0424-d275 @A: 32 21 10 16 | 06
#0425-d275 @A: 23 18 33 10 | 11
#0426-d275 @A: 07 33 10 19 | 03
#0427-d275 @A: 14 01 19 10 | 04
#0428-d275 @A: 05 33 08 12 | 08
#0429-d275 @A: 34 08 18 05 | 05
#0430-d275 @A: 29 14 20 08 | 01
#0431-d275 @A: 19 29 07 08 | 12
#0432-d275 @A: 24 06 08 14 | 07
#0433-d275 @A: 20 18 35 08 | 02
#0434-d275 @A: 18 08 28 07 | 10
#0435-d275 @A: 02 03 05 22 | 09
#0436-d275 @A: 25 05 03 29 | 06
#0437-d275 @A: 19 27 05 22 | 11
#0438-d275 @A: 14 05 27 35 | 03
#0439-d275 @A: 05 18 21 27 | 04
#0440-d275 @A: 09 04 05 33 | 08
#0441-d275 @A: 30 05 07 29 | 05
#0442-d275 @A: 30 05 16 28 | 01
#0443-d275 @A: 02 25 34 05 | 12
#0444-d275 @A: 35 24 05 15 | 07
#0445-d275 @A: 16 23 05 13 | 02
#0446-d275 @A: 27 03 09 15 | 10
#0447-d275 @A: 34 04 29 03 | 09
#0448-d275 @A: 01 34 32 03 | 06
#0449-d275 @A: 02 03 16 35 | 11
#0450-d275 @A: 03 23 17 25 | 03
#0451-d275 @A: 27 25 24 12 | 04
#0452-d275 @A: 04 12 30 15 | 08
#0453-d275 @A: 34 30 02 12 | 05
#0454-d275 @A: 31 30 11 12 | 01
#0455-d275 @A: 12 02 07 35 | 12
#0456-d275 @A: 12 02 32 14 | 07
#0457-d275 @A: 15 12 14 33 | 02
#0458-d275 @A: 30 27 33 09 | 10
#0459-d275 @A: 07 09 16 27 | 09
#0460-d275 @A: 04 06 27 13 | 06
#0461-d275 @A: 31 15 04 27 | 11
#0462-d275 @A: 24 27 17 22 | 03
#0463-d275 @A: 24 26 27 29 | 04
#0464-d275 @A: 14 29 31 27 | 08
#0465-d275 @A: 11 29 27 33 | 05
#0466-d275 @A: 24 06 27 28 | 01
#0467-d275 @A: 20 06 11 27 | 12
#0468-d275 @A: 27 31 20 35 | 07
#0469-d275 @A: 19 35 27 28 | 02
#0470-d275 @A: 27 32 26 14 | 10
#0471-d275 @A: 21 27 14 01 | 09
#0472-d275 @A: 19 30 34 09 | 06
#0473-d275 @A: 09 35 04 28 | 11
#0474-d275 @A: 06 17 28 09 | 03
#0475-d275 @A: 26 02 24 09 | 04
#0476-d275 @A: 09 13 25 33 | 08
#0477-d275 @A: 09 18 28 26 | 05
#0478-d275 @A: 13 11 09 26 | 01
#0479-d275 @A: 09 07 23 01 | 12
#0480-d275 @A: 30 04 32 01 | 07
#0481-d275 @A: 26 24 30 06 | 02
#0482-d275 @A: 01 20 34 30 | 10
#0483-d275 @A: 24 30 13 15 | 09
#0484-d275 @A: 30 33 14 11 | 06
#0485-d275 @A: 30 28 13 18 | 11
#0486-d275 @A: 22 02 04 26 | 03
#0487-d275 @A: 31 25 29 04 | 04
#0488-d275 @A: 29 04 26 18 | 08
#0489-d275 @A: 11 29 04 23 | 05
#0490-d275 @A: 04 32 21 14 | 01
#0491-d275 @A: 33 04 14 13 | 12
#0492-d275 @A: 16 15 04 18 | 07
#0493-d275 @A: 07 04 14 16 | 02
#0494-d275 @A: 22 32 33 26 | 10
#0495-d275 @A: 32 17 23 22 | 09
#0496-d275 @A: 06 25 01 29 | 06
#0497-d275 @A: 31 02 19 29 | 11
#0498-d275 @A: 26 33 02 29 | 03
#0499-d275 @A: 29 19 13 21 | 04
#0500-d275 @A: 29 17 11 28 | 08
#0501-d275 @A: 16 24 06 34 | 05
#0502-d275 @A: 20 34 06 15 | 01
#0503-d275 @A: 31 06 02 26 | 12
#0504-d275 @A: 14 02 07 06 | 07
#0505-d275 @A: 35 25 20 06 | 02
#0506-d275 @A: 23 20 34 02 | 10
#0507-d275 @A: 28 32 34 15 | 09
#0508-d275 @A: 32 13 34 17 | 06
#0509-d275 @A: 14 01 02 24 | 11
#0510-d275 @A: 25 24 02 23 | 03
#0511-d275 @A: 14 32 24 07 | 04
#0512-d275 @A: 25 24 16 33 | 08
#0513-d275 @A: 24 21 16 23 | 05
#0514-d275 @A: 15 02 19 13 | 01
#0515-d275 @A: 17 15 02 23 | 12
#0516-d275 @A: 02 23 15 01 | 07
#0517-d275 @A: 26 07 16 35 | 02
#0518-d275 @A: 35 16 25 15 | 10
#0519-d275 @A: 35 19 14 13 | 09
#0520-d275 @A: 31 32 13 20 | 06
#0521-d275 @A: 20 19 31 28 | 11
#0522-d275 @A: 18 14 28 20 | 03
#0523-d275 @A: 31 23 14 28 | 04
#0524-d275 @A: 01 23 19 32 | 08
#0525-d275 @A: 01 15 21 26 | 05
#0526-d275 @A: 08 10 33 09 | 01
#0527-d275 @A: 20 10 25 08 | 12
#0528-d275 @A: 21 26 10 08 | 07
#0529-d275 @A: 10 29 34 05 | 02
#0530-d275 @A: 11 05 24 10 | 10
#0531-d275 @A: 03 10 13 09 | 09
#0532-d275 @A: 10 34 03 23 | 06
#0533-d275 @A: 10 03 20 11 | 11
#0534-d275 @A: 03 01 13 10 | 03
#0535-d275 @A: 12 14 10 27 | 04
#0536-d275 @A: 12 07 10 22 | 08
#0537-d275 @A: 35 10 09 27 | 05
#0538-d275 @A: 10 34 17 27 | 01
#0539-d275 @A: 26 10 09 17 | 12
#0540-d275 @A: 24 10 26 04 | 07
#0541-d275 @A: 22 06 17 10 | 02
#0542-d275 @A: 26 34 22 10 | 10
#0543-d275 @A: 22 25 10 24 | 09
#0544-d275 @A: 10 26 29 07 | 06
#0545-d275 @A: 32 11 10 17 | 11
#0546-d275 @A: 33 13 10 28 | 03
#0547-d275 @A: 11 01 10 15 | 04
#0548-d275 @A: 14 28 11 10 | 08
#0549-d275 @A: 13 08 27 05 | 05
#0550-d275 @A: 06 05 08 11 | 01
#0551-d275 @A: 12 25 08 03 | 12
#0552-d275 @A: 08 35 12 21 | 07
#0553-d275 @A: 15 08 20 09 | 02
#0554-d275 @A: 08 30 18 21 | 10
#0555-d275 @A: 08 11 04 21 | 09
#0556-d275 @A: 28 08 35 06 | 06
#0557-d275 @A: 28 08 20 02 | 11
#0558-d275 @A: 21 32 08 07 | 03
#0559-d275 @A: 08 28 14 25 | 04
#0560-d275 @A: 25 08 23 16 | 08
#0561-d275 @A: 14 05 03 28 | 05
#0562-d275 @A: 05 21 12 09 | 01
#0563-d275 @A: 09 05 17 02 | 12
#0564-d275 @A: 04 20 18 05 | 07
#0565-d275 @A: 31 22 21 05 | 02
#0566-d275 @A: 06 07 32 05 | 10
#0567-d275 @A: 32 05 19 18 | 09
#0568-d275 @A: 05 15 01 14 | 06
#0569-d275 @A: 05 18 14 23 | 11
#0570-d275 @A: 07 05 21 13 | 03
#0571-d275 @A: 28 11 05 07 | 04
#0572-d275 @A: 13 29 03 27 | 08
#0573-d275 @A: 17 27 03 20 | 05
#0574-d275 @A: 27 03 31 16 | 01
#0575-d275 @A: 18 03 04 02 | 12
#0576-d275 @A: 03 22 11 34 | 07
#0577-d275 @A: 18 03 20 22 | 02
#0578-d275 @A: 06 24 21 03 | 10
#0579-d275 @A: 03 32 35 06 | 09
#0580-d275 @A: 03 19 35 24 | 06
#0581-d275 @A: 25 15 03 20 | 11
#0582-d275 @A: 26 33 13 03 | 03
#0583-d275 @A: 19 15 03 14 | 04
#0584-d275 @A: 16 03 07 19 | 08
#0585-d275 @A: 09 24 04 12 | 05
#0586-d275 @A: 12 09 17 13 | 01
#0587-d275 @A: 12 30 06 33 | 12
#0588-d275 @A: 22 21 12 06 | 07
#0589-d275 @A: 12 18 02 24 | 02
#0590-d275 @A: 20 01 12 17 | 10
#0591-d275 @A: 12 33 11 21 | 09
#0592-d275 @A: 23 26 18 12 | 06
#0593-d275 @A: 28 17 12 15 | 11
#0594-d275 @A: 07 23 12 17 | 03
#0595-d275 @A: 27 21 02 09 | 04
#0596-d275 @A: 27 17 09 32 | 08
#0597-d275 @A: 16 27 30 22 | 05
#0598-d275 @A: 18 06 25 27 | 01
#0599-d275 @A: 34 19 27 02 | 12
#0600-d275 @A: 27 28 21 32 | 07
#0601-d275 @A: 15 33 17 27 | 02
#0602-d275 @A: 13 17 26 27 | 10
#0603-d275 @A: 19 25 23 27 | 09
#0604-d275 @A: 30 02 23 09 | 06
#0605-d275 @A: 18 09 32 30 | 11
#0606-d275 @A: 09 01 34 22 | 03
#0607-d275 @A: 09 33 20 14 | 04
#0608-d275 @A: 33 11 09 17 | 08
#0609-d275 @A: 09 07 19 18 | 05
#0610-d275 @A: 16 28 21 09 | 01
#0611-d275 @A: 04 30 22 13 | 12
#0612-d275 @A: 04 02 21 30 | 07
#0613-d275 @A: 22 24 30 34 | 02
#0614-d275 @A: 30 22 35 18 | 10
#0615-d275 @A: 22 20 30 33 | 09
#0616-d275 @A: 14 30 18 24 | 06
#0617-d275 @A: 30 02 35 11 | 11
#0618-d275 @A: 30 02 14 20 | 03
#0619-d275 @A: 35 30 33 01 | 04
#0620-d275 @A: 17 32 33 30 | 08
#0621-d275 @A: 22 31 33 04 | 05
#0622-d275 @A: 06 35 04 01 | 01
#0623-d275 @A: 06 04 20 23 | 12
#0624-d275 @A: 04 35 34 18 | 07
#0625-d275 @A: 02 25 04 35 | 02
#0626-d275 @A: 31 04 11 01 | 10
#0627-d275 @A: 16 17 04 28 | 09
#0628-d275 @A: 04 11 25 16 | 06
#0629-d275 @A: 20 01 29 22 | 11
#0630-d275 @A: 22 29 33 23 | 03
#0631-d275 @A: 06 15 22 02 | 04
#0632-d275 @A: 01 22 02 06 | 08
#0633-d275 @A: 20 22 17 34 | 05
#0634-d275 @A: 13 22 24 21 | 01
#0635-d275 @A: 31 22 25 01 | 12
#0636-d275 @A: 13 33 22 07 | 07
#0637-d275 @A: 22 26 18 17 | 02
#0638-d275 @A: 11 01 07 22 | 10
#0639-d275 @A: 25 24 29 34 | 09
#0640-d275 @A: 19 26 29 34 | 06
#0641-d275 @A: 29 19 11 15 | 11
#0642-d275 @A: 28 23 07 29 | 03
#0643-d275 @A: 01 06 20 26 | 04
#0644-d275 @A: 16 31 06 21 | 08
#0645-d275 @A: 32 06 13 19 | 05
#0646-d275 @A: 25 21 06 32 | 01
#0647-d275 @A: 06 33 11 15 | 12
#0648-d275 @A: 25 06 26 14 | 07
#0649-d275 @A: 06 07 19 15 | 02
#0650-d275 @A: 21 17 01 06 | 10
#0651-d275 @A: 26 35 34 24 | 09
#0652-d275 @A: 24 21 20 34 | 06
#0653-d275 @A: 24 01 21 34 | 11
#0654-d275 @A: 23 07 34 31 | 03
#0655-d275 @A: 23 34 13 19 | 04
#0656-d275 @A: 35 20 33 24 | 08
#0657-d275 @A: 01 33 19 24 | 05
#0658-d275 @A: 23 33 14 24 | 01
#0659-d275 @A: 24 26 18 21 | 12
#0660-d275 @A: 26 14 17 24 | 07
#0661-d275 @A: 24 25 28 13 | 02
#0662-d275 @A: 24 28 21 07 | 10
#0663-d275 @A: 02 16 26 17 | 09
#0664-d275 @A: 26 07 02 23 | 06
#0665-d275 @A: 02 13 18 14 | 11
#0666-d275 @A: 35 16 32 11 | 03
#0667-d275 @A: 35 18 33 07 | 04
#0668-d275 @A: 25 35 11 33 | 08
#0669-d275 @A: 13 15 21 35 | 05
#0670-d275 @A: 07 25 19 35 | 01
#0671-d275 @A: 01 14 35 23 | 12
#0672-d275 @A: 14 16 20 26 | 07
#0673-d275 @A: 21 20 25 07 | 02
#0674-d275 @A: 23 31 32 21 | 10
#0675-d275 @A: 26 16 31 25 | 09
#0676-d275 @A: 31 13 23 17 | 06
#0677-d275 @A: 18 01 32 25 | 11
#0678-d275 @A: 10 08 24 18 | 03
#0679-d275 @A: 25 10 03 04 | 04
#0680-d275 @A: 09 31 23 10 | 08
#0681-d275 @A: 30 32 10 22 | 05
#0682-d275 @A: 30 34 10 18 | 01
#0683-d275 @A: 20 30 10 21 | 12
#0684-d275 @A: 23 30 19 10 | 07
#0685-d275 @A: 04 32 10 13 | 02
#0686-d275 @A: 35 10 22 11 | 10
#0687-d275 @A: 22 23 20 10 | 09
#0688-d275 @A: 32 10 14 19 | 06
#0689-d275 @A: 33 17 10 21 | 11
#0690-d275 @A: 15 21 18 10 | 03
#0691-d275 @A: 17 22 08 05 | 04
#0692-d275 @A: 03 04 08 15 | 08
#0693-d275 @A: 03 17 08 13 | 05
#0694-d275 @A: 12 16 08 27 | 01
#0695-d275 @A: 08 15 06 12 | 12
#0696-d275 @A: 12 26 24 08 | 07
#0697-d275 @A: 14 27 08 09 | 02
#0698-d275 @A: 01 27 20 08 | 10
#0699-d275 @A: 22 30 08 07 | 09
#0700-d275 @A: 30 08 24 11 | 06
#0701-d275 @A: 30 02 08 33 | 11
#0702-d275 @A: 19 08 31 30 | 03
#0703-d275 @A: 04 08 22 18 | 04
#0704-d275 @A: 01 14 08 04 | 08
#0705-d275 @A: 07 06 08 25 | 05
#0706-d275 @A: 11 08 34 20 | 01
#0707-d275 @A: 17 08 34 01 | 12
#0708-d275 @A: 08 15 24 31 | 07
#0709-d275 @A: 24 08 17 21 | 02
#0710-d275 @A: 35 19 08 02 | 10
#0711-d275 @A: 32 28 13 08 | 09
#0712-d275 @A: 25 18 08 19 | 06
#0713-d275 @A: 03 27 11 05 | 11
#0714-d275 @A: 05 28 12 29 | 03
#0715-d275 @A: 05 27 16 29 | 04
#0716-d275 @A: 21 05 30 33 | 08
#0717-d275 @A: 22 05 04 14 | 05
#0718-d275 @A: 05 34 15 04 | 01
#0719-d275 @A: 20 29 05 13 | 12
#0720-d275 @A: 20 05 17 06 | 07
#0721-d275 @A: 34 21 05 32 | 02
#0722-d275 @A: 18 34 05 01 | 10
#0723-d275 @A: 28 32 05 23 | 09
#0724-d275 @A: 18 26 07 05 | 06
#0725-d275 @A: 28 15 05 19 | 11
#0726-d275 @A: 17 11 18 05 | 03
#0727-d275 @A: 25 19 11 05 | 04
#0728-d275 @A: 12 13 20 03 | 08
#0729-d275 @A: 27 07 03 30 | 05
#0730-d275 @A: 09 28 03 29 | 01
#0731-d275 @A: 30 03 25 02 | 12
#0732-d275 @A: 03 17 29 06 | 07
#0733-d275 @A: 19 29 03 23 | 02
#0734-d275 @A: 25 34 03 35 | 10
#0735-d275 @A: 03 11 24 33 | 09
#0736-d275 @A: 03 18 31 15 | 06
#0737-d275 @A: 21 26 14 03 | 11
#0738-d275 @A: 21 03 28 15 | 03
#0739-d275 @A: 01 25 21 03 | 04
#0740-d275 @A: 14 29 04 12 | 08
#0741-d275 @A: 23 12 04 02 | 05
#0742-d275 @A: 22 24 01 12 | 01
#0743-d275 @A: 12 02 17 29 | 12
#0744-d275 @A: 25 12 31 06 | 07
#0745-d275 @A: 35 14 12 20 | 02
#0746-d275 @A: 01 35 12 32 | 10
#0747-d275 @A: 26 12 07 32 | 09
#0748-d275 @A: 12 07 28 33 | 06
#0749-d275 @A: 27 04 11 22 | 11
#0750-d275 @A: 27 02 14 04 | 03
#0751-d275 @A: 22 13 27 35 | 04
#0752-d275 @A: 21 27 20 22 | 08
#0753-d275 @A: 22 31 07 27 | 05
#0754-d275 @A: 06 26 07 27 | 01
#0755-d275 @A: 20 27 26 34 | 12
#0756-d275 @A: 24 27 21 31 | 07
#0757-d275 @A: 11 27 18 28 | 02
#0758-d275 @A: 04 34 21 09 | 10
#0759-d275 @A: 17 09 22 29 | 09
#0760-d275 @A: 18 09 22 02 | 06
#0761-d275 @A: 09 35 25 24 | 11
#0762-d275 @A: 18 16 35 09 | 03
#0763-d275 @A: 09 13 23 35 | 04
#0764-d275 @A: 09 11 01 20 | 08
#0765-d275 @A: 19 15 09 32 | 05
#0766-d275 @A: 09 07 15 13 | 01
#0767-d275 @A: 04 30 19 29 | 12
#0768-d275 @A: 17 30 06 04 | 07
#0769-d275 @A: 17 22 02 30 | 02
#0770-d275 @A: 31 30 33 29 | 10
#0771-d275 @A: 34 30 25 06 | 09
#0772-d275 @A: 28 30 02 26 | 06
#0773-d275 @A: 35 30 14 26 | 11
#0774-d275 @A: 17 30 07 01 | 03
#0775-d275 @A: 30 13 25 21 | 04
#0776-d275 @A: 04 22 20 15 | 08
#0777-d275 @A: 04 06 07 34 | 05
#0778-d275 @A: 23 35 04 24 | 01
#0779-d275 @A: 04 17 35 14 | 12
#0780-d275 @A: 04 23 15 32 | 07
#0781-d275 @A: 26 15 13 04 | 02
#0782-d275 @A: 11 04 26 14 | 10
#0783-d275 @A: 04 18 13 07 | 09
#0784-d275 @A: 19 22 35 29 | 06
#0785-d275 @A: 02 24 11 22 | 11
#0786-d275 @A: 22 28 25 26 | 03
#0787-d275 @A: 25 23 18 22 | 04
#0788-d275 @A: 07 22 25 17 | 08
#0789-d275 @A: 06 29 25 02 | 05
#0790-d275 @A: 24 31 32 29 | 01
#0791-d275 @A: 20 11 35 29 | 12
#0792-d275 @A: 29 16 20 21 | 07
#0793-d275 @A: 18 32 15 29 | 02
#0794-d275 @A: 29 01 33 11 | 10
#0795-d275 @A: 19 25 16 29 | 09
#0796-d275 @A: 29 14 23 25 | 06
#0797-d275 @A: 06 18 33 26 | 11
#0798-d275 @A: 21 33 13 06 | 03
#0799-d275 @A: 01 13 19 06 | 04
#0800-d275 @A: 19 21 06 23 | 08
#0801-d275 @A: 33 34 17 16 | 05
#0802-d275 @A: 34 23 33 11 | 01
#0803-d275 @A: 26 34 15 17 | 12
#0804-d275 @A: 28 34 26 16 | 07
#0805-d275 @A: 18 15 34 11 | 02
#0806-d275 @A: 23 17 18 34 | 10
#0807-d275 @A: 24 02 20 31 | 09
#0808-d275 @A: 24 33 32 18 | 06
#0809-d275 @A: 25 19 24 32 | 11
#0810-d275 @A: 19 24 26 33 | 03
#0811-d275 @A: 26 24 18 01 | 04
#0812-d275 @A: 02 31 14 35 | 08
#0813-d275 @A: 02 32 19 23 | 05
#0814-d275 @A: 25 02 32 13 | 01
#0815-d275 @A: 33 28 01 02 | 12
#0816-d275 @A: 02 15 16 28 | 07
#0817-d275 @A: 32 35 26 23 | 02
#0818-d275 @A: 35 26 01 14 | 10
#0819-d275 @A: 35 19 11 18 | 09
#0820-d275 @A: 28 23 25 35 | 06
#0821-d275 @A: 32 14 20 15 | 11
#0822-d275 @A: 07 19 32 20 | 03
#0823-d275 @A: 33 17 20 26 | 04
#0824-d275 @A: 20 13 23 33 | 08
#0825-d275 @A: 20 21 23 18 | 05
#0826-d275 @A: 11 21 20 19 | 01
#0827-d275 @A: 14 13 01 20 | 12
#0828-d275 @A: 11 14 31 32 | 07
#0829-d275 @A: 15 31 33 23 | 02
#0830-d275 @A: 21 07 33 31 | 10
#0831-d275 @A: 19 16 15 31 | 09
#0832-d275 @A: 13 31 28 15 | 06
#0833-d275 @A: 11 23 31 16 | 11
#0834-d275 @A: 01 23 26 25 | 03
#0835-d275 @A: 29 08 10 06 | 04
#0836-d275 @A: 10 02 16 08 | 08
#0837-d275 @A: 05 27 10 15 | 05
#0838-d275 @A: 22 10 18 05 | 01
#0839-d275 @A: 19 10 31 03 | 12
#0840-d275 @A: 12 09 02 10 | 07
#0841-d275 @A: 27 13 20 10 | 02
#0842-d275 @A: 26 16 27 10 | 10
#0843-d275 @A: 10 06 09 01 | 09
#0844-d275 @A: 30 01 10 18 | 06
#0845-d275 @A: 10 35 29 28 | 11
#0846-d275 @A: 02 13 10 34 | 03
#0847-d275 @A: 35 20 17 10 | 04
#0848-d275 @A: 32 10 26 15 | 08
#0849-d275 @A: 17 15 14 10 | 05
#0850-d275 @A: 16 07 10 25 | 01
#0851-d275 @A: 19 05 24 08 | 12
#0852-d275 @A: 23 03 02 08 | 07
#0853-d275 @A: 08 18 12 29 | 02
#0854-d275 @A: 12 28 08 01 | 10
#0855-d275 @A: 32 08 27 24 | 09
#0856-d275 @A: 23 20 27 08 | 06
#0857-d275 @A: 17 18 08 27 | 11
#0858-d275 @A: 25 09 02 08 | 03
#0859-d275 @A: 29 04 33 08 | 04
#0860-d275 @A: 04 08 24 25 | 08
#0861-d275 @A: 06 08 33 16 | 05
#0862-d275 @A: 13 21 16 08 | 01
#0863-d275 @A: 03 05 13 06 | 12
#0864-d275 @A: 05 35 12 23 | 07
#0865-d275 @A: 28 25 09 05 | 02
#0866-d275 @A: 22 28 05 35 | 10
#0867-d275 @A: 06 23 05 01 | 09
#0868-d275 @A: 02 19 07 05 | 06
#0869-d275 @A: 13 05 26 32 | 11
#0870-d275 @A: 05 15 14 21 | 03
#0871-d275 @A: 21 11 05 16 | 04
#0872-d275 @A: 12 09 26 03 | 08
#0873-d275 @A: 14 31 12 03 | 05
#0874-d275 @A: 01 09 35 03 | 01
#0875-d275 @A: 30 03 24 23 | 12
#0876-d275 @A: 04 14 23 03 | 07
#0877-d275 @A: 13 03 22 23 | 02
#0878-d275 @A: 34 03 06 26 | 10
#0879-d275 @A: 31 01 03 26 | 09
#0880-d275 @A: 03 33 14 18 | 06
#0881-d275 @A: 25 07 14 03 | 11
#0882-d275 @A: 27 12 09 28 | 03
#0883-d275 @A: 29 12 15 27 | 04
#0884-d275 @A: 27 12 34 11 | 08
#0885-d275 @A: 16 12 04 35 | 05
#0886-d275 @A: 28 20 06 12 | 01
#0887-d275 @A: 34 07 12 24 | 12
#0888-d275 @A: 34 12 20 16 | 07
#0889-d275 @A: 32 24 20 12 | 02
#0890-d275 @A: 12 21 19 24 | 10
#0891-d275 @A: 24 13 14 12 | 09
#0892-d275 @A: 19 02 16 12 | 06
#0893-d275 @A: 12 13 01 16 | 11
#0894-d275 @A: 23 09 22 27 | 03
#0895-d275 @A: 30 20 32 27 | 04
#0896-d275 @A: 35 04 29 27 | 08
#0897-d275 @A: 04 27 25 33 | 05
#0898-d275 @A: 23 27 29 02 | 01
#0899-d275 @A: 34 18 24 27 | 12
#0900-d275 @A: 16 25 34 27 | 07
#0901-d275 @A: 13 24 02 27 | 02
#0902-d275 @A: 31 13 27 19 | 10
#0903-d275 @A: 33 27 21 14 | 09
#0904-d275 @A: 18 07 14 27 | 06
#0905-d275 @A: 17 09 15 04 | 11
#0906-d275 @A: 07 24 22 09 | 03
#0907-d275 @A: 18 34 09 29 | 04
#0908-d275 @A: 09 20 31 29 | 08
#0909-d275 @A: 18 29 01 09 | 05
#0910-d275 @A: 06 13 24 09 | 01
#0911-d275 @A: 09 28 24 01 | 12
#0912-d275 @A: 11 09 20 02 | 07
#0913-d275 @A: 35 09 31 21 | 02
#0914-d275 @A: 09 14 11 18 | 10
#0915-d275 @A: 18 17 09 21 | 09
#0916-d275 @A: 13 19 09 28 | 06
#0917-d275 @A: 04 07 35 30 | 11
#0918-d275 @A: 18 30 04 33 | 03
#0919-d275 @A: 15 14 22 30 | 04
#0920-d275 @A: 23 22 30 21 | 08
#0921-d275 @A: 17 25 31 30 | 05
#0922-d275 @A: 18 30 11 26 | 01
#0923-d275 @A: 11 01 26 30 | 12
#0924-d275 @A: 17 28 30 19 | 07
#0925-d275 @A: 30 28 19 01 | 02
#0926-d275 @A: 22 21 35 04 | 10
#0927-d275 @A: 16 29 06 04 | 09
#0928-d275 @A: 04 02 07 31 | 06
#0929-d275 @A: 20 04 35 32 | 11
#0930-d275 @A: 31 13 04 16 | 03
#0931-d275 @A: 32 25 26 04 | 04
#0932-d275 @A: 32 04 17 07 | 08
#0933-d275 @A: 17 04 26 19 | 05
#0934-d275 @A: 18 06 22 24 | 01
#0935-d275 @A: 22 06 35 33 | 12
#0936-d275 @A: 32 22 24 16 | 07
#0937-d275 @A: 22 35 16 20 | 02
#0938-d275 @A: 25 31 22 35 | 10
#0939-d275 @A: 22 11 17 31 | 09
#0940-d275 @A: 32 28 11 22 | 06
#0941-d275 @A: 19 22 13 11 | 11
#0942-d275 @A: 17 21 22 28 | 03
#0943-d275 @A: 29 34 14 01 | 04
#0944-d275 @A: 34 13 11 29 | 08
#0945-d275 @A: 24 17 29 01 | 05
#0946-d275 @A: 16 18 29 07 | 01
#0947-d275 @A: 17 13 29 25 | 12
#0948-d275 @A: 21 17 29 07 | 07
#0949-d275 @A: 29 23 28 01 | 02
#0950-d275 @A: 18 02 34 06 | 10
#0951-d275 @A: 14 06 34 11 | 09
#0952-d275 @A: 17 18 32 06 | 06
#0953-d275 @A: 06 33 25 23 | 11
#0954-d275 @A: 16 06 26 15 | 03
#0955-d275 @A: 23 06 13 26 | 04
#0956-d275 @A: 02 21 11 34 | 08
#0957-d275 @A: 01 26 34 13 | 05
#0958-d275 @A: 34 16 23 15 | 01
#0959-d275 @A: 18 16 21 34 | 12
#0960-d275 @A: 17 25 34 11 | 07
#0961-d275 @A: 24 32 02 35 | 02
#0962-d275 @A: 07 13 19 24 | 10
#0963-d275 @A: 11 16 07 24 | 09
#0964-d275 @A: 02 20 17 25 | 06
#0965-d275 @A: 07 21 02 15 | 11
#0966-d275 @A: 02 21 19 01 | 03
#0967-d275 @A: 28 13 16 35 | 04
#0968-d275 @A: 21 31 14 20 | 08
#0969-d275 @A: 32 18 26 20 | 05
#0970-d275 @A: 32 01 21 31 | 01
#0971-d275 @A: 15 31 11 21 | 12
#0972-d275 @A: 21 13 18 31 | 07
#0973-d275 @A: 17 16 31 14 | 02
#0974-d275 @A: 33 14 07 01 | 10
#0975-d275 @A: 08 10 31 11 | 09
#0976-d275 @A: 01 08 10 33 | 06
#0977-d275 @A: 05 10 19 35 | 11
#0978-d275 @A: 14 20 10 05 | 03
#0979-d275 @A: 24 10 32 03 | 04
#0980-d275 @A: 30 10 25 12 | 08
#0981-d275 @A: 10 27 33 22 | 05
#0982-d275 @A: 01 10 23 27 | 01
#0983-d275 @A: 30 29 14 10 | 12
#0984-d275 @A: 18 17 04 10 | 07
#0985-d275 @A: 18 14 10 06 | 02
#0986-d275 @A: 25 31 34 10 | 10
#0987-d275 @A: 07 10 18 32 | 09
#0988-d275 @A: 11 10 33 26 | 06
#0989-d275 @A: 13 18 11 10 | 11
#0990-d275 @A: 20 08 21 05 | 03
#0991-d275 @A: 03 08 26 29 | 04
#0992-d275 @A: 02 12 11 08 | 08
#0993-d275 @A: 12 20 17 08 | 05
#0994-d275 @A: 30 23 08 34 | 01
#0995-d275 @A: 11 08 22 29 | 12
#0996-d275 @A: 22 20 19 08 | 07
#0997-d275 @A: 31 08 35 07 | 02
#0998-d275 @A: 33 18 08 11 | 10
#0999-d275 @A: 04 16 03 05 | 09
#1000-d275 @A: 07 05 03 34 | 06
#1001-d275 @A: 22 34 05 12 | 11
#1002-d275 @A: 05 27 09 26 | 03
#1003-d275 @A: 01 27 30 05 | 04
#1004-d275 @A: 34 06 27 05 | 08
#1005-d275 @A: 04 05 25 30 | 05
#1006-d275 @A: 33 25 22 05 | 01
#1007-d275 @A: 29 02 05 11 | 12
#1008-d275 @A: 18 29 05 33 | 07
#1009-d275 @A: 02 05 35 21 | 02
#1010-d275 @A: 11 33 32 05 | 10
#1011-d275 @A: 33 05 15 13 | 09
#1012-d275 @A: 01 19 05 16 | 06
#1013-d275 @A: 06 33 27 03 | 11
#1014-d275 @A: 26 03 27 02 | 03
#1015-d275 @A: 09 06 25 03 | 04
#1016-d275 @A: 03 30 33 28 | 08
#1017-d275 @A: 07 03 29 24 | 05
#1018-d275 @A: 20 29 33 03 | 01
#1019-d275 @A: 34 24 02 03 | 12
#1020-d275 @A: 34 03 13 21 | 07
#1021-d275 @A: 15 13 32 03 | 02
#1022-d275 @A: 15 33 01 03 | 10
#1023-d275 @A: 26 03 23 11 | 09
#1024-d275 @A: 14 16 03 01 | 06
#1025-d275 @A: 09 12 22 33 | 11
#1026-d275 @A: 25 16 12 09 | 03
#1027-d275 @A: 17 04 12 22 | 04
#1028-d275 @A: 23 12 34 29 | 08
#1029-d275 @A: 16 12 33 18 | 05
#1030-d275 @A: 26 25 15 12 | 01
#1031-d275 @A: 14 11 12 16 | 12
#1032-d275 @A: 07 01 12 11 | 07
#1033-d275 @A: 27 04 26 30 | 02
#1034-d275 @A: 15 27 02 30 | 10
#1035-d275 @A: 27 34 04 32 | 09
#1036-d275 @A: 24 16 27 04 | 06
#1037-d275 @A: 29 27 32 25 | 11
#1038-d275 @A: 31 33 27 34 | 03
#1039-d275 @A: 01 02 17 27 | 04
#1040-d275 @A: 27 01 26 28 | 08
#1041-d275 @A: 27 14 16 15 | 05
#1042-d275 @A: 16 23 27 18 | 01
#1043-d275 @A: 27 17 25 14 | 12
#1044-d275 @A: 11 01 27 16 | 07
#1045-d275 @A: 07 27 25 28 | 02
#1046-d275 @A: 25 30 09 22 | 10
#1047-d275 @A: 09 30 26 31 | 09
#1048-d275 @A: 06 32 09 26 | 06
#1049-d275 @A: 21 15 09 26 | 11
#1050-d275 @A: 26 16 09 19 | 03
#1051-d275 @A: 19 09 17 25 | 04
#1052-d275 @A: 07 09 17 14 | 08
#1053-d275 @A: 01 09 25 17 | 05
#1054-d275 @A: 21 11 07 09 | 01
#1055-d275 @A: 30 11 04 34 | 12
#1056-d275 @A: 30 24 32 04 | 07
#1057-d275 @A: 22 29 30 26 | 02
#1058-d275 @A: 18 20 06 30 | 10
#1059-d275 @A: 30 35 34 21 | 09
#1060-d275 @A: 07 31 24 30 | 06
#1061-d275 @A: 31 23 01 30 | 11
#1062-d275 @A: 25 28 30 32 | 03
#1063-d275 @A: 17 30 23 26 | 04
#1064-d275 @A: 23 18 30 07 | 08
#1065-d275 @A: 07 21 19 30 | 05
#1066-d275 @A: 04 22 25 06 | 01
#1067-d275 @A: 04 34 20 14 | 12
#1068-d275 @A: 19 04 02 24 | 07
#1069-d275 @A: 18 24 04 28 | 02
#1070-d275 @A: 20 33 02 04 | 10
#1071-d275 @A: 35 15 04 33 | 09
#1072-d275 @A: 07 21 26 04 | 06
#1073-d275 @A: 01 18 04 15 | 11
#1074-d275 @A: 21 04 18 19 | 03
#1075-d275 @A: 29 07 22 32 | 04
#1076-d275 @A: 14 13 22 26 | 08
#1077-d275 @A: 26 16 22 21 | 05
#1078-d275 @A: 29 34 33 06 | 01
#1079-d275 @A: 29 31 07 06 | 12
#1080-d275 @A: 29 21 26 23 | 07
#1081-d275 @A: 16 15 17 29 | 02
#1082-d275 @A: 29 18 25 28 | 10
#1083-d275 @A: 29 28 16 14 | 09
#1084-d275 @A: 06 16 20 13 | 06
#1085-d275 @A: 19 33 06 28 | 11
#1086-d275 @A: 17 15 06 21 | 03
#1087-d275 @A: 06 28 07 01 | 04
#1088-d275 @A: 34 02 28 35 | 08
#1089-d275 @A: 07 20 24 23 | 05
#1090-d275 @A: 18 24 23 15 | 01
#1091-d275 @A: 23 24 11 17 | 12
#1092-d275 @A: 01 24 13 25 | 07
#1093-d275 @A: 16 33 23 02 | 02
#1094-d275 @A: 14 21 02 23 | 10
#1095-d275 @A: 17 13 21 02 | 09
#1096-d275 @A: 25 17 32 35 | 06
#1097-d275 @A: 13 17 35 18 | 11
#1098-d275 @A: 23 32 20 11 | 03
#1099-d275 @A: 11 07 33 20 | 04
#1100-d275 @A: 25 28 20 33 | 08
#1101-d275 @A: 23 20 28 15 | 05
#1102-d275 @A: 13 20 25 18 | 01
#1103-d275 @A: 07 26 13 31 | 12
#1104-d275 @A: 05 26 10 06 | 07
#1105-d275 @A: 03 10 26 30 | 02
#1106-d275 @A: 10 29 33 12 | 10
#1107-d275 @A: 18 10 12 35 | 09
#1108-d275 @A: 06 32 27 10 | 06
#1109-d275 @A: 30 10 35 13 | 11
#1110-d275 @A: 32 01 24 10 | 03
#1111-d275 @A: 19 11 10 02 | 04
#1112-d275 @A: 35 23 16 10 | 08
#1113-d275 @A: 23 08 29 05 | 05
#1114-d275 @A: 03 34 27 08 | 01
#1115-d275 @A: 21 09 08 03 | 12
#1116-d275 @A: 06 03 08 18 | 07
#1117-d275 @A: 09 19 08 12 | 02
#1118-d275 @A: 08 28 30 27 | 10
#1119-d275 @A: 23 08 04 28 | 09
#1120-d275 @A: 08 06 31 20 | 06
#1121-d275 @A: 14 34 08 35 | 11
#1122-d275 @A: 25 13 34 08 | 03
#1123-d275 @A: 24 08 02 07 | 04
#1124-d275 @A: 01 35 13 08 | 08
#1125-d275 @A: 33 17 25 08 | 05
#1126-d275 @A: 14 07 26 08 | 01
#1127-d275 @A: 15 23 21 08 | 12
#1128-d275 @A: 14 21 19 08 | 07
#1129-d275 @A: 05 19 21 03 | 02
#1130-d275 @A: 12 01 05 26 | 10
#1131-d275 @A: 05 12 14 17 | 09
#1132-d275 @A: 27 24 05 33 | 06
#1133-d275 @A: 05 31 32 27 | 11
#1134-d275 @A: 05 09 32 35 | 03
#1135-d275 @A: 31 18 05 09 | 04
#1136-d275 @A: 01 09 05 33 | 08
#1137-d275 @A: 05 30 26 34 | 05
#1138-d275 @A: 02 04 05 01 | 01
#1139-d275 @A: 05 21 24 29 | 12
#1140-d275 @A: 34 23 05 24 | 07
#1141-d275 @A: 31 02 23 05 | 02
#1142-d275 @A: 14 05 26 19 | 10
#1143-d275 @A: 17 05 19 13 | 09
#1144-d275 @A: 12 32 03 29 | 06
#1145-d275 @A: 28 03 04 27 | 11
#1146-d275 @A: 14 03 02 09 | 03
#1147-d275 @A: 35 33 09 03 | 04
#1148-d275 @A: 03 30 18 29 | 08
#1149-d275 @A: 06 03 16 22 | 05
#1150-d275 @A: 03 26 22 31 | 01
#1151-d275 @A: 02 28 03 06 | 12
#1152-d275 @A: 01 03 15 06 | 07
#1153-d275 @A: 03 01 24 11 | 02
#1154-d275 @A: 03 35 11 14 | 10
#1155-d275 @A: 03 28 32 07 | 09
#1156-d275 @A: 03 33 16 15 | 06
#1157-d275 @A: 03 11 17 15 | 11
#1158-d275 @A: 16 28 25 03 | 03
#1159-d275 @A: 12 20 33 27 | 04
#1160-d275 @A: 28 30 12 23 | 08
#1161-d275 @A: 04 32 06 12 | 05
#1162-d275 @A: 20 04 25 12 | 01
#1163-d275 @A: 12 22 23 24 | 12
#1164-d275 @A: 12 33 34 35 | 07
#1165-d275 @A: 12 33 24 31 | 02
#1166-d275 @A: 21 15 32 12 | 10
#1167-d275 @A: 28 18 32 12 | 09
#1168-d275 @A: 23 21 13 12 | 06
#1169-d275 @A: 34 13 27 09 | 11
#1170-d275 @A: 14 27 34 30 | 03
#1171-d275 @A: 04 27 21 23 | 04
#1172-d275 @A: 27 20 28 29 | 08
#1173-d275 @A: 15 06 27 23 | 05
#1174-d275 @A: 02 17 27 35 | 01
#1175-d275 @A: 15 27 35 11 | 12
#1176-d275 @A: 09 30 21 01 | 07
#1177-d275 @A: 32 09 02 04 | 02
#1178-d275 @A: 20 09 04 26 | 10
#1179-d275 @A: 09 15 31 22 | 09
#1180-d275 @A: 29 16 09 02 | 06
#1181-d275 @A: 23 06 09 34 | 11
#1182-d275 @A: 02 09 15 35 | 03
#1183-d275 @A: 20 19 35 09 | 04
#1184-d275 @A: 09 14 15 25 | 08
#1185-d275 @A: 14 13 09 16 | 05
#1186-d275 @A: 29 30 34 28 | 01
#1187-d275 @A: 29 30 24 16 | 12
#1188-d275 @A: 33 13 34 30 | 07
#1189-d275 @A: 31 30 16 35 | 02
#1190-d275 @A: 04 07 22 28 | 10
#1191-d275 @A: 01 29 16 04 | 09
#1192-d275 @A: 04 28 06 26 | 06
#1193-d275 @A: 17 24 04 34 | 11
#1194-d275 @A: 04 13 19 20 | 03
#1195-d275 @A: 04 11 18 32 | 04
#1196-d275 @A: 01 13 28 04 | 08
#1197-d275 @A: 20 22 07 06 | 05
#1198-d275 @A: 32 22 21 02 | 01
#1199-d275 @A: 22 01 17 35 | 12
#1200-d275 @A: 22 18 13 32 | 07
#1201-d275 @A: 33 17 22 14 | 02
#1202-d275 @A: 16 01 28 22 | 10
#1203-d275 @A: 15 02 29 24 | 09
#1204-d275 @A: 29 24 18 20 | 06
#1205-d275 @A: 29 24 17 19 | 11
#1206-d275 @A: 33 29 35 17 | 03
#1207-d275 @A: 21 32 33 29 | 04
#1208-d275 @A: 33 14 29 19 | 08
#1209-d275 @A: 26 14 29 15 | 05
#1210-d275 @A: 29 25 21 15 | 01
#1211-d275 @A: 13 18 29 23 | 12
#1212-d275 @A: 29 07 14 11 | 07
#1213-d275 @A: 31 28 06 34 | 02
#1214-d275 @A: 11 01 06 34 | 10
#1215-d275 @A: 17 06 24 02 | 09
#1216-d275 @A: 28 16 06 32 | 06
#1217-d275 @A: 01 28 32 06 | 11
#1218-d275 @A: 13 06 14 17 | 03
#1219-d275 @A: 20 15 34 01 | 04
#1220-d275 @A: 21 34 14 07 | 08
#1221-d275 @A: 24 16 35 17 | 05
#1222-d275 @A: 24 26 13 16 | 01
#1223-d275 @A: 24 19 18 16 | 12
#1224-d275 @A: 18 17 24 07 | 07
#1225-d275 @A: 01 24 19 07 | 02
#1226-d275 @A: 26 11 25 02 | 10
#1227-d275 @A: 07 17 11 02 | 09
#1228-d275 @A: 19 01 35 20 | 06
#1229-d275 @A: 32 07 35 15 | 11
#1230-d275 @A: 26 35 21 33 | 03
#1231-d275 @A: 32 16 25 20 | 04
#1232-d275 @A: 20 33 19 18 | 08
#1233-d275 @A: 32 17 31 15 | 05
#1234-d275 @A: 11 13 33 31 | 01
#1235-d275 @A: 31 33 01 13 | 12
#1236-d275 @A: 14 31 26 18 | 07
#1237-d275 @A: 15 31 28 01 | 02
#1238-d275 @A: 17 18 28 31 | 10
#1239-d275 @A: 07 31 16 28 | 09
#1240-d275 @A: 16 18 01 07 | 06
#1241-d275 @A: 11 13 23 01 | 11
#1242-d275 @A: 23 10 08 12 | 03
#1243-d275 @A: 05 10 12 13 | 04
#1244-d275 @A: 10 12 24 15 | 08
#1245-d275 @A: 10 24 09 19 | 05
#1246-d275 @A: 10 16 04 30 | 01
#1247-d275 @A: 33 30 24 10 | 12
#1248-d275 @A: 07 04 10 11 | 07
#1249-d275 @A: 29 02 10 22 | 02
#1250-d275 @A: 14 10 22 31 | 10
#1251-d275 @A: 19 10 20 34 | 09
#1252-d275 @A: 11 10 34 16 | 06
#1253-d275 @A: 10 01 35 16 | 11
#1254-d275 @A: 15 23 13 10 | 03
#1255-d275 @A: 18 10 16 28 | 04
#1256-d275 @A: 10 25 17 28 | 08
#1257-d275 @A: 05 08 09 07 | 05
#1258-d275 @A: 35 05 08 16 | 01
#1259-d275 @A: 01 11 05 08 | 12
#1260-d275 @A: 03 22 08 33 | 07
#1261-d275 @A: 28 12 08 34 | 02
#1262-d275 @A: 06 27 08 19 | 10
#1263-d275 @A: 33 08 27 35 | 09
#1264-d275 @A: 07 15 27 08 | 06
#1265-d275 @A: 09 08 23 24 | 11
#1266-d275 @A: 08 31 17 09 | 03
#1267-d275 @A: 08 01 09 16 | 04
#1268-d275 @A: 04 14 08 30 | 08
#1269-d275 @A: 08 34 31 21 | 05
#1270-d275 @A: 02 18 31 08 | 01
#1271-d275 @A: 25 35 08 26 | 12
#1272-d275 @A: 31 14 08 33 | 07
#1273-d275 @A: 23 08 07 33 | 02
#1274-d275 @A: 08 26 17 28 | 10
#1275-d275 @A: 23 14 08 13 | 09
#1276-d275 @A: 26 03 05 15 | 06
#1277-d275 @A: 05 30 12 18 | 11
#1278-d275 @A: 04 12 05 19 | 03
#1279-d275 @A: 30 27 05 23 | 04
#1280-d275 @A: 20 25 05 27 | 08
#1281-d275 @A: 05 16 09 20 | 05
#1282-d275 @A: 04 07 05 24 | 01
#1283-d275 @A: 05 22 15 29 | 12
#1284-d275 @A: 22 05 23 06 | 07
#1285-d275 @A: 22 24 05 26 | 02
#1286-d275 @A: 05 35 29 26 | 10
#1287-d275 @A: 05 34 28 13 | 09
#1288-d275 @A: 15 02 05 20 | 06
#1289-d275 @A: 05 18 02 16 | 11
#1290-d275 @A: 23 05 20 26 | 03
#1291-d275 @A: 28 33 17 05 | 04
#1292-d275 @A: 15 05 11 23 | 08
#1293-d275 @A: 04 11 03 12 | 05
#1294-d275 @A: 12 03 15 02 | 01
#1295-d275 @A: 09 30 04 03 | 12
#1296-d275 @A: 09 03 32 20 | 07
#1297-d275 @A: 01 30 03 29 | 02
#1298-d275 @A: 20 03 30 16 | 10
#1299-d275 @A: 21 03 31 30 | 09
#1300-d275 @A: 03 30 19 32 | 06
#1301-d275 @A: 35 22 17 03 | 11
#1302-d275 @A: 31 03 11 29 | 03
#1303-d275 @A: 03 23 06 31 | 04
#1304-d275 @A: 34 20 28 03 | 08
#1305-d275 @A: 14 03 34 16 | 05
#1306-d275 @A: 20 03 23 35 | 01
#1307-d275 @A: 13 31 03 35 | 12
#1308-d275 @A: 18 11 07 03 | 07
#1309-d275 @A: 13 03 19 25 | 02
#1310-d275 @A: 31 27 12 23 | 10
#1311-d275 @A: 18 06 09 12 | 09
#1312-d275 @A: 09 23 20 12 | 06
#1313-d275 @A: 15 22 35 12 | 11
#1314-d275 @A: 19 32 12 22 | 03
#1315-d275 @A: 34 12 31 19 | 04
#1316-d275 @A: 15 12 13 16 | 08
#1317-d275 @A: 17 25 18 12 | 05
#1318-d275 @A: 12 14 07 19 | 01
#1319-d275 @A: 19 11 28 12 | 12
#1320-d275 @A: 25 23 12 11 | 07
#1321-d275 @A: 25 31 27 09 | 02
#1322-d275 @A: 30 17 29 27 | 10
#1323-d275 @A: 20 27 04 07 | 09
#1324-d275 @A: 01 25 04 27 | 06
#1325-d275 @A: 22 34 28 27 | 11
#1326-d275 @A: 07 02 27 33 | 03
#1327-d275 @A: 35 27 18 26 | 04
#1328-d275 @A: 28 13 14 27 | 08
#1329-d275 @A: 28 23 17 27 | 05
#1330-d275 @A: 30 09 17 35 | 01
#1331-d275 @A: 30 13 20 09 | 12
#1332-d275 @A: 15 23 29 09 | 07
#1333-d275 @A: 19 06 09 02 | 02
#1334-d275 @A: 28 32 14 09 | 10
#1335-d275 @A: 09 21 13 32 | 09
#1336-d275 @A: 26 01 13 09 | 06
#1337-d275 @A: 23 21 25 09 | 11
#1338-d275 @A: 35 30 29 32 | 03
#1339-d275 @A: 30 31 02 32 | 04
#1340-d275 @A: 33 16 30 07 | 08
#1341-d275 @A: 16 11 19 30 | 05
#1342-d275 @A: 30 23 16 14 | 01
#1343-d275 @A: 29 17 04 20 | 12
#1344-d275 @A: 34 31 04 26 | 07
#1345-d275 @A: 21 04 24 15 | 02
#1346-d275 @A: 35 19 31 04 | 10
#1347-d275 @A: 23 33 04 17 | 09
#1348-d275 @A: 16 26 23 04 | 06
#1349-d275 @A: 22 25 29 20 | 11
#1350-d275 @A: 19 31 24 22 | 03
#1351-d275 @A: 31 02 16 22 | 04
#1352-d275 @A: 02 22 19 33 | 08
#1353-d275 @A: 22 14 01 32 | 05
#1354-d275 @A: 22 26 19 07 | 01
#1355-d275 @A: 22 23 11 07 | 12
#1356-d275 @A: 29 35 24 14 | 07
#1357-d275 @A: 07 35 13 29 | 02
#1358-d275 @A: 29 21 31 28 | 10
#1359-d275 @A: 07 33 29 25 | 09
#1360-d275 @A: 11 24 06 31 | 06
#1361-d275 @A: 17 35 26 06 | 11
#1362-d275 @A: 33 06 07 17 | 03
#1363-d275 @A: 07 18 21 06 | 04
#1364-d275 @A: 11 17 06 19 | 08
#1365-d275 @A: 06 28 21 14 | 05
#1366-d275 @A: 34 02 33 01 | 01
#1367-d275 @A: 32 14 23 34 | 12
#1368-d275 @A: 26 34 33 14 | 07
#1369-d275 @A: 13 34 18 26 | 02
#1370-d275 @A: 18 34 19 14 | 10
#1371-d275 @A: 28 19 07 34 | 09
#1372-d275 @A: 24 11 13 35 | 06
#1373-d275 @A: 32 13 24 23 | 11
#1374-d275 @A: 07 15 24 33 | 03
#1375-d275 @A: 25 18 24 11 | 04
#1376-d275 @A: 02 01 32 07 | 08
#1377-d275 @A: 33 18 17 02 | 05
#1378-d275 @A: 11 28 33 02 | 01
#1379-d275 @A: 14 02 11 15 | 12
#1380-d275 @A: 14 19 17 02 | 07
#1381-d275 @A: 14 33 35 28 | 02
#1382-d275 @A: 26 15 19 35 | 10
#1383-d275 @A: 35 28 18 01 | 09
#1384-d275 @A: 35 11 01 21 | 06
#1385-d275 @A: 20 31 26 15 | 11
#1386-d275 @A: 25 20 26 19 | 03
#1387-d275 @A: 19 20 15 17 | 04
#1388-d275 @A: 17 23 20 14 | 08
#1389-d275 @A: 01 07 25 20 | 05
#1390-d275 @A: 17 31 33 19 | 01
#1391-d275 @A: 26 21 17 31 | 12
#1392-d275 @A: 28 31 25 11 | 07
#1393-d275 @A: 26 32 17 01 | 02
#1394-d275 @A: 01 15 32 16 | 10
#1395-d275 @A: 08 03 14 10 | 09
#1396-d275 @A: 27 04 10 08 | 06
#1397-d275 @A: 05 10 16 17 | 11
#1398-d275 @A: 28 03 22 10 | 03
#1399-d275 @A: 34 10 32 12 | 04
#1400-d275 @A: 02 10 27 25 | 08
#1401-d275 @A: 32 10 29 09 | 05
#1402-d275 @A: 29 21 04 10 | 01
#1403-d275 @A: 01 10 17 04 | 12
#1404-d275 @A: 22 16 10 15 | 07
#1405-d275 @A: 18 31 10 29 | 02
#1406-d275 @A: 23 29 17 10 | 10
#1407-d275 @A: 14 10 24 34 | 09
#1408-d275 @A: 26 35 31 10 | 06
#1409-d275 @A: 18 19 10 26 | 11
#1410-d275 @A: 26 01 07 10 | 03
#1411-d275 @A: 10 28 07 15 | 04
#1412-d275 @A: 07 23 10 14 | 08
#1413-d275 @A: 11 10 23 21 | 05
#1414-d275 @A: 08 05 32 03 | 01
#1415-d275 @A: 08 15 05 30 | 12
#1416-d275 @A: 12 32 08 30 | 07
#1417-d275 @A: 22 27 02 08 | 02
#1418-d275 @A: 08 06 04 09 | 10
#1419-d275 @A: 08 11 09 28 | 09
#1420-d275 @A: 08 26 22 06 | 06
#1421-d275 @A: 15 08 28 22 | 11
#1422-d275 @A: 17 34 08 29 | 03
#1423-d275 @A: 08 31 16 29 | 04
#1424-d275 @A: 23 35 08 11 | 08
#1425-d275 @A: 33 08 20 32 | 05
#1426-d275 @A: 26 08 19 23 | 01
#1427-d275 @A: 19 08 28 16 | 12
#1428-d275 @A: 20 05 31 03 | 07
#1429-d275 @A: 12 25 05 32 | 02
#1430-d275 @A: 22 13 05 09 | 10
#1431-d275 @A: 15 09 05 06 | 09
#1432-d275 @A: 14 34 31 05 | 06
#1433-d275 @A: 24 18 13 05 | 11
#1434-d275 @A: 31 35 33 05 | 03
#1435-d275 @A: 25 17 26 05 | 04
#1436-d275 @A: 05 21 26 28 | 08
#1437-d275 @A: 17 15 05 07 | 05
#1438-d275 @A: 14 13 11 05 | 01
#1439-d275 @A: 28 17 05 01 | 12
#1440-d275 @A: 23 25 07 05 | 07
#1441-d275 @A: 34 12 18 03 | 02
#1442-d275 @A: 03 27 24 14 | 10
#1443-d275 @A: 03 22 19 09 | 09
#1444-d275 @A: 06 03 30 11 | 06
#1445-d275 @A: 03 04 13 24 | 11
#1446-d275 @A: 03 21 20 04 | 03
#1447-d275 @A: 03 01 07 04 | 04
#1448-d275 @A: 21 02 03 29 | 08
#1449-d275 @A: 06 14 03 20 | 05
#1450-d275 @A: 24 28 03 17 | 01
#1451-d275 @A: 02 11 32 03 | 12
#1452-d275 @A: 17 32 03 14 | 07
#1453-d275 @A: 23 33 03 21 | 02
#1454-d275 @A: 18 03 25 26 | 10
#1455-d275 @A: 17 07 26 03 | 09
#1456-d275 @A: 16 13 18 03 | 06
#1457-d275 @A: 17 01 23 03 | 11
#1458-d275 @A: 30 09 12 14 | 03
#1459-d275 @A: 35 11 09 12 | 04
#1460-d275 @A: 24 12 30 17 | 08
#1461-d275 @A: 04 31 21 12 | 05
#1462-d275 @A: 16 22 12 29 | 01
#1463-d275 @A: 12 02 22 25 | 12
#1464-d275 @A: 12 29 24 11 | 07
#1465-d275 @A: 29 12 35 25 | 02
#1466-d275 @A: 31 26 29 12 | 10
#1467-d275 @A: 12 06 26 19 | 09
#1468-d275 @A: 23 12 33 32 | 06
#1469-d275 @A: 12 17 16 32 | 11
#1470-d275 @A: 12 33 25 19 | 03
#1471-d275 @A: 12 01 17 33 | 04
#1472-d275 @A: 14 28 12 26 | 08
#1473-d275 @A: 18 13 19 12 | 05
#1474-d275 @A: 25 12 07 13 | 01
#1475-d275 @A: 28 25 12 21 | 12
#1476-d275 @A: 27 06 21 30 | 07
#1477-d275 @A: 18 27 29 22 | 02
#1478-d275 @A: 07 29 34 27 | 10
#1479-d275 @A: 07 27 01 34 | 09
#1480-d275 @A: 27 24 20 15 | 06
#1481-d275 @A: 32 02 27 18 | 11
#1482-d275 @A: 20 14 27 19 | 03
#1483-d275 @A: 32 33 27 19 | 04
#1484-d275 @A: 07 11 32 27 | 08
#1485-d275 @A: 33 23 27 26 | 05
#1486-d275 @A: 07 27 17 19 | 01
#1487-d275 @A: 27 16 19 21 | 12
#1488-d275 @A: 13 27 11 21 | 07
#1489-d275 @A: 22 16 09 04 | 02
#1490-d275 @A: 31 09 33 06 | 10
#1491-d275 @A: 09 32 34 24 | 09
#1492-d275 @A: 34 25 09 20 | 06
#1493-d275 @A: 17 09 24 20 | 11
#1494-d275 @A: 07 02 28 09 | 03
#1495-d275 @A: 31 19 14 09 | 04
#1496-d275 @A: 09 15 33 18 | 08
#1497-d275 @A: 09 01 19 15 | 05
#1498-d275 @A: 30 16 06 02 | 01
#1499-d275 @A: 26 30 19 13 | 12
#1500-d275 @A: 02 04 34 16 | 07
#1501-d275 @A: 28 04 33 32 | 02
#1502-d275 @A: 19 33 11 04 | 10
#1503-d275 @A: 28 04 19 14 | 09
#1504-d275 @A: 19 04 23 07 | 06
#1505-d275 @A: 04 21 25 17 | 11
#1506-d275 @A: 28 21 13 04 | 03
#1507-d275 @A: 29 06 28 22 | 04
#1508-d275 @A: 34 33 15 22 | 08
#1509-d275 @A: 22 34 25 19 | 05
#1510-d275 @A: 22 33 28 24 | 01
#1511-d275 @A: 20 02 22 13 | 12
#1512-d275 @A: 16 11 33 22 | 07
#1513-d275 @A: 15 18 07 22 | 02
#1514-d275 @A: 15 11 25 22 | 10
#1515-d275 @A: 18 19 28 22 | 09
#1516-d275 @A: 22 16 18 14 | 06
#1517-d275 @A: 18 22 01 13 | 11
#1518-d275 @A: 16 19 17 22 | 03
#1519-d275 @A: 23 06 24 29 | 04
#1520-d275 @A: 29 06 32 11 | 08
#1521-d275 @A: 15 33 28 29 | 05
#1522-d275 @A: 06 15 32 24 | 01
#1523-d275 @A: 06 20 32 02 | 12
#1524-d275 @A: 06 18 35 23 | 07
#1525-d275 @A: 06 33 18 01 | 02
#1526-d275 @A: 07 16 23 06 | 10
#1527-d275 @A: 20 07 18 34 | 09
#1528-d275 @A: 33 07 32 34 | 06
#1529-d275 @A: 17 28 34 14 | 11
#1530-d275 @A: 16 07 34 13 | 03
#1531-d275 @A: 24 35 18 31 | 04
#1532-d275 @A: 24 26 23 31 | 08
#1533-d275 @A: 15 24 11 26 | 05
#1534-d275 @A: 28 24 14 15 | 01
#1535-d275 @A: 15 25 17 24 | 12
#1536-d275 @A: 02 17 32 28 | 07
#1537-d275 @A: 01 11 02 18 | 02
#1538-d275 @A: 28 18 21 02 | 10
#1539-d275 @A: 25 35 18 21 | 09
#1540-d275 @A: 14 16 35 21 | 06
#1541-d275 @A: 20 31 11 18 | 11
#1542-d275 @A: 20 21 17 32 | 03
#1543-d275 @A: 20 11 13 15 | 04
#1544-d275 @A: 16 01 21 20 | 08
#1545-d275 @A: 21 31 19 25 | 05
#1546-d275 @A: 11 25 32 01 | 01
#1547-d275 @A: 31 10 05 07 | 12
#1548-d275 @A: 12 19 17 10 | 07
#1549-d275 @A: 27 10 21 07 | 02
#1550-d275 @A: 28 34 09 10 | 10
#1551-d275 @A: 10 34 04 33 | 09
#1552-d275 @A: 10 06 02 23 | 06
#1553-d275 @A: 31 21 02 10 | 11
#1554-d275 @A: 28 32 10 20 | 03
#1555-d275 @A: 32 25 23 10 | 04
#1556-d275 @A: 25 10 15 33 | 08
#1557-d275 @A: 10 21 19 28 | 05
#1558-d275 @A: 08 25 05 31 | 01
#1559-d275 @A: 13 31 12 08 | 12
#1560-d275 @A: 08 16 09 30 | 07
#1561-d275 @A: 08 32 09 22 | 02
#1562-d275 @A: 30 20 26 08 | 10
#1563-d275 @A: 35 13 08 04 | 09
#1564-d275 @A: 22 25 08 21 | 06
#1565-d275 @A: 08 22 01 23 | 11
#1566-d275 @A: 29 24 28 08 | 03
#1567-d275 @A: 08 29 15 13 | 04
#1568-d275 @A: 08 06 17 23 | 08
#1569-d275 @A: 01 02 25 08 | 05
#1570-d275 @A: 08 15 35 17 | 01
#1571-d275 @A: 08 01 31 07 | 12
#1572-d275 @A: 18 08 32 23 | 07
#1573-d275 @A: 32 16 08 14 | 02
#1574-d275 @A: 01 08 21 18 | 10
#1575-d275 @A: 30 05 03 17 | 09
#1576-d275 @A: 05 03 18 35 | 06
#1577-d275 @A: 27 17 05 04 | 11
#1578-d275 @A: 27 05 28 02 | 03
#1579-d275 @A: 09 11 34 05 | 04
#1580-d275 @A: 05 30 22 11 | 08
#1581-d275 @A: 02 24 05 30 | 05
#1582-d275 @A: 30 05 31 13 | 01
#1583-d275 @A: 06 21 04 05 | 12
#1584-d275 @A: 05 32 20 22 | 07
#1585-d275 @A: 17 31 05 29 | 02
#1586-d275 @A: 05 25 06 24 | 10
#1587-d275 @A: 28 06 18 05 | 09
#1588-d275 @A: 17 05 34 35 | 06
#1589-d275 @A: 28 24 20 05 | 11
#1590-d275 @A: 07 35 05 01 | 03
#1591-d275 @A: 32 05 16 15 | 04
#1592-d275 @A: 05 19 23 33 | 08
#1593-d275 @A: 16 25 14 05 | 05
#1594-d275 @A: 13 05 21 01 | 01
#1595-d275 @A: 22 03 30 12 | 12
#1596-d275 @A: 12 23 03 16 | 07
#1597-d275 @A: 01 03 18 27 | 02
#1598-d275 @A: 09 16 11 03 | 10
#1599-d275 @A: 03 04 32 22 | 09
#1600-d275 @A: 03 22 07 21 | 06
#1601-d275 @A: 15 29 03 35 | 11
#1602-d275 @A: 03 31 34 32 | 03
#1603-d275 @A: 19 03 33 34 | 04
#1604-d275 @A: 02 03 33 31 | 08
#1605-d275 @A: 03 32 25 33 | 05
#1606-d275 @A: 03 26 19 28 | 01
#1607-d275 @A: 19 18 17 03 | 12
#1608-d275 @A: 23 03 18 28 | 07
#1609-d275 @A: 26 22 12 27 | 02
#1610-d275 @A: 27 06 12 01 | 10
#1611-d275 @A: 07 09 29 12 | 09
#1612-d275 @A: 21 29 30 12 | 06
#1613-d275 @A: 33 26 04 12 | 11
#1614-d275 @A: 12 04 23 01 | 03
#1615-d275 @A: 15 12 19 23 | 04
#1616-d275 @A: 19 01 12 25 | 08
#1617-d275 @A: 19 27 24 30 | 05
#1618-d275 @A: 23 34 27 35 | 01
#1619-d275 @A: 24 27 35 07 | 12
#1620-d275 @A: 24 01 27 35 | 07
#1621-d275 @A: 15 18 27 19 | 02
#1622-d275 @A: 23 14 27 11 | 10
#1623-d275 @A: 09 21 24 30 | 09
#1624-d275 @A: 09 18 04 23 | 06
#1625-d275 @A: 26 35 09 22 | 11
#1626-d275 @A: 09 29 24 33 | 03
#1627-d275 @A: 14 29 21 09 | 04
#1628-d275 @A: 34 02 33 09 | 08
#1629-d275 @A: 09 31 16 34 | 05
#1630-d275 @A: 07 33 09 26 | 01
#1631-d275 @A: 28 31 22 30 | 12
#1632-d275 @A: 30 13 02 29 | 07
#1633-d275 @A: 23 30 20 29 | 02
#1634-d275 @A: 34 20 30 31 | 10
#1635-d275 @A: 02 13 30 01 | 09
#1636-d275 @A: 11 15 32 30 | 06
#1637-d275 @A: 15 19 33 30 | 11
#1638-d275 @A: 15 30 26 07 | 03
#1639-d275 @A: 30 16 15 21 | 04
#1640-d275 @A: 23 15 30 25 | 08
#1641-d275 @A: 30 13 16 17 | 05
#1642-d275 @A: 13 23 30 11 | 01
#1643-d275 @A: 21 04 01 22 | 12
#1644-d275 @A: 04 29 15 07 | 07
#1645-d275 @A: 11 06 02 04 | 02
#1646-d275 @A: 06 18 04 31 | 10
#1647-d275 @A: 15 06 04 14 | 09
#1648-d275 @A: 04 25 34 28 | 06
#1649-d275 @A: 31 14 24 04 | 11
#1650-d275 @A: 04 32 16 19 | 03
#1651-d275 @A: 34 21 29 22 | 04
#1652-d275 @A: 34 22 06 13 | 08
#1653-d275 @A: 07 22 34 02 | 05
#1654-d275 @A: 34 22 31 18 | 01
#1655-d275 @A: 14 28 22 02 | 12
#1656-d275 @A: 33 18 21 22 | 07
#1657-d275 @A: 22 23 16 28 | 02
#1658-d275 @A: 29 06 20 26 | 10
#1659-d275 @A: 29 18 02 35 | 09
#1660-d275 @A: 23 31 29 35 | 06
#1661-d275 @A: 29 23 16 32 | 11
#1662-d275 @A: 26 11 16 29 | 03
#1663-d275 @A: 24 06 20 19 | 04
#1664-d275 @A: 14 06 31 01 | 08
#1665-d275 @A: 06 15 25 28 | 05
#1666-d275 @A: 18 06 16 11 | 01
#1667-d275 @A: 19 14 06 16 | 12
#1668-d275 @A: 28 07 13 06 | 07
#1669-d275 @A: 15 07 25 34 | 02
#1670-d275 @A: 28 24 26 32 | 10
#1671-d275 @A: 14 19 11 24 | 09
#1672-d275 @A: 20 35 02 26 | 06
#1673-d275 @A: 13 11 02 16 | 11
#1674-d275 @A: 28 02 23 13 | 03
#1675-d275 @A: 21 35 32 19 | 04
#1676-d275 @A: 35 28 15 18 | 08
#1677-d275 @A: 15 01 25 35 | 05
#1678-d275 @A: 23 19 17 35 | 01
#1679-d275 @A: 07 35 21 23 | 12
#1680-d275 @A: 01 32 33 20 | 07
#1681-d275 @A: 16 20 19 23 | 02
#1682-d275 @A: 13 07 20 14 | 10
#1683-d275 @A: 28 20 17 13 | 09
#1684-d275 @A: 25 18 33 31 | 06
#1685-d275 @A: 13 25 31 14 | 11
#1686-d275 @A: 21 33 23 01 | 03
#1687-d275 @A: 25 16 01 33 | 04
#1688-d275 @A: 17 15 13 01 | 08
#1689-d275 @A: 17 01 18 14 | 05
