#0001-d292 @A: 09 06 13 05 | 05
#0002-d292 @A: 28 32 09 05 | 06
#0003-d292 @A: 09 07 16 23 | 03
#0004-d292 @A: 09 35 13 24 | 09
#0005-d292 @A: 24 32 21 09 | 08
#0006-d292 @A: 26 09 02 24 | 10
#0007-d292 @A: 16 09 03 13 | 02
#0008-d292 @A: 32 13 09 08 | 01
#0009-d292 @A: 06 18 09 19 | 07
#0010-d292 @A: 31 09 22 19 | 11
#0011-d292 @A: 33 03 01 09 | 04
#0012-d292 @A: 09 16 21 15 | 12
#0013-d292 @A: 09 18 32 11 | 05
#0014-d292 @A: 12 18 28 09 | 06
#0015-d292 @A: 33 11 09 02 | 03
#0016-d292 @A: 25 34 14 09 | 09
#0017-d292 @A: 35 34 04 09 | 08
#0018-d292 @A: 24 30 05 21 | 10
#0019-d292 @A: 17 01 04 05 | 02
#0020-d292 @A: 18 19 05 31 | 01
#0021-d292 @A: 28 12 01 05 | 07
#0022-d292 @A: 05 11 10 31 | 11
#0023-d292 @A: 22 12 05 33 | 04
#0024-d292 @A: 03 11 05 18 | 12
#0025-d292 @A: 31 27 08 05 | 05
#0026-d292 @A: 14 05 27 04 | 06
#0027-d292 @A: 12 05 21 35 | 03
#0028-d292 @A: 10 13 16 07 | 09
#0029-d292 @A: 18 15 13 07 | 08
#0030-d292 @A: 17 07 32 21 | 10
#0031-d292 @A: 17 35 23 07 | 02
#0032-d292 @A: 19 08 07 11 | 01
#0033-d292 @A: 20 27 07 01 | 07
#0034-d292 @A: 01 07 08 35 | 11
#0035-d292 @A: 07 30 16 22 | 04
#0036-d292 @A: 29 04 07 16 | 12
#0037-d292 @A: 25 28 03 07 | 05
#0038-d292 @A: 07 14 18 10 | 06
#0039-d292 @A: 02 29 03 07 | 03
#0040-d292 @A: 07 27 12 29 | 09
#0041-d292 @A: 07 14 15 11 | 08
#0042-d292 @A: 15 06 07 26 | 10
#0043-d292 @A: 35 07 06 31 | 02
#0044-d292 @A: 24 10 23 13 | 01
#0045-d292 @A: 24 14 18 13 | 07
#0046-d292 @A: 29 11 24 19 | 11
#0047-d292 @A: 24 06 01 30 | 04
#0048-d292 @A: 28 21 24 16 | 12
#0049-d292 @A: 30 08 26 24 | 05
#0050-d292 @A: 24 33 29 21 | 06
#0051-d292 @A: 08 18 24 33 | 03
#0052-d292 @A: 24 25 26 33 | 09
#0053-d292 @A: 24 25 21 22 | 08
#0054-d292 @A: 23 08 24 14 | 10
#0055-d292 @A: 13 33 17 28 | 02
#0056-d292 @A: 13 23 28 19 | 01
#0057-d292 @A: 13 06 30 16 | 07
#0058-d292 @A: 27 13 16 33 | 11
#0059-d292 @A: 02 25 30 13 | 04
#0060-d292 @A: 12 30 14 13 | 12
#0061-d292 @A: 11 29 25 13 | 05
#0062-d292 @A: 06 03 13 31 | 06
#0063-d292 @A: 11 13 26 03 | 03
#0064-d292 @A: 17 01 35 28 | 09
#0065-d292 @A: 20 17 10 25 | 08
#0066-d292 @A: 14 32 18 17 | 10
#0067-d292 @A: 28 03 22 17 | 02
#0068-d292 @A: 34 17 08 25 | 01
#0069-d292 @A: 17 04 25 35 | 07
#0070-d292 @A: 12 22 31 17 | 11
#0071-d292 @A: 06 17 27 34 | 04
#0072-d292 @A: 32 19 26 01 | 12
#0073-d292 @A: 35 01 19 11 | 05
#0074-d292 @A: 19 26 18 20 | 06
#0075-d292 @A: 19 27 03 20 | 03
#0076-d292 @A: 32 23 10 19 | 09
#0077-d292 @A: 19 03 29 10 | 08
#0078-d292 @A: 33 19 15 29 | 10
#0079-d292 @A: 19 23 08 15 | 02
#0080-d292 @A: 22 21 34 19 | 01
#0081-d292 @A: 11 34 19 15 | 07
#0082-d292 @A: 15 19 12 03 | 11
#0083-d292 @A: 19 04 35 21 | 04
#0084-d292 @A: 08 16 01 02 | 12
#0085-d292 @A: 32 15 28 01 | 05
#0086-d292 @A: 10 35 29 01 | 06
#0087-d292 @A: 01 14 33 02 | 03
#0088-d292 @A: 33 18 01 25 | 09
#0089-d292 @A: 01 11 06 18 | 08
#0090-d292 @A: 34 01 04 31 | 10
#0091-d292 @A: 31 14 01 35 | 02
#0092-d292 @A: 16 30 20 32 | 01
#0093-d292 @A: 04 03 16 20 | 07
#0094-d292 @A: 04 20 33 32 | 11
#0095-d292 @A: 20 18 27 32 | 04
#0096-d292 @A: 29 20 31 14 | 12
#0097-d292 @A: 04 20 25 08 | 05
#0098-d292 @A: 26 23 25 20 | 06
#0099-d292 @A: 20 11 22 08 | 03
#0100-d292 @A: 34 20 26 08 | 09
#0101-d292 @A: 20 08 06 31 | 08
#0102-d292 @A: 34 20 04 14 | 10
#0103-d292 @A: 20 06 03 34 | 02
#0104-d292 @A: 29 16 32 34 | 01
#0105-d292 @A: 16 28 10 12 | 07
#0106-d292 @A: 16 30 33 26 | 11
#0107-d292 @A: 14 03 16 29 | 04
#0108-d292 @A: 29 16 31 11 | 12
#0109-d292 @A: 26 02 16 22 | 05
#0110-d292 @A: 16 08 23 35 | 06
#0111-d292 @A: 21 16 31 34 | 03
#0112-d292 @A: 26 28 25 32 | 09
#0113-d292 @A: 30 32 34 31 | 08
#0114-d292 @A: 03 08 32 27 | 10
#0115-d292 @A: 22 04 12 32 | 02
#0116-d292 @A: 23 32 11 34 | 01
#0117-d292 @A: 32 27 06 14 | 07
#0118-d292 @A: 32 31 03 35 | 11
#0119-d292 @A: 28 10 15 02 | 04
#0120-d292 @A: 34 02 30 28 | 12
#0121-d292 @A: 26 30 28 18 | 05
#0122-d292 @A: 25 15 28 30 | 06
#0123-d292 @A: 29 18 28 15 | 03
#0124-d292 @A: 26 23 28 21 | 09
#0125-d292 @A: 10 30 18 12 | 08
#0126-d292 @A: 31 33 10 18 | 10
#0127-d292 @A: 33 22 25 10 | 02
#0128-d292 @A: 10 08 31 21 | 01
#0129-d292 @A: 08 10 35 27 | 07
#0130-d292 @A: 22 10 15 31 | 11
#0131-d292 @A: 10 21 06 15 | 04
#0132-d292 @A: 10 34 14 23 | 12
#0133-d292 @A: 14 31 10 04 | 05
#0134-d292 @A: 23 25 08 30 | 06
#0135-d292 @A: 06 30 34 04 | 03
#0136-d292 @A: 06 33 34 25 | 09
#0137-d292 @A: 34 15 33 12 | 08
#0138-d292 @A: 29 27 11 15 | 10
#0139-d292 @A: 29 23 04 11 | 02
#0140-d292 @A: 29 04 31 03 | 01
#0141-d292 @A: 22 02 08 31 | 07
#0142-d292 @A: 22 27 34 02 | 11
#0143-d292 @A: 03 35 02 27 | 04
#0144-d292 @A: 12 18 26 08 | 12
#0145-d292 @A: 03 08 35 18 | 05
#0146-d292 @A: 23 14 18 22 | 06
#0147-d292 @A: 31 18 35 22 | 03
#0148-d292 @A: 12 18 23 35 | 09
#0149-d292 @A: 15 12 31 11 | 08
#0150-d292 @A: 05 22 35 09 | 10
#0151-d292 @A: 33 07 09 25 | 02
#0152-d292 @A: 11 09 07 27 | 01
#0153-d292 @A: 09 24 22 01 | 07
#0154-d292 @A: 17 19 09 29 | 11
#0155-d292 @A: 16 09 17 08 | 04
#0156-d292 @A: 09 28 30 03 | 12
#0157-d292 @A: 30 10 14 09 | 05
#0158-d292 @A: 09 11 30 25 | 06
#0159-d292 @A: 09 18 25 08 | 03
#0160-d292 @A: 31 09 27 04 | 09
#0161-d292 @A: 05 07 08 13 | 08
#0162-d292 @A: 20 07 22 05 | 10
#0163-d292 @A: 13 26 05 33 | 02
#0164-d292 @A: 13 02 05 31 | 01
#0165-d292 @A: 15 05 17 03 | 07
#0166-d292 @A: 31 05 23 17 | 11
#0167-d292 @A: 19 05 33 27 | 04
#0168-d292 @A: 19 12 23 05 | 12
#0169-d292 @A: 27 05 01 32 | 05
#0170-d292 @A: 16 05 30 29 | 06
#0171-d292 @A: 05 02 16 34 | 03
#0172-d292 @A: 15 05 35 06 | 09
#0173-d292 @A: 05 35 11 23 | 08
#0174-d292 @A: 34 05 21 04 | 10
#0175-d292 @A: 14 05 12 06 | 02
#0176-d292 @A: 07 24 06 19 | 01
#0177-d292 @A: 24 32 07 27 | 07
#0178-d292 @A: 07 03 24 10 | 11
#0179-d292 @A: 28 07 21 13 | 04
#0180-d292 @A: 18 07 25 17 | 12
#0181-d292 @A: 16 12 19 07 | 05
#0182-d292 @A: 07 28 15 19 | 06
#0183-d292 @A: 30 07 33 01 | 03
#0184-d292 @A: 33 20 07 11 | 09
#0185-d292 @A: 08 23 07 32 | 08
#0186-d292 @A: 07 27 28 30 | 10
#0187-d292 @A: 31 07 30 25 | 02
#0188-d292 @A: 15 34 04 07 | 01
#0189-d292 @A: 12 03 35 07 | 07
#0190-d292 @A: 07 06 27 03 | 11
#0191-d292 @A: 13 24 01 16 | 04
#0192-d292 @A: 33 17 24 22 | 12
#0193-d292 @A: 32 04 19 24 | 05
#0194-d292 @A: 24 19 28 27 | 06
#0195-d292 @A: 19 30 23 24 | 03
#0196-d292 @A: 08 20 03 24 | 09
#0197-d292 @A: 24 18 16 22 | 08
#0198-d292 @A: 24 28 33 04 | 10
#0199-d292 @A: 24 12 33 03 | 02
#0200-d292 @A: 25 31 24 14 | 01
#0201-d292 @A: 34 24 23 31 | 07
#0202-d292 @A: 26 03 23 24 | 11
#0203-d292 @A: 04 17 13 19 | 04
#0204-d292 @A: 13 27 30 17 | 12
#0205-d292 @A: 35 17 31 13 | 05
#0206-d292 @A: 21 13 16 32 | 06
#0207-d292 @A: 06 10 13 32 | 03
#0208-d292 @A: 02 10 21 13 | 09
#0209-d292 @A: 14 10 13 27 | 08
#0210-d292 @A: 02 13 14 29 | 10
#0211-d292 @A: 23 13 21 08 | 02
#0212-d292 @A: 08 03 04 13 | 01
#0213-d292 @A: 17 23 28 27 | 07
#0214-d292 @A: 23 29 22 17 | 11
#0215-d292 @A: 11 17 12 25 | 04
#0216-d292 @A: 23 08 12 17 | 12
#0217-d292 @A: 21 17 23 06 | 05
#0218-d292 @A: 17 26 21 11 | 06
#0219-d292 @A: 12 19 01 02 | 03
#0220-d292 @A: 19 20 16 21 | 09
#0221-d292 @A: 19 20 33 25 | 08
#0222-d292 @A: 02 20 19 22 | 10
#0223-d292 @A: 19 14 35 32 | 02
#0224-d292 @A: 19 31 27 34 | 01
#0225-d292 @A: 19 35 27 06 | 07
#0226-d292 @A: 20 26 01 10 | 11
#0227-d292 @A: 35 06 01 16 | 04
#0228-d292 @A: 06 25 28 01 | 12
#0229-d292 @A: 21 01 29 18 | 05
#0230-d292 @A: 01 03 34 35 | 06
#0231-d292 @A: 11 01 04 34 | 03
#0232-d292 @A: 27 01 26 03 | 09
#0233-d292 @A: 10 20 22 18 | 08
#0234-d292 @A: 30 20 26 02 | 10
#0235-d292 @A: 12 20 08 14 | 02
#0236-d292 @A: 20 21 35 08 | 01
#0237-d292 @A: 03 21 14 20 | 07
#0238-d292 @A: 25 16 18 28 | 11
#0239-d292 @A: 35 16 25 33 | 04
#0240-d292 @A: 29 21 16 02 | 12
#0241-d292 @A: 35 16 34 15 | 05
#0242-d292 @A: 16 15 31 12 | 06
#0243-d292 @A: 21 16 11 04 | 03
#0244-d292 @A: 11 32 27 28 | 09
#0245-d292 @A: 14 11 10 32 | 08
#0246-d292 @A: 34 33 32 18 | 10
#0247-d292 @A: 06 32 18 29 | 02
#0248-d292 @A: 29 08 32 31 | 01
#0249-d292 @A: 32 14 15 22 | 07
#0250-d292 @A: 22 21 26 32 | 11
#0251-d292 @A: 32 06 35 22 | 04
#0252-d292 @A: 32 15 27 35 | 12
#0253-d292 @A: 06 32 03 04 | 05
#0254-d292 @A: 10 28 34 29 | 06
#0255-d292 @A: 35 28 21 18 | 03
#0256-d292 @A: 04 08 34 28 | 09
#0257-d292 @A: 31 12 28 14 | 08
#0258-d292 @A: 26 12 28 27 | 10
#0259-d292 @A: 22 08 10 14 | 02
#0260-d292 @A: 06 10 23 31 | 01
#0261-d292 @A: 11 04 10 27 | 07
#0262-d292 @A: 21 30 33 14 | 11
#0263-d292 @A: 27 30 08 21 | 04
#0264-d292 @A: 08 29 27 26 | 12
#0265-d292 @A: 22 15 29 34 | 05
#0266-d292 @A: 11 14 29 22 | 06
#0267-d292 @A: 27 29 15 21 | 03
#0268-d292 @A: 29 35 27 23 | 09
#0269-d292 @A: 21 12 29 04 | 08
#0270-d292 @A: 22 02 15 18 | 10
#0271-d292 @A: 02 34 18 04 | 02
#0272-d292 @A: 02 12 08 06 | 01
#0273-d292 @A: 21 02 22 14 | 07
#0274-d292 @A: 02 03 12 14 | 11
#0275-d292 @A: 26 25 27 11 | 04
#0276-d292 @A: 11 08 06 35 | 12
#0277-d292 @A: 27 21 11 08 | 05
#0278-d292 @A: 22 27 06 11 | 06
#0279-d292 @A: 09 05 12 16 | 03
#0280-d292 @A: 11 05 08 09 | 09
#0281-d292 @A: 09 10 06 24 | 08
#0282-d292 @A: 25 24 30 09 | 10
#0283-d292 @A: 04 20 13 09 | 02
#0284-d292 @A: 32 09 25 19 | 01
#0285-d292 @A: 28 09 04 01 | 07
#0286-d292 @A: 29 09 12 01 | 11
#0287-d292 @A: 09 34 16 20 | 04
#0288-d292 @A: 03 22 09 32 | 12
#0289-d292 @A: 23 14 28 09 | 05
#0290-d292 @A: 10 33 09 12 | 06
#0291-d292 @A: 09 31 30 18 | 03
#0292-d292 @A: 33 02 09 23 | 09
#0293-d292 @A: 09 29 22 18 | 08
#0294-d292 @A: 22 25 09 15 | 10
#0295-d292 @A: 21 35 25 09 | 02
#0296-d292 @A: 05 24 25 07 | 01
#0297-d292 @A: 34 30 07 05 | 07
#0298-d292 @A: 24 02 05 03 | 11
#0299-d292 @A: 05 04 18 24 | 04
#0300-d292 @A: 12 05 18 13 | 12
#0301-d292 @A: 05 14 32 02 | 05
#0302-d292 @A: 28 05 31 06 | 06
#0303-d292 @A: 31 05 30 35 | 03
#0304-d292 @A: 11 33 05 27 | 09
#0305-d292 @A: 26 05 25 22 | 08
#0306-d292 @A: 03 05 08 06 | 10
#0307-d292 @A: 05 22 03 14 | 02
#0308-d292 @A: 05 23 27 34 | 01
#0309-d292 @A: 28 12 07 24 | 07
#0310-d292 @A: 04 24 07 14 | 11
#0311-d292 @A: 13 34 07 20 | 04
#0312-d292 @A: 13 07 29 06 | 12
#0313-d292 @A: 17 11 01 07 | 05
#0314-d292 @A: 31 33 07 19 | 06
#0315-d292 @A: 34 07 02 01 | 03
#0316-d292 @A: 14 01 25 07 | 09
#0317-d292 @A: 32 35 07 30 | 08
#0318-d292 @A: 32 11 25 07 | 10
#0319-d292 @A: 28 07 33 08 | 02
#0320-d292 @A: 02 31 28 07 | 01
#0321-d292 @A: 34 10 07 21 | 07
#0322-d292 @A: 25 22 07 12 | 11
#0323-d292 @A: 21 15 25 07 | 04
#0324-d292 @A: 24 01 28 26 | 12
#0325-d292 @A: 25 34 24 01 | 05
#0326-d292 @A: 25 20 24 16 | 06
#0327-d292 @A: 16 14 24 32 | 03
#0328-d292 @A: 26 10 16 24 | 09
#0329-d292 @A: 35 32 33 24 | 08
#0330-d292 @A: 06 24 34 32 | 10
#0331-d292 @A: 29 24 27 10 | 02
#0332-d292 @A: 18 24 25 10 | 01
#0333-d292 @A: 12 35 10 24 | 07
#0334-d292 @A: 24 14 35 22 | 11
#0335-d292 @A: 01 13 12 17 | 04
#0336-d292 @A: 26 10 17 13 | 12
#0337-d292 @A: 32 20 14 13 | 05
#0338-d292 @A: 20 13 33 06 | 06
#0339-d292 @A: 11 16 30 13 | 03
#0340-d292 @A: 25 13 16 34 | 09
#0341-d292 @A: 23 26 16 13 | 08
#0342-d292 @A: 12 13 04 16 | 10
#0343-d292 @A: 04 13 02 28 | 02
#0344-d292 @A: 28 14 13 06 | 01
#0345-d292 @A: 13 30 35 34 | 07
#0346-d292 @A: 13 18 03 23 | 11
#0347-d292 @A: 08 31 11 13 | 04
#0348-d292 @A: 06 12 35 13 | 12
#0349-d292 @A: 27 12 13 03 | 05
#0350-d292 @A: 18 28 17 31 | 06
#0351-d292 @A: 23 10 17 30 | 03
#0352-d292 @A: 17 03 10 11 | 09
#0353-d292 @A: 18 34 12 17 | 08
#0354-d292 @A: 26 03 17 25 | 10
#0355-d292 @A: 34 26 22 17 | 02
#0356-d292 @A: 17 11 22 04 | 01
#0357-d292 @A: 23 04 17 26 | 07
#0358-d292 @A: 19 20 32 12 | 11
#0359-d292 @A: 16 19 28 26 | 04
#0360-d292 @A: 32 21 19 33 | 12
#0361-d292 @A: 19 18 02 32 | 05
#0362-d292 @A: 08 33 19 10 | 06
#0363-d292 @A: 19 34 18 14 | 03
#0364-d292 @A: 22 19 35 15 | 09
#0365-d292 @A: 11 19 12 22 | 08
#0366-d292 @A: 26 23 19 14 | 10
#0367-d292 @A: 26 03 19 35 | 02
#0368-d292 @A: 16 12 01 20 | 01
#0369-d292 @A: 01 29 23 16 | 07
#0370-d292 @A: 18 28 01 14 | 11
#0371-d292 @A: 02 01 11 10 | 04
#0372-d292 @A: 26 29 01 33 | 12
#0373-d292 @A: 15 01 03 22 | 05
#0374-d292 @A: 27 06 01 15 | 06
#0375-d292 @A: 14 03 01 04 | 03
#0376-d292 @A: 14 11 27 01 | 09
#0377-d292 @A: 32 02 20 31 | 08
#0378-d292 @A: 23 32 20 22 | 10
#0379-d292 @A: 30 11 20 02 | 02
#0380-d292 @A: 02 34 12 20 | 01
#0381-d292 @A: 16 06 08 32 | 07
#0382-d292 @A: 29 16 08 28 | 11
#0383-d292 @A: 03 02 16 28 | 04
#0384-d292 @A: 08 12 03 16 | 12
#0385-d292 @A: 03 16 23 15 | 05
#0386-d292 @A: 12 34 26 16 | 06
#0387-d292 @A: 26 06 03 16 | 03
#0388-d292 @A: 32 29 35 28 | 09
#0389-d292 @A: 22 08 33 32 | 08
#0390-d292 @A: 18 35 04 32 | 10
#0391-d292 @A: 25 21 06 32 | 02
#0392-d292 @A: 04 32 15 08 | 01
#0393-d292 @A: 12 32 08 21 | 07
#0394-d292 @A: 14 32 31 23 | 11
#0395-d292 @A: 06 23 12 32 | 04
#0396-d292 @A: 06 32 04 11 | 12
#0397-d292 @A: 33 28 31 30 | 05
#0398-d292 @A: 18 28 22 33 | 06
#0399-d292 @A: 22 11 28 02 | 03
#0400-d292 @A: 25 08 28 14 | 09
#0401-d292 @A: 23 31 25 28 | 08
#0402-d292 @A: 31 35 11 28 | 10
#0403-d292 @A: 28 03 04 12 | 02
#0404-d292 @A: 06 21 03 28 | 01
#0405-d292 @A: 10 04 29 33 | 07
#0406-d292 @A: 10 02 12 29 | 11
#0407-d292 @A: 11 22 10 12 | 04
#0408-d292 @A: 35 34 10 31 | 12
#0409-d292 @A: 29 30 23 18 | 05
#0410-d292 @A: 22 33 29 02 | 06
#0411-d292 @A: 03 33 11 25 | 03
#0412-d292 @A: 06 26 33 23 | 09
#0413-d292 @A: 04 23 35 33 | 08
#0414-d292 @A: 33 35 14 06 | 10
#0415-d292 @A: 08 29 21 34 | 02
#0416-d292 @A: 04 26 29 22 | 01
#0417-d292 @A: 31 23 29 12 | 07
#0418-d292 @A: 23 02 31 21 | 11
#0419-d292 @A: 02 14 27 26 | 04
#0420-d292 @A: 31 04 02 12 | 12
#0421-d292 @A: 25 34 22 18 | 05
#0422-d292 @A: 25 03 27 18 | 06
#0423-d292 @A: 18 35 15 26 | 03
#0424-d292 @A: 26 12 06 11 | 09
#0425-d292 @A: 09 05 10 03 | 08
#0426-d292 @A: 05 30 09 23 | 10
#0427-d292 @A: 09 02 27 05 | 02
#0428-d292 @A: 07 35 09 27 | 01
#0429-d292 @A: 34 18 24 09 | 07
#0430-d292 @A: 25 10 13 09 | 11
#0431-d292 @A: 17 30 06 09 | 04
#0432-d292 @A: 18 04 09 17 | 12
#0433-d292 @A: 21 17 22 09 | 05
#0434-d292 @A: 19 16 35 09 | 06
#0435-d292 @A: 09 11 19 28 | 03
#0436-d292 @A: 23 19 09 27 | 09
#0437-d292 @A: 09 25 01 16 | 08
#0438-d292 @A: 09 01 10 23 | 10
#0439-d292 @A: 01 08 09 30 | 02
#0440-d292 @A: 28 09 20 29 | 01
#0441-d292 @A: 34 09 27 28 | 07
#0442-d292 @A: 29 06 09 21 | 11
#0443-d292 @A: 09 21 29 11 | 04
#0444-d292 @A: 27 15 08 09 | 12
#0445-d292 @A: 09 15 03 04 | 05
#0446-d292 @A: 23 04 09 21 | 06
#0447-d292 @A: 31 09 12 03 | 03
#0448-d292 @A: 05 28 26 07 | 09
#0449-d292 @A: 05 10 17 24 | 08
#0450-d292 @A: 01 24 05 29 | 10
#0451-d292 @A: 24 20 15 05 | 02
#0452-d292 @A: 01 05 21 19 | 01
#0453-d292 @A: 22 19 05 10 | 07
#0454-d292 @A: 29 20 05 12 | 11
#0455-d292 @A: 06 04 05 20 | 04
#0456-d292 @A: 05 04 16 15 | 12
#0457-d292 @A: 27 05 16 35 | 05
#0458-d292 @A: 11 06 16 05 | 06
#0459-d292 @A: 05 18 21 32 | 03
#0460-d292 @A: 07 13 30 24 | 09
#0461-d292 @A: 26 17 07 24 | 08
#0462-d292 @A: 24 31 01 07 | 10
#0463-d292 @A: 07 11 16 24 | 02
#0464-d292 @A: 04 13 32 07 | 01
#0465-d292 @A: 02 13 07 26 | 07
#0466-d292 @A: 16 07 17 34 | 11
#0467-d292 @A: 25 07 19 29 | 04
#0468-d292 @A: 18 28 07 34 | 12
#0469-d292 @A: 06 28 07 11 | 05
#0470-d292 @A: 29 30 15 07 | 06
#0471-d292 @A: 11 29 07 03 | 03
#0472-d292 @A: 18 22 26 07 | 09
#0473-d292 @A: 08 26 07 25 | 08
#0474-d292 @A: 15 19 24 17 | 10
#0475-d292 @A: 34 16 24 19 | 02
#0476-d292 @A: 03 11 20 24 | 01
#0477-d292 @A: 15 16 30 24 | 07
#0478-d292 @A: 24 16 03 35 | 11
#0479-d292 @A: 31 28 32 24 | 04
#0480-d292 @A: 24 11 25 10 | 12
#0481-d292 @A: 24 18 29 12 | 05
#0482-d292 @A: 02 04 24 11 | 06
#0483-d292 @A: 25 27 08 24 | 03
#0484-d292 @A: 24 27 23 22 | 09
#0485-d292 @A: 34 24 04 22 | 08
#0486-d292 @A: 15 03 06 24 | 10
#0487-d292 @A: 24 14 21 11 | 02
#0488-d292 @A: 31 06 27 24 | 01
#0489-d292 @A: 17 23 13 20 | 07
#0490-d292 @A: 13 22 17 16 | 11
#0491-d292 @A: 31 01 30 13 | 04
#0492-d292 @A: 03 02 01 13 | 12
#0493-d292 @A: 12 10 13 20 | 05
#0494-d292 @A: 13 28 35 16 | 06
#0495-d292 @A: 34 04 26 13 | 03
#0496-d292 @A: 13 26 06 27 | 09
#0497-d292 @A: 35 17 19 33 | 08
#0498-d292 @A: 17 23 02 19 | 10
#0499-d292 @A: 22 17 01 20 | 02
#0500-d292 @A: 17 10 01 14 | 01
#0501-d292 @A: 15 17 01 33 | 07
#0502-d292 @A: 20 28 12 17 | 11
#0503-d292 @A: 30 20 17 21 | 04
#0504-d292 @A: 31 16 30 17 | 12
#0505-d292 @A: 34 33 17 10 | 05
#0506-d292 @A: 17 15 30 02 | 06
#0507-d292 @A: 17 26 35 12 | 03
#0508-d292 @A: 19 01 28 03 | 09
#0509-d292 @A: 33 19 28 34 | 08
#0510-d292 @A: 34 29 02 19 | 10
#0511-d292 @A: 19 35 29 18 | 02
#0512-d292 @A: 32 20 01 34 | 01
#0513-d292 @A: 30 20 01 25 | 07
#0514-d292 @A: 16 01 30 10 | 11
#0515-d292 @A: 31 16 01 33 | 04
#0516-d292 @A: 11 21 16 01 | 12
#0517-d292 @A: 29 01 04 30 | 05
#0518-d292 @A: 30 06 11 01 | 06
#0519-d292 @A: 21 08 03 01 | 03
#0520-d292 @A: 12 23 01 04 | 09
#0521-d292 @A: 20 16 35 29 | 08
#0522-d292 @A: 20 18 28 23 | 10
#0523-d292 @A: 34 11 10 20 | 02
#0524-d292 @A: 06 29 20 30 | 01
#0525-d292 @A: 02 08 20 33 | 07
#0526-d292 @A: 20 34 35 23 | 11
#0527-d292 @A: 20 12 23 03 | 04
#0528-d292 @A: 26 31 18 16 | 12
#0529-d292 @A: 16 22 25 08 | 05
#0530-d292 @A: 23 12 25 16 | 06
#0531-d292 @A: 08 16 31 14 | 03
#0532-d292 @A: 14 22 12 16 | 09
#0533-d292 @A: 16 06 27 23 | 08
#0534-d292 @A: 16 03 31 27 | 10
#0535-d292 @A: 16 21 12 27 | 02
#0536-d292 @A: 16 04 06 21 | 01
#0537-d292 @A: 32 18 03 28 | 07
#0538-d292 @A: 10 34 22 32 | 11
#0539-d292 @A: 32 29 14 30 | 04
#0540-d292 @A: 27 23 32 04 | 12
#0541-d292 @A: 28 08 23 22 | 05
#0542-d292 @A: 22 28 12 06 | 06
#0543-d292 @A: 15 28 12 23 | 03
#0544-d292 @A: 23 28 35 03 | 09
#0545-d292 @A: 26 15 10 23 | 08
#0546-d292 @A: 34 10 06 12 | 10
#0547-d292 @A: 30 02 18 33 | 02
#0548-d292 @A: 14 30 08 06 | 01
#0549-d292 @A: 26 22 30 15 | 07
#0550-d292 @A: 22 14 30 31 | 11
#0551-d292 @A: 23 30 15 06 | 04
#0552-d292 @A: 14 34 26 30 | 12
#0553-d292 @A: 30 06 31 26 | 05
#0554-d292 @A: 08 33 15 25 | 06
#0555-d292 @A: 08 23 03 29 | 03
#0556-d292 @A: 23 15 29 04 | 09
#0557-d292 @A: 34 29 31 06 | 08
#0558-d292 @A: 18 35 14 02 | 10
#0559-d292 @A: 02 27 06 18 | 02
#0560-d292 @A: 34 02 25 03 | 01
#0561-d292 @A: 08 03 02 26 | 07
#0562-d292 @A: 02 15 06 04 | 11
#0563-d292 @A: 21 06 34 02 | 04
#0564-d292 @A: 15 34 21 18 | 12
#0565-d292 @A: 35 34 27 18 | 05
#0566-d292 @A: 22 25 31 11 | 06
#0567-d292 @A: 34 11 31 26 | 03
#0568-d292 @A: 09 32 07 10 | 09
#0569-d292 @A: 07 26 09 30 | 08
#0570-d292 @A: 15 09 28 24 | 10
#0571-d292 @A: 29 24 03 09 | 02
#0572-d292 @A: 11 24 09 12 | 01
#0573-d292 @A: 17 34 09 32 | 07
#0574-d292 @A: 17 09 31 10 | 11
#0575-d292 @A: 20 14 19 09 | 04
#0576-d292 @A: 09 32 20 35 | 12
#0577-d292 @A: 20 09 22 30 | 05
#0578-d292 @A: 09 26 20 03 | 06
#0579-d292 @A: 08 14 21 09 | 03
#0580-d292 @A: 04 06 22 09 | 09
#0581-d292 @A: 31 14 09 15 | 08
#0582-d292 @A: 10 23 07 05 | 10
#0583-d292 @A: 27 24 05 13 | 02
#0584-d292 @A: 24 05 23 28 | 01
#0585-d292 @A: 06 33 05 24 | 07
#0586-d292 @A: 13 05 16 14 | 11
#0587-d292 @A: 05 11 02 17 | 04
#0588-d292 @A: 27 26 17 05 | 12
#0589-d292 @A: 19 29 05 32 | 05
#0590-d292 @A: 10 01 05 06 | 06
#0591-d292 @A: 08 32 05 20 | 03
#0592-d292 @A: 15 33 10 05 | 09
#0593-d292 @A: 33 30 03 05 | 08
#0594-d292 @A: 05 30 11 15 | 10
#0595-d292 @A: 34 33 05 29 | 02
#0596-d292 @A: 29 15 05 31 | 01
#0597-d292 @A: 05 31 34 25 | 07
#0598-d292 @A: 08 05 15 22 | 11
#0599-d292 @A: 35 05 08 04 | 04
#0600-d292 @A: 04 05 03 23 | 12
#0601-d292 @A: 07 35 24 34 | 05
#0602-d292 @A: 03 07 13 17 | 06
#0603-d292 @A: 07 25 13 27 | 03
#0604-d292 @A: 31 07 20 17 | 09
#0605-d292 @A: 08 07 30 17 | 08
#0606-d292 @A: 07 02 21 19 | 10
#0607-d292 @A: 01 26 16 07 | 02
#0608-d292 @A: 35 16 07 18 | 01
#0609-d292 @A: 18 07 32 31 | 07
#0610-d292 @A: 14 35 15 07 | 11
#0611-d292 @A: 07 26 14 12 | 04
#0612-d292 @A: 07 06 12 21 | 12
#0613-d292 @A: 04 13 24 29 | 05
#0614-d292 @A: 21 13 24 06 | 06
#0615-d292 @A: 19 08 24 29 | 03
#0616-d292 @A: 01 24 02 21 | 09
#0617-d292 @A: 16 06 24 12 | 08
#0618-d292 @A: 32 15 24 29 | 10
#0619-d292 @A: 28 22 24 10 | 02
#0620-d292 @A: 24 30 35 28 | 01
#0621-d292 @A: 25 28 29 24 | 07
#0622-d292 @A: 10 24 04 02 | 11
#0623-d292 @A: 14 10 21 24 | 04
#0624-d292 @A: 02 34 33 24 | 12
#0625-d292 @A: 04 24 15 35 | 05
#0626-d292 @A: 26 12 24 04 | 06
#0627-d292 @A: 13 29 01 34 | 03
#0628-d292 @A: 01 13 22 21 | 09
#0629-d292 @A: 11 01 15 13 | 08
#0630-d292 @A: 02 32 34 13 | 10
#0631-d292 @A: 10 13 29 08 | 02
#0632-d292 @A: 04 33 13 18 | 01
#0633-d292 @A: 08 13 06 25 | 07
#0634-d292 @A: 01 27 29 17 | 11
#0635-d292 @A: 33 17 20 14 | 04
#0636-d292 @A: 03 20 17 02 | 12
#0637-d292 @A: 18 20 17 15 | 05
#0638-d292 @A: 20 06 17 35 | 06
#0639-d292 @A: 17 16 23 32 | 03
#0640-d292 @A: 12 16 17 29 | 09
#0641-d292 @A: 32 30 17 22 | 08
#0642-d292 @A: 28 21 17 29 | 10
#0643-d292 @A: 02 17 26 28 | 02
#0644-d292 @A: 18 33 17 26 | 01
#0645-d292 @A: 33 03 08 17 | 07
#0646-d292 @A: 18 17 11 34 | 11
#0647-d292 @A: 12 25 17 21 | 04
#0648-d292 @A: 17 12 27 15 | 12
#0649-d292 @A: 17 21 35 34 | 05
#0650-d292 @A: 17 14 04 12 | 06
#0651-d292 @A: 14 35 17 11 | 03
#0652-d292 @A: 17 06 04 31 | 09
#0653-d292 @A: 19 01 16 27 | 08
#0654-d292 @A: 06 01 33 19 | 10
#0655-d292 @A: 29 31 01 19 | 02
#0656-d292 @A: 31 15 20 19 | 01
#0657-d292 @A: 02 19 04 16 | 07
#0658-d292 @A: 08 19 02 14 | 11
#0659-d292 @A: 19 27 14 15 | 04
#0660-d292 @A: 34 03 19 23 | 12
#0661-d292 @A: 08 20 23 01 | 05
#0662-d292 @A: 27 28 10 01 | 06
#0663-d292 @A: 01 04 33 22 | 03
#0664-d292 @A: 34 14 01 27 | 09
#0665-d292 @A: 01 12 31 21 | 08
#0666-d292 @A: 35 04 26 01 | 10
#0667-d292 @A: 29 20 28 11 | 02
#0668-d292 @A: 06 28 02 20 | 01
#0669-d292 @A: 04 20 22 28 | 07
#0670-d292 @A: 02 25 20 29 | 11
#0671-d292 @A: 08 15 29 20 | 04
#0672-d292 @A: 12 18 20 21 | 12
#0673-d292 @A: 25 21 34 20 | 05
#0674-d292 @A: 20 25 35 14 | 06
#0675-d292 @A: 22 03 35 20 | 03
#0676-d292 @A: 35 10 32 16 | 09
#0677-d292 @A: 11 02 32 16 | 08
#0678-d292 @A: 23 16 30 28 | 10
#0679-d292 @A: 33 28 11 16 | 02
#0680-d292 @A: 04 26 25 16 | 01
#0681-d292 @A: 23 31 16 22 | 07
#0682-d292 @A: 28 32 02 22 | 11
#0683-d292 @A: 03 33 02 32 | 04
#0684-d292 @A: 29 32 12 03 | 12
#0685-d292 @A: 21 34 27 32 | 05
#0686-d292 @A: 29 02 28 27 | 06
#0687-d292 @A: 28 29 26 03 | 03
#0688-d292 @A: 28 03 04 11 | 09
#0689-d292 @A: 35 11 10 30 | 08
#0690-d292 @A: 12 15 14 10 | 10
#0691-d292 @A: 33 35 30 08 | 02
#0692-d292 @A: 12 21 22 30 | 01
#0693-d292 @A: 04 30 14 15 | 07
#0694-d292 @A: 12 27 11 30 | 11
#0695-d292 @A: 08 33 04 11 | 04
#0696-d292 @A: 33 35 34 11 | 12
#0697-d292 @A: 33 35 12 31 | 05
#0698-d292 @A: 03 33 31 26 | 06
#0699-d292 @A: 25 29 15 03 | 03
#0700-d292 @A: 35 25 34 29 | 09
#0701-d292 @A: 25 02 21 27 | 08
#0702-d292 @A: 12 02 27 23 | 10
#0703-d292 @A: 14 18 31 21 | 02
#0704-d292 @A: 03 23 21 11 | 01
#0705-d292 @A: 05 01 09 31 | 07
#0706-d292 @A: 09 05 33 21 | 11
#0707-d292 @A: 29 09 34 07 | 04
#0708-d292 @A: 03 07 09 18 | 12
#0709-d292 @A: 21 09 13 18 | 05
#0710-d292 @A: 17 12 09 02 | 06
#0711-d292 @A: 21 20 09 01 | 03
#0712-d292 @A: 33 09 06 28 | 09
#0713-d292 @A: 09 27 18 10 | 08
#0714-d292 @A: 04 30 09 33 | 10
#0715-d292 @A: 09 27 14 29 | 02
#0716-d292 @A: 08 06 09 23 | 01
#0717-d292 @A: 35 15 09 23 | 07
#0718-d292 @A: 11 26 15 09 | 11
#0719-d292 @A: 14 33 05 07 | 04
#0720-d292 @A: 34 05 24 11 | 12
#0721-d292 @A: 20 05 03 13 | 05
#0722-d292 @A: 10 13 05 04 | 06
#0723-d292 @A: 32 35 05 17 | 03
#0724-d292 @A: 11 28 05 01 | 09
#0725-d292 @A: 32 10 05 31 | 08
#0726-d292 @A: 15 12 32 05 | 10
#0727-d292 @A: 27 12 10 05 | 02
#0728-d292 @A: 05 12 30 02 | 01
#0729-d292 @A: 18 05 03 29 | 07
#0730-d292 @A: 15 21 05 26 | 11
#0731-d292 @A: 34 19 32 07 | 04
#0732-d292 @A: 04 19 27 07 | 12
#0733-d292 @A: 07 18 01 12 | 05
#0734-d292 @A: 08 16 07 27 | 06
#0735-d292 @A: 07 14 28 32 | 03
#0736-d292 @A: 02 12 32 07 | 09
#0737-d292 @A: 08 10 07 02 | 08
#0738-d292 @A: 18 06 33 07 | 10
#0739-d292 @A: 07 31 26 23 | 02
#0740-d292 @A: 21 34 07 11 | 01
#0741-d292 @A: 27 21 14 07 | 07
#0742-d292 @A: 22 24 13 19 | 11
#0743-d292 @A: 13 11 24 33 | 04
#0744-d292 @A: 24 17 27 16 | 12
#0745-d292 @A: 30 17 14 24 | 05
#0746-d292 @A: 19 26 21 24 | 06
#0747-d292 @A: 24 22 02 30 | 03
#0748-d292 @A: 06 02 24 29 | 09
#0749-d292 @A: 27 02 15 24 | 08
#0750-d292 @A: 25 12 24 15 | 10
#0751-d292 @A: 15 08 21 24 | 02
#0752-d292 @A: 08 35 06 24 | 01
#0753-d292 @A: 21 24 12 23 | 07
#0754-d292 @A: 04 23 06 24 | 11
#0755-d292 @A: 21 31 24 35 | 04
#0756-d292 @A: 21 24 04 27 | 12
#0757-d292 @A: 13 16 15 29 | 05
#0758-d292 @A: 13 32 22 18 | 06
#0759-d292 @A: 28 13 29 30 | 03
#0760-d292 @A: 18 13 34 10 | 09
#0761-d292 @A: 02 31 13 11 | 08
#0762-d292 @A: 27 13 34 08 | 10
#0763-d292 @A: 04 13 15 31 | 02
#0764-d292 @A: 19 26 17 30 | 01
#0765-d292 @A: 20 17 08 27 | 07
#0766-d292 @A: 17 11 27 20 | 11
#0767-d292 @A: 02 32 04 17 | 04
#0768-d292 @A: 27 32 25 17 | 12
#0769-d292 @A: 17 28 04 30 | 05
#0770-d292 @A: 30 17 33 12 | 06
#0771-d292 @A: 33 21 17 02 | 03
#0772-d292 @A: 17 35 08 14 | 09
#0773-d292 @A: 23 17 03 14 | 08
#0774-d292 @A: 17 27 04 03 | 10
#0775-d292 @A: 19 01 15 04 | 02
#0776-d292 @A: 10 19 16 14 | 01
#0777-d292 @A: 19 22 27 32 | 07
#0778-d292 @A: 27 30 19 29 | 11
#0779-d292 @A: 02 30 31 19 | 04
#0780-d292 @A: 04 19 18 30 | 12
#0781-d292 @A: 33 19 18 12 | 05
#0782-d292 @A: 18 11 33 19 | 06
#0783-d292 @A: 11 31 27 19 | 03
#0784-d292 @A: 01 16 32 22 | 09
#0785-d292 @A: 01 32 02 06 | 08
#0786-d292 @A: 01 30 03 18 | 10
#0787-d292 @A: 33 12 01 11 | 02
#0788-d292 @A: 01 11 29 08 | 01
#0789-d292 @A: 03 25 12 01 | 07
#0790-d292 @A: 01 22 34 12 | 11
#0791-d292 @A: 11 01 26 22 | 04
#0792-d292 @A: 27 01 21 23 | 12
#0793-d292 @A: 20 32 06 26 | 05
#0794-d292 @A: 20 03 28 10 | 06
#0795-d292 @A: 20 28 08 30 | 03
#0796-d292 @A: 29 10 20 23 | 09
#0797-d292 @A: 06 20 22 21 | 08
#0798-d292 @A: 20 23 15 11 | 10
#0799-d292 @A: 04 21 31 20 | 02
#0800-d292 @A: 12 20 04 35 | 01
#0801-d292 @A: 15 16 10 08 | 07
#0802-d292 @A: 33 12 16 02 | 11
#0803-d292 @A: 16 33 04 14 | 04
#0804-d292 @A: 18 27 16 11 | 12
#0805-d292 @A: 25 16 27 14 | 05
#0806-d292 @A: 21 14 16 23 | 06
#0807-d292 @A: 16 11 12 23 | 03
#0808-d292 @A: 14 34 16 06 | 09
#0809-d292 @A: 32 23 28 34 | 08
#0810-d292 @A: 10 15 18 32 | 10
#0811-d292 @A: 33 32 29 11 | 02
#0812-d292 @A: 12 25 14 32 | 01
#0813-d292 @A: 12 33 28 29 | 07
#0814-d292 @A: 27 14 28 22 | 11
#0815-d292 @A: 35 34 06 28 | 04
#0816-d292 @A: 21 27 28 31 | 12
#0817-d292 @A: 30 35 10 02 | 05
#0818-d292 @A: 23 10 02 03 | 06
#0819-d292 @A: 18 10 03 06 | 03
#0820-d292 @A: 15 04 10 25 | 09
#0821-d292 @A: 23 04 10 08 | 08
#0822-d292 @A: 03 10 27 15 | 10
#0823-d292 @A: 35 04 06 10 | 02
#0824-d292 @A: 27 06 30 33 | 01
#0825-d292 @A: 18 22 30 06 | 07
#0826-d292 @A: 04 30 25 22 | 11
#0827-d292 @A: 15 08 03 30 | 04
#0828-d292 @A: 11 22 23 30 | 12
#0829-d292 @A: 02 31 33 27 | 05
#0830-d292 @A: 25 12 33 27 | 06
#0831-d292 @A: 33 31 14 34 | 03
#0832-d292 @A: 12 33 26 21 | 09
#0833-d292 @A: 08 25 29 12 | 08
#0834-d292 @A: 08 22 35 29 | 10
#0835-d292 @A: 35 29 31 26 | 02
#0836-d292 @A: 29 11 35 26 | 01
#0837-d292 @A: 02 25 14 15 | 07
#0838-d292 @A: 35 08 15 02 | 11
#0839-d292 @A: 15 12 26 02 | 04
#0840-d292 @A: 31 06 02 14 | 12
#0841-d292 @A: 22 08 18 04 | 05
#0842-d292 @A: 12 11 18 08 | 06
#0843-d292 @A: 22 12 18 03 | 03
#0844-d292 @A: 20 05 09 17 | 09
#0845-d292 @A: 05 26 18 09 | 08
#0846-d292 @A: 07 09 08 24 | 10
#0847-d292 @A: 13 12 09 07 | 02
#0848-d292 @A: 29 09 23 13 | 01
#0849-d292 @A: 28 25 17 09 | 07
#0850-d292 @A: 20 09 12 25 | 11
#0851-d292 @A: 26 09 29 16 | 04
#0852-d292 @A: 35 10 09 28 | 12
#0853-d292 @A: 02 21 09 30 | 05
#0854-d292 @A: 23 26 12 09 | 06
#0855-d292 @A: 35 04 11 09 | 03
#0856-d292 @A: 07 05 15 01 | 09
#0857-d292 @A: 06 07 05 32 | 08
#0858-d292 @A: 25 13 01 05 | 10
#0859-d292 @A: 29 05 35 13 | 02
#0860-d292 @A: 04 05 11 13 | 01
#0861-d292 @A: 05 17 30 25 | 07
#0862-d292 @A: 05 17 06 02 | 11
#0863-d292 @A: 05 20 33 31 | 04
#0864-d292 @A: 05 32 16 26 | 12
#0865-d292 @A: 33 32 25 05 | 05
#0866-d292 @A: 05 32 03 34 | 06
#0867-d292 @A: 33 35 28 05 | 03
#0868-d292 @A: 05 33 23 18 | 09
#0869-d292 @A: 08 05 23 26 | 08
#0870-d292 @A: 07 17 10 28 | 10
#0871-d292 @A: 23 18 07 19 | 02
#0872-d292 @A: 07 03 32 01 | 01
#0873-d292 @A: 10 22 07 01 | 07
#0874-d292 @A: 04 18 20 07 | 11
#0875-d292 @A: 32 07 16 15 | 04
#0876-d292 @A: 22 29 32 07 | 12
#0877-d292 @A: 10 07 25 35 | 05
#0878-d292 @A: 22 02 06 07 | 06
#0879-d292 @A: 34 07 14 22 | 03
#0880-d292 @A: 07 34 12 31 | 09
#0881-d292 @A: 26 04 07 03 | 08
#0882-d292 @A: 24 20 13 26 | 10
#0883-d292 @A: 24 02 12 13 | 02
#0884-d292 @A: 20 17 24 04 | 01
#0885-d292 @A: 24 19 14 33 | 07
#0886-d292 @A: 25 24 02 19 | 11
#0887-d292 @A: 24 01 12 14 | 04
#0888-d292 @A: 34 20 28 24 | 12
#0889-d292 @A: 30 24 20 12 | 05
#0890-d292 @A: 20 24 22 29 | 06
#0891-d292 @A: 35 20 24 02 | 03
#0892-d292 @A: 28 11 24 15 | 09
#0893-d292 @A: 15 24 14 34 | 08
#0894-d292 @A: 14 11 13 19 | 10
#0895-d292 @A: 21 13 27 19 | 02
#0896-d292 @A: 20 01 15 13 | 01
#0897-d292 @A: 13 21 20 29 | 07
#0898-d292 @A: 13 16 18 02 | 11
#0899-d292 @A: 28 13 18 27 | 04
#0900-d292 @A: 13 22 34 28 | 12
#0901-d292 @A: 13 18 08 30 | 05
#0902-d292 @A: 35 02 33 13 | 06
#0903-d292 @A: 35 25 15 13 | 03
#0904-d292 @A: 14 04 13 22 | 09
#0905-d292 @A: 34 13 15 06 | 08
#0906-d292 @A: 12 21 15 13 | 10
#0907-d292 @A: 13 34 03 14 | 02
#0908-d292 @A: 11 12 21 13 | 01
#0909-d292 @A: 20 34 17 19 | 07
#0910-d292 @A: 11 19 20 17 | 11
#0911-d292 @A: 19 31 25 17 | 04
#0912-d292 @A: 30 17 34 01 | 12
#0913-d292 @A: 18 03 17 16 | 05
#0914-d292 @A: 06 17 10 29 | 06
#0915-d292 @A: 30 18 17 35 | 03
#0916-d292 @A: 14 17 02 34 | 09
#0917-d292 @A: 06 08 22 17 | 08
#0918-d292 @A: 17 23 15 34 | 10
#0919-d292 @A: 21 17 26 31 | 02
#0920-d292 @A: 20 19 23 06 | 01
#0921-d292 @A: 12 19 30 28 | 07
#0922-d292 @A: 19 35 02 28 | 11
#0923-d292 @A: 19 08 26 31 | 04
#0924-d292 @A: 08 19 27 12 | 12
#0925-d292 @A: 35 31 23 19 | 05
#0926-d292 @A: 19 12 34 04 | 06
#0927-d292 @A: 19 31 14 03 | 03
#0928-d292 @A: 14 12 19 21 | 09
#0929-d292 @A: 19 06 31 21 | 08
#0930-d292 @A: 19 06 03 11 | 10
#0931-d292 @A: 20 02 04 01 | 02
#0932-d292 @A: 20 01 18 06 | 01
#0933-d292 @A: 04 01 32 10 | 07
#0934-d292 @A: 10 01 21 25 | 11
#0935-d292 @A: 23 01 34 33 | 04
#0936-d292 @A: 31 15 23 01 | 12
#0937-d292 @A: 21 35 01 15 | 05
#0938-d292 @A: 21 26 01 34 | 06
#0939-d292 @A: 22 16 20 33 | 03
#0940-d292 @A: 30 20 14 18 | 09
#0941-d292 @A: 30 35 20 15 | 08
#0942-d292 @A: 06 15 20 25 | 10
#0943-d292 @A: 20 26 15 04 | 02
#0944-d292 @A: 29 16 10 25 | 01
#0945-d292 @A: 30 16 35 12 | 07
#0946-d292 @A: 10 28 32 08 | 11
#0947-d292 @A: 10 02 32 25 | 04
#0948-d292 @A: 29 26 32 02 | 12
#0949-d292 @A: 34 25 32 04 | 05
#0950-d292 @A: 31 15 32 21 | 06
#0951-d292 @A: 34 12 35 32 | 03
#0952-d292 @A: 21 28 30 11 | 09
#0953-d292 @A: 06 29 28 23 | 08
#0954-d292 @A: 26 04 30 10 | 10
#0955-d292 @A: 22 10 12 23 | 02
#0956-d292 @A: 10 23 21 35 | 01
#0957-d292 @A: 03 10 34 04 | 07
#0958-d292 @A: 21 10 12 03 | 11
#0959-d292 @A: 26 12 29 30 | 04
#0960-d292 @A: 12 30 31 08 | 12
#0961-d292 @A: 26 27 23 30 | 05
#0962-d292 @A: 03 15 33 35 | 06
#0963-d292 @A: 23 26 11 33 | 03
#0964-d292 @A: 04 12 06 33 | 09
#0965-d292 @A: 25 29 21 26 | 08
#0966-d292 @A: 15 35 29 12 | 10
#0967-d292 @A: 29 03 27 34 | 02
#0968-d292 @A: 23 25 02 22 | 01
#0969-d292 @A: 21 02 15 03 | 07
#0970-d292 @A: 23 02 06 11 | 11
#0971-d292 @A: 04 26 02 21 | 04
#0972-d292 @A: 25 11 18 35 | 12
#0973-d292 @A: 15 12 18 04 | 05
#0974-d292 @A: 18 15 11 04 | 06
#0975-d292 @A: 11 15 35 22 | 03
#0976-d292 @A: 03 11 15 35 | 09
#0977-d292 @A: 11 14 23 31 | 08
#0978-d292 @A: 14 24 09 05 | 10
#0979-d292 @A: 09 07 19 01 | 02
#0980-d292 @A: 24 09 23 17 | 01
#0981-d292 @A: 04 16 24 09 | 07
#0982-d292 @A: 09 24 31 33 | 11
#0983-d292 @A: 27 13 09 01 | 04
#0984-d292 @A: 18 15 01 09 | 12
#0985-d292 @A: 33 20 15 09 | 05
#0986-d292 @A: 20 23 31 09 | 06
#0987-d292 @A: 09 10 15 29 | 03
#0988-d292 @A: 14 09 33 22 | 09
#0989-d292 @A: 22 26 09 08 | 08
#0990-d292 @A: 23 22 34 09 | 10
#0991-d292 @A: 09 12 21 34 | 02
#0992-d292 @A: 09 35 14 12 | 01
#0993-d292 @A: 09 35 26 06 | 07
#0994-d292 @A: 16 07 05 31 | 11
#0995-d292 @A: 12 05 24 31 | 04
#0996-d292 @A: 28 15 13 05 | 12
#0997-d292 @A: 17 08 29 05 | 05
#0998-d292 @A: 19 15 02 05 | 06
#0999-d292 @A: 05 33 01 08 | 03
#1000-d292 @A: 20 16 05 23 | 09
#1001-d292 @A: 20 25 05 18 | 08
#1002-d292 @A: 05 28 16 22 | 10
#1003-d292 @A: 05 16 18 06 | 02
#1004-d292 @A: 32 11 22 05 | 01
#1005-d292 @A: 05 10 14 29 | 07
#1006-d292 @A: 31 22 05 04 | 11
#1007-d292 @A: 23 05 14 15 | 04
#1008-d292 @A: 14 34 05 35 | 12
#1009-d292 @A: 03 05 26 12 | 05
#1010-d292 @A: 13 33 22 07 | 06
#1011-d292 @A: 29 01 28 07 | 03
#1012-d292 @A: 07 32 20 25 | 09
#1013-d292 @A: 07 23 20 02 | 08
#1014-d292 @A: 16 07 28 06 | 10
#1015-d292 @A: 16 07 21 03 | 02
#1016-d292 @A: 07 29 31 10 | 01
#1017-d292 @A: 08 07 29 18 | 07
#1018-d292 @A: 07 11 31 04 | 11
#1019-d292 @A: 28 24 03 13 | 04
#1020-d292 @A: 24 01 03 17 | 12
#1021-d292 @A: 21 18 24 17 | 05
#1022-d292 @A: 24 31 10 19 | 06
#1023-d292 @A: 35 01 24 18 | 03
#1024-d292 @A: 24 32 08 02 | 09
#1025-d292 @A: 14 24 26 29 | 08
#1026-d292 @A: 31 24 22 03 | 10
#1027-d292 @A: 17 06 13 18 | 02
#1028-d292 @A: 10 01 33 13 | 01
#1029-d292 @A: 31 13 33 32 | 07
#1030-d292 @A: 32 29 27 13 | 11
#1031-d292 @A: 32 11 13 35 | 04
#1032-d292 @A: 10 03 30 13 | 12
#1033-d292 @A: 21 04 13 30 | 05
#1034-d292 @A: 13 22 12 29 | 06
#1035-d292 @A: 13 15 08 14 | 03
#1036-d292 @A: 15 13 26 03 | 09
#1037-d292 @A: 23 13 34 12 | 08
#1038-d292 @A: 17 19 03 21 | 10
#1039-d292 @A: 01 02 17 25 | 02
#1040-d292 @A: 29 17 20 32 | 01
#1041-d292 @A: 35 02 17 16 | 07
#1042-d292 @A: 03 17 32 10 | 11
#1043-d292 @A: 22 10 17 02 | 04
#1044-d292 @A: 29 17 33 31 | 12
#1045-d292 @A: 02 18 17 29 | 05
#1046-d292 @A: 17 21 04 08 | 06
#1047-d292 @A: 01 30 19 35 | 03
#1048-d292 @A: 01 22 18 19 | 09
#1049-d292 @A: 28 19 04 31 | 08
#1050-d292 @A: 33 19 02 26 | 10
#1051-d292 @A: 19 03 08 22 | 02
#1052-d292 @A: 04 06 19 08 | 01
#1053-d292 @A: 01 04 18 16 | 07
#1054-d292 @A: 33 32 01 12 | 11
#1055-d292 @A: 29 25 01 32 | 04
#1056-d292 @A: 18 08 32 01 | 12
#1057-d292 @A: 01 28 33 21 | 05
#1058-d292 @A: 02 15 01 29 | 06
#1059-d292 @A: 08 26 14 01 | 03
#1060-d292 @A: 01 23 03 06 | 09
#1061-d292 @A: 28 20 16 27 | 08
#1062-d292 @A: 20 26 28 33 | 10
#1063-d292 @A: 10 33 20 21 | 02
#1064-d292 @A: 29 20 34 18 | 01
#1065-d292 @A: 14 22 20 26 | 07
#1066-d292 @A: 12 26 31 20 | 11
#1067-d292 @A: 03 32 25 16 | 04
#1068-d292 @A: 30 18 16 34 | 12
#1069-d292 @A: 21 25 16 30 | 05
#1070-d292 @A: 29 33 06 16 | 06
#1071-d292 @A: 34 16 11 22 | 03
#1072-d292 @A: 16 22 27 04 | 09
#1073-d292 @A: 15 27 16 26 | 08
#1074-d292 @A: 35 14 16 26 | 10
#1075-d292 @A: 29 10 21 32 | 02
#1076-d292 @A: 23 02 30 32 | 01
#1077-d292 @A: 32 22 31 25 | 07
#1078-d292 @A: 11 32 26 08 | 11
#1079-d292 @A: 26 28 14 10 | 04
#1080-d292 @A: 33 02 28 25 | 12
#1081-d292 @A: 12 02 21 28 | 05
#1082-d292 @A: 28 04 11 25 | 06
#1083-d292 @A: 28 26 15 08 | 03
#1084-d292 @A: 03 28 34 15 | 09
#1085-d292 @A: 28 35 15 31 | 08
#1086-d292 @A: 27 15 04 28 | 10
#1087-d292 @A: 28 34 31 26 | 02
#1088-d292 @A: 10 06 08 26 | 01
#1089-d292 @A: 10 26 31 27 | 07
#1090-d292 @A: 10 21 11 06 | 11
#1091-d292 @A: 30 34 08 11 | 04
#1092-d292 @A: 21 30 23 34 | 12
#1093-d292 @A: 27 35 30 14 | 05
#1094-d292 @A: 21 26 03 30 | 06
#1095-d292 @A: 30 21 35 06 | 03
#1096-d292 @A: 18 14 29 33 | 09
#1097-d292 @A: 03 21 33 25 | 08
#1098-d292 @A: 34 35 33 22 | 10
#1099-d292 @A: 06 03 33 22 | 02
#1100-d292 @A: 11 29 02 34 | 01
#1101-d292 @A: 25 22 29 06 | 07
#1102-d292 @A: 25 29 31 27 | 11
#1103-d292 @A: 04 14 08 29 | 04
#1104-d292 @A: 06 29 15 14 | 12
#1105-d292 @A: 12 14 29 34 | 05
#1106-d292 @A: 02 23 34 08 | 06
#1107-d292 @A: 22 02 12 35 | 03
#1108-d292 @A: 02 22 04 03 | 09
#1109-d292 @A: 14 02 23 04 | 08
#1110-d292 @A: 35 02 23 06 | 10
#1111-d292 @A: 25 23 21 18 | 02
#1112-d292 @A: 27 23 18 08 | 01
#1113-d292 @A: 22 21 27 18 | 07
#1114-d292 @A: 03 18 15 14 | 11
#1115-d292 @A: 34 26 18 03 | 04
#1116-d292 @A: 18 11 21 31 | 12
#1117-d292 @A: 09 29 05 25 | 05
#1118-d292 @A: 05 15 34 09 | 06
#1119-d292 @A: 21 09 07 31 | 03
#1120-d292 @A: 13 09 33 19 | 09
#1121-d292 @A: 13 26 09 28 | 08
#1122-d292 @A: 27 17 33 09 | 10
#1123-d292 @A: 26 19 09 15 | 02
#1124-d292 @A: 08 20 10 09 | 01
#1125-d292 @A: 18 14 16 09 | 07
#1126-d292 @A: 15 09 16 11 | 11
#1127-d292 @A: 12 32 30 09 | 04
#1128-d292 @A: 18 32 23 09 | 12
#1129-d292 @A: 10 21 26 09 | 05
#1130-d292 @A: 30 09 29 35 | 06
#1131-d292 @A: 02 09 29 31 | 03
#1132-d292 @A: 26 25 09 31 | 09
#1133-d292 @A: 03 11 22 09 | 08
#1134-d292 @A: 04 09 14 26 | 10
#1135-d292 @A: 14 09 03 06 | 02
#1136-d292 @A: 03 21 09 27 | 01
#1137-d292 @A: 02 07 05 35 | 07
#1138-d292 @A: 07 18 27 05 | 11
#1139-d292 @A: 05 19 24 35 | 04
#1140-d292 @A: 34 24 05 26 | 12
#1141-d292 @A: 33 05 17 16 | 05
#1142-d292 @A: 17 05 22 18 | 06
#1143-d292 @A: 19 04 26 05 | 03
#1144-d292 @A: 05 34 01 18 | 09
#1145-d292 @A: 34 05 10 20 | 08
#1146-d292 @A: 28 10 05 25 | 10
#1147-d292 @A: 28 18 05 02 | 02
#1148-d292 @A: 02 33 04 05 | 01
#1149-d292 @A: 06 05 23 25 | 07
#1150-d292 @A: 03 25 05 35 | 11
#1151-d292 @A: 05 34 08 12 | 04
#1152-d292 @A: 05 14 31 26 | 12
#1153-d292 @A: 13 07 31 14 | 05
#1154-d292 @A: 07 33 12 20 | 06
#1155-d292 @A: 07 11 23 10 | 03
#1156-d292 @A: 02 30 07 04 | 09
#1157-d292 @A: 07 21 33 23 | 08
#1158-d292 @A: 07 34 33 03 | 10
#1159-d292 @A: 02 07 18 11 | 02
#1160-d292 @A: 12 15 07 08 | 01
#1161-d292 @A: 06 34 07 08 | 07
#1162-d292 @A: 22 04 35 07 | 11
#1163-d292 @A: 13 17 24 34 | 04
#1164-d292 @A: 08 13 24 31 | 12
#1165-d292 @A: 01 24 04 08 | 05
#1166-d292 @A: 24 20 32 10 | 06
#1167-d292 @A: 20 14 24 06 | 03
#1168-d292 @A: 31 29 24 16 | 09
#1169-d292 @A: 32 24 30 03 | 08
#1170-d292 @A: 06 18 28 24 | 10
#1171-d292 @A: 11 35 24 27 | 02
#1172-d292 @A: 15 13 17 32 | 01
#1173-d292 @A: 13 01 35 32 | 07
#1174-d292 @A: 01 08 13 28 | 11
#1175-d292 @A: 18 20 35 13 | 04
#1176-d292 @A: 26 32 30 13 | 12
#1177-d292 @A: 34 33 13 21 | 05
#1178-d292 @A: 18 13 11 23 | 06
#1179-d292 @A: 13 14 35 23 | 03
#1180-d292 @A: 31 27 23 13 | 09
#1181-d292 @A: 17 10 12 19 | 08
#1182-d292 @A: 16 17 20 26 | 10
#1183-d292 @A: 16 10 17 04 | 02
#1184-d292 @A: 06 17 32 33 | 01
#1185-d292 @A: 22 17 14 25 | 07
#1186-d292 @A: 15 17 21 14 | 11
#1187-d292 @A: 31 34 17 03 | 04
#1188-d292 @A: 16 10 19 11 | 12
#1189-d292 @A: 23 19 16 33 | 05
#1190-d292 @A: 15 16 18 19 | 06
#1191-d292 @A: 06 28 19 10 | 03
#1192-d292 @A: 08 28 18 19 | 09
#1193-d292 @A: 19 25 10 30 | 08
#1194-d292 @A: 03 04 19 33 | 10
#1195-d292 @A: 19 21 23 29 | 02
#1196-d292 @A: 12 22 26 19 | 01
#1197-d292 @A: 23 28 02 01 | 07
#1198-d292 @A: 31 10 03 01 | 11
#1199-d292 @A: 15 01 12 30 | 04
#1200-d292 @A: 23 14 01 30 | 12
#1201-d292 @A: 31 02 26 01 | 05
#1202-d292 @A: 04 01 27 25 | 06
#1203-d292 @A: 16 11 35 20 | 03
#1204-d292 @A: 32 21 11 20 | 09
#1205-d292 @A: 20 14 02 10 | 08
#1206-d292 @A: 23 20 30 04 | 10
#1207-d292 @A: 20 25 27 22 | 02
#1208-d292 @A: 31 03 25 20 | 01
#1209-d292 @A: 31 20 34 22 | 07
#1210-d292 @A: 35 31 27 20 | 11
#1211-d292 @A: 04 16 32 28 | 04
#1212-d292 @A: 32 02 27 16 | 12
#1213-d292 @A: 16 10 03 33 | 05
#1214-d292 @A: 31 04 16 35 | 06
#1215-d292 @A: 32 28 33 27 | 03
#1216-d292 @A: 32 30 15 33 | 09
#1217-d292 @A: 18 30 32 25 | 08
#1218-d292 @A: 23 15 25 32 | 10
#1219-d292 @A: 26 14 32 03 | 02
#1220-d292 @A: 28 30 21 10 | 01
#1221-d292 @A: 18 11 28 14 | 07
#1222-d292 @A: 28 35 08 12 | 11
#1223-d292 @A: 34 28 21 14 | 04
#1224-d292 @A: 28 14 35 04 | 12
#1225-d292 @A: 10 27 25 23 | 05
#1226-d292 @A: 26 10 22 03 | 06
#1227-d292 @A: 08 30 29 02 | 03
#1228-d292 @A: 27 25 34 30 | 09
#1229-d292 @A: 25 06 30 12 | 08
#1230-d292 @A: 26 35 25 30 | 10
#1231-d292 @A: 34 08 30 22 | 02
#1232-d292 @A: 30 35 23 22 | 01
#1233-d292 @A: 31 27 30 15 | 07
#1234-d292 @A: 03 23 31 30 | 11
#1235-d292 @A: 26 33 04 08 | 04
#1236-d292 @A: 21 33 31 22 | 12
#1237-d292 @A: 15 33 31 06 | 05
#1238-d292 @A: 23 26 29 34 | 06
#1239-d292 @A: 06 29 11 14 | 03
#1240-d292 @A: 29 35 03 06 | 09
#1241-d292 @A: 12 18 25 02 | 08
#1242-d292 @A: 21 08 02 18 | 10
#1243-d292 @A: 02 06 25 26 | 02
#1244-d292 @A: 02 11 14 12 | 01
#1245-d292 @A: 11 35 02 21 | 07
#1246-d292 @A: 18 25 14 26 | 11
#1247-d292 @A: 35 25 18 06 | 04
#1248-d292 @A: 18 04 26 27 | 12
#1249-d292 @A: 21 03 04 18 | 05
#1250-d292 @A: 23 11 25 27 | 06
#1251-d292 @A: 20 09 24 27 | 03
#1252-d292 @A: 13 09 17 14 | 09
#1253-d292 @A: 10 09 13 11 | 08
#1254-d292 @A: 10 19 09 04 | 10
#1255-d292 @A: 09 01 02 35 | 02
#1256-d292 @A: 01 11 09 23 | 01
#1257-d292 @A: 02 18 20 09 | 07
#1258-d292 @A: 33 09 16 32 | 11
#1259-d292 @A: 02 34 09 10 | 04
#1260-d292 @A: 08 29 09 33 | 12
#1261-d292 @A: 33 18 09 35 | 05
#1262-d292 @A: 09 34 26 33 | 06
#1263-d292 @A: 25 06 09 27 | 03
#1264-d292 @A: 09 22 27 12 | 09
#1265-d292 @A: 09 06 12 15 | 08
#1266-d292 @A: 05 26 11 07 | 10
#1267-d292 @A: 22 05 24 32 | 02
#1268-d292 @A: 05 19 13 34 | 01
#1269-d292 @A: 05 25 19 11 | 07
#1270-d292 @A: 01 14 20 05 | 11
#1271-d292 @A: 20 35 05 26 | 04
#1272-d292 @A: 30 05 04 32 | 12
#1273-d292 @A: 10 08 05 30 | 05
#1274-d292 @A: 05 18 10 35 | 06
#1275-d292 @A: 29 12 05 11 | 03
#1276-d292 @A: 29 05 06 26 | 09
#1277-d292 @A: 02 25 05 08 | 08
#1278-d292 @A: 05 21 14 25 | 10
#1279-d292 @A: 25 12 04 05 | 02
#1280-d292 @A: 05 21 03 31 | 01
#1281-d292 @A: 07 24 16 33 | 07
#1282-d292 @A: 07 24 23 29 | 11
#1283-d292 @A: 07 22 15 24 | 04
#1284-d292 @A: 07 01 17 06 | 12
#1285-d292 @A: 07 17 02 27 | 05
#1286-d292 @A: 07 20 19 08 | 06
#1287-d292 @A: 07 26 19 10 | 03
#1288-d292 @A: 16 07 14 20 | 09
#1289-d292 @A: 20 35 07 28 | 08
#1290-d292 @A: 23 04 07 28 | 10
#1291-d292 @A: 10 30 07 06 | 02
#1292-d292 @A: 23 07 12 30 | 01
#1293-d292 @A: 07 15 02 33 | 07
#1294-d292 @A: 08 07 14 03 | 11
#1295-d292 @A: 27 31 22 07 | 04
#1296-d292 @A: 07 03 31 15 | 12
#1297-d292 @A: 07 34 26 27 | 05
#1298-d292 @A: 12 07 35 11 | 06
#1299-d292 @A: 24 17 35 29 | 03
#1300-d292 @A: 02 24 17 31 | 09
#1301-d292 @A: 24 19 18 03 | 08
#1302-d292 @A: 32 01 11 24 | 10
#1303-d292 @A: 20 24 23 33 | 02
#1304-d292 @A: 34 29 30 24 | 01
#1305-d292 @A: 24 11 30 26 | 07
#1306-d292 @A: 18 15 23 24 | 11
#1307-d292 @A: 12 22 08 24 | 04
#1308-d292 @A: 31 26 24 15 | 12
#1309-d292 @A: 21 03 24 34 | 05
#1310-d292 @A: 19 14 01 13 | 06
#1311-d292 @A: 19 08 13 16 | 03
#1312-d292 @A: 10 19 15 13 | 09
#1313-d292 @A: 06 13 19 02 | 08
#1314-d292 @A: 18 25 13 19 | 10
#1315-d292 @A: 31 12 19 13 | 02
#1316-d292 @A: 06 01 04 13 | 01
#1317-d292 @A: 20 28 25 13 | 07
#1318-d292 @A: 13 20 02 27 | 11
#1319-d292 @A: 25 13 31 21 | 04
#1320-d292 @A: 26 25 13 12 | 12
#1321-d292 @A: 22 31 26 13 | 05
#1322-d292 @A: 34 11 27 13 | 06
#1323-d292 @A: 21 35 03 13 | 03
#1324-d292 @A: 04 27 13 35 | 09
#1325-d292 @A: 01 19 17 08 | 08
#1326-d292 @A: 16 01 17 21 | 10
#1327-d292 @A: 32 31 01 17 | 02
#1328-d292 @A: 28 14 16 17 | 01
#1329-d292 @A: 32 15 11 17 | 07
#1330-d292 @A: 17 06 15 28 | 11
#1331-d292 @A: 18 10 17 08 | 04
#1332-d292 @A: 17 21 27 10 | 12
#1333-d292 @A: 33 17 31 11 | 05
#1334-d292 @A: 17 22 15 04 | 06
#1335-d292 @A: 17 27 22 35 | 03
#1336-d292 @A: 31 14 27 17 | 09
#1337-d292 @A: 17 14 26 06 | 08
#1338-d292 @A: 25 19 01 23 | 10
#1339-d292 @A: 19 22 16 29 | 02
#1340-d292 @A: 32 19 30 08 | 01
#1341-d292 @A: 19 14 28 29 | 07
#1342-d292 @A: 21 19 18 10 | 11
#1343-d292 @A: 25 19 08 21 | 04
#1344-d292 @A: 25 19 04 14 | 12
#1345-d292 @A: 25 12 35 19 | 05
#1346-d292 @A: 27 25 26 19 | 06
#1347-d292 @A: 33 35 01 20 | 03
#1348-d292 @A: 14 29 22 01 | 09
#1349-d292 @A: 22 25 35 01 | 08
#1350-d292 @A: 01 21 14 06 | 10
#1351-d292 @A: 31 01 03 11 | 02
#1352-d292 @A: 01 27 12 35 | 01
#1353-d292 @A: 16 15 02 20 | 07
#1354-d292 @A: 18 20 16 08 | 11
#1355-d292 @A: 28 32 21 20 | 04
#1356-d292 @A: 20 26 18 11 | 12
#1357-d292 @A: 12 22 15 20 | 05
#1358-d292 @A: 21 15 23 20 | 06
#1359-d292 @A: 04 20 12 11 | 03
#1360-d292 @A: 16 28 15 33 | 09
#1361-d292 @A: 10 31 16 02 | 08
#1362-d292 @A: 34 04 16 23 | 10
#1363-d292 @A: 27 30 32 10 | 02
#1364-d292 @A: 30 31 11 32 | 01
#1365-d292 @A: 15 34 32 26 | 07
#1366-d292 @A: 32 26 31 04 | 11
#1367-d292 @A: 18 04 10 28 | 04
#1368-d292 @A: 11 28 26 10 | 12
#1369-d292 @A: 04 28 21 25 | 05
#1370-d292 @A: 08 28 27 06 | 06
#1371-d292 @A: 22 21 15 28 | 03
#1372-d292 @A: 28 11 12 34 | 09
#1373-d292 @A: 28 04 26 06 | 08
#1374-d292 @A: 08 10 11 33 | 10
#1375-d292 @A: 25 08 10 03 | 02
#1376-d292 @A: 29 25 33 30 | 01
#1377-d292 @A: 33 30 14 11 | 07
#1378-d292 @A: 03 06 30 02 | 11
#1379-d292 @A: 30 03 11 34 | 04
#1380-d292 @A: 25 33 31 04 | 12
#1381-d292 @A: 08 31 33 23 | 05
#1382-d292 @A: 27 22 26 33 | 06
#1383-d292 @A: 29 25 23 14 | 03
#1384-d292 @A: 35 21 14 29 | 09
#1385-d292 @A: 08 25 11 02 | 08
#1386-d292 @A: 14 06 18 04 | 10
#1387-d292 @A: 18 31 06 12 | 02
#1388-d292 @A: 18 26 21 06 | 01
#1389-d292 @A: 04 11 26 14 | 07
#1390-d292 @A: 04 07 09 05 | 11
#1391-d292 @A: 09 08 05 19 | 04
#1392-d292 @A: 15 17 09 07 | 12
#1393-d292 @A: 22 28 09 07 | 05
#1394-d292 @A: 09 13 30 15 | 06
#1395-d292 @A: 09 02 22 13 | 03
#1396-d292 @A: 26 01 17 09 | 09
#1397-d292 @A: 06 09 11 17 | 08
#1398-d292 @A: 34 09 30 19 | 10
#1399-d292 @A: 19 02 09 03 | 02
#1400-d292 @A: 09 16 31 28 | 01
#1401-d292 @A: 22 10 16 09 | 07
#1402-d292 @A: 16 09 02 06 | 11
#1403-d292 @A: 02 15 32 09 | 04
#1404-d292 @A: 28 09 02 08 | 12
#1405-d292 @A: 04 25 02 09 | 05
#1406-d292 @A: 09 12 08 04 | 06
#1407-d292 @A: 11 09 14 34 | 03
#1408-d292 @A: 07 17 12 05 | 09
#1409-d292 @A: 05 07 03 19 | 08
#1410-d292 @A: 32 05 13 23 | 10
#1411-d292 @A: 14 19 05 17 | 02
#1412-d292 @A: 01 16 03 05 | 01
#1413-d292 @A: 02 01 22 05 | 07
#1414-d292 @A: 23 05 35 01 | 11
#1415-d292 @A: 11 14 05 20 | 04
#1416-d292 @A: 05 26 02 10 | 12
#1417-d292 @A: 23 29 02 05 | 05
#1418-d292 @A: 14 08 05 18 | 06
#1419-d292 @A: 05 25 15 27 | 03
#1420-d292 @A: 06 34 22 05 | 09
#1421-d292 @A: 20 07 24 21 | 08
#1422-d292 @A: 07 24 02 18 | 10
#1423-d292 @A: 04 33 07 17 | 02
#1424-d292 @A: 19 30 07 14 | 01
#1425-d292 @A: 30 03 07 20 | 07
#1426-d292 @A: 25 02 07 16 | 11
#1427-d292 @A: 27 07 33 10 | 04
#1428-d292 @A: 33 29 35 07 | 12
#1429-d292 @A: 23 25 07 34 | 05
#1430-d292 @A: 25 07 04 06 | 06
#1431-d292 @A: 22 21 07 08 | 03
#1432-d292 @A: 07 31 08 04 | 09
#1433-d292 @A: 23 22 07 03 | 08
#1434-d292 @A: 24 32 25 13 | 10
#1435-d292 @A: 24 15 33 13 | 02
#1436-d292 @A: 11 17 23 24 | 01
#1437-d292 @A: 24 20 01 19 | 07
#1438-d292 @A: 32 24 23 01 | 11
#1439-d292 @A: 24 23 16 02 | 04
#1440-d292 @A: 26 32 24 18 | 12
#1441-d292 @A: 28 14 24 02 | 05
#1442-d292 @A: 23 35 25 24 | 06
#1443-d292 @A: 06 31 24 11 | 03
#1444-d292 @A: 26 24 35 27 | 09
#1445-d292 @A: 13 17 25 29 | 08
#1446-d292 @A: 13 31 20 16 | 10
#1447-d292 @A: 13 08 22 20 | 02
#1448-d292 @A: 28 12 13 32 | 01
#1449-d292 @A: 13 28 10 31 | 07
#1450-d292 @A: 22 35 10 13 | 11
#1451-d292 @A: 08 13 33 12 | 04
#1452-d292 @A: 15 23 02 13 | 12
#1453-d292 @A: 22 25 03 13 | 05
#1454-d292 @A: 13 08 26 35 | 06
#1455-d292 @A: 22 13 23 06 | 03
#1456-d292 @A: 17 16 25 15 | 09
#1457-d292 @A: 16 08 17 11 | 08
#1458-d292 @A: 32 08 17 26 | 10
#1459-d292 @A: 34 17 04 29 | 02
#1460-d292 @A: 17 08 31 15 | 01
#1461-d292 @A: 03 17 12 06 | 07
#1462-d292 @A: 10 19 01 34 | 11
#1463-d292 @A: 19 16 31 32 | 04
#1464-d292 @A: 16 30 19 03 | 12
#1465-d292 @A: 19 02 27 10 | 05
#1466-d292 @A: 33 22 30 19 | 06
#1467-d292 @A: 11 02 26 19 | 03
#1468-d292 @A: 19 15 34 25 | 09
#1469-d292 @A: 06 19 14 22 | 08
#1470-d292 @A: 06 34 26 19 | 10
#1471-d292 @A: 20 01 28 31 | 02
#1472-d292 @A: 11 25 01 20 | 01
#1473-d292 @A: 15 14 16 01 | 07
#1474-d292 @A: 32 21 01 30 | 11
#1475-d292 @A: 18 10 01 02 | 04
#1476-d292 @A: 08 01 06 29 | 12
#1477-d292 @A: 01 25 31 08 | 05
#1478-d292 @A: 01 25 26 15 | 06
#1479-d292 @A: 08 15 01 34 | 03
#1480-d292 @A: 26 23 22 01 | 09
#1481-d292 @A: 26 01 12 06 | 08
#1482-d292 @A: 20 03 32 15 | 10
#1483-d292 @A: 30 31 20 10 | 02
#1484-d292 @A: 20 30 34 33 | 01
#1485-d292 @A: 34 15 27 20 | 07
#1486-d292 @A: 06 27 12 20 | 11
#1487-d292 @A: 27 20 21 26 | 04
#1488-d292 @A: 16 23 10 18 | 12
#1489-d292 @A: 30 16 14 02 | 05
#1490-d292 @A: 21 18 33 16 | 06
#1491-d292 @A: 08 33 34 16 | 03
#1492-d292 @A: 25 16 11 14 | 09
#1493-d292 @A: 16 06 31 25 | 08
#1494-d292 @A: 15 06 22 16 | 10
#1495-d292 @A: 26 16 11 03 | 02
#1496-d292 @A: 10 14 33 32 | 01
#1497-d292 @A: 12 10 32 26 | 07
#1498-d292 @A: 33 32 29 23 | 11
#1499-d292 @A: 32 35 21 02 | 04
#1500-d292 @A: 23 26 35 32 | 12
#1501-d292 @A: 21 03 32 23 | 05
#1502-d292 @A: 21 32 14 04 | 06
#1503-d292 @A: 32 12 31 27 | 03
#1504-d292 @A: 12 03 32 11 | 09
#1505-d292 @A: 10 28 33 23 | 08
#1506-d292 @A: 33 28 14 03 | 10
#1507-d292 @A: 31 22 29 28 | 02
#1508-d292 @A: 34 28 12 25 | 01
#1509-d292 @A: 27 35 28 25 | 07
#1510-d292 @A: 03 31 28 08 | 11
#1511-d292 @A: 28 22 35 26 | 04
#1512-d292 @A: 22 10 30 29 | 12
#1513-d292 @A: 11 18 10 29 | 05
#1514-d292 @A: 10 02 15 11 | 06
#1515-d292 @A: 06 10 25 14 | 03
#1516-d292 @A: 22 10 21 04 | 09
#1517-d292 @A: 22 27 06 10 | 08
#1518-d292 @A: 03 30 12 34 | 10
#1519-d292 @A: 04 03 30 35 | 02
#1520-d292 @A: 27 08 33 14 | 01
#1521-d292 @A: 15 33 22 23 | 07
#1522-d292 @A: 11 21 33 22 | 11
#1523-d292 @A: 27 33 35 21 | 04
#1524-d292 @A: 02 04 35 29 | 12
#1525-d292 @A: 18 29 25 04 | 05
#1526-d292 @A: 18 23 26 02 | 06
#1527-d292 @A: 18 02 03 31 | 03
#1528-d292 @A: 31 02 15 34 | 09
#1529-d292 @A: 18 31 34 08 | 08
#1530-d292 @A: 23 06 34 18 | 10
#1531-d292 @A: 18 31 04 23 | 02
#1532-d292 @A: 14 18 12 27 | 01
#1533-d292 @A: 11 25 06 34 | 07
#1534-d292 @A: 20 09 06 07 | 11
#1535-d292 @A: 02 14 07 09 | 04
#1536-d292 @A: 09 12 24 19 | 12
#1537-d292 @A: 09 31 13 34 | 05
#1538-d292 @A: 35 09 17 03 | 06
#1539-d292 @A: 21 28 09 19 | 03
#1540-d292 @A: 01 09 32 14 | 09
#1541-d292 @A: 09 34 01 06 | 08
#1542-d292 @A: 11 20 09 31 | 10
#1543-d292 @A: 30 09 16 27 | 02
#1544-d292 @A: 09 04 32 29 | 01
#1545-d292 @A: 09 32 06 31 | 07
#1546-d292 @A: 26 27 32 09 | 11
#1547-d292 @A: 25 23 03 09 | 04
#1548-d292 @A: 08 34 09 03 | 12
#1549-d292 @A: 35 09 31 08 | 05
#1550-d292 @A: 21 29 05 07 | 06
#1551-d292 @A: 08 24 05 16 | 03
#1552-d292 @A: 17 13 05 21 | 09
#1553-d292 @A: 30 22 05 13 | 08
#1554-d292 @A: 28 34 05 17 | 10
#1555-d292 @A: 28 20 19 05 | 02
#1556-d292 @A: 19 05 16 25 | 01
#1557-d292 @A: 05 19 06 30 | 07
#1558-d292 @A: 11 19 05 21 | 11
#1559-d292 @A: 26 30 05 01 | 04
#1560-d292 @A: 05 27 20 30 | 12
#1561-d292 @A: 02 21 05 20 | 05
#1562-d292 @A: 21 10 16 05 | 06
#1563-d292 @A: 30 28 14 05 | 03
#1564-d292 @A: 28 29 04 05 | 09
#1565-d292 @A: 08 21 05 28 | 08
#1566-d292 @A: 28 05 27 03 | 10
#1567-d292 @A: 05 30 18 15 | 02
#1568-d292 @A: 22 05 27 29 | 01
#1569-d292 @A: 05 21 23 22 | 07
#1570-d292 @A: 05 06 27 21 | 11
#1571-d292 @A: 19 07 35 13 | 04
#1572-d292 @A: 07 01 23 13 | 12
#1573-d292 @A: 22 13 07 11 | 05
#1574-d292 @A: 07 17 22 19 | 06
#1575-d292 @A: 29 14 07 17 | 03
#1576-d292 @A: 04 01 07 21 | 09
#1577-d292 @A: 20 15 10 07 | 08
#1578-d292 @A: 26 20 29 07 | 10
#1579-d292 @A: 26 32 33 07 | 02
#1580-d292 @A: 04 12 10 07 | 01
#1581-d292 @A: 07 21 18 30 | 07
#1582-d292 @A: 18 07 30 11 | 11
#1583-d292 @A: 23 27 07 15 | 04
#1584-d292 @A: 06 23 07 14 | 12
#1585-d292 @A: 21 35 07 26 | 05
#1586-d292 @A: 12 32 17 24 | 06
#1587-d292 @A: 28 17 24 08 | 03
#1588-d292 @A: 17 06 24 25 | 09
#1589-d292 @A: 24 15 10 01 | 08
#1590-d292 @A: 27 33 24 01 | 10
#1591-d292 @A: 31 18 24 20 | 02
#1592-d292 @A: 10 24 30 33 | 01
#1593-d292 @A: 24 34 10 08 | 07
#1594-d292 @A: 27 24 30 18 | 11
#1595-d292 @A: 30 04 31 24 | 04
#1596-d292 @A: 18 24 11 22 | 12
#1597-d292 @A: 03 04 24 25 | 05
#1598-d292 @A: 11 24 15 08 | 06
#1599-d292 @A: 06 22 26 24 | 03
#1600-d292 @A: 12 34 24 27 | 09
#1601-d292 @A: 14 24 03 27 | 08
#1602-d292 @A: 11 13 28 17 | 10
#1603-d292 @A: 08 02 13 17 | 02
#1604-d292 @A: 13 19 30 20 | 01
#1605-d292 @A: 03 19 13 32 | 07
#1606-d292 @A: 13 26 19 29 | 11
#1607-d292 @A: 26 18 13 01 | 04
#1608-d292 @A: 13 06 11 20 | 12
#1609-d292 @A: 30 23 13 33 | 05
#1610-d292 @A: 33 13 29 03 | 06
#1611-d292 @A: 13 14 33 25 | 03
#1612-d292 @A: 18 29 31 13 | 09
#1613-d292 @A: 25 23 04 13 | 08
#1614-d292 @A: 22 15 27 13 | 10
#1615-d292 @A: 14 13 21 26 | 02
#1616-d292 @A: 17 06 16 19 | 01
#1617-d292 @A: 17 28 19 32 | 07
#1618-d292 @A: 17 19 18 27 | 11
#1619-d292 @A: 17 18 23 01 | 04
#1620-d292 @A: 15 10 17 35 | 12
#1621-d292 @A: 03 17 30 29 | 05
#1622-d292 @A: 29 17 30 11 | 06
#1623-d292 @A: 17 23 25 33 | 03
#1624-d292 @A: 17 26 15 29 | 09
#1625-d292 @A: 20 35 10 19 | 08
#1626-d292 @A: 04 20 19 29 | 10
#1627-d292 @A: 15 32 19 06 | 02
#1628-d292 @A: 32 11 23 19 | 01
#1629-d292 @A: 19 25 22 28 | 07
#1630-d292 @A: 15 30 19 21 | 11
#1631-d292 @A: 11 30 04 19 | 04
#1632-d292 @A: 29 12 06 19 | 12
#1633-d292 @A: 06 25 03 19 | 05
#1634-d292 @A: 35 08 19 34 | 06
#1635-d292 @A: 19 22 23 04 | 03
#1636-d292 @A: 01 03 29 20 | 09
#1637-d292 @A: 01 16 34 28 | 08
#1638-d292 @A: 22 30 28 01 | 10
#1639-d292 @A: 12 08 01 10 | 02
#1640-d292 @A: 02 01 30 27 | 01
#1641-d292 @A: 31 01 18 27 | 07
#1642-d292 @A: 08 22 27 01 | 11
#1643-d292 @A: 22 06 01 31 | 04
#1644-d292 @A: 06 20 16 10 | 12
#1645-d292 @A: 28 20 14 15 | 05
#1646-d292 @A: 10 20 04 27 | 06
#1647-d292 @A: 33 27 20 29 | 03
#1648-d292 @A: 03 18 33 20 | 09
#1649-d292 @A: 27 20 23 14 | 08
#1650-d292 @A: 12 32 16 18 | 10
#1651-d292 @A: 34 10 27 16 | 02
#1652-d292 @A: 30 16 04 08 | 01
#1653-d292 @A: 18 27 29 16 | 07
#1654-d292 @A: 26 16 21 08 | 11
#1655-d292 @A: 16 34 22 03 | 04
#1656-d292 @A: 35 16 21 22 | 12
#1657-d292 @A: 28 30 06 32 | 05
#1658-d292 @A: 35 08 25 32 | 06
#1659-d292 @A: 32 14 08 34 | 03
#1660-d292 @A: 08 23 11 28 | 09
#1661-d292 @A: 30 15 10 34 | 08
#1662-d292 @A: 10 02 06 33 | 10
#1663-d292 @A: 35 10 33 26 | 02
#1664-d292 @A: 26 18 29 10 | 01
#1665-d292 @A: 10 25 26 34 | 07
#1666-d292 @A: 31 10 25 12 | 11
#1667-d292 @A: 35 10 03 14 | 04
#1668-d292 @A: 31 29 30 21 | 12
#1669-d292 @A: 14 03 25 30 | 05
#1670-d292 @A: 27 03 22 30 | 06
#1671-d292 @A: 12 27 04 30 | 03
#1672-d292 @A: 18 33 15 27 | 09
#1673-d292 @A: 21 08 06 33 | 08
#1674-d292 @A: 33 14 26 15 | 10
#1675-d292 @A: 15 33 21 04 | 02
#1676-d292 @A: 33 15 06 11 | 01
#1677-d292 @A: 14 12 23 33 | 07
#1678-d292 @A: 27 23 03 33 | 11
#1679-d292 @A: 04 34 27 33 | 04
#1680-d292 @A: 03 22 29 21 | 12
#1681-d292 @A: 04 27 06 29 | 05
#1682-d292 @A: 25 02 35 31 | 06
#1683-d292 @A: 27 08 04 02 | 03
#1684-d292 @A: 26 02 35 34 | 09
#1685-d292 @A: 02 11 27 03 | 08
#1686-d292 @A: 18 31 25 15 | 10
#1687-d292 @A: 15 08 06 18 | 02
#1688-d292 @A: 25 21 15 11 | 01
#1689-d292 @A: 11 03 14 08 | 07
