#0001-d139 @A: 17 06 23 05 | 06
#0002-d139 @A: 23 32 16 06 | 03
#0003-d139 @A: 11 06 32 33 | 11
#0004-d139 @A: 06 25 15 17 | 12
#0005-d139 @A: 17 26 13 06 | 05
#0006-d139 @A: 32 22 06 25 | 09
#0007-d139 @A: 22 09 06 11 | 10
#0008-d139 @A: 30 26 07 06 | 01
#0009-d139 @A: 06 15 10 29 | 02
#0010-d139 @A: 21 06 19 14 | 08
#0011-d139 @A: 26 10 06 25 | 04
#0012-d139 @A: 02 15 26 06 | 07
#0013-d139 @A: 02 06 09 05 | 06
#0014-d139 @A: 06 20 24 04 | 03
#0015-d139 @A: 34 20 06 03 | 11
#0016-d139 @A: 16 34 06 05 | 12
#0017-d139 @A: 34 24 06 09 | 05
#0018-d139 @A: 33 35 01 23 | 09
#0019-d139 @A: 34 02 23 33 | 10
#0020-d139 @A: 17 21 16 23 | 01
#0021-d139 @A: 34 23 07 22 | 02
#0022-d139 @A: 22 24 23 29 | 08
#0023-d139 @A: 23 11 07 31 | 04
#0024-d139 @A: 01 23 16 29 | 07
#0025-d139 @A: 23 21 13 01 | 06
#0026-d139 @A: 23 18 28 05 | 03
#0027-d139 @A: 23 03 25 28 | 11
#0028-d139 @A: 23 28 34 16 | 12
#0029-d139 @A: 27 23 18 10 | 05
#0030-d139 @A: 20 09 27 23 | 09
#0031-d139 @A: 14 34 23 04 | 10
#0032-d139 @A: 24 14 05 23 | 01
#0033-d139 @A: 17 33 04 02 | 02
#0034-d139 @A: 14 17 27 33 | 08
#0035-d139 @A: 10 33 14 22 | 04
#0036-d139 @A: 33 01 20 29 | 07
#0037-d139 @A: 28 33 01 05 | 06
#0038-d139 @A: 08 33 34 18 | 03
#0039-d139 @A: 08 33 10 18 | 11
#0040-d139 @A: 02 16 08 33 | 12
#0041-d139 @A: 05 24 33 16 | 05
#0042-d139 @A: 15 04 13 33 | 09
#0043-d139 @A: 33 10 03 30 | 10
#0044-d139 @A: 22 11 21 17 | 01
#0045-d139 @A: 29 17 22 13 | 02
#0046-d139 @A: 22 01 20 17 | 08
#0047-d139 @A: 26 20 17 32 | 04
#0048-d139 @A: 17 08 13 01 | 07
#0049-d139 @A: 20 08 19 17 | 06
#0050-d139 @A: 24 35 27 17 | 03
#0051-d139 @A: 07 14 21 22 | 11
#0052-d139 @A: 02 07 20 22 | 12
#0053-d139 @A: 15 22 03 07 | 05
#0054-d139 @A: 24 01 32 22 | 09
#0055-d139 @A: 02 32 13 22 | 10
#0056-d139 @A: 11 24 26 22 | 01
#0057-d139 @A: 22 19 30 29 | 02
#0058-d139 @A: 26 09 22 29 | 08
#0059-d139 @A: 21 30 31 22 | 04
#0060-d139 @A: 18 24 22 19 | 07
#0061-d139 @A: 02 22 19 16 | 06
#0062-d139 @A: 09 05 19 22 | 03
#0063-d139 @A: 20 22 35 16 | 11
#0064-d139 @A: 20 04 31 22 | 12
#0065-d139 @A: 16 13 03 22 | 05
#0066-d139 @A: 03 35 30 22 | 09
#0067-d139 @A: 34 10 30 22 | 10
#0068-d139 @A: 24 13 10 22 | 01
#0069-d139 @A: 09 03 22 31 | 02
#0070-d139 @A: 07 12 18 11 | 08
#0071-d139 @A: 07 08 27 29 | 04
#0072-d139 @A: 30 18 25 07 | 07
#0073-d139 @A: 34 07 26 25 | 06
#0074-d139 @A: 07 26 02 08 | 03
#0075-d139 @A: 05 16 03 07 | 11
#0076-d139 @A: 31 14 07 10 | 12
#0077-d139 @A: 12 03 34 07 | 05
#0078-d139 @A: 32 29 02 31 | 09
#0079-d139 @A: 21 32 05 19 | 10
#0080-d139 @A: 18 16 32 01 | 01
#0081-d139 @A: 01 32 05 03 | 02
#0082-d139 @A: 28 32 05 02 | 08
#0083-d139 @A: 18 15 32 26 | 04
#0084-d139 @A: 16 32 13 15 | 07
#0085-d139 @A: 32 14 30 13 | 06
#0086-d139 @A: 30 34 32 05 | 03
#0087-d139 @A: 03 25 29 11 | 11
#0088-d139 @A: 29 11 10 20 | 12
#0089-d139 @A: 02 11 04 21 | 05
#0090-d139 @A: 26 11 16 21 | 09
#0091-d139 @A: 19 11 09 28 | 10
#0092-d139 @A: 02 11 03 19 | 01
#0093-d139 @A: 19 11 20 34 | 02
#0094-d139 @A: 11 18 30 27 | 08
#0095-d139 @A: 11 02 16 35 | 04
#0096-d139 @A: 16 15 20 11 | 07
#0097-d139 @A: 04 15 27 11 | 06
#0098-d139 @A: 34 12 13 11 | 03
#0099-d139 @A: 15 11 24 10 | 11
#0100-d139 @A: 31 24 29 21 | 12
#0101-d139 @A: 29 28 01 34 | 05
#0102-d139 @A: 29 25 12 18 | 09
#0103-d139 @A: 27 18 03 29 | 10
#0104-d139 @A: 20 12 29 34 | 01
#0105-d139 @A: 29 34 03 16 | 02
#0106-d139 @A: 01 12 21 02 | 08
#0107-d139 @A: 18 13 21 25 | 04
#0108-d139 @A: 21 20 34 18 | 07
#0109-d139 @A: 21 08 13 15 | 06
#0110-d139 @A: 04 03 16 21 | 03
#0111-d139 @A: 02 01 03 28 | 11
#0112-d139 @A: 09 10 01 28 | 12
#0113-d139 @A: 01 20 31 12 | 05
#0114-d139 @A: 01 15 34 27 | 09
#0115-d139 @A: 24 01 04 34 | 10
#0116-d139 @A: 04 09 01 31 | 01
#0117-d139 @A: 34 28 10 18 | 02
#0118-d139 @A: 28 25 02 30 | 08
#0119-d139 @A: 35 16 28 09 | 04
#0120-d139 @A: 31 09 28 27 | 07
#0121-d139 @A: 12 34 28 05 | 06
#0122-d139 @A: 28 24 34 35 | 03
#0123-d139 @A: 30 18 19 08 | 11
#0124-d139 @A: 30 24 34 19 | 12
#0125-d139 @A: 09 35 25 18 | 05
#0126-d139 @A: 25 26 02 14 | 09
#0127-d139 @A: 25 15 16 04 | 10
#0128-d139 @A: 25 16 35 34 | 01
#0129-d139 @A: 03 12 25 14 | 02
#0130-d139 @A: 24 04 09 25 | 08
#0131-d139 @A: 12 25 05 15 | 04
#0132-d139 @A: 02 35 12 15 | 07
#0133-d139 @A: 12 24 09 02 | 06
#0134-d139 @A: 12 16 04 26 | 03
#0135-d139 @A: 10 26 35 04 | 11
#0136-d139 @A: 05 13 20 08 | 12
#0137-d139 @A: 16 12 15 08 | 05
#0138-d139 @A: 31 15 04 08 | 09
#0139-d139 @A: 34 25 06 23 | 10
#0140-d139 @A: 20 06 23 02 | 01
#0141-d139 @A: 28 06 14 33 | 02
#0142-d139 @A: 06 12 33 02 | 08
#0143-d139 @A: 15 34 06 33 | 04
#0144-d139 @A: 17 18 20 06 | 07
#0145-d139 @A: 06 18 27 22 | 06
#0146-d139 @A: 35 06 07 18 | 03
#0147-d139 @A: 07 03 24 06 | 11
#0148-d139 @A: 06 19 31 32 | 12
#0149-d139 @A: 26 24 32 06 | 05
#0150-d139 @A: 04 09 32 06 | 09
#0151-d139 @A: 21 06 11 20 | 10
#0152-d139 @A: 28 11 06 31 | 01
#0153-d139 @A: 06 21 08 05 | 02
#0154-d139 @A: 06 15 01 35 | 08
#0155-d139 @A: 19 12 26 06 | 04
#0156-d139 @A: 09 20 35 06 | 07
#0157-d139 @A: 24 10 14 06 | 06
#0158-d139 @A: 03 23 33 26 | 03
#0159-d139 @A: 17 23 32 03 | 11
#0160-d139 @A: 32 23 30 04 | 12
#0161-d139 @A: 05 11 23 29 | 05
#0162-d139 @A: 23 13 29 03 | 09
#0163-d139 @A: 18 19 16 23 | 10
#0164-d139 @A: 25 19 23 27 | 01
#0165-d139 @A: 14 09 23 02 | 02
#0166-d139 @A: 35 02 23 13 | 08
#0167-d139 @A: 20 04 35 23 | 04
#0168-d139 @A: 23 16 30 12 | 07
#0169-d139 @A: 24 23 15 34 | 06
#0170-d139 @A: 17 08 33 26 | 03
#0171-d139 @A: 11 07 33 35 | 11
#0172-d139 @A: 18 07 33 16 | 12
#0173-d139 @A: 02 33 11 28 | 05
#0174-d139 @A: 33 08 21 03 | 09
#0175-d139 @A: 33 04 19 10 | 10
#0176-d139 @A: 25 35 08 33 | 01
#0177-d139 @A: 24 33 12 25 | 02
#0178-d139 @A: 13 08 33 14 | 08
#0179-d139 @A: 35 20 33 31 | 04
#0180-d139 @A: 30 03 33 24 | 07
#0181-d139 @A: 22 17 32 14 | 06
#0182-d139 @A: 02 31 17 22 | 03
#0183-d139 @A: 26 22 30 17 | 11
#0184-d139 @A: 21 17 07 09 | 12
#0185-d139 @A: 17 31 01 32 | 05
#0186-d139 @A: 09 11 17 25 | 09
#0187-d139 @A: 29 17 21 20 | 10
#0188-d139 @A: 29 30 17 18 | 01
#0189-d139 @A: 26 17 31 19 | 02
#0190-d139 @A: 19 17 20 10 | 08
#0191-d139 @A: 10 17 08 14 | 04
#0192-d139 @A: 34 16 27 17 | 07
#0193-d139 @A: 17 04 05 16 | 06
#0194-d139 @A: 17 04 34 30 | 03
#0195-d139 @A: 07 32 22 31 | 11
#0196-d139 @A: 15 18 11 22 | 12
#0197-d139 @A: 35 22 11 31 | 05
#0198-d139 @A: 21 22 25 09 | 09
#0199-d139 @A: 21 13 22 04 | 10
#0200-d139 @A: 19 22 14 03 | 01
#0201-d139 @A: 30 18 05 22 | 02
#0202-d139 @A: 25 02 22 24 | 08
#0203-d139 @A: 09 22 14 27 | 04
#0204-d139 @A: 05 22 24 12 | 07
#0205-d139 @A: 30 22 24 09 | 06
#0206-d139 @A: 29 07 10 32 | 03
#0207-d139 @A: 01 07 28 32 | 11
#0208-d139 @A: 02 07 30 21 | 12
#0209-d139 @A: 21 07 20 27 | 05
#0210-d139 @A: 07 08 15 28 | 09
#0211-d139 @A: 26 14 19 07 | 10
#0212-d139 @A: 07 03 05 10 | 01
#0213-d139 @A: 03 10 32 11 | 02
#0214-d139 @A: 24 32 21 18 | 08
#0215-d139 @A: 04 25 21 32 | 04
#0216-d139 @A: 32 16 19 25 | 07
#0217-d139 @A: 25 18 32 14 | 06
#0218-d139 @A: 25 32 27 02 | 03
#0219-d139 @A: 20 32 09 13 | 11
#0220-d139 @A: 14 30 10 32 | 12
#0221-d139 @A: 09 12 32 15 | 05
#0222-d139 @A: 11 20 18 29 | 09
#0223-d139 @A: 11 08 24 18 | 10
#0224-d139 @A: 08 20 11 25 | 01
#0225-d139 @A: 05 14 11 02 | 02
#0226-d139 @A: 24 30 11 20 | 08
#0227-d139 @A: 14 11 10 13 | 04
#0228-d139 @A: 04 14 29 01 | 07
#0229-d139 @A: 29 01 34 10 | 06
#0230-d139 @A: 08 14 19 29 | 03
#0231-d139 @A: 30 08 29 34 | 11
#0232-d139 @A: 35 15 29 16 | 12
#0233-d139 @A: 05 29 31 12 | 05
#0234-d139 @A: 31 21 28 01 | 09
#0235-d139 @A: 16 35 01 21 | 10
#0236-d139 @A: 21 28 30 19 | 01
#0237-d139 @A: 10 28 21 25 | 02
#0238-d139 @A: 21 08 20 28 | 08
#0239-d139 @A: 30 21 25 26 | 04
#0240-d139 @A: 25 21 20 03 | 07
#0241-d139 @A: 21 10 15 02 | 06
#0242-d139 @A: 20 16 21 14 | 03
#0243-d139 @A: 21 20 10 05 | 11
#0244-d139 @A: 13 31 20 21 | 12
#0245-d139 @A: 27 21 14 35 | 05
#0246-d139 @A: 30 27 21 15 | 09
#0247-d139 @A: 10 24 13 21 | 10
#0248-d139 @A: 05 01 19 10 | 01
#0249-d139 @A: 25 01 02 10 | 02
#0250-d139 @A: 16 01 27 31 | 08
#0251-d139 @A: 13 01 27 12 | 04
#0252-d139 @A: 09 01 03 27 | 07
#0253-d139 @A: 13 24 01 05 | 06
#0254-d139 @A: 01 09 30 15 | 03
#0255-d139 @A: 30 24 10 01 | 11
#0256-d139 @A: 04 19 28 25 | 12
#0257-d139 @A: 28 05 10 08 | 05
#0258-d139 @A: 20 10 31 28 | 09
#0259-d139 @A: 31 13 18 19 | 10
#0260-d139 @A: 12 13 19 20 | 01
#0261-d139 @A: 19 04 16 31 | 02
#0262-d139 @A: 16 19 35 13 | 08
#0263-d139 @A: 16 18 12 14 | 04
#0264-d139 @A: 10 18 16 12 | 07
#0265-d139 @A: 18 12 31 35 | 06
#0266-d139 @A: 09 18 31 30 | 03
#0267-d139 @A: 16 25 05 09 | 11
#0268-d139 @A: 24 27 20 02 | 12
#0269-d139 @A: 12 03 20 02 | 05
#0270-d139 @A: 34 02 14 24 | 09
#0271-d139 @A: 02 31 27 04 | 10
#0272-d139 @A: 02 13 12 04 | 01
#0273-d139 @A: 26 08 27 14 | 02
#0274-d139 @A: 03 05 08 26 | 08
#0275-d139 @A: 26 20 27 05 | 04
#0276-d139 @A: 26 09 04 30 | 07
#0277-d139 @A: 35 26 15 05 | 06
#0278-d139 @A: 30 31 15 26 | 03
#0279-d139 @A: 09 03 24 26 | 11
#0280-d139 @A: 34 04 08 20 | 12
#0281-d139 @A: 16 27 08 35 | 05
#0282-d139 @A: 27 12 34 08 | 09
#0283-d139 @A: 08 24 13 12 | 10
#0284-d139 @A: 35 08 30 15 | 01
#0285-d139 @A: 35 34 13 08 | 02
#0286-d139 @A: 31 09 13 08 | 08
#0287-d139 @A: 09 20 10 13 | 04
#0288-d139 @A: 05 13 10 31 | 07
#0289-d139 @A: 27 07 33 06 | 06
#0290-d139 @A: 06 33 05 26 | 03
#0291-d139 @A: 03 22 17 06 | 11
#0292-d139 @A: 35 06 17 19 | 12
#0293-d139 @A: 06 35 32 08 | 05
#0294-d139 @A: 27 32 06 13 | 09
#0295-d139 @A: 25 29 27 06 | 10
#0296-d139 @A: 01 21 25 06 | 01
#0297-d139 @A: 31 06 02 01 | 02
#0298-d139 @A: 28 06 12 09 | 08
#0299-d139 @A: 10 06 18 20 | 04
#0300-d139 @A: 23 07 33 30 | 07
#0301-d139 @A: 23 28 33 13 | 06
#0302-d139 @A: 28 11 30 23 | 03
#0303-d139 @A: 23 10 11 28 | 11
#0304-d139 @A: 14 26 11 23 | 12
#0305-d139 @A: 25 01 23 20 | 05
#0306-d139 @A: 01 12 24 23 | 09
#0307-d139 @A: 23 31 02 28 | 10
#0308-d139 @A: 08 23 26 28 | 01
#0309-d139 @A: 25 23 18 24 | 02
#0310-d139 @A: 02 30 10 23 | 08
#0311-d139 @A: 14 23 13 20 | 04
#0312-d139 @A: 10 04 23 03 | 07
#0313-d139 @A: 34 31 12 23 | 06
#0314-d139 @A: 23 31 05 09 | 03
#0315-d139 @A: 33 22 18 17 | 11
#0316-d139 @A: 27 08 33 22 | 12
#0317-d139 @A: 32 33 02 20 | 05
#0318-d139 @A: 33 11 24 01 | 09
#0319-d139 @A: 30 08 33 11 | 10
#0320-d139 @A: 05 33 20 11 | 01
#0321-d139 @A: 33 25 10 29 | 02
#0322-d139 @A: 35 33 21 28 | 08
#0323-d139 @A: 15 08 33 01 | 04
#0324-d139 @A: 18 02 33 27 | 07
#0325-d139 @A: 26 33 10 08 | 06
#0326-d139 @A: 33 15 30 12 | 03
#0327-d139 @A: 13 11 17 28 | 11
#0328-d139 @A: 21 13 17 19 | 12
#0329-d139 @A: 24 17 18 01 | 05
#0330-d139 @A: 14 17 28 19 | 09
#0331-d139 @A: 31 25 28 17 | 10
#0332-d139 @A: 09 17 19 02 | 01
#0333-d139 @A: 09 18 08 17 | 02
#0334-d139 @A: 17 10 27 16 | 08
#0335-d139 @A: 07 19 13 22 | 04
#0336-d139 @A: 32 05 22 11 | 07
#0337-d139 @A: 35 29 22 10 | 06
#0338-d139 @A: 22 21 26 08 | 03
#0339-d139 @A: 12 21 22 20 | 11
#0340-d139 @A: 10 04 08 22 | 12
#0341-d139 @A: 15 22 09 04 | 05
#0342-d139 @A: 13 22 12 31 | 09
#0343-d139 @A: 11 16 07 32 | 10
#0344-d139 @A: 32 20 15 07 | 01
#0345-d139 @A: 03 07 26 21 | 02
#0346-d139 @A: 07 26 01 31 | 08
#0347-d139 @A: 01 08 05 07 | 04
#0348-d139 @A: 02 07 34 28 | 07
#0349-d139 @A: 34 09 19 07 | 06
#0350-d139 @A: 07 18 02 24 | 03
#0351-d139 @A: 07 04 05 24 | 11
#0352-d139 @A: 31 05 07 30 | 12
#0353-d139 @A: 13 35 05 07 | 05
#0354-d139 @A: 34 07 10 13 | 09
#0355-d139 @A: 32 13 11 01 | 10
#0356-d139 @A: 15 11 32 02 | 01
#0357-d139 @A: 30 01 29 32 | 02
#0358-d139 @A: 29 32 35 04 | 08
#0359-d139 @A: 10 19 32 21 | 04
#0360-d139 @A: 14 09 01 32 | 07
#0361-d139 @A: 20 19 18 32 | 06
#0362-d139 @A: 18 34 32 27 | 03
#0363-d139 @A: 26 32 12 02 | 11
#0364-d139 @A: 08 03 32 02 | 12
#0365-d139 @A: 02 32 04 34 | 05
#0366-d139 @A: 32 31 20 05 | 09
#0367-d139 @A: 32 20 24 35 | 10
#0368-d139 @A: 24 16 14 32 | 01
#0369-d139 @A: 05 32 27 09 | 02
#0370-d139 @A: 21 35 03 11 | 08
#0371-d139 @A: 11 10 30 25 | 04
#0372-d139 @A: 11 20 09 31 | 07
#0373-d139 @A: 24 11 16 34 | 06
#0374-d139 @A: 31 12 11 15 | 03
#0375-d139 @A: 35 18 02 29 | 11
#0376-d139 @A: 18 08 29 05 | 12
#0377-d139 @A: 31 04 18 29 | 05
#0378-d139 @A: 24 29 03 14 | 09
#0379-d139 @A: 34 24 29 05 | 10
#0380-d139 @A: 10 31 29 30 | 01
#0381-d139 @A: 27 21 25 28 | 02
#0382-d139 @A: 28 16 02 21 | 08
#0383-d139 @A: 18 16 21 31 | 04
#0384-d139 @A: 05 21 02 24 | 07
#0385-d139 @A: 05 21 35 12 | 06
#0386-d139 @A: 01 20 18 08 | 03
#0387-d139 @A: 34 03 01 26 | 11
#0388-d139 @A: 15 14 20 01 | 12
#0389-d139 @A: 09 01 24 16 | 05
#0390-d139 @A: 04 15 01 05 | 09
#0391-d139 @A: 30 04 01 35 | 10
#0392-d139 @A: 01 35 09 05 | 01
#0393-d139 @A: 03 24 01 15 | 02
#0394-d139 @A: 19 28 27 26 | 08
#0395-d139 @A: 08 18 13 28 | 04
#0396-d139 @A: 24 28 05 25 | 07
#0397-d139 @A: 28 04 20 15 | 06
#0398-d139 @A: 13 27 16 28 | 03
#0399-d139 @A: 28 16 31 12 | 11
#0400-d139 @A: 24 15 28 16 | 12
#0401-d139 @A: 12 28 24 27 | 05
#0402-d139 @A: 27 28 03 15 | 09
#0403-d139 @A: 31 02 19 25 | 10
#0404-d139 @A: 13 19 04 27 | 01
#0405-d139 @A: 18 05 25 34 | 02
#0406-d139 @A: 18 14 20 31 | 08
#0407-d139 @A: 12 20 09 18 | 04
#0408-d139 @A: 31 25 15 20 | 07
#0409-d139 @A: 14 25 13 09 | 06
#0410-d139 @A: 25 35 27 15 | 03
#0411-d139 @A: 02 31 13 14 | 11
#0412-d139 @A: 08 26 34 16 | 12
#0413-d139 @A: 08 12 31 26 | 05
#0414-d139 @A: 20 26 16 10 | 09
#0415-d139 @A: 13 24 16 26 | 10
#0416-d139 @A: 24 27 34 26 | 01
#0417-d139 @A: 27 15 20 08 | 02
#0418-d139 @A: 20 08 24 09 | 08
#0419-d139 @A: 04 05 14 08 | 04
#0420-d139 @A: 30 14 08 24 | 07
#0421-d139 @A: 15 34 10 08 | 06
#0422-d139 @A: 27 10 34 20 | 03
#0423-d139 @A: 10 24 05 16 | 11
#0424-d139 @A: 23 16 06 10 | 12
#0425-d139 @A: 07 06 22 05 | 05
#0426-d139 @A: 06 22 19 20 | 09
#0427-d139 @A: 22 06 34 08 | 10
#0428-d139 @A: 06 34 07 14 | 01
#0429-d139 @A: 11 05 06 01 | 02
#0430-d139 @A: 25 11 24 06 | 08
#0431-d139 @A: 11 26 03 06 | 04
#0432-d139 @A: 28 06 15 21 | 07
#0433-d139 @A: 26 21 35 06 | 06
#0434-d139 @A: 18 06 30 01 | 03
#0435-d139 @A: 06 25 28 35 | 11
#0436-d139 @A: 26 16 06 28 | 12
#0437-d139 @A: 06 27 02 19 | 05
#0438-d139 @A: 18 06 25 31 | 09
#0439-d139 @A: 02 06 08 14 | 10
#0440-d139 @A: 20 06 14 27 | 01
#0441-d139 @A: 24 06 12 16 | 02
#0442-d139 @A: 34 04 06 31 | 08
#0443-d139 @A: 16 23 33 22 | 04
#0444-d139 @A: 23 17 02 11 | 07
#0445-d139 @A: 23 31 10 22 | 06
#0446-d139 @A: 23 07 08 14 | 03
#0447-d139 @A: 35 23 32 18 | 11
#0448-d139 @A: 01 23 14 10 | 12
#0449-d139 @A: 09 23 24 28 | 05
#0450-d139 @A: 13 23 19 26 | 09
#0451-d139 @A: 25 23 10 09 | 10
#0452-d139 @A: 16 23 35 24 | 01
#0453-d139 @A: 33 17 07 13 | 02
#0454-d139 @A: 33 17 11 15 | 08
#0455-d139 @A: 21 10 17 33 | 04
#0456-d139 @A: 22 01 33 31 | 07
#0457-d139 @A: 07 03 04 33 | 06
#0458-d139 @A: 32 31 33 09 | 03
#0459-d139 @A: 25 29 30 33 | 11
#0460-d139 @A: 04 12 33 20 | 12
#0461-d139 @A: 35 05 04 33 | 05
#0462-d139 @A: 30 33 05 13 | 09
#0463-d139 @A: 03 15 33 35 | 10
#0464-d139 @A: 17 24 28 22 | 01
#0465-d139 @A: 07 17 08 34 | 02
#0466-d139 @A: 17 11 26 34 | 08
#0467-d139 @A: 17 02 14 29 | 04
#0468-d139 @A: 14 17 08 21 | 07
#0469-d139 @A: 17 35 21 30 | 06
#0470-d139 @A: 17 25 03 01 | 03
#0471-d139 @A: 19 34 17 05 | 11
#0472-d139 @A: 17 18 31 15 | 12
#0473-d139 @A: 20 30 17 27 | 05
#0474-d139 @A: 05 17 27 12 | 09
#0475-d139 @A: 24 04 17 13 | 10
#0476-d139 @A: 10 15 17 35 | 01
#0477-d139 @A: 07 10 28 22 | 02
#0478-d139 @A: 12 11 02 22 | 08
#0479-d139 @A: 28 22 29 20 | 04
#0480-d139 @A: 14 08 22 01 | 07
#0481-d139 @A: 26 22 34 19 | 06
#0482-d139 @A: 08 12 22 19 | 03
#0483-d139 @A: 22 34 04 16 | 11
#0484-d139 @A: 22 31 14 05 | 12
#0485-d139 @A: 35 22 09 13 | 05
#0486-d139 @A: 24 03 22 34 | 09
#0487-d139 @A: 35 21 32 07 | 10
#0488-d139 @A: 29 07 26 24 | 01
#0489-d139 @A: 15 21 07 18 | 02
#0490-d139 @A: 01 24 19 07 | 08
#0491-d139 @A: 35 02 19 07 | 04
#0492-d139 @A: 19 07 03 27 | 07
#0493-d139 @A: 07 03 08 18 | 06
#0494-d139 @A: 05 14 20 07 | 03
#0495-d139 @A: 35 04 34 07 | 11
#0496-d139 @A: 07 09 05 15 | 12
#0497-d139 @A: 32 09 11 21 | 05
#0498-d139 @A: 12 32 11 19 | 09
#0499-d139 @A: 32 24 09 29 | 10
#0500-d139 @A: 32 04 01 10 | 01
#0501-d139 @A: 20 28 14 32 | 02
#0502-d139 @A: 12 32 05 08 | 08
#0503-d139 @A: 32 14 03 27 | 04
#0504-d139 @A: 32 04 31 14 | 07
#0505-d139 @A: 32 24 15 05 | 06
#0506-d139 @A: 34 32 35 15 | 03
#0507-d139 @A: 13 19 29 11 | 11
#0508-d139 @A: 11 01 20 02 | 12
#0509-d139 @A: 27 03 11 34 | 05
#0510-d139 @A: 29 27 21 26 | 09
#0511-d139 @A: 15 29 26 01 | 10
#0512-d139 @A: 29 13 01 35 | 01
#0513-d139 @A: 29 18 15 19 | 02
#0514-d139 @A: 26 13 29 18 | 08
#0515-d139 @A: 25 24 08 29 | 04
#0516-d139 @A: 16 29 27 02 | 07
#0517-d139 @A: 15 12 14 29 | 06
#0518-d139 @A: 29 09 15 03 | 03
#0519-d139 @A: 27 21 19 16 | 11
#0520-d139 @A: 21 30 04 20 | 12
#0521-d139 @A: 13 01 30 19 | 05
#0522-d139 @A: 02 01 18 05 | 09
#0523-d139 @A: 26 24 01 25 | 10
#0524-d139 @A: 12 26 18 28 | 01
#0525-d139 @A: 20 25 26 28 | 02
#0526-d139 @A: 03 28 34 08 | 08
#0527-d139 @A: 16 14 28 04 | 04
#0528-d139 @A: 28 35 12 03 | 07
#0529-d139 @A: 08 13 19 02 | 06
#0530-d139 @A: 26 10 27 19 | 03
#0531-d139 @A: 12 30 35 19 | 11
#0532-d139 @A: 05 24 03 19 | 12
#0533-d139 @A: 18 08 26 25 | 05
#0534-d139 @A: 16 03 25 18 | 09
#0535-d139 @A: 20 30 18 35 | 10
#0536-d139 @A: 24 10 20 25 | 01
#0537-d139 @A: 31 16 13 25 | 02
#0538-d139 @A: 25 34 27 31 | 08
#0539-d139 @A: 25 15 13 24 | 04
#0540-d139 @A: 16 12 34 02 | 07
#0541-d139 @A: 27 02 10 09 | 06
#0542-d139 @A: 05 34 03 02 | 03
#0543-d139 @A: 15 31 02 24 | 11
#0544-d139 @A: 09 26 35 08 | 12
#0545-d139 @A: 30 24 05 26 | 05
#0546-d139 @A: 26 09 05 13 | 09
#0547-d139 @A: 10 03 08 20 | 10
#0548-d139 @A: 18 33 13 06 | 01
#0549-d139 @A: 19 10 22 06 | 02
#0550-d139 @A: 04 02 06 22 | 08
#0551-d139 @A: 16 21 07 06 | 04
#0552-d139 @A: 01 12 06 07 | 07
#0553-d139 @A: 29 05 32 06 | 06
#0554-d139 @A: 03 32 06 21 | 03
#0555-d139 @A: 16 19 06 29 | 11
#0556-d139 @A: 26 08 29 06 | 12
#0557-d139 @A: 18 08 15 06 | 05
#0558-d139 @A: 16 25 06 02 | 09
#0559-d139 @A: 03 35 06 13 | 10
#0560-d139 @A: 33 14 29 23 | 01
#0561-d139 @A: 25 23 05 33 | 02
#0562-d139 @A: 10 33 23 13 | 08
#0563-d139 @A: 27 23 29 17 | 04
#0564-d139 @A: 17 34 23 18 | 07
#0565-d139 @A: 30 23 17 15 | 06
#0566-d139 @A: 07 16 23 02 | 03
#0567-d139 @A: 35 07 26 23 | 11
#0568-d139 @A: 23 34 11 32 | 12
#0569-d139 @A: 14 23 19 32 | 05
#0570-d139 @A: 19 11 35 23 | 09
#0571-d139 @A: 23 11 03 04 | 10
#0572-d139 @A: 23 30 02 29 | 01
#0573-d139 @A: 29 35 23 31 | 02
#0574-d139 @A: 23 12 26 21 | 08
#0575-d139 @A: 35 21 23 10 | 04
#0576-d139 @A: 10 19 15 23 | 07
#0577-d139 @A: 08 05 16 23 | 06
#0578-d139 @A: 20 24 23 03 | 03
#0579-d139 @A: 14 23 27 16 | 11
#0580-d139 @A: 04 13 23 16 | 12
#0581-d139 @A: 34 23 13 27 | 05
#0582-d139 @A: 15 23 13 05 | 09
#0583-d139 @A: 33 22 09 20 | 10
#0584-d139 @A: 21 07 12 33 | 01
#0585-d139 @A: 25 33 07 31 | 02
#0586-d139 @A: 08 04 33 32 | 08
#0587-d139 @A: 16 32 10 33 | 04
#0588-d139 @A: 33 31 29 08 | 07
#0589-d139 @A: 21 31 02 33 | 06
#0590-d139 @A: 33 01 26 30 | 03
#0591-d139 @A: 19 33 09 25 | 11
#0592-d139 @A: 25 33 03 02 | 12
#0593-d139 @A: 33 30 16 27 | 05
#0594-d139 @A: 15 33 16 31 | 09
#0595-d139 @A: 33 13 09 12 | 10
#0596-d139 @A: 17 11 07 24 | 01
#0597-d139 @A: 11 29 32 17 | 02
#0598-d139 @A: 17 09 28 32 | 08
#0599-d139 @A: 32 17 18 04 | 04
#0600-d139 @A: 15 17 01 28 | 07
#0601-d139 @A: 01 35 12 17 | 06
#0602-d139 @A: 10 17 27 28 | 03
#0603-d139 @A: 12 17 16 19 | 11
#0604-d139 @A: 30 17 25 24 | 12
#0605-d139 @A: 08 02 30 17 | 05
#0606-d139 @A: 16 03 35 17 | 09
#0607-d139 @A: 15 32 30 22 | 10
#0608-d139 @A: 28 16 11 22 | 01
#0609-d139 @A: 19 11 25 22 | 02
#0610-d139 @A: 16 29 22 14 | 08
#0611-d139 @A: 09 22 12 10 | 04
#0612-d139 @A: 07 04 08 11 | 07
#0613-d139 @A: 01 02 07 29 | 06
#0614-d139 @A: 20 19 29 07 | 03
#0615-d139 @A: 07 05 25 29 | 11
#0616-d139 @A: 07 29 09 16 | 12
#0617-d139 @A: 10 07 29 09 | 05
#0618-d139 @A: 31 07 19 21 | 09
#0619-d139 @A: 25 12 19 07 | 10
#0620-d139 @A: 07 16 19 08 | 01
#0621-d139 @A: 10 19 24 07 | 02
#0622-d139 @A: 30 35 24 07 | 08
#0623-d139 @A: 11 08 14 32 | 04
#0624-d139 @A: 08 32 30 25 | 07
#0625-d139 @A: 24 31 25 32 | 06
#0626-d139 @A: 32 12 16 03 | 03
#0627-d139 @A: 13 32 12 35 | 11
#0628-d139 @A: 03 09 35 32 | 12
#0629-d139 @A: 15 11 25 21 | 05
#0630-d139 @A: 01 18 34 11 | 09
#0631-d139 @A: 14 25 31 11 | 10
#0632-d139 @A: 02 16 10 11 | 01
#0633-d139 @A: 11 30 04 31 | 02
#0634-d139 @A: 03 12 24 11 | 08
#0635-d139 @A: 35 11 34 05 | 04
#0636-d139 @A: 21 29 28 09 | 07
#0637-d139 @A: 21 29 03 02 | 06
#0638-d139 @A: 21 08 16 29 | 03
#0639-d139 @A: 18 16 28 29 | 11
#0640-d139 @A: 13 25 28 29 | 12
#0641-d139 @A: 29 28 04 08 | 05
#0642-d139 @A: 26 19 05 29 | 09
#0643-d139 @A: 08 10 13 29 | 10
#0644-d139 @A: 14 29 09 20 | 01
#0645-d139 @A: 35 20 27 29 | 02
#0646-d139 @A: 21 08 01 30 | 08
#0647-d139 @A: 01 24 20 21 | 04
#0648-d139 @A: 21 13 26 14 | 07
#0649-d139 @A: 04 14 21 15 | 06
#0650-d139 @A: 35 21 04 09 | 03
#0651-d139 @A: 15 34 21 12 | 11
#0652-d139 @A: 13 05 03 21 | 12
#0653-d139 @A: 34 21 31 35 | 05
#0654-d139 @A: 08 01 27 19 | 09
#0655-d139 @A: 30 34 01 16 | 10
#0656-d139 @A: 13 01 04 03 | 01
#0657-d139 @A: 02 28 08 27 | 02
#0658-d139 @A: 14 28 02 15 | 08
#0659-d139 @A: 24 28 02 13 | 04
#0660-d139 @A: 34 26 28 30 | 07
#0661-d139 @A: 05 28 31 03 | 06
#0662-d139 @A: 28 30 13 09 | 03
#0663-d139 @A: 12 18 27 19 | 11
#0664-d139 @A: 26 16 02 18 | 12
#0665-d139 @A: 18 24 35 26 | 05
#0666-d139 @A: 34 16 18 09 | 09
#0667-d139 @A: 18 04 14 03 | 10
#0668-d139 @A: 18 35 04 27 | 01
#0669-d139 @A: 05 18 27 31 | 02
#0670-d139 @A: 10 18 12 24 | 08
#0671-d139 @A: 03 18 35 34 | 04
#0672-d139 @A: 02 05 08 25 | 07
#0673-d139 @A: 25 24 27 03 | 06
#0674-d139 @A: 10 13 25 04 | 03
#0675-d139 @A: 25 09 31 12 | 11
#0676-d139 @A: 16 02 13 09 | 12
#0677-d139 @A: 04 02 30 15 | 05
#0678-d139 @A: 20 09 34 26 | 09
#0679-d139 @A: 35 30 16 26 | 10
#0680-d139 @A: 05 34 26 14 | 01
#0681-d139 @A: 26 30 05 10 | 02
#0682-d139 @A: 16 31 08 14 | 08
#0683-d139 @A: 09 34 08 14 | 04
#0684-d139 @A: 09 30 08 05 | 07
#0685-d139 @A: 04 15 05 10 | 06
#0686-d139 @A: 35 06 23 22 | 03
#0687-d139 @A: 23 30 21 06 | 11
#0688-d139 @A: 33 06 09 10 | 12
#0689-d139 @A: 32 06 02 07 | 05
#0690-d139 @A: 07 35 10 06 | 09
#0691-d139 @A: 20 32 06 01 | 10
#0692-d139 @A: 06 14 15 32 | 01
#0693-d139 @A: 06 34 11 29 | 02
#0694-d139 @A: 12 21 06 29 | 08
#0695-d139 @A: 03 29 01 06 | 04
#0696-d139 @A: 06 27 26 01 | 07
#0697-d139 @A: 24 28 06 18 | 06
#0698-d139 @A: 06 19 09 08 | 03
#0699-d139 @A: 06 18 03 02 | 11
#0700-d139 @A: 16 03 15 06 | 12
#0701-d139 @A: 12 04 06 14 | 05
#0702-d139 @A: 24 06 31 27 | 09
#0703-d139 @A: 11 23 33 27 | 10
#0704-d139 @A: 09 23 22 17 | 01
#0705-d139 @A: 17 07 19 23 | 02
#0706-d139 @A: 17 04 28 23 | 08
#0707-d139 @A: 24 23 26 17 | 04
#0708-d139 @A: 05 21 22 23 | 07
#0709-d139 @A: 23 14 18 22 | 06
#0710-d139 @A: 23 13 09 07 | 03
#0711-d139 @A: 32 23 15 08 | 11
#0712-d139 @A: 34 23 10 32 | 12
#0713-d139 @A: 12 29 23 19 | 05
#0714-d139 @A: 08 23 20 29 | 09
#0715-d139 @A: 14 23 21 28 | 10
#0716-d139 @A: 18 08 23 27 | 01
#0717-d139 @A: 25 12 02 23 | 02
#0718-d139 @A: 23 30 25 14 | 08
#0719-d139 @A: 23 26 02 04 | 04
#0720-d139 @A: 27 02 23 15 | 07
#0721-d139 @A: 33 10 07 11 | 06
#0722-d139 @A: 32 33 12 01 | 03
#0723-d139 @A: 20 33 01 10 | 11
#0724-d139 @A: 31 33 28 04 | 12
#0725-d139 @A: 35 19 18 33 | 05
#0726-d139 @A: 31 26 33 18 | 09
#0727-d139 @A: 33 24 10 02 | 10
#0728-d139 @A: 26 33 35 14 | 01
#0729-d139 @A: 33 16 12 35 | 02
#0730-d139 @A: 13 33 03 34 | 08
#0731-d139 @A: 33 24 31 13 | 04
#0732-d139 @A: 10 22 25 17 | 07
#0733-d139 @A: 16 28 07 17 | 06
#0734-d139 @A: 16 17 02 32 | 03
#0735-d139 @A: 11 16 17 31 | 11
#0736-d139 @A: 03 19 30 17 | 12
#0737-d139 @A: 18 26 17 14 | 05
#0738-d139 @A: 13 02 17 05 | 09
#0739-d139 @A: 03 17 14 05 | 10
#0740-d139 @A: 24 34 12 17 | 01
#0741-d139 @A: 32 27 22 19 | 02
#0742-d139 @A: 22 32 08 20 | 08
#0743-d139 @A: 11 08 13 22 | 04
#0744-d139 @A: 28 22 30 01 | 07
#0745-d139 @A: 22 02 01 09 | 06
#0746-d139 @A: 12 34 22 25 | 03
#0747-d139 @A: 20 10 02 22 | 11
#0748-d139 @A: 14 02 22 30 | 12
#0749-d139 @A: 34 15 20 22 | 05
#0750-d139 @A: 30 13 22 20 | 09
#0751-d139 @A: 11 07 14 29 | 10
#0752-d139 @A: 07 35 01 25 | 01
#0753-d139 @A: 12 20 07 16 | 02
#0754-d139 @A: 07 30 20 34 | 08
#0755-d139 @A: 07 20 13 24 | 04
#0756-d139 @A: 14 16 07 35 | 07
#0757-d139 @A: 04 12 07 27 | 06
#0758-d139 @A: 03 32 29 19 | 03
#0759-d139 @A: 14 02 21 32 | 11
#0760-d139 @A: 19 04 32 01 | 12
#0761-d139 @A: 01 32 26 08 | 05
#0762-d139 @A: 30 28 32 18 | 09
#0763-d139 @A: 16 31 32 35 | 10
#0764-d139 @A: 04 15 03 32 | 01
#0765-d139 @A: 28 15 11 29 | 02
#0766-d139 @A: 11 01 31 19 | 08
#0767-d139 @A: 11 35 20 28 | 04
#0768-d139 @A: 18 31 11 02 | 07
#0769-d139 @A: 09 11 08 15 | 06
#0770-d139 @A: 16 12 27 11 | 03
#0771-d139 @A: 16 13 11 05 | 11
#0772-d139 @A: 14 30 11 12 | 12
#0773-d139 @A: 35 15 11 14 | 05
#0774-d139 @A: 11 34 09 04 | 09
#0775-d139 @A: 35 04 24 11 | 10
#0776-d139 @A: 14 29 25 21 | 01
#0777-d139 @A: 03 10 21 29 | 02
#0778-d139 @A: 14 29 10 16 | 08
#0779-d139 @A: 12 16 29 13 | 04
#0780-d139 @A: 05 29 16 30 | 07
#0781-d139 @A: 29 27 12 09 | 06
#0782-d139 @A: 24 12 35 29 | 03
#0783-d139 @A: 03 31 30 29 | 11
#0784-d139 @A: 05 18 26 21 | 12
#0785-d139 @A: 08 21 12 18 | 05
#0786-d139 @A: 08 21 09 10 | 09
#0787-d139 @A: 35 21 15 20 | 10
#0788-d139 @A: 03 21 31 15 | 01
#0789-d139 @A: 21 35 24 13 | 02
#0790-d139 @A: 10 31 34 21 | 08
#0791-d139 @A: 04 01 28 12 | 04
#0792-d139 @A: 27 01 18 25 | 07
#0793-d139 @A: 14 31 01 30 | 06
#0794-d139 @A: 28 08 31 19 | 03
#0795-d139 @A: 13 19 10 28 | 11
#0796-d139 @A: 28 08 14 25 | 12
#0797-d139 @A: 10 14 28 26 | 05
#0798-d139 @A: 28 30 20 12 | 09
#0799-d139 @A: 20 31 34 28 | 10
#0800-d139 @A: 09 14 05 28 | 01
#0801-d139 @A: 28 30 27 04 | 02
#0802-d139 @A: 31 24 28 10 | 08
#0803-d139 @A: 19 26 03 18 | 04
#0804-d139 @A: 26 35 25 19 | 07
#0805-d139 @A: 24 19 26 04 | 06
#0806-d139 @A: 19 04 14 30 | 03
#0807-d139 @A: 24 09 19 27 | 11
#0808-d139 @A: 05 19 12 04 | 12
#0809-d139 @A: 20 05 18 24 | 05
#0810-d139 @A: 04 12 18 34 | 09
#0811-d139 @A: 18 13 09 04 | 10
#0812-d139 @A: 05 13 12 18 | 01
#0813-d139 @A: 13 34 18 24 | 02
#0814-d139 @A: 25 20 34 24 | 08
#0815-d139 @A: 27 25 04 14 | 04
#0816-d139 @A: 12 25 27 30 | 07
#0817-d139 @A: 25 30 05 04 | 06
#0818-d139 @A: 31 25 03 04 | 03
#0819-d139 @A: 30 25 03 15 | 11
#0820-d139 @A: 25 03 09 34 | 12
#0821-d139 @A: 27 02 14 12 | 05
#0822-d139 @A: 02 03 15 13 | 09
#0823-d139 @A: 16 04 08 09 | 10
#0824-d139 @A: 08 03 16 24 | 01
#0825-d139 @A: 08 15 34 05 | 02
#0826-d139 @A: 05 35 31 08 | 08
#0827-d139 @A: 20 12 10 35 | 04
#0828-d139 @A: 09 10 14 35 | 07
#0829-d139 @A: 10 30 35 13 | 06
#0830-d139 @A: 06 03 23 14 | 03
#0831-d139 @A: 30 17 06 32 | 11
#0832-d139 @A: 01 34 17 06 | 12
#0833-d139 @A: 02 11 30 06 | 05
#0834-d139 @A: 04 06 11 10 | 09
#0835-d139 @A: 28 05 06 04 | 10
#0836-d139 @A: 19 06 34 13 | 01
#0837-d139 @A: 06 34 18 26 | 02
#0838-d139 @A: 26 06 25 04 | 08
#0839-d139 @A: 13 12 25 06 | 04
#0840-d139 @A: 27 06 05 15 | 07
#0841-d139 @A: 23 14 17 01 | 06
#0842-d139 @A: 17 13 23 12 | 03
#0843-d139 @A: 23 12 17 10 | 11
#0844-d139 @A: 23 01 04 22 | 12
#0845-d139 @A: 19 31 23 22 | 05
#0846-d139 @A: 05 23 07 32 | 09
#0847-d139 @A: 32 29 28 23 | 10
#0848-d139 @A: 23 03 21 09 | 01
#0849-d139 @A: 23 19 15 01 | 02
#0850-d139 @A: 23 16 20 26 | 08
#0851-d139 @A: 30 20 31 23 | 04
#0852-d139 @A: 31 15 14 23 | 07
#0853-d139 @A: 03 12 05 23 | 06
#0854-d139 @A: 30 34 23 03 | 03
#0855-d139 @A: 34 17 33 29 | 11
#0856-d139 @A: 24 22 33 07 | 12
#0857-d139 @A: 22 32 03 33 | 05
#0858-d139 @A: 33 22 04 11 | 09
#0859-d139 @A: 22 19 33 21 | 10
#0860-d139 @A: 07 14 32 33 | 01
#0861-d139 @A: 01 07 34 33 | 02
#0862-d139 @A: 09 33 26 07 | 08
#0863-d139 @A: 05 08 33 19 | 04
#0864-d139 @A: 03 33 19 20 | 07
#0865-d139 @A: 34 33 27 20 | 06
#0866-d139 @A: 09 27 04 33 | 03
#0867-d139 @A: 34 35 22 17 | 11
#0868-d139 @A: 11 35 18 17 | 12
#0869-d139 @A: 12 11 17 20 | 05
#0870-d139 @A: 17 21 18 27 | 09
#0871-d139 @A: 27 02 01 17 | 10
#0872-d139 @A: 17 16 26 01 | 01
#0873-d139 @A: 28 35 17 08 | 02
#0874-d139 @A: 12 25 26 17 | 08
#0875-d139 @A: 25 13 20 17 | 04
#0876-d139 @A: 17 26 31 10 | 07
#0877-d139 @A: 17 03 27 31 | 06
#0878-d139 @A: 24 05 09 17 | 03
#0879-d139 @A: 29 04 07 22 | 11
#0880-d139 @A: 01 22 03 11 | 12
#0881-d139 @A: 29 21 22 15 | 05
#0882-d139 @A: 22 08 03 29 | 09
#0883-d139 @A: 35 18 21 22 | 10
#0884-d139 @A: 21 18 22 10 | 01
#0885-d139 @A: 18 13 01 22 | 02
#0886-d139 @A: 22 18 08 16 | 08
#0887-d139 @A: 22 03 12 18 | 04
#0888-d139 @A: 22 02 15 08 | 07
#0889-d139 @A: 27 22 16 05 | 06
#0890-d139 @A: 22 30 27 34 | 03
#0891-d139 @A: 22 04 05 03 | 11
#0892-d139 @A: 34 05 22 13 | 12
#0893-d139 @A: 07 11 03 28 | 05
#0894-d139 @A: 20 07 11 26 | 09
#0895-d139 @A: 29 03 35 07 | 10
#0896-d139 @A: 28 05 21 07 | 01
#0897-d139 @A: 01 10 07 27 | 02
#0898-d139 @A: 10 15 25 07 | 08
#0899-d139 @A: 31 02 07 12 | 04
#0900-d139 @A: 04 07 30 16 | 07
#0901-d139 @A: 12 15 07 24 | 06
#0902-d139 @A: 32 03 18 11 | 03
#0903-d139 @A: 34 32 29 21 | 11
#0904-d139 @A: 32 19 28 35 | 12
#0905-d139 @A: 32 19 26 09 | 05
#0906-d139 @A: 08 34 32 19 | 09
#0907-d139 @A: 09 32 02 18 | 10
#0908-d139 @A: 10 12 32 27 | 01
#0909-d139 @A: 24 29 02 11 | 02
#0910-d139 @A: 01 14 21 11 | 08
#0911-d139 @A: 18 21 19 11 | 04
#0912-d139 @A: 18 14 28 11 | 07
#0913-d139 @A: 28 04 26 11 | 06
#0914-d139 @A: 05 25 11 26 | 03
#0915-d139 @A: 15 13 11 26 | 11
#0916-d139 @A: 10 11 08 35 | 12
#0917-d139 @A: 09 11 16 14 | 05
#0918-d139 @A: 05 11 03 15 | 09
#0919-d139 @A: 13 11 30 35 | 10
#0920-d139 @A: 29 25 31 01 | 01
#0921-d139 @A: 01 08 29 09 | 02
#0922-d139 @A: 27 29 05 28 | 08
#0923-d139 @A: 25 19 29 34 | 04
#0924-d139 @A: 04 29 34 27 | 07
#0925-d139 @A: 29 12 04 03 | 06
#0926-d139 @A: 25 21 34 08 | 03
#0927-d139 @A: 21 31 12 04 | 11
#0928-d139 @A: 13 12 21 30 | 12
#0929-d139 @A: 15 09 24 21 | 05
#0930-d139 @A: 19 12 01 14 | 09
#0931-d139 @A: 30 05 20 01 | 10
#0932-d139 @A: 27 01 14 05 | 01
#0933-d139 @A: 04 01 12 10 | 02
#0934-d139 @A: 03 01 12 30 | 08
#0935-d139 @A: 19 18 34 28 | 04
#0936-d139 @A: 28 13 19 05 | 07
#0937-d139 @A: 28 35 02 04 | 06
#0938-d139 @A: 27 28 14 34 | 03
#0939-d139 @A: 20 16 19 24 | 11
#0940-d139 @A: 35 20 05 19 | 12
#0941-d139 @A: 20 30 19 15 | 05
#0942-d139 @A: 12 19 24 31 | 09
#0943-d139 @A: 19 31 15 05 | 10
#0944-d139 @A: 19 13 09 15 | 01
#0945-d139 @A: 18 13 30 02 | 02
#0946-d139 @A: 18 24 27 16 | 08
#0947-d139 @A: 14 13 27 18 | 04
#0948-d139 @A: 14 10 18 04 | 07
#0949-d139 @A: 31 18 24 03 | 06
#0950-d139 @A: 12 03 25 10 | 03
#0951-d139 @A: 30 13 34 25 | 11
#0952-d139 @A: 08 20 31 02 | 12
#0953-d139 @A: 02 31 10 04 | 05
#0954-d139 @A: 10 02 35 05 | 09
#0955-d139 @A: 24 02 03 35 | 10
#0956-d139 @A: 14 26 24 31 | 01
#0957-d139 @A: 12 34 35 26 | 02
#0958-d139 @A: 35 08 20 03 | 08
#0959-d139 @A: 14 10 15 20 | 04
#0960-d139 @A: 10 16 35 03 | 07
#0961-d139 @A: 07 23 06 29 | 06
#0962-d139 @A: 06 11 15 23 | 03
#0963-d139 @A: 09 23 06 26 | 11
#0964-d139 @A: 06 30 22 33 | 12
#0965-d139 @A: 13 28 06 22 | 05
#0966-d139 @A: 14 26 22 06 | 09
#0967-d139 @A: 08 06 07 31 | 10
#0968-d139 @A: 11 19 04 06 | 01
#0969-d139 @A: 18 06 16 11 | 02
#0970-d139 @A: 34 06 21 27 | 08
#0971-d139 @A: 04 08 01 06 | 04
#0972-d139 @A: 08 01 06 10 | 07
#0973-d139 @A: 19 06 28 03 | 06
#0974-d139 @A: 30 25 19 06 | 03
#0975-d139 @A: 02 06 35 34 | 11
#0976-d139 @A: 06 09 16 27 | 12
#0977-d139 @A: 05 06 13 31 | 05
#0978-d139 @A: 23 33 19 04 | 09
#0979-d139 @A: 22 20 23 11 | 10
#0980-d139 @A: 23 02 22 03 | 01
#0981-d139 @A: 07 23 25 21 | 02
#0982-d139 @A: 01 02 23 32 | 08
#0983-d139 @A: 32 31 23 13 | 04
#0984-d139 @A: 24 23 11 21 | 07
#0985-d139 @A: 23 11 09 01 | 06
#0986-d139 @A: 21 23 34 19 | 03
#0987-d139 @A: 02 05 19 23 | 11
#0988-d139 @A: 08 03 23 19 | 12
#0989-d139 @A: 23 35 14 12 | 05
#0990-d139 @A: 25 21 33 17 | 09
#0991-d139 @A: 17 28 30 33 | 10
#0992-d139 @A: 17 33 24 19 | 01
#0993-d139 @A: 14 33 19 11 | 02
#0994-d139 @A: 25 18 11 33 | 08
#0995-d139 @A: 21 05 29 33 | 04
#0996-d139 @A: 33 29 27 19 | 07
#0997-d139 @A: 29 13 33 02 | 06
#0998-d139 @A: 33 27 01 21 | 03
#0999-d139 @A: 04 33 01 16 | 11
#1000-d139 @A: 33 28 10 35 | 12
#1001-d139 @A: 19 33 02 15 | 05
#1002-d139 @A: 15 33 18 20 | 09
#1003-d139 @A: 04 30 33 18 | 10
#1004-d139 @A: 33 12 14 05 | 01
#1005-d139 @A: 12 27 31 33 | 02
#1006-d139 @A: 18 17 07 05 | 08
#1007-d139 @A: 32 12 17 21 | 04
#1008-d139 @A: 17 19 01 29 | 07
#1009-d139 @A: 12 17 29 28 | 06
#1010-d139 @A: 21 34 28 17 | 03
#1011-d139 @A: 25 17 19 18 | 11
#1012-d139 @A: 13 18 16 17 | 12
#1013-d139 @A: 17 35 26 02 | 05
#1014-d139 @A: 20 17 34 14 | 09
#1015-d139 @A: 15 12 17 04 | 10
#1016-d139 @A: 04 31 35 17 | 01
#1017-d139 @A: 10 05 34 17 | 02
#1018-d139 @A: 17 30 31 13 | 08
#1019-d139 @A: 30 22 07 11 | 04
#1020-d139 @A: 27 01 07 22 | 07
#1021-d139 @A: 22 08 35 07 | 06
#1022-d139 @A: 22 32 16 21 | 03
#1023-d139 @A: 28 12 22 14 | 11
#1024-d139 @A: 25 26 22 03 | 12
#1025-d139 @A: 08 22 25 31 | 05
#1026-d139 @A: 24 22 20 14 | 09
#1027-d139 @A: 15 13 14 22 | 10
#1028-d139 @A: 22 13 27 24 | 01
#1029-d139 @A: 07 04 32 26 | 02
#1030-d139 @A: 34 32 24 07 | 08
#1031-d139 @A: 24 07 14 28 | 04
#1032-d139 @A: 07 02 18 10 | 07
#1033-d139 @A: 13 02 07 27 | 06
#1034-d139 @A: 07 20 03 31 | 03
#1035-d139 @A: 07 31 04 13 | 11
#1036-d139 @A: 15 13 34 07 | 12
#1037-d139 @A: 31 15 35 07 | 05
#1038-d139 @A: 25 32 11 35 | 09
#1039-d139 @A: 08 13 29 32 | 10
#1040-d139 @A: 29 15 27 32 | 01
#1041-d139 @A: 32 08 31 18 | 02
#1042-d139 @A: 10 31 32 18 | 08
#1043-d139 @A: 32 16 30 09 | 04
#1044-d139 @A: 05 04 32 13 | 07
#1045-d139 @A: 12 31 30 32 | 06
#1046-d139 @A: 21 31 08 11 | 03
#1047-d139 @A: 10 19 11 26 | 11
#1048-d139 @A: 11 27 13 20 | 12
#1049-d139 @A: 27 11 09 35 | 05
#1050-d139 @A: 12 09 05 11 | 09
#1051-d139 @A: 24 05 11 31 | 10
#1052-d139 @A: 11 15 34 30 | 01
#1053-d139 @A: 03 09 30 11 | 02
#1054-d139 @A: 29 21 01 18 | 08
#1055-d139 @A: 28 24 19 29 | 04
#1056-d139 @A: 15 05 29 02 | 07
#1057-d139 @A: 12 29 30 26 | 06
#1058-d139 @A: 13 20 04 29 | 03
#1059-d139 @A: 27 30 29 14 | 11
#1060-d139 @A: 04 30 24 29 | 12
#1061-d139 @A: 30 15 13 29 | 05
#1062-d139 @A: 15 29 31 34 | 09
#1063-d139 @A: 09 35 29 30 | 10
#1064-d139 @A: 20 19 21 02 | 01
#1065-d139 @A: 04 19 08 21 | 02
#1066-d139 @A: 02 09 21 08 | 08
#1067-d139 @A: 05 21 20 09 | 04
#1068-d139 @A: 21 12 03 27 | 07
#1069-d139 @A: 10 21 04 30 | 06
#1070-d139 @A: 25 28 01 09 | 03
#1071-d139 @A: 16 02 01 15 | 11
#1072-d139 @A: 03 14 35 01 | 12
#1073-d139 @A: 01 34 05 31 | 05
#1074-d139 @A: 35 01 24 31 | 09
#1075-d139 @A: 25 15 18 28 | 10
#1076-d139 @A: 09 02 26 28 | 01
#1077-d139 @A: 30 10 28 12 | 02
#1078-d139 @A: 15 30 28 05 | 08
#1079-d139 @A: 28 34 15 09 | 04
#1080-d139 @A: 35 08 24 19 | 07
#1081-d139 @A: 20 19 27 31 | 06
#1082-d139 @A: 20 04 09 19 | 03
#1083-d139 @A: 27 19 15 14 | 11
#1084-d139 @A: 14 31 34 19 | 12
#1085-d139 @A: 10 31 09 19 | 05
#1086-d139 @A: 08 04 02 18 | 09
#1087-d139 @A: 16 20 18 04 | 10
#1088-d139 @A: 24 12 18 30 | 01
#1089-d139 @A: 10 16 31 25 | 02
#1090-d139 @A: 30 35 31 25 | 08
#1091-d139 @A: 27 34 02 09 | 04
#1092-d139 @A: 08 24 15 26 | 07
#1093-d139 @A: 26 30 27 13 | 06
#1094-d139 @A: 04 26 03 35 | 03
#1095-d139 @A: 12 08 35 04 | 11
#1096-d139 @A: 04 03 08 30 | 12
#1097-d139 @A: 03 08 12 09 | 05
#1098-d139 @A: 16 34 10 09 | 09
#1099-d139 @A: 10 03 27 14 | 10
#1100-d139 @A: 15 27 10 30 | 01
#1101-d139 @A: 23 06 28 01 | 02
#1102-d139 @A: 06 24 33 08 | 08
#1103-d139 @A: 06 17 09 29 | 04
#1104-d139 @A: 06 28 27 17 | 07
#1105-d139 @A: 02 06 17 24 | 06
#1106-d139 @A: 06 15 22 12 | 03
#1107-d139 @A: 11 06 07 13 | 11
#1108-d139 @A: 06 19 15 07 | 12
#1109-d139 @A: 15 04 29 06 | 05
#1110-d139 @A: 29 06 24 13 | 09
#1111-d139 @A: 24 14 06 01 | 10
#1112-d139 @A: 35 31 14 06 | 01
#1113-d139 @A: 06 04 27 03 | 02
#1114-d139 @A: 06 27 13 10 | 08
#1115-d139 @A: 34 30 12 06 | 04
#1116-d139 @A: 06 05 24 35 | 07
#1117-d139 @A: 15 30 06 24 | 06
#1118-d139 @A: 17 23 33 20 | 03
#1119-d139 @A: 23 22 12 32 | 11
#1120-d139 @A: 22 08 30 23 | 12
#1121-d139 @A: 03 07 01 23 | 05
#1122-d139 @A: 23 12 28 07 | 09
#1123-d139 @A: 26 23 07 10 | 10
#1124-d139 @A: 07 27 24 23 | 01
#1125-d139 @A: 32 21 23 20 | 02
#1126-d139 @A: 29 23 34 26 | 08
#1127-d139 @A: 18 23 21 02 | 04
#1128-d139 @A: 23 31 27 21 | 07
#1129-d139 @A: 08 23 25 04 | 06
#1130-d139 @A: 20 12 15 23 | 03
#1131-d139 @A: 09 15 16 23 | 11
#1132-d139 @A: 27 23 03 35 | 12
#1133-d139 @A: 03 17 33 12 | 05
#1134-d139 @A: 05 17 31 33 | 09
#1135-d139 @A: 34 33 22 28 | 10
#1136-d139 @A: 14 25 22 33 | 01
#1137-d139 @A: 07 29 15 33 | 02
#1138-d139 @A: 25 32 33 15 | 08
#1139-d139 @A: 26 32 33 34 | 04
#1140-d139 @A: 34 31 11 33 | 07
#1141-d139 @A: 33 04 29 26 | 06
#1142-d139 @A: 16 09 33 21 | 03
#1143-d139 @A: 18 01 33 03 | 11
#1144-d139 @A: 26 33 15 28 | 12
#1145-d139 @A: 33 08 12 28 | 05
#1146-d139 @A: 33 24 20 28 | 09
#1147-d139 @A: 33 24 14 04 | 10
#1148-d139 @A: 09 33 14 15 | 01
#1149-d139 @A: 05 03 27 33 | 02
#1150-d139 @A: 05 27 10 33 | 08
#1151-d139 @A: 10 34 12 33 | 04
#1152-d139 @A: 30 33 35 34 | 07
#1153-d139 @A: 17 07 32 27 | 06
#1154-d139 @A: 01 30 07 17 | 03
#1155-d139 @A: 13 32 34 17 | 11
#1156-d139 @A: 16 29 24 17 | 12
#1157-d139 @A: 02 15 21 17 | 05
#1158-d139 @A: 17 24 21 03 | 09
#1159-d139 @A: 03 17 28 18 | 10
#1160-d139 @A: 17 20 05 15 | 01
#1161-d139 @A: 13 35 14 17 | 02
#1162-d139 @A: 17 09 30 12 | 08
#1163-d139 @A: 07 22 25 28 | 04
#1164-d139 @A: 01 19 22 35 | 07
#1165-d139 @A: 22 31 26 28 | 06
#1166-d139 @A: 22 18 25 04 | 03
#1167-d139 @A: 22 15 26 10 | 11
#1168-d139 @A: 31 27 22 15 | 12
#1169-d139 @A: 32 08 09 07 | 05
#1170-d139 @A: 07 11 27 25 | 09
#1171-d139 @A: 07 29 13 21 | 10
#1172-d139 @A: 18 07 28 31 | 01
#1173-d139 @A: 07 04 19 18 | 02
#1174-d139 @A: 07 18 26 27 | 08
#1175-d139 @A: 07 15 25 02 | 04
#1176-d139 @A: 07 26 12 05 | 07
#1177-d139 @A: 12 10 07 08 | 06
#1178-d139 @A: 31 16 07 34 | 03
#1179-d139 @A: 07 14 31 27 | 11
#1180-d139 @A: 30 13 07 03 | 12
#1181-d139 @A: 28 11 24 32 | 05
#1182-d139 @A: 04 11 20 32 | 09
#1183-d139 @A: 29 26 32 14 | 10
#1184-d139 @A: 21 26 31 32 | 01
#1185-d139 @A: 27 21 08 32 | 02
#1186-d139 @A: 19 24 32 02 | 08
#1187-d139 @A: 27 32 20 12 | 04
#1188-d139 @A: 30 03 32 20 | 07
#1189-d139 @A: 32 31 03 34 | 06
#1190-d139 @A: 11 21 29 30 | 03
#1191-d139 @A: 05 27 21 11 | 11
#1192-d139 @A: 10 34 11 21 | 12
#1193-d139 @A: 11 25 01 30 | 05
#1194-d139 @A: 08 11 19 26 | 09
#1195-d139 @A: 10 11 18 35 | 10
#1196-d139 @A: 04 12 25 11 | 01
#1197-d139 @A: 11 34 08 02 | 02
#1198-d139 @A: 11 10 09 05 | 08
#1199-d139 @A: 13 09 11 24 | 04
#1200-d139 @A: 28 10 02 29 | 07
#1201-d139 @A: 35 28 29 26 | 06
#1202-d139 @A: 19 09 31 29 | 03
#1203-d139 @A: 20 02 29 26 | 11
#1204-d139 @A: 29 14 05 13 | 12
#1205-d139 @A: 34 26 02 21 | 05
#1206-d139 @A: 21 14 30 05 | 09
#1207-d139 @A: 09 21 31 14 | 10
#1208-d139 @A: 28 01 19 16 | 01
#1209-d139 @A: 18 01 26 04 | 02
#1210-d139 @A: 18 15 12 01 | 08
#1211-d139 @A: 01 10 18 15 | 04
#1212-d139 @A: 25 01 04 02 | 07
#1213-d139 @A: 16 14 01 25 | 06
#1214-d139 @A: 12 01 05 16 | 03
#1215-d139 @A: 13 10 16 01 | 11
#1216-d139 @A: 27 20 18 28 | 12
#1217-d139 @A: 03 14 28 13 | 05
#1218-d139 @A: 14 02 18 19 | 09
#1219-d139 @A: 19 15 25 08 | 10
#1220-d139 @A: 19 34 16 15 | 01
#1221-d139 @A: 15 05 18 14 | 02
#1222-d139 @A: 09 18 03 05 | 08
#1223-d139 @A: 35 18 15 13 | 04
#1224-d139 @A: 25 20 35 12 | 07
#1225-d139 @A: 10 34 25 14 | 06
#1226-d139 @A: 35 24 25 14 | 03
#1227-d139 @A: 03 31 26 02 | 11
#1228-d139 @A: 04 02 20 05 | 12
#1229-d139 @A: 15 02 20 09 | 05
#1230-d139 @A: 05 31 02 16 | 09
#1231-d139 @A: 14 02 10 05 | 10
#1232-d139 @A: 31 34 30 02 | 01
#1233-d139 @A: 13 03 10 02 | 02
#1234-d139 @A: 04 08 26 13 | 08
#1235-d139 @A: 26 27 03 16 | 04
#1236-d139 @A: 03 30 26 14 | 07
#1237-d139 @A: 05 31 26 04 | 06
#1238-d139 @A: 04 15 26 34 | 03
#1239-d139 @A: 09 26 10 24 | 11
#1240-d139 @A: 16 30 08 10 | 12
#1241-d139 @A: 08 13 27 03 | 05
#1242-d139 @A: 34 24 08 31 | 09
#1243-d139 @A: 04 10 24 34 | 10
#1244-d139 @A: 04 06 33 21 | 01
#1245-d139 @A: 06 33 01 19 | 02
#1246-d139 @A: 06 09 03 33 | 08
#1247-d139 @A: 17 07 06 04 | 04
#1248-d139 @A: 07 06 20 28 | 07
#1249-d139 @A: 32 06 12 18 | 06
#1250-d139 @A: 06 02 28 29 | 03
#1251-d139 @A: 14 06 18 29 | 11
#1252-d139 @A: 20 06 30 29 | 12
#1253-d139 @A: 10 06 27 21 | 05
#1254-d139 @A: 28 30 08 06 | 09
#1255-d139 @A: 18 05 06 19 | 10
#1256-d139 @A: 05 10 06 12 | 01
#1257-d139 @A: 03 12 31 06 | 02
#1258-d139 @A: 31 06 09 15 | 08
#1259-d139 @A: 08 33 09 23 | 04
#1260-d139 @A: 22 27 23 28 | 07
#1261-d139 @A: 23 22 13 25 | 06
#1262-d139 @A: 15 26 22 23 | 03
#1263-d139 @A: 15 04 07 23 | 11
#1264-d139 @A: 09 25 32 23 | 12
#1265-d139 @A: 16 11 23 25 | 05
#1266-d139 @A: 04 29 23 21 | 09
#1267-d139 @A: 23 15 25 29 | 10
#1268-d139 @A: 01 23 18 31 | 01
#1269-d139 @A: 01 26 23 05 | 02
#1270-d139 @A: 19 23 28 20 | 08
#1271-d139 @A: 23 35 15 28 | 04
#1272-d139 @A: 23 19 09 30 | 07
#1273-d139 @A: 26 23 18 30 | 06
#1274-d139 @A: 02 23 08 24 | 03
#1275-d139 @A: 31 24 04 23 | 11
#1276-d139 @A: 33 01 09 17 | 12
#1277-d139 @A: 12 33 22 29 | 05
#1278-d139 @A: 13 26 22 33 | 09
#1279-d139 @A: 33 32 16 29 | 10
#1280-d139 @A: 30 32 21 33 | 01
#1281-d139 @A: 27 32 28 33 | 02
#1282-d139 @A: 13 32 19 33 | 08
#1283-d139 @A: 09 29 11 33 | 04
#1284-d139 @A: 26 11 33 12 | 07
#1285-d139 @A: 11 16 03 33 | 06
#1286-d139 @A: 03 33 29 28 | 03
#1287-d139 @A: 18 33 29 24 | 11
#1288-d139 @A: 21 14 18 33 | 12
#1289-d139 @A: 02 33 01 14 | 05
#1290-d139 @A: 28 09 18 33 | 09
#1291-d139 @A: 26 33 19 16 | 10
#1292-d139 @A: 33 12 19 34 | 01
#1293-d139 @A: 25 33 04 34 | 02
#1294-d139 @A: 30 09 33 02 | 08
#1295-d139 @A: 20 33 16 13 | 04
#1296-d139 @A: 20 14 33 30 | 07
#1297-d139 @A: 14 34 16 33 | 06
#1298-d139 @A: 31 03 33 14 | 03
#1299-d139 @A: 09 05 34 33 | 11
#1300-d139 @A: 10 31 15 33 | 12
#1301-d139 @A: 35 33 24 09 | 05
#1302-d139 @A: 31 07 17 29 | 09
#1303-d139 @A: 07 17 14 25 | 10
#1304-d139 @A: 17 03 07 02 | 01
#1305-d139 @A: 15 07 26 17 | 02
#1306-d139 @A: 17 07 20 35 | 08
#1307-d139 @A: 17 25 05 32 | 04
#1308-d139 @A: 17 11 04 01 | 07
#1309-d139 @A: 10 01 11 17 | 06
#1310-d139 @A: 29 17 08 15 | 03
#1311-d139 @A: 35 05 17 29 | 11
#1312-d139 @A: 10 29 24 17 | 12
#1313-d139 @A: 17 25 34 02 | 05
#1314-d139 @A: 16 25 08 17 | 09
#1315-d139 @A: 31 17 24 20 | 10
#1316-d139 @A: 14 04 09 17 | 01
#1317-d139 @A: 15 27 17 13 | 02
#1318-d139 @A: 15 17 03 34 | 08
#1319-d139 @A: 10 03 17 09 | 04
#1320-d139 @A: 34 31 17 09 | 07
#1321-d139 @A: 26 35 32 22 | 06
#1322-d139 @A: 34 09 32 22 | 03
#1323-d139 @A: 29 34 02 22 | 11
#1324-d139 @A: 01 22 15 25 | 12
#1325-d139 @A: 02 28 22 18 | 05
#1326-d139 @A: 20 18 22 26 | 09
#1327-d139 @A: 34 31 18 22 | 10
#1328-d139 @A: 25 05 20 22 | 01
#1329-d139 @A: 27 22 04 26 | 02
#1330-d139 @A: 22 03 20 27 | 08
#1331-d139 @A: 31 22 24 16 | 04
#1332-d139 @A: 22 24 35 15 | 07
#1333-d139 @A: 24 08 21 07 | 06
#1334-d139 @A: 16 21 10 07 | 03
#1335-d139 @A: 01 14 07 18 | 11
#1336-d139 @A: 25 07 24 16 | 12
#1337-d139 @A: 15 14 30 07 | 05
#1338-d139 @A: 14 07 03 09 | 09
#1339-d139 @A: 09 27 07 30 | 10
#1340-d139 @A: 32 25 29 20 | 01
#1341-d139 @A: 21 13 28 32 | 02
#1342-d139 @A: 34 32 25 01 | 08
#1343-d139 @A: 32 25 13 26 | 04
#1344-d139 @A: 35 32 02 30 | 07
#1345-d139 @A: 26 05 32 16 | 06
#1346-d139 @A: 32 27 30 24 | 03
#1347-d139 @A: 24 32 04 12 | 11
#1348-d139 @A: 24 35 32 10 | 12
#1349-d139 @A: 11 29 35 08 | 05
#1350-d139 @A: 01 28 27 11 | 09
#1351-d139 @A: 18 04 05 11 | 10
#1352-d139 @A: 04 13 11 14 | 01
#1353-d139 @A: 19 04 02 29 | 02
#1354-d139 @A: 25 29 09 02 | 08
#1355-d139 @A: 26 29 25 16 | 04
#1356-d139 @A: 29 31 20 16 | 07
#1357-d139 @A: 03 29 05 20 | 06
#1358-d139 @A: 34 14 35 29 | 03
#1359-d139 @A: 13 31 29 27 | 11
#1360-d139 @A: 03 19 01 21 | 12
#1361-d139 @A: 24 28 26 21 | 05
#1362-d139 @A: 25 19 21 24 | 09
#1363-d139 @A: 12 19 21 09 | 10
#1364-d139 @A: 13 21 09 27 | 01
#1365-d139 @A: 04 34 21 05 | 02
#1366-d139 @A: 34 02 19 01 | 08
#1367-d139 @A: 12 01 08 25 | 04
#1368-d139 @A: 03 20 16 01 | 07
#1369-d139 @A: 01 27 04 20 | 06
#1370-d139 @A: 20 35 34 01 | 03
#1371-d139 @A: 14 13 01 34 | 11
#1372-d139 @A: 19 02 12 28 | 12
#1373-d139 @A: 28 05 20 16 | 05
#1374-d139 @A: 12 13 15 28 | 09
#1375-d139 @A: 31 28 30 24 | 10
#1376-d139 @A: 09 03 19 16 | 01
#1377-d139 @A: 24 19 14 13 | 02
#1378-d139 @A: 04 19 34 03 | 08
#1379-d139 @A: 15 03 12 19 | 04
#1380-d139 @A: 19 35 31 03 | 07
#1381-d139 @A: 05 18 25 10 | 06
#1382-d139 @A: 30 14 18 34 | 03
#1383-d139 @A: 34 25 15 14 | 11
#1384-d139 @A: 35 13 04 25 | 12
#1385-d139 @A: 14 35 20 02 | 05
#1386-d139 @A: 20 13 34 02 | 09
#1387-d139 @A: 27 35 02 05 | 10
#1388-d139 @A: 03 09 04 02 | 01
#1389-d139 @A: 04 14 26 20 | 02
#1390-d139 @A: 12 24 26 20 | 08
#1391-d139 @A: 26 20 13 35 | 04
#1392-d139 @A: 26 27 15 12 | 07
#1393-d139 @A: 31 35 27 26 | 06
#1394-d139 @A: 13 26 34 31 | 03
#1395-d139 @A: 10 03 34 26 | 11
#1396-d139 @A: 27 05 24 08 | 12
#1397-d139 @A: 08 10 27 31 | 05
#1398-d139 @A: 33 06 31 23 | 09
#1399-d139 @A: 23 06 13 08 | 10
#1400-d139 @A: 06 16 33 17 | 01
#1401-d139 @A: 35 29 33 06 | 02
#1402-d139 @A: 33 25 06 20 | 08
#1403-d139 @A: 06 14 17 11 | 04
#1404-d139 @A: 31 21 06 17 | 07
#1405-d139 @A: 10 30 06 17 | 06
#1406-d139 @A: 11 27 08 06 | 03
#1407-d139 @A: 06 02 13 21 | 11
#1408-d139 @A: 06 25 08 03 | 12
#1409-d139 @A: 06 14 05 25 | 05
#1410-d139 @A: 16 06 13 14 | 09
#1411-d139 @A: 06 35 04 16 | 10
#1412-d139 @A: 06 31 16 30 | 01
#1413-d139 @A: 09 06 30 14 | 02
#1414-d139 @A: 30 27 35 06 | 08
#1415-d139 @A: 05 06 03 30 | 04
#1416-d139 @A: 24 33 23 32 | 07
#1417-d139 @A: 23 33 15 21 | 06
#1418-d139 @A: 23 18 12 33 | 03
#1419-d139 @A: 08 23 17 31 | 11
#1420-d139 @A: 18 23 20 07 | 12
#1421-d139 @A: 20 10 32 23 | 05
#1422-d139 @A: 11 23 08 12 | 09
#1423-d139 @A: 03 23 15 18 | 10
#1424-d139 @A: 26 31 23 25 | 01
#1425-d139 @A: 34 05 20 23 | 02
#1426-d139 @A: 31 03 16 23 | 08
#1427-d139 @A: 12 04 23 09 | 04
#1428-d139 @A: 30 23 35 05 | 07
#1429-d139 @A: 23 24 13 30 | 06
#1430-d139 @A: 33 22 05 15 | 03
#1431-d139 @A: 33 28 07 19 | 11
#1432-d139 @A: 05 33 07 02 | 12
#1433-d139 @A: 33 20 08 07 | 05
#1434-d139 @A: 13 33 21 11 | 09
#1435-d139 @A: 26 21 33 20 | 10
#1436-d139 @A: 21 24 33 34 | 01
#1437-d139 @A: 33 25 01 13 | 02
#1438-d139 @A: 33 28 25 16 | 08
#1439-d139 @A: 33 27 24 15 | 04
#1440-d139 @A: 33 35 27 13 | 07
#1441-d139 @A: 22 08 17 05 | 06
#1442-d139 @A: 04 17 10 07 | 03
#1443-d139 @A: 15 32 19 17 | 11
#1444-d139 @A: 10 02 32 17 | 12
#1445-d139 @A: 11 17 19 27 | 05
#1446-d139 @A: 03 17 11 08 | 09
#1447-d139 @A: 17 04 29 25 | 10
#1448-d139 @A: 17 01 05 21 | 01
#1449-d139 @A: 17 20 02 28 | 02
#1450-d139 @A: 17 18 02 12 | 08
#1451-d139 @A: 09 26 27 17 | 04
#1452-d139 @A: 17 27 04 08 | 07
#1453-d139 @A: 17 20 09 16 | 06
#1454-d139 @A: 15 14 17 24 | 03
#1455-d139 @A: 17 15 35 09 | 11
#1456-d139 @A: 13 09 17 03 | 12
#1457-d139 @A: 22 07 26 16 | 05
#1458-d139 @A: 32 04 22 28 | 09
#1459-d139 @A: 32 10 05 22 | 10
#1460-d139 @A: 27 11 29 22 | 01
#1461-d139 @A: 03 28 22 21 | 02
#1462-d139 @A: 21 22 02 27 | 08
#1463-d139 @A: 12 01 22 26 | 04
#1464-d139 @A: 03 22 10 01 | 07
#1465-d139 @A: 22 15 28 19 | 06
#1466-d139 @A: 28 09 22 08 | 03
#1467-d139 @A: 05 02 26 22 | 11
#1468-d139 @A: 12 09 22 16 | 12
#1469-d139 @A: 10 16 15 22 | 05
#1470-d139 @A: 12 35 27 22 | 09
#1471-d139 @A: 12 04 22 30 | 10
#1472-d139 @A: 12 32 07 29 | 01
#1473-d139 @A: 18 13 32 07 | 02
#1474-d139 @A: 34 11 07 21 | 08
#1475-d139 @A: 15 11 01 07 | 04
#1476-d139 @A: 11 05 07 19 | 07
#1477-d139 @A: 07 29 30 28 | 06
#1478-d139 @A: 01 07 21 04 | 03
#1479-d139 @A: 07 13 01 16 | 11
#1480-d139 @A: 25 13 08 07 | 12
#1481-d139 @A: 25 04 20 07 | 05
#1482-d139 @A: 20 07 30 10 | 09
#1483-d139 @A: 16 27 15 07 | 10
#1484-d139 @A: 07 12 14 13 | 01
#1485-d139 @A: 31 07 24 09 | 02
#1486-d139 @A: 11 32 26 30 | 08
#1487-d139 @A: 32 11 27 31 | 04
#1488-d139 @A: 15 32 01 21 | 07
#1489-d139 @A: 35 32 27 01 | 06
#1490-d139 @A: 28 26 32 03 | 03
#1491-d139 @A: 08 28 32 16 | 11
#1492-d139 @A: 32 31 15 28 | 12
#1493-d139 @A: 10 08 32 25 | 05
#1494-d139 @A: 13 10 32 26 | 09
#1495-d139 @A: 34 32 14 12 | 10
#1496-d139 @A: 04 11 29 16 | 01
#1497-d139 @A: 12 11 28 21 | 02
#1498-d139 @A: 35 26 11 01 | 08
#1499-d139 @A: 11 16 08 01 | 04
#1500-d139 @A: 11 25 34 28 | 07
#1501-d139 @A: 11 09 26 18 | 06
#1502-d139 @A: 26 27 11 02 | 03
#1503-d139 @A: 27 11 24 14 | 11
#1504-d139 @A: 12 10 31 11 | 12
#1505-d139 @A: 03 13 31 11 | 05
#1506-d139 @A: 31 29 28 14 | 09
#1507-d139 @A: 29 10 19 12 | 10
#1508-d139 @A: 29 26 10 18 | 01
#1509-d139 @A: 10 29 27 04 | 02
#1510-d139 @A: 04 29 09 05 | 08
#1511-d139 @A: 21 01 26 09 | 04
#1512-d139 @A: 10 01 26 21 | 07
#1513-d139 @A: 18 21 04 28 | 06
#1514-d139 @A: 19 15 26 21 | 03
#1515-d139 @A: 03 18 30 21 | 11
#1516-d139 @A: 25 16 21 12 | 12
#1517-d139 @A: 21 34 13 16 | 05
#1518-d139 @A: 03 21 14 34 | 09
#1519-d139 @A: 21 04 24 27 | 10
#1520-d139 @A: 24 01 28 08 | 01
#1521-d139 @A: 01 28 13 20 | 02
#1522-d139 @A: 01 02 26 13 | 08
#1523-d139 @A: 02 24 30 01 | 04
#1524-d139 @A: 03 16 30 28 | 07
#1525-d139 @A: 04 28 24 03 | 06
#1526-d139 @A: 10 15 28 03 | 03
#1527-d139 @A: 31 13 28 35 | 11
#1528-d139 @A: 18 03 10 19 | 12
#1529-d139 @A: 19 20 25 14 | 05
#1530-d139 @A: 19 10 25 16 | 09
#1531-d139 @A: 13 25 03 19 | 10
#1532-d139 @A: 08 10 02 19 | 01
#1533-d139 @A: 14 16 05 19 | 02
#1534-d139 @A: 30 19 10 14 | 08
#1535-d139 @A: 09 35 14 19 | 04
#1536-d139 @A: 19 27 35 34 | 07
#1537-d139 @A: 04 19 15 35 | 06
#1538-d139 @A: 35 19 34 10 | 03
#1539-d139 @A: 20 25 02 18 | 11
#1540-d139 @A: 08 14 35 18 | 12
#1541-d139 @A: 18 20 03 13 | 05
#1542-d139 @A: 16 18 05 35 | 09
#1543-d139 @A: 27 09 15 18 | 10
#1544-d139 @A: 10 09 30 18 | 01
#1545-d139 @A: 13 27 05 25 | 02
#1546-d139 @A: 25 27 35 10 | 08
#1547-d139 @A: 30 20 02 16 | 04
#1548-d139 @A: 03 16 14 02 | 07
#1549-d139 @A: 24 04 16 02 | 06
#1550-d139 @A: 26 30 08 20 | 03
#1551-d139 @A: 12 26 09 14 | 11
#1552-d139 @A: 16 13 08 30 | 12
#1553-d139 @A: 20 10 04 09 | 05
#1554-d139 @A: 23 24 06 19 | 09
#1555-d139 @A: 23 18 06 04 | 10
#1556-d139 @A: 23 06 12 27 | 01
#1557-d139 @A: 06 12 08 17 | 02
#1558-d139 @A: 22 29 06 31 | 08
#1559-d139 @A: 22 24 21 06 | 04
#1560-d139 @A: 01 16 06 22 | 07
#1561-d139 @A: 06 25 07 09 | 06
#1562-d139 @A: 34 28 32 06 | 03
#1563-d139 @A: 32 28 10 06 | 11
#1564-d139 @A: 12 35 06 11 | 12
#1565-d139 @A: 09 18 06 21 | 05
#1566-d139 @A: 13 06 09 01 | 09
#1567-d139 @A: 02 34 10 06 | 10
#1568-d139 @A: 20 06 26 31 | 01
#1569-d139 @A: 06 08 20 16 | 02
#1570-d139 @A: 05 06 20 12 | 08
#1571-d139 @A: 15 06 20 13 | 04
#1572-d139 @A: 06 04 30 13 | 07
#1573-d139 @A: 31 10 03 06 | 06
#1574-d139 @A: 17 23 35 25 | 03
#1575-d139 @A: 32 26 23 27 | 11
#1576-d139 @A: 13 11 18 23 | 12
#1577-d139 @A: 29 23 18 09 | 05
#1578-d139 @A: 23 10 29 05 | 09
#1579-d139 @A: 21 23 35 08 | 10
#1580-d139 @A: 01 34 23 08 | 01
#1581-d139 @A: 01 27 23 30 | 02
#1582-d139 @A: 23 08 24 10 | 08
#1583-d139 @A: 23 27 04 05 | 04
#1584-d139 @A: 09 35 23 34 | 07
#1585-d139 @A: 32 35 17 33 | 06
#1586-d139 @A: 02 35 22 33 | 03
#1587-d139 @A: 33 18 32 05 | 11
#1588-d139 @A: 30 19 31 33 | 12
#1589-d139 @A: 33 27 26 25 | 05
#1590-d139 @A: 26 33 24 02 | 09
#1591-d139 @A: 22 07 17 12 | 10
#1592-d139 @A: 04 17 19 22 | 01
#1593-d139 @A: 25 27 22 17 | 02
#1594-d139 @A: 17 16 22 15 | 08
#1595-d139 @A: 24 08 32 17 | 04
#1596-d139 @A: 11 30 05 17 | 07
#1597-d139 @A: 03 17 26 29 | 06
#1598-d139 @A: 17 26 21 04 | 03
#1599-d139 @A: 05 17 28 26 | 11
#1600-d139 @A: 10 18 13 17 | 12
#1601-d139 @A: 04 17 03 20 | 05
#1602-d139 @A: 14 16 30 17 | 09
#1603-d139 @A: 14 12 17 31 | 10
#1604-d139 @A: 07 09 22 18 | 01
#1605-d139 @A: 18 29 22 32 | 02
#1606-d139 @A: 11 22 14 34 | 08
#1607-d139 @A: 27 22 11 10 | 04
#1608-d139 @A: 22 01 05 29 | 07
#1609-d139 @A: 29 25 22 35 | 06
#1610-d139 @A: 34 21 22 01 | 03
#1611-d139 @A: 05 22 35 28 | 11
#1612-d139 @A: 22 25 30 16 | 12
#1613-d139 @A: 24 22 04 08 | 05
#1614-d139 @A: 22 14 35 04 | 09
#1615-d139 @A: 19 07 30 32 | 10
#1616-d139 @A: 25 03 07 32 | 01
#1617-d139 @A: 02 09 07 11 | 02
#1618-d139 @A: 07 29 18 34 | 08
#1619-d139 @A: 07 09 20 01 | 04
#1620-d139 @A: 13 07 26 28 | 07
#1621-d139 @A: 07 27 35 28 | 06
#1622-d139 @A: 09 07 28 04 | 03
#1623-d139 @A: 02 04 07 14 | 11
#1624-d139 @A: 08 12 07 30 | 12
#1625-d139 @A: 27 34 05 07 | 05
#1626-d139 @A: 07 12 09 35 | 09
#1627-d139 @A: 25 32 28 12 | 10
#1628-d139 @A: 34 16 32 20 | 01
#1629-d139 @A: 04 27 16 32 | 02
#1630-d139 @A: 05 35 14 32 | 08
#1631-d139 @A: 10 32 09 15 | 04
#1632-d139 @A: 32 13 03 24 | 07
#1633-d139 @A: 11 29 01 12 | 06
#1634-d139 @A: 31 11 26 29 | 03
#1635-d139 @A: 08 11 28 05 | 11
#1636-d139 @A: 11 16 30 19 | 12
#1637-d139 @A: 11 15 24 19 | 05
#1638-d139 @A: 11 25 13 02 | 09
#1639-d139 @A: 20 11 03 14 | 10
#1640-d139 @A: 21 19 35 29 | 01
#1641-d139 @A: 29 01 24 27 | 02
#1642-d139 @A: 08 12 29 02 | 08
#1643-d139 @A: 24 20 15 29 | 04
#1644-d139 @A: 09 34 29 13 | 07
#1645-d139 @A: 35 25 02 21 | 06
#1646-d139 @A: 21 25 05 31 | 03
#1647-d139 @A: 21 15 05 16 | 11
#1648-d139 @A: 16 21 30 24 | 12
#1649-d139 @A: 24 14 21 12 | 05
#1650-d139 @A: 10 21 12 14 | 09
#1651-d139 @A: 34 09 30 21 | 10
#1652-d139 @A: 35 28 01 18 | 01
#1653-d139 @A: 14 26 28 01 | 02
#1654-d139 @A: 19 09 18 01 | 08
#1655-d139 @A: 05 25 19 01 | 04
#1656-d139 @A: 26 01 19 20 | 07
#1657-d139 @A: 02 08 01 35 | 06
#1658-d139 @A: 31 01 03 08 | 03
#1659-d139 @A: 12 09 01 34 | 11
#1660-d139 @A: 01 15 13 31 | 12
#1661-d139 @A: 31 10 01 35 | 05
#1662-d139 @A: 20 03 09 28 | 09
#1663-d139 @A: 28 04 16 10 | 10
#1664-d139 @A: 30 28 35 14 | 01
#1665-d139 @A: 04 13 28 34 | 02
#1666-d139 @A: 30 02 26 19 | 08
#1667-d139 @A: 30 19 05 27 | 04
#1668-d139 @A: 34 15 18 02 | 07
#1669-d139 @A: 16 15 18 30 | 06
#1670-d139 @A: 18 09 14 24 | 03
#1671-d139 @A: 15 18 04 24 | 11
#1672-d139 @A: 15 26 09 25 | 12
#1673-d139 @A: 25 09 08 27 | 05
#1674-d139 @A: 27 16 25 20 | 09
#1675-d139 @A: 20 30 25 09 | 10
#1676-d139 @A: 35 25 03 05 | 01
#1677-d139 @A: 10 02 12 26 | 02
#1678-d139 @A: 27 03 02 30 | 08
#1679-d139 @A: 02 30 05 12 | 04
#1680-d139 @A: 02 31 35 09 | 07
#1681-d139 @A: 03 20 15 26 | 06
#1682-d139 @A: 15 14 26 16 | 03
#1683-d139 @A: 31 26 16 09 | 11
#1684-d139 @A: 12 03 26 13 | 12
#1685-d139 @A: 08 14 20 12 | 05
#1686-d139 @A: 08 15 14 03 | 09
#1687-d139 @A: 30 27 08 31 | 10
#1688-d139 @A: 27 24 10 03 | 01
#1689-d139 @A: 13 10 15 12 | 02
