#0001-d156 @A: 29 18 34 13 | 11
#0002-d156 @A: 20 29 17 13 | 02
#0003-d156 @A: 10 08 29 32 | 03
#0004-d156 @A: 10 29 19 27 | 06
#0005-d156 @A: 12 29 06 05 | 04
#0006-d156 @A: 32 14 03 29 | 07
#0007-d156 @A: 31 19 01 29 | 08
#0008-d156 @A: 29 22 17 07 | 01
#0009-d156 @A: 04 20 18 29 | 12
#0010-d156 @A: 34 23 29 26 | 05
#0011-d156 @A: 29 04 02 27 | 10
#0012-d156 @A: 03 29 30 21 | 09
#0013-d156 @A: 11 25 29 15 | 11
#0014-d156 @A: 22 25 29 20 | 02
#0015-d156 @A: 13 09 08 05 | 03
#0016-d156 @A: 31 34 13 08 | 06
#0017-d156 @A: 31 23 05 13 | 04
#0018-d156 @A: 17 27 01 13 | 07
#0019-d156 @A: 27 02 07 13 | 08
#0020-d156 @A: 13 21 09 34 | 01
#0021-d156 @A: 35 32 13 26 | 12
#0022-d156 @A: 09 24 13 25 | 05
#0023-d156 @A: 10 08 07 28 | 10
#0024-d156 @A: 08 18 10 20 | 09
#0025-d156 @A: 34 12 10 02 | 11
#0026-d156 @A: 28 10 32 05 | 02
#0027-d156 @A: 14 10 16 17 | 03
#0028-d156 @A: 10 18 25 01 | 06
#0029-d156 @A: 31 17 10 01 | 04
#0030-d156 @A: 22 10 34 28 | 07
#0031-d156 @A: 06 19 10 02 | 08
#0032-d156 @A: 15 06 03 10 | 01
#0033-d156 @A: 26 28 10 03 | 12
#0034-d156 @A: 06 10 26 32 | 05
#0035-d156 @A: 06 23 10 20 | 10
#0036-d156 @A: 28 10 17 26 | 09
#0037-d156 @A: 27 32 10 11 | 11
#0038-d156 @A: 09 11 30 10 | 02
#0039-d156 @A: 10 35 15 28 | 03
#0040-d156 @A: 10 27 20 35 | 06
#0041-d156 @A: 07 14 33 08 | 04
#0042-d156 @A: 31 02 08 33 | 07
#0043-d156 @A: 33 21 08 28 | 08
#0044-d156 @A: 26 05 24 08 | 01
#0045-d156 @A: 18 02 08 01 | 12
#0046-d156 @A: 26 01 19 08 | 05
#0047-d156 @A: 18 09 08 21 | 10
#0048-d156 @A: 22 16 18 08 | 09
#0049-d156 @A: 34 02 11 08 | 11
#0050-d156 @A: 17 35 34 08 | 02
#0051-d156 @A: 03 08 11 17 | 03
#0052-d156 @A: 08 11 19 24 | 06
#0053-d156 @A: 11 22 04 08 | 04
#0054-d156 @A: 16 08 35 15 | 07
#0055-d156 @A: 04 19 08 15 | 08
#0056-d156 @A: 04 06 33 05 | 01
#0057-d156 @A: 22 14 33 30 | 12
#0058-d156 @A: 25 07 16 33 | 05
#0059-d156 @A: 17 33 34 30 | 10
#0060-d156 @A: 21 33 32 23 | 09
#0061-d156 @A: 04 33 25 23 | 11
#0062-d156 @A: 15 11 20 33 | 02
#0063-d156 @A: 11 19 33 04 | 03
#0064-d156 @A: 31 09 35 33 | 06
#0065-d156 @A: 24 23 20 33 | 04
#0066-d156 @A: 09 33 27 24 | 07
#0067-d156 @A: 12 03 05 04 | 08
#0068-d156 @A: 20 12 06 14 | 01
#0069-d156 @A: 09 07 12 17 | 12
#0070-d156 @A: 07 15 25 12 | 05
#0071-d156 @A: 12 18 26 35 | 10
#0072-d156 @A: 21 12 16 02 | 09
#0073-d156 @A: 35 12 17 16 | 11
#0074-d156 @A: 15 32 12 19 | 02
#0075-d156 @A: 12 28 04 27 | 03
#0076-d156 @A: 16 14 02 05 | 06
#0077-d156 @A: 22 01 31 05 | 04
#0078-d156 @A: 31 07 05 21 | 07
#0079-d156 @A: 18 35 05 09 | 08
#0080-d156 @A: 23 05 34 03 | 01
#0081-d156 @A: 02 32 21 05 | 12
#0082-d156 @A: 16 17 06 05 | 05
#0083-d156 @A: 25 05 32 27 | 10
#0084-d156 @A: 16 25 05 15 | 09
#0085-d156 @A: 31 16 24 05 | 11
#0086-d156 @A: 19 27 22 05 | 02
#0087-d156 @A: 01 14 23 07 | 03
#0088-d156 @A: 21 09 01 14 | 06
#0089-d156 @A: 03 14 06 30 | 04
#0090-d156 @A: 27 14 19 23 | 07
#0091-d156 @A: 20 18 01 26 | 08
#0092-d156 @A: 01 28 06 34 | 01
#0093-d156 @A: 03 01 16 21 | 12
#0094-d156 @A: 01 06 35 19 | 05
#0095-d156 @A: 04 01 26 28 | 10
#0096-d156 @A: 25 09 35 01 | 09
#0097-d156 @A: 01 22 27 11 | 11
#0098-d156 @A: 20 15 16 01 | 02
#0099-d156 @A: 15 04 30 01 | 03
#0100-d156 @A: 35 20 31 01 | 06
#0101-d156 @A: 24 23 01 31 | 04
#0102-d156 @A: 25 07 02 06 | 07
#0103-d156 @A: 16 07 03 26 | 08
#0104-d156 @A: 07 03 30 32 | 01
#0105-d156 @A: 30 35 07 21 | 12
#0106-d156 @A: 07 25 31 23 | 05
#0107-d156 @A: 19 07 22 25 | 10
#0108-d156 @A: 09 07 35 04 | 09
#0109-d156 @A: 30 07 22 27 | 11
#0110-d156 @A: 20 18 24 32 | 02
#0111-d156 @A: 15 03 25 34 | 03
#0112-d156 @A: 06 24 04 34 | 06
#0113-d156 @A: 19 34 35 23 | 04
#0114-d156 @A: 09 19 34 28 | 07
#0115-d156 @A: 27 19 20 34 | 08
#0116-d156 @A: 03 23 02 26 | 01
#0117-d156 @A: 22 21 02 17 | 12
#0118-d156 @A: 24 17 02 31 | 05
#0119-d156 @A: 35 22 25 02 | 10
#0120-d156 @A: 35 02 23 15 | 09
#0121-d156 @A: 19 31 22 02 | 11
#0122-d156 @A: 16 02 24 30 | 02
#0123-d156 @A: 28 22 27 02 | 03
#0124-d156 @A: 22 11 26 03 | 06
#0125-d156 @A: 03 32 31 25 | 04
#0126-d156 @A: 25 35 03 24 | 07
#0127-d156 @A: 35 11 19 03 | 08
#0128-d156 @A: 04 03 27 24 | 01
#0129-d156 @A: 17 19 21 20 | 12
#0130-d156 @A: 21 15 20 26 | 05
#0131-d156 @A: 21 32 15 25 | 10
#0132-d156 @A: 11 27 19 21 | 09
#0133-d156 @A: 20 31 09 06 | 11
#0134-d156 @A: 19 24 17 26 | 02
#0135-d156 @A: 25 28 32 17 | 03
#0136-d156 @A: 04 22 25 17 | 06
#0137-d156 @A: 32 17 19 11 | 04
#0138-d156 @A: 32 31 16 17 | 07
#0139-d156 @A: 24 20 09 17 | 08
#0140-d156 @A: 27 26 35 19 | 01
#0141-d156 @A: 28 20 25 31 | 12
#0142-d156 @A: 22 23 28 04 | 05
#0143-d156 @A: 14 29 13 19 | 10
#0144-d156 @A: 20 28 29 10 | 09
#0145-d156 @A: 08 18 29 27 | 11
#0146-d156 @A: 29 04 08 17 | 02
#0147-d156 @A: 19 02 29 12 | 03
#0148-d156 @A: 12 17 23 29 | 06
#0149-d156 @A: 29 28 34 05 | 04
#0150-d156 @A: 02 29 30 05 | 07
#0151-d156 @A: 32 01 02 29 | 08
#0152-d156 @A: 07 06 04 29 | 01
#0153-d156 @A: 26 31 29 18 | 12
#0154-d156 @A: 18 24 11 29 | 05
#0155-d156 @A: 22 19 29 18 | 10
#0156-d156 @A: 29 32 34 17 | 09
#0157-d156 @A: 29 22 27 06 | 11
#0158-d156 @A: 11 20 29 23 | 02
#0159-d156 @A: 24 28 29 11 | 03
#0160-d156 @A: 31 23 29 04 | 06
#0161-d156 @A: 22 24 29 35 | 04
#0162-d156 @A: 18 13 22 10 | 07
#0163-d156 @A: 10 13 04 34 | 08
#0164-d156 @A: 13 09 10 17 | 01
#0165-d156 @A: 20 13 33 08 | 12
#0166-d156 @A: 33 03 13 11 | 05
#0167-d156 @A: 09 06 33 13 | 10
#0168-d156 @A: 13 12 35 05 | 09
#0169-d156 @A: 13 12 04 20 | 11
#0170-d156 @A: 07 05 25 13 | 02
#0171-d156 @A: 06 05 13 18 | 03
#0172-d156 @A: 25 05 28 13 | 06
#0173-d156 @A: 07 24 13 14 | 04
#0174-d156 @A: 31 13 14 09 | 07
#0175-d156 @A: 23 01 13 06 | 08
#0176-d156 @A: 13 26 01 25 | 01
#0177-d156 @A: 06 13 03 07 | 12
#0178-d156 @A: 15 13 23 18 | 05
#0179-d156 @A: 34 13 26 17 | 10
#0180-d156 @A: 15 02 21 13 | 09
#0181-d156 @A: 10 09 33 05 | 11
#0182-d156 @A: 10 34 27 33 | 02
#0183-d156 @A: 12 10 35 06 | 03
#0184-d156 @A: 10 05 02 04 | 06
#0185-d156 @A: 10 15 07 18 | 04
#0186-d156 @A: 03 07 10 11 | 07
#0187-d156 @A: 23 10 18 17 | 08
#0188-d156 @A: 16 27 02 10 | 01
#0189-d156 @A: 10 06 21 09 | 12
#0190-d156 @A: 23 15 32 10 | 05
#0191-d156 @A: 24 35 10 32 | 10
#0192-d156 @A: 34 08 32 12 | 09
#0193-d156 @A: 25 05 08 17 | 11
#0194-d156 @A: 14 08 35 23 | 02
#0195-d156 @A: 07 23 08 22 | 03
#0196-d156 @A: 08 18 03 24 | 06
#0197-d156 @A: 32 17 08 18 | 04
#0198-d156 @A: 08 09 23 02 | 07
#0199-d156 @A: 19 08 30 03 | 08
#0200-d156 @A: 25 27 11 08 | 01
#0201-d156 @A: 25 15 08 23 | 12
#0202-d156 @A: 32 08 09 22 | 05
#0203-d156 @A: 01 23 02 33 | 10
#0204-d156 @A: 02 33 34 19 | 09
#0205-d156 @A: 34 16 33 11 | 11
#0206-d156 @A: 27 02 17 33 | 02
#0207-d156 @A: 03 23 33 35 | 03
#0208-d156 @A: 06 17 35 33 | 06
#0209-d156 @A: 28 06 25 33 | 04
#0210-d156 @A: 27 31 32 33 | 07
#0211-d156 @A: 33 20 28 16 | 08
#0212-d156 @A: 28 23 27 33 | 01
#0213-d156 @A: 04 24 33 28 | 12
#0214-d156 @A: 17 25 14 12 | 05
#0215-d156 @A: 07 34 12 35 | 10
#0216-d156 @A: 19 03 07 12 | 09
#0217-d156 @A: 26 19 34 12 | 11
#0218-d156 @A: 06 15 12 04 | 02
#0219-d156 @A: 19 23 11 12 | 03
#0220-d156 @A: 22 27 12 31 | 06
#0221-d156 @A: 05 11 26 14 | 04
#0222-d156 @A: 05 25 14 31 | 07
#0223-d156 @A: 07 05 26 15 | 08
#0224-d156 @A: 05 21 18 27 | 01
#0225-d156 @A: 03 25 05 02 | 12
#0226-d156 @A: 23 24 05 15 | 05
#0227-d156 @A: 20 16 05 19 | 10
#0228-d156 @A: 05 09 24 04 | 09
#0229-d156 @A: 15 03 23 14 | 11
#0230-d156 @A: 03 14 31 35 | 02
#0231-d156 @A: 23 14 21 28 | 03
#0232-d156 @A: 35 06 14 11 | 06
#0233-d156 @A: 14 26 28 22 | 04
#0234-d156 @A: 24 14 15 11 | 07
#0235-d156 @A: 15 31 14 19 | 08
#0236-d156 @A: 14 16 27 04 | 01
#0237-d156 @A: 09 24 14 16 | 12
#0238-d156 @A: 11 01 07 21 | 05
#0239-d156 @A: 09 01 06 07 | 10
#0240-d156 @A: 24 18 15 01 | 09
#0241-d156 @A: 22 04 18 01 | 11
#0242-d156 @A: 06 03 22 01 | 02
#0243-d156 @A: 32 30 25 01 | 03
#0244-d156 @A: 01 30 09 23 | 06
#0245-d156 @A: 30 18 07 34 | 04
#0246-d156 @A: 32 21 16 07 | 07
#0247-d156 @A: 07 31 15 24 | 08
#0248-d156 @A: 23 07 31 28 | 01
#0249-d156 @A: 23 04 07 16 | 12
#0250-d156 @A: 20 07 23 27 | 05
#0251-d156 @A: 28 07 30 27 | 10
#0252-d156 @A: 18 03 16 19 | 09
#0253-d156 @A: 18 27 09 17 | 11
#0254-d156 @A: 16 18 35 32 | 02
#0255-d156 @A: 32 27 23 18 | 03
#0256-d156 @A: 04 18 32 28 | 06
#0257-d156 @A: 35 11 18 15 | 04
#0258-d156 @A: 18 15 27 19 | 07
#0259-d156 @A: 24 09 18 19 | 08
#0260-d156 @A: 03 19 21 34 | 01
#0261-d156 @A: 28 03 27 34 | 12
#0262-d156 @A: 17 28 34 11 | 05
#0263-d156 @A: 22 34 09 16 | 10
#0264-d156 @A: 23 34 30 24 | 09
#0265-d156 @A: 06 02 21 30 | 11
#0266-d156 @A: 02 15 28 17 | 02
#0267-d156 @A: 25 31 02 20 | 03
#0268-d156 @A: 27 32 19 02 | 06
#0269-d156 @A: 27 11 30 02 | 04
#0270-d156 @A: 31 03 09 11 | 07
#0271-d156 @A: 03 30 23 20 | 08
#0272-d156 @A: 11 24 22 21 | 01
#0273-d156 @A: 21 09 24 15 | 12
#0274-d156 @A: 17 23 24 35 | 05
#0275-d156 @A: 20 17 35 04 | 10
#0276-d156 @A: 24 23 11 26 | 09
#0277-d156 @A: 30 26 23 15 | 11
#0278-d156 @A: 15 26 04 09 | 02
#0279-d156 @A: 22 16 26 31 | 03
#0280-d156 @A: 31 19 26 30 | 06
#0281-d156 @A: 26 27 19 28 | 04
#0282-d156 @A: 28 27 32 20 | 07
#0283-d156 @A: 10 30 29 13 | 08
#0284-d156 @A: 33 13 29 22 | 01
#0285-d156 @A: 29 25 13 06 | 12
#0286-d156 @A: 29 13 26 04 | 05
#0287-d156 @A: 10 29 24 26 | 10
#0288-d156 @A: 02 22 08 29 | 09
#0289-d156 @A: 28 23 29 08 | 11
#0290-d156 @A: 15 33 03 29 | 02
#0291-d156 @A: 06 33 31 29 | 03
#0292-d156 @A: 34 12 25 29 | 06
#0293-d156 @A: 03 29 22 12 | 04
#0294-d156 @A: 29 35 01 05 | 07
#0295-d156 @A: 11 29 19 05 | 08
#0296-d156 @A: 04 15 29 05 | 01
#0297-d156 @A: 35 29 18 14 | 12
#0298-d156 @A: 29 09 17 14 | 05
#0299-d156 @A: 16 14 22 29 | 10
#0300-d156 @A: 04 01 29 24 | 09
#0301-d156 @A: 18 21 29 07 | 11
#0302-d156 @A: 29 16 34 20 | 02
#0303-d156 @A: 29 17 25 30 | 03
#0304-d156 @A: 25 29 09 27 | 06
#0305-d156 @A: 32 04 29 11 | 04
#0306-d156 @A: 09 19 32 29 | 07
#0307-d156 @A: 23 29 19 24 | 08
#0308-d156 @A: 20 24 27 29 | 01
#0309-d156 @A: 22 13 08 21 | 12
#0310-d156 @A: 13 33 18 31 | 05
#0311-d156 @A: 13 28 12 17 | 10
#0312-d156 @A: 27 13 28 05 | 09
#0313-d156 @A: 30 22 01 13 | 11
#0314-d156 @A: 22 28 07 13 | 02
#0315-d156 @A: 35 13 06 02 | 03
#0316-d156 @A: 21 13 30 17 | 06
#0317-d156 @A: 26 31 13 21 | 04
#0318-d156 @A: 28 20 21 13 | 07
#0319-d156 @A: 23 06 28 13 | 08
#0320-d156 @A: 13 25 19 16 | 01
#0321-d156 @A: 32 16 13 23 | 12
#0322-d156 @A: 27 24 13 19 | 05
#0323-d156 @A: 10 09 16 08 | 10
#0324-d156 @A: 18 10 33 30 | 09
#0325-d156 @A: 10 32 05 01 | 11
#0326-d156 @A: 34 10 14 06 | 02
#0327-d156 @A: 07 01 10 35 | 03
#0328-d156 @A: 23 01 10 21 | 06
#0329-d156 @A: 25 10 17 07 | 04
#0330-d156 @A: 10 17 34 19 | 07
#0331-d156 @A: 34 16 26 10 | 08
#0332-d156 @A: 03 10 22 02 | 01
#0333-d156 @A: 10 21 02 20 | 12
#0334-d156 @A: 17 03 30 10 | 05
#0335-d156 @A: 10 23 11 25 | 10
#0336-d156 @A: 30 10 16 15 | 09
#0337-d156 @A: 20 16 10 04 | 11
#0338-d156 @A: 23 10 28 09 | 02
#0339-d156 @A: 08 33 34 24 | 03
#0340-d156 @A: 23 08 17 33 | 06
#0341-d156 @A: 12 35 08 03 | 04
#0342-d156 @A: 11 12 08 21 | 07
#0343-d156 @A: 12 28 08 31 | 08
#0344-d156 @A: 28 18 14 08 | 01
#0345-d156 @A: 01 08 31 21 | 12
#0346-d156 @A: 08 27 07 34 | 05
#0347-d156 @A: 03 15 07 08 | 10
#0348-d156 @A: 02 08 26 25 | 09
#0349-d156 @A: 16 06 08 03 | 11
#0350-d156 @A: 08 21 06 27 | 02
#0351-d156 @A: 25 08 24 30 | 03
#0352-d156 @A: 32 08 15 27 | 06
#0353-d156 @A: 30 33 05 12 | 04
#0354-d156 @A: 33 09 12 19 | 07
#0355-d156 @A: 33 24 17 14 | 08
#0356-d156 @A: 22 21 33 01 | 01
#0357-d156 @A: 20 01 17 33 | 12
#0358-d156 @A: 11 32 33 01 | 05
#0359-d156 @A: 03 07 33 28 | 10
#0360-d156 @A: 15 07 06 33 | 09
#0361-d156 @A: 33 20 02 35 | 11
#0362-d156 @A: 06 33 24 21 | 02
#0363-d156 @A: 26 33 19 06 | 03
#0364-d156 @A: 25 15 33 09 | 06
#0365-d156 @A: 25 31 30 33 | 04
#0366-d156 @A: 33 31 20 19 | 07
#0367-d156 @A: 23 09 22 33 | 08
#0368-d156 @A: 30 20 09 33 | 01
#0369-d156 @A: 05 21 12 09 | 12
#0370-d156 @A: 17 31 05 12 | 05
#0371-d156 @A: 12 07 27 14 | 10
#0372-d156 @A: 12 14 09 34 | 09
#0373-d156 @A: 20 01 12 28 | 11
#0374-d156 @A: 22 18 12 21 | 02
#0375-d156 @A: 26 12 04 21 | 03
#0376-d156 @A: 16 12 30 06 | 06
#0377-d156 @A: 16 04 11 12 | 04
#0378-d156 @A: 23 24 12 22 | 07
#0379-d156 @A: 19 07 18 05 | 08
#0380-d156 @A: 05 34 26 32 | 01
#0381-d156 @A: 25 05 11 34 | 12
#0382-d156 @A: 27 05 03 15 | 05
#0383-d156 @A: 06 05 09 26 | 10
#0384-d156 @A: 05 11 04 23 | 09
#0385-d156 @A: 05 20 35 15 | 11
#0386-d156 @A: 07 18 14 11 | 02
#0387-d156 @A: 21 14 07 19 | 03
#0388-d156 @A: 18 14 25 06 | 06
#0389-d156 @A: 21 14 34 27 | 04
#0390-d156 @A: 16 31 14 21 | 07
#0391-d156 @A: 25 20 14 30 | 08
#0392-d156 @A: 01 34 27 18 | 01
#0393-d156 @A: 03 34 01 32 | 12
#0394-d156 @A: 01 35 17 02 | 05
#0395-d156 @A: 01 16 02 28 | 10
#0396-d156 @A: 09 31 01 16 | 09
#0397-d156 @A: 35 01 30 16 | 11
#0398-d156 @A: 01 20 04 27 | 02
#0399-d156 @A: 32 07 34 06 | 03
#0400-d156 @A: 15 02 32 07 | 06
#0401-d156 @A: 02 20 07 16 | 04
#0402-d156 @A: 27 32 04 07 | 07
#0403-d156 @A: 27 07 16 19 | 08
#0404-d156 @A: 18 22 03 34 | 01
#0405-d156 @A: 18 06 19 32 | 12
#0406-d156 @A: 18 15 25 31 | 05
#0407-d156 @A: 18 35 04 24 | 10
#0408-d156 @A: 35 30 18 27 | 09
#0409-d156 @A: 17 34 15 02 | 11
#0410-d156 @A: 26 34 30 02 | 02
#0411-d156 @A: 02 34 04 28 | 03
#0412-d156 @A: 06 23 34 21 | 06
#0413-d156 @A: 15 20 34 30 | 04
#0414-d156 @A: 31 34 27 04 | 07
#0415-d156 @A: 02 22 09 30 | 08
#0416-d156 @A: 03 26 31 06 | 01
#0417-d156 @A: 23 04 06 03 | 12
#0418-d156 @A: 19 03 20 15 | 05
#0419-d156 @A: 03 19 31 24 | 10
#0420-d156 @A: 30 16 03 22 | 09
#0421-d156 @A: 32 35 21 20 | 11
#0422-d156 @A: 21 04 35 15 | 02
#0423-d156 @A: 21 31 04 22 | 03
#0424-d156 @A: 30 23 21 22 | 06
#0425-d156 @A: 11 09 32 06 | 04
#0426-d156 @A: 04 32 06 20 | 07
#0427-d156 @A: 16 04 31 06 | 08
#0428-d156 @A: 06 35 16 23 | 01
#0429-d156 @A: 31 17 25 11 | 12
#0430-d156 @A: 32 22 23 17 | 05
#0431-d156 @A: 25 26 20 24 | 10
#0432-d156 @A: 32 11 26 30 | 09
#0433-d156 @A: 31 26 32 20 | 11
#0434-d156 @A: 15 11 28 09 | 02
#0435-d156 @A: 05 13 29 32 | 03
#0436-d156 @A: 15 12 10 29 | 06
#0437-d156 @A: 10 29 05 14 | 04
#0438-d156 @A: 10 01 22 29 | 07
#0439-d156 @A: 02 10 18 29 | 08
#0440-d156 @A: 16 06 10 29 | 01
#0441-d156 @A: 33 14 20 29 | 12
#0442-d156 @A: 33 01 29 30 | 05
#0443-d156 @A: 07 29 32 12 | 10
#0444-d156 @A: 29 28 12 22 | 09
#0445-d156 @A: 29 34 05 27 | 11
#0446-d156 @A: 29 01 14 27 | 02
#0447-d156 @A: 31 14 29 02 | 03
#0448-d156 @A: 07 35 29 26 | 06
#0449-d156 @A: 02 06 15 29 | 04
#0450-d156 @A: 03 28 25 29 | 07
#0451-d156 @A: 35 29 20 06 | 08
#0452-d156 @A: 25 26 32 29 | 01
#0453-d156 @A: 35 29 16 25 | 12
#0454-d156 @A: 32 31 22 29 | 05
#0455-d156 @A: 22 04 09 29 | 10
#0456-d156 @A: 10 08 25 13 | 09
#0457-d156 @A: 13 04 08 16 | 11
#0458-d156 @A: 25 14 33 13 | 02
#0459-d156 @A: 07 13 33 35 | 03
#0460-d156 @A: 13 15 34 33 | 06
#0461-d156 @A: 32 12 06 13 | 04
#0462-d156 @A: 15 24 12 13 | 07
#0463-d156 @A: 02 13 14 22 | 08
#0464-d156 @A: 11 14 17 13 | 01
#0465-d156 @A: 01 09 04 13 | 12
#0466-d156 @A: 13 02 25 34 | 05
#0467-d156 @A: 15 03 13 28 | 10
#0468-d156 @A: 22 24 13 32 | 09
#0469-d156 @A: 13 35 20 30 | 11
#0470-d156 @A: 11 15 10 08 | 02
#0471-d156 @A: 12 16 10 07 | 03
#0472-d156 @A: 10 20 30 05 | 06
#0473-d156 @A: 14 35 10 25 | 04
#0474-d156 @A: 10 34 35 18 | 07
#0475-d156 @A: 28 10 25 18 | 08
#0476-d156 @A: 03 10 23 31 | 01
#0477-d156 @A: 10 11 31 24 | 12
#0478-d156 @A: 19 10 04 31 | 05
#0479-d156 @A: 19 10 22 09 | 10
#0480-d156 @A: 24 10 30 04 | 09
#0481-d156 @A: 22 20 24 10 | 11
#0482-d156 @A: 06 08 33 30 | 02
#0483-d156 @A: 18 23 08 12 | 03
#0484-d156 @A: 20 34 08 05 | 06
#0485-d156 @A: 21 20 08 14 | 04
#0486-d156 @A: 09 07 08 24 | 07
#0487-d156 @A: 34 18 19 08 | 08
#0488-d156 @A: 30 02 17 08 | 01
#0489-d156 @A: 16 21 08 17 | 12
#0490-d156 @A: 08 30 28 17 | 05
#0491-d156 @A: 28 08 26 11 | 10
#0492-d156 @A: 24 20 08 35 | 09
#0493-d156 @A: 12 01 31 33 | 11
#0494-d156 @A: 12 33 34 21 | 02
#0495-d156 @A: 34 12 33 28 | 03
#0496-d156 @A: 05 15 02 33 | 06
#0497-d156 @A: 33 05 17 22 | 04
#0498-d156 @A: 20 33 05 27 | 07
#0499-d156 @A: 33 14 02 21 | 08
#0500-d156 @A: 33 14 03 19 | 01
#0501-d156 @A: 14 26 04 33 | 12
#0502-d156 @A: 33 35 01 18 | 05
#0503-d156 @A: 35 33 22 34 | 10
#0504-d156 @A: 33 02 32 06 | 09
#0505-d156 @A: 33 31 28 26 | 11
#0506-d156 @A: 32 25 33 22 | 02
#0507-d156 @A: 25 27 33 19 | 03
#0508-d156 @A: 33 15 35 32 | 06
#0509-d156 @A: 30 15 19 33 | 04
#0510-d156 @A: 33 24 04 15 | 07
#0511-d156 @A: 20 33 22 04 | 08
#0512-d156 @A: 12 11 01 14 | 01
#0513-d156 @A: 22 09 01 12 | 12
#0514-d156 @A: 22 12 34 15 | 05
#0515-d156 @A: 24 12 02 28 | 10
#0516-d156 @A: 21 32 24 12 | 09
#0517-d156 @A: 24 04 12 25 | 11
#0518-d156 @A: 30 12 15 11 | 02
#0519-d156 @A: 35 28 12 09 | 03
#0520-d156 @A: 22 30 12 19 | 06
#0521-d156 @A: 05 03 14 09 | 04
#0522-d156 @A: 05 01 17 11 | 07
#0523-d156 @A: 21 05 03 11 | 08
#0524-d156 @A: 05 24 21 30 | 01
#0525-d156 @A: 05 06 22 23 | 12
#0526-d156 @A: 05 30 35 25 | 05
#0527-d156 @A: 16 09 32 05 | 10
#0528-d156 @A: 30 31 11 05 | 09
#0529-d156 @A: 07 14 31 06 | 11
#0530-d156 @A: 27 07 28 14 | 02
#0531-d156 @A: 14 21 35 17 | 03
#0532-d156 @A: 11 31 04 14 | 06
#0533-d156 @A: 07 01 34 20 | 04
#0534-d156 @A: 02 01 22 07 | 07
#0535-d156 @A: 11 18 01 31 | 08
#0536-d156 @A: 26 01 03 35 | 01
#0537-d156 @A: 32 17 01 21 | 12
#0538-d156 @A: 01 32 06 15 | 05
#0539-d156 @A: 32 04 01 16 | 10
#0540-d156 @A: 27 19 30 01 | 09
#0541-d156 @A: 18 02 09 07 | 11
#0542-d156 @A: 25 27 07 03 | 02
#0543-d156 @A: 20 35 07 25 | 03
#0544-d156 @A: 07 25 30 04 | 06
#0545-d156 @A: 32 09 07 31 | 04
#0546-d156 @A: 28 11 07 16 | 07
#0547-d156 @A: 26 18 24 34 | 08
#0548-d156 @A: 25 34 18 04 | 01
#0549-d156 @A: 28 18 35 02 | 12
#0550-d156 @A: 18 11 23 30 | 05
#0551-d156 @A: 27 31 24 18 | 10
#0552-d156 @A: 16 27 18 20 | 09
#0553-d156 @A: 25 17 34 21 | 11
#0554-d156 @A: 16 34 30 32 | 02
#0555-d156 @A: 24 32 19 34 | 03
#0556-d156 @A: 30 28 34 24 | 06
#0557-d156 @A: 30 03 04 02 | 04
#0558-d156 @A: 06 26 04 02 | 07
#0559-d156 @A: 02 35 11 32 | 08
#0560-d156 @A: 32 02 20 09 | 01
#0561-d156 @A: 31 16 02 35 | 12
#0562-d156 @A: 02 20 19 04 | 05
#0563-d156 @A: 22 17 24 03 | 10
#0564-d156 @A: 03 25 20 16 | 09
#0565-d156 @A: 25 09 04 03 | 11
#0566-d156 @A: 11 16 32 03 | 02
#0567-d156 @A: 32 03 24 15 | 03
#0568-d156 @A: 11 31 03 28 | 06
#0569-d156 @A: 09 22 21 35 | 04
#0570-d156 @A: 09 06 30 17 | 07
#0571-d156 @A: 28 20 06 15 | 08
#0572-d156 @A: 16 24 06 20 | 01
#0573-d156 @A: 19 30 06 24 | 12
#0574-d156 @A: 17 11 26 15 | 05
#0575-d156 @A: 35 17 25 15 | 10
#0576-d156 @A: 09 19 17 25 | 09
#0577-d156 @A: 16 15 17 19 | 11
#0578-d156 @A: 16 26 25 11 | 02
#0579-d156 @A: 09 25 26 22 | 03
#0580-d156 @A: 16 19 32 26 | 06
#0581-d156 @A: 32 26 23 28 | 04
#0582-d156 @A: 26 31 23 09 | 07
#0583-d156 @A: 28 23 15 19 | 08
#0584-d156 @A: 23 07 13 29 | 01
#0585-d156 @A: 11 34 10 29 | 12
#0586-d156 @A: 21 10 29 25 | 05
#0587-d156 @A: 17 29 10 35 | 10
#0588-d156 @A: 33 29 09 08 | 09
#0589-d156 @A: 12 14 04 29 | 11
#0590-d156 @A: 29 09 12 24 | 02
#0591-d156 @A: 07 29 05 09 | 03
#0592-d156 @A: 29 31 20 05 | 06
#0593-d156 @A: 31 29 14 28 | 04
#0594-d156 @A: 01 29 15 21 | 07
#0595-d156 @A: 29 11 02 07 | 08
#0596-d156 @A: 26 21 09 29 | 01
#0597-d156 @A: 11 29 35 21 | 12
#0598-d156 @A: 17 06 19 29 | 05
#0599-d156 @A: 29 27 28 06 | 10
#0600-d156 @A: 25 29 24 31 | 09
#0601-d156 @A: 23 32 29 30 | 11
#0602-d156 @A: 04 15 28 29 | 02
#0603-d156 @A: 09 29 23 35 | 03
#0604-d156 @A: 18 08 13 11 | 06
#0605-d156 @A: 13 12 33 27 | 04
#0606-d156 @A: 13 01 33 24 | 07
#0607-d156 @A: 07 21 13 12 | 08
#0608-d156 @A: 17 13 05 15 | 01
#0609-d156 @A: 14 13 34 28 | 12
#0610-d156 @A: 02 16 13 01 | 05
#0611-d156 @A: 13 24 18 16 | 10
#0612-d156 @A: 13 03 34 35 | 09
#0613-d156 @A: 13 27 32 34 | 11
#0614-d156 @A: 20 13 23 02 | 02
#0615-d156 @A: 09 03 13 19 | 03
#0616-d156 @A: 06 31 13 17 | 06
#0617-d156 @A: 13 06 20 11 | 04
#0618-d156 @A: 32 13 17 25 | 07
#0619-d156 @A: 25 11 13 04 | 08
#0620-d156 @A: 13 25 31 22 | 01
#0621-d156 @A: 13 15 32 11 | 12
#0622-d156 @A: 31 35 15 13 | 05
#0623-d156 @A: 13 04 23 24 | 10
#0624-d156 @A: 03 33 10 08 | 09
#0625-d156 @A: 01 10 08 27 | 11
#0626-d156 @A: 24 08 10 02 | 02
#0627-d156 @A: 10 30 08 35 | 03
#0628-d156 @A: 10 12 27 18 | 06
#0629-d156 @A: 12 10 26 25 | 04
#0630-d156 @A: 03 10 35 05 | 07
#0631-d156 @A: 07 10 14 04 | 08
#0632-d156 @A: 09 32 10 14 | 01
#0633-d156 @A: 10 21 01 28 | 12
#0634-d156 @A: 07 10 26 09 | 05
#0635-d156 @A: 32 10 20 07 | 10
#0636-d156 @A: 10 27 24 07 | 09
#0637-d156 @A: 20 34 10 03 | 11
#0638-d156 @A: 10 02 09 25 | 02
#0639-d156 @A: 10 06 24 28 | 03
#0640-d156 @A: 10 11 17 22 | 06
#0641-d156 @A: 27 25 10 15 | 04
#0642-d156 @A: 19 16 10 23 | 07
#0643-d156 @A: 04 10 23 35 | 08
#0644-d156 @A: 19 30 10 28 | 01
#0645-d156 @A: 33 08 12 16 | 12
#0646-d156 @A: 25 18 08 33 | 05
#0647-d156 @A: 08 33 15 21 | 10
#0648-d156 @A: 08 03 31 05 | 09
#0649-d156 @A: 04 05 27 08 | 11
#0650-d156 @A: 31 18 08 14 | 02
#0651-d156 @A: 14 25 16 08 | 03
#0652-d156 @A: 08 03 01 23 | 06
#0653-d156 @A: 08 01 06 11 | 04
#0654-d156 @A: 08 01 35 22 | 07
#0655-d156 @A: 18 35 07 08 | 08
#0656-d156 @A: 26 04 18 08 | 01
#0657-d156 @A: 08 34 22 26 | 12
#0658-d156 @A: 06 20 02 08 | 05
#0659-d156 @A: 08 28 03 04 | 10
#0660-d156 @A: 22 06 08 17 | 09
#0661-d156 @A: 19 25 35 08 | 11
#0662-d156 @A: 23 32 11 08 | 02
#0663-d156 @A: 08 19 22 20 | 03
#0664-d156 @A: 33 17 12 32 | 06
#0665-d156 @A: 05 31 34 33 | 04
#0666-d156 @A: 35 28 33 05 | 07
#0667-d156 @A: 34 25 33 01 | 08
#0668-d156 @A: 09 33 01 26 | 01
#0669-d156 @A: 03 07 22 33 | 12
#0670-d156 @A: 07 30 23 33 | 05
#0671-d156 @A: 16 20 33 32 | 10
#0672-d156 @A: 12 14 18 19 | 09
#0673-d156 @A: 20 12 32 01 | 11
#0674-d156 @A: 12 30 34 03 | 02
#0675-d156 @A: 12 03 26 09 | 03
#0676-d156 @A: 23 12 20 15 | 06
#0677-d156 @A: 24 12 35 31 | 04
#0678-d156 @A: 07 05 20 14 | 07
#0679-d156 @A: 23 18 01 05 | 08
#0680-d156 @A: 05 20 18 11 | 01
#0681-d156 @A: 18 22 05 15 | 12
#0682-d156 @A: 28 31 05 18 | 05
#0683-d156 @A: 05 27 02 26 | 10
#0684-d156 @A: 23 26 21 05 | 09
#0685-d156 @A: 05 31 09 19 | 11
#0686-d156 @A: 22 04 16 05 | 02
#0687-d156 @A: 14 24 06 01 | 03
#0688-d156 @A: 28 01 14 25 | 06
#0689-d156 @A: 24 14 02 19 | 04
#0690-d156 @A: 14 20 17 03 | 07
#0691-d156 @A: 28 32 14 06 | 08
#0692-d156 @A: 11 14 16 23 | 01
#0693-d156 @A: 01 28 07 09 | 12
#0694-d156 @A: 18 21 01 30 | 05
#0695-d156 @A: 11 34 01 30 | 10
#0696-d156 @A: 02 27 21 01 | 09
#0697-d156 @A: 17 23 01 16 | 11
#0698-d156 @A: 06 18 16 07 | 02
#0699-d156 @A: 22 32 18 07 | 03
#0700-d156 @A: 34 07 21 15 | 06
#0701-d156 @A: 26 02 07 31 | 04
#0702-d156 @A: 07 03 23 09 | 07
#0703-d156 @A: 07 09 25 21 | 08
#0704-d156 @A: 06 28 19 07 | 01
#0705-d156 @A: 07 04 19 26 | 12
#0706-d156 @A: 11 07 32 25 | 05
#0707-d156 @A: 18 17 34 11 | 10
#0708-d156 @A: 03 15 18 21 | 09
#0709-d156 @A: 28 06 18 21 | 11
#0710-d156 @A: 32 21 18 11 | 02
#0711-d156 @A: 32 25 18 09 | 03
#0712-d156 @A: 27 11 04 18 | 06
#0713-d156 @A: 09 22 18 11 | 04
#0714-d156 @A: 09 18 15 20 | 07
#0715-d156 @A: 18 22 20 35 | 08
#0716-d156 @A: 23 18 24 28 | 01
#0717-d156 @A: 35 04 02 34 | 12
#0718-d156 @A: 17 34 20 06 | 05
#0719-d156 @A: 25 34 09 20 | 10
#0720-d156 @A: 34 25 30 27 | 09
#0721-d156 @A: 34 09 04 11 | 11
#0722-d156 @A: 09 17 03 02 | 02
#0723-d156 @A: 28 32 02 21 | 03
#0724-d156 @A: 09 21 04 02 | 06
#0725-d156 @A: 19 11 02 15 | 04
#0726-d156 @A: 28 20 30 02 | 07
#0727-d156 @A: 31 27 16 03 | 08
#0728-d156 @A: 21 23 25 20 | 01
#0729-d156 @A: 25 24 21 27 | 12
#0730-d156 @A: 28 30 21 32 | 05
#0731-d156 @A: 28 21 22 15 | 10
#0732-d156 @A: 09 21 23 19 | 09
#0733-d156 @A: 11 35 06 28 | 11
#0734-d156 @A: 23 25 17 26 | 02
#0735-d156 @A: 09 17 26 35 | 03
#0736-d156 @A: 11 27 35 17 | 06
#0737-d156 @A: 17 23 15 04 | 04
#0738-d156 @A: 22 17 35 19 | 07
#0739-d156 @A: 15 26 25 19 | 08
#0740-d156 @A: 26 35 20 23 | 01
#0741-d156 @A: 26 23 22 19 | 12
#0742-d156 @A: 27 28 15 25 | 05
#0743-d156 @A: 08 06 24 29 | 10
#0744-d156 @A: 33 29 34 04 | 09
#0745-d156 @A: 29 21 14 24 | 11
#0746-d156 @A: 01 34 06 29 | 02
#0747-d156 @A: 28 15 07 29 | 03
#0748-d156 @A: 17 15 18 29 | 06
#0749-d156 @A: 34 02 09 29 | 04
#0750-d156 @A: 35 02 29 03 | 07
#0751-d156 @A: 21 02 23 29 | 08
#0752-d156 @A: 16 29 02 17 | 01
#0753-d156 @A: 19 29 04 25 | 12
#0754-d156 @A: 09 29 15 31 | 05
#0755-d156 @A: 16 29 28 35 | 10
#0756-d156 @A: 16 29 09 30 | 09
#0757-d156 @A: 05 13 10 24 | 11
#0758-d156 @A: 10 15 14 13 | 02
#0759-d156 @A: 10 07 13 19 | 03
#0760-d156 @A: 13 10 28 04 | 06
#0761-d156 @A: 02 13 11 05 | 04
#0762-d156 @A: 13 04 14 03 | 07
#0763-d156 @A: 01 07 13 31 | 08
#0764-d156 @A: 13 15 07 30 | 01
#0765-d156 @A: 13 09 07 20 | 12
#0766-d156 @A: 13 03 30 18 | 05
#0767-d156 @A: 11 28 13 18 | 10
#0768-d156 @A: 15 26 13 03 | 09
#0769-d156 @A: 13 16 06 21 | 11
#0770-d156 @A: 25 23 30 13 | 02
#0771-d156 @A: 32 20 19 13 | 03
#0772-d156 @A: 19 30 11 13 | 06
#0773-d156 @A: 26 17 08 10 | 04
#0774-d156 @A: 17 20 12 10 | 07
#0775-d156 @A: 31 09 12 10 | 08
#0776-d156 @A: 01 34 10 09 | 01
#0777-d156 @A: 01 02 10 15 | 12
#0778-d156 @A: 10 30 01 26 | 05
#0779-d156 @A: 06 10 30 07 | 10
#0780-d156 @A: 02 17 10 32 | 09
#0781-d156 @A: 25 19 10 03 | 11
#0782-d156 @A: 15 10 21 17 | 02
#0783-d156 @A: 06 24 17 10 | 03
#0784-d156 @A: 10 16 31 25 | 06
#0785-d156 @A: 10 30 22 25 | 04
#0786-d156 @A: 10 28 16 27 | 07
#0787-d156 @A: 33 32 08 19 | 08
#0788-d156 @A: 08 17 19 12 | 01
#0789-d156 @A: 07 16 08 05 | 12
#0790-d156 @A: 05 08 32 06 | 05
#0791-d156 @A: 08 01 32 24 | 10
#0792-d156 @A: 08 02 04 07 | 09
#0793-d156 @A: 08 31 07 17 | 11
#0794-d156 @A: 25 02 28 08 | 02
#0795-d156 @A: 08 20 03 26 | 03
#0796-d156 @A: 32 08 15 28 | 06
#0797-d156 @A: 08 31 35 32 | 04
#0798-d156 @A: 20 23 16 08 | 07
#0799-d156 @A: 04 09 20 08 | 08
#0800-d156 @A: 14 23 12 33 | 01
#0801-d156 @A: 12 33 11 07 | 12
#0802-d156 @A: 33 15 18 12 | 05
#0803-d156 @A: 12 33 02 04 | 10
#0804-d156 @A: 26 33 22 12 | 09
#0805-d156 @A: 05 03 33 01 | 11
#0806-d156 @A: 16 06 14 33 | 02
#0807-d156 @A: 28 17 19 33 | 03
#0808-d156 @A: 27 35 33 04 | 06
#0809-d156 @A: 24 19 22 33 | 04
#0810-d156 @A: 01 05 12 28 | 07
#0811-d156 @A: 24 17 12 01 | 08
#0812-d156 @A: 11 24 12 34 | 01
#0813-d156 @A: 03 24 06 12 | 12
#0814-d156 @A: 17 06 26 12 | 05
#0815-d156 @A: 30 25 09 12 | 10
#0816-d156 @A: 05 14 15 30 | 09
#0817-d156 @A: 07 28 05 02 | 11
#0818-d156 @A: 20 06 03 05 | 02
#0819-d156 @A: 30 28 03 05 | 03
#0820-d156 @A: 32 05 17 35 | 06
#0821-d156 @A: 15 05 11 09 | 04
#0822-d156 @A: 05 15 28 16 | 07
#0823-d156 @A: 35 04 05 31 | 08
#0824-d156 @A: 16 05 23 30 | 01
#0825-d156 @A: 19 24 35 05 | 12
#0826-d156 @A: 07 34 16 14 | 05
#0827-d156 @A: 18 17 14 22 | 10
#0828-d156 @A: 14 18 26 32 | 09
#0829-d156 @A: 14 31 34 17 | 11
#0830-d156 @A: 14 02 28 17 | 02
#0831-d156 @A: 14 11 09 25 | 03
#0832-d156 @A: 04 25 15 14 | 06
#0833-d156 @A: 11 20 32 14 | 04
#0834-d156 @A: 14 24 32 27 | 07
#0835-d156 @A: 27 14 15 09 | 08
#0836-d156 @A: 27 14 31 20 | 01
#0837-d156 @A: 04 23 14 22 | 12
#0838-d156 @A: 30 09 14 04 | 05
#0839-d156 @A: 27 18 28 01 | 10
#0840-d156 @A: 19 02 01 03 | 09
#0841-d156 @A: 17 03 04 01 | 11
#0842-d156 @A: 20 11 25 01 | 02
#0843-d156 @A: 35 04 11 01 | 03
#0844-d156 @A: 31 01 15 27 | 06
#0845-d156 @A: 07 26 23 18 | 04
#0846-d156 @A: 03 31 07 34 | 07
#0847-d156 @A: 22 21 07 06 | 08
#0848-d156 @A: 28 07 26 20 | 01
#0849-d156 @A: 35 32 19 07 | 12
#0850-d156 @A: 19 07 15 23 | 05
#0851-d156 @A: 22 07 35 16 | 10
#0852-d156 @A: 28 07 04 24 | 09
#0853-d156 @A: 02 18 06 27 | 11
#0854-d156 @A: 18 25 17 02 | 02
#0855-d156 @A: 35 03 18 06 | 03
#0856-d156 @A: 18 17 31 03 | 06
#0857-d156 @A: 18 25 03 26 | 04
#0858-d156 @A: 24 23 06 18 | 07
#0859-d156 @A: 25 18 35 23 | 08
#0860-d156 @A: 18 22 28 30 | 01
#0861-d156 @A: 06 11 34 19 | 12
#0862-d156 @A: 23 34 25 16 | 05
#0863-d156 @A: 11 20 35 34 | 10
#0864-d156 @A: 04 34 22 30 | 09
#0865-d156 @A: 26 21 19 02 | 11
#0866-d156 @A: 24 25 02 32 | 02
#0867-d156 @A: 20 22 11 02 | 03
#0868-d156 @A: 02 24 20 15 | 06
#0869-d156 @A: 11 03 25 30 | 04
#0870-d156 @A: 03 28 16 32 | 07
#0871-d156 @A: 35 15 03 30 | 08
#0872-d156 @A: 16 04 35 03 | 01
#0873-d156 @A: 24 30 09 03 | 12
#0874-d156 @A: 15 21 22 19 | 05
#0875-d156 @A: 30 04 11 06 | 10
#0876-d156 @A: 09 27 35 06 | 09
#0877-d156 @A: 22 06 28 35 | 11
#0878-d156 @A: 30 06 20 22 | 02
#0879-d156 @A: 32 17 26 27 | 03
#0880-d156 @A: 17 32 20 30 | 06
#0881-d156 @A: 31 17 22 09 | 04
#0882-d156 @A: 28 22 17 31 | 07
#0883-d156 @A: 30 17 19 23 | 08
#0884-d156 @A: 26 16 27 15 | 01
#0885-d156 @A: 32 28 24 35 | 12
#0886-d156 @A: 32 28 09 22 | 05
#0887-d156 @A: 28 04 16 19 | 10
#0888-d156 @A: 35 04 30 28 | 09
#0889-d156 @A: 29 27 21 13 | 11
#0890-d156 @A: 13 16 15 29 | 02
#0891-d156 @A: 35 29 33 12 | 03
#0892-d156 @A: 33 07 29 24 | 06
#0893-d156 @A: 29 32 18 33 | 04
#0894-d156 @A: 29 12 26 30 | 07
#0895-d156 @A: 26 14 29 15 | 08
#0896-d156 @A: 29 01 11 03 | 01
#0897-d156 @A: 01 25 23 29 | 12
#0898-d156 @A: 31 34 35 29 | 05
#0899-d156 @A: 29 02 20 26 | 10
#0900-d156 @A: 17 21 31 29 | 09
#0901-d156 @A: 22 29 11 30 | 11
#0902-d156 @A: 35 04 30 29 | 02
#0903-d156 @A: 30 29 28 09 | 03
#0904-d156 @A: 13 10 12 23 | 06
#0905-d156 @A: 13 10 11 01 | 04
#0906-d156 @A: 08 28 16 13 | 07
#0907-d156 @A: 17 33 13 19 | 08
#0908-d156 @A: 03 12 25 13 | 01
#0909-d156 @A: 17 22 12 13 | 12
#0910-d156 @A: 13 18 20 14 | 05
#0911-d156 @A: 19 34 22 13 | 10
#0912-d156 @A: 16 13 22 11 | 09
#0913-d156 @A: 35 09 16 13 | 11
#0914-d156 @A: 07 10 08 21 | 02
#0915-d156 @A: 31 14 10 33 | 03
#0916-d156 @A: 10 17 04 33 | 06
#0917-d156 @A: 02 10 14 11 | 04
#0918-d156 @A: 10 18 04 21 | 07
#0919-d156 @A: 10 02 26 35 | 08
#0920-d156 @A: 22 21 26 10 | 01
#0921-d156 @A: 08 09 26 14 | 12
#0922-d156 @A: 08 17 01 09 | 05
#0923-d156 @A: 08 06 15 18 | 10
#0924-d156 @A: 02 08 21 03 | 09
#0925-d156 @A: 31 20 11 08 | 11
#0926-d156 @A: 11 09 35 08 | 02
#0927-d156 @A: 30 31 22 08 | 03
#0928-d156 @A: 16 08 24 27 | 06
#0929-d156 @A: 12 06 33 25 | 04
#0930-d156 @A: 33 25 05 26 | 07
#0931-d156 @A: 33 14 18 09 | 08
#0932-d156 @A: 33 01 27 06 | 01
#0933-d156 @A: 18 07 33 27 | 12
#0934-d156 @A: 09 07 33 34 | 05
#0935-d156 @A: 18 02 33 22 | 10
#0936-d156 @A: 33 17 25 03 | 09
#0937-d156 @A: 32 33 03 26 | 11
#0938-d156 @A: 16 22 15 33 | 02
#0939-d156 @A: 30 04 16 33 | 03
#0940-d156 @A: 25 19 05 12 | 06
#0941-d156 @A: 26 31 14 12 | 04
#0942-d156 @A: 02 07 12 30 | 07
#0943-d156 @A: 31 34 20 12 | 08
#0944-d156 @A: 27 12 02 20 | 01
#0945-d156 @A: 15 12 17 03 | 12
#0946-d156 @A: 16 23 26 12 | 05
#0947-d156 @A: 15 12 35 27 | 10
#0948-d156 @A: 19 12 27 04 | 09
#0949-d156 @A: 09 02 05 01 | 11
#0950-d156 @A: 05 01 26 04 | 02
#0951-d156 @A: 20 01 24 05 | 03
#0952-d156 @A: 07 17 30 05 | 06
#0953-d156 @A: 02 31 18 05 | 04
#0954-d156 @A: 34 05 35 06 | 07
#0955-d156 @A: 26 05 21 28 | 08
#0956-d156 @A: 04 17 05 28 | 01
#0957-d156 @A: 05 26 35 16 | 12
#0958-d156 @A: 28 11 23 05 | 05
#0959-d156 @A: 09 05 20 22 | 10
#0960-d156 @A: 14 19 34 01 | 09
#0961-d156 @A: 14 17 07 32 | 11
#0962-d156 @A: 07 14 26 30 | 02
#0963-d156 @A: 14 18 03 27 | 03
#0964-d156 @A: 02 09 06 14 | 06
#0965-d156 @A: 14 32 06 22 | 04
#0966-d156 @A: 19 26 20 14 | 07
#0967-d156 @A: 15 01 07 17 | 08
#0968-d156 @A: 31 34 01 26 | 01
#0969-d156 @A: 25 01 17 06 | 12
#0970-d156 @A: 32 01 09 27 | 05
#0971-d156 @A: 15 31 01 28 | 10
#0972-d156 @A: 19 01 09 20 | 09
#0973-d156 @A: 28 23 30 01 | 11
#0974-d156 @A: 34 24 17 07 | 02
#0975-d156 @A: 03 04 21 07 | 03
#0976-d156 @A: 04 07 11 17 | 06
#0977-d156 @A: 07 09 11 27 | 04
#0978-d156 @A: 21 34 20 18 | 07
#0979-d156 @A: 16 11 18 02 | 08
#0980-d156 @A: 26 16 21 18 | 01
#0981-d156 @A: 18 23 31 22 | 12
#0982-d156 @A: 04 09 18 31 | 05
#0983-d156 @A: 23 18 16 09 | 10
#0984-d156 @A: 35 34 21 24 | 09
#0985-d156 @A: 34 19 16 04 | 11
#0986-d156 @A: 20 23 34 04 | 02
#0987-d156 @A: 02 04 16 25 | 03
#0988-d156 @A: 09 02 19 16 | 06
#0989-d156 @A: 21 22 20 03 | 04
#0990-d156 @A: 19 06 27 03 | 07
#0991-d156 @A: 06 11 17 21 | 08
#0992-d156 @A: 15 30 27 21 | 01
#0993-d156 @A: 30 35 32 06 | 12
#0994-d156 @A: 23 19 06 31 | 05
#0995-d156 @A: 28 06 30 31 | 10
#0996-d156 @A: 22 19 16 06 | 09
#0997-d156 @A: 17 11 23 09 | 11
#0998-d156 @A: 30 24 11 17 | 02
#0999-d156 @A: 17 27 15 24 | 03
#1000-d156 @A: 16 09 04 17 | 06
#1001-d156 @A: 22 27 16 17 | 04
#1002-d156 @A: 04 30 17 27 | 07
#1003-d156 @A: 15 26 32 22 | 08
#1004-d156 @A: 32 23 26 04 | 01
#1005-d156 @A: 11 20 26 27 | 12
#1006-d156 @A: 30 27 26 24 | 05
#1007-d156 @A: 31 03 13 29 | 10
#1008-d156 @A: 08 23 05 29 | 09
#1009-d156 @A: 01 08 29 20 | 11
#1010-d156 @A: 08 30 29 07 | 02
#1011-d156 @A: 33 02 29 28 | 03
#1012-d156 @A: 12 29 20 21 | 06
#1013-d156 @A: 07 29 20 03 | 04
#1014-d156 @A: 29 20 32 15 | 07
#1015-d156 @A: 27 23 29 16 | 08
#1016-d156 @A: 19 29 30 20 | 01
#1017-d156 @A: 10 03 16 13 | 12
#1018-d156 @A: 13 21 35 10 | 05
#1019-d156 @A: 27 13 06 10 | 10
#1020-d156 @A: 26 10 13 20 | 09
#1021-d156 @A: 13 08 32 07 | 11
#1022-d156 @A: 13 27 03 08 | 02
#1023-d156 @A: 24 08 17 13 | 03
#1024-d156 @A: 14 30 13 12 | 06
#1025-d156 @A: 11 12 13 26 | 04
#1026-d156 @A: 31 19 13 12 | 07
#1027-d156 @A: 20 05 13 21 | 08
#1028-d156 @A: 14 13 26 16 | 01
#1029-d156 @A: 11 07 34 13 | 12
#1030-d156 @A: 34 30 13 06 | 05
#1031-d156 @A: 13 02 03 32 | 10
#1032-d156 @A: 09 02 26 13 | 09
#1033-d156 @A: 21 03 13 24 | 11
#1034-d156 @A: 06 13 04 22 | 02
#1035-d156 @A: 13 27 04 15 | 03
#1036-d156 @A: 15 13 22 09 | 06
#1037-d156 @A: 10 08 12 04 | 04
#1038-d156 @A: 11 21 10 33 | 07
#1039-d156 @A: 10 15 26 33 | 08
#1040-d156 @A: 11 05 10 12 | 01
#1041-d156 @A: 28 10 14 12 | 12
#1042-d156 @A: 03 12 32 10 | 05
#1043-d156 @A: 21 10 19 05 | 10
#1044-d156 @A: 06 05 25 10 | 09
#1045-d156 @A: 10 18 14 24 | 11
#1046-d156 @A: 10 24 01 03 | 02
#1047-d156 @A: 02 28 10 31 | 03
#1048-d156 @A: 04 26 10 11 | 06
#1049-d156 @A: 15 10 09 35 | 04
#1050-d156 @A: 12 08 06 09 | 07
#1051-d156 @A: 30 08 14 32 | 08
#1052-d156 @A: 01 08 34 16 | 01
#1053-d156 @A: 06 08 34 25 | 12
#1054-d156 @A: 32 16 02 08 | 05
#1055-d156 @A: 08 04 03 32 | 10
#1056-d156 @A: 23 21 24 08 | 09
#1057-d156 @A: 08 26 31 15 | 11
#1058-d156 @A: 11 16 08 30 | 02
#1059-d156 @A: 16 31 19 08 | 03
#1060-d156 @A: 08 28 19 22 | 06
#1061-d156 @A: 28 09 08 20 | 04
#1062-d156 @A: 01 14 15 33 | 07
#1063-d156 @A: 11 33 14 27 | 08
#1064-d156 @A: 31 07 33 04 | 01
#1065-d156 @A: 03 18 04 33 | 12
#1066-d156 @A: 03 33 34 06 | 05
#1067-d156 @A: 09 33 21 17 | 10
#1068-d156 @A: 30 26 21 33 | 09
#1069-d156 @A: 07 12 05 22 | 11
#1070-d156 @A: 24 27 05 12 | 02
#1071-d156 @A: 32 12 07 28 | 03
#1072-d156 @A: 12 18 24 02 | 06
#1073-d156 @A: 12 30 17 18 | 04
#1074-d156 @A: 32 04 12 18 | 07
#1075-d156 @A: 21 03 12 23 | 08
#1076-d156 @A: 06 03 12 28 | 01
#1077-d156 @A: 21 06 19 12 | 12
#1078-d156 @A: 16 32 25 12 | 05
#1079-d156 @A: 32 35 12 09 | 10
#1080-d156 @A: 35 12 20 19 | 09
#1081-d156 @A: 05 01 06 30 | 11
#1082-d156 @A: 26 05 17 18 | 02
#1083-d156 @A: 24 06 05 02 | 03
#1084-d156 @A: 03 26 30 05 | 06
#1085-d156 @A: 09 25 05 23 | 04
#1086-d156 @A: 20 05 04 25 | 07
#1087-d156 @A: 22 25 24 05 | 08
#1088-d156 @A: 19 04 05 32 | 01
#1089-d156 @A: 05 22 32 30 | 12
#1090-d156 @A: 19 28 20 05 | 05
#1091-d156 @A: 17 30 01 14 | 10
#1092-d156 @A: 02 20 14 34 | 09
#1093-d156 @A: 11 34 14 03 | 11
#1094-d156 @A: 14 17 02 26 | 02
#1095-d156 @A: 26 14 27 06 | 03
#1096-d156 @A: 15 14 20 22 | 06
#1097-d156 @A: 14 16 30 28 | 04
#1098-d156 @A: 28 35 20 14 | 07
#1099-d156 @A: 02 01 34 24 | 08
#1100-d156 @A: 03 09 01 15 | 01
#1101-d156 @A: 20 06 21 01 | 12
#1102-d156 @A: 01 25 31 04 | 05
#1103-d156 @A: 01 22 19 32 | 10
#1104-d156 @A: 01 19 16 11 | 09
#1105-d156 @A: 01 04 19 23 | 11
#1106-d156 @A: 07 18 28 17 | 02
#1107-d156 @A: 17 02 07 19 | 03
#1108-d156 @A: 06 26 20 07 | 06
#1109-d156 @A: 15 07 16 09 | 04
#1110-d156 @A: 20 04 15 07 | 07
#1111-d156 @A: 34 31 18 16 | 08
#1112-d156 @A: 34 28 20 18 | 01
#1113-d156 @A: 21 18 35 02 | 12
#1114-d156 @A: 02 23 18 04 | 05
#1115-d156 @A: 30 26 18 09 | 10
#1116-d156 @A: 18 15 30 32 | 09
#1117-d156 @A: 15 18 04 16 | 11
#1118-d156 @A: 18 24 30 22 | 02
#1119-d156 @A: 31 22 06 34 | 03
#1120-d156 @A: 15 11 34 27 | 06
#1121-d156 @A: 23 31 15 34 | 04
#1122-d156 @A: 24 16 34 15 | 07
#1123-d156 @A: 16 15 02 03 | 08
#1124-d156 @A: 02 28 23 11 | 01
#1125-d156 @A: 27 15 22 02 | 12
#1126-d156 @A: 30 02 35 19 | 05
#1127-d156 @A: 23 27 24 02 | 10
#1128-d156 @A: 09 32 21 03 | 09
#1129-d156 @A: 22 32 35 03 | 11
#1130-d156 @A: 23 03 19 32 | 02
#1131-d156 @A: 03 20 23 28 | 03
#1132-d156 @A: 16 11 09 21 | 06
#1133-d156 @A: 16 21 35 19 | 04
#1134-d156 @A: 16 20 21 30 | 07
#1135-d156 @A: 25 22 06 11 | 08
#1136-d156 @A: 06 31 25 35 | 01
#1137-d156 @A: 04 25 06 27 | 12
#1138-d156 @A: 09 15 23 06 | 05
#1139-d156 @A: 06 09 22 24 | 10
#1140-d156 @A: 25 17 16 24 | 09
#1141-d156 @A: 27 17 25 20 | 11
#1142-d156 @A: 17 04 32 24 | 02
#1143-d156 @A: 17 11 20 16 | 03
#1144-d156 @A: 30 35 17 31 | 06
#1145-d156 @A: 28 09 17 27 | 04
#1146-d156 @A: 28 20 17 24 | 07
#1147-d156 @A: 31 27 26 25 | 08
#1148-d156 @A: 15 30 26 28 | 01
#1149-d156 @A: 22 04 26 27 | 12
#1150-d156 @A: 16 25 22 28 | 05
#1151-d156 @A: 11 28 20 22 | 10
#1152-d156 @A: 01 12 29 13 | 09
#1153-d156 @A: 11 09 29 13 | 11
#1154-d156 @A: 08 29 19 21 | 02
#1155-d156 @A: 11 29 33 17 | 03
#1156-d156 @A: 26 33 29 27 | 06
#1157-d156 @A: 05 18 29 25 | 04
#1158-d156 @A: 29 34 30 14 | 07
#1159-d156 @A: 01 07 29 16 | 08
#1160-d156 @A: 28 29 01 19 | 01
#1161-d156 @A: 03 34 24 29 | 12
#1162-d156 @A: 27 03 29 17 | 05
#1163-d156 @A: 27 29 32 35 | 10
#1164-d156 @A: 13 23 26 33 | 09
#1165-d156 @A: 13 33 28 30 | 11
#1166-d156 @A: 14 13 27 05 | 02
#1167-d156 @A: 13 05 22 03 | 03
#1168-d156 @A: 26 19 13 05 | 06
#1169-d156 @A: 32 13 18 01 | 04
#1170-d156 @A: 01 03 20 13 | 07
#1171-d156 @A: 01 21 13 19 | 08
#1172-d156 @A: 13 07 22 26 | 01
#1173-d156 @A: 13 06 26 24 | 12
#1174-d156 @A: 13 15 20 25 | 05
#1175-d156 @A: 13 30 32 09 | 10
#1176-d156 @A: 13 35 19 04 | 09
#1177-d156 @A: 19 14 08 10 | 11
#1178-d156 @A: 10 07 02 33 | 02
#1179-d156 @A: 05 10 27 17 | 03
#1180-d156 @A: 20 14 10 01 | 06
#1181-d156 @A: 31 10 18 32 | 04
#1182-d156 @A: 10 16 21 24 | 07
#1183-d156 @A: 25 10 32 04 | 08
#1184-d156 @A: 10 19 30 32 | 01
#1185-d156 @A: 19 11 10 20 | 12
#1186-d156 @A: 15 20 31 10 | 05
#1187-d156 @A: 23 24 10 09 | 10
#1188-d156 @A: 12 05 15 08 | 09
#1189-d156 @A: 12 08 07 20 | 11
#1190-d156 @A: 08 12 26 27 | 02
#1191-d156 @A: 05 30 18 08 | 03
#1192-d156 @A: 04 34 08 14 | 06
#1193-d156 @A: 07 08 01 25 | 04
#1194-d156 @A: 01 08 24 28 | 07
#1195-d156 @A: 04 06 08 35 | 08
#1196-d156 @A: 08 17 20 15 | 01
#1197-d156 @A: 25 31 09 08 | 12
#1198-d156 @A: 31 24 08 04 | 05
#1199-d156 @A: 28 01 22 33 | 10
#1200-d156 @A: 33 23 18 34 | 09
#1201-d156 @A: 33 18 20 06 | 11
#1202-d156 @A: 26 20 34 33 | 02
#1203-d156 @A: 11 06 33 23 | 03
#1204-d156 @A: 33 32 19 28 | 06
#1205-d156 @A: 35 33 11 30 | 04
#1206-d156 @A: 12 05 16 01 | 07
#1207-d156 @A: 05 20 26 12 | 08
#1208-d156 @A: 34 01 23 12 | 01
#1209-d156 @A: 12 01 27 03 | 12
#1210-d156 @A: 23 12 07 06 | 05
#1211-d156 @A: 07 12 26 24 | 10
#1212-d156 @A: 18 03 12 11 | 09
#1213-d156 @A: 27 12 06 34 | 11
#1214-d156 @A: 17 04 12 34 | 02
#1215-d156 @A: 12 06 22 02 | 03
#1216-d156 @A: 26 12 02 32 | 06
#1217-d156 @A: 12 25 27 23 | 04
#1218-d156 @A: 12 11 28 30 | 07
#1219-d156 @A: 16 15 31 12 | 08
#1220-d156 @A: 16 27 12 09 | 01
#1221-d156 @A: 20 12 22 16 | 12
#1222-d156 @A: 22 35 04 12 | 05
#1223-d156 @A: 23 12 09 04 | 10
#1224-d156 @A: 24 14 34 05 | 09
#1225-d156 @A: 01 27 07 05 | 11
#1226-d156 @A: 34 05 22 02 | 02
#1227-d156 @A: 16 34 21 05 | 03
#1228-d156 @A: 05 04 21 17 | 06
#1229-d156 @A: 16 05 27 11 | 04
#1230-d156 @A: 09 30 05 27 | 07
#1231-d156 @A: 28 05 24 22 | 08
#1232-d156 @A: 07 14 03 02 | 01
#1233-d156 @A: 23 18 21 14 | 12
#1234-d156 @A: 02 14 27 25 | 05
#1235-d156 @A: 24 26 03 14 | 10
#1236-d156 @A: 14 25 24 23 | 09
#1237-d156 @A: 14 35 32 04 | 11
#1238-d156 @A: 04 11 14 28 | 02
#1239-d156 @A: 01 19 17 18 | 03
#1240-d156 @A: 21 34 01 04 | 06
#1241-d156 @A: 02 20 30 01 | 04
#1242-d156 @A: 32 11 01 28 | 07
#1243-d156 @A: 01 23 32 35 | 08
#1244-d156 @A: 01 16 24 22 | 01
#1245-d156 @A: 17 20 07 18 | 12
#1246-d156 @A: 17 21 07 23 | 05
#1247-d156 @A: 35 24 07 06 | 10
#1248-d156 @A: 23 07 24 32 | 09
#1249-d156 @A: 24 07 11 16 | 11
#1250-d156 @A: 27 07 31 35 | 02
#1251-d156 @A: 20 07 22 31 | 03
#1252-d156 @A: 19 07 24 20 | 06
#1253-d156 @A: 18 11 25 19 | 04
#1254-d156 @A: 28 31 18 16 | 07
#1255-d156 @A: 20 18 19 23 | 08
#1256-d156 @A: 03 17 16 34 | 01
#1257-d156 @A: 06 26 34 15 | 12
#1258-d156 @A: 34 17 23 27 | 05
#1259-d156 @A: 19 34 25 31 | 10
#1260-d156 @A: 11 32 31 34 | 09
#1261-d156 @A: 32 31 28 34 | 11
#1262-d156 @A: 22 34 24 27 | 02
#1263-d156 @A: 09 02 03 28 | 03
#1264-d156 @A: 02 24 26 22 | 06
#1265-d156 @A: 04 02 11 24 | 04
#1266-d156 @A: 02 23 22 16 | 07
#1267-d156 @A: 09 02 24 35 | 08
#1268-d156 @A: 03 21 17 26 | 01
#1269-d156 @A: 03 35 27 21 | 12
#1270-d156 @A: 03 27 32 20 | 05
#1271-d156 @A: 04 15 03 11 | 10
#1272-d156 @A: 22 15 03 31 | 09
#1273-d156 @A: 20 09 03 35 | 11
#1274-d156 @A: 21 27 22 32 | 02
#1275-d156 @A: 31 21 11 15 | 03
#1276-d156 @A: 25 06 15 24 | 06
#1277-d156 @A: 06 25 19 20 | 04
#1278-d156 @A: 06 27 16 32 | 07
#1279-d156 @A: 31 26 04 17 | 08
#1280-d156 @A: 15 17 09 32 | 01
#1281-d156 @A: 09 26 24 32 | 12
#1282-d156 @A: 11 31 26 35 | 05
#1283-d156 @A: 04 26 20 30 | 10
#1284-d156 @A: 26 08 29 16 | 09
#1285-d156 @A: 16 18 12 29 | 11
#1286-d156 @A: 03 29 16 05 | 02
#1287-d156 @A: 07 29 25 14 | 03
#1288-d156 @A: 18 01 09 29 | 06
#1289-d156 @A: 18 30 06 29 | 04
#1290-d156 @A: 29 21 22 34 | 07
#1291-d156 @A: 09 29 06 03 | 08
#1292-d156 @A: 29 16 24 32 | 01
#1293-d156 @A: 16 29 11 31 | 12
#1294-d156 @A: 29 19 35 15 | 05
#1295-d156 @A: 26 30 13 08 | 10
#1296-d156 @A: 13 04 33 21 | 09
#1297-d156 @A: 09 18 12 13 | 11
#1298-d156 @A: 16 07 17 13 | 02
#1299-d156 @A: 13 02 19 18 | 03
#1300-d156 @A: 11 21 13 23 | 06
#1301-d156 @A: 33 16 10 01 | 04
#1302-d156 @A: 33 06 10 22 | 07
#1303-d156 @A: 10 28 11 33 | 08
#1304-d156 @A: 30 12 21 10 | 01
#1305-d156 @A: 10 05 18 16 | 12
#1306-d156 @A: 04 01 06 10 | 05
#1307-d156 @A: 09 10 03 18 | 10
#1308-d156 @A: 34 32 21 10 | 09
#1309-d156 @A: 24 10 25 34 | 11
#1310-d156 @A: 30 23 02 10 | 02
#1311-d156 @A: 27 03 10 26 | 03
#1312-d156 @A: 10 24 19 15 | 06
#1313-d156 @A: 10 15 22 04 | 04
#1314-d156 @A: 22 27 10 23 | 07
#1315-d156 @A: 33 01 08 04 | 08
#1316-d156 @A: 22 08 12 25 | 01
#1317-d156 @A: 05 14 08 01 | 12
#1318-d156 @A: 05 08 02 19 | 05
#1319-d156 @A: 21 05 35 08 | 10
#1320-d156 @A: 15 14 08 02 | 09
#1321-d156 @A: 15 34 28 08 | 11
#1322-d156 @A: 26 06 23 08 | 02
#1323-d156 @A: 25 32 08 20 | 03
#1324-d156 @A: 08 22 15 24 | 06
#1325-d156 @A: 08 27 19 09 | 04
#1326-d156 @A: 20 08 27 30 | 07
#1327-d156 @A: 35 33 05 14 | 08
#1328-d156 @A: 33 05 07 32 | 01
#1329-d156 @A: 34 32 14 33 | 12
#1330-d156 @A: 19 01 07 33 | 05
#1331-d156 @A: 33 17 26 07 | 10
#1332-d156 @A: 03 24 33 02 | 09
#1333-d156 @A: 33 27 30 03 | 11
#1334-d156 @A: 33 35 25 21 | 02
#1335-d156 @A: 16 27 21 33 | 03
#1336-d156 @A: 33 24 31 26 | 06
#1337-d156 @A: 25 24 33 11 | 04
#1338-d156 @A: 32 12 05 14 | 07
#1339-d156 @A: 12 14 03 16 | 08
#1340-d156 @A: 18 06 12 01 | 01
#1341-d156 @A: 02 01 12 25 | 12
#1342-d156 @A: 25 20 18 12 | 05
#1343-d156 @A: 31 03 02 12 | 10
#1344-d156 @A: 15 12 02 09 | 09
#1345-d156 @A: 26 12 28 16 | 11
#1346-d156 @A: 28 23 25 12 | 02
#1347-d156 @A: 22 32 11 12 | 03
#1348-d156 @A: 27 32 30 12 | 06
#1349-d156 @A: 12 30 31 04 | 04
#1350-d156 @A: 04 18 14 05 | 07
#1351-d156 @A: 11 05 06 07 | 08
#1352-d156 @A: 05 23 20 32 | 01
#1353-d156 @A: 22 11 05 35 | 12
#1354-d156 @A: 14 25 03 01 | 05
#1355-d156 @A: 22 26 14 01 | 10
#1356-d156 @A: 18 34 15 14 | 09
#1357-d156 @A: 02 32 14 23 | 11
#1358-d156 @A: 14 04 21 06 | 02
#1359-d156 @A: 14 26 25 21 | 03
#1360-d156 @A: 14 21 11 30 | 06
#1361-d156 @A: 14 17 15 06 | 04
#1362-d156 @A: 19 04 14 17 | 07
#1363-d156 @A: 19 25 32 14 | 08
#1364-d156 @A: 16 19 14 30 | 01
#1365-d156 @A: 14 35 27 22 | 12
#1366-d156 @A: 30 07 24 01 | 05
#1367-d156 @A: 22 01 17 34 | 10
#1368-d156 @A: 21 26 24 01 | 09
#1369-d156 @A: 01 27 23 26 | 11
#1370-d156 @A: 15 25 22 01 | 02
#1371-d156 @A: 24 19 01 25 | 03
#1372-d156 @A: 15 01 11 23 | 06
#1373-d156 @A: 25 07 24 18 | 04
#1374-d156 @A: 07 21 28 34 | 07
#1375-d156 @A: 27 07 17 06 | 08
#1376-d156 @A: 25 07 35 28 | 01
#1377-d156 @A: 30 20 11 07 | 12
#1378-d156 @A: 16 30 31 07 | 05
#1379-d156 @A: 22 04 07 24 | 10
#1380-d156 @A: 06 18 17 04 | 09
#1381-d156 @A: 16 25 30 18 | 11
#1382-d156 @A: 30 18 20 31 | 02
#1383-d156 @A: 30 19 18 04 | 03
#1384-d156 @A: 34 26 09 27 | 06
#1385-d156 @A: 32 35 34 25 | 04
#1386-d156 @A: 30 28 34 25 | 07
#1387-d156 @A: 32 34 09 23 | 08
#1388-d156 @A: 24 34 31 09 | 01
#1389-d156 @A: 09 30 35 34 | 12
#1390-d156 @A: 02 25 30 15 | 05
#1391-d156 @A: 23 19 02 25 | 10
#1392-d156 @A: 23 31 11 02 | 09
#1393-d156 @A: 23 25 22 03 | 11
#1394-d156 @A: 03 11 24 20 | 02
#1395-d156 @A: 04 03 31 20 | 03
#1396-d156 @A: 28 03 24 16 | 06
#1397-d156 @A: 21 24 25 28 | 04
#1398-d156 @A: 21 04 20 11 | 07
#1399-d156 @A: 28 11 27 21 | 08
#1400-d156 @A: 09 16 28 21 | 01
#1401-d156 @A: 24 19 21 04 | 12
#1402-d156 @A: 27 23 04 21 | 05
#1403-d156 @A: 06 26 30 25 | 10
#1404-d156 @A: 27 24 06 11 | 09
#1405-d156 @A: 15 27 06 20 | 11
#1406-d156 @A: 27 30 23 06 | 02
#1407-d156 @A: 17 16 26 30 | 03
#1408-d156 @A: 20 26 22 17 | 06
#1409-d156 @A: 20 23 17 31 | 04
#1410-d156 @A: 28 09 25 26 | 07
#1411-d156 @A: 11 26 09 19 | 08
#1412-d156 @A: 15 35 24 26 | 01
#1413-d156 @A: 19 11 28 25 | 12
#1414-d156 @A: 31 28 35 19 | 05
#1415-d156 @A: 13 24 02 29 | 10
#1416-d156 @A: 10 31 07 29 | 09
#1417-d156 @A: 29 31 08 12 | 11
#1418-d156 @A: 14 11 08 29 | 02
#1419-d156 @A: 03 25 08 29 | 03
#1420-d156 @A: 25 33 29 02 | 06
#1421-d156 @A: 19 16 33 29 | 04
#1422-d156 @A: 12 29 11 27 | 07
#1423-d156 @A: 06 29 14 23 | 08
#1424-d156 @A: 26 29 01 17 | 01
#1425-d156 @A: 34 07 19 29 | 12
#1426-d156 @A: 29 18 26 28 | 05
#1427-d156 @A: 29 06 32 21 | 10
#1428-d156 @A: 28 21 29 17 | 09
#1429-d156 @A: 16 21 04 29 | 11
#1430-d156 @A: 29 23 15 22 | 02
#1431-d156 @A: 31 13 02 10 | 03
#1432-d156 @A: 08 13 12 02 | 06
#1433-d156 @A: 14 13 08 06 | 04
#1434-d156 @A: 13 33 30 02 | 07
#1435-d156 @A: 13 05 34 01 | 08
#1436-d156 @A: 13 14 21 32 | 01
#1437-d156 @A: 18 13 04 07 | 12
#1438-d156 @A: 25 21 18 13 | 05
#1439-d156 @A: 28 26 24 13 | 10
#1440-d156 @A: 24 35 13 11 | 09
#1441-d156 @A: 31 16 20 13 | 11
#1442-d156 @A: 13 30 27 16 | 02
#1443-d156 @A: 13 35 23 22 | 03
#1444-d156 @A: 20 13 27 22 | 06
#1445-d156 @A: 10 12 14 22 | 04
#1446-d156 @A: 05 34 15 10 | 07
#1447-d156 @A: 10 03 21 14 | 08
#1448-d156 @A: 23 10 14 26 | 01
#1449-d156 @A: 18 19 10 26 | 12
#1450-d156 @A: 31 34 10 30 | 05
#1451-d156 @A: 10 27 31 21 | 10
#1452-d156 @A: 22 32 10 16 | 09
#1453-d156 @A: 12 30 01 08 | 11
#1454-d156 @A: 06 05 08 28 | 02
#1455-d156 @A: 11 08 26 07 | 03
#1456-d156 @A: 09 08 34 03 | 06
#1457-d156 @A: 30 08 34 21 | 04
#1458-d156 @A: 35 02 08 27 | 07
#1459-d156 @A: 25 08 04 21 | 08
#1460-d156 @A: 28 08 35 27 | 01
#1461-d156 @A: 04 30 23 08 | 12
#1462-d156 @A: 18 26 11 33 | 05
#1463-d156 @A: 18 09 28 33 | 10
#1464-d156 @A: 16 33 26 02 | 09
#1465-d156 @A: 11 02 33 09 | 11
#1466-d156 @A: 33 09 16 03 | 02
#1467-d156 @A: 23 15 33 27 | 03
#1468-d156 @A: 23 16 33 31 | 06
#1469-d156 @A: 16 33 24 35 | 04
#1470-d156 @A: 01 12 07 04 | 07
#1471-d156 @A: 12 01 21 35 | 08
#1472-d156 @A: 12 31 07 18 | 01
#1473-d156 @A: 25 21 31 12 | 12
#1474-d156 @A: 32 23 12 31 | 05
#1475-d156 @A: 20 12 09 11 | 10
#1476-d156 @A: 24 12 20 30 | 09
#1477-d156 @A: 05 21 22 14 | 11
#1478-d156 @A: 05 14 19 06 | 02
#1479-d156 @A: 05 15 01 19 | 03
#1480-d156 @A: 34 07 05 04 | 06
#1481-d156 @A: 35 02 07 05 | 04
#1482-d156 @A: 07 03 24 05 | 07
#1483-d156 @A: 17 34 09 05 | 08
#1484-d156 @A: 05 19 34 30 | 01
#1485-d156 @A: 32 05 24 11 | 12
#1486-d156 @A: 07 35 14 15 | 05
#1487-d156 @A: 35 14 26 34 | 10
#1488-d156 @A: 15 32 14 16 | 09
#1489-d156 @A: 31 30 23 14 | 11
#1490-d156 @A: 24 22 31 14 | 02
#1491-d156 @A: 14 24 28 19 | 03
#1492-d156 @A: 24 20 04 14 | 06
#1493-d156 @A: 03 01 18 07 | 04
#1494-d156 @A: 02 01 31 06 | 07
#1495-d156 @A: 26 11 02 01 | 08
#1496-d156 @A: 01 06 26 16 | 01
#1497-d156 @A: 09 01 24 11 | 12
#1498-d156 @A: 35 27 24 01 | 05
#1499-d156 @A: 21 24 07 02 | 10
#1500-d156 @A: 07 11 22 15 | 09
#1501-d156 @A: 09 07 30 19 | 11
#1502-d156 @A: 32 34 18 02 | 02
#1503-d156 @A: 26 02 18 15 | 03
#1504-d156 @A: 19 03 28 18 | 06
#1505-d156 @A: 18 25 27 22 | 04
#1506-d156 @A: 35 31 19 18 | 07
#1507-d156 @A: 34 02 27 03 | 08
#1508-d156 @A: 34 31 02 21 | 01
#1509-d156 @A: 04 34 26 03 | 12
#1510-d156 @A: 11 34 26 21 | 05
#1511-d156 @A: 34 26 35 28 | 10
#1512-d156 @A: 15 04 34 32 | 09
#1513-d156 @A: 22 32 20 34 | 11
#1514-d156 @A: 15 09 34 19 | 02
#1515-d156 @A: 16 23 34 28 | 03
#1516-d156 @A: 25 11 21 02 | 06
#1517-d156 @A: 17 23 02 06 | 04
#1518-d156 @A: 02 26 06 28 | 07
#1519-d156 @A: 04 02 22 32 | 08
#1520-d156 @A: 21 03 25 06 | 01
#1521-d156 @A: 03 35 21 28 | 12
#1522-d156 @A: 03 11 27 23 | 05
#1523-d156 @A: 04 19 22 03 | 10
#1524-d156 @A: 06 21 35 26 | 09
#1525-d156 @A: 21 25 22 16 | 11
#1526-d156 @A: 21 25 30 19 | 02
#1527-d156 @A: 30 04 21 32 | 03
#1528-d156 @A: 31 21 23 35 | 06
#1529-d156 @A: 21 24 31 20 | 04
#1530-d156 @A: 21 09 27 20 | 07
#1531-d156 @A: 23 32 06 25 | 08
#1532-d156 @A: 09 16 06 25 | 01
#1533-d156 @A: 11 15 06 16 | 12
#1534-d156 @A: 31 30 06 15 | 05
#1535-d156 @A: 04 19 06 09 | 10
#1536-d156 @A: 17 19 31 27 | 09
#1537-d156 @A: 17 28 23 35 | 11
#1538-d156 @A: 35 25 26 04 | 02
#1539-d156 @A: 20 26 09 16 | 03
#1540-d156 @A: 04 20 28 25 | 06
#1541-d156 @A: 28 31 24 27 | 04
#1542-d156 @A: 13 29 08 35 | 07
#1543-d156 @A: 32 13 28 29 | 08
#1544-d156 @A: 23 10 33 29 | 01
#1545-d156 @A: 04 29 03 10 | 12
#1546-d156 @A: 10 20 29 09 | 05
#1547-d156 @A: 34 29 08 15 | 10
#1548-d156 @A: 21 33 29 05 | 09
#1549-d156 @A: 29 17 24 05 | 11
#1550-d156 @A: 26 29 05 22 | 02
#1551-d156 @A: 15 29 07 27 | 03
#1552-d156 @A: 23 18 03 29 | 06
#1553-d156 @A: 29 26 03 19 | 04
#1554-d156 @A: 26 29 06 11 | 07
#1555-d156 @A: 30 29 24 15 | 08
#1556-d156 @A: 30 27 29 31 | 01
#1557-d156 @A: 10 32 13 33 | 12
#1558-d156 @A: 08 13 01 15 | 05
#1559-d156 @A: 19 23 13 08 | 10
#1560-d156 @A: 05 16 13 33 | 09
#1561-d156 @A: 12 34 13 16 | 11
#1562-d156 @A: 30 05 13 04 | 02
#1563-d156 @A: 35 14 13 01 | 03
#1564-d156 @A: 23 34 13 14 | 06
#1565-d156 @A: 13 28 01 35 | 04
#1566-d156 @A: 35 17 18 13 | 07
#1567-d156 @A: 13 27 26 18 | 08
#1568-d156 @A: 20 13 24 34 | 01
#1569-d156 @A: 02 04 17 13 | 12
#1570-d156 @A: 02 13 28 19 | 05
#1571-d156 @A: 17 03 23 13 | 10
#1572-d156 @A: 13 06 19 15 | 09
#1573-d156 @A: 35 27 13 25 | 11
#1574-d156 @A: 04 13 32 31 | 02
#1575-d156 @A: 31 13 11 27 | 03
#1576-d156 @A: 13 09 28 31 | 06
#1577-d156 @A: 31 30 24 13 | 04
#1578-d156 @A: 23 13 27 09 | 07
#1579-d156 @A: 08 10 22 05 | 08
#1580-d156 @A: 08 34 23 10 | 01
#1581-d156 @A: 06 10 08 31 | 12
#1582-d156 @A: 24 10 33 12 | 05
#1583-d156 @A: 25 33 10 20 | 10
#1584-d156 @A: 10 35 19 33 | 09
#1585-d156 @A: 10 19 01 12 | 11
#1586-d156 @A: 05 23 07 10 | 02
#1587-d156 @A: 31 10 26 05 | 03
#1588-d156 @A: 14 10 27 30 | 06
#1589-d156 @A: 34 22 10 07 | 04
#1590-d156 @A: 11 18 10 06 | 07
#1591-d156 @A: 35 10 16 11 | 08
#1592-d156 @A: 10 22 31 35 | 01
#1593-d156 @A: 10 27 09 04 | 12
#1594-d156 @A: 11 08 33 05 | 05
#1595-d156 @A: 33 08 35 26 | 10
#1596-d156 @A: 22 33 08 27 | 09
#1597-d156 @A: 08 12 14 24 | 11
#1598-d156 @A: 08 22 14 03 | 02
#1599-d156 @A: 08 14 27 17 | 03
#1600-d156 @A: 06 19 07 08 | 06
#1601-d156 @A: 21 26 08 32 | 04
#1602-d156 @A: 08 09 30 15 | 07
#1603-d156 @A: 23 08 27 31 | 08
#1604-d156 @A: 03 12 33 20 | 01
#1605-d156 @A: 05 24 18 33 | 12
#1606-d156 @A: 05 23 19 33 | 05
#1607-d156 @A: 33 28 15 14 | 10
#1608-d156 @A: 21 07 20 33 | 09
#1609-d156 @A: 21 19 18 33 | 11
#1610-d156 @A: 33 17 18 16 | 02
#1611-d156 @A: 03 21 33 31 | 03
#1612-d156 @A: 17 31 33 15 | 06
#1613-d156 @A: 33 32 04 09 | 04
#1614-d156 @A: 32 30 33 24 | 07
#1615-d156 @A: 22 11 31 33 | 08
#1616-d156 @A: 18 05 12 34 | 01
#1617-d156 @A: 02 12 05 23 | 12
#1618-d156 @A: 02 14 12 35 | 05
#1619-d156 @A: 14 15 21 12 | 10
#1620-d156 @A: 12 01 15 26 | 09
#1621-d156 @A: 12 15 28 18 | 11
#1622-d156 @A: 12 11 17 02 | 02
#1623-d156 @A: 12 17 21 27 | 03
#1624-d156 @A: 19 21 12 28 | 06
#1625-d156 @A: 12 31 06 11 | 04
#1626-d156 @A: 11 25 12 35 | 07
#1627-d156 @A: 16 24 19 12 | 08
#1628-d156 @A: 35 12 30 23 | 01
#1629-d156 @A: 05 17 14 23 | 12
#1630-d156 @A: 05 28 09 14 | 05
#1631-d156 @A: 05 25 01 21 | 10
#1632-d156 @A: 32 05 03 18 | 09
#1633-d156 @A: 05 20 02 17 | 11
#1634-d156 @A: 19 03 05 17 | 02
#1635-d156 @A: 06 15 21 05 | 03
#1636-d156 @A: 05 06 31 27 | 06
#1637-d156 @A: 05 15 32 31 | 04
#1638-d156 @A: 23 35 27 05 | 07
#1639-d156 @A: 18 14 01 16 | 08
#1640-d156 @A: 02 01 14 04 | 01
#1641-d156 @A: 32 01 14 31 | 12
#1642-d156 @A: 09 14 22 07 | 05
#1643-d156 @A: 18 14 02 30 | 10
#1644-d156 @A: 14 34 25 22 | 09
#1645-d156 @A: 28 22 03 14 | 11
#1646-d156 @A: 14 19 11 22 | 02
#1647-d156 @A: 35 16 14 20 | 03
#1648-d156 @A: 09 14 35 19 | 06
#1649-d156 @A: 35 24 30 14 | 04
#1650-d156 @A: 09 23 14 20 | 07
#1651-d156 @A: 32 01 26 07 | 08
#1652-d156 @A: 35 34 01 15 | 01
#1653-d156 @A: 03 17 28 01 | 12
#1654-d156 @A: 31 03 30 01 | 05
#1655-d156 @A: 16 27 25 01 | 10
#1656-d156 @A: 23 01 20 22 | 09
#1657-d156 @A: 07 23 02 34 | 11
#1658-d156 @A: 34 07 25 26 | 02
#1659-d156 @A: 17 07 03 35 | 03
#1660-d156 @A: 07 26 21 27 | 06
#1661-d156 @A: 19 11 07 31 | 04
#1662-d156 @A: 23 07 11 35 | 07
#1663-d156 @A: 34 06 18 09 | 08
#1664-d156 @A: 18 03 20 02 | 01
#1665-d156 @A: 06 18 21 31 | 12
#1666-d156 @A: 24 17 21 18 | 05
#1667-d156 @A: 26 18 06 22 | 10
#1668-d156 @A: 34 06 16 02 | 09
#1669-d156 @A: 22 11 23 34 | 11
#1670-d156 @A: 34 16 27 35 | 02
#1671-d156 @A: 03 06 02 11 | 03
#1672-d156 @A: 30 32 02 31 | 06
#1673-d156 @A: 15 04 02 31 | 04
#1674-d156 @A: 31 02 27 09 | 07
#1675-d156 @A: 06 32 17 03 | 08
#1676-d156 @A: 24 23 03 16 | 01
#1677-d156 @A: 09 03 22 27 | 12
#1678-d156 @A: 31 21 19 32 | 05
#1679-d156 @A: 15 23 16 21 | 10
#1680-d156 @A: 04 28 31 21 | 09
#1681-d156 @A: 09 30 21 31 | 11
#1682-d156 @A: 16 06 28 17 | 02
#1683-d156 @A: 32 31 24 06 | 03
#1684-d156 @A: 15 06 35 22 | 06
#1685-d156 @A: 04 09 28 06 | 04
#1686-d156 @A: 17 30 22 15 | 07
#1687-d156 @A: 24 16 04 26 | 08
#1688-d156 @A: 35 30 26 22 | 01
#1689-d156 @A: 24 09 28 15 | 12
