#0001-d229 @A: 21 17 27 13 | 09
#0002-d229 @A: 31 33 17 04 | 01
#0003-d229 @A: 17 12 22 25 | 10
#0004-d229 @A: 08 19 10 17 | 06
#0005-d229 @A: 17 24 15 02 | 05
#0006-d229 @A: 22 09 02 17 | 02
#0007-d229 @A: 26 13 06 14 | 11
#0008-d229 @A: 30 19 13 04 | 08
#0009-d229 @A: 13 32 31 34 | 07
#0010-d229 @A: 35 06 24 13 | 12
#0011-d229 @A: 35 13 10 30 | 04
#0012-d229 @A: 13 23 33 18 | 03
#0013-d229 @A: 09 19 22 13 | 09
#0014-d229 @A: 13 23 26 05 | 01
#0015-d229 @A: 26 19 13 02 | 10
#0016-d229 @A: 19 27 13 07 | 06
#0017-d229 @A: 30 16 04 14 | 05
#0018-d229 @A: 14 21 03 04 | 02
#0019-d229 @A: 29 04 14 24 | 11
#0020-d229 @A: 16 23 14 25 | 08
#0021-d229 @A: 28 25 11 14 | 07
#0022-d229 @A: 14 19 18 25 | 12
#0023-d229 @A: 18 14 02 32 | 04
#0024-d229 @A: 06 18 14 34 | 03
#0025-d229 @A: 28 22 15 14 | 09
#0026-d229 @A: 21 14 30 09 | 01
#0027-d229 @A: 14 05 21 26 | 10
#0028-d229 @A: 09 14 23 05 | 06
#0029-d229 @A: 31 14 07 05 | 05
#0030-d229 @A: 20 14 34 22 | 02
#0031-d229 @A: 04 12 10 01 | 11
#0032-d229 @A: 29 04 01 18 | 08
#0033-d229 @A: 25 27 16 01 | 07
#0034-d229 @A: 01 09 10 25 | 12
#0035-d229 @A: 01 26 18 25 | 04
#0036-d229 @A: 15 01 05 08 | 03
#0037-d229 @A: 26 33 01 06 | 09
#0038-d229 @A: 01 11 16 10 | 01
#0039-d229 @A: 01 33 02 16 | 10
#0040-d229 @A: 01 23 15 33 | 06
#0041-d229 @A: 01 15 19 02 | 05
#0042-d229 @A: 18 01 12 34 | 02
#0043-d229 @A: 35 12 01 19 | 11
#0044-d229 @A: 29 01 11 09 | 08
#0045-d229 @A: 26 07 22 01 | 07
#0046-d229 @A: 23 01 12 11 | 12
#0047-d229 @A: 25 19 04 32 | 04
#0048-d229 @A: 31 06 25 04 | 03
#0049-d229 @A: 32 04 08 07 | 09
#0050-d229 @A: 09 32 16 04 | 01
#0051-d229 @A: 04 12 28 32 | 10
#0052-d229 @A: 03 04 32 33 | 06
#0053-d229 @A: 32 35 04 24 | 05
#0054-d229 @A: 30 04 34 06 | 02
#0055-d229 @A: 04 22 10 16 | 11
#0056-d229 @A: 04 23 28 21 | 08
#0057-d229 @A: 10 04 21 19 | 07
#0058-d229 @A: 18 04 12 33 | 12
#0059-d229 @A: 04 29 31 21 | 04
#0060-d229 @A: 04 35 29 22 | 03
#0061-d229 @A: 04 31 26 05 | 09
#0062-d229 @A: 04 02 27 31 | 01
#0063-d229 @A: 15 16 25 02 | 10
#0064-d229 @A: 11 10 33 25 | 06
#0065-d229 @A: 30 25 15 31 | 05
#0066-d229 @A: 15 25 24 22 | 02
#0067-d229 @A: 33 25 31 26 | 11
#0068-d229 @A: 35 25 20 34 | 08
#0069-d229 @A: 12 03 25 35 | 07
#0070-d229 @A: 07 22 25 09 | 12
#0071-d229 @A: 02 25 26 34 | 04
#0072-d229 @A: 31 19 25 03 | 03
#0073-d229 @A: 34 06 32 28 | 09
#0074-d229 @A: 16 32 02 28 | 01
#0075-d229 @A: 24 32 21 28 | 10
#0076-d229 @A: 35 34 22 32 | 06
#0077-d229 @A: 23 03 32 05 | 05
#0078-d229 @A: 35 08 06 20 | 02
#0079-d229 @A: 21 28 05 08 | 11
#0080-d229 @A: 30 22 33 08 | 08
#0081-d229 @A: 08 27 21 15 | 07
#0082-d229 @A: 29 33 21 08 | 12
#0083-d229 @A: 19 08 35 27 | 04
#0084-d229 @A: 26 27 08 09 | 03
#0085-d229 @A: 31 08 26 03 | 09
#0086-d229 @A: 08 27 23 07 | 01
#0087-d229 @A: 08 27 34 22 | 10
#0088-d229 @A: 19 12 06 16 | 06
#0089-d229 @A: 05 10 06 21 | 05
#0090-d229 @A: 29 06 15 22 | 02
#0091-d229 @A: 07 06 02 33 | 11
#0092-d229 @A: 06 29 20 31 | 08
#0093-d229 @A: 16 10 30 34 | 07
#0094-d229 @A: 11 15 35 16 | 12
#0095-d229 @A: 16 11 21 33 | 04
#0096-d229 @A: 27 24 33 16 | 03
#0097-d229 @A: 02 26 31 16 | 09
#0098-d229 @A: 26 20 23 16 | 01
#0099-d229 @A: 22 16 26 11 | 10
#0100-d229 @A: 31 16 27 05 | 06
#0101-d229 @A: 30 28 03 34 | 05
#0102-d229 @A: 34 28 19 26 | 02
#0103-d229 @A: 28 27 22 29 | 11
#0104-d229 @A: 07 02 28 31 | 08
#0105-d229 @A: 19 28 02 03 | 07
#0106-d229 @A: 05 19 28 12 | 12
#0107-d229 @A: 20 10 21 26 | 04
#0108-d229 @A: 27 22 35 10 | 03
#0109-d229 @A: 31 03 10 11 | 09
#0110-d229 @A: 10 07 11 23 | 01
#0111-d229 @A: 10 02 11 27 | 10
#0112-d229 @A: 10 27 03 34 | 06
#0113-d229 @A: 03 10 19 05 | 05
#0114-d229 @A: 15 26 33 30 | 02
#0115-d229 @A: 27 09 22 30 | 11
#0116-d229 @A: 11 29 05 30 | 08
#0117-d229 @A: 34 30 11 12 | 07
#0118-d229 @A: 33 18 15 35 | 12
#0119-d229 @A: 33 24 31 15 | 04
#0120-d229 @A: 35 09 31 15 | 03
#0121-d229 @A: 23 35 27 15 | 09
#0122-d229 @A: 15 03 22 35 | 01
#0123-d229 @A: 35 18 23 05 | 10
#0124-d229 @A: 20 18 35 12 | 06
#0125-d229 @A: 02 31 18 09 | 05
#0126-d229 @A: 29 34 18 23 | 02
#0127-d229 @A: 29 07 18 03 | 11
#0128-d229 @A: 19 03 33 26 | 08
#0129-d229 @A: 19 20 33 31 | 07
#0130-d229 @A: 27 12 23 33 | 12
#0131-d229 @A: 19 34 11 33 | 04
#0132-d229 @A: 19 24 21 23 | 03
#0133-d229 @A: 23 35 21 12 | 09
#0134-d229 @A: 21 27 11 35 | 01
#0135-d229 @A: 09 21 34 05 | 10
#0136-d229 @A: 07 21 34 12 | 06
#0137-d229 @A: 35 22 24 05 | 05
#0138-d229 @A: 34 26 12 24 | 02
#0139-d229 @A: 29 24 03 22 | 11
#0140-d229 @A: 23 12 24 03 | 08
#0141-d229 @A: 20 02 11 24 | 07
#0142-d229 @A: 12 19 24 11 | 12
#0143-d229 @A: 20 34 02 29 | 04
#0144-d229 @A: 16 17 34 13 | 03
#0145-d229 @A: 01 12 33 17 | 09
#0146-d229 @A: 25 17 19 24 | 01
#0147-d229 @A: 17 10 32 11 | 10
#0148-d229 @A: 15 17 23 32 | 06
#0149-d229 @A: 21 17 32 12 | 05
#0150-d229 @A: 07 17 28 08 | 02
#0151-d229 @A: 17 08 09 15 | 11
#0152-d229 @A: 28 19 17 33 | 08
#0153-d229 @A: 14 23 15 13 | 07
#0154-d229 @A: 04 13 01 27 | 12
#0155-d229 @A: 23 13 32 04 | 04
#0156-d229 @A: 13 21 25 05 | 03
#0157-d229 @A: 18 06 13 02 | 09
#0158-d229 @A: 02 13 30 28 | 01
#0159-d229 @A: 13 21 28 07 | 10
#0160-d229 @A: 30 13 20 02 | 06
#0161-d229 @A: 13 15 24 29 | 05
#0162-d229 @A: 19 18 21 13 | 02
#0163-d229 @A: 27 29 13 35 | 11
#0164-d229 @A: 31 05 13 35 | 08
#0165-d229 @A: 13 11 35 07 | 07
#0166-d229 @A: 31 03 13 09 | 12
#0167-d229 @A: 06 01 14 11 | 04
#0168-d229 @A: 31 14 33 01 | 03
#0169-d229 @A: 19 14 04 28 | 09
#0170-d229 @A: 09 06 32 14 | 01
#0171-d229 @A: 12 08 14 28 | 10
#0172-d229 @A: 21 06 31 14 | 06
#0173-d229 @A: 09 27 14 16 | 05
#0174-d229 @A: 27 14 15 10 | 02
#0175-d229 @A: 24 10 23 14 | 11
#0176-d229 @A: 14 33 02 30 | 08
#0177-d229 @A: 18 29 14 21 | 07
#0178-d229 @A: 23 14 35 31 | 12
#0179-d229 @A: 26 07 23 14 | 04
#0180-d229 @A: 14 02 31 03 | 03
#0181-d229 @A: 14 07 34 03 | 09
#0182-d229 @A: 05 27 12 14 | 01
#0183-d229 @A: 32 20 33 01 | 10
#0184-d229 @A: 12 09 01 06 | 06
#0185-d229 @A: 12 16 01 22 | 05
#0186-d229 @A: 01 03 24 28 | 02
#0187-d229 @A: 19 01 18 10 | 11
#0188-d229 @A: 30 33 01 27 | 08
#0189-d229 @A: 18 01 35 03 | 07
#0190-d229 @A: 27 21 29 01 | 12
#0191-d229 @A: 19 26 01 23 | 04
#0192-d229 @A: 29 01 03 02 | 03
#0193-d229 @A: 27 01 11 19 | 09
#0194-d229 @A: 09 04 25 21 | 01
#0195-d229 @A: 04 21 08 12 | 10
#0196-d229 @A: 08 20 04 29 | 06
#0197-d229 @A: 27 06 04 21 | 05
#0198-d229 @A: 10 24 27 04 | 02
#0199-d229 @A: 15 12 30 04 | 11
#0200-d229 @A: 21 22 18 04 | 08
#0201-d229 @A: 23 11 04 18 | 07
#0202-d229 @A: 26 04 07 19 | 12
#0203-d229 @A: 02 04 03 26 | 04
#0204-d229 @A: 02 05 12 04 | 03
#0205-d229 @A: 27 04 05 03 | 09
#0206-d229 @A: 25 06 23 32 | 01
#0207-d229 @A: 12 16 24 25 | 10
#0208-d229 @A: 20 25 29 28 | 06
#0209-d229 @A: 25 05 10 29 | 05
#0210-d229 @A: 02 18 20 25 | 02
#0211-d229 @A: 33 25 29 03 | 11
#0212-d229 @A: 25 19 23 33 | 08
#0213-d229 @A: 05 09 26 25 | 07
#0214-d229 @A: 25 26 20 19 | 12
#0215-d229 @A: 07 25 12 31 | 04
#0216-d229 @A: 35 08 31 32 | 03
#0217-d229 @A: 29 24 32 16 | 09
#0218-d229 @A: 28 32 31 20 | 01
#0219-d229 @A: 28 32 07 22 | 10
#0220-d229 @A: 32 33 05 34 | 06
#0221-d229 @A: 19 26 32 31 | 05
#0222-d229 @A: 06 12 08 33 | 02
#0223-d229 @A: 06 05 24 08 | 11
#0224-d229 @A: 05 16 08 22 | 08
#0225-d229 @A: 11 35 30 08 | 07
#0226-d229 @A: 24 27 02 08 | 12
#0227-d229 @A: 24 06 03 20 | 04
#0228-d229 @A: 11 29 31 06 | 03
#0229-d229 @A: 27 06 29 23 | 09
#0230-d229 @A: 05 06 27 34 | 01
#0231-d229 @A: 20 06 19 34 | 10
#0232-d229 @A: 28 16 21 20 | 06
#0233-d229 @A: 16 28 34 24 | 05
#0234-d229 @A: 35 16 24 10 | 02
#0235-d229 @A: 16 23 09 18 | 11
#0236-d229 @A: 18 27 28 10 | 08
#0237-d229 @A: 23 30 26 28 | 07
#0238-d229 @A: 28 15 18 29 | 12
#0239-d229 @A: 31 15 21 28 | 04
#0240-d229 @A: 33 28 09 02 | 03
#0241-d229 @A: 35 29 31 28 | 09
#0242-d229 @A: 28 23 31 20 | 01
#0243-d229 @A: 28 22 12 02 | 10
#0244-d229 @A: 02 18 10 15 | 06
#0245-d229 @A: 12 10 07 18 | 05
#0246-d229 @A: 33 29 24 10 | 02
#0247-d229 @A: 10 35 23 34 | 11
#0248-d229 @A: 10 05 23 22 | 08
#0249-d229 @A: 34 02 07 10 | 07
#0250-d229 @A: 12 10 19 20 | 12
#0251-d229 @A: 19 03 30 15 | 04
#0252-d229 @A: 30 19 29 35 | 03
#0253-d229 @A: 34 35 02 30 | 09
#0254-d229 @A: 07 09 30 26 | 01
#0255-d229 @A: 30 09 05 03 | 10
#0256-d229 @A: 11 22 31 30 | 06
#0257-d229 @A: 30 02 23 22 | 05
#0258-d229 @A: 19 15 35 26 | 02
#0259-d229 @A: 23 09 15 20 | 11
#0260-d229 @A: 03 15 26 29 | 08
#0261-d229 @A: 19 05 15 23 | 07
#0262-d229 @A: 24 27 29 18 | 12
#0263-d229 @A: 18 26 02 11 | 04
#0264-d229 @A: 11 29 19 18 | 03
#0265-d229 @A: 07 05 18 22 | 09
#0266-d229 @A: 12 29 35 33 | 01
#0267-d229 @A: 23 33 09 11 | 10
#0268-d229 @A: 34 35 24 21 | 06
#0269-d229 @A: 24 21 31 03 | 05
#0270-d229 @A: 35 21 26 31 | 02
#0271-d229 @A: 09 31 23 21 | 11
#0272-d229 @A: 21 34 31 27 | 08
#0273-d229 @A: 22 12 27 21 | 07
#0274-d229 @A: 11 24 31 35 | 12
#0275-d229 @A: 24 20 34 09 | 04
#0276-d229 @A: 26 24 07 31 | 03
#0277-d229 @A: 26 24 22 02 | 09
#0278-d229 @A: 24 31 05 23 | 01
#0279-d229 @A: 23 22 24 27 | 10
#0280-d229 @A: 35 05 20 23 | 06
#0281-d229 @A: 15 17 13 31 | 05
#0282-d229 @A: 17 13 24 03 | 02
#0283-d229 @A: 12 24 17 14 | 11
#0284-d229 @A: 31 01 25 17 | 08
#0285-d229 @A: 34 20 17 01 | 07
#0286-d229 @A: 32 17 18 04 | 12
#0287-d229 @A: 17 28 23 25 | 04
#0288-d229 @A: 05 17 15 25 | 03
#0289-d229 @A: 30 19 32 17 | 09
#0290-d229 @A: 27 32 17 31 | 01
#0291-d229 @A: 08 31 30 17 | 10
#0292-d229 @A: 31 02 06 17 | 06
#0293-d229 @A: 15 27 17 16 | 05
#0294-d229 @A: 17 24 07 16 | 02
#0295-d229 @A: 16 29 17 11 | 11
#0296-d229 @A: 17 30 34 18 | 08
#0297-d229 @A: 33 18 17 09 | 07
#0298-d229 @A: 35 07 23 17 | 12
#0299-d229 @A: 13 05 14 28 | 04
#0300-d229 @A: 13 01 30 25 | 03
#0301-d229 @A: 13 15 26 04 | 09
#0302-d229 @A: 23 10 25 13 | 01
#0303-d229 @A: 25 09 13 33 | 10
#0304-d229 @A: 18 32 13 27 | 06
#0305-d229 @A: 21 06 13 11 | 05
#0306-d229 @A: 03 06 22 13 | 02
#0307-d229 @A: 13 26 10 16 | 11
#0308-d229 @A: 13 16 22 27 | 08
#0309-d229 @A: 35 18 13 28 | 07
#0310-d229 @A: 02 13 05 10 | 12
#0311-d229 @A: 12 27 10 13 | 04
#0312-d229 @A: 20 15 29 13 | 03
#0313-d229 @A: 35 34 13 19 | 09
#0314-d229 @A: 19 31 12 13 | 01
#0315-d229 @A: 34 22 13 11 | 10
#0316-d229 @A: 08 01 14 02 | 06
#0317-d229 @A: 18 26 04 14 | 05
#0318-d229 @A: 32 14 15 07 | 02
#0319-d229 @A: 24 08 34 14 | 11
#0320-d229 @A: 02 28 24 14 | 08
#0321-d229 @A: 30 14 11 23 | 07
#0322-d229 @A: 34 30 14 19 | 12
#0323-d229 @A: 29 15 33 14 | 04
#0324-d229 @A: 14 11 24 15 | 03
#0325-d229 @A: 24 33 14 09 | 09
#0326-d229 @A: 27 14 23 03 | 01
#0327-d229 @A: 04 01 23 25 | 10
#0328-d229 @A: 33 01 22 25 | 06
#0329-d229 @A: 31 20 25 01 | 05
#0330-d229 @A: 01 08 30 29 | 02
#0331-d229 @A: 27 08 18 01 | 11
#0332-d229 @A: 15 16 29 01 | 08
#0333-d229 @A: 10 29 01 20 | 07
#0334-d229 @A: 23 01 30 09 | 12
#0335-d229 @A: 01 07 03 33 | 04
#0336-d229 @A: 35 01 07 02 | 03
#0337-d229 @A: 22 09 05 01 | 09
#0338-d229 @A: 11 07 20 01 | 01
#0339-d229 @A: 01 22 27 03 | 10
#0340-d229 @A: 22 01 20 27 | 06
#0341-d229 @A: 25 34 08 04 | 05
#0342-d229 @A: 10 20 04 25 | 02
#0343-d229 @A: 05 21 04 32 | 11
#0344-d229 @A: 24 22 06 04 | 08
#0345-d229 @A: 04 05 30 28 | 07
#0346-d229 @A: 18 19 04 24 | 12
#0347-d229 @A: 04 35 20 33 | 04
#0348-d229 @A: 04 11 34 29 | 03
#0349-d229 @A: 29 04 12 03 | 09
#0350-d229 @A: 07 22 04 31 | 01
#0351-d229 @A: 19 03 04 23 | 10
#0352-d229 @A: 32 08 09 25 | 06
#0353-d229 @A: 25 26 06 08 | 05
#0354-d229 @A: 34 16 25 33 | 02
#0355-d229 @A: 28 25 21 19 | 11
#0356-d229 @A: 27 25 31 10 | 08
#0357-d229 @A: 25 09 24 30 | 07
#0358-d229 @A: 21 23 25 07 | 12
#0359-d229 @A: 23 24 34 25 | 04
#0360-d229 @A: 31 25 09 34 | 03
#0361-d229 @A: 25 19 07 34 | 09
#0362-d229 @A: 02 25 11 03 | 01
#0363-d229 @A: 25 34 12 05 | 10
#0364-d229 @A: 28 08 32 03 | 06
#0365-d229 @A: 02 32 08 33 | 05
#0366-d229 @A: 33 32 19 06 | 02
#0367-d229 @A: 31 05 06 32 | 11
#0368-d229 @A: 30 20 16 32 | 08
#0369-d229 @A: 16 32 31 18 | 07
#0370-d229 @A: 28 32 09 15 | 12
#0371-d229 @A: 10 05 32 30 | 04
#0372-d229 @A: 10 32 07 33 | 03
#0373-d229 @A: 19 02 10 32 | 09
#0374-d229 @A: 33 27 15 32 | 01
#0375-d229 @A: 32 09 07 21 | 10
#0376-d229 @A: 19 09 32 05 | 06
#0377-d229 @A: 34 03 26 32 | 05
#0378-d229 @A: 16 21 08 09 | 02
#0379-d229 @A: 33 15 19 08 | 11
#0380-d229 @A: 08 34 18 20 | 08
#0381-d229 @A: 26 07 08 33 | 07
#0382-d229 @A: 29 08 05 27 | 12
#0383-d229 @A: 11 08 27 31 | 04
#0384-d229 @A: 07 08 05 11 | 03
#0385-d229 @A: 06 20 22 16 | 09
#0386-d229 @A: 06 28 19 18 | 01
#0387-d229 @A: 28 05 03 06 | 10
#0388-d229 @A: 15 06 30 02 | 06
#0389-d229 @A: 07 06 24 15 | 05
#0390-d229 @A: 15 31 06 19 | 02
#0391-d229 @A: 24 23 06 33 | 11
#0392-d229 @A: 06 35 27 26 | 08
#0393-d229 @A: 06 29 03 19 | 07
#0394-d229 @A: 06 34 31 12 | 12
#0395-d229 @A: 05 12 06 23 | 04
#0396-d229 @A: 07 12 06 11 | 03
#0397-d229 @A: 30 12 18 16 | 09
#0398-d229 @A: 02 21 16 30 | 01
#0399-d229 @A: 16 12 33 07 | 10
#0400-d229 @A: 34 16 35 31 | 06
#0401-d229 @A: 07 35 16 20 | 05
#0402-d229 @A: 16 20 03 12 | 02
#0403-d229 @A: 28 02 15 20 | 11
#0404-d229 @A: 20 28 18 33 | 08
#0405-d229 @A: 21 11 22 28 | 07
#0406-d229 @A: 27 02 28 34 | 12
#0407-d229 @A: 10 33 02 26 | 04
#0408-d229 @A: 35 20 10 19 | 03
#0409-d229 @A: 10 27 09 05 | 09
#0410-d229 @A: 20 34 23 10 | 01
#0411-d229 @A: 09 35 12 30 | 10
#0412-d229 @A: 05 30 35 07 | 06
#0413-d229 @A: 03 29 31 30 | 05
#0414-d229 @A: 15 26 07 02 | 02
#0415-d229 @A: 07 22 15 27 | 11
#0416-d229 @A: 03 26 27 18 | 08
#0417-d229 @A: 29 05 18 02 | 07
#0418-d229 @A: 23 20 33 21 | 12
#0419-d229 @A: 19 24 35 33 | 04
#0420-d229 @A: 33 22 09 26 | 03
#0421-d229 @A: 21 26 19 12 | 09
#0422-d229 @A: 21 05 31 20 | 01
#0423-d229 @A: 21 23 03 22 | 10
#0424-d229 @A: 27 21 12 20 | 06
#0425-d229 @A: 29 20 35 11 | 05
#0426-d229 @A: 11 31 12 20 | 02
#0427-d229 @A: 19 03 20 07 | 11
#0428-d229 @A: 08 32 14 17 | 08
#0429-d229 @A: 33 17 23 14 | 07
#0430-d229 @A: 35 15 17 01 | 12
#0431-d229 @A: 17 21 01 03 | 04
#0432-d229 @A: 34 17 21 25 | 03
#0433-d229 @A: 17 16 35 08 | 09
#0434-d229 @A: 33 17 34 08 | 01
#0435-d229 @A: 06 10 17 33 | 10
#0436-d229 @A: 17 09 06 30 | 06
#0437-d229 @A: 06 20 02 17 | 05
#0438-d229 @A: 17 16 20 29 | 02
#0439-d229 @A: 17 21 23 30 | 11
#0440-d229 @A: 17 03 11 30 | 08
#0441-d229 @A: 24 17 18 22 | 07
#0442-d229 @A: 23 03 17 18 | 12
#0443-d229 @A: 17 21 35 19 | 04
#0444-d229 @A: 35 22 11 17 | 03
#0445-d229 @A: 27 34 17 26 | 09
#0446-d229 @A: 26 05 17 19 | 01
#0447-d229 @A: 23 17 20 07 | 10
#0448-d229 @A: 03 19 17 07 | 06
#0449-d229 @A: 05 07 12 17 | 05
#0450-d229 @A: 11 17 12 27 | 02
#0451-d229 @A: 33 13 08 01 | 11
#0452-d229 @A: 01 10 31 13 | 08
#0453-d229 @A: 25 13 04 11 | 07
#0454-d229 @A: 18 13 03 04 | 12
#0455-d229 @A: 19 08 13 25 | 04
#0456-d229 @A: 22 13 28 25 | 03
#0457-d229 @A: 25 13 24 26 | 09
#0458-d229 @A: 25 13 29 12 | 01
#0459-d229 @A: 02 13 25 31 | 10
#0460-d229 @A: 03 13 27 25 | 06
#0461-d229 @A: 35 16 13 32 | 05
#0462-d229 @A: 29 32 13 21 | 02
#0463-d229 @A: 08 10 13 34 | 11
#0464-d229 @A: 13 19 28 15 | 08
#0465-d229 @A: 13 30 27 34 | 07
#0466-d229 @A: 18 13 24 31 | 12
#0467-d229 @A: 14 01 05 32 | 04
#0468-d229 @A: 14 21 01 24 | 03
#0469-d229 @A: 04 32 14 22 | 09
#0470-d229 @A: 07 14 04 02 | 01
#0471-d229 @A: 25 27 21 14 | 10
#0472-d229 @A: 14 20 32 09 | 06
#0473-d229 @A: 19 32 14 27 | 05
#0474-d229 @A: 06 28 35 14 | 02
#0475-d229 @A: 29 14 28 16 | 11
#0476-d229 @A: 14 16 21 35 | 08
#0477-d229 @A: 14 21 34 28 | 07
#0478-d229 @A: 14 10 05 20 | 12
#0479-d229 @A: 30 22 35 14 | 04
#0480-d229 @A: 18 14 24 05 | 03
#0481-d229 @A: 18 14 31 11 | 09
#0482-d229 @A: 02 12 29 14 | 01
#0483-d229 @A: 14 29 03 05 | 10
#0484-d229 @A: 14 22 05 02 | 06
#0485-d229 @A: 16 08 01 04 | 05
#0486-d229 @A: 15 01 07 25 | 02
#0487-d229 @A: 32 06 08 01 | 11
#0488-d229 @A: 35 01 16 06 | 08
#0489-d229 @A: 05 28 01 23 | 07
#0490-d229 @A: 01 35 30 20 | 12
#0491-d229 @A: 29 01 20 09 | 04
#0492-d229 @A: 22 19 01 29 | 03
#0493-d229 @A: 07 01 12 27 | 09
#0494-d229 @A: 01 05 27 02 | 01
#0495-d229 @A: 35 04 33 25 | 10
#0496-d229 @A: 04 32 02 34 | 06
#0497-d229 @A: 29 04 06 08 | 05
#0498-d229 @A: 08 10 04 09 | 02
#0499-d229 @A: 33 06 04 11 | 11
#0500-d229 @A: 34 16 04 19 | 08
#0501-d229 @A: 10 23 04 26 | 07
#0502-d229 @A: 18 31 04 15 | 12
#0503-d229 @A: 24 09 04 15 | 04
#0504-d229 @A: 35 04 18 07 | 03
#0505-d229 @A: 35 26 12 04 | 09
#0506-d229 @A: 34 04 35 03 | 01
#0507-d229 @A: 09 11 31 04 | 10
#0508-d229 @A: 31 04 34 23 | 06
#0509-d229 @A: 25 03 15 32 | 05
#0510-d229 @A: 32 25 18 22 | 02
#0511-d229 @A: 25 35 32 02 | 11
#0512-d229 @A: 23 15 08 25 | 08
#0513-d229 @A: 30 19 16 25 | 07
#0514-d229 @A: 26 15 28 25 | 12
#0515-d229 @A: 26 25 07 35 | 04
#0516-d229 @A: 25 35 34 11 | 03
#0517-d229 @A: 25 19 22 35 | 09
#0518-d229 @A: 29 25 26 19 | 01
#0519-d229 @A: 32 16 11 06 | 10
#0520-d229 @A: 30 32 06 22 | 06
#0521-d229 @A: 10 03 32 16 | 05
#0522-d229 @A: 27 26 32 28 | 02
#0523-d229 @A: 32 21 10 22 | 11
#0524-d229 @A: 10 32 26 35 | 08
#0525-d229 @A: 09 18 30 32 | 07
#0526-d229 @A: 05 32 35 12 | 12
#0527-d229 @A: 32 27 34 09 | 04
#0528-d229 @A: 26 32 23 11 | 03
#0529-d229 @A: 29 32 34 12 | 09
#0530-d229 @A: 31 02 32 22 | 01
#0531-d229 @A: 02 11 32 05 | 10
#0532-d229 @A: 08 35 06 15 | 06
#0533-d229 @A: 10 08 23 16 | 05
#0534-d229 @A: 08 07 29 16 | 02
#0535-d229 @A: 08 10 05 35 | 11
#0536-d229 @A: 29 08 15 34 | 08
#0537-d229 @A: 35 08 02 09 | 07
#0538-d229 @A: 08 29 09 23 | 12
#0539-d229 @A: 34 08 02 11 | 04
#0540-d229 @A: 08 05 34 03 | 03
#0541-d229 @A: 27 03 12 08 | 09
#0542-d229 @A: 16 28 15 06 | 01
#0543-d229 @A: 24 28 06 27 | 10
#0544-d229 @A: 12 28 29 06 | 06
#0545-d229 @A: 33 30 06 31 | 05
#0546-d229 @A: 30 07 06 21 | 02
#0547-d229 @A: 15 05 06 33 | 11
#0548-d229 @A: 15 21 06 03 | 08
#0549-d229 @A: 27 18 33 06 | 07
#0550-d229 @A: 09 05 16 28 | 12
#0551-d229 @A: 16 33 10 09 | 04
#0552-d229 @A: 10 21 12 16 | 03
#0553-d229 @A: 33 16 35 30 | 09
#0554-d229 @A: 16 31 24 30 | 01
#0555-d229 @A: 16 18 11 24 | 10
#0556-d229 @A: 16 03 24 02 | 06
#0557-d229 @A: 34 16 26 07 | 05
#0558-d229 @A: 31 34 20 16 | 02
#0559-d229 @A: 07 30 18 28 | 11
#0560-d229 @A: 30 07 28 20 | 08
#0561-d229 @A: 21 18 12 28 | 07
#0562-d229 @A: 05 35 28 11 | 12
#0563-d229 @A: 28 26 29 07 | 04
#0564-d229 @A: 05 28 26 22 | 03
#0565-d229 @A: 29 28 11 02 | 09
#0566-d229 @A: 28 31 34 05 | 01
#0567-d229 @A: 34 12 28 20 | 10
#0568-d229 @A: 18 35 10 21 | 06
#0569-d229 @A: 10 22 11 24 | 05
#0570-d229 @A: 10 07 27 26 | 02
#0571-d229 @A: 30 24 02 18 | 11
#0572-d229 @A: 09 30 02 11 | 08
#0573-d229 @A: 26 30 02 29 | 07
#0574-d229 @A: 27 05 30 26 | 12
#0575-d229 @A: 31 20 26 15 | 04
#0576-d229 @A: 07 19 15 29 | 03
#0577-d229 @A: 21 18 26 33 | 09
#0578-d229 @A: 18 27 22 11 | 01
#0579-d229 @A: 07 19 33 09 | 10
#0580-d229 @A: 03 09 33 27 | 06
#0581-d229 @A: 33 20 07 26 | 05
#0582-d229 @A: 33 34 29 22 | 02
#0583-d229 @A: 34 26 21 22 | 11
#0584-d229 @A: 24 03 09 34 | 08
#0585-d229 @A: 19 31 02 24 | 07
#0586-d229 @A: 11 09 27 20 | 12
#0587-d229 @A: 13 17 12 30 | 04
#0588-d229 @A: 35 33 17 13 | 03
#0589-d229 @A: 17 28 14 30 | 09
#0590-d229 @A: 26 10 14 17 | 01
#0591-d229 @A: 17 27 14 22 | 10
#0592-d229 @A: 21 24 17 06 | 06
#0593-d229 @A: 28 18 16 17 | 05
#0594-d229 @A: 05 21 16 17 | 02
#0595-d229 @A: 35 20 15 17 | 11
#0596-d229 @A: 18 17 07 26 | 08
#0597-d229 @A: 02 21 33 17 | 07
#0598-d229 @A: 17 11 20 33 | 12
#0599-d229 @A: 31 09 17 05 | 04
#0600-d229 @A: 22 29 17 31 | 03
#0601-d229 @A: 03 34 17 31 | 09
#0602-d229 @A: 11 17 23 34 | 01
#0603-d229 @A: 02 17 12 34 | 10
#0604-d229 @A: 14 04 13 09 | 06
#0605-d229 @A: 13 07 18 14 | 05
#0606-d229 @A: 14 13 27 24 | 02
#0607-d229 @A: 04 16 13 07 | 11
#0608-d229 @A: 21 04 02 13 | 08
#0609-d229 @A: 13 07 32 25 | 07
#0610-d229 @A: 13 32 20 11 | 12
#0611-d229 @A: 06 13 08 07 | 04
#0612-d229 @A: 13 08 21 26 | 03
#0613-d229 @A: 05 06 13 19 | 09
#0614-d229 @A: 24 13 28 11 | 01
#0615-d229 @A: 13 09 15 30 | 10
#0616-d229 @A: 12 18 13 15 | 06
#0617-d229 @A: 31 13 33 21 | 05
#0618-d229 @A: 33 03 05 13 | 02
#0619-d229 @A: 13 09 12 05 | 11
#0620-d229 @A: 01 27 28 14 | 08
#0621-d229 @A: 08 14 31 04 | 07
#0622-d229 @A: 11 14 10 04 | 12
#0623-d229 @A: 25 14 26 32 | 04
#0624-d229 @A: 14 35 25 24 | 03
#0625-d229 @A: 08 14 11 19 | 09
#0626-d229 @A: 24 16 22 14 | 01
#0627-d229 @A: 12 14 11 16 | 10
#0628-d229 @A: 03 14 28 18 | 06
#0629-d229 @A: 14 07 30 24 | 05
#0630-d229 @A: 14 31 34 15 | 02
#0631-d229 @A: 26 34 35 14 | 11
#0632-d229 @A: 11 35 14 29 | 08
#0633-d229 @A: 11 14 09 26 | 07
#0634-d229 @A: 09 29 34 14 | 12
#0635-d229 @A: 14 09 12 07 | 04
#0636-d229 @A: 09 19 14 02 | 03
#0637-d229 @A: 22 26 19 14 | 09
#0638-d229 @A: 14 03 11 22 | 01
#0639-d229 @A: 04 01 21 34 | 10
#0640-d229 @A: 01 02 04 09 | 06
#0641-d229 @A: 32 31 01 15 | 05
#0642-d229 @A: 22 08 01 24 | 02
#0643-d229 @A: 01 06 12 20 | 11
#0644-d229 @A: 07 28 01 16 | 08
#0645-d229 @A: 34 01 05 16 | 07
#0646-d229 @A: 29 24 01 31 | 12
#0647-d229 @A: 01 35 11 26 | 04
#0648-d229 @A: 09 01 31 07 | 03
#0649-d229 @A: 01 26 31 27 | 09
#0650-d229 @A: 26 05 01 03 | 01
#0651-d229 @A: 03 34 19 01 | 10
#0652-d229 @A: 08 04 03 24 | 06
#0653-d229 @A: 09 04 06 26 | 05
#0654-d229 @A: 05 04 20 06 | 02
#0655-d229 @A: 18 27 04 16 | 11
#0656-d229 @A: 30 04 24 23 | 08
#0657-d229 @A: 04 19 09 12 | 07
#0658-d229 @A: 11 34 04 20 | 12
#0659-d229 @A: 31 32 21 25 | 04
#0660-d229 @A: 32 24 25 27 | 03
#0661-d229 @A: 10 22 25 08 | 09
#0662-d229 @A: 25 29 18 08 | 01
#0663-d229 @A: 03 06 25 16 | 10
#0664-d229 @A: 34 18 15 25 | 06
#0665-d229 @A: 22 25 27 26 | 05
#0666-d229 @A: 31 11 25 05 | 02
#0667-d229 @A: 34 22 25 03 | 11
#0668-d229 @A: 21 34 08 32 | 08
#0669-d229 @A: 06 18 32 35 | 07
#0670-d229 @A: 06 27 12 32 | 12
#0671-d229 @A: 07 16 32 30 | 04
#0672-d229 @A: 15 30 32 35 | 03
#0673-d229 @A: 31 29 32 09 | 09
#0674-d229 @A: 08 19 21 06 | 01
#0675-d229 @A: 16 02 18 08 | 10
#0676-d229 @A: 35 08 33 28 | 06
#0677-d229 @A: 10 08 30 27 | 05
#0678-d229 @A: 08 07 24 10 | 02
#0679-d229 @A: 33 18 03 08 | 11
#0680-d229 @A: 08 33 20 09 | 08
#0681-d229 @A: 31 34 08 19 | 07
#0682-d229 @A: 12 31 05 08 | 12
#0683-d229 @A: 08 20 02 12 | 04
#0684-d229 @A: 19 26 10 06 | 03
#0685-d229 @A: 06 23 15 18 | 09
#0686-d229 @A: 09 02 06 05 | 01
#0687-d229 @A: 11 22 09 06 | 10
#0688-d229 @A: 26 05 06 11 | 06
#0689-d229 @A: 35 16 03 19 | 05
#0690-d229 @A: 16 31 29 12 | 02
#0691-d229 @A: 16 23 07 05 | 11
#0692-d229 @A: 10 23 28 31 | 08
#0693-d229 @A: 07 33 15 28 | 07
#0694-d229 @A: 18 26 09 28 | 12
#0695-d229 @A: 28 34 12 33 | 04
#0696-d229 @A: 12 28 27 09 | 03
#0697-d229 @A: 27 28 11 23 | 09
#0698-d229 @A: 10 30 15 11 | 01
#0699-d229 @A: 20 30 10 03 | 10
#0700-d229 @A: 35 10 29 15 | 06
#0701-d229 @A: 22 09 10 34 | 05
#0702-d229 @A: 03 02 23 10 | 02
#0703-d229 @A: 15 24 34 30 | 11
#0704-d229 @A: 03 33 30 24 | 08
#0705-d229 @A: 23 03 30 35 | 07
#0706-d229 @A: 23 05 34 30 | 12
#0707-d229 @A: 19 07 30 02 | 04
#0708-d229 @A: 09 15 18 22 | 03
#0709-d229 @A: 21 05 12 15 | 09
#0710-d229 @A: 34 26 15 11 | 01
#0711-d229 @A: 27 26 15 12 | 10
#0712-d229 @A: 23 07 03 15 | 06
#0713-d229 @A: 03 15 12 11 | 05
#0714-d229 @A: 05 15 11 22 | 02
#0715-d229 @A: 19 22 21 33 | 11
#0716-d229 @A: 26 05 33 35 | 08
#0717-d229 @A: 35 23 22 33 | 07
#0718-d229 @A: 19 33 27 05 | 12
#0719-d229 @A: 22 35 02 21 | 04
#0720-d229 @A: 27 09 21 19 | 03
#0721-d229 @A: 35 22 20 24 | 09
#0722-d229 @A: 27 31 24 09 | 01
#0723-d229 @A: 24 29 19 20 | 10
#0724-d229 @A: 19 24 07 05 | 06
#0725-d229 @A: 34 05 02 24 | 05
#0726-d229 @A: 31 27 35 20 | 02
#0727-d229 @A: 23 20 03 02 | 11
#0728-d229 @A: 14 17 19 13 | 08
#0729-d229 @A: 13 08 02 17 | 07
#0730-d229 @A: 16 17 01 19 | 12
#0731-d229 @A: 27 08 17 04 | 04
#0732-d229 @A: 04 17 28 09 | 03
#0733-d229 @A: 17 35 10 25 | 09
#0734-d229 @A: 07 17 06 32 | 01
#0735-d229 @A: 16 17 22 32 | 10
#0736-d229 @A: 17 32 35 28 | 06
#0737-d229 @A: 24 32 17 05 | 05
#0738-d229 @A: 17 08 18 12 | 02
#0739-d229 @A: 08 22 21 17 | 11
#0740-d229 @A: 34 35 06 17 | 08
#0741-d229 @A: 31 21 18 17 | 07
#0742-d229 @A: 17 35 02 03 | 12
#0743-d229 @A: 09 03 17 26 | 04
#0744-d229 @A: 27 17 29 09 | 03
#0745-d229 @A: 17 09 07 11 | 09
#0746-d229 @A: 07 34 17 22 | 01
#0747-d229 @A: 14 13 12 32 | 10
#0748-d229 @A: 13 02 14 16 | 06
#0749-d229 @A: 20 03 13 14 | 05
#0750-d229 @A: 32 01 22 13 | 02
#0751-d229 @A: 06 01 13 29 | 11
#0752-d229 @A: 15 35 13 25 | 08
#0753-d229 @A: 13 30 11 16 | 07
#0754-d229 @A: 10 19 13 33 | 12
#0755-d229 @A: 09 21 13 35 | 04
#0756-d229 @A: 09 13 07 24 | 03
#0757-d229 @A: 13 27 23 31 | 09
#0758-d229 @A: 11 23 19 13 | 01
#0759-d229 @A: 11 02 12 13 | 10
#0760-d229 @A: 14 04 15 01 | 06
#0761-d229 @A: 01 18 16 14 | 05
#0762-d229 @A: 14 12 30 01 | 02
#0763-d229 @A: 04 12 14 25 | 11
#0764-d229 @A: 08 14 05 25 | 08
#0765-d229 @A: 25 14 07 33 | 07
#0766-d229 @A: 23 14 32 28 | 12
#0767-d229 @A: 06 15 12 14 | 04
#0768-d229 @A: 19 24 14 06 | 03
#0769-d229 @A: 15 16 14 26 | 09
#0770-d229 @A: 22 18 33 14 | 01
#0771-d229 @A: 24 21 20 14 | 10
#0772-d229 @A: 23 34 02 14 | 06
#0773-d229 @A: 35 28 01 04 | 05
#0774-d229 @A: 28 34 25 01 | 02
#0775-d229 @A: 32 01 11 03 | 11
#0776-d229 @A: 01 19 09 08 | 08
#0777-d229 @A: 01 06 21 22 | 07
#0778-d229 @A: 02 28 01 10 | 12
#0779-d229 @A: 01 29 33 28 | 04
#0780-d229 @A: 01 21 09 28 | 03
#0781-d229 @A: 30 18 15 01 | 09
#0782-d229 @A: 11 01 33 18 | 01
#0783-d229 @A: 01 33 21 05 | 10
#0784-d229 @A: 04 15 27 25 | 06
#0785-d229 @A: 04 32 29 30 | 05
#0786-d229 @A: 03 28 04 15 | 02
#0787-d229 @A: 28 26 04 24 | 11
#0788-d229 @A: 04 21 30 11 | 08
#0789-d229 @A: 07 33 21 04 | 07
#0790-d229 @A: 02 24 33 04 | 12
#0791-d229 @A: 05 04 35 09 | 04
#0792-d229 @A: 29 06 24 25 | 03
#0793-d229 @A: 09 27 06 25 | 09
#0794-d229 @A: 29 16 35 25 | 01
#0795-d229 @A: 25 28 12 30 | 10
#0796-d229 @A: 26 10 12 25 | 06
#0797-d229 @A: 12 15 33 25 | 05
#0798-d229 @A: 31 35 25 18 | 02
#0799-d229 @A: 02 25 29 09 | 11
#0800-d229 @A: 25 29 23 31 | 08
#0801-d229 @A: 23 25 12 02 | 07
#0802-d229 @A: 32 23 30 08 | 12
#0803-d229 @A: 28 32 11 18 | 04
#0804-d229 @A: 30 32 27 21 | 03
#0805-d229 @A: 20 19 32 15 | 09
#0806-d229 @A: 21 03 18 32 | 01
#0807-d229 @A: 24 18 20 32 | 10
#0808-d229 @A: 31 33 32 11 | 06
#0809-d229 @A: 32 07 19 35 | 05
#0810-d229 @A: 09 22 23 32 | 02
#0811-d229 @A: 32 09 03 02 | 11
#0812-d229 @A: 07 29 27 32 | 08
#0813-d229 @A: 03 32 12 22 | 07
#0814-d229 @A: 22 11 32 19 | 12
#0815-d229 @A: 24 19 08 16 | 04
#0816-d229 @A: 08 10 28 29 | 03
#0817-d229 @A: 15 28 11 08 | 09
#0818-d229 @A: 34 28 08 18 | 01
#0819-d229 @A: 35 26 08 22 | 10
#0820-d229 @A: 11 08 09 12 | 06
#0821-d229 @A: 28 02 21 06 | 05
#0822-d229 @A: 06 10 30 12 | 02
#0823-d229 @A: 33 06 10 20 | 11
#0824-d229 @A: 07 06 10 29 | 08
#0825-d229 @A: 20 23 30 06 | 07
#0826-d229 @A: 06 21 18 09 | 12
#0827-d229 @A: 29 06 05 35 | 04
#0828-d229 @A: 03 06 31 35 | 03
#0829-d229 @A: 03 11 27 06 | 09
#0830-d229 @A: 16 12 35 28 | 01
#0831-d229 @A: 23 16 15 24 | 10
#0832-d229 @A: 16 34 21 18 | 06
#0833-d229 @A: 16 24 27 20 | 05
#0834-d229 @A: 02 07 16 09 | 02
#0835-d229 @A: 22 16 19 02 | 11
#0836-d229 @A: 27 11 34 16 | 08
#0837-d229 @A: 03 16 05 12 | 07
#0838-d229 @A: 30 27 28 15 | 12
#0839-d229 @A: 24 22 28 19 | 04
#0840-d229 @A: 34 23 22 28 | 03
#0841-d229 @A: 28 11 19 07 | 09
#0842-d229 @A: 30 23 33 10 | 01
#0843-d229 @A: 26 18 24 10 | 10
#0844-d229 @A: 33 10 21 27 | 06
#0845-d229 @A: 09 31 26 10 | 05
#0846-d229 @A: 09 20 10 31 | 02
#0847-d229 @A: 22 19 10 07 | 11
#0848-d229 @A: 34 10 19 12 | 08
#0849-d229 @A: 12 11 10 05 | 07
#0850-d229 @A: 22 15 20 30 | 12
#0851-d229 @A: 29 20 30 21 | 04
#0852-d229 @A: 31 21 12 30 | 03
#0853-d229 @A: 27 31 30 35 | 09
#0854-d229 @A: 20 30 11 05 | 01
#0855-d229 @A: 18 07 15 11 | 10
#0856-d229 @A: 33 15 34 03 | 06
#0857-d229 @A: 12 15 09 29 | 05
#0858-d229 @A: 31 29 18 26 | 02
#0859-d229 @A: 22 12 29 18 | 11
#0860-d229 @A: 02 27 33 35 | 08
#0861-d229 @A: 03 11 35 33 | 07
#0862-d229 @A: 07 33 20 05 | 12
#0863-d229 @A: 02 12 24 21 | 04
#0864-d229 @A: 03 21 09 12 | 03
#0865-d229 @A: 31 22 21 05 | 09
#0866-d229 @A: 07 24 03 35 | 01
#0867-d229 @A: 27 35 24 12 | 10
#0868-d229 @A: 09 26 24 19 | 06
#0869-d229 @A: 07 01 13 17 | 05
#0870-d229 @A: 13 23 17 29 | 02
#0871-d229 @A: 35 17 14 18 | 11
#0872-d229 @A: 17 11 28 01 | 08
#0873-d229 @A: 17 18 02 01 | 07
#0874-d229 @A: 04 16 17 12 | 12
#0875-d229 @A: 35 04 30 17 | 04
#0876-d229 @A: 08 17 25 03 | 03
#0877-d229 @A: 16 09 17 25 | 09
#0878-d229 @A: 17 03 06 12 | 01
#0879-d229 @A: 30 16 17 26 | 10
#0880-d229 @A: 17 28 20 24 | 06
#0881-d229 @A: 28 17 26 12 | 05
#0882-d229 @A: 15 12 10 17 | 02
#0883-d229 @A: 35 09 17 24 | 11
#0884-d229 @A: 17 07 29 02 | 08
#0885-d229 @A: 13 03 01 23 | 07
#0886-d229 @A: 24 23 08 13 | 12
#0887-d229 @A: 34 06 13 33 | 04
#0888-d229 @A: 23 13 21 16 | 03
#0889-d229 @A: 20 16 13 05 | 09
#0890-d229 @A: 07 30 13 33 | 01
#0891-d229 @A: 30 13 21 03 | 10
#0892-d229 @A: 34 13 21 15 | 06
#0893-d229 @A: 13 26 11 31 | 05
#0894-d229 @A: 13 07 12 26 | 02
#0895-d229 @A: 28 14 35 20 | 11
#0896-d229 @A: 21 14 19 15 | 08
#0897-d229 @A: 03 24 14 26 | 07
#0898-d229 @A: 14 22 29 07 | 12
#0899-d229 @A: 34 05 11 14 | 04
#0900-d229 @A: 01 02 25 21 | 03
#0901-d229 @A: 12 24 01 32 | 09
#0902-d229 @A: 30 01 28 06 | 01
#0903-d229 @A: 30 16 03 01 | 10
#0904-d229 @A: 22 01 18 28 | 06
#0905-d229 @A: 35 10 33 01 | 05
#0906-d229 @A: 01 26 24 20 | 02
#0907-d229 @A: 09 34 01 26 | 11
#0908-d229 @A: 01 05 31 19 | 08
#0909-d229 @A: 28 29 04 25 | 07
#0910-d229 @A: 02 22 25 04 | 12
#0911-d229 @A: 08 30 18 04 | 04
#0912-d229 @A: 11 08 26 04 | 03
#0913-d229 @A: 35 04 10 06 | 09
#0914-d229 @A: 04 06 05 18 | 01
#0915-d229 @A: 23 16 04 35 | 10
#0916-d229 @A: 27 28 04 33 | 06
#0917-d229 @A: 04 09 33 30 | 05
#0918-d229 @A: 11 15 04 19 | 02
#0919-d229 @A: 04 02 19 29 | 11
#0920-d229 @A: 12 07 23 04 | 08
#0921-d229 @A: 03 04 11 07 | 07
#0922-d229 @A: 12 34 04 27 | 12
#0923-d229 @A: 11 04 12 22 | 04
#0924-d229 @A: 04 22 27 19 | 03
#0925-d229 @A: 33 27 25 08 | 09
#0926-d229 @A: 25 24 31 08 | 01
#0927-d229 @A: 28 33 25 06 | 10
#0928-d229 @A: 11 06 15 25 | 06
#0929-d229 @A: 25 05 33 30 | 05
#0930-d229 @A: 33 20 15 25 | 02
#0931-d229 @A: 25 12 18 09 | 11
#0932-d229 @A: 33 21 25 24 | 08
#0933-d229 @A: 23 05 27 25 | 07
#0934-d229 @A: 23 21 32 33 | 12
#0935-d229 @A: 29 23 35 32 | 04
#0936-d229 @A: 32 07 26 05 | 03
#0937-d229 @A: 31 32 03 07 | 09
#0938-d229 @A: 07 12 02 32 | 01
#0939-d229 @A: 31 08 16 33 | 10
#0940-d229 @A: 30 28 08 19 | 06
#0941-d229 @A: 24 28 09 08 | 05
#0942-d229 @A: 08 10 11 18 | 02
#0943-d229 @A: 12 30 08 02 | 11
#0944-d229 @A: 26 18 08 19 | 08
#0945-d229 @A: 20 08 24 05 | 07
#0946-d229 @A: 08 11 23 03 | 12
#0947-d229 @A: 08 07 19 12 | 04
#0948-d229 @A: 22 16 33 06 | 03
#0949-d229 @A: 24 12 18 06 | 09
#0950-d229 @A: 33 06 35 21 | 01
#0951-d229 @A: 29 06 34 26 | 10
#0952-d229 @A: 22 23 31 06 | 06
#0953-d229 @A: 06 31 27 07 | 05
#0954-d229 @A: 28 16 30 22 | 02
#0955-d229 @A: 27 16 23 30 | 11
#0956-d229 @A: 09 16 15 19 | 08
#0957-d229 @A: 16 22 35 18 | 07
#0958-d229 @A: 16 09 11 03 | 12
#0959-d229 @A: 16 12 23 26 | 04
#0960-d229 @A: 11 16 23 02 | 03
#0961-d229 @A: 28 30 21 35 | 09
#0962-d229 @A: 03 21 28 33 | 01
#0963-d229 @A: 24 28 05 33 | 10
#0964-d229 @A: 19 28 23 35 | 06
#0965-d229 @A: 28 35 07 34 | 05
#0966-d229 @A: 09 28 23 07 | 02
#0967-d229 @A: 28 09 11 34 | 11
#0968-d229 @A: 26 28 03 11 | 08
#0969-d229 @A: 30 10 29 21 | 07
#0970-d229 @A: 34 10 18 33 | 12
#0971-d229 @A: 11 34 10 21 | 04
#0972-d229 @A: 20 07 10 24 | 03
#0973-d229 @A: 31 10 35 02 | 09
#0974-d229 @A: 23 19 10 09 | 01
#0975-d229 @A: 10 29 34 31 | 10
#0976-d229 @A: 03 18 22 30 | 06
#0977-d229 @A: 26 30 31 34 | 05
#0978-d229 @A: 27 30 20 19 | 02
#0979-d229 @A: 27 15 31 03 | 11
#0980-d229 @A: 34 12 23 15 | 08
#0981-d229 @A: 15 27 34 19 | 07
#0982-d229 @A: 02 18 21 27 | 12
#0983-d229 @A: 29 20 18 05 | 04
#0984-d229 @A: 34 31 07 18 | 03
#0985-d229 @A: 35 33 31 07 | 09
#0986-d229 @A: 27 29 33 20 | 01
#0987-d229 @A: 02 31 33 34 | 10
#0988-d229 @A: 11 07 33 22 | 06
#0989-d229 @A: 22 33 03 02 | 05
#0990-d229 @A: 19 12 33 02 | 02
#0991-d229 @A: 05 21 24 27 | 11
#0992-d229 @A: 05 29 21 19 | 08
#0993-d229 @A: 19 34 21 02 | 07
#0994-d229 @A: 21 20 11 22 | 12
#0995-d229 @A: 09 02 23 24 | 04
#0996-d229 @A: 29 26 22 20 | 03
#0997-d229 @A: 26 20 27 05 | 09
#0998-d229 @A: 25 17 06 13 | 01
#0999-d229 @A: 13 32 09 17 | 10
#1000-d229 @A: 22 17 13 26 | 06
#1001-d229 @A: 14 17 05 06 | 05
#1002-d229 @A: 07 21 14 17 | 02
#1003-d229 @A: 01 17 22 04 | 11
#1004-d229 @A: 27 06 17 01 | 08
#1005-d229 @A: 04 07 17 25 | 07
#1006-d229 @A: 19 17 06 04 | 12
#1007-d229 @A: 26 04 17 21 | 04
#1008-d229 @A: 17 20 05 25 | 03
#1009-d229 @A: 06 17 28 22 | 09
#1010-d229 @A: 17 29 18 06 | 01
#1011-d229 @A: 34 15 28 17 | 10
#1012-d229 @A: 05 18 10 17 | 06
#1013-d229 @A: 17 34 24 10 | 05
#1014-d229 @A: 20 17 26 12 | 02
#1015-d229 @A: 29 17 34 05 | 11
#1016-d229 @A: 03 20 29 17 | 08
#1017-d229 @A: 17 11 31 19 | 07
#1018-d229 @A: 05 17 22 03 | 12
#1019-d229 @A: 31 30 13 14 | 04
#1020-d229 @A: 15 01 11 13 | 03
#1021-d229 @A: 19 13 24 01 | 09
#1022-d229 @A: 13 34 01 02 | 01
#1023-d229 @A: 35 04 13 08 | 10
#1024-d229 @A: 28 31 13 04 | 06
#1025-d229 @A: 13 16 18 25 | 05
#1026-d229 @A: 32 15 13 05 | 02
#1027-d229 @A: 32 13 20 35 | 11
#1028-d229 @A: 13 06 31 16 | 08
#1029-d229 @A: 07 06 20 13 | 07
#1030-d229 @A: 34 29 28 13 | 12
#1031-d229 @A: 23 12 13 28 | 04
#1032-d229 @A: 13 02 22 15 | 03
#1033-d229 @A: 27 13 26 33 | 09
#1034-d229 @A: 09 13 02 27 | 01
#1035-d229 @A: 13 31 07 29 | 10
#1036-d229 @A: 22 20 31 13 | 06
#1037-d229 @A: 13 07 34 05 | 05
#1038-d229 @A: 05 14 04 33 | 02
#1039-d229 @A: 02 06 14 25 | 11
#1040-d229 @A: 29 10 14 32 | 08
#1041-d229 @A: 32 14 31 24 | 07
#1042-d229 @A: 06 14 22 10 | 12
#1043-d229 @A: 33 16 19 14 | 04
#1044-d229 @A: 10 09 18 14 | 03
#1045-d229 @A: 02 14 10 21 | 09
#1046-d229 @A: 14 35 10 12 | 01
#1047-d229 @A: 10 19 14 31 | 10
#1048-d229 @A: 02 35 14 15 | 06
#1049-d229 @A: 20 14 12 33 | 05
#1050-d229 @A: 29 19 14 23 | 02
#1051-d229 @A: 14 07 11 27 | 11
#1052-d229 @A: 01 04 31 30 | 08
#1053-d229 @A: 01 08 25 12 | 07
#1054-d229 @A: 32 23 01 16 | 12
#1055-d229 @A: 27 10 01 32 | 04
#1056-d229 @A: 32 09 33 01 | 03
#1057-d229 @A: 01 08 34 07 | 09
#1058-d229 @A: 06 18 01 31 | 01
#1059-d229 @A: 12 28 15 01 | 10
#1060-d229 @A: 01 22 10 15 | 06
#1061-d229 @A: 35 24 01 30 | 05
#1062-d229 @A: 01 03 15 20 | 02
#1063-d229 @A: 01 29 05 12 | 11
#1064-d229 @A: 23 02 31 01 | 08
#1065-d229 @A: 03 25 04 30 | 07
#1066-d229 @A: 04 07 28 06 | 12
#1067-d229 @A: 04 28 16 11 | 04
#1068-d229 @A: 15 10 04 33 | 03
#1069-d229 @A: 07 27 04 30 | 09
#1070-d229 @A: 21 35 04 15 | 01
#1071-d229 @A: 20 04 02 09 | 10
#1072-d229 @A: 20 23 27 04 | 06
#1073-d229 @A: 25 34 30 32 | 05
#1074-d229 @A: 28 02 08 25 | 02
#1075-d229 @A: 30 06 25 35 | 11
#1076-d229 @A: 20 06 25 27 | 08
#1077-d229 @A: 31 16 28 25 | 07
#1078-d229 @A: 10 25 21 03 | 12
#1079-d229 @A: 29 30 25 22 | 04
#1080-d229 @A: 30 11 27 25 | 03
#1081-d229 @A: 23 20 24 25 | 09
#1082-d229 @A: 27 02 07 25 | 01
#1083-d229 @A: 32 27 16 08 | 10
#1084-d229 @A: 06 26 32 21 | 06
#1085-d229 @A: 30 32 28 31 | 05
#1086-d229 @A: 23 18 10 32 | 02
#1087-d229 @A: 10 32 24 09 | 11
#1088-d229 @A: 21 03 20 32 | 08
#1089-d229 @A: 20 23 32 29 | 07
#1090-d229 @A: 06 10 08 02 | 12
#1091-d229 @A: 18 22 06 08 | 04
#1092-d229 @A: 08 26 16 28 | 03
#1093-d229 @A: 11 20 16 08 | 09
#1094-d229 @A: 10 21 08 31 | 01
#1095-d229 @A: 24 21 30 08 | 10
#1096-d229 @A: 08 03 29 35 | 06
#1097-d229 @A: 03 07 09 08 | 05
#1098-d229 @A: 22 23 12 08 | 02
#1099-d229 @A: 08 07 27 20 | 11
#1100-d229 @A: 08 19 03 22 | 08
#1101-d229 @A: 21 16 29 06 | 07
#1102-d229 @A: 06 16 24 09 | 12
#1103-d229 @A: 06 20 11 28 | 04
#1104-d229 @A: 03 23 09 06 | 03
#1105-d229 @A: 06 12 22 26 | 09
#1106-d229 @A: 10 16 31 15 | 01
#1107-d229 @A: 29 09 16 30 | 10
#1108-d229 @A: 05 33 18 16 | 06
#1109-d229 @A: 18 07 19 16 | 05
#1110-d229 @A: 27 16 26 19 | 02
#1111-d229 @A: 29 23 22 16 | 11
#1112-d229 @A: 27 16 12 02 | 08
#1113-d229 @A: 16 11 19 05 | 07
#1114-d229 @A: 10 28 26 21 | 12
#1115-d229 @A: 30 29 28 24 | 04
#1116-d229 @A: 15 02 23 28 | 03
#1117-d229 @A: 22 31 03 28 | 09
#1118-d229 @A: 10 21 23 15 | 01
#1119-d229 @A: 10 09 03 29 | 10
#1120-d229 @A: 19 10 29 27 | 06
#1121-d229 @A: 19 30 18 33 | 05
#1122-d229 @A: 24 12 30 05 | 02
#1123-d229 @A: 31 30 09 19 | 11
#1124-d229 @A: 11 30 26 19 | 08
#1125-d229 @A: 30 19 23 12 | 07
#1126-d229 @A: 27 02 30 03 | 12
#1127-d229 @A: 11 33 15 02 | 04
#1128-d229 @A: 15 26 24 05 | 03
#1129-d229 @A: 18 19 35 02 | 09
#1130-d229 @A: 34 18 27 35 | 01
#1131-d229 @A: 11 12 18 35 | 10
#1132-d229 @A: 11 09 05 18 | 06
#1133-d229 @A: 03 20 31 18 | 05
#1134-d229 @A: 11 27 29 33 | 02
#1135-d229 @A: 34 33 07 23 | 11
#1136-d229 @A: 21 26 24 29 | 08
#1137-d229 @A: 09 22 21 29 | 07
#1138-d229 @A: 05 07 21 02 | 12
#1139-d229 @A: 07 20 21 34 | 04
#1140-d229 @A: 21 11 03 19 | 03
#1141-d229 @A: 35 02 29 24 | 09
#1142-d229 @A: 23 11 29 24 | 01
#1143-d229 @A: 31 22 34 24 | 10
#1144-d229 @A: 24 34 07 27 | 06
#1145-d229 @A: 24 03 05 11 | 05
#1146-d229 @A: 34 14 04 17 | 02
#1147-d229 @A: 34 32 17 01 | 11
#1148-d229 @A: 01 29 10 17 | 08
#1149-d229 @A: 05 01 17 30 | 07
#1150-d229 @A: 04 20 17 30 | 12
#1151-d229 @A: 02 23 04 17 | 04
#1152-d229 @A: 02 17 30 25 | 03
#1153-d229 @A: 17 08 29 24 | 09
#1154-d229 @A: 17 29 21 28 | 01
#1155-d229 @A: 17 28 31 24 | 10
#1156-d229 @A: 02 28 17 05 | 06
#1157-d229 @A: 15 17 19 18 | 05
#1158-d229 @A: 26 35 29 17 | 02
#1159-d229 @A: 12 17 35 31 | 11
#1160-d229 @A: 27 35 05 17 | 08
#1161-d229 @A: 09 23 12 17 | 07
#1162-d229 @A: 14 11 33 13 | 12
#1163-d229 @A: 13 14 21 22 | 04
#1164-d229 @A: 01 13 26 28 | 03
#1165-d229 @A: 04 13 06 12 | 09
#1166-d229 @A: 22 13 33 04 | 01
#1167-d229 @A: 30 26 32 13 | 10
#1168-d229 @A: 30 13 08 05 | 06
#1169-d229 @A: 24 13 16 05 | 05
#1170-d229 @A: 13 22 30 24 | 02
#1171-d229 @A: 13 34 18 26 | 11
#1172-d229 @A: 20 13 33 34 | 08
#1173-d229 @A: 13 12 35 22 | 07
#1174-d229 @A: 09 13 26 29 | 12
#1175-d229 @A: 11 13 29 03 | 04
#1176-d229 @A: 12 34 13 03 | 03
#1177-d229 @A: 25 14 01 03 | 09
#1178-d229 @A: 26 14 01 29 | 01
#1179-d229 @A: 04 14 26 20 | 10
#1180-d229 @A: 35 33 32 14 | 06
#1181-d229 @A: 14 03 08 16 | 05
#1182-d229 @A: 08 14 26 30 | 02
#1183-d229 @A: 14 08 35 07 | 11
#1184-d229 @A: 08 09 14 22 | 08
#1185-d229 @A: 14 07 06 16 | 07
#1186-d229 @A: 10 14 28 07 | 12
#1187-d229 @A: 28 31 14 09 | 04
#1188-d229 @A: 30 14 31 20 | 03
#1189-d229 @A: 18 14 12 23 | 09
#1190-d229 @A: 03 09 14 35 | 01
#1191-d229 @A: 12 31 26 14 | 10
#1192-d229 @A: 11 23 14 20 | 06
#1193-d229 @A: 11 24 01 25 | 05
#1194-d229 @A: 01 21 32 35 | 02
#1195-d229 @A: 01 08 20 28 | 11
#1196-d229 @A: 01 10 23 06 | 08
#1197-d229 @A: 06 07 05 01 | 07
#1198-d229 @A: 30 21 19 01 | 12
#1199-d229 @A: 11 01 07 30 | 04
#1200-d229 @A: 30 22 01 34 | 03
#1201-d229 @A: 24 09 18 01 | 09
#1202-d229 @A: 07 01 29 23 | 01
#1203-d229 @A: 03 01 31 12 | 10
#1204-d229 @A: 22 11 01 02 | 06
#1205-d229 @A: 32 31 04 10 | 05
#1206-d229 @A: 22 08 28 04 | 02
#1207-d229 @A: 04 08 19 05 | 11
#1208-d229 @A: 20 04 16 15 | 08
#1209-d229 @A: 28 04 34 10 | 07
#1210-d229 @A: 30 10 04 02 | 12
#1211-d229 @A: 04 22 30 26 | 04
#1212-d229 @A: 34 04 18 09 | 03
#1213-d229 @A: 24 20 04 31 | 09
#1214-d229 @A: 31 04 19 35 | 01
#1215-d229 @A: 09 07 29 04 | 10
#1216-d229 @A: 09 04 03 22 | 06
#1217-d229 @A: 04 23 29 05 | 05
#1218-d229 @A: 07 06 18 25 | 02
#1219-d229 @A: 25 18 28 05 | 11
#1220-d229 @A: 21 25 18 11 | 08
#1221-d229 @A: 29 25 34 27 | 07
#1222-d229 @A: 22 25 07 20 | 12
#1223-d229 @A: 32 29 19 08 | 04
#1224-d229 @A: 24 06 32 03 | 03
#1225-d229 @A: 12 33 32 30 | 09
#1226-d229 @A: 32 15 29 11 | 01
#1227-d229 @A: 24 34 32 18 | 10
#1228-d229 @A: 18 12 32 19 | 06
#1229-d229 @A: 32 20 34 26 | 05
#1230-d229 @A: 22 32 05 27 | 02
#1231-d229 @A: 32 05 20 12 | 11
#1232-d229 @A: 16 34 08 06 | 08
#1233-d229 @A: 30 15 16 08 | 07
#1234-d229 @A: 07 08 31 15 | 12
#1235-d229 @A: 34 35 08 12 | 04
#1236-d229 @A: 08 34 26 23 | 03
#1237-d229 @A: 05 26 08 02 | 09
#1238-d229 @A: 08 11 22 29 | 01
#1239-d229 @A: 02 23 08 19 | 10
#1240-d229 @A: 24 31 06 10 | 06
#1241-d229 @A: 19 27 30 06 | 05
#1242-d229 @A: 35 09 06 19 | 02
#1243-d229 @A: 02 06 22 27 | 11
#1244-d229 @A: 10 16 28 19 | 08
#1245-d229 @A: 21 28 16 27 | 07
#1246-d229 @A: 16 22 09 31 | 12
#1247-d229 @A: 34 16 12 09 | 04
#1248-d229 @A: 16 05 26 29 | 03
#1249-d229 @A: 29 03 16 27 | 09
#1250-d229 @A: 11 07 16 31 | 01
#1251-d229 @A: 16 03 23 34 | 10
#1252-d229 @A: 12 10 28 24 | 06
#1253-d229 @A: 28 18 33 31 | 05
#1254-d229 @A: 12 28 07 03 | 02
#1255-d229 @A: 15 03 10 24 | 11
#1256-d229 @A: 10 19 11 35 | 08
#1257-d229 @A: 05 26 34 10 | 07
#1258-d229 @A: 29 10 12 23 | 12
#1259-d229 @A: 02 22 10 20 | 04
#1260-d229 @A: 05 22 19 30 | 03
#1261-d229 @A: 18 15 05 27 | 09
#1262-d229 @A: 15 31 22 26 | 01
#1263-d229 @A: 27 02 15 29 | 10
#1264-d229 @A: 12 20 23 15 | 06
#1265-d229 @A: 20 15 27 34 | 05
#1266-d229 @A: 09 35 29 18 | 02
#1267-d229 @A: 12 05 18 26 | 11
#1268-d229 @A: 02 22 18 34 | 08
#1269-d229 @A: 05 33 29 07 | 07
#1270-d229 @A: 09 21 24 11 | 12
#1271-d229 @A: 05 35 03 21 | 04
#1272-d229 @A: 26 23 21 27 | 03
#1273-d229 @A: 21 12 11 29 | 09
#1274-d229 @A: 07 21 19 31 | 01
#1275-d229 @A: 23 21 05 11 | 10
#1276-d229 @A: 34 19 24 29 | 06
#1277-d229 @A: 02 24 07 11 | 05
#1278-d229 @A: 07 12 09 20 | 02
#1279-d229 @A: 17 13 04 05 | 11
#1280-d229 @A: 13 17 09 20 | 08
#1281-d229 @A: 01 14 09 17 | 07
#1282-d229 @A: 01 17 08 26 | 12
#1283-d229 @A: 03 10 04 17 | 04
#1284-d229 @A: 17 04 29 15 | 03
#1285-d229 @A: 18 25 17 27 | 09
#1286-d229 @A: 11 26 25 17 | 01
#1287-d229 @A: 03 28 27 17 | 10
#1288-d229 @A: 23 10 17 27 | 06
#1289-d229 @A: 24 30 17 27 | 05
#1290-d229 @A: 26 17 24 33 | 02
#1291-d229 @A: 17 33 11 05 | 11
#1292-d229 @A: 19 02 17 27 | 08
#1293-d229 @A: 13 14 01 35 | 07
#1294-d229 @A: 25 14 34 13 | 12
#1295-d229 @A: 13 18 05 01 | 04
#1296-d229 @A: 10 04 29 13 | 03
#1297-d229 @A: 04 34 13 24 | 09
#1298-d229 @A: 19 03 32 13 | 01
#1299-d229 @A: 13 08 28 27 | 10
#1300-d229 @A: 08 13 10 20 | 06
#1301-d229 @A: 15 13 08 03 | 05
#1302-d229 @A: 31 08 13 22 | 02
#1303-d229 @A: 06 13 09 28 | 11
#1304-d229 @A: 27 13 15 06 | 08
#1305-d229 @A: 13 03 28 16 | 07
#1306-d229 @A: 16 13 19 29 | 12
#1307-d229 @A: 13 18 10 22 | 04
#1308-d229 @A: 27 20 18 13 | 03
#1309-d229 @A: 13 12 20 24 | 09
#1310-d229 @A: 35 23 02 13 | 01
#1311-d229 @A: 23 07 13 22 | 10
#1312-d229 @A: 01 19 14 07 | 06
#1313-d229 @A: 14 20 25 08 | 05
#1314-d229 @A: 14 30 10 25 | 02
#1315-d229 @A: 25 09 15 14 | 11
#1316-d229 @A: 25 14 22 31 | 08
#1317-d229 @A: 08 27 14 06 | 07
#1318-d229 @A: 10 14 08 33 | 12
#1319-d229 @A: 18 06 20 14 | 04
#1320-d229 @A: 16 14 10 05 | 03
#1321-d229 @A: 18 30 27 14 | 09
#1322-d229 @A: 24 14 20 15 | 01
#1323-d229 @A: 21 33 12 14 | 10
#1324-d229 @A: 14 33 27 34 | 06
#1325-d229 @A: 05 35 19 14 | 05
#1326-d229 @A: 14 02 19 20 | 02
#1327-d229 @A: 32 26 01 04 | 11
#1328-d229 @A: 11 01 04 05 | 08
#1329-d229 @A: 32 25 01 29 | 07
#1330-d229 @A: 25 01 05 35 | 12
#1331-d229 @A: 34 06 15 01 | 04
#1332-d229 @A: 02 06 24 01 | 03
#1333-d229 @A: 31 16 21 01 | 09
#1334-d229 @A: 26 30 10 01 | 01
#1335-d229 @A: 01 21 15 26 | 10
#1336-d229 @A: 15 01 09 03 | 06
#1337-d229 @A: 31 22 35 01 | 05
#1338-d229 @A: 34 11 01 31 | 02
#1339-d229 @A: 10 18 04 25 | 11
#1340-d229 @A: 16 04 06 02 | 08
#1341-d229 @A: 16 04 29 33 | 07
#1342-d229 @A: 10 07 05 04 | 12
#1343-d229 @A: 23 15 04 22 | 04
#1344-d229 @A: 34 15 04 07 | 03
#1345-d229 @A: 33 04 34 26 | 09
#1346-d229 @A: 21 04 20 02 | 01
#1347-d229 @A: 24 31 04 12 | 10
#1348-d229 @A: 26 29 27 04 | 06
#1349-d229 @A: 20 25 32 06 | 05
#1350-d229 @A: 10 32 28 25 | 02
#1351-d229 @A: 35 08 21 25 | 11
#1352-d229 @A: 06 21 12 25 | 08
#1353-d229 @A: 16 10 07 25 | 07
#1354-d229 @A: 25 28 24 07 | 12
#1355-d229 @A: 24 25 10 02 | 04
#1356-d229 @A: 25 30 23 18 | 03
#1357-d229 @A: 15 29 21 25 | 09
#1358-d229 @A: 25 02 33 18 | 01
#1359-d229 @A: 03 25 24 18 | 10
#1360-d229 @A: 23 25 03 26 | 06
#1361-d229 @A: 11 29 25 07 | 05
#1362-d229 @A: 25 03 11 20 | 02
#1363-d229 @A: 15 22 32 08 | 11
#1364-d229 @A: 08 18 05 32 | 08
#1365-d229 @A: 02 32 29 06 | 07
#1366-d229 @A: 32 24 30 11 | 12
#1367-d229 @A: 26 15 18 32 | 04
#1368-d229 @A: 19 32 24 15 | 03
#1369-d229 @A: 03 35 27 32 | 09
#1370-d229 @A: 09 34 30 08 | 01
#1371-d229 @A: 23 18 08 31 | 10
#1372-d229 @A: 09 05 08 33 | 06
#1373-d229 @A: 31 02 29 08 | 05
#1374-d229 @A: 06 10 16 27 | 02
#1375-d229 @A: 31 26 28 06 | 11
#1376-d229 @A: 09 06 33 29 | 08
#1377-d229 @A: 34 24 11 06 | 07
#1378-d229 @A: 11 23 35 06 | 12
#1379-d229 @A: 22 06 07 35 | 04
#1380-d229 @A: 23 33 28 16 | 03
#1381-d229 @A: 10 18 29 16 | 09
#1382-d229 @A: 16 07 15 21 | 01
#1383-d229 @A: 31 23 19 16 | 10
#1384-d229 @A: 22 07 03 16 | 06
#1385-d229 @A: 20 28 27 10 | 05
#1386-d229 @A: 28 24 35 15 | 02
#1387-d229 @A: 28 35 09 22 | 11
#1388-d229 @A: 26 35 28 02 | 08
#1389-d229 @A: 09 19 29 28 | 07
#1390-d229 @A: 11 28 31 12 | 12
#1391-d229 @A: 27 07 05 28 | 04
#1392-d229 @A: 20 28 19 05 | 03
#1393-d229 @A: 26 29 11 10 | 09
#1394-d229 @A: 03 10 26 22 | 01
#1395-d229 @A: 10 02 29 22 | 10
#1396-d229 @A: 30 15 29 23 | 06
#1397-d229 @A: 09 18 20 30 | 05
#1398-d229 @A: 34 21 33 30 | 02
#1399-d229 @A: 30 03 26 12 | 11
#1400-d229 @A: 07 23 31 30 | 08
#1401-d229 @A: 31 05 30 02 | 07
#1402-d229 @A: 20 18 07 15 | 12
#1403-d229 @A: 07 15 35 12 | 04
#1404-d229 @A: 35 34 05 15 | 03
#1405-d229 @A: 07 15 05 09 | 09
#1406-d229 @A: 15 34 09 02 | 01
#1407-d229 @A: 15 11 23 31 | 10
#1408-d229 @A: 03 15 05 02 | 06
#1409-d229 @A: 15 19 12 22 | 05
#1410-d229 @A: 27 07 09 18 | 02
#1411-d229 @A: 18 20 09 19 | 11
#1412-d229 @A: 02 23 07 18 | 08
#1413-d229 @A: 20 18 23 22 | 07
#1414-d229 @A: 19 18 34 05 | 12
#1415-d229 @A: 12 31 09 33 | 04
#1416-d229 @A: 26 33 23 29 | 03
#1417-d229 @A: 31 33 19 29 | 09
#1418-d229 @A: 22 20 03 33 | 01
#1419-d229 @A: 09 21 20 35 | 10
#1420-d229 @A: 21 35 29 07 | 06
#1421-d229 @A: 11 07 26 21 | 05
#1422-d229 @A: 21 29 02 23 | 02
#1423-d229 @A: 02 31 11 21 | 11
#1424-d229 @A: 26 35 23 24 | 08
#1425-d229 @A: 27 03 19 24 | 07
#1426-d229 @A: 35 03 20 27 | 12
#1427-d229 @A: 20 05 22 09 | 04
#1428-d229 @A: 22 20 29 12 | 03
#1429-d229 @A: 05 20 03 34 | 09
#1430-d229 @A: 29 25 14 17 | 01
#1431-d229 @A: 17 14 02 11 | 10
#1432-d229 @A: 17 24 23 01 | 06
#1433-d229 @A: 31 20 17 08 | 05
#1434-d229 @A: 08 23 17 05 | 02
#1435-d229 @A: 17 15 26 06 | 11
#1436-d229 @A: 09 10 17 21 | 08
#1437-d229 @A: 33 30 17 29 | 07
#1438-d229 @A: 21 17 15 11 | 12
#1439-d229 @A: 21 20 18 17 | 04
#1440-d229 @A: 27 33 17 07 | 03
#1441-d229 @A: 29 17 19 12 | 09
#1442-d229 @A: 17 23 22 19 | 01
#1443-d229 @A: 17 22 20 19 | 10
#1444-d229 @A: 13 08 29 14 | 06
#1445-d229 @A: 01 09 13 16 | 05
#1446-d229 @A: 01 23 20 13 | 02
#1447-d229 @A: 13 04 20 19 | 11
#1448-d229 @A: 21 13 20 25 | 08
#1449-d229 @A: 10 13 06 32 | 07
#1450-d229 @A: 24 32 02 13 | 12
#1451-d229 @A: 08 13 16 12 | 04
#1452-d229 @A: 13 18 08 09 | 03
#1453-d229 @A: 13 15 07 10 | 09
#1454-d229 @A: 13 10 21 24 | 01
#1455-d229 @A: 29 18 30 13 | 10
#1456-d229 @A: 24 13 33 12 | 06
#1457-d229 @A: 23 09 34 13 | 05
#1458-d229 @A: 27 05 11 13 | 02
#1459-d229 @A: 34 10 01 14 | 11
#1460-d229 @A: 22 01 23 14 | 08
#1461-d229 @A: 04 23 14 06 | 07
#1462-d229 @A: 14 27 04 35 | 12
#1463-d229 @A: 16 14 32 34 | 04
#1464-d229 @A: 14 32 30 03 | 03
#1465-d229 @A: 21 11 32 14 | 09
#1466-d229 @A: 23 14 21 08 | 01
#1467-d229 @A: 14 06 30 29 | 10
#1468-d229 @A: 26 14 33 28 | 06
#1469-d229 @A: 05 15 14 30 | 05
#1470-d229 @A: 02 27 26 14 | 02
#1471-d229 @A: 12 03 14 19 | 11
#1472-d229 @A: 04 33 01 19 | 08
#1473-d229 @A: 28 19 32 01 | 07
#1474-d229 @A: 32 07 01 18 | 12
#1475-d229 @A: 31 28 01 08 | 04
#1476-d229 @A: 08 01 03 10 | 03
#1477-d229 @A: 01 10 24 05 | 09
#1478-d229 @A: 01 20 21 19 | 01
#1479-d229 @A: 09 27 01 35 | 10
#1480-d229 @A: 34 27 23 01 | 06
#1481-d229 @A: 20 01 05 02 | 05
#1482-d229 @A: 15 04 32 06 | 02
#1483-d229 @A: 20 32 07 04 | 11
#1484-d229 @A: 04 11 32 27 | 08
#1485-d229 @A: 15 02 08 04 | 07
#1486-d229 @A: 04 33 08 23 | 12
#1487-d229 @A: 24 04 16 21 | 04
#1488-d229 @A: 04 31 03 16 | 03
#1489-d229 @A: 28 18 04 02 | 09
#1490-d229 @A: 22 20 28 04 | 01
#1491-d229 @A: 04 23 27 09 | 10
#1492-d229 @A: 34 22 04 05 | 06
#1493-d229 @A: 11 08 25 16 | 05
#1494-d229 @A: 10 06 34 25 | 02
#1495-d229 @A: 25 22 06 05 | 11
#1496-d229 @A: 09 16 25 20 | 08
#1497-d229 @A: 27 25 35 28 | 07
#1498-d229 @A: 30 26 25 21 | 12
#1499-d229 @A: 25 30 20 12 | 04
#1500-d229 @A: 09 23 35 25 | 03
#1501-d229 @A: 22 11 25 23 | 09
#1502-d229 @A: 07 25 05 03 | 01
#1503-d229 @A: 25 02 19 05 | 10
#1504-d229 @A: 25 12 27 19 | 06
#1505-d229 @A: 08 12 32 10 | 05
#1506-d229 @A: 32 26 24 08 | 02
#1507-d229 @A: 32 08 22 20 | 11
#1508-d229 @A: 32 16 12 15 | 08
#1509-d229 @A: 26 33 32 16 | 07
#1510-d229 @A: 10 34 32 15 | 12
#1511-d229 @A: 21 02 32 15 | 04
#1512-d229 @A: 29 18 33 32 | 03
#1513-d229 @A: 24 32 22 33 | 09
#1514-d229 @A: 11 09 35 32 | 01
#1515-d229 @A: 12 23 32 31 | 10
#1516-d229 @A: 34 23 32 19 | 06
#1517-d229 @A: 32 34 07 11 | 05
#1518-d229 @A: 06 23 08 28 | 02
#1519-d229 @A: 08 06 09 31 | 11
#1520-d229 @A: 15 05 20 08 | 08
#1521-d229 @A: 07 21 08 18 | 07
#1522-d229 @A: 08 12 29 26 | 12
#1523-d229 @A: 08 20 26 03 | 04
#1524-d229 @A: 08 19 23 20 | 03
#1525-d229 @A: 07 22 08 02 | 09
#1526-d229 @A: 16 18 26 06 | 01
#1527-d229 @A: 10 03 06 18 | 10
#1528-d229 @A: 18 06 11 30 | 06
#1529-d229 @A: 06 12 35 02 | 05
#1530-d229 @A: 20 06 26 09 | 02
#1531-d229 @A: 06 26 03 07 | 11
#1532-d229 @A: 07 19 06 23 | 08
#1533-d229 @A: 03 06 02 34 | 07
#1534-d229 @A: 19 11 02 06 | 12
#1535-d229 @A: 03 26 16 21 | 04
#1536-d229 @A: 07 16 35 27 | 03
#1537-d229 @A: 02 29 16 34 | 09
#1538-d229 @A: 20 16 19 11 | 01
#1539-d229 @A: 28 30 09 10 | 10
#1540-d229 @A: 03 10 35 28 | 06
#1541-d229 @A: 28 29 03 23 | 05
#1542-d229 @A: 18 30 10 31 | 02
#1543-d229 @A: 30 10 19 24 | 11
#1544-d229 @A: 10 03 33 12 | 08
#1545-d229 @A: 09 35 07 10 | 07
#1546-d229 @A: 26 30 35 18 | 12
#1547-d229 @A: 33 30 20 24 | 04
#1548-d229 @A: 26 34 30 20 | 03
#1549-d229 @A: 31 12 15 02 | 09
#1550-d229 @A: 18 19 03 09 | 01
#1551-d229 @A: 22 26 18 23 | 10
#1552-d229 @A: 20 18 11 26 | 06
#1553-d229 @A: 31 18 03 05 | 05
#1554-d229 @A: 27 31 12 18 | 02
#1555-d229 @A: 18 12 03 02 | 11
#1556-d229 @A: 18 03 11 34 | 08
#1557-d229 @A: 09 34 33 35 | 07
#1558-d229 @A: 12 26 11 33 | 12
#1559-d229 @A: 21 26 09 02 | 04
#1560-d229 @A: 03 29 21 34 | 03
#1561-d229 @A: 05 29 09 24 | 09
#1562-d229 @A: 24 12 22 09 | 01
#1563-d229 @A: 29 24 12 07 | 10
#1564-d229 @A: 26 35 02 20 | 06
#1565-d229 @A: 13 17 10 28 | 05
#1566-d229 @A: 18 13 17 11 | 02
#1567-d229 @A: 14 31 17 16 | 11
#1568-d229 @A: 14 03 15 17 | 08
#1569-d229 @A: 14 17 27 20 | 07
#1570-d229 @A: 04 11 24 17 | 12
#1571-d229 @A: 32 17 33 25 | 04
#1572-d229 @A: 17 10 32 20 | 03
#1573-d229 @A: 32 26 02 17 | 09
#1574-d229 @A: 03 17 32 29 | 01
#1575-d229 @A: 17 08 06 11 | 10
#1576-d229 @A: 16 06 17 23 | 06
#1577-d229 @A: 17 16 10 02 | 05
#1578-d229 @A: 17 16 33 03 | 02
#1579-d229 @A: 17 22 30 10 | 11
#1580-d229 @A: 07 31 17 10 | 08
#1581-d229 @A: 07 17 15 30 | 07
#1582-d229 @A: 22 15 33 17 | 12
#1583-d229 @A: 19 34 09 17 | 04
#1584-d229 @A: 17 31 23 26 | 03
#1585-d229 @A: 10 14 03 13 | 09
#1586-d229 @A: 01 21 12 13 | 01
#1587-d229 @A: 32 11 13 08 | 10
#1588-d229 @A: 28 13 32 33 | 06
#1589-d229 @A: 30 23 13 06 | 05
#1590-d229 @A: 16 33 15 13 | 02
#1591-d229 @A: 28 13 26 20 | 11
#1592-d229 @A: 09 10 11 13 | 08
#1593-d229 @A: 29 33 13 02 | 07
#1594-d229 @A: 26 13 35 03 | 12
#1595-d229 @A: 22 05 29 13 | 04
#1596-d229 @A: 03 13 02 07 | 03
#1597-d229 @A: 01 14 16 20 | 09
#1598-d229 @A: 14 18 15 08 | 01
#1599-d229 @A: 03 06 33 14 | 10
#1600-d229 @A: 14 31 27 29 | 06
#1601-d229 @A: 14 20 07 29 | 05
#1602-d229 @A: 12 14 34 22 | 02
#1603-d229 @A: 03 01 04 06 | 11
#1604-d229 @A: 01 04 20 18 | 08
#1605-d229 @A: 01 07 04 24 | 07
#1606-d229 @A: 01 19 06 25 | 12
#1607-d229 @A: 32 30 02 01 | 04
#1608-d229 @A: 11 01 08 21 | 03
#1609-d229 @A: 23 08 01 35 | 09
#1610-d229 @A: 26 16 24 01 | 01
#1611-d229 @A: 01 07 21 10 | 10
#1612-d229 @A: 15 24 27 01 | 06
#1613-d229 @A: 23 21 01 18 | 05
#1614-d229 @A: 33 24 34 01 | 02
#1615-d229 @A: 29 01 34 35 | 11
#1616-d229 @A: 12 01 02 26 | 08
#1617-d229 @A: 04 25 16 26 | 07
#1618-d229 @A: 04 24 05 25 | 12
#1619-d229 @A: 05 15 16 04 | 04
#1620-d229 @A: 04 02 11 35 | 03
#1621-d229 @A: 03 04 20 12 | 09
#1622-d229 @A: 25 16 32 05 | 01
#1623-d229 @A: 11 12 25 32 | 10
#1624-d229 @A: 08 25 07 30 | 06
#1625-d229 @A: 22 25 16 21 | 05
#1626-d229 @A: 03 25 09 28 | 02
#1627-d229 @A: 15 25 19 10 | 11
#1628-d229 @A: 25 09 19 11 | 08
#1629-d229 @A: 16 21 19 32 | 07
#1630-d229 @A: 05 32 28 29 | 12
#1631-d229 @A: 23 32 07 24 | 04
#1632-d229 @A: 32 12 09 26 | 03
#1633-d229 @A: 26 32 22 29 | 09
#1634-d229 @A: 32 02 23 27 | 01
#1635-d229 @A: 20 27 32 02 | 10
#1636-d229 @A: 03 06 30 08 | 06
#1637-d229 @A: 08 10 26 15 | 05
#1638-d229 @A: 20 30 21 08 | 02
#1639-d229 @A: 24 12 08 15 | 11
#1640-d229 @A: 18 08 35 24 | 08
#1641-d229 @A: 33 08 11 24 | 07
#1642-d229 @A: 03 08 21 02 | 12
#1643-d229 @A: 16 06 05 30 | 04
#1644-d229 @A: 06 28 11 10 | 03
#1645-d229 @A: 15 10 06 09 | 09
#1646-d229 @A: 24 26 06 30 | 01
#1647-d229 @A: 21 15 06 20 | 10
#1648-d229 @A: 06 21 34 23 | 06
#1649-d229 @A: 34 07 09 06 | 05
#1650-d229 @A: 02 26 06 23 | 02
#1651-d229 @A: 34 06 22 19 | 11
#1652-d229 @A: 20 18 10 16 | 08
#1653-d229 @A: 15 16 18 03 | 07
#1654-d229 @A: 34 16 22 15 | 12
#1655-d229 @A: 16 33 20 02 | 04
#1656-d229 @A: 35 09 16 26 | 03
#1657-d229 @A: 05 16 02 35 | 09
#1658-d229 @A: 28 05 10 15 | 01
#1659-d229 @A: 28 22 10 33 | 10
#1660-d229 @A: 11 30 28 33 | 06
#1661-d229 @A: 24 23 18 28 | 05
#1662-d229 @A: 20 03 09 28 | 02
#1663-d229 @A: 31 19 28 27 | 11
#1664-d229 @A: 10 07 30 03 | 08
#1665-d229 @A: 10 11 15 20 | 07
#1666-d229 @A: 33 05 31 10 | 12
#1667-d229 @A: 12 09 02 10 | 04
#1668-d229 @A: 31 12 22 10 | 03
#1669-d229 @A: 21 15 22 30 | 09
#1670-d229 @A: 21 05 18 30 | 01
#1671-d229 @A: 29 30 07 34 | 10
#1672-d229 @A: 27 30 12 29 | 06
#1673-d229 @A: 22 12 07 30 | 05
#1674-d229 @A: 24 15 21 18 | 02
#1675-d229 @A: 15 33 21 09 | 11
#1676-d229 @A: 26 23 09 15 | 08
#1677-d229 @A: 11 09 15 27 | 07
#1678-d229 @A: 29 15 05 31 | 12
#1679-d229 @A: 07 33 18 24 | 04
#1680-d229 @A: 18 22 31 19 | 03
#1681-d229 @A: 18 23 19 27 | 09
#1682-d229 @A: 23 03 33 31 | 01
#1683-d229 @A: 33 31 27 22 | 10
#1684-d229 @A: 05 02 33 23 | 06
#1685-d229 @A: 05 22 33 12 | 05
#1686-d229 @A: 21 24 22 07 | 02
#1687-d229 @A: 21 07 03 27 | 11
#1688-d229 @A: 27 26 24 11 | 08
#1689-d229 @A: 20 02 31 07 | 07
