#0001-d319 @A: 24 11 32 07 | 02
#0002-d319 @A: 11 22 07 02 | 07
#0003-d319 @A: 04 02 11 35 | 09
#0004-d319 @A: 02 20 11 18 | 01
#0005-d319 @A: 31 34 30 11 | 03
#0006-d319 @A: 35 11 06 25 | 05
#0007-d319 @A: 35 10 08 11 | 04
#0008-d319 @A: 31 19 14 11 | 10
#0009-d319 @A: 11 21 19 23 | 11
#0010-d319 @A: 24 01 11 09 | 12
#0011-d319 @A: 33 11 01 21 | 06
#0012-d319 @A: 09 17 31 11 | 08
#0013-d319 @A: 11 21 25 17 | 02
#0014-d319 @A: 11 12 29 08 | 07
#0015-d319 @A: 27 20 11 10 | 09
#0016-d319 @A: 11 24 10 06 | 01
#0017-d319 @A: 27 26 11 21 | 03
#0018-d319 @A: 23 24 06 11 | 05
#0019-d319 @A: 34 07 27 32 | 04
#0020-d319 @A: 05 07 03 16 | 10
#0021-d319 @A: 24 14 03 07 | 11
#0022-d319 @A: 07 26 16 34 | 12
#0023-d319 @A: 18 10 07 26 | 06
#0024-d319 @A: 05 14 07 29 | 08
#0025-d319 @A: 31 14 07 01 | 02
#0026-d319 @A: 21 14 23 07 | 07
#0027-d319 @A: 12 07 14 27 | 09
#0028-d319 @A: 07 12 17 04 | 01
#0029-d319 @A: 28 17 08 07 | 03
#0030-d319 @A: 20 07 29 22 | 05
#0031-d319 @A: 28 34 32 02 | 04
#0032-d319 @A: 32 12 02 18 | 10
#0033-d319 @A: 26 32 14 02 | 11
#0034-d319 @A: 03 14 30 32 | 12
#0035-d319 @A: 05 34 14 32 | 06
#0036-d319 @A: 32 13 14 28 | 08
#0037-d319 @A: 25 32 15 19 | 02
#0038-d319 @A: 01 12 32 05 | 07
#0039-d319 @A: 05 32 26 29 | 09
#0040-d319 @A: 05 24 15 32 | 01
#0041-d319 @A: 08 29 32 24 | 03
#0042-d319 @A: 26 08 12 32 | 05
#0043-d319 @A: 24 03 02 17 | 04
#0044-d319 @A: 34 01 22 02 | 10
#0045-d319 @A: 34 20 33 02 | 11
#0046-d319 @A: 28 02 20 13 | 12
#0047-d319 @A: 31 24 02 35 | 06
#0048-d319 @A: 19 09 15 02 | 08
#0049-d319 @A: 25 02 19 06 | 02
#0050-d319 @A: 18 30 22 02 | 07
#0051-d319 @A: 02 05 08 33 | 09
#0052-d319 @A: 01 02 09 14 | 01
#0053-d319 @A: 26 27 02 09 | 03
#0054-d319 @A: 23 02 33 04 | 05
#0055-d319 @A: 02 31 16 20 | 04
#0056-d319 @A: 02 26 28 15 | 10
#0057-d319 @A: 08 02 24 15 | 11
#0058-d319 @A: 28 03 14 34 | 12
#0059-d319 @A: 03 13 15 05 | 06
#0060-d319 @A: 03 35 20 04 | 08
#0061-d319 @A: 03 30 29 10 | 02
#0062-d319 @A: 10 03 18 25 | 07
#0063-d319 @A: 03 14 26 01 | 09
#0064-d319 @A: 04 03 14 06 | 01
#0065-d319 @A: 29 08 03 31 | 03
#0066-d319 @A: 03 29 28 27 | 05
#0067-d319 @A: 31 03 20 15 | 04
#0068-d319 @A: 27 12 03 26 | 10
#0069-d319 @A: 30 20 34 35 | 11
#0070-d319 @A: 25 34 35 29 | 12
#0071-d319 @A: 17 18 19 34 | 06
#0072-d319 @A: 34 04 18 01 | 08
#0073-d319 @A: 34 18 25 24 | 02
#0074-d319 @A: 17 34 05 20 | 07
#0075-d319 @A: 21 34 05 33 | 09
#0076-d319 @A: 34 26 04 05 | 01
#0077-d319 @A: 23 09 34 21 | 03
#0078-d319 @A: 34 21 04 27 | 05
#0079-d319 @A: 12 34 04 06 | 04
#0080-d319 @A: 23 13 35 06 | 10
#0081-d319 @A: 13 27 19 18 | 11
#0082-d319 @A: 28 33 19 13 | 12
#0083-d319 @A: 13 01 20 16 | 06
#0084-d319 @A: 23 24 01 13 | 08
#0085-d319 @A: 25 13 17 10 | 02
#0086-d319 @A: 21 31 28 13 | 07
#0087-d319 @A: 12 27 31 13 | 09
#0088-d319 @A: 31 13 08 24 | 01
#0089-d319 @A: 04 23 13 27 | 03
#0090-d319 @A: 21 08 13 20 | 05
#0091-d319 @A: 17 14 06 35 | 04
#0092-d319 @A: 01 22 15 35 | 10
#0093-d319 @A: 23 09 27 35 | 11
#0094-d319 @A: 10 20 35 28 | 12
#0095-d319 @A: 24 19 26 30 | 06
#0096-d319 @A: 19 18 26 16 | 08
#0097-d319 @A: 16 19 31 17 | 02
#0098-d319 @A: 21 10 19 04 | 07
#0099-d319 @A: 19 08 20 04 | 09
#0100-d319 @A: 23 16 19 15 | 01
#0101-d319 @A: 24 19 16 28 | 03
#0102-d319 @A: 28 27 19 21 | 05
#0103-d319 @A: 20 19 12 28 | 04
#0104-d319 @A: 18 12 25 30 | 10
#0105-d319 @A: 30 33 05 29 | 11
#0106-d319 @A: 09 26 30 14 | 12
#0107-d319 @A: 18 05 28 29 | 06
#0108-d319 @A: 15 10 18 05 | 08
#0109-d319 @A: 29 15 16 18 | 02
#0110-d319 @A: 20 18 27 31 | 07
#0111-d319 @A: 15 10 18 23 | 09
#0112-d319 @A: 09 25 05 29 | 01
#0113-d319 @A: 04 09 33 05 | 03
#0114-d319 @A: 05 06 24 22 | 05
#0115-d319 @A: 28 10 14 29 | 04
#0116-d319 @A: 14 23 04 27 | 10
#0117-d319 @A: 23 20 08 14 | 11
#0118-d319 @A: 20 09 01 22 | 12
#0119-d319 @A: 26 08 25 01 | 06
#0120-d319 @A: 31 01 27 21 | 08
#0121-d319 @A: 10 28 22 01 | 02
#0122-d319 @A: 20 01 26 28 | 07
#0123-d319 @A: 29 09 10 08 | 09
#0124-d319 @A: 23 15 28 09 | 01
#0125-d319 @A: 06 23 10 09 | 03
#0126-d319 @A: 17 22 08 16 | 05
#0127-d319 @A: 20 16 17 12 | 04
#0128-d319 @A: 08 06 26 17 | 10
#0129-d319 @A: 10 24 33 25 | 11
#0130-d319 @A: 25 16 20 26 | 12
#0131-d319 @A: 22 25 15 24 | 06
#0132-d319 @A: 22 27 23 25 | 08
#0133-d319 @A: 25 28 22 12 | 02
#0134-d319 @A: 08 29 06 33 | 07
#0135-d319 @A: 21 31 33 10 | 09
#0136-d319 @A: 27 31 33 28 | 01
#0137-d319 @A: 33 24 27 16 | 03
#0138-d319 @A: 33 24 08 22 | 05
#0139-d319 @A: 33 27 08 21 | 04
#0140-d319 @A: 07 06 11 04 | 10
#0141-d319 @A: 11 07 10 16 | 11
#0142-d319 @A: 11 31 32 02 | 12
#0143-d319 @A: 11 32 08 19 | 06
#0144-d319 @A: 11 29 32 09 | 08
#0145-d319 @A: 03 11 30 26 | 02
#0146-d319 @A: 29 03 11 14 | 07
#0147-d319 @A: 21 11 34 14 | 09
#0148-d319 @A: 11 25 27 34 | 01
#0149-d319 @A: 16 13 28 11 | 03
#0150-d319 @A: 04 14 30 11 | 05
#0151-d319 @A: 30 11 16 23 | 04
#0152-d319 @A: 25 11 05 31 | 10
#0153-d319 @A: 11 25 14 10 | 11
#0154-d319 @A: 06 11 01 17 | 12
#0155-d319 @A: 11 09 33 06 | 06
#0156-d319 @A: 17 20 23 11 | 08
#0157-d319 @A: 29 11 20 06 | 02
#0158-d319 @A: 04 11 31 28 | 07
#0159-d319 @A: 15 20 24 11 | 09
#0160-d319 @A: 28 22 24 11 | 01
#0161-d319 @A: 11 12 21 24 | 03
#0162-d319 @A: 10 07 28 02 | 05
#0163-d319 @A: 07 22 03 30 | 04
#0164-d319 @A: 30 07 09 34 | 10
#0165-d319 @A: 13 07 19 05 | 11
#0166-d319 @A: 27 07 15 13 | 12
#0167-d319 @A: 08 07 35 14 | 06
#0168-d319 @A: 28 07 35 01 | 08
#0169-d319 @A: 07 05 04 30 | 02
#0170-d319 @A: 10 07 30 25 | 07
#0171-d319 @A: 14 07 18 21 | 09
#0172-d319 @A: 08 04 10 07 | 01
#0173-d319 @A: 06 23 07 15 | 03
#0174-d319 @A: 32 17 29 13 | 05
#0175-d319 @A: 32 13 31 23 | 04
#0176-d319 @A: 30 35 28 32 | 10
#0177-d319 @A: 32 35 27 33 | 11
#0178-d319 @A: 30 06 33 32 | 12
#0179-d319 @A: 33 05 32 10 | 06
#0180-d319 @A: 29 16 32 20 | 08
#0181-d319 @A: 31 24 32 21 | 02
#0182-d319 @A: 16 32 22 23 | 07
#0183-d319 @A: 28 12 32 10 | 09
#0184-d319 @A: 32 23 10 20 | 01
#0185-d319 @A: 20 28 06 32 | 03
#0186-d319 @A: 02 03 10 34 | 05
#0187-d319 @A: 35 02 19 13 | 04
#0188-d319 @A: 23 35 02 18 | 10
#0189-d319 @A: 29 02 30 19 | 11
#0190-d319 @A: 16 02 30 01 | 12
#0191-d319 @A: 08 30 02 27 | 06
#0192-d319 @A: 18 02 09 06 | 08
#0193-d319 @A: 25 02 05 22 | 02
#0194-d319 @A: 14 02 29 23 | 07
#0195-d319 @A: 02 27 06 14 | 09
#0196-d319 @A: 27 34 03 35 | 01
#0197-d319 @A: 34 16 03 18 | 03
#0198-d319 @A: 13 29 33 03 | 05
#0199-d319 @A: 31 05 35 03 | 04
#0200-d319 @A: 19 20 17 03 | 10
#0201-d319 @A: 31 04 03 19 | 11
#0202-d319 @A: 30 03 05 06 | 12
#0203-d319 @A: 03 12 09 30 | 06
#0204-d319 @A: 03 14 18 08 | 08
#0205-d319 @A: 33 10 14 03 | 02
#0206-d319 @A: 22 01 03 27 | 07
#0207-d319 @A: 03 09 10 20 | 09
#0208-d319 @A: 03 06 29 16 | 01
#0209-d319 @A: 23 03 21 31 | 03
#0210-d319 @A: 13 31 34 35 | 05
#0211-d319 @A: 35 16 34 09 | 04
#0212-d319 @A: 30 17 27 34 | 10
#0213-d319 @A: 09 10 34 14 | 11
#0214-d319 @A: 21 34 17 09 | 12
#0215-d319 @A: 09 33 28 34 | 06
#0216-d319 @A: 34 16 17 28 | 08
#0217-d319 @A: 27 16 34 12 | 02
#0218-d319 @A: 21 34 26 10 | 07
#0219-d319 @A: 28 34 20 21 | 09
#0220-d319 @A: 15 29 13 35 | 01
#0221-d319 @A: 09 13 20 18 | 03
#0222-d319 @A: 06 18 13 22 | 05
#0223-d319 @A: 14 13 26 17 | 04
#0224-d319 @A: 01 24 13 33 | 10
#0225-d319 @A: 13 28 27 04 | 11
#0226-d319 @A: 16 22 12 13 | 12
#0227-d319 @A: 28 13 06 26 | 06
#0228-d319 @A: 24 25 35 19 | 08
#0229-d319 @A: 29 19 35 23 | 02
#0230-d319 @A: 04 18 30 35 | 07
#0231-d319 @A: 33 18 31 35 | 09
#0232-d319 @A: 35 01 27 16 | 01
#0233-d319 @A: 17 33 35 20 | 03
#0234-d319 @A: 35 16 26 04 | 05
#0235-d319 @A: 15 35 08 26 | 04
#0236-d319 @A: 21 24 35 10 | 10
#0237-d319 @A: 22 35 24 26 | 11
#0238-d319 @A: 19 04 09 30 | 12
#0239-d319 @A: 23 18 19 20 | 06
#0240-d319 @A: 31 19 05 01 | 08
#0241-d319 @A: 22 16 19 05 | 02
#0242-d319 @A: 22 19 33 01 | 07
#0243-d319 @A: 22 21 19 17 | 09
#0244-d319 @A: 19 26 20 22 | 01
#0245-d319 @A: 24 19 06 27 | 03
#0246-d319 @A: 30 25 22 01 | 05
#0247-d319 @A: 01 33 10 30 | 04
#0248-d319 @A: 09 08 30 17 | 10
#0249-d319 @A: 31 26 27 30 | 11
#0250-d319 @A: 28 20 30 31 | 12
#0251-d319 @A: 24 06 30 21 | 06
#0252-d319 @A: 24 20 23 30 | 08
#0253-d319 @A: 12 18 05 09 | 02
#0254-d319 @A: 09 15 18 17 | 07
#0255-d319 @A: 27 18 10 06 | 09
#0256-d319 @A: 05 14 28 23 | 01
#0257-d319 @A: 29 05 24 20 | 03
#0258-d319 @A: 06 05 31 27 | 05
#0259-d319 @A: 27 04 05 08 | 04
#0260-d319 @A: 05 08 20 26 | 10
#0261-d319 @A: 23 09 14 31 | 11
#0262-d319 @A: 14 15 20 06 | 12
#0263-d319 @A: 27 28 01 17 | 06
#0264-d319 @A: 01 29 27 08 | 08
#0265-d319 @A: 16 09 29 31 | 02
#0266-d319 @A: 09 21 28 26 | 07
#0267-d319 @A: 24 27 08 09 | 09
#0268-d319 @A: 24 25 17 06 | 01
#0269-d319 @A: 17 08 29 04 | 03
#0270-d319 @A: 17 04 10 16 | 05
#0271-d319 @A: 06 27 17 16 | 04
#0272-d319 @A: 21 33 26 25 | 10
#0273-d319 @A: 25 16 29 22 | 11
#0274-d319 @A: 06 08 15 25 | 12
#0275-d319 @A: 31 24 33 04 | 06
#0276-d319 @A: 20 12 04 33 | 08
#0277-d319 @A: 33 15 10 08 | 02
#0278-d319 @A: 28 33 12 24 | 07
#0279-d319 @A: 02 01 11 29 | 09
#0280-d319 @A: 21 02 09 11 | 01
#0281-d319 @A: 03 11 01 16 | 03
#0282-d319 @A: 15 11 17 03 | 05
#0283-d319 @A: 06 34 26 11 | 04
#0284-d319 @A: 33 08 13 11 | 10
#0285-d319 @A: 35 31 11 01 | 11
#0286-d319 @A: 30 11 21 05 | 12
#0287-d319 @A: 11 30 17 28 | 06
#0288-d319 @A: 11 20 16 30 | 08
#0289-d319 @A: 18 11 26 04 | 02
#0290-d319 @A: 06 14 05 11 | 07
#0291-d319 @A: 06 32 25 07 | 09
#0292-d319 @A: 32 07 23 28 | 01
#0293-d319 @A: 02 09 08 07 | 03
#0294-d319 @A: 25 34 07 08 | 05
#0295-d319 @A: 13 18 17 07 | 04
#0296-d319 @A: 01 08 13 07 | 10
#0297-d319 @A: 31 19 18 07 | 11
#0298-d319 @A: 27 07 19 17 | 12
#0299-d319 @A: 18 07 28 30 | 06
#0300-d319 @A: 05 01 22 07 | 08
#0301-d319 @A: 07 08 21 05 | 02
#0302-d319 @A: 12 05 26 07 | 07
#0303-d319 @A: 25 01 07 27 | 09
#0304-d319 @A: 17 27 07 23 | 01
#0305-d319 @A: 31 07 29 25 | 03
#0306-d319 @A: 07 23 33 26 | 05
#0307-d319 @A: 16 28 07 20 | 04
#0308-d319 @A: 07 15 24 26 | 10
#0309-d319 @A: 28 26 07 27 | 11
#0310-d319 @A: 03 33 16 32 | 12
#0311-d319 @A: 12 32 03 29 | 06
#0312-d319 @A: 34 32 35 08 | 08
#0313-d319 @A: 34 33 29 32 | 02
#0314-d319 @A: 16 32 05 13 | 07
#0315-d319 @A: 35 32 24 20 | 09
#0316-d319 @A: 29 06 32 14 | 01
#0317-d319 @A: 17 32 01 16 | 03
#0318-d319 @A: 32 21 29 01 | 05
#0319-d319 @A: 32 04 33 28 | 04
#0320-d319 @A: 10 32 29 15 | 10
#0321-d319 @A: 32 20 04 31 | 11
#0322-d319 @A: 32 31 22 26 | 12
#0323-d319 @A: 30 03 35 02 | 06
#0324-d319 @A: 09 02 22 13 | 08
#0325-d319 @A: 28 35 05 02 | 02
#0326-d319 @A: 35 10 29 02 | 07
#0327-d319 @A: 14 02 28 30 | 09
#0328-d319 @A: 17 01 02 10 | 01
#0329-d319 @A: 29 21 22 02 | 03
#0330-d319 @A: 02 16 31 23 | 05
#0331-d319 @A: 23 20 22 02 | 04
#0332-d319 @A: 06 12 23 02 | 10
#0333-d319 @A: 13 34 03 24 | 11
#0334-d319 @A: 29 03 34 17 | 12
#0335-d319 @A: 03 30 13 31 | 06
#0336-d319 @A: 35 03 33 28 | 08
#0337-d319 @A: 29 19 05 03 | 02
#0338-d319 @A: 19 14 27 03 | 07
#0339-d319 @A: 03 14 22 12 | 09
#0340-d319 @A: 22 03 04 24 | 01
#0341-d319 @A: 24 28 10 03 | 03
#0342-d319 @A: 06 20 03 26 | 05
#0343-d319 @A: 13 19 10 34 | 04
#0344-d319 @A: 34 25 15 13 | 10
#0345-d319 @A: 14 23 34 26 | 11
#0346-d319 @A: 17 23 01 34 | 12
#0347-d319 @A: 01 34 16 25 | 06
#0348-d319 @A: 10 23 34 33 | 08
#0349-d319 @A: 34 29 31 10 | 02
#0350-d319 @A: 27 29 20 34 | 07
#0351-d319 @A: 29 06 24 34 | 09
#0352-d319 @A: 35 13 25 27 | 01
#0353-d319 @A: 19 21 13 16 | 03
#0354-d319 @A: 19 08 13 15 | 05
#0355-d319 @A: 30 26 13 01 | 04
#0356-d319 @A: 17 13 30 04 | 10
#0357-d319 @A: 25 13 18 33 | 11
#0358-d319 @A: 13 27 33 09 | 12
#0359-d319 @A: 06 13 33 17 | 06
#0360-d319 @A: 25 22 13 31 | 08
#0361-d319 @A: 16 15 13 31 | 02
#0362-d319 @A: 12 23 21 13 | 07
#0363-d319 @A: 19 35 18 10 | 09
#0364-d319 @A: 33 19 35 08 | 01
#0365-d319 @A: 14 33 25 35 | 03
#0366-d319 @A: 35 26 10 06 | 05
#0367-d319 @A: 19 06 17 30 | 04
#0368-d319 @A: 19 14 04 33 | 10
#0369-d319 @A: 12 24 19 14 | 11
#0370-d319 @A: 26 33 09 19 | 12
#0371-d319 @A: 19 10 27 25 | 06
#0372-d319 @A: 20 27 19 33 | 08
#0373-d319 @A: 28 10 19 31 | 02
#0374-d319 @A: 30 25 04 28 | 07
#0375-d319 @A: 30 22 06 28 | 09
#0376-d319 @A: 25 18 29 14 | 01
#0377-d319 @A: 33 14 16 18 | 03
#0378-d319 @A: 14 18 04 10 | 05
#0379-d319 @A: 33 18 29 01 | 04
#0380-d319 @A: 01 21 10 18 | 10
#0381-d319 @A: 18 09 10 33 | 11
#0382-d319 @A: 29 18 04 21 | 12
#0383-d319 @A: 18 12 26 31 | 06
#0384-d319 @A: 22 26 18 28 | 08
#0385-d319 @A: 05 14 15 09 | 02
#0386-d319 @A: 01 25 10 05 | 07
#0387-d319 @A: 28 17 05 26 | 09
#0388-d319 @A: 12 05 22 04 | 01
#0389-d319 @A: 12 05 24 16 | 03
#0390-d319 @A: 15 28 05 20 | 05
#0391-d319 @A: 24 08 05 28 | 04
#0392-d319 @A: 01 25 14 06 | 10
#0393-d319 @A: 10 16 01 14 | 11
#0394-d319 @A: 14 33 28 17 | 12
#0395-d319 @A: 14 27 21 29 | 06
#0396-d319 @A: 15 31 14 24 | 08
#0397-d319 @A: 27 14 26 20 | 02
#0398-d319 @A: 01 17 09 29 | 07
#0399-d319 @A: 09 08 12 01 | 09
#0400-d319 @A: 06 01 15 04 | 01
#0401-d319 @A: 01 22 04 21 | 03
#0402-d319 @A: 20 31 08 09 | 05
#0403-d319 @A: 28 04 09 12 | 04
#0404-d319 @A: 17 23 10 25 | 10
#0405-d319 @A: 24 17 29 33 | 11
#0406-d319 @A: 15 12 25 27 | 12
#0407-d319 @A: 20 33 15 29 | 06
#0408-d319 @A: 33 31 23 27 | 08
#0409-d319 @A: 22 33 15 04 | 02
#0410-d319 @A: 16 33 28 06 | 07
#0411-d319 @A: 06 31 08 23 | 09
#0412-d319 @A: 16 23 27 21 | 01
#0413-d319 @A: 07 11 34 19 | 03
#0414-d319 @A: 27 30 11 07 | 05
#0415-d319 @A: 03 20 11 33 | 04
#0416-d319 @A: 11 33 34 24 | 10
#0417-d319 @A: 26 13 25 11 | 11
#0418-d319 @A: 20 11 35 19 | 12
#0419-d319 @A: 09 11 35 26 | 06
#0420-d319 @A: 19 11 05 17 | 08
#0421-d319 @A: 16 29 11 04 | 02
#0422-d319 @A: 11 04 24 08 | 07
#0423-d319 @A: 07 32 04 19 | 09
#0424-d319 @A: 35 17 02 07 | 01
#0425-d319 @A: 15 07 18 03 | 03
#0426-d319 @A: 03 33 07 27 | 05
#0427-d319 @A: 20 07 23 13 | 04
#0428-d319 @A: 07 25 19 20 | 10
#0429-d319 @A: 30 07 12 06 | 11
#0430-d319 @A: 33 07 25 05 | 12
#0431-d319 @A: 17 22 07 14 | 06
#0432-d319 @A: 26 01 07 09 | 08
#0433-d319 @A: 15 09 33 07 | 02
#0434-d319 @A: 16 12 29 07 | 07
#0435-d319 @A: 04 07 15 20 | 09
#0436-d319 @A: 12 10 07 15 | 01
#0437-d319 @A: 08 27 07 22 | 03
#0438-d319 @A: 04 02 16 32 | 05
#0439-d319 @A: 03 06 13 32 | 04
#0440-d319 @A: 19 03 10 32 | 10
#0441-d319 @A: 32 03 04 09 | 11
#0442-d319 @A: 34 19 21 32 | 12
#0443-d319 @A: 01 32 34 31 | 06
#0444-d319 @A: 32 29 18 19 | 08
#0445-d319 @A: 19 32 14 16 | 02
#0446-d319 @A: 32 01 19 26 | 07
#0447-d319 @A: 32 19 27 09 | 09
#0448-d319 @A: 25 32 30 29 | 01
#0449-d319 @A: 05 18 22 32 | 03
#0450-d319 @A: 09 28 18 32 | 05
#0451-d319 @A: 32 18 17 04 | 04
#0452-d319 @A: 05 09 32 31 | 10
#0453-d319 @A: 32 31 14 25 | 11
#0454-d319 @A: 33 32 01 23 | 12
#0455-d319 @A: 18 02 03 29 | 06
#0456-d319 @A: 13 02 34 16 | 08
#0457-d319 @A: 10 02 05 19 | 02
#0458-d319 @A: 14 10 31 02 | 07
#0459-d319 @A: 01 02 04 25 | 09
#0460-d319 @A: 02 09 29 28 | 01
#0461-d319 @A: 28 17 02 22 | 03
#0462-d319 @A: 26 29 02 24 | 05
#0463-d319 @A: 02 15 22 31 | 04
#0464-d319 @A: 02 08 28 04 | 10
#0465-d319 @A: 02 20 12 24 | 11
#0466-d319 @A: 25 03 31 34 | 12
#0467-d319 @A: 17 03 10 35 | 06
#0468-d319 @A: 05 14 03 21 | 08
#0469-d319 @A: 01 29 03 25 | 02
#0470-d319 @A: 20 27 16 03 | 07
#0471-d319 @A: 26 28 16 03 | 09
#0472-d319 @A: 23 26 28 03 | 01
#0473-d319 @A: 13 34 01 28 | 03
#0474-d319 @A: 12 33 34 13 | 05
#0475-d319 @A: 35 12 34 17 | 04
#0476-d319 @A: 19 28 30 34 | 10
#0477-d319 @A: 12 18 34 29 | 11
#0478-d319 @A: 23 18 16 34 | 12
#0479-d319 @A: 33 25 34 17 | 06
#0480-d319 @A: 24 16 34 04 | 08
#0481-d319 @A: 16 15 34 10 | 02
#0482-d319 @A: 12 21 34 22 | 07
#0483-d319 @A: 28 35 13 18 | 09
#0484-d319 @A: 19 24 17 13 | 01
#0485-d319 @A: 30 15 09 13 | 03
#0486-d319 @A: 30 13 16 33 | 05
#0487-d319 @A: 24 13 21 05 | 04
#0488-d319 @A: 33 13 20 14 | 10
#0489-d319 @A: 13 27 08 17 | 11
#0490-d319 @A: 06 31 13 10 | 12
#0491-d319 @A: 16 04 13 06 | 06
#0492-d319 @A: 15 13 04 24 | 08
#0493-d319 @A: 13 10 16 23 | 02
#0494-d319 @A: 10 13 21 12 | 07
#0495-d319 @A: 28 08 13 10 | 09
#0496-d319 @A: 13 20 06 24 | 01
#0497-d319 @A: 35 05 10 30 | 03
#0498-d319 @A: 23 35 20 30 | 05
#0499-d319 @A: 35 23 14 25 | 04
#0500-d319 @A: 35 28 16 29 | 10
#0501-d319 @A: 24 29 12 35 | 11
#0502-d319 @A: 20 35 06 16 | 12
#0503-d319 @A: 35 20 08 22 | 06
#0504-d319 @A: 30 06 23 19 | 08
#0505-d319 @A: 20 19 14 09 | 02
#0506-d319 @A: 17 15 19 14 | 07
#0507-d319 @A: 08 17 19 01 | 09
#0508-d319 @A: 17 09 19 12 | 01
#0509-d319 @A: 25 17 19 29 | 03
#0510-d319 @A: 29 19 04 12 | 05
#0511-d319 @A: 19 29 28 15 | 04
#0512-d319 @A: 23 19 04 31 | 10
#0513-d319 @A: 24 19 10 22 | 11
#0514-d319 @A: 24 19 27 23 | 12
#0515-d319 @A: 29 26 18 30 | 06
#0516-d319 @A: 21 30 25 14 | 08
#0517-d319 @A: 24 09 22 30 | 02
#0518-d319 @A: 30 21 23 17 | 07
#0519-d319 @A: 30 29 23 22 | 09
#0520-d319 @A: 29 30 08 21 | 01
#0521-d319 @A: 22 21 31 30 | 03
#0522-d319 @A: 20 15 30 22 | 05
#0523-d319 @A: 30 12 08 15 | 04
#0524-d319 @A: 12 26 21 30 | 10
#0525-d319 @A: 14 17 18 20 | 11
#0526-d319 @A: 01 18 22 17 | 12
#0527-d319 @A: 25 18 28 17 | 06
#0528-d319 @A: 18 27 15 08 | 08
#0529-d319 @A: 15 18 28 06 | 02
#0530-d319 @A: 20 15 26 18 | 07
#0531-d319 @A: 18 22 24 20 | 09
#0532-d319 @A: 05 20 01 14 | 01
#0533-d319 @A: 14 05 28 22 | 03
#0534-d319 @A: 05 01 21 09 | 05
#0535-d319 @A: 16 28 05 31 | 04
#0536-d319 @A: 15 05 06 26 | 10
#0537-d319 @A: 27 21 05 22 | 11
#0538-d319 @A: 05 28 12 27 | 12
#0539-d319 @A: 33 17 14 23 | 06
#0540-d319 @A: 25 15 26 14 | 08
#0541-d319 @A: 29 14 24 16 | 02
#0542-d319 @A: 15 27 14 04 | 07
#0543-d319 @A: 08 24 06 14 | 09
#0544-d319 @A: 04 24 29 01 | 01
#0545-d319 @A: 31 16 01 26 | 03
#0546-d319 @A: 31 12 01 20 | 05
#0547-d319 @A: 16 01 04 28 | 04
#0548-d319 @A: 21 26 15 01 | 10
#0549-d319 @A: 15 09 16 04 | 11
#0550-d319 @A: 10 09 12 24 | 12
#0551-d319 @A: 12 20 09 06 | 06
#0552-d319 @A: 17 31 22 24 | 08
#0553-d319 @A: 29 25 33 27 | 02
#0554-d319 @A: 15 33 25 28 | 07
#0555-d319 @A: 25 26 10 29 | 09
#0556-d319 @A: 28 25 29 08 | 01
#0557-d319 @A: 31 16 25 06 | 03
#0558-d319 @A: 12 25 10 04 | 05
#0559-d319 @A: 04 27 06 25 | 04
#0560-d319 @A: 26 12 25 23 | 10
#0561-d319 @A: 29 28 22 33 | 11
#0562-d319 @A: 06 33 31 26 | 12
#0563-d319 @A: 23 20 31 12 | 06
#0564-d319 @A: 07 29 17 11 | 08
#0565-d319 @A: 35 12 11 03 | 02
#0566-d319 @A: 13 19 22 11 | 07
#0567-d319 @A: 29 11 27 19 | 09
#0568-d319 @A: 15 21 11 19 | 01
#0569-d319 @A: 01 12 11 30 | 03
#0570-d319 @A: 11 08 30 25 | 05
#0571-d319 @A: 33 30 11 22 | 04
#0572-d319 @A: 05 26 01 11 | 10
#0573-d319 @A: 08 11 05 09 | 11
#0574-d319 @A: 27 05 33 11 | 12
#0575-d319 @A: 22 09 11 04 | 06
#0576-d319 @A: 04 17 11 33 | 08
#0577-d319 @A: 11 10 22 29 | 02
#0578-d319 @A: 12 31 16 11 | 07
#0579-d319 @A: 06 21 31 11 | 09
#0580-d319 @A: 06 11 27 22 | 01
#0581-d319 @A: 32 07 02 29 | 03
#0582-d319 @A: 07 13 06 02 | 05
#0583-d319 @A: 35 29 03 07 | 04
#0584-d319 @A: 23 03 07 24 | 10
#0585-d319 @A: 13 35 07 20 | 11
#0586-d319 @A: 19 07 35 22 | 12
#0587-d319 @A: 07 27 05 35 | 06
#0588-d319 @A: 35 15 07 06 | 08
#0589-d319 @A: 07 12 01 19 | 02
#0590-d319 @A: 33 07 08 30 | 07
#0591-d319 @A: 09 29 07 18 | 09
#0592-d319 @A: 20 33 18 07 | 01
#0593-d319 @A: 21 07 01 06 | 03
#0594-d319 @A: 07 33 17 26 | 05
#0595-d319 @A: 29 26 06 07 | 04
#0596-d319 @A: 22 07 04 26 | 10
#0597-d319 @A: 07 20 24 10 | 11
#0598-d319 @A: 26 03 32 34 | 12
#0599-d319 @A: 32 18 24 03 | 06
#0600-d319 @A: 25 28 03 32 | 08
#0601-d319 @A: 13 33 15 32 | 02
#0602-d319 @A: 10 25 32 35 | 07
#0603-d319 @A: 18 32 21 33 | 09
#0604-d319 @A: 32 18 29 23 | 01
#0605-d319 @A: 18 15 32 31 | 03
#0606-d319 @A: 09 06 32 17 | 05
#0607-d319 @A: 17 32 26 23 | 04
#0608-d319 @A: 32 27 04 29 | 10
#0609-d319 @A: 10 08 32 31 | 11
#0610-d319 @A: 21 32 27 10 | 12
#0611-d319 @A: 06 32 27 26 | 06
#0612-d319 @A: 03 02 22 33 | 08
#0613-d319 @A: 02 03 08 20 | 02
#0614-d319 @A: 23 15 34 02 | 07
#0615-d319 @A: 15 02 18 35 | 09
#0616-d319 @A: 02 35 09 12 | 01
#0617-d319 @A: 28 02 33 18 | 03
#0618-d319 @A: 29 02 05 17 | 05
#0619-d319 @A: 22 14 20 02 | 04
#0620-d319 @A: 01 21 24 02 | 10
#0621-d319 @A: 08 17 25 02 | 11
#0622-d319 @A: 27 33 17 02 | 12
#0623-d319 @A: 12 02 16 25 | 06
#0624-d319 @A: 02 26 21 04 | 08
#0625-d319 @A: 03 18 05 27 | 02
#0626-d319 @A: 28 03 18 01 | 07
#0627-d319 @A: 03 31 01 33 | 09
#0628-d319 @A: 03 09 33 24 | 01
#0629-d319 @A: 15 03 33 26 | 03
#0630-d319 @A: 03 12 28 08 | 05
#0631-d319 @A: 06 12 24 03 | 04
#0632-d319 @A: 13 34 21 29 | 10
#0633-d319 @A: 21 34 18 35 | 11
#0634-d319 @A: 14 34 35 22 | 12
#0635-d319 @A: 34 19 20 01 | 06
#0636-d319 @A: 19 34 22 09 | 08
#0637-d319 @A: 30 34 22 05 | 02
#0638-d319 @A: 30 01 21 34 | 07
#0639-d319 @A: 29 16 30 34 | 09
#0640-d319 @A: 06 22 31 34 | 01
#0641-d319 @A: 34 31 20 24 | 03
#0642-d319 @A: 24 21 08 34 | 05
#0643-d319 @A: 12 24 26 34 | 04
#0644-d319 @A: 09 35 08 13 | 10
#0645-d319 @A: 18 04 12 13 | 11
#0646-d319 @A: 16 13 08 18 | 12
#0647-d319 @A: 05 14 08 13 | 06
#0648-d319 @A: 10 05 13 09 | 08
#0649-d319 @A: 05 13 22 17 | 02
#0650-d319 @A: 17 16 09 13 | 07
#0651-d319 @A: 13 28 25 09 | 09
#0652-d319 @A: 22 13 10 33 | 01
#0653-d319 @A: 18 05 16 35 | 03
#0654-d319 @A: 12 05 30 19 | 05
#0655-d319 @A: 19 29 08 16 | 04
#0656-d319 @A: 20 15 19 16 | 10
#0657-d319 @A: 01 30 09 28 | 11
#0658-d319 @A: 29 31 04 30 | 12
#0659-d319 @A: 29 30 15 27 | 06
#0660-d319 @A: 30 24 28 29 | 08
#0661-d319 @A: 06 20 30 04 | 02
#0662-d319 @A: 22 30 10 08 | 07
#0663-d319 @A: 09 14 22 18 | 09
#0664-d319 @A: 28 18 14 27 | 01
#0665-d319 @A: 17 18 27 26 | 03
#0666-d319 @A: 29 18 24 10 | 05
#0667-d319 @A: 28 18 20 04 | 04
#0668-d319 @A: 18 26 08 24 | 10
#0669-d319 @A: 08 18 23 24 | 11
#0670-d319 @A: 05 17 09 27 | 12
#0671-d319 @A: 05 15 29 21 | 06
#0672-d319 @A: 04 05 16 20 | 08
#0673-d319 @A: 16 06 21 05 | 02
#0674-d319 @A: 14 24 28 01 | 07
#0675-d319 @A: 14 06 28 09 | 09
#0676-d319 @A: 33 08 26 14 | 01
#0677-d319 @A: 12 06 31 14 | 03
#0678-d319 @A: 14 04 28 26 | 05
#0679-d319 @A: 33 25 01 09 | 04
#0680-d319 @A: 01 21 20 17 | 10
#0681-d319 @A: 16 21 01 12 | 11
#0682-d319 @A: 21 25 09 12 | 12
#0683-d319 @A: 21 29 09 24 | 06
#0684-d319 @A: 28 31 24 09 | 08
#0685-d319 @A: 04 26 08 09 | 02
#0686-d319 @A: 22 06 09 08 | 07
#0687-d319 @A: 26 29 17 16 | 09
#0688-d319 @A: 29 17 20 28 | 01
#0689-d319 @A: 28 17 06 23 | 03
#0690-d319 @A: 12 24 17 08 | 05
#0691-d319 @A: 29 31 25 23 | 04
#0692-d319 @A: 15 20 21 25 | 10
#0693-d319 @A: 08 25 15 23 | 11
#0694-d319 @A: 10 25 06 28 | 12
#0695-d319 @A: 24 27 21 25 | 06
#0696-d319 @A: 21 23 22 15 | 08
#0697-d319 @A: 23 26 15 20 | 02
#0698-d319 @A: 07 20 11 09 | 07
#0699-d319 @A: 28 33 11 07 | 09
#0700-d319 @A: 27 02 13 11 | 01
#0701-d319 @A: 11 03 05 28 | 03
#0702-d319 @A: 11 04 34 20 | 05
#0703-d319 @A: 11 17 35 27 | 04
#0704-d319 @A: 11 33 25 19 | 10
#0705-d319 @A: 11 09 18 30 | 11
#0706-d319 @A: 15 11 33 18 | 12
#0707-d319 @A: 11 10 12 05 | 06
#0708-d319 @A: 11 29 31 33 | 08
#0709-d319 @A: 27 04 11 12 | 02
#0710-d319 @A: 16 15 11 06 | 07
#0711-d319 @A: 27 16 11 08 | 09
#0712-d319 @A: 28 16 11 23 | 01
#0713-d319 @A: 11 26 20 12 | 03
#0714-d319 @A: 05 28 07 32 | 05
#0715-d319 @A: 03 21 07 25 | 04
#0716-d319 @A: 24 07 34 35 | 10
#0717-d319 @A: 34 07 06 18 | 11
#0718-d319 @A: 07 35 25 04 | 12
#0719-d319 @A: 19 30 07 15 | 06
#0720-d319 @A: 19 07 14 10 | 08
#0721-d319 @A: 30 16 07 24 | 02
#0722-d319 @A: 23 30 08 07 | 07
#0723-d319 @A: 18 23 04 07 | 09
#0724-d319 @A: 21 26 20 07 | 01
#0725-d319 @A: 35 32 23 34 | 03
#0726-d319 @A: 32 15 34 06 | 05
#0727-d319 @A: 32 25 20 13 | 04
#0728-d319 @A: 22 30 32 19 | 10
#0729-d319 @A: 32 24 19 33 | 11
#0730-d319 @A: 21 25 05 32 | 12
#0731-d319 @A: 33 22 32 14 | 06
#0732-d319 @A: 14 23 32 15 | 08
#0733-d319 @A: 15 32 09 20 | 02
#0734-d319 @A: 16 24 10 32 | 07
#0735-d319 @A: 08 16 28 32 | 09
#0736-d319 @A: 06 21 32 08 | 01
#0737-d319 @A: 14 15 03 02 | 03
#0738-d319 @A: 09 02 23 03 | 05
#0739-d319 @A: 02 35 34 26 | 04
#0740-d319 @A: 13 30 02 10 | 10
#0741-d319 @A: 30 20 05 02 | 11
#0742-d319 @A: 17 18 02 16 | 12
#0743-d319 @A: 02 01 05 06 | 06
#0744-d319 @A: 09 05 24 02 | 08
#0745-d319 @A: 28 02 01 23 | 02
#0746-d319 @A: 02 33 09 31 | 07
#0747-d319 @A: 16 15 02 33 | 09
#0748-d319 @A: 04 02 20 29 | 01
#0749-d319 @A: 15 02 04 12 | 03
#0750-d319 @A: 21 02 20 06 | 05
#0751-d319 @A: 04 03 30 34 | 04
#0752-d319 @A: 06 34 03 21 | 10
#0753-d319 @A: 13 35 03 22 | 11
#0754-d319 @A: 03 19 08 23 | 12
#0755-d319 @A: 03 20 18 30 | 06
#0756-d319 @A: 05 24 03 25 | 08
#0757-d319 @A: 01 09 03 15 | 02
#0758-d319 @A: 01 24 20 03 | 07
#0759-d319 @A: 06 03 09 25 | 09
#0760-d319 @A: 22 09 29 03 | 01
#0761-d319 @A: 03 31 22 16 | 03
#0762-d319 @A: 21 08 26 03 | 05
#0763-d319 @A: 05 06 34 35 | 04
#0764-d319 @A: 19 23 12 34 | 10
#0765-d319 @A: 31 30 23 34 | 11
#0766-d319 @A: 25 05 34 28 | 12
#0767-d319 @A: 01 34 06 33 | 06
#0768-d319 @A: 17 34 15 04 | 08
#0769-d319 @A: 22 25 10 34 | 02
#0770-d319 @A: 28 10 34 04 | 07
#0771-d319 @A: 34 26 22 15 | 09
#0772-d319 @A: 28 34 08 22 | 01
#0773-d319 @A: 34 27 08 26 | 03
#0774-d319 @A: 25 30 24 13 | 05
#0775-d319 @A: 27 01 13 05 | 04
#0776-d319 @A: 13 20 17 15 | 10
#0777-d319 @A: 13 23 25 28 | 11
#0778-d319 @A: 22 29 13 24 | 12
#0779-d319 @A: 12 28 29 13 | 06
#0780-d319 @A: 08 26 13 29 | 08
#0781-d319 @A: 35 31 19 15 | 02
#0782-d319 @A: 18 14 35 24 | 07
#0783-d319 @A: 05 35 14 12 | 09
#0784-d319 @A: 05 22 35 33 | 01
#0785-d319 @A: 14 35 20 29 | 03
#0786-d319 @A: 14 35 21 26 | 05
#0787-d319 @A: 35 23 01 08 | 04
#0788-d319 @A: 04 24 35 09 | 10
#0789-d319 @A: 23 35 31 17 | 11
#0790-d319 @A: 04 31 35 12 | 12
#0791-d319 @A: 28 22 35 31 | 06
#0792-d319 @A: 35 20 26 31 | 08
#0793-d319 @A: 10 35 04 27 | 02
#0794-d319 @A: 21 04 35 08 | 07
#0795-d319 @A: 12 22 10 35 | 09
#0796-d319 @A: 35 12 22 23 | 01
#0797-d319 @A: 20 21 35 27 | 03
#0798-d319 @A: 31 33 30 19 | 05
#0799-d319 @A: 12 19 33 18 | 04
#0800-d319 @A: 19 22 14 25 | 10
#0801-d319 @A: 19 24 15 01 | 11
#0802-d319 @A: 31 19 25 09 | 12
#0803-d319 @A: 26 29 19 21 | 06
#0804-d319 @A: 24 30 18 05 | 08
#0805-d319 @A: 24 15 30 10 | 02
#0806-d319 @A: 27 12 20 30 | 07
#0807-d319 @A: 24 08 20 30 | 09
#0808-d319 @A: 06 18 17 05 | 01
#0809-d319 @A: 14 01 12 18 | 03
#0810-d319 @A: 09 18 25 26 | 05
#0811-d319 @A: 29 27 22 18 | 04
#0812-d319 @A: 16 24 18 31 | 10
#0813-d319 @A: 15 22 18 21 | 11
#0814-d319 @A: 18 12 24 15 | 12
#0815-d319 @A: 26 21 06 18 | 06
#0816-d319 @A: 05 14 16 25 | 08
#0817-d319 @A: 22 26 09 05 | 02
#0818-d319 @A: 21 17 04 05 | 07
#0819-d319 @A: 33 23 05 22 | 09
#0820-d319 @A: 12 05 08 31 | 01
#0821-d319 @A: 24 09 17 14 | 03
#0822-d319 @A: 09 14 33 21 | 05
#0823-d319 @A: 27 14 17 25 | 04
#0824-d319 @A: 14 04 16 21 | 10
#0825-d319 @A: 14 15 21 08 | 11
#0826-d319 @A: 06 26 22 14 | 12
#0827-d319 @A: 08 04 01 33 | 06
#0828-d319 @A: 01 10 23 31 | 08
#0829-d319 @A: 01 23 26 10 | 02
#0830-d319 @A: 23 09 29 26 | 07
#0831-d319 @A: 24 23 09 31 | 09
#0832-d319 @A: 08 28 15 09 | 01
#0833-d319 @A: 06 15 24 09 | 03
#0834-d319 @A: 09 10 22 21 | 05
#0835-d319 @A: 26 17 20 04 | 04
#0836-d319 @A: 15 06 17 12 | 10
#0837-d319 @A: 10 27 17 22 | 11
#0838-d319 @A: 21 10 17 08 | 12
#0839-d319 @A: 28 26 31 25 | 06
#0840-d319 @A: 27 25 22 26 | 08
#0841-d319 @A: 26 12 25 06 | 02
#0842-d319 @A: 29 21 33 16 | 07
#0843-d319 @A: 33 16 31 08 | 09
#0844-d319 @A: 33 04 06 21 | 01
#0845-d319 @A: 06 33 27 15 | 03
#0846-d319 @A: 20 26 24 33 | 05
#0847-d319 @A: 29 23 21 04 | 04
#0848-d319 @A: 28 08 27 23 | 10
#0849-d319 @A: 35 21 11 07 | 11
#0850-d319 @A: 11 01 07 15 | 12
#0851-d319 @A: 12 06 32 11 | 06
#0852-d319 @A: 33 10 02 11 | 08
#0853-d319 @A: 11 17 13 34 | 02
#0854-d319 @A: 23 34 11 08 | 07
#0855-d319 @A: 29 11 18 13 | 09
#0856-d319 @A: 22 18 35 11 | 01
#0857-d319 @A: 14 15 11 35 | 03
#0858-d319 @A: 19 16 09 11 | 05
#0859-d319 @A: 18 01 27 11 | 04
#0860-d319 @A: 05 11 15 22 | 10
#0861-d319 @A: 11 15 29 26 | 11
#0862-d319 @A: 21 29 28 11 | 12
#0863-d319 @A: 11 16 22 21 | 06
#0864-d319 @A: 02 34 07 14 | 08
#0865-d319 @A: 20 07 02 01 | 02
#0866-d319 @A: 07 21 02 27 | 07
#0867-d319 @A: 10 13 07 03 | 09
#0868-d319 @A: 07 34 21 15 | 01
#0869-d319 @A: 13 07 29 30 | 03
#0870-d319 @A: 07 21 13 33 | 05
#0871-d319 @A: 21 09 07 19 | 04
#0872-d319 @A: 19 07 28 06 | 10
#0873-d319 @A: 19 24 08 07 | 11
#0874-d319 @A: 07 22 25 18 | 12
#0875-d319 @A: 27 07 18 16 | 06
#0876-d319 @A: 07 16 33 01 | 08
#0877-d319 @A: 09 07 24 25 | 02
#0878-d319 @A: 24 04 07 21 | 07
#0879-d319 @A: 32 02 08 13 | 09
#0880-d319 @A: 03 32 04 23 | 01
#0881-d319 @A: 34 30 32 10 | 03
#0882-d319 @A: 32 24 09 34 | 05
#0883-d319 @A: 34 17 22 32 | 04
#0884-d319 @A: 32 25 34 12 | 10
#0885-d319 @A: 18 13 10 32 | 11
#0886-d319 @A: 32 22 01 13 | 12
#0887-d319 @A: 32 09 13 21 | 06
#0888-d319 @A: 32 01 30 04 | 08
#0889-d319 @A: 32 18 06 01 | 02
#0890-d319 @A: 23 32 25 33 | 07
#0891-d319 @A: 32 08 25 04 | 09
#0892-d319 @A: 32 04 26 15 | 01
#0893-d319 @A: 15 16 12 32 | 03
#0894-d319 @A: 22 06 16 32 | 05
#0895-d319 @A: 28 15 32 21 | 04
#0896-d319 @A: 32 21 24 23 | 10
#0897-d319 @A: 06 27 23 32 | 11
#0898-d319 @A: 26 28 32 24 | 12
#0899-d319 @A: 27 02 03 25 | 06
#0900-d319 @A: 02 06 34 17 | 08
#0901-d319 @A: 13 17 02 31 | 02
#0902-d319 @A: 35 02 16 14 | 07
#0903-d319 @A: 35 27 22 02 | 09
#0904-d319 @A: 19 01 02 27 | 01
#0905-d319 @A: 21 05 18 02 | 03
#0906-d319 @A: 02 25 10 09 | 05
#0907-d319 @A: 04 22 02 06 | 04
#0908-d319 @A: 02 10 27 12 | 10
#0909-d319 @A: 21 23 02 08 | 11
#0910-d319 @A: 03 19 34 15 | 12
#0911-d319 @A: 08 34 33 03 | 06
#0912-d319 @A: 22 13 23 03 | 08
#0913-d319 @A: 35 03 18 06 | 02
#0914-d319 @A: 01 21 03 35 | 07
#0915-d319 @A: 18 04 03 33 | 09
#0916-d319 @A: 09 27 03 31 | 01
#0917-d319 @A: 03 10 26 22 | 03
#0918-d319 @A: 20 22 03 28 | 05
#0919-d319 @A: 20 13 26 34 | 04
#0920-d319 @A: 34 10 35 01 | 10
#0921-d319 @A: 05 19 34 27 | 11
#0922-d319 @A: 25 34 06 30 | 12
#0923-d319 @A: 18 14 26 34 | 06
#0924-d319 @A: 08 17 34 14 | 08
#0925-d319 @A: 34 20 14 12 | 02
#0926-d319 @A: 31 08 34 04 | 07
#0927-d319 @A: 23 34 22 06 | 09
#0928-d319 @A: 13 05 26 35 | 01
#0929-d319 @A: 06 01 35 13 | 03
#0930-d319 @A: 30 19 13 20 | 05
#0931-d319 @A: 26 13 19 12 | 04
#0932-d319 @A: 25 05 13 06 | 10
#0933-d319 @A: 05 04 29 13 | 11
#0934-d319 @A: 13 12 14 25 | 12
#0935-d319 @A: 13 06 29 27 | 06
#0936-d319 @A: 27 16 26 13 | 08
#0937-d319 @A: 12 13 06 08 | 02
#0938-d319 @A: 19 26 17 35 | 07
#0939-d319 @A: 25 08 18 35 | 09
#0940-d319 @A: 35 24 01 17 | 01
#0941-d319 @A: 15 35 10 09 | 03
#0942-d319 @A: 16 17 25 35 | 05
#0943-d319 @A: 28 35 25 21 | 04
#0944-d319 @A: 35 27 26 29 | 10
#0945-d319 @A: 31 16 35 10 | 11
#0946-d319 @A: 24 27 35 15 | 12
#0947-d319 @A: 12 06 35 27 | 06
#0948-d319 @A: 23 19 25 01 | 08
#0949-d319 @A: 33 17 19 10 | 02
#0950-d319 @A: 20 10 29 19 | 07
#0951-d319 @A: 20 06 31 19 | 09
#0952-d319 @A: 12 16 19 10 | 01
#0953-d319 @A: 05 30 27 14 | 03
#0954-d319 @A: 26 05 30 25 | 05
#0955-d319 @A: 18 05 12 23 | 04
#0956-d319 @A: 04 18 09 31 | 10
#0957-d319 @A: 16 20 21 18 | 11
#0958-d319 @A: 28 21 24 18 | 12
#0959-d319 @A: 05 01 28 33 | 06
#0960-d319 @A: 22 29 31 05 | 08
#0961-d319 @A: 23 24 05 29 | 02
#0962-d319 @A: 05 10 24 31 | 07
#0963-d319 @A: 10 16 05 26 | 09
#0964-d319 @A: 01 27 14 33 | 01
#0965-d319 @A: 14 24 04 20 | 03
#0966-d319 @A: 14 26 24 10 | 05
#0967-d319 @A: 22 14 21 24 | 04
#0968-d319 @A: 23 24 12 14 | 10
#0969-d319 @A: 33 01 17 15 | 11
#0970-d319 @A: 16 01 08 15 | 12
#0971-d319 @A: 17 33 09 22 | 06
#0972-d319 @A: 26 09 20 29 | 08
#0973-d319 @A: 21 15 31 09 | 02
#0974-d319 @A: 26 16 09 06 | 07
#0975-d319 @A: 08 09 23 16 | 09
#0976-d319 @A: 17 27 29 31 | 01
#0977-d319 @A: 06 10 17 29 | 03
#0978-d319 @A: 20 31 17 10 | 05
#0979-d319 @A: 24 17 28 04 | 04
#0980-d319 @A: 24 15 17 16 | 10
#0981-d319 @A: 12 17 23 16 | 11
#0982-d319 @A: 15 17 23 24 | 12
#0983-d319 @A: 26 24 21 17 | 06
#0984-d319 @A: 27 24 17 20 | 08
#0985-d319 @A: 33 25 16 04 | 02
#0986-d319 @A: 12 25 33 08 | 07
#0987-d319 @A: 04 20 22 25 | 09
#0988-d319 @A: 24 04 26 25 | 01
#0989-d319 @A: 29 33 10 04 | 03
#0990-d319 @A: 28 26 33 10 | 05
#0991-d319 @A: 20 21 23 33 | 04
#0992-d319 @A: 06 26 23 16 | 10
#0993-d319 @A: 23 28 24 22 | 11
#0994-d319 @A: 13 11 07 31 | 12
#0995-d319 @A: 16 11 32 34 | 06
#0996-d319 @A: 32 18 14 11 | 08
#0997-d319 @A: 28 11 32 01 | 02
#0998-d319 @A: 32 25 11 22 | 07
#0999-d319 @A: 11 34 02 15 | 09
#1000-d319 @A: 23 11 02 27 | 01
#1001-d319 @A: 22 34 03 11 | 03
#1002-d319 @A: 03 24 11 19 | 05
#1003-d319 @A: 10 18 34 11 | 04
#1004-d319 @A: 20 11 13 05 | 10
#1005-d319 @A: 11 12 13 15 | 11
#1006-d319 @A: 35 23 15 11 | 12
#1007-d319 @A: 33 11 18 23 | 06
#1008-d319 @A: 12 14 11 33 | 08
#1009-d319 @A: 01 11 25 20 | 02
#1010-d319 @A: 11 25 23 09 | 07
#1011-d319 @A: 23 10 22 11 | 09
#1012-d319 @A: 03 32 07 31 | 01
#1013-d319 @A: 13 32 26 07 | 03
#1014-d319 @A: 10 07 32 01 | 05
#1015-d319 @A: 22 09 32 07 | 04
#1016-d319 @A: 02 24 33 07 | 10
#1017-d319 @A: 07 02 23 10 | 11
#1018-d319 @A: 03 04 07 01 | 12
#1019-d319 @A: 34 31 07 17 | 06
#1020-d319 @A: 34 04 07 33 | 08
#1021-d319 @A: 16 13 25 07 | 02
#1022-d319 @A: 23 35 05 07 | 07
#1023-d319 @A: 23 07 22 19 | 09
#1024-d319 @A: 12 23 09 07 | 01
#1025-d319 @A: 07 22 31 33 | 03
#1026-d319 @A: 29 28 07 04 | 05
#1027-d319 @A: 28 07 15 31 | 04
#1028-d319 @A: 07 06 31 24 | 10
#1029-d319 @A: 08 07 31 26 | 11
#1030-d319 @A: 16 08 07 06 | 12
#1031-d319 @A: 22 07 12 24 | 06
#1032-d319 @A: 05 02 32 27 | 08
#1033-d319 @A: 17 02 15 32 | 02
#1034-d319 @A: 15 32 03 35 | 07
#1035-d319 @A: 08 32 05 30 | 09
#1036-d319 @A: 31 30 32 12 | 01
#1037-d319 @A: 14 12 32 09 | 03
#1038-d319 @A: 14 20 10 32 | 05
#1039-d319 @A: 09 10 26 32 | 04
#1040-d319 @A: 31 28 29 32 | 10
#1041-d319 @A: 32 04 21 12 | 11
#1042-d319 @A: 02 05 26 03 | 12
#1043-d319 @A: 13 05 12 02 | 06
#1044-d319 @A: 19 02 31 26 | 08
#1045-d319 @A: 02 19 08 22 | 02
#1046-d319 @A: 25 31 02 18 | 07
#1047-d319 @A: 02 14 12 17 | 09
#1048-d319 @A: 02 33 14 29 | 01
#1049-d319 @A: 28 02 01 31 | 03
#1050-d319 @A: 20 09 02 17 | 05
#1051-d319 @A: 27 02 04 31 | 04
#1052-d319 @A: 02 06 31 08 | 10
#1053-d319 @A: 02 10 21 15 | 11
#1054-d319 @A: 34 23 03 05 | 12
#1055-d319 @A: 18 13 03 26 | 06
#1056-d319 @A: 21 19 30 03 | 08
#1057-d319 @A: 03 09 19 08 | 02
#1058-d319 @A: 25 30 03 33 | 07
#1059-d319 @A: 24 30 27 03 | 09
#1060-d319 @A: 03 10 04 05 | 01
#1061-d319 @A: 33 17 03 21 | 03
#1062-d319 @A: 03 10 15 27 | 05
#1063-d319 @A: 03 22 06 15 | 04
#1064-d319 @A: 30 13 34 08 | 10
#1065-d319 @A: 05 18 13 34 | 11
#1066-d319 @A: 05 15 34 12 | 12
#1067-d319 @A: 09 34 25 20 | 06
#1068-d319 @A: 24 23 04 34 | 08
#1069-d319 @A: 13 30 12 35 | 02
#1070-d319 @A: 14 35 10 13 | 07
#1071-d319 @A: 35 16 13 24 | 09
#1072-d319 @A: 13 19 29 09 | 01
#1073-d319 @A: 13 30 14 22 | 03
#1074-d319 @A: 26 13 21 22 | 05
#1075-d319 @A: 30 19 27 35 | 04
#1076-d319 @A: 09 06 19 35 | 10
#1077-d319 @A: 35 15 30 17 | 11
#1078-d319 @A: 30 35 33 24 | 12
#1079-d319 @A: 30 35 22 16 | 06
#1080-d319 @A: 35 17 29 18 | 08
#1081-d319 @A: 27 14 31 35 | 02
#1082-d319 @A: 35 04 17 22 | 07
#1083-d319 @A: 35 28 15 04 | 09
#1084-d319 @A: 06 22 35 21 | 01
#1085-d319 @A: 23 35 21 26 | 03
#1086-d319 @A: 19 18 09 24 | 05
#1087-d319 @A: 19 27 26 15 | 04
#1088-d319 @A: 19 08 10 26 | 10
#1089-d319 @A: 06 12 21 19 | 11
#1090-d319 @A: 20 24 21 19 | 12
#1091-d319 @A: 25 30 18 23 | 06
#1092-d319 @A: 08 30 18 31 | 08
#1093-d319 @A: 09 30 16 05 | 02
#1094-d319 @A: 10 30 09 31 | 07
#1095-d319 @A: 25 20 30 17 | 09
#1096-d319 @A: 22 17 26 30 | 01
#1097-d319 @A: 06 15 31 30 | 03
#1098-d319 @A: 23 30 10 04 | 05
#1099-d319 @A: 22 04 30 27 | 04
#1100-d319 @A: 16 26 15 30 | 10
#1101-d319 @A: 08 05 18 01 | 11
#1102-d319 @A: 08 20 29 18 | 12
#1103-d319 @A: 10 22 18 31 | 06
#1104-d319 @A: 04 27 24 18 | 08
#1105-d319 @A: 04 06 08 18 | 02
#1106-d319 @A: 08 18 22 12 | 07
#1107-d319 @A: 21 12 18 27 | 09
#1108-d319 @A: 05 33 17 16 | 01
#1109-d319 @A: 25 05 27 20 | 03
#1110-d319 @A: 31 04 15 05 | 05
#1111-d319 @A: 31 23 15 05 | 04
#1112-d319 @A: 10 08 06 05 | 10
#1113-d319 @A: 14 06 23 01 | 11
#1114-d319 @A: 08 25 14 09 | 12
#1115-d319 @A: 14 12 08 04 | 06
#1116-d319 @A: 14 12 21 28 | 08
#1117-d319 @A: 06 31 01 09 | 02
#1118-d319 @A: 01 12 29 10 | 07
#1119-d319 @A: 20 04 01 27 | 09
#1120-d319 @A: 12 01 27 24 | 01
#1121-d319 @A: 06 09 04 10 | 03
#1122-d319 @A: 20 09 23 04 | 05
#1123-d319 @A: 28 21 06 17 | 04
#1124-d319 @A: 10 25 21 16 | 10
#1125-d319 @A: 33 23 29 06 | 11
#1126-d319 @A: 28 08 33 20 | 12
#1127-d319 @A: 07 18 11 05 | 06
#1128-d319 @A: 13 35 32 11 | 08
#1129-d319 @A: 12 23 32 11 | 02
#1130-d319 @A: 24 02 11 30 | 07
#1131-d319 @A: 02 08 11 14 | 09
#1132-d319 @A: 11 04 03 25 | 01
#1133-d319 @A: 11 34 35 28 | 03
#1134-d319 @A: 11 29 30 35 | 05
#1135-d319 @A: 35 24 05 11 | 04
#1136-d319 @A: 11 33 16 35 | 10
#1137-d319 @A: 10 19 11 30 | 11
#1138-d319 @A: 17 18 24 11 | 12
#1139-d319 @A: 08 11 18 21 | 06
#1140-d319 @A: 28 12 11 18 | 08
#1141-d319 @A: 29 01 23 11 | 02
#1142-d319 @A: 11 04 26 23 | 07
#1143-d319 @A: 24 11 26 16 | 09
#1144-d319 @A: 07 26 02 25 | 01
#1145-d319 @A: 34 03 07 20 | 03
#1146-d319 @A: 34 07 05 10 | 05
#1147-d319 @A: 34 28 12 07 | 04
#1148-d319 @A: 07 35 12 18 | 10
#1149-d319 @A: 09 07 14 16 | 11
#1150-d319 @A: 06 14 07 33 | 12
#1151-d319 @A: 07 29 08 15 | 06
#1152-d319 @A: 07 24 29 27 | 08
#1153-d319 @A: 10 07 31 27 | 02
#1154-d319 @A: 02 33 25 32 | 07
#1155-d319 @A: 04 32 34 13 | 09
#1156-d319 @A: 13 32 31 19 | 01
#1157-d319 @A: 04 14 35 32 | 03
#1158-d319 @A: 29 35 32 22 | 05
#1159-d319 @A: 05 06 32 19 | 04
#1160-d319 @A: 30 32 20 26 | 10
#1161-d319 @A: 01 32 15 27 | 11
#1162-d319 @A: 32 08 33 09 | 12
#1163-d319 @A: 17 25 26 32 | 06
#1164-d319 @A: 12 17 27 32 | 08
#1165-d319 @A: 04 32 10 22 | 02
#1166-d319 @A: 24 06 32 04 | 07
#1167-d319 @A: 09 03 16 02 | 09
#1168-d319 @A: 34 31 05 02 | 01
#1169-d319 @A: 33 13 26 02 | 03
#1170-d319 @A: 02 06 35 33 | 05
#1171-d319 @A: 02 26 19 23 | 04
#1172-d319 @A: 14 02 24 25 | 10
#1173-d319 @A: 02 01 33 12 | 11
#1174-d319 @A: 02 04 10 24 | 12
#1175-d319 @A: 06 16 24 02 | 06
#1176-d319 @A: 08 21 12 02 | 08
#1177-d319 @A: 28 27 02 24 | 02
#1178-d319 @A: 12 03 01 34 | 07
#1179-d319 @A: 03 08 25 13 | 09
#1180-d319 @A: 35 14 09 03 | 01
#1181-d319 @A: 23 03 16 35 | 03
#1182-d319 @A: 03 18 19 22 | 05
#1183-d319 @A: 19 06 33 03 | 04
#1184-d319 @A: 03 14 20 25 | 10
#1185-d319 @A: 06 03 01 10 | 11
#1186-d319 @A: 17 23 29 03 | 12
#1187-d319 @A: 23 33 15 03 | 06
#1188-d319 @A: 21 03 29 20 | 08
#1189-d319 @A: 15 12 03 21 | 02
#1190-d319 @A: 18 22 33 34 | 07
#1191-d319 @A: 01 34 27 09 | 09
#1192-d319 @A: 04 34 22 29 | 01
#1193-d319 @A: 28 29 26 34 | 03
#1194-d319 @A: 16 21 31 34 | 05
#1195-d319 @A: 15 24 28 34 | 04
#1196-d319 @A: 06 20 34 10 | 10
#1197-d319 @A: 12 34 10 08 | 11
#1198-d319 @A: 35 21 17 13 | 12
#1199-d319 @A: 28 05 13 30 | 06
#1200-d319 @A: 09 04 01 13 | 08
#1201-d319 @A: 29 13 16 10 | 02
#1202-d319 @A: 13 10 26 15 | 07
#1203-d319 @A: 13 06 21 15 | 09
#1204-d319 @A: 27 22 13 20 | 01
#1205-d319 @A: 35 21 05 19 | 03
#1206-d319 @A: 28 19 35 14 | 05
#1207-d319 @A: 01 29 35 19 | 04
#1208-d319 @A: 35 25 31 30 | 10
#1209-d319 @A: 20 05 35 09 | 11
#1210-d319 @A: 35 29 08 05 | 12
#1211-d319 @A: 01 12 35 25 | 06
#1212-d319 @A: 35 09 28 17 | 08
#1213-d319 @A: 31 29 21 35 | 02
#1214-d319 @A: 28 04 23 35 | 07
#1215-d319 @A: 16 12 35 08 | 09
#1216-d319 @A: 28 26 12 35 | 01
#1217-d319 @A: 16 25 30 19 | 03
#1218-d319 @A: 15 04 18 19 | 05
#1219-d319 @A: 16 06 19 01 | 04
#1220-d319 @A: 18 30 14 06 | 10
#1221-d319 @A: 27 09 30 25 | 11
#1222-d319 @A: 30 33 09 20 | 12
#1223-d319 @A: 33 30 17 12 | 06
#1224-d319 @A: 28 16 30 12 | 08
#1225-d319 @A: 08 30 28 26 | 02
#1226-d319 @A: 31 18 21 17 | 07
#1227-d319 @A: 18 25 20 06 | 09
#1228-d319 @A: 23 18 27 26 | 01
#1229-d319 @A: 20 01 23 05 | 03
#1230-d319 @A: 10 29 05 27 | 05
#1231-d319 @A: 20 08 16 14 | 04
#1232-d319 @A: 14 21 10 06 | 10
#1233-d319 @A: 31 04 10 01 | 11
#1234-d319 @A: 01 08 31 22 | 12
#1235-d319 @A: 22 24 01 16 | 06
#1236-d319 @A: 01 27 26 10 | 08
#1237-d319 @A: 08 24 10 01 | 02
#1238-d319 @A: 01 06 12 22 | 07
#1239-d319 @A: 04 25 09 17 | 09
#1240-d319 @A: 16 21 08 09 | 01
#1241-d319 @A: 16 20 24 09 | 03
#1242-d319 @A: 27 15 09 22 | 05
#1243-d319 @A: 06 09 21 27 | 04
#1244-d319 @A: 04 06 31 17 | 10
#1245-d319 @A: 15 28 10 17 | 11
#1246-d319 @A: 17 20 06 22 | 12
#1247-d319 @A: 23 22 17 08 | 06
#1248-d319 @A: 21 08 22 25 | 08
#1249-d319 @A: 33 12 26 29 | 02
#1250-d319 @A: 22 16 26 33 | 07
#1251-d319 @A: 15 12 23 29 | 09
#1252-d319 @A: 11 07 25 12 | 01
#1253-d319 @A: 15 11 32 30 | 03
#1254-d319 @A: 32 33 26 11 | 05
#1255-d319 @A: 11 02 05 16 | 04
#1256-d319 @A: 02 17 11 26 | 10
#1257-d319 @A: 03 18 31 11 | 11
#1258-d319 @A: 21 03 10 11 | 12
#1259-d319 @A: 09 34 11 12 | 06
#1260-d319 @A: 11 14 13 24 | 08
#1261-d319 @A: 18 11 06 19 | 02
#1262-d319 @A: 01 19 04 11 | 07
#1263-d319 @A: 26 11 19 28 | 09
#1264-d319 @A: 01 14 22 11 | 01
#1265-d319 @A: 14 11 16 17 | 03
#1266-d319 @A: 09 28 11 10 | 05
#1267-d319 @A: 12 11 17 22 | 04
#1268-d319 @A: 11 25 24 29 | 10
#1269-d319 @A: 10 31 26 11 | 11
#1270-d319 @A: 08 22 26 11 | 12
#1271-d319 @A: 08 28 06 11 | 06
#1272-d319 @A: 18 08 07 32 | 08
#1273-d319 @A: 15 14 07 32 | 02
#1274-d319 @A: 07 20 17 32 | 07
#1275-d319 @A: 19 16 02 07 | 09
#1276-d319 @A: 18 02 04 07 | 01
#1277-d319 @A: 03 26 07 19 | 03
#1278-d319 @A: 07 22 13 34 | 05
#1279-d319 @A: 34 29 01 07 | 04
#1280-d319 @A: 23 25 07 34 | 10
#1281-d319 @A: 07 23 13 29 | 11
#1282-d319 @A: 07 20 14 30 | 12
#1283-d319 @A: 01 18 07 24 | 06
#1284-d319 @A: 10 07 17 09 | 08
#1285-d319 @A: 15 17 07 25 | 02
#1286-d319 @A: 07 21 17 16 | 07
#1287-d319 @A: 07 29 21 10 | 09
#1288-d319 @A: 16 04 07 31 | 01
#1289-d319 @A: 12 31 07 21 | 03
#1290-d319 @A: 22 07 21 28 | 05
#1291-d319 @A: 20 27 07 06 | 04
#1292-d319 @A: 32 02 21 35 | 10
#1293-d319 @A: 19 20 02 32 | 11
#1294-d319 @A: 30 09 32 02 | 12
#1295-d319 @A: 24 32 22 02 | 06
#1296-d319 @A: 05 03 32 20 | 08
#1297-d319 @A: 03 32 08 17 | 02
#1298-d319 @A: 32 18 34 20 | 07
#1299-d319 @A: 26 18 35 32 | 09
#1300-d319 @A: 05 32 17 35 | 01
#1301-d319 @A: 35 32 09 01 | 03
#1302-d319 @A: 32 01 08 14 | 05
#1303-d319 @A: 16 26 21 32 | 04
#1304-d319 @A: 32 27 28 22 | 10
#1305-d319 @A: 03 02 28 19 | 11
#1306-d319 @A: 19 02 24 34 | 12
#1307-d319 @A: 13 18 02 24 | 06
#1308-d319 @A: 35 08 02 01 | 08
#1309-d319 @A: 20 02 25 35 | 02
#1310-d319 @A: 19 17 02 04 | 07
#1311-d319 @A: 30 02 17 21 | 09
#1312-d319 @A: 01 26 18 02 | 01
#1313-d319 @A: 08 10 18 02 | 03
#1314-d319 @A: 23 25 02 24 | 05
#1315-d319 @A: 31 02 29 12 | 04
#1316-d319 @A: 15 02 06 29 | 10
#1317-d319 @A: 10 26 20 02 | 11
#1318-d319 @A: 06 12 02 28 | 12
#1319-d319 @A: 14 03 16 13 | 06
#1320-d319 @A: 20 13 12 03 | 08
#1321-d319 @A: 16 30 17 03 | 02
#1322-d319 @A: 26 03 17 09 | 07
#1323-d319 @A: 22 25 03 17 | 09
#1324-d319 @A: 03 16 15 25 | 01
#1325-d319 @A: 03 25 23 21 | 03
#1326-d319 @A: 06 03 28 31 | 05
#1327-d319 @A: 16 12 03 04 | 04
#1328-d319 @A: 15 03 04 08 | 10
#1329-d319 @A: 27 20 03 23 | 11
#1330-d319 @A: 27 13 14 34 | 12
#1331-d319 @A: 34 19 29 14 | 06
#1332-d319 @A: 25 26 34 19 | 08
#1333-d319 @A: 34 09 18 08 | 02
#1334-d319 @A: 16 34 08 05 | 07
#1335-d319 @A: 01 15 14 34 | 09
#1336-d319 @A: 34 14 33 31 | 01
#1337-d319 @A: 33 27 34 10 | 03
#1338-d319 @A: 34 15 08 20 | 05
#1339-d319 @A: 24 27 22 34 | 04
#1340-d319 @A: 34 23 28 20 | 10
#1341-d319 @A: 13 06 14 19 | 11
#1342-d319 @A: 25 19 13 04 | 12
#1343-d319 @A: 23 15 13 18 | 06
#1344-d319 @A: 29 14 01 13 | 08
#1345-d319 @A: 14 09 31 13 | 02
#1346-d319 @A: 17 12 13 01 | 07
#1347-d319 @A: 13 20 04 10 | 09
#1348-d319 @A: 21 35 30 09 | 01
#1349-d319 @A: 18 27 35 09 | 03
#1350-d319 @A: 01 35 33 26 | 05
#1351-d319 @A: 35 09 22 25 | 04
#1352-d319 @A: 08 31 17 35 | 10
#1353-d319 @A: 29 06 04 35 | 11
#1354-d319 @A: 21 35 16 15 | 12
#1355-d319 @A: 20 35 15 12 | 06
#1356-d319 @A: 28 35 27 08 | 08
#1357-d319 @A: 08 30 14 19 | 02
#1358-d319 @A: 19 05 20 18 | 07
#1359-d319 @A: 05 28 19 09 | 09
#1360-d319 @A: 05 19 04 24 | 01
#1361-d319 @A: 14 21 19 01 | 03
#1362-d319 @A: 28 01 19 25 | 05
#1363-d319 @A: 23 28 33 19 | 04
#1364-d319 @A: 24 29 19 31 | 10
#1365-d319 @A: 06 29 22 19 | 11
#1366-d319 @A: 19 10 15 06 | 12
#1367-d319 @A: 19 12 15 22 | 06
#1368-d319 @A: 17 30 29 14 | 08
#1369-d319 @A: 14 31 16 30 | 02
#1370-d319 @A: 24 31 30 01 | 07
#1371-d319 @A: 27 06 01 30 | 09
#1372-d319 @A: 30 21 28 33 | 01
#1373-d319 @A: 30 12 29 22 | 03
#1374-d319 @A: 04 08 16 30 | 05
#1375-d319 @A: 30 20 21 10 | 04
#1376-d319 @A: 09 01 18 16 | 10
#1377-d319 @A: 25 18 15 01 | 11
#1378-d319 @A: 18 21 23 01 | 12
#1379-d319 @A: 24 06 18 33 | 06
#1380-d319 @A: 23 31 28 18 | 08
#1381-d319 @A: 06 16 18 12 | 02
#1382-d319 @A: 12 05 06 29 | 07
#1383-d319 @A: 28 06 05 04 | 09
#1384-d319 @A: 27 15 05 16 | 01
#1385-d319 @A: 10 22 20 05 | 03
#1386-d319 @A: 23 10 27 05 | 05
#1387-d319 @A: 14 17 01 04 | 04
#1388-d319 @A: 09 29 14 04 | 10
#1389-d319 @A: 14 16 27 22 | 11
#1390-d319 @A: 08 14 27 10 | 12
#1391-d319 @A: 25 17 01 31 | 06
#1392-d319 @A: 15 20 10 01 | 08
#1393-d319 @A: 08 20 06 01 | 02
#1394-d319 @A: 09 12 29 27 | 07
#1395-d319 @A: 20 09 28 27 | 09
#1396-d319 @A: 31 15 26 17 | 01
#1397-d319 @A: 04 17 22 23 | 03
#1398-d319 @A: 26 10 17 12 | 05
#1399-d319 @A: 33 06 25 22 | 04
#1400-d319 @A: 12 20 29 25 | 10
#1401-d319 @A: 25 10 20 08 | 11
#1402-d319 @A: 33 27 04 26 | 12
#1403-d319 @A: 16 24 33 23 | 06
#1404-d319 @A: 33 12 06 10 | 08
#1405-d319 @A: 20 29 16 23 | 02
#1406-d319 @A: 26 31 23 22 | 07
#1407-d319 @A: 21 10 23 28 | 09
#1408-d319 @A: 07 11 08 03 | 01
#1409-d319 @A: 11 23 07 31 | 03
#1410-d319 @A: 32 03 11 27 | 05
#1411-d319 @A: 05 32 04 11 | 04
#1412-d319 @A: 11 32 20 21 | 10
#1413-d319 @A: 03 02 11 06 | 11
#1414-d319 @A: 25 11 28 02 | 12
#1415-d319 @A: 11 14 03 23 | 06
#1416-d319 @A: 11 23 05 13 | 08
#1417-d319 @A: 13 21 04 11 | 02
#1418-d319 @A: 18 16 11 25 | 07
#1419-d319 @A: 09 14 11 27 | 09
#1420-d319 @A: 11 25 15 09 | 01
#1421-d319 @A: 11 08 20 17 | 03
#1422-d319 @A: 24 31 11 27 | 05
#1423-d319 @A: 04 15 10 11 | 04
#1424-d319 @A: 27 28 11 15 | 10
#1425-d319 @A: 35 07 16 32 | 11
#1426-d319 @A: 32 07 21 30 | 12
#1427-d319 @A: 32 07 33 12 | 06
#1428-d319 @A: 30 07 31 02 | 08
#1429-d319 @A: 05 07 02 15 | 02
#1430-d319 @A: 14 13 04 07 | 07
#1431-d319 @A: 13 12 07 09 | 09
#1432-d319 @A: 10 35 33 07 | 01
#1433-d319 @A: 33 29 19 07 | 03
#1434-d319 @A: 06 09 07 05 | 05
#1435-d319 @A: 17 07 24 05 | 04
#1436-d319 @A: 07 08 12 20 | 10
#1437-d319 @A: 32 30 02 23 | 11
#1438-d319 @A: 32 10 06 02 | 12
#1439-d319 @A: 35 32 19 12 | 06
#1440-d319 @A: 32 35 31 06 | 08
#1441-d319 @A: 32 19 23 09 | 02
#1442-d319 @A: 14 32 27 24 | 07
#1443-d319 @A: 01 32 25 24 | 09
#1444-d319 @A: 31 17 33 32 | 01
#1445-d319 @A: 08 15 22 32 | 03
#1446-d319 @A: 12 32 22 20 | 05
#1447-d319 @A: 20 08 32 27 | 04
#1448-d319 @A: 21 02 03 31 | 10
#1449-d319 @A: 12 30 02 34 | 11
#1450-d319 @A: 27 34 02 18 | 12
#1451-d319 @A: 02 25 34 21 | 06
#1452-d319 @A: 29 34 02 08 | 08
#1453-d319 @A: 14 21 02 13 | 02
#1454-d319 @A: 02 01 13 15 | 07
#1455-d319 @A: 17 13 23 02 | 09
#1456-d319 @A: 25 15 30 02 | 01
#1457-d319 @A: 05 02 14 04 | 03
#1458-d319 @A: 28 02 16 21 | 05
#1459-d319 @A: 34 05 03 09 | 04
#1460-d319 @A: 13 01 19 03 | 10
#1461-d319 @A: 03 27 21 13 | 11
#1462-d319 @A: 25 26 03 35 | 12
#1463-d319 @A: 12 03 19 25 | 06
#1464-d319 @A: 15 30 28 03 | 08
#1465-d319 @A: 18 03 21 09 | 02
#1466-d319 @A: 18 12 17 03 | 07
#1467-d319 @A: 06 03 23 18 | 09
#1468-d319 @A: 03 01 17 05 | 01
#1469-d319 @A: 03 08 05 22 | 03
#1470-d319 @A: 03 27 17 04 | 05
#1471-d319 @A: 15 03 24 29 | 04
#1472-d319 @A: 24 31 03 26 | 10
#1473-d319 @A: 21 04 28 03 | 11
#1474-d319 @A: 16 08 03 10 | 12
#1475-d319 @A: 24 21 03 16 | 06
#1476-d319 @A: 12 03 10 23 | 08
#1477-d319 @A: 03 08 27 06 | 02
#1478-d319 @A: 04 34 35 19 | 07
#1479-d319 @A: 08 19 06 34 | 09
#1480-d319 @A: 34 30 18 15 | 01
#1481-d319 @A: 34 26 33 30 | 03
#1482-d319 @A: 24 01 34 05 | 05
#1483-d319 @A: 29 34 15 09 | 04
#1484-d319 @A: 10 17 34 24 | 10
#1485-d319 @A: 34 15 31 27 | 11
#1486-d319 @A: 16 34 20 22 | 12
#1487-d319 @A: 34 06 27 28 | 06
#1488-d319 @A: 14 30 13 23 | 08
#1489-d319 @A: 31 18 13 01 | 02
#1490-d319 @A: 31 13 33 05 | 07
#1491-d319 @A: 04 26 31 13 | 09
#1492-d319 @A: 28 22 13 15 | 01
#1493-d319 @A: 14 01 35 30 | 03
#1494-d319 @A: 04 01 35 05 | 05
#1495-d319 @A: 35 33 21 12 | 04
#1496-d319 @A: 06 24 35 28 | 10
#1497-d319 @A: 18 01 30 19 | 11
#1498-d319 @A: 28 19 18 08 | 12
#1499-d319 @A: 19 26 14 05 | 06
#1500-d319 @A: 05 17 23 19 | 08
#1501-d319 @A: 15 05 33 19 | 02
#1502-d319 @A: 19 23 14 10 | 07
#1503-d319 @A: 31 19 27 22 | 09
#1504-d319 @A: 19 04 27 16 | 01
#1505-d319 @A: 04 19 26 06 | 03
#1506-d319 @A: 30 15 05 01 | 05
#1507-d319 @A: 30 05 23 09 | 04
#1508-d319 @A: 30 29 01 20 | 10
#1509-d319 @A: 09 30 29 06 | 11
#1510-d319 @A: 12 33 30 23 | 12
#1511-d319 @A: 21 04 30 15 | 06
#1512-d319 @A: 12 04 30 24 | 08
#1513-d319 @A: 26 28 23 30 | 02
#1514-d319 @A: 05 04 25 18 | 07
#1515-d319 @A: 05 18 33 26 | 09
#1516-d319 @A: 31 18 29 06 | 01
#1517-d319 @A: 18 22 04 16 | 03
#1518-d319 @A: 10 18 16 28 | 05
#1519-d319 @A: 12 10 18 20 | 04
#1520-d319 @A: 14 05 17 10 | 10
#1521-d319 @A: 05 17 08 15 | 11
#1522-d319 @A: 05 21 31 26 | 12
#1523-d319 @A: 06 21 23 05 | 06
#1524-d319 @A: 05 12 21 20 | 08
#1525-d319 @A: 24 27 26 05 | 02
#1526-d319 @A: 20 21 31 14 | 07
#1527-d319 @A: 28 08 14 31 | 09
#1528-d319 @A: 16 12 14 26 | 01
#1529-d319 @A: 09 22 23 01 | 03
#1530-d319 @A: 29 01 31 15 | 05
#1531-d319 @A: 22 29 01 26 | 04
#1532-d319 @A: 06 28 01 29 | 10
#1533-d319 @A: 04 15 01 23 | 11
#1534-d319 @A: 28 21 01 08 | 12
#1535-d319 @A: 09 31 12 22 | 06
#1536-d319 @A: 04 09 21 20 | 08
#1537-d319 @A: 09 16 10 27 | 02
#1538-d319 @A: 26 12 15 09 | 07
#1539-d319 @A: 22 29 15 17 | 09
#1540-d319 @A: 20 25 33 31 | 01
#1541-d319 @A: 25 29 04 15 | 03
#1542-d319 @A: 21 25 04 31 | 05
#1543-d319 @A: 31 10 15 25 | 04
#1544-d319 @A: 25 16 28 27 | 10
#1545-d319 @A: 20 25 06 23 | 11
#1546-d319 @A: 21 24 33 15 | 12
#1547-d319 @A: 29 23 08 10 | 06
#1548-d319 @A: 08 23 12 04 | 08
#1549-d319 @A: 26 11 14 07 | 02
#1550-d319 @A: 17 32 10 11 | 07
#1551-d319 @A: 11 19 02 12 | 09
#1552-d319 @A: 11 09 03 13 | 01
#1553-d319 @A: 34 29 05 11 | 03
#1554-d319 @A: 11 34 01 08 | 05
#1555-d319 @A: 30 13 11 06 | 04
#1556-d319 @A: 11 01 10 13 | 10
#1557-d319 @A: 11 20 14 28 | 11
#1558-d319 @A: 11 15 08 31 | 12
#1559-d319 @A: 22 31 20 11 | 06
#1560-d319 @A: 02 07 03 12 | 08
#1561-d319 @A: 03 28 07 09 | 02
#1562-d319 @A: 17 06 07 03 | 07
#1563-d319 @A: 28 24 13 07 | 09
#1564-d319 @A: 30 35 07 26 | 01
#1565-d319 @A: 09 31 07 35 | 03
#1566-d319 @A: 30 07 17 01 | 05
#1567-d319 @A: 05 31 20 07 | 04
#1568-d319 @A: 14 07 25 28 | 10
#1569-d319 @A: 01 07 23 16 | 11
#1570-d319 @A: 04 07 27 09 | 12
#1571-d319 @A: 16 07 22 15 | 06
#1572-d319 @A: 07 06 22 10 | 08
#1573-d319 @A: 32 03 01 02 | 02
#1574-d319 @A: 03 21 32 22 | 07
#1575-d319 @A: 32 27 13 30 | 09
#1576-d319 @A: 13 12 24 32 | 01
#1577-d319 @A: 32 28 19 17 | 03
#1578-d319 @A: 30 18 32 16 | 05
#1579-d319 @A: 24 30 32 17 | 04
#1580-d319 @A: 18 32 27 25 | 10
#1581-d319 @A: 05 23 08 32 | 11
#1582-d319 @A: 21 14 32 17 | 12
#1583-d319 @A: 32 33 01 20 | 06
#1584-d319 @A: 09 32 16 25 | 08
#1585-d319 @A: 27 32 16 31 | 02
#1586-d319 @A: 02 13 03 04 | 07
#1587-d319 @A: 34 04 09 02 | 09
#1588-d319 @A: 13 02 25 29 | 01
#1589-d319 @A: 19 18 14 02 | 03
#1590-d319 @A: 21 33 19 02 | 05
#1591-d319 @A: 33 02 30 04 | 04
#1592-d319 @A: 02 06 26 30 | 10
#1593-d319 @A: 16 23 05 02 | 11
#1594-d319 @A: 27 16 29 02 | 12
#1595-d319 @A: 16 02 22 10 | 06
#1596-d319 @A: 08 26 02 16 | 08
#1597-d319 @A: 02 15 20 27 | 02
#1598-d319 @A: 12 26 22 02 | 07
#1599-d319 @A: 03 13 28 17 | 09
#1600-d319 @A: 03 35 16 19 | 01
#1601-d319 @A: 08 24 03 35 | 03
#1602-d319 @A: 01 03 30 08 | 05
#1603-d319 @A: 03 01 23 30 | 04
#1604-d319 @A: 03 05 33 12 | 10
#1605-d319 @A: 03 17 14 31 | 11
#1606-d319 @A: 03 26 04 29 | 12
#1607-d319 @A: 31 12 10 03 | 06
#1608-d319 @A: 23 13 19 34 | 08
#1609-d319 @A: 13 09 06 34 | 02
#1610-d319 @A: 35 33 34 15 | 07
#1611-d319 @A: 16 19 34 33 | 09
#1612-d319 @A: 19 31 34 12 | 01
#1613-d319 @A: 34 30 14 24 | 03
#1614-d319 @A: 31 28 34 18 | 05
#1615-d319 @A: 14 04 25 34 | 04
#1616-d319 @A: 16 06 14 34 | 10
#1617-d319 @A: 01 26 17 34 | 11
#1618-d319 @A: 09 31 26 34 | 12
#1619-d319 @A: 27 29 34 23 | 06
#1620-d319 @A: 13 04 33 35 | 08
#1621-d319 @A: 13 18 30 21 | 02
#1622-d319 @A: 15 14 18 13 | 07
#1623-d319 @A: 01 13 21 25 | 09
#1624-d319 @A: 13 23 09 33 | 01
#1625-d319 @A: 24 26 09 13 | 03
#1626-d319 @A: 13 29 20 31 | 05
#1627-d319 @A: 08 22 13 04 | 04
#1628-d319 @A: 27 10 24 13 | 10
#1629-d319 @A: 08 23 13 26 | 11
#1630-d319 @A: 06 35 08 30 | 12
#1631-d319 @A: 18 35 01 20 | 06
#1632-d319 @A: 35 15 05 25 | 08
#1633-d319 @A: 29 35 09 33 | 02
#1634-d319 @A: 35 08 23 33 | 07
#1635-d319 @A: 23 24 35 10 | 09
#1636-d319 @A: 18 19 25 21 | 01
#1637-d319 @A: 05 08 25 19 | 03
#1638-d319 @A: 09 19 10 01 | 05
#1639-d319 @A: 31 19 08 21 | 04
#1640-d319 @A: 19 04 28 22 | 10
#1641-d319 @A: 27 08 12 19 | 11
#1642-d319 @A: 17 18 30 10 | 12
#1643-d319 @A: 30 27 18 33 | 06
#1644-d319 @A: 05 31 30 17 | 08
#1645-d319 @A: 33 30 14 15 | 02
#1646-d319 @A: 12 14 10 30 | 07
#1647-d319 @A: 30 10 04 26 | 09
#1648-d319 @A: 06 10 30 16 | 01
#1649-d319 @A: 30 21 27 16 | 03
#1650-d319 @A: 15 30 23 27 | 05
#1651-d319 @A: 30 10 28 27 | 04
#1652-d319 @A: 31 18 05 14 | 10
#1653-d319 @A: 18 22 23 14 | 11
#1654-d319 @A: 23 17 18 09 | 12
#1655-d319 @A: 17 33 18 08 | 06
#1656-d319 @A: 33 05 14 24 | 08
#1657-d319 @A: 05 16 01 29 | 02
#1658-d319 @A: 25 05 12 17 | 07
#1659-d319 @A: 23 05 04 25 | 09
#1660-d319 @A: 05 20 06 33 | 01
#1661-d319 @A: 21 10 05 28 | 03
#1662-d319 @A: 24 05 23 26 | 05
#1663-d319 @A: 25 14 23 16 | 04
#1664-d319 @A: 29 26 31 14 | 10
#1665-d319 @A: 12 14 15 29 | 11
#1666-d319 @A: 29 08 22 14 | 12
#1667-d319 @A: 31 14 04 22 | 06
#1668-d319 @A: 28 15 16 14 | 08
#1669-d319 @A: 14 10 15 22 | 02
#1670-d319 @A: 12 01 04 26 | 07
#1671-d319 @A: 12 15 01 28 | 09
#1672-d319 @A: 12 27 01 23 | 01
#1673-d319 @A: 24 06 01 26 | 03
#1674-d319 @A: 33 09 16 12 | 05
#1675-d319 @A: 16 28 22 09 | 04
#1676-d319 @A: 29 21 12 17 | 10
#1677-d319 @A: 17 12 28 31 | 11
#1678-d319 @A: 21 17 15 27 | 12
#1679-d319 @A: 06 29 21 25 | 06
#1680-d319 @A: 08 27 31 25 | 08
#1681-d319 @A: 12 25 24 31 | 02
#1682-d319 @A: 16 08 25 24 | 07
#1683-d319 @A: 28 25 24 20 | 09
#1684-d319 @A: 15 12 33 31 | 01
#1685-d319 @A: 10 20 33 16 | 03
#1686-d319 @A: 21 33 22 20 | 05
#1687-d319 @A: 27 22 12 33 | 04
#1688-d319 @A: 29 28 23 12 | 10
#1689-d319 @A: 16 04 23 06 | 11
