#0001-d322 @A: 30 24 32 16 | 07
#0002-d322 @A: 21 24 16 13 | 12
#0003-d322 @A: 21 16 23 30 | 06
#0004-d322 @A: 08 34 16 28 | 01
#0005-d322 @A: 27 35 16 08 | 08
#0006-d322 @A: 27 16 15 26 | 09
#0007-d322 @A: 28 15 14 16 | 05
#0008-d322 @A: 20 17 16 15 | 11
#0009-d322 @A: 12 26 16 34 | 10
#0010-d322 @A: 34 03 23 16 | 04
#0011-d322 @A: 35 16 09 30 | 02
#0012-d322 @A: 09 16 23 13 | 03
#0013-d322 @A: 03 13 16 12 | 07
#0014-d322 @A: 16 22 27 06 | 12
#0015-d322 @A: 27 19 17 16 | 06
#0016-d322 @A: 16 28 12 02 | 01
#0017-d322 @A: 20 19 10 16 | 08
#0018-d322 @A: 25 33 16 22 | 09
#0019-d322 @A: 22 16 18 20 | 05
#0020-d322 @A: 31 32 08 34 | 11
#0021-d322 @A: 33 32 15 27 | 10
#0022-d322 @A: 05 24 19 32 | 04
#0023-d322 @A: 28 27 26 32 | 02
#0024-d322 @A: 06 31 26 32 | 03
#0025-d322 @A: 34 32 14 12 | 07
#0026-d322 @A: 32 25 34 02 | 12
#0027-d322 @A: 12 06 24 32 | 06
#0028-d322 @A: 25 28 32 13 | 01
#0029-d322 @A: 32 17 11 01 | 08
#0030-d322 @A: 20 18 32 29 | 09
#0031-d322 @A: 20 32 25 19 | 05
#0032-d322 @A: 34 20 08 21 | 11
#0033-d322 @A: 21 27 18 05 | 10
#0034-d322 @A: 05 19 21 22 | 04
#0035-d322 @A: 07 21 14 19 | 02
#0036-d322 @A: 34 10 21 24 | 03
#0037-d322 @A: 18 21 02 09 | 07
#0038-d322 @A: 04 21 30 11 | 12
#0039-d322 @A: 02 35 13 21 | 06
#0040-d322 @A: 01 06 02 21 | 01
#0041-d322 @A: 12 25 33 21 | 08
#0042-d322 @A: 21 01 18 33 | 09
#0043-d322 @A: 34 15 08 33 | 05
#0044-d322 @A: 28 05 09 08 | 11
#0045-d322 @A: 31 13 14 08 | 10
#0046-d322 @A: 25 08 14 12 | 04
#0047-d322 @A: 12 09 08 24 | 02
#0048-d322 @A: 35 24 30 08 | 03
#0049-d322 @A: 17 08 13 10 | 07
#0050-d322 @A: 08 29 27 06 | 12
#0051-d322 @A: 01 08 25 27 | 06
#0052-d322 @A: 01 08 23 35 | 01
#0053-d322 @A: 19 31 08 18 | 08
#0054-d322 @A: 22 08 25 20 | 09
#0055-d322 @A: 03 28 05 15 | 05
#0056-d322 @A: 04 15 17 05 | 11
#0057-d322 @A: 15 03 34 26 | 10
#0058-d322 @A: 20 02 15 34 | 04
#0059-d322 @A: 13 17 29 15 | 02
#0060-d322 @A: 06 35 15 11 | 03
#0061-d322 @A: 07 33 19 15 | 07
#0062-d322 @A: 15 04 22 23 | 12
#0063-d322 @A: 18 31 35 15 | 06
#0064-d322 @A: 10 05 35 26 | 01
#0065-d322 @A: 14 09 05 20 | 08
#0066-d322 @A: 05 14 13 12 | 09
#0067-d322 @A: 29 03 14 05 | 05
#0068-d322 @A: 31 13 05 19 | 11
#0069-d322 @A: 03 02 05 11 | 10
#0070-d322 @A: 01 07 27 05 | 04
#0071-d322 @A: 05 07 22 25 | 02
#0072-d322 @A: 34 22 26 04 | 03
#0073-d322 @A: 26 02 23 09 | 07
#0074-d322 @A: 10 26 03 13 | 12
#0075-d322 @A: 17 26 03 18 | 06
#0076-d322 @A: 33 27 06 26 | 01
#0077-d322 @A: 12 06 26 07 | 08
#0078-d322 @A: 35 28 26 29 | 09
#0079-d322 @A: 14 34 10 11 | 05
#0080-d322 @A: 14 09 19 04 | 11
#0081-d322 @A: 02 24 14 10 | 10
#0082-d322 @A: 17 24 14 07 | 04
#0083-d322 @A: 14 13 30 28 | 02
#0084-d322 @A: 14 35 01 13 | 03
#0085-d322 @A: 28 06 14 03 | 07
#0086-d322 @A: 03 17 14 01 | 12
#0087-d322 @A: 03 34 35 13 | 06
#0088-d322 @A: 34 18 13 28 | 01
#0089-d322 @A: 03 17 12 34 | 08
#0090-d322 @A: 34 03 19 31 | 09
#0091-d322 @A: 10 06 02 34 | 05
#0092-d322 @A: 10 28 23 34 | 11
#0093-d322 @A: 10 04 31 34 | 10
#0094-d322 @A: 01 19 34 23 | 04
#0095-d322 @A: 29 28 31 34 | 02
#0096-d322 @A: 29 18 34 12 | 03
#0097-d322 @A: 03 10 20 09 | 07
#0098-d322 @A: 27 12 18 09 | 12
#0099-d322 @A: 33 17 35 09 | 06
#0100-d322 @A: 28 10 12 09 | 01
#0101-d322 @A: 09 07 01 25 | 08
#0102-d322 @A: 29 23 09 11 | 09
#0103-d322 @A: 27 24 03 31 | 05
#0104-d322 @A: 02 01 24 25 | 11
#0105-d322 @A: 19 24 17 18 | 10
#0106-d322 @A: 10 24 25 12 | 04
#0107-d322 @A: 10 04 20 24 | 02
#0108-d322 @A: 25 24 29 19 | 03
#0109-d322 @A: 28 04 12 24 | 07
#0110-d322 @A: 11 01 24 25 | 12
#0111-d322 @A: 17 13 18 30 | 06
#0112-d322 @A: 11 20 03 30 | 01
#0113-d322 @A: 01 27 30 12 | 08
#0114-d322 @A: 11 12 30 17 | 09
#0115-d322 @A: 31 07 30 33 | 05
#0116-d322 @A: 11 22 07 30 | 11
#0117-d322 @A: 33 30 25 28 | 10
#0118-d322 @A: 19 13 07 28 | 04
#0119-d322 @A: 19 13 18 04 | 02
#0120-d322 @A: 27 03 19 07 | 03
#0121-d322 @A: 04 23 17 03 | 07
#0122-d322 @A: 20 03 23 25 | 12
#0123-d322 @A: 33 03 20 01 | 06
#0124-d322 @A: 27 18 35 10 | 01
#0125-d322 @A: 01 27 11 10 | 08
#0126-d322 @A: 18 27 07 11 | 09
#0127-d322 @A: 22 10 12 02 | 05
#0128-d322 @A: 22 02 33 29 | 11
#0129-d322 @A: 02 11 22 18 | 10
#0130-d322 @A: 07 01 06 33 | 04
#0131-d322 @A: 20 35 06 22 | 02
#0132-d322 @A: 04 22 06 19 | 03
#0133-d322 @A: 20 31 11 10 | 07
#0134-d322 @A: 16 21 03 33 | 12
#0135-d322 @A: 12 16 21 06 | 06
#0136-d322 @A: 05 16 25 06 | 01
#0137-d322 @A: 16 05 11 04 | 08
#0138-d322 @A: 30 26 16 20 | 09
#0139-d322 @A: 16 14 09 10 | 05
#0140-d322 @A: 16 14 22 13 | 11
#0141-d322 @A: 16 04 14 29 | 10
#0142-d322 @A: 16 29 34 09 | 04
#0143-d322 @A: 16 31 06 24 | 02
#0144-d322 @A: 24 28 33 16 | 03
#0145-d322 @A: 13 16 33 20 | 07
#0146-d322 @A: 33 16 27 29 | 12
#0147-d322 @A: 16 04 22 07 | 06
#0148-d322 @A: 04 16 18 23 | 01
#0149-d322 @A: 12 04 16 01 | 08
#0150-d322 @A: 04 19 33 16 | 09
#0151-d322 @A: 32 05 21 25 | 05
#0152-d322 @A: 32 23 21 34 | 11
#0153-d322 @A: 08 32 20 03 | 10
#0154-d322 @A: 30 31 15 32 | 04
#0155-d322 @A: 32 30 34 26 | 02
#0156-d322 @A: 25 26 32 22 | 03
#0157-d322 @A: 34 29 32 13 | 07
#0158-d322 @A: 02 03 32 09 | 12
#0159-d322 @A: 24 27 32 10 | 06
#0160-d322 @A: 32 13 30 10 | 01
#0161-d322 @A: 13 17 19 32 | 08
#0162-d322 @A: 25 06 32 03 | 09
#0163-d322 @A: 04 32 02 33 | 05
#0164-d322 @A: 32 07 22 33 | 11
#0165-d322 @A: 29 28 32 22 | 10
#0166-d322 @A: 32 01 22 18 | 04
#0167-d322 @A: 14 08 35 21 | 02
#0168-d322 @A: 25 21 30 08 | 03
#0169-d322 @A: 23 21 08 31 | 07
#0170-d322 @A: 12 08 21 18 | 12
#0171-d322 @A: 19 15 21 26 | 06
#0172-d322 @A: 21 05 30 13 | 01
#0173-d322 @A: 02 26 10 21 | 08
#0174-d322 @A: 30 14 21 02 | 09
#0175-d322 @A: 21 10 14 12 | 05
#0176-d322 @A: 13 22 11 21 | 11
#0177-d322 @A: 21 29 12 23 | 10
#0178-d322 @A: 12 04 22 21 | 04
#0179-d322 @A: 35 21 33 22 | 02
#0180-d322 @A: 29 21 33 28 | 03
#0181-d322 @A: 15 13 22 08 | 07
#0182-d322 @A: 05 31 08 26 | 12
#0183-d322 @A: 26 09 29 08 | 06
#0184-d322 @A: 33 26 08 20 | 01
#0185-d322 @A: 14 30 08 33 | 08
#0186-d322 @A: 08 09 10 34 | 09
#0187-d322 @A: 34 06 19 08 | 05
#0188-d322 @A: 12 34 04 08 | 11
#0189-d322 @A: 09 01 19 08 | 10
#0190-d322 @A: 12 08 30 06 | 04
#0191-d322 @A: 08 28 02 13 | 02
#0192-d322 @A: 33 08 27 10 | 03
#0193-d322 @A: 35 08 31 33 | 07
#0194-d322 @A: 22 08 35 29 | 12
#0195-d322 @A: 08 33 19 28 | 06
#0196-d322 @A: 09 15 05 23 | 01
#0197-d322 @A: 31 15 05 24 | 08
#0198-d322 @A: 13 15 33 05 | 09
#0199-d322 @A: 15 09 26 07 | 05
#0200-d322 @A: 26 28 20 15 | 11
#0201-d322 @A: 24 15 09 20 | 10
#0202-d322 @A: 29 03 15 19 | 04
#0203-d322 @A: 02 17 15 35 | 02
#0204-d322 @A: 02 11 15 10 | 03
#0205-d322 @A: 31 15 22 06 | 07
#0206-d322 @A: 19 10 15 31 | 12
#0207-d322 @A: 10 15 18 22 | 06
#0208-d322 @A: 15 18 28 19 | 01
#0209-d322 @A: 17 05 12 24 | 08
#0210-d322 @A: 05 17 30 35 | 09
#0211-d322 @A: 27 05 25 03 | 05
#0212-d322 @A: 06 02 05 17 | 11
#0213-d322 @A: 05 06 29 12 | 10
#0214-d322 @A: 10 33 05 01 | 04
#0215-d322 @A: 05 29 23 33 | 02
#0216-d322 @A: 31 05 22 29 | 03
#0217-d322 @A: 18 05 35 04 | 07
#0218-d322 @A: 14 30 26 01 | 12
#0219-d322 @A: 26 34 13 19 | 06
#0220-d322 @A: 17 26 09 31 | 01
#0221-d322 @A: 06 19 30 26 | 08
#0222-d322 @A: 03 26 06 35 | 09
#0223-d322 @A: 19 10 26 25 | 05
#0224-d322 @A: 11 25 23 26 | 11
#0225-d322 @A: 22 33 26 12 | 10
#0226-d322 @A: 25 26 12 20 | 04
#0227-d322 @A: 34 24 14 29 | 02
#0228-d322 @A: 10 14 34 03 | 03
#0229-d322 @A: 14 01 34 02 | 07
#0230-d322 @A: 03 14 20 24 | 12
#0231-d322 @A: 14 06 13 17 | 06
#0232-d322 @A: 31 04 28 14 | 01
#0233-d322 @A: 06 31 34 09 | 08
#0234-d322 @A: 34 23 30 18 | 09
#0235-d322 @A: 17 34 13 23 | 05
#0236-d322 @A: 18 22 34 03 | 11
#0237-d322 @A: 02 34 17 29 | 10
#0238-d322 @A: 23 04 20 34 | 04
#0239-d322 @A: 34 20 22 31 | 02
#0240-d322 @A: 34 28 25 04 | 03
#0241-d322 @A: 30 09 22 03 | 07
#0242-d322 @A: 09 07 30 02 | 12
#0243-d322 @A: 28 17 09 02 | 06
#0244-d322 @A: 04 28 09 22 | 01
#0245-d322 @A: 24 13 07 30 | 08
#0246-d322 @A: 30 24 19 02 | 09
#0247-d322 @A: 03 35 11 24 | 05
#0248-d322 @A: 24 17 29 27 | 11
#0249-d322 @A: 24 04 11 18 | 10
#0250-d322 @A: 13 12 30 33 | 04
#0251-d322 @A: 13 02 17 11 | 02
#0252-d322 @A: 25 10 13 35 | 03
#0253-d322 @A: 13 19 01 12 | 07
#0254-d322 @A: 03 12 27 20 | 12
#0255-d322 @A: 29 23 07 03 | 06
#0256-d322 @A: 03 19 23 22 | 01
#0257-d322 @A: 31 03 22 04 | 08
#0258-d322 @A: 03 01 29 25 | 09
#0259-d322 @A: 20 03 04 19 | 05
#0260-d322 @A: 12 27 31 33 | 11
#0261-d322 @A: 31 04 27 35 | 10
#0262-d322 @A: 25 27 33 20 | 04
#0263-d322 @A: 23 33 02 18 | 02
#0264-d322 @A: 06 25 17 10 | 03
#0265-d322 @A: 06 01 10 29 | 07
#0266-d322 @A: 06 07 35 23 | 12
#0267-d322 @A: 18 31 04 06 | 06
#0268-d322 @A: 20 33 18 06 | 01
#0269-d322 @A: 17 12 33 10 | 08
#0270-d322 @A: 19 04 10 17 | 09
#0271-d322 @A: 12 23 22 17 | 05
#0272-d322 @A: 01 33 29 17 | 11
#0273-d322 @A: 28 17 29 19 | 10
#0274-d322 @A: 12 17 20 35 | 04
#0275-d322 @A: 11 07 12 01 | 02
#0276-d322 @A: 16 11 07 32 | 03
#0277-d322 @A: 28 21 16 11 | 07
#0278-d322 @A: 16 22 02 15 | 12
#0279-d322 @A: 16 05 20 23 | 06
#0280-d322 @A: 26 04 16 17 | 01
#0281-d322 @A: 14 16 12 24 | 08
#0282-d322 @A: 24 19 34 16 | 09
#0283-d322 @A: 16 34 31 27 | 05
#0284-d322 @A: 23 02 17 16 | 11
#0285-d322 @A: 17 16 10 07 | 10
#0286-d322 @A: 22 10 16 01 | 04
#0287-d322 @A: 07 35 16 19 | 02
#0288-d322 @A: 16 23 22 29 | 03
#0289-d322 @A: 25 23 28 16 | 07
#0290-d322 @A: 18 29 16 19 | 12
#0291-d322 @A: 12 33 18 16 | 06
#0292-d322 @A: 33 21 30 32 | 01
#0293-d322 @A: 08 32 28 15 | 08
#0294-d322 @A: 24 32 08 23 | 09
#0295-d322 @A: 29 33 32 08 | 05
#0296-d322 @A: 08 32 35 25 | 11
#0297-d322 @A: 32 15 14 10 | 10
#0298-d322 @A: 32 05 30 29 | 04
#0299-d322 @A: 05 02 07 32 | 02
#0300-d322 @A: 26 17 35 32 | 03
#0301-d322 @A: 26 32 33 18 | 07
#0302-d322 @A: 27 07 32 14 | 12
#0303-d322 @A: 29 06 09 32 | 06
#0304-d322 @A: 25 32 24 31 | 01
#0305-d322 @A: 32 19 30 27 | 08
#0306-d322 @A: 20 22 32 23 | 09
#0307-d322 @A: 23 35 18 32 | 05
#0308-d322 @A: 01 08 13 21 | 11
#0309-d322 @A: 21 05 01 15 | 10
#0310-d322 @A: 05 35 21 34 | 04
#0311-d322 @A: 14 24 01 21 | 02
#0312-d322 @A: 20 18 21 14 | 03
#0313-d322 @A: 30 29 17 21 | 07
#0314-d322 @A: 21 35 03 10 | 12
#0315-d322 @A: 25 22 21 03 | 06
#0316-d322 @A: 27 06 31 21 | 01
#0317-d322 @A: 21 23 04 06 | 08
#0318-d322 @A: 29 07 21 04 | 09
#0319-d322 @A: 21 04 35 19 | 05
#0320-d322 @A: 08 27 15 11 | 11
#0321-d322 @A: 17 12 08 15 | 10
#0322-d322 @A: 14 08 03 04 | 04
#0323-d322 @A: 27 14 28 08 | 02
#0324-d322 @A: 29 08 34 30 | 03
#0325-d322 @A: 27 34 22 08 | 07
#0326-d322 @A: 31 08 24 02 | 12
#0327-d322 @A: 08 03 19 30 | 06
#0328-d322 @A: 30 02 08 10 | 01
#0329-d322 @A: 13 10 11 08 | 08
#0330-d322 @A: 07 08 29 13 | 09
#0331-d322 @A: 27 08 17 07 | 05
#0332-d322 @A: 11 17 23 08 | 11
#0333-d322 @A: 07 19 04 08 | 10
#0334-d322 @A: 22 01 33 08 | 04
#0335-d322 @A: 02 10 05 15 | 02
#0336-d322 @A: 35 15 26 25 | 03
#0337-d322 @A: 15 11 09 03 | 07
#0338-d322 @A: 15 13 28 12 | 12
#0339-d322 @A: 10 15 27 12 | 06
#0340-d322 @A: 20 07 15 22 | 01
#0341-d322 @A: 19 22 15 12 | 08
#0342-d322 @A: 11 15 01 33 | 09
#0343-d322 @A: 19 26 05 27 | 05
#0344-d322 @A: 34 23 14 05 | 11
#0345-d322 @A: 05 12 34 27 | 10
#0346-d322 @A: 05 19 04 34 | 04
#0347-d322 @A: 05 19 06 09 | 02
#0348-d322 @A: 05 07 33 24 | 03
#0349-d322 @A: 30 22 28 05 | 07
#0350-d322 @A: 13 20 05 28 | 12
#0351-d322 @A: 22 05 18 33 | 06
#0352-d322 @A: 28 09 14 26 | 01
#0353-d322 @A: 26 31 14 18 | 08
#0354-d322 @A: 27 09 22 26 | 09
#0355-d322 @A: 30 26 13 04 | 05
#0356-d322 @A: 27 26 31 02 | 11
#0357-d322 @A: 26 02 06 29 | 10
#0358-d322 @A: 11 26 33 06 | 04
#0359-d322 @A: 10 26 31 29 | 02
#0360-d322 @A: 26 23 19 31 | 03
#0361-d322 @A: 26 25 01 31 | 07
#0362-d322 @A: 04 35 26 20 | 12
#0363-d322 @A: 30 31 24 14 | 06
#0364-d322 @A: 25 24 27 14 | 01
#0365-d322 @A: 14 27 20 30 | 08
#0366-d322 @A: 14 07 04 02 | 09
#0367-d322 @A: 14 01 07 20 | 05
#0368-d322 @A: 20 19 14 31 | 11
#0369-d322 @A: 14 28 25 19 | 10
#0370-d322 @A: 27 34 09 23 | 04
#0371-d322 @A: 27 03 34 29 | 02
#0372-d322 @A: 07 31 02 34 | 03
#0373-d322 @A: 33 12 23 34 | 07
#0374-d322 @A: 34 22 19 29 | 12
#0375-d322 @A: 34 04 01 29 | 06
#0376-d322 @A: 24 17 25 09 | 01
#0377-d322 @A: 24 01 09 10 | 08
#0378-d322 @A: 10 13 02 09 | 09
#0379-d322 @A: 12 06 09 03 | 05
#0380-d322 @A: 02 35 09 11 | 11
#0381-d322 @A: 12 04 09 29 | 10
#0382-d322 @A: 20 09 04 18 | 04
#0383-d322 @A: 17 13 24 31 | 02
#0384-d322 @A: 24 29 03 35 | 03
#0385-d322 @A: 07 24 31 18 | 07
#0386-d322 @A: 07 33 24 11 | 12
#0387-d322 @A: 30 13 03 20 | 06
#0388-d322 @A: 27 10 30 06 | 01
#0389-d322 @A: 17 02 31 30 | 08
#0390-d322 @A: 19 30 01 22 | 09
#0391-d322 @A: 19 18 12 30 | 05
#0392-d322 @A: 13 33 27 19 | 11
#0393-d322 @A: 06 22 01 13 | 10
#0394-d322 @A: 13 23 20 18 | 04
#0395-d322 @A: 13 20 19 22 | 02
#0396-d322 @A: 28 35 13 33 | 03
#0397-d322 @A: 28 11 18 13 | 07
#0398-d322 @A: 02 25 03 33 | 12
#0399-d322 @A: 07 03 31 01 | 06
#0400-d322 @A: 11 03 29 07 | 01
#0401-d322 @A: 01 28 03 23 | 08
#0402-d322 @A: 19 28 03 12 | 09
#0403-d322 @A: 27 12 22 25 | 05
#0404-d322 @A: 06 11 02 29 | 11
#0405-d322 @A: 11 02 12 23 | 10
#0406-d322 @A: 19 02 22 28 | 04
#0407-d322 @A: 02 19 01 04 | 02
#0408-d322 @A: 20 17 06 07 | 03
#0409-d322 @A: 23 25 19 06 | 07
#0410-d322 @A: 11 19 17 10 | 12
#0411-d322 @A: 07 33 17 25 | 06
#0412-d322 @A: 17 23 35 19 | 01
#0413-d322 @A: 11 17 31 18 | 08
#0414-d322 @A: 25 35 17 04 | 09
#0415-d322 @A: 04 20 17 33 | 05
#0416-d322 @A: 11 22 35 12 | 11
#0417-d322 @A: 35 29 33 11 | 10
#0418-d322 @A: 21 16 32 18 | 04
#0419-d322 @A: 04 16 34 21 | 02
#0420-d322 @A: 16 09 01 15 | 03
#0421-d322 @A: 30 33 16 15 | 07
#0422-d322 @A: 16 03 31 15 | 12
#0423-d322 @A: 04 16 03 05 | 06
#0424-d322 @A: 18 17 05 16 | 01
#0425-d322 @A: 16 05 19 01 | 08
#0426-d322 @A: 03 16 07 14 | 09
#0427-d322 @A: 24 09 27 16 | 05
#0428-d322 @A: 02 24 16 18 | 11
#0429-d322 @A: 27 16 23 12 | 10
#0430-d322 @A: 35 16 31 12 | 04
#0431-d322 @A: 18 31 01 16 | 02
#0432-d322 @A: 35 09 21 32 | 03
#0433-d322 @A: 22 21 32 13 | 07
#0434-d322 @A: 28 21 32 17 | 12
#0435-d322 @A: 05 15 20 32 | 06
#0436-d322 @A: 25 17 15 32 | 01
#0437-d322 @A: 05 32 03 10 | 08
#0438-d322 @A: 17 14 29 32 | 09
#0439-d322 @A: 14 19 22 32 | 05
#0440-d322 @A: 24 03 18 32 | 11
#0441-d322 @A: 32 01 03 27 | 10
#0442-d322 @A: 35 03 19 32 | 04
#0443-d322 @A: 10 32 33 23 | 02
#0444-d322 @A: 32 31 04 19 | 03
#0445-d322 @A: 21 22 14 15 | 07
#0446-d322 @A: 27 15 21 23 | 12
#0447-d322 @A: 24 20 21 05 | 06
#0448-d322 @A: 03 21 07 05 | 01
#0449-d322 @A: 07 21 26 34 | 08
#0450-d322 @A: 09 25 21 26 | 09
#0451-d322 @A: 29 26 24 21 | 05
#0452-d322 @A: 13 14 23 21 | 11
#0453-d322 @A: 29 21 06 14 | 10
#0454-d322 @A: 34 27 21 25 | 04
#0455-d322 @A: 22 06 21 34 | 02
#0456-d322 @A: 09 04 30 21 | 03
#0457-d322 @A: 21 07 09 28 | 07
#0458-d322 @A: 21 11 24 10 | 12
#0459-d322 @A: 03 06 18 21 | 06
#0460-d322 @A: 02 19 27 21 | 01
#0461-d322 @A: 25 21 10 23 | 08
#0462-d322 @A: 18 21 04 10 | 09
#0463-d322 @A: 08 15 23 26 | 05
#0464-d322 @A: 05 17 20 08 | 11
#0465-d322 @A: 02 09 08 35 | 10
#0466-d322 @A: 08 03 11 33 | 04
#0467-d322 @A: 10 07 08 28 | 02
#0468-d322 @A: 10 25 08 31 | 03
#0469-d322 @A: 08 23 12 19 | 07
#0470-d322 @A: 23 33 08 04 | 12
#0471-d322 @A: 28 35 08 04 | 06
#0472-d322 @A: 15 26 33 02 | 01
#0473-d322 @A: 14 35 03 15 | 08
#0474-d322 @A: 01 14 15 06 | 09
#0475-d322 @A: 34 13 25 15 | 05
#0476-d322 @A: 03 04 09 15 | 11
#0477-d322 @A: 04 12 30 15 | 10
#0478-d322 @A: 18 17 15 27 | 04
#0479-d322 @A: 20 15 35 10 | 02
#0480-d322 @A: 22 06 26 05 | 03
#0481-d322 @A: 09 05 25 02 | 07
#0482-d322 @A: 05 10 28 24 | 12
#0483-d322 @A: 30 31 04 05 | 06
#0484-d322 @A: 05 13 04 02 | 01
#0485-d322 @A: 05 03 01 02 | 08
#0486-d322 @A: 18 02 05 29 | 09
#0487-d322 @A: 29 07 10 05 | 05
#0488-d322 @A: 35 05 31 07 | 11
#0489-d322 @A: 23 35 05 25 | 10
#0490-d322 @A: 06 26 18 09 | 04
#0491-d322 @A: 30 07 26 17 | 02
#0492-d322 @A: 22 20 02 26 | 03
#0493-d322 @A: 26 10 28 33 | 07
#0494-d322 @A: 07 26 31 22 | 12
#0495-d322 @A: 35 11 28 26 | 06
#0496-d322 @A: 19 20 18 26 | 01
#0497-d322 @A: 26 01 04 11 | 08
#0498-d322 @A: 14 34 07 22 | 09
#0499-d322 @A: 30 14 09 29 | 05
#0500-d322 @A: 14 07 06 09 | 11
#0501-d322 @A: 13 14 10 20 | 10
#0502-d322 @A: 14 18 02 03 | 04
#0503-d322 @A: 35 10 07 14 | 02
#0504-d322 @A: 23 10 19 14 | 03
#0505-d322 @A: 25 22 18 14 | 07
#0506-d322 @A: 22 20 28 14 | 12
#0507-d322 @A: 14 19 29 01 | 06
#0508-d322 @A: 14 01 18 12 | 01
#0509-d322 @A: 14 11 12 28 | 08
#0510-d322 @A: 34 30 09 28 | 09
#0511-d322 @A: 30 34 33 27 | 05
#0512-d322 @A: 31 30 12 34 | 11
#0513-d322 @A: 34 22 01 25 | 10
#0514-d322 @A: 25 18 34 19 | 04
#0515-d322 @A: 09 07 04 24 | 02
#0516-d322 @A: 13 30 25 09 | 03
#0517-d322 @A: 17 09 10 30 | 07
#0518-d322 @A: 35 09 13 06 | 12
#0519-d322 @A: 20 09 06 02 | 06
#0520-d322 @A: 23 35 09 22 | 01
#0521-d322 @A: 12 09 25 23 | 08
#0522-d322 @A: 18 09 28 23 | 09
#0523-d322 @A: 31 19 09 29 | 05
#0524-d322 @A: 09 25 20 28 | 11
#0525-d322 @A: 12 13 24 27 | 10
#0526-d322 @A: 11 13 24 12 | 04
#0527-d322 @A: 17 10 24 03 | 02
#0528-d322 @A: 22 24 20 01 | 03
#0529-d322 @A: 22 27 30 13 | 07
#0530-d322 @A: 29 02 30 13 | 12
#0531-d322 @A: 02 30 35 23 | 06
#0532-d322 @A: 11 30 06 23 | 01
#0533-d322 @A: 22 10 35 30 | 08
#0534-d322 @A: 23 12 30 28 | 09
#0535-d322 @A: 25 30 22 31 | 05
#0536-d322 @A: 30 18 28 31 | 11
#0537-d322 @A: 33 13 03 18 | 10
#0538-d322 @A: 03 19 11 13 | 04
#0539-d322 @A: 31 13 04 20 | 02
#0540-d322 @A: 22 13 29 12 | 03
#0541-d322 @A: 25 01 20 13 | 07
#0542-d322 @A: 12 27 11 03 | 12
#0543-d322 @A: 03 07 02 06 | 06
#0544-d322 @A: 03 22 35 01 | 01
#0545-d322 @A: 31 11 04 27 | 08
#0546-d322 @A: 25 07 02 10 | 09
#0547-d322 @A: 20 02 07 29 | 05
#0548-d322 @A: 18 29 17 06 | 11
#0549-d322 @A: 19 07 31 06 | 10
#0550-d322 @A: 07 04 17 31 | 04
#0551-d322 @A: 22 25 19 17 | 02
#0552-d322 @A: 02 32 10 16 | 03
#0553-d322 @A: 28 06 32 16 | 07
#0554-d322 @A: 16 33 17 32 | 12
#0555-d322 @A: 29 31 16 32 | 06
#0556-d322 @A: 21 16 25 15 | 01
#0557-d322 @A: 19 15 16 08 | 08
#0558-d322 @A: 16 24 15 07 | 09
#0559-d322 @A: 15 35 16 29 | 05
#0560-d322 @A: 26 02 16 05 | 11
#0561-d322 @A: 27 16 05 28 | 10
#0562-d322 @A: 14 30 18 16 | 04
#0563-d322 @A: 17 16 31 14 | 02
#0564-d322 @A: 16 35 34 22 | 03
#0565-d322 @A: 33 16 09 02 | 07
#0566-d322 @A: 03 16 19 02 | 12
#0567-d322 @A: 16 03 11 10 | 06
#0568-d322 @A: 07 29 01 16 | 01
#0569-d322 @A: 08 21 10 32 | 08
#0570-d322 @A: 21 14 32 31 | 09
#0571-d322 @A: 32 29 08 11 | 05
#0572-d322 @A: 12 32 09 15 | 11
#0573-d322 @A: 23 32 13 26 | 10
#0574-d322 @A: 26 10 32 11 | 04
#0575-d322 @A: 32 09 14 01 | 02
#0576-d322 @A: 19 33 32 34 | 03
#0577-d322 @A: 24 09 32 33 | 07
#0578-d322 @A: 24 35 32 13 | 12
#0579-d322 @A: 17 24 32 20 | 06
#0580-d322 @A: 01 24 32 29 | 01
#0581-d322 @A: 32 18 06 27 | 08
#0582-d322 @A: 32 35 29 10 | 09
#0583-d322 @A: 21 15 09 13 | 05
#0584-d322 @A: 21 10 15 28 | 11
#0585-d322 @A: 11 21 05 14 | 10
#0586-d322 @A: 09 05 29 21 | 04
#0587-d322 @A: 21 31 13 34 | 02
#0588-d322 @A: 31 24 21 09 | 03
#0589-d322 @A: 21 24 12 30 | 07
#0590-d322 @A: 24 02 21 23 | 12
#0591-d322 @A: 21 24 07 22 | 06
#0592-d322 @A: 19 21 13 10 | 01
#0593-d322 @A: 31 21 10 20 | 08
#0594-d322 @A: 10 29 21 22 | 09
#0595-d322 @A: 31 29 18 21 | 05
#0596-d322 @A: 21 18 11 35 | 11
#0597-d322 @A: 11 21 25 19 | 10
#0598-d322 @A: 20 19 21 33 | 04
#0599-d322 @A: 25 08 15 06 | 02
#0600-d322 @A: 08 11 05 22 | 03
#0601-d322 @A: 08 34 13 24 | 07
#0602-d322 @A: 02 08 23 34 | 12
#0603-d322 @A: 08 17 09 23 | 06
#0604-d322 @A: 30 04 17 08 | 01
#0605-d322 @A: 08 03 35 18 | 08
#0606-d322 @A: 04 02 08 06 | 09
#0607-d322 @A: 02 33 12 08 | 05
#0608-d322 @A: 31 08 07 20 | 11
#0609-d322 @A: 15 05 35 19 | 10
#0610-d322 @A: 12 26 15 11 | 04
#0611-d322 @A: 14 34 31 15 | 02
#0612-d322 @A: 14 13 15 27 | 03
#0613-d322 @A: 04 15 27 34 | 07
#0614-d322 @A: 19 17 34 15 | 12
#0615-d322 @A: 15 09 19 30 | 06
#0616-d322 @A: 09 28 15 27 | 01
#0617-d322 @A: 25 15 30 24 | 08
#0618-d322 @A: 35 15 24 27 | 09
#0619-d322 @A: 24 15 19 11 | 05
#0620-d322 @A: 02 13 15 07 | 11
#0621-d322 @A: 13 15 20 06 | 10
#0622-d322 @A: 15 23 10 01 | 04
#0623-d322 @A: 15 01 31 33 | 02
#0624-d322 @A: 15 29 25 22 | 03
#0625-d322 @A: 01 15 04 35 | 07
#0626-d322 @A: 26 05 09 04 | 12
#0627-d322 @A: 14 27 05 31 | 06
#0628-d322 @A: 03 05 34 20 | 01
#0629-d322 @A: 05 01 17 09 | 08
#0630-d322 @A: 05 27 29 13 | 09
#0631-d322 @A: 17 25 29 05 | 05
#0632-d322 @A: 05 19 07 12 | 11
#0633-d322 @A: 12 28 05 35 | 10
#0634-d322 @A: 11 19 26 14 | 04
#0635-d322 @A: 35 24 26 09 | 02
#0636-d322 @A: 24 27 26 20 | 03
#0637-d322 @A: 26 31 20 03 | 07
#0638-d322 @A: 19 02 17 26 | 12
#0639-d322 @A: 07 04 18 26 | 06
#0640-d322 @A: 10 14 17 27 | 01
#0641-d322 @A: 31 23 01 14 | 08
#0642-d322 @A: 29 20 14 33 | 09
#0643-d322 @A: 02 09 19 34 | 05
#0644-d322 @A: 24 34 20 30 | 11
#0645-d322 @A: 34 02 27 28 | 10
#0646-d322 @A: 27 07 06 34 | 04
#0647-d322 @A: 23 35 29 34 | 02
#0648-d322 @A: 31 11 34 22 | 03
#0649-d322 @A: 18 31 34 33 | 07
#0650-d322 @A: 35 34 18 20 | 12
#0651-d322 @A: 28 34 33 20 | 06
#0652-d322 @A: 30 27 09 31 | 01
#0653-d322 @A: 10 04 09 35 | 08
#0654-d322 @A: 10 09 33 18 | 09
#0655-d322 @A: 22 25 09 11 | 05
#0656-d322 @A: 33 01 09 04 | 11
#0657-d322 @A: 22 30 24 29 | 10
#0658-d322 @A: 24 30 11 28 | 04
#0659-d322 @A: 24 28 18 22 | 02
#0660-d322 @A: 24 12 18 20 | 03
#0661-d322 @A: 13 30 33 11 | 07
#0662-d322 @A: 27 30 25 02 | 12
#0663-d322 @A: 01 02 33 30 | 06
#0664-d322 @A: 30 19 07 25 | 01
#0665-d322 @A: 11 25 30 29 | 08
#0666-d322 @A: 35 28 30 20 | 09
#0667-d322 @A: 19 06 13 03 | 05
#0668-d322 @A: 13 27 02 18 | 11
#0669-d322 @A: 13 17 27 35 | 10
#0670-d322 @A: 10 18 13 31 | 04
#0671-d322 @A: 04 07 33 13 | 02
#0672-d322 @A: 04 13 25 29 | 03
#0673-d322 @A: 10 03 27 02 | 07
#0674-d322 @A: 04 27 28 03 | 12
#0675-d322 @A: 31 03 33 23 | 06
#0676-d322 @A: 35 03 23 12 | 01
#0677-d322 @A: 18 03 28 25 | 08
#0678-d322 @A: 03 01 19 18 | 09
#0679-d322 @A: 33 27 07 18 | 05
#0680-d322 @A: 22 31 27 23 | 11
#0681-d322 @A: 27 31 18 20 | 10
#0682-d322 @A: 28 29 01 02 | 04
#0683-d322 @A: 12 20 02 19 | 02
#0684-d322 @A: 19 33 11 02 | 03
#0685-d322 @A: 06 19 12 17 | 07
#0686-d322 @A: 23 06 22 10 | 12
#0687-d322 @A: 11 28 06 01 | 06
#0688-d322 @A: 35 10 17 31 | 01
#0689-d322 @A: 20 17 01 18 | 08
#0690-d322 @A: 11 35 23 10 | 09
#0691-d322 @A: 11 29 10 04 | 05
#0692-d322 @A: 05 16 32 34 | 11
#0693-d322 @A: 16 28 19 21 | 10
#0694-d322 @A: 16 30 08 31 | 04
#0695-d322 @A: 08 16 03 10 | 02
#0696-d322 @A: 11 25 16 08 | 03
#0697-d322 @A: 15 16 10 13 | 07
#0698-d322 @A: 09 26 19 16 | 12
#0699-d322 @A: 31 33 26 16 | 06
#0700-d322 @A: 19 06 16 14 | 01
#0701-d322 @A: 16 07 13 34 | 08
#0702-d322 @A: 17 16 24 22 | 09
#0703-d322 @A: 12 16 30 22 | 05
#0704-d322 @A: 02 20 16 04 | 11
#0705-d322 @A: 10 04 16 28 | 10
#0706-d322 @A: 19 16 31 22 | 04
#0707-d322 @A: 16 12 29 11 | 02
#0708-d322 @A: 07 15 21 32 | 03
#0709-d322 @A: 32 06 19 21 | 07
#0710-d322 @A: 32 13 08 05 | 12
#0711-d322 @A: 32 09 08 07 | 06
#0712-d322 @A: 32 08 04 27 | 01
#0713-d322 @A: 05 32 26 12 | 08
#0714-d322 @A: 05 18 14 32 | 09
#0715-d322 @A: 09 26 10 32 | 05
#0716-d322 @A: 04 03 26 32 | 11
#0717-d322 @A: 32 24 14 28 | 10
#0718-d322 @A: 25 32 30 14 | 04
#0719-d322 @A: 30 32 11 14 | 02
#0720-d322 @A: 32 09 30 23 | 03
#0721-d322 @A: 32 09 04 17 | 07
#0722-d322 @A: 31 32 17 03 | 12
#0723-d322 @A: 29 32 04 23 | 06
#0724-d322 @A: 23 32 12 01 | 01
#0725-d322 @A: 32 22 12 31 | 08
#0726-d322 @A: 29 19 32 12 | 09
#0727-d322 @A: 35 33 32 12 | 05
#0728-d322 @A: 20 21 30 15 | 11
#0729-d322 @A: 21 17 15 31 | 10
#0730-d322 @A: 21 26 13 33 | 04
#0731-d322 @A: 34 21 30 19 | 02
#0732-d322 @A: 06 10 21 09 | 03
#0733-d322 @A: 19 31 12 21 | 07
#0734-d322 @A: 20 21 11 29 | 12
#0735-d322 @A: 12 20 21 28 | 06
#0736-d322 @A: 04 21 25 20 | 01
#0737-d322 @A: 15 18 08 02 | 08
#0738-d322 @A: 10 06 26 08 | 09
#0739-d322 @A: 01 34 08 07 | 05
#0740-d322 @A: 20 30 08 09 | 11
#0741-d322 @A: 29 08 03 02 | 10
#0742-d322 @A: 17 28 03 08 | 04
#0743-d322 @A: 07 03 08 33 | 02
#0744-d322 @A: 28 08 31 06 | 03
#0745-d322 @A: 29 18 08 23 | 07
#0746-d322 @A: 08 31 12 29 | 12
#0747-d322 @A: 22 15 05 34 | 06
#0748-d322 @A: 15 05 27 30 | 01
#0749-d322 @A: 15 05 06 07 | 08
#0750-d322 @A: 31 13 26 15 | 09
#0751-d322 @A: 15 14 20 23 | 05
#0752-d322 @A: 14 18 04 15 | 11
#0753-d322 @A: 11 34 04 15 | 10
#0754-d322 @A: 01 13 03 15 | 04
#0755-d322 @A: 02 12 06 15 | 02
#0756-d322 @A: 18 29 15 33 | 03
#0757-d322 @A: 04 19 15 25 | 07
#0758-d322 @A: 01 20 19 15 | 12
#0759-d322 @A: 11 05 26 34 | 06
#0760-d322 @A: 26 17 28 05 | 01
#0761-d322 @A: 02 34 24 05 | 08
#0762-d322 @A: 28 07 34 05 | 09
#0763-d322 @A: 03 05 06 31 | 05
#0764-d322 @A: 06 20 05 27 | 11
#0765-d322 @A: 22 10 05 27 | 10
#0766-d322 @A: 11 05 35 27 | 04
#0767-d322 @A: 05 25 10 11 | 02
#0768-d322 @A: 07 23 05 04 | 03
#0769-d322 @A: 17 23 14 26 | 07
#0770-d322 @A: 13 12 26 09 | 12
#0771-d322 @A: 26 13 02 01 | 06
#0772-d322 @A: 26 28 07 25 | 01
#0773-d322 @A: 35 26 19 22 | 08
#0774-d322 @A: 29 33 26 04 | 09
#0775-d322 @A: 24 09 23 14 | 05
#0776-d322 @A: 03 14 13 09 | 11
#0777-d322 @A: 13 14 18 24 | 10
#0778-d322 @A: 14 31 03 25 | 04
#0779-d322 @A: 03 14 22 12 | 02
#0780-d322 @A: 14 27 22 29 | 03
#0781-d322 @A: 35 28 17 14 | 07
#0782-d322 @A: 22 14 33 23 | 12
#0783-d322 @A: 04 20 14 12 | 06
#0784-d322 @A: 01 09 34 18 | 01
#0785-d322 @A: 03 34 06 11 | 08
#0786-d322 @A: 01 35 10 34 | 09
#0787-d322 @A: 34 31 23 25 | 05
#0788-d322 @A: 01 09 30 06 | 11
#0789-d322 @A: 20 35 29 09 | 10
#0790-d322 @A: 09 29 33 25 | 04
#0791-d322 @A: 09 01 33 11 | 02
#0792-d322 @A: 27 02 11 24 | 03
#0793-d322 @A: 06 30 03 29 | 07
#0794-d322 @A: 30 03 33 17 | 12
#0795-d322 @A: 07 30 01 35 | 06
#0796-d322 @A: 35 19 30 31 | 01
#0797-d322 @A: 01 18 30 25 | 08
#0798-d322 @A: 20 30 04 01 | 09
#0799-d322 @A: 03 29 31 13 | 05
#0800-d322 @A: 13 17 02 33 | 11
#0801-d322 @A: 23 25 13 11 | 10
#0802-d322 @A: 33 22 31 13 | 04
#0803-d322 @A: 19 33 03 10 | 02
#0804-d322 @A: 25 35 07 03 | 03
#0805-d322 @A: 31 28 35 03 | 07
#0806-d322 @A: 23 02 06 27 | 12
#0807-d322 @A: 27 07 10 31 | 06
#0808-d322 @A: 22 35 27 07 | 01
#0809-d322 @A: 27 01 19 31 | 08
#0810-d322 @A: 04 18 25 27 | 09
#0811-d322 @A: 35 28 10 02 | 05
#0812-d322 @A: 02 28 20 31 | 11
#0813-d322 @A: 02 28 04 18 | 10
#0814-d322 @A: 17 04 28 06 | 04
#0815-d322 @A: 29 22 06 07 | 02
#0816-d322 @A: 06 23 28 29 | 03
#0817-d322 @A: 11 22 06 04 | 07
#0818-d322 @A: 28 19 01 06 | 12
#0819-d322 @A: 33 31 17 19 | 06
#0820-d322 @A: 23 04 11 28 | 01
#0821-d322 @A: 31 01 19 11 | 08
#0822-d322 @A: 04 15 32 16 | 09
#0823-d322 @A: 35 14 16 32 | 05
#0824-d322 @A: 13 01 16 32 | 11
#0825-d322 @A: 08 16 21 07 | 10
#0826-d322 @A: 01 21 17 16 | 04
#0827-d322 @A: 20 16 08 24 | 02
#0828-d322 @A: 05 12 15 16 | 03
#0829-d322 @A: 11 15 16 13 | 07
#0830-d322 @A: 07 05 16 09 | 12
#0831-d322 @A: 24 16 03 25 | 06
#0832-d322 @A: 02 31 16 13 | 01
#0833-d322 @A: 13 17 28 16 | 08
#0834-d322 @A: 03 06 20 16 | 09
#0835-d322 @A: 20 11 16 02 | 05
#0836-d322 @A: 16 10 29 12 | 11
#0837-d322 @A: 10 35 16 33 | 10
#0838-d322 @A: 33 16 23 07 | 04
#0839-d322 @A: 25 16 31 04 | 02
#0840-d322 @A: 32 21 04 24 | 03
#0841-d322 @A: 32 20 21 02 | 07
#0842-d322 @A: 08 06 32 01 | 12
#0843-d322 @A: 32 05 31 01 | 06
#0844-d322 @A: 32 14 20 26 | 01
#0845-d322 @A: 02 32 26 24 | 08
#0846-d322 @A: 03 32 14 33 | 09
#0847-d322 @A: 34 32 17 10 | 05
#0848-d322 @A: 32 09 31 18 | 11
#0849-d322 @A: 32 28 19 09 | 10
#0850-d322 @A: 13 03 07 32 | 04
#0851-d322 @A: 31 13 32 27 | 02
#0852-d322 @A: 32 12 02 13 | 03
#0853-d322 @A: 02 29 27 32 | 07
#0854-d322 @A: 25 32 11 02 | 12
#0855-d322 @A: 32 04 22 10 | 06
#0856-d322 @A: 07 04 32 01 | 01
#0857-d322 @A: 20 32 01 35 | 08
#0858-d322 @A: 26 21 04 08 | 09
#0859-d322 @A: 11 08 21 09 | 05
#0860-d322 @A: 06 08 17 21 | 11
#0861-d322 @A: 05 21 26 23 | 10
#0862-d322 @A: 20 26 21 06 | 04
#0863-d322 @A: 07 11 26 21 | 02
#0864-d322 @A: 09 33 14 21 | 03
#0865-d322 @A: 34 21 12 09 | 07
#0866-d322 @A: 21 27 07 30 | 12
#0867-d322 @A: 21 30 10 01 | 06
#0868-d322 @A: 13 28 27 21 | 01
#0869-d322 @A: 03 02 21 31 | 08
#0870-d322 @A: 04 21 17 27 | 09
#0871-d322 @A: 21 07 02 17 | 05
#0872-d322 @A: 23 21 33 17 | 11
#0873-d322 @A: 21 28 04 01 | 10
#0874-d322 @A: 08 27 31 15 | 04
#0875-d322 @A: 14 01 08 05 | 02
#0876-d322 @A: 12 26 27 08 | 03
#0877-d322 @A: 08 02 11 26 | 07
#0878-d322 @A: 24 08 14 22 | 12
#0879-d322 @A: 24 08 11 14 | 06
#0880-d322 @A: 01 34 08 11 | 01
#0881-d322 @A: 24 03 08 01 | 08
#0882-d322 @A: 24 19 08 27 | 09
#0883-d322 @A: 31 08 11 30 | 05
#0884-d322 @A: 08 06 23 03 | 11
#0885-d322 @A: 25 18 08 33 | 10
#0886-d322 @A: 30 26 15 22 | 04
#0887-d322 @A: 24 14 15 19 | 02
#0888-d322 @A: 34 12 24 15 | 03
#0889-d322 @A: 29 15 10 09 | 07
#0890-d322 @A: 09 18 15 25 | 12
#0891-d322 @A: 24 13 15 04 | 06
#0892-d322 @A: 33 03 24 15 | 01
#0893-d322 @A: 15 18 06 30 | 08
#0894-d322 @A: 19 13 15 23 | 09
#0895-d322 @A: 18 03 20 15 | 05
#0896-d322 @A: 27 06 19 15 | 11
#0897-d322 @A: 15 27 20 29 | 10
#0898-d322 @A: 15 17 22 01 | 04
#0899-d322 @A: 35 07 11 15 | 02
#0900-d322 @A: 05 26 34 29 | 03
#0901-d322 @A: 13 25 05 26 | 07
#0902-d322 @A: 18 05 13 09 | 12
#0903-d322 @A: 31 24 11 05 | 06
#0904-d322 @A: 30 05 06 33 | 01
#0905-d322 @A: 22 05 13 03 | 08
#0906-d322 @A: 05 23 13 06 | 09
#0907-d322 @A: 05 33 02 31 | 05
#0908-d322 @A: 04 05 33 12 | 11
#0909-d322 @A: 26 27 04 14 | 10
#0910-d322 @A: 01 09 26 03 | 04
#0911-d322 @A: 27 30 29 26 | 02
#0912-d322 @A: 26 13 27 07 | 03
#0913-d322 @A: 29 12 26 17 | 07
#0914-d322 @A: 12 28 26 31 | 12
#0915-d322 @A: 26 12 01 35 | 06
#0916-d322 @A: 14 18 06 34 | 01
#0917-d322 @A: 03 04 14 11 | 08
#0918-d322 @A: 14 17 02 20 | 09
#0919-d322 @A: 10 01 14 25 | 05
#0920-d322 @A: 18 14 28 10 | 11
#0921-d322 @A: 04 09 34 13 | 10
#0922-d322 @A: 09 34 07 17 | 04
#0923-d322 @A: 24 06 34 35 | 02
#0924-d322 @A: 22 24 34 23 | 03
#0925-d322 @A: 34 31 24 01 | 07
#0926-d322 @A: 29 25 34 06 | 12
#0927-d322 @A: 29 34 20 10 | 06
#0928-d322 @A: 07 04 34 35 | 01
#0929-d322 @A: 22 12 34 28 | 08
#0930-d322 @A: 34 12 01 20 | 09
#0931-d322 @A: 35 33 34 25 | 05
#0932-d322 @A: 30 09 24 18 | 11
#0933-d322 @A: 09 03 33 27 | 10
#0934-d322 @A: 17 09 20 27 | 04
#0935-d322 @A: 09 01 31 22 | 02
#0936-d322 @A: 35 25 31 09 | 03
#0937-d322 @A: 24 30 01 17 | 07
#0938-d322 @A: 04 17 02 24 | 12
#0939-d322 @A: 24 10 23 35 | 06
#0940-d322 @A: 29 24 07 12 | 01
#0941-d322 @A: 24 29 22 11 | 08
#0942-d322 @A: 02 04 22 30 | 09
#0943-d322 @A: 12 30 10 07 | 05
#0944-d322 @A: 30 11 10 18 | 11
#0945-d322 @A: 30 29 31 01 | 10
#0946-d322 @A: 25 30 35 12 | 04
#0947-d322 @A: 18 04 33 30 | 02
#0948-d322 @A: 20 03 35 02 | 03
#0949-d322 @A: 22 07 10 03 | 07
#0950-d322 @A: 33 03 35 04 | 12
#0951-d322 @A: 28 06 35 27 | 06
#0952-d322 @A: 25 27 28 10 | 01
#0953-d322 @A: 20 35 27 23 | 08
#0954-d322 @A: 29 25 31 27 | 09
#0955-d322 @A: 22 18 19 27 | 05
#0956-d322 @A: 11 27 19 29 | 11
#0957-d322 @A: 02 18 19 06 | 10
#0958-d322 @A: 31 02 10 01 | 04
#0959-d322 @A: 23 02 29 31 | 02
#0960-d322 @A: 18 22 31 02 | 03
#0961-d322 @A: 19 25 02 31 | 07
#0962-d322 @A: 04 06 07 25 | 12
#0963-d322 @A: 12 18 06 22 | 06
#0964-d322 @A: 06 19 11 20 | 01
#0965-d322 @A: 17 29 10 23 | 08
#0966-d322 @A: 17 35 29 07 | 09
#0967-d322 @A: 25 12 17 28 | 05
#0968-d322 @A: 28 33 17 18 | 11
#0969-d322 @A: 22 01 20 11 | 10
#0970-d322 @A: 32 08 12 16 | 04
#0971-d322 @A: 09 18 08 16 | 02
#0972-d322 @A: 16 05 10 30 | 03
#0973-d322 @A: 26 23 35 16 | 07
#0974-d322 @A: 34 30 16 02 | 12
#0975-d322 @A: 10 16 34 25 | 06
#0976-d322 @A: 03 09 16 28 | 01
#0977-d322 @A: 04 06 09 16 | 08
#0978-d322 @A: 16 17 12 09 | 09
#0979-d322 @A: 25 17 30 16 | 05
#0980-d322 @A: 18 06 16 10 | 11
#0981-d322 @A: 10 23 31 16 | 10
#0982-d322 @A: 01 11 16 23 | 04
#0983-d322 @A: 33 31 16 11 | 02
#0984-d322 @A: 32 14 02 08 | 03
#0985-d322 @A: 34 32 15 01 | 07
#0986-d322 @A: 22 24 32 15 | 12
#0987-d322 @A: 06 15 32 35 | 06
#0988-d322 @A: 17 05 32 23 | 01
#0989-d322 @A: 32 35 22 05 | 08
#0990-d322 @A: 32 28 33 05 | 09
#0991-d322 @A: 27 32 34 35 | 05
#0992-d322 @A: 03 32 30 12 | 11
#0993-d322 @A: 18 32 30 02 | 10
#0994-d322 @A: 32 30 04 35 | 04
#0995-d322 @A: 13 06 32 33 | 02
#0996-d322 @A: 32 27 22 17 | 03
#0997-d322 @A: 17 02 32 01 | 07
#0998-d322 @A: 32 31 10 28 | 12
#0999-d322 @A: 12 32 10 20 | 06
#1000-d322 @A: 28 18 12 32 | 01
#1001-d322 @A: 28 32 04 20 | 08
#1002-d322 @A: 03 21 08 15 | 09
#1003-d322 @A: 02 12 21 05 | 05
#1004-d322 @A: 26 21 22 17 | 11
#1005-d322 @A: 18 21 26 28 | 10
#1006-d322 @A: 34 28 21 14 | 04
#1007-d322 @A: 34 11 21 27 | 02
#1008-d322 @A: 24 27 21 33 | 03
#1009-d322 @A: 06 07 21 13 | 07
#1010-d322 @A: 21 27 22 20 | 12
#1011-d322 @A: 35 07 21 18 | 06
#1012-d322 @A: 01 23 21 22 | 01
#1013-d322 @A: 23 35 28 21 | 08
#1014-d322 @A: 31 21 33 04 | 09
#1015-d322 @A: 18 08 34 05 | 05
#1016-d322 @A: 03 08 12 05 | 11
#1017-d322 @A: 08 05 27 23 | 10
#1018-d322 @A: 18 24 26 08 | 04
#1019-d322 @A: 30 28 08 26 | 02
#1020-d322 @A: 19 08 14 17 | 03
#1021-d322 @A: 09 08 22 06 | 07
#1022-d322 @A: 24 29 04 08 | 12
#1023-d322 @A: 35 08 12 10 | 06
#1024-d322 @A: 11 31 08 07 | 01
#1025-d322 @A: 08 19 20 35 | 08
#1026-d322 @A: 28 20 18 08 | 09
#1027-d322 @A: 24 01 15 26 | 05
#1028-d322 @A: 06 04 26 15 | 11
#1029-d322 @A: 15 10 26 17 | 10
#1030-d322 @A: 29 15 14 02 | 04
#1031-d322 @A: 15 02 09 31 | 02
#1032-d322 @A: 15 03 27 22 | 03
#1033-d322 @A: 10 03 06 15 | 07
#1034-d322 @A: 05 06 01 34 | 12
#1035-d322 @A: 09 24 05 22 | 06
#1036-d322 @A: 13 05 24 01 | 01
#1037-d322 @A: 18 06 24 05 | 08
#1038-d322 @A: 05 17 03 19 | 09
#1039-d322 @A: 05 07 18 20 | 05
#1040-d322 @A: 23 05 18 31 | 11
#1041-d322 @A: 29 04 28 05 | 10
#1042-d322 @A: 05 12 19 11 | 04
#1043-d322 @A: 35 20 33 05 | 02
#1044-d322 @A: 11 05 33 20 | 03
#1045-d322 @A: 24 26 25 34 | 07
#1046-d322 @A: 27 34 10 26 | 12
#1047-d322 @A: 26 34 31 35 | 06
#1048-d322 @A: 02 30 12 26 | 01
#1049-d322 @A: 26 17 11 27 | 08
#1050-d322 @A: 27 18 01 26 | 09
#1051-d322 @A: 20 07 10 26 | 05
#1052-d322 @A: 04 19 28 26 | 11
#1053-d322 @A: 14 19 34 27 | 10
#1054-d322 @A: 34 17 04 14 | 04
#1055-d322 @A: 14 12 09 31 | 02
#1056-d322 @A: 23 14 30 03 | 03
#1057-d322 @A: 12 17 30 14 | 07
#1058-d322 @A: 13 14 07 25 | 12
#1059-d322 @A: 12 27 14 06 | 06
#1060-d322 @A: 02 31 06 14 | 01
#1061-d322 @A: 35 14 06 33 | 08
#1062-d322 @A: 07 12 14 33 | 09
#1063-d322 @A: 14 35 18 29 | 05
#1064-d322 @A: 28 14 33 01 | 11
#1065-d322 @A: 03 24 09 34 | 10
#1066-d322 @A: 17 28 34 24 | 04
#1067-d322 @A: 17 34 30 22 | 02
#1068-d322 @A: 22 13 02 34 | 03
#1069-d322 @A: 10 18 07 34 | 07
#1070-d322 @A: 24 28 06 09 | 12
#1071-d322 @A: 31 09 07 13 | 06
#1072-d322 @A: 11 17 28 09 | 01
#1073-d322 @A: 07 23 09 10 | 08
#1074-d322 @A: 25 09 10 22 | 09
#1075-d322 @A: 20 09 19 23 | 05
#1076-d322 @A: 09 01 28 35 | 11
#1077-d322 @A: 24 02 20 13 | 10
#1078-d322 @A: 22 27 24 02 | 04
#1079-d322 @A: 24 27 06 01 | 02
#1080-d322 @A: 35 02 24 07 | 03
#1081-d322 @A: 19 06 20 24 | 07
#1082-d322 @A: 28 01 07 24 | 12
#1083-d322 @A: 25 24 23 18 | 06
#1084-d322 @A: 01 24 33 12 | 01
#1085-d322 @A: 04 24 01 18 | 08
#1086-d322 @A: 30 13 06 31 | 09
#1087-d322 @A: 10 31 30 03 | 05
#1088-d322 @A: 28 04 07 30 | 11
#1089-d322 @A: 01 11 30 18 | 10
#1090-d322 @A: 11 27 13 07 | 04
#1091-d322 @A: 13 31 06 11 | 02
#1092-d322 @A: 10 29 13 33 | 03
#1093-d322 @A: 13 28 23 04 | 07
#1094-d322 @A: 22 28 03 33 | 12
#1095-d322 @A: 11 03 29 01 | 06
#1096-d322 @A: 27 17 28 31 | 01
#1097-d322 @A: 04 10 29 27 | 08
#1098-d322 @A: 27 28 22 01 | 09
#1099-d322 @A: 12 04 27 19 | 05
#1100-d322 @A: 27 33 01 35 | 11
#1101-d322 @A: 19 10 29 02 | 10
#1102-d322 @A: 02 20 33 10 | 04
#1103-d322 @A: 02 28 11 31 | 02
#1104-d322 @A: 02 35 29 04 | 03
#1105-d322 @A: 06 17 23 31 | 07
#1106-d322 @A: 06 10 11 07 | 12
#1107-d322 @A: 12 06 10 31 | 06
#1108-d322 @A: 06 23 20 12 | 01
#1109-d322 @A: 12 01 25 06 | 08
#1110-d322 @A: 22 10 20 17 | 09
#1111-d322 @A: 23 18 17 07 | 05
#1112-d322 @A: 19 17 07 01 | 11
#1113-d322 @A: 23 17 25 01 | 10
#1114-d322 @A: 17 28 23 20 | 04
#1115-d322 @A: 31 29 20 17 | 02
#1116-d322 @A: 12 04 17 18 | 03
#1117-d322 @A: 11 28 07 20 | 07
#1118-d322 @A: 11 31 35 25 | 12
#1119-d322 @A: 25 11 04 33 | 06
#1120-d322 @A: 16 07 32 26 | 01
#1121-d322 @A: 16 21 05 31 | 08
#1122-d322 @A: 21 16 22 09 | 09
#1123-d322 @A: 27 21 10 16 | 05
#1124-d322 @A: 02 29 21 16 | 11
#1125-d322 @A: 35 20 21 16 | 10
#1126-d322 @A: 25 08 26 16 | 04
#1127-d322 @A: 02 16 08 01 | 02
#1128-d322 @A: 16 34 18 15 | 03
#1129-d322 @A: 16 26 30 11 | 07
#1130-d322 @A: 16 02 14 25 | 12
#1131-d322 @A: 02 07 16 27 | 06
#1132-d322 @A: 18 16 07 25 | 01
#1133-d322 @A: 12 19 25 16 | 08
#1134-d322 @A: 01 16 25 35 | 09
#1135-d322 @A: 32 26 11 20 | 05
#1136-d322 @A: 06 23 14 32 | 11
#1137-d322 @A: 06 32 20 34 | 10
#1138-d322 @A: 18 32 34 04 | 04
#1139-d322 @A: 04 09 11 32 | 02
#1140-d322 @A: 32 23 11 24 | 03
#1141-d322 @A: 32 07 30 20 | 07
#1142-d322 @A: 28 01 32 30 | 12
#1143-d322 @A: 31 03 32 11 | 06
#1144-d322 @A: 25 32 23 27 | 01
#1145-d322 @A: 35 02 31 32 | 08
#1146-d322 @A: 32 12 07 17 | 09
#1147-d322 @A: 32 31 23 07 | 05
#1148-d322 @A: 07 32 25 29 | 11
#1149-d322 @A: 28 07 32 35 | 10
#1150-d322 @A: 05 21 08 33 | 04
#1151-d322 @A: 08 27 09 21 | 02
#1152-d322 @A: 15 21 34 29 | 03
#1153-d322 @A: 10 05 21 17 | 07
#1154-d322 @A: 21 35 26 27 | 12
#1155-d322 @A: 03 21 24 19 | 06
#1156-d322 @A: 18 30 22 21 | 01
#1157-d322 @A: 12 13 21 17 | 08
#1158-d322 @A: 17 21 20 03 | 09
#1159-d322 @A: 03 11 21 17 | 05
#1160-d322 @A: 27 29 01 21 | 11
#1161-d322 @A: 06 21 11 17 | 10
#1162-d322 @A: 12 01 21 07 | 04
#1163-d322 @A: 21 22 28 31 | 02
#1164-d322 @A: 11 12 21 31 | 03
#1165-d322 @A: 21 35 25 29 | 07
#1166-d322 @A: 15 10 24 08 | 12
#1167-d322 @A: 15 08 20 04 | 06
#1168-d322 @A: 19 08 05 02 | 01
#1169-d322 @A: 35 13 26 08 | 08
#1170-d322 @A: 01 08 26 17 | 09
#1171-d322 @A: 06 20 08 14 | 05
#1172-d322 @A: 10 08 14 29 | 11
#1173-d322 @A: 17 08 35 34 | 10
#1174-d322 @A: 03 08 09 31 | 04
#1175-d322 @A: 08 13 27 03 | 02
#1176-d322 @A: 08 18 13 06 | 03
#1177-d322 @A: 25 17 02 08 | 07
#1178-d322 @A: 22 17 08 31 | 12
#1179-d322 @A: 01 08 18 10 | 06
#1180-d322 @A: 25 23 08 07 | 01
#1181-d322 @A: 11 04 08 35 | 08
#1182-d322 @A: 06 15 28 34 | 09
#1183-d322 @A: 24 15 29 06 | 05
#1184-d322 @A: 15 17 23 24 | 11
#1185-d322 @A: 29 23 15 30 | 10
#1186-d322 @A: 15 25 27 07 | 04
#1187-d322 @A: 23 25 15 02 | 02
#1188-d322 @A: 17 11 22 15 | 03
#1189-d322 @A: 29 15 04 31 | 07
#1190-d322 @A: 01 12 15 29 | 12
#1191-d322 @A: 05 26 14 07 | 06
#1192-d322 @A: 05 30 24 26 | 01
#1193-d322 @A: 05 26 03 33 | 08
#1194-d322 @A: 01 05 20 26 | 09
#1195-d322 @A: 05 14 24 35 | 05
#1196-d322 @A: 05 10 14 06 | 11
#1197-d322 @A: 28 34 11 05 | 10
#1198-d322 @A: 30 12 09 05 | 04
#1199-d322 @A: 09 03 05 35 | 02
#1200-d322 @A: 24 05 04 27 | 03
#1201-d322 @A: 30 05 23 01 | 07
#1202-d322 @A: 05 02 35 27 | 12
#1203-d322 @A: 10 05 19 18 | 06
#1204-d322 @A: 31 28 05 25 | 01
#1205-d322 @A: 26 13 09 11 | 08
#1206-d322 @A: 24 17 26 06 | 09
#1207-d322 @A: 23 26 28 24 | 05
#1208-d322 @A: 27 03 26 23 | 11
#1209-d322 @A: 26 02 28 03 | 10
#1210-d322 @A: 26 23 12 04 | 04
#1211-d322 @A: 14 30 35 34 | 02
#1212-d322 @A: 34 13 33 14 | 03
#1213-d322 @A: 25 14 11 27 | 07
#1214-d322 @A: 14 04 11 17 | 12
#1215-d322 @A: 31 14 33 10 | 06
#1216-d322 @A: 29 14 07 31 | 01
#1217-d322 @A: 14 25 29 23 | 08
#1218-d322 @A: 14 12 19 35 | 09
#1219-d322 @A: 19 18 33 14 | 05
#1220-d322 @A: 19 34 11 09 | 11
#1221-d322 @A: 30 01 34 13 | 10
#1222-d322 @A: 30 34 03 07 | 04
#1223-d322 @A: 34 30 06 04 | 02
#1224-d322 @A: 33 06 34 03 | 03
#1225-d322 @A: 07 34 25 12 | 07
#1226-d322 @A: 29 09 24 02 | 12
#1227-d322 @A: 13 29 28 09 | 06
#1228-d322 @A: 09 03 29 17 | 01
#1229-d322 @A: 23 06 33 09 | 08
#1230-d322 @A: 10 12 09 11 | 09
#1231-d322 @A: 35 07 12 09 | 05
#1232-d322 @A: 31 33 28 09 | 11
#1233-d322 @A: 35 18 19 09 | 10
#1234-d322 @A: 24 27 30 28 | 04
#1235-d322 @A: 24 28 03 13 | 02
#1236-d322 @A: 02 24 12 03 | 03
#1237-d322 @A: 19 24 23 04 | 07
#1238-d322 @A: 20 24 31 35 | 12
#1239-d322 @A: 12 35 22 24 | 06
#1240-d322 @A: 24 25 04 22 | 01
#1241-d322 @A: 06 28 30 02 | 08
#1242-d322 @A: 30 19 10 28 | 09
#1243-d322 @A: 20 22 30 33 | 05
#1244-d322 @A: 04 19 30 29 | 11
#1245-d322 @A: 19 35 11 30 | 10
#1246-d322 @A: 04 13 01 17 | 04
#1247-d322 @A: 31 25 13 12 | 02
#1248-d322 @A: 13 04 22 35 | 03
#1249-d322 @A: 35 13 19 29 | 07
#1250-d322 @A: 07 03 20 28 | 12
#1251-d322 @A: 12 03 29 33 | 06
#1252-d322 @A: 12 02 27 17 | 01
#1253-d322 @A: 27 23 33 28 | 08
#1254-d322 @A: 07 22 02 01 | 09
#1255-d322 @A: 12 02 07 18 | 05
#1256-d322 @A: 06 31 25 33 | 11
#1257-d322 @A: 04 12 35 06 | 10
#1258-d322 @A: 28 01 10 17 | 04
#1259-d322 @A: 07 28 17 22 | 02
#1260-d322 @A: 01 17 12 31 | 03
#1261-d322 @A: 23 19 16 32 | 07
#1262-d322 @A: 14 26 16 21 | 12
#1263-d322 @A: 16 05 08 22 | 06
#1264-d322 @A: 08 17 29 16 | 01
#1265-d322 @A: 16 05 24 29 | 08
#1266-d322 @A: 03 29 26 16 | 09
#1267-d322 @A: 06 01 16 26 | 05
#1268-d322 @A: 16 26 22 28 | 11
#1269-d322 @A: 11 22 16 14 | 10
#1270-d322 @A: 11 17 24 16 | 04
#1271-d322 @A: 16 30 13 19 | 02
#1272-d322 @A: 18 16 03 27 | 03
#1273-d322 @A: 28 16 07 31 | 07
#1274-d322 @A: 07 16 12 20 | 12
#1275-d322 @A: 28 20 01 16 | 06
#1276-d322 @A: 32 01 21 26 | 01
#1277-d322 @A: 11 33 21 32 | 08
#1278-d322 @A: 13 18 15 32 | 09
#1279-d322 @A: 32 23 03 15 | 05
#1280-d322 @A: 15 18 11 32 | 11
#1281-d322 @A: 11 32 12 34 | 10
#1282-d322 @A: 11 28 27 32 | 04
#1283-d322 @A: 02 22 06 32 | 02
#1284-d322 @A: 28 02 32 23 | 03
#1285-d322 @A: 21 24 08 28 | 07
#1286-d322 @A: 02 22 21 08 | 12
#1287-d322 @A: 08 29 21 19 | 06
#1288-d322 @A: 21 06 15 33 | 01
#1289-d322 @A: 15 35 12 21 | 08
#1290-d322 @A: 21 05 06 28 | 09
#1291-d322 @A: 21 23 09 03 | 05
#1292-d322 @A: 19 09 17 21 | 11
#1293-d322 @A: 09 20 01 21 | 10
#1294-d322 @A: 24 21 25 06 | 04
#1295-d322 @A: 24 35 21 17 | 02
#1296-d322 @A: 21 06 35 30 | 03
#1297-d322 @A: 07 31 21 25 | 07
#1298-d322 @A: 08 04 10 05 | 12
#1299-d322 @A: 08 03 34 25 | 06
#1300-d322 @A: 06 08 07 24 | 01
#1301-d322 @A: 33 24 17 08 | 08
#1302-d322 @A: 18 06 08 11 | 09
#1303-d322 @A: 07 12 08 22 | 05
#1304-d322 @A: 28 08 12 01 | 11
#1305-d322 @A: 14 12 26 15 | 10
#1306-d322 @A: 15 02 24 28 | 04
#1307-d322 @A: 07 15 03 17 | 02
#1308-d322 @A: 29 28 15 07 | 03
#1309-d322 @A: 07 01 15 18 | 07
#1310-d322 @A: 31 25 15 20 | 12
#1311-d322 @A: 30 05 14 19 | 06
#1312-d322 @A: 02 28 14 05 | 01
#1313-d322 @A: 14 17 22 05 | 08
#1314-d322 @A: 25 34 05 30 | 09
#1315-d322 @A: 34 05 31 17 | 05
#1316-d322 @A: 10 05 09 31 | 11
#1317-d322 @A: 11 29 17 05 | 10
#1318-d322 @A: 19 23 05 28 | 04
#1319-d322 @A: 18 05 25 12 | 02
#1320-d322 @A: 25 05 04 01 | 03
#1321-d322 @A: 05 28 18 01 | 07
#1322-d322 @A: 33 14 26 24 | 12
#1323-d322 @A: 19 26 03 14 | 06
#1324-d322 @A: 02 26 14 35 | 01
#1325-d322 @A: 10 26 22 14 | 08
#1326-d322 @A: 20 09 26 34 | 09
#1327-d322 @A: 34 26 06 23 | 05
#1328-d322 @A: 26 13 22 24 | 11
#1329-d322 @A: 30 23 10 26 | 10
#1330-d322 @A: 26 06 13 28 | 04
#1331-d322 @A: 26 17 20 13 | 02
#1332-d322 @A: 11 18 26 03 | 03
#1333-d322 @A: 26 22 23 18 | 07
#1334-d322 @A: 26 29 23 20 | 12
#1335-d322 @A: 01 26 22 29 | 06
#1336-d322 @A: 33 01 26 19 | 01
#1337-d322 @A: 17 14 18 09 | 08
#1338-d322 @A: 30 14 06 22 | 09
#1339-d322 @A: 14 27 02 33 | 05
#1340-d322 @A: 27 18 23 14 | 11
#1341-d322 @A: 14 04 23 35 | 10
#1342-d322 @A: 34 27 24 18 | 04
#1343-d322 @A: 34 20 11 24 | 02
#1344-d322 @A: 34 27 13 20 | 03
#1345-d322 @A: 33 11 34 17 | 07
#1346-d322 @A: 34 12 19 10 | 12
#1347-d322 @A: 23 34 07 11 | 06
#1348-d322 @A: 29 34 33 07 | 01
#1349-d322 @A: 28 34 35 19 | 08
#1350-d322 @A: 06 24 11 09 | 09
#1351-d322 @A: 30 09 11 27 | 05
#1352-d322 @A: 09 17 13 22 | 11
#1353-d322 @A: 25 09 06 27 | 10
#1354-d322 @A: 19 22 09 07 | 04
#1355-d322 @A: 20 33 09 07 | 02
#1356-d322 @A: 23 31 09 04 | 03
#1357-d322 @A: 09 29 18 22 | 07
#1358-d322 @A: 24 03 30 04 | 12
#1359-d322 @A: 13 29 24 23 | 06
#1360-d322 @A: 24 25 13 33 | 01
#1361-d322 @A: 23 27 24 07 | 08
#1362-d322 @A: 24 07 10 19 | 09
#1363-d322 @A: 22 24 31 10 | 05
#1364-d322 @A: 29 31 24 33 | 11
#1365-d322 @A: 01 35 24 19 | 10
#1366-d322 @A: 35 27 30 03 | 04
#1367-d322 @A: 29 07 18 30 | 02
#1368-d322 @A: 23 31 30 20 | 03
#1369-d322 @A: 19 33 23 30 | 07
#1370-d322 @A: 20 30 29 12 | 12
#1371-d322 @A: 17 13 03 25 | 06
#1372-d322 @A: 13 04 06 27 | 01
#1373-d322 @A: 13 01 10 07 | 08
#1374-d322 @A: 10 13 22 28 | 09
#1375-d322 @A: 35 23 31 13 | 05
#1376-d322 @A: 22 13 25 23 | 11
#1377-d322 @A: 31 28 13 01 | 10
#1378-d322 @A: 13 18 29 01 | 04
#1379-d322 @A: 17 02 03 22 | 02
#1380-d322 @A: 03 06 04 01 | 03
#1381-d322 @A: 03 18 23 10 | 07
#1382-d322 @A: 10 03 04 25 | 12
#1383-d322 @A: 31 18 12 03 | 06
#1384-d322 @A: 28 11 03 25 | 01
#1385-d322 @A: 07 27 20 04 | 08
#1386-d322 @A: 23 04 27 01 | 09
#1387-d322 @A: 28 29 18 27 | 05
#1388-d322 @A: 07 33 28 02 | 11
#1389-d322 @A: 01 02 23 20 | 10
#1390-d322 @A: 02 12 31 04 | 04
#1391-d322 @A: 25 12 02 29 | 02
#1392-d322 @A: 11 12 04 02 | 03
#1393-d322 @A: 33 35 19 02 | 07
#1394-d322 @A: 02 18 25 20 | 12
#1395-d322 @A: 22 06 28 25 | 06
#1396-d322 @A: 25 06 12 11 | 01
#1397-d322 @A: 17 18 22 35 | 08
#1398-d322 @A: 33 10 28 11 | 09
#1399-d322 @A: 32 09 25 16 | 05
#1400-d322 @A: 16 20 32 27 | 11
#1401-d322 @A: 35 13 16 05 | 10
#1402-d322 @A: 26 24 10 16 | 04
#1403-d322 @A: 13 18 26 16 | 02
#1404-d322 @A: 27 16 01 14 | 03
#1405-d322 @A: 16 35 11 34 | 07
#1406-d322 @A: 16 31 11 09 | 12
#1407-d322 @A: 16 01 23 24 | 06
#1408-d322 @A: 16 35 24 04 | 01
#1409-d322 @A: 07 16 06 30 | 08
#1410-d322 @A: 35 03 16 17 | 09
#1411-d322 @A: 18 35 16 28 | 05
#1412-d322 @A: 03 32 21 29 | 11
#1413-d322 @A: 22 08 32 30 | 10
#1414-d322 @A: 29 26 32 15 | 04
#1415-d322 @A: 09 27 05 32 | 02
#1416-d322 @A: 05 32 04 06 | 03
#1417-d322 @A: 11 32 05 06 | 07
#1418-d322 @A: 32 24 07 34 | 12
#1419-d322 @A: 03 32 28 34 | 06
#1420-d322 @A: 13 35 32 11 | 01
#1421-d322 @A: 07 06 32 10 | 08
#1422-d322 @A: 18 32 10 25 | 09
#1423-d322 @A: 01 32 10 19 | 05
#1424-d322 @A: 19 32 07 18 | 11
#1425-d322 @A: 32 11 19 22 | 10
#1426-d322 @A: 32 04 12 25 | 04
#1427-d322 @A: 21 15 24 18 | 02
#1428-d322 @A: 15 04 21 02 | 03
#1429-d322 @A: 05 14 04 21 | 07
#1430-d322 @A: 27 21 03 14 | 12
#1431-d322 @A: 34 21 01 03 | 06
#1432-d322 @A: 21 34 33 02 | 01
#1433-d322 @A: 21 13 04 03 | 08
#1434-d322 @A: 20 23 21 07 | 09
#1435-d322 @A: 21 19 23 18 | 05
#1436-d322 @A: 01 21 31 35 | 11
#1437-d322 @A: 25 21 01 19 | 10
#1438-d322 @A: 30 15 08 01 | 04
#1439-d322 @A: 25 24 08 05 | 02
#1440-d322 @A: 08 30 07 05 | 03
#1441-d322 @A: 26 08 22 03 | 07
#1442-d322 @A: 02 26 08 07 | 12
#1443-d322 @A: 07 18 14 08 | 06
#1444-d322 @A: 09 08 33 13 | 01
#1445-d322 @A: 04 08 09 25 | 08
#1446-d322 @A: 08 30 23 13 | 09
#1447-d322 @A: 18 08 30 27 | 05
#1448-d322 @A: 13 08 12 20 | 11
#1449-d322 @A: 10 19 08 22 | 10
#1450-d322 @A: 08 31 01 04 | 04
#1451-d322 @A: 08 28 29 25 | 02
#1452-d322 @A: 19 28 08 11 | 03
#1453-d322 @A: 15 25 05 14 | 07
#1454-d322 @A: 15 14 17 33 | 12
#1455-d322 @A: 34 15 35 09 | 06
#1456-d322 @A: 30 15 34 10 | 01
#1457-d322 @A: 15 06 17 09 | 08
#1458-d322 @A: 35 13 15 30 | 09
#1459-d322 @A: 25 12 03 15 | 05
#1460-d322 @A: 25 10 33 15 | 11
#1461-d322 @A: 07 31 15 12 | 10
#1462-d322 @A: 15 28 11 29 | 04
#1463-d322 @A: 15 12 20 33 | 02
#1464-d322 @A: 05 30 18 03 | 03
#1465-d322 @A: 20 02 30 05 | 07
#1466-d322 @A: 17 07 13 05 | 12
#1467-d322 @A: 05 02 23 22 | 06
#1468-d322 @A: 10 05 23 12 | 01
#1469-d322 @A: 05 20 12 31 | 08
#1470-d322 @A: 01 35 29 05 | 09
#1471-d322 @A: 19 05 20 29 | 05
#1472-d322 @A: 14 29 13 26 | 11
#1473-d322 @A: 25 14 26 06 | 10
#1474-d322 @A: 26 07 03 24 | 04
#1475-d322 @A: 31 26 04 24 | 02
#1476-d322 @A: 25 02 04 26 | 03
#1477-d322 @A: 10 18 26 12 | 07
#1478-d322 @A: 01 10 26 04 | 12
#1479-d322 @A: 07 23 01 26 | 06
#1480-d322 @A: 29 26 19 07 | 01
#1481-d322 @A: 31 11 29 26 | 08
#1482-d322 @A: 26 18 29 25 | 09
#1483-d322 @A: 27 35 14 09 | 05
#1484-d322 @A: 04 06 24 14 | 11
#1485-d322 @A: 19 02 14 13 | 10
#1486-d322 @A: 06 14 11 13 | 04
#1487-d322 @A: 33 11 14 23 | 02
#1488-d322 @A: 14 29 11 18 | 03
#1489-d322 @A: 35 25 20 14 | 07
#1490-d322 @A: 04 03 34 02 | 12
#1491-d322 @A: 01 27 34 17 | 06
#1492-d322 @A: 35 34 02 12 | 01
#1493-d322 @A: 13 09 24 19 | 08
#1494-d322 @A: 09 03 25 19 | 09
#1495-d322 @A: 29 27 09 07 | 05
#1496-d322 @A: 01 02 12 09 | 11
#1497-d322 @A: 09 01 29 23 | 10
#1498-d322 @A: 33 19 12 09 | 04
#1499-d322 @A: 18 20 11 09 | 02
#1500-d322 @A: 10 24 33 30 | 03
#1501-d322 @A: 10 06 24 13 | 07
#1502-d322 @A: 22 24 06 03 | 12
#1503-d322 @A: 31 12 24 23 | 06
#1504-d322 @A: 24 20 33 23 | 01
#1505-d322 @A: 19 24 33 22 | 08
#1506-d322 @A: 30 20 19 17 | 09
#1507-d322 @A: 30 10 29 25 | 05
#1508-d322 @A: 30 20 10 18 | 11
#1509-d322 @A: 22 30 23 07 | 10
#1510-d322 @A: 02 23 13 03 | 04
#1511-d322 @A: 13 02 25 06 | 02
#1512-d322 @A: 10 04 13 12 | 03
#1513-d322 @A: 13 18 07 22 | 07
#1514-d322 @A: 13 01 33 23 | 12
#1515-d322 @A: 12 13 35 18 | 06
#1516-d322 @A: 20 11 13 04 | 01
#1517-d322 @A: 07 12 03 04 | 08
#1518-d322 @A: 03 22 20 29 | 09
#1519-d322 @A: 10 01 20 27 | 05
#1520-d322 @A: 27 19 29 23 | 11
#1521-d322 @A: 11 27 20 23 | 10
#1522-d322 @A: 04 22 33 27 | 04
#1523-d322 @A: 22 27 33 11 | 02
#1524-d322 @A: 02 07 23 19 | 03
#1525-d322 @A: 22 35 25 02 | 07
#1526-d322 @A: 02 18 35 01 | 12
#1527-d322 @A: 22 06 17 33 | 06
#1528-d322 @A: 17 01 06 35 | 01
#1529-d322 @A: 10 20 28 06 | 08
#1530-d322 @A: 18 01 23 06 | 09
#1531-d322 @A: 12 33 06 28 | 05
#1532-d322 @A: 11 17 07 25 | 11
#1533-d322 @A: 18 25 17 31 | 10
#1534-d322 @A: 29 22 04 17 | 04
#1535-d322 @A: 03 32 16 22 | 02
#1536-d322 @A: 08 14 23 16 | 03
#1537-d322 @A: 04 13 08 16 | 07
#1538-d322 @A: 33 08 16 06 | 12
#1539-d322 @A: 16 23 06 15 | 06
#1540-d322 @A: 05 14 33 16 | 01
#1541-d322 @A: 20 34 14 16 | 08
#1542-d322 @A: 16 17 06 34 | 09
#1543-d322 @A: 34 01 16 33 | 05
#1544-d322 @A: 16 09 31 20 | 11
#1545-d322 @A: 03 30 01 16 | 10
#1546-d322 @A: 16 27 30 04 | 04
#1547-d322 @A: 30 29 16 28 | 02
#1548-d322 @A: 16 27 25 13 | 03
#1549-d322 @A: 29 13 16 06 | 07
#1550-d322 @A: 16 27 06 11 | 12
#1551-d322 @A: 06 35 02 16 | 06
#1552-d322 @A: 25 20 16 29 | 01
#1553-d322 @A: 19 18 11 16 | 08
#1554-d322 @A: 27 32 12 21 | 09
#1555-d322 @A: 32 26 19 08 | 05
#1556-d322 @A: 18 08 17 32 | 11
#1557-d322 @A: 02 19 15 32 | 10
#1558-d322 @A: 13 14 04 32 | 04
#1559-d322 @A: 32 34 22 09 | 02
#1560-d322 @A: 09 20 13 32 | 03
#1561-d322 @A: 06 32 17 30 | 07
#1562-d322 @A: 33 31 32 20 | 12
#1563-d322 @A: 33 32 25 01 | 06
#1564-d322 @A: 21 23 11 15 | 01
#1565-d322 @A: 26 30 21 31 | 08
#1566-d322 @A: 26 12 21 03 | 09
#1567-d322 @A: 14 25 21 17 | 05
#1568-d322 @A: 18 17 21 34 | 11
#1569-d322 @A: 03 21 30 28 | 10
#1570-d322 @A: 13 20 29 21 | 04
#1571-d322 @A: 21 13 25 18 | 02
#1572-d322 @A: 21 02 28 25 | 03
#1573-d322 @A: 21 11 01 02 | 07
#1574-d322 @A: 07 10 33 21 | 12
#1575-d322 @A: 29 08 05 15 | 06
#1576-d322 @A: 09 08 14 15 | 01
#1577-d322 @A: 35 15 08 07 | 08
#1578-d322 @A: 08 06 35 05 | 09
#1579-d322 @A: 14 26 34 08 | 05
#1580-d322 @A: 08 25 19 13 | 11
#1581-d322 @A: 02 20 08 27 | 10
#1582-d322 @A: 20 08 23 10 | 04
#1583-d322 @A: 23 28 08 22 | 02
#1584-d322 @A: 04 22 08 18 | 03
#1585-d322 @A: 08 29 01 20 | 07
#1586-d322 @A: 08 20 11 12 | 12
#1587-d322 @A: 26 15 18 05 | 06
#1588-d322 @A: 11 05 15 30 | 01
#1589-d322 @A: 30 15 14 07 | 08
#1590-d322 @A: 15 31 14 11 | 09
#1591-d322 @A: 34 07 23 15 | 05
#1592-d322 @A: 09 15 22 33 | 11
#1593-d322 @A: 15 30 03 02 | 10
#1594-d322 @A: 28 17 30 15 | 04
#1595-d322 @A: 15 01 27 02 | 02
#1596-d322 @A: 07 15 04 10 | 03
#1597-d322 @A: 15 23 28 31 | 07
#1598-d322 @A: 15 23 18 12 | 12
#1599-d322 @A: 15 23 35 33 | 06
#1600-d322 @A: 15 35 22 28 | 01
#1601-d322 @A: 15 20 11 25 | 08
#1602-d322 @A: 01 15 28 25 | 09
#1603-d322 @A: 15 04 28 33 | 05
#1604-d322 @A: 05 09 34 33 | 11
#1605-d322 @A: 05 13 10 34 | 10
#1606-d322 @A: 05 09 07 11 | 04
#1607-d322 @A: 24 23 05 03 | 02
#1608-d322 @A: 11 01 05 13 | 03
#1609-d322 @A: 27 17 05 33 | 07
#1610-d322 @A: 25 10 20 05 | 12
#1611-d322 @A: 05 11 23 18 | 06
#1612-d322 @A: 05 12 22 01 | 01
#1613-d322 @A: 22 20 04 05 | 08
#1614-d322 @A: 25 19 33 05 | 09
#1615-d322 @A: 18 02 26 34 | 05
#1616-d322 @A: 33 17 26 34 | 11
#1617-d322 @A: 01 28 26 34 | 10
#1618-d322 @A: 09 30 26 33 | 04
#1619-d322 @A: 22 24 26 11 | 02
#1620-d322 @A: 19 12 24 26 | 03
#1621-d322 @A: 03 25 30 26 | 07
#1622-d322 @A: 30 26 35 18 | 12
#1623-d322 @A: 17 25 26 27 | 06
#1624-d322 @A: 26 33 07 35 | 01
#1625-d322 @A: 26 33 23 25 | 08
#1626-d322 @A: 09 25 14 34 | 09
#1627-d322 @A: 09 22 14 02 | 05
#1628-d322 @A: 20 09 14 11 | 11
#1629-d322 @A: 04 14 10 30 | 10
#1630-d322 @A: 02 14 07 11 | 04
#1631-d322 @A: 12 23 02 14 | 02
#1632-d322 @A: 28 14 07 23 | 03
#1633-d322 @A: 22 35 14 31 | 07
#1634-d322 @A: 22 01 04 14 | 12
#1635-d322 @A: 14 28 29 12 | 06
#1636-d322 @A: 01 11 35 14 | 01
#1637-d322 @A: 04 14 33 25 | 08
#1638-d322 @A: 24 34 33 04 | 09
#1639-d322 @A: 34 11 02 30 | 05
#1640-d322 @A: 12 06 34 13 | 11
#1641-d322 @A: 34 11 13 29 | 10
#1642-d322 @A: 20 25 34 17 | 04
#1643-d322 @A: 33 22 10 34 | 02
#1644-d322 @A: 07 34 20 19 | 03
#1645-d322 @A: 34 25 11 18 | 07
#1646-d322 @A: 09 13 01 27 | 12
#1647-d322 @A: 18 07 03 09 | 06
#1648-d322 @A: 02 04 27 09 | 01
#1649-d322 @A: 27 10 19 09 | 08
#1650-d322 @A: 09 22 12 20 | 09
#1651-d322 @A: 30 06 24 23 | 05
#1652-d322 @A: 33 24 02 06 | 11
#1653-d322 @A: 18 24 29 10 | 10
#1654-d322 @A: 25 20 24 07 | 04
#1655-d322 @A: 24 31 28 19 | 02
#1656-d322 @A: 29 20 24 28 | 03
#1657-d322 @A: 25 28 24 35 | 07
#1658-d322 @A: 35 18 24 33 | 12
#1659-d322 @A: 27 23 17 30 | 06
#1660-d322 @A: 06 25 20 30 | 01
#1661-d322 @A: 25 23 04 30 | 08
#1662-d322 @A: 33 29 30 35 | 09
#1663-d322 @A: 27 10 23 13 | 05
#1664-d322 @A: 13 12 23 07 | 11
#1665-d322 @A: 07 13 20 35 | 10
#1666-d322 @A: 27 03 17 06 | 04
#1667-d322 @A: 29 10 03 28 | 02
#1668-d322 @A: 12 03 10 01 | 03
#1669-d322 @A: 11 03 22 23 | 07
#1670-d322 @A: 18 03 04 29 | 12
#1671-d322 @A: 12 27 07 28 | 06
#1672-d322 @A: 27 35 12 29 | 01
#1673-d322 @A: 27 25 19 35 | 08
#1674-d322 @A: 28 19 27 20 | 09
#1675-d322 @A: 10 18 17 02 | 05
#1676-d322 @A: 23 10 02 04 | 11
#1677-d322 @A: 10 06 19 35 | 10
#1678-d322 @A: 10 06 04 33 | 04
#1679-d322 @A: 06 28 07 18 | 02
#1680-d322 @A: 06 31 35 29 | 03
#1681-d322 @A: 01 20 06 31 | 07
#1682-d322 @A: 19 06 33 29 | 12
#1683-d322 @A: 29 20 06 04 | 06
#1684-d322 @A: 18 06 35 25 | 01
#1685-d322 @A: 11 20 35 17 | 08
#1686-d322 @A: 11 28 22 10 | 09
#1687-d322 @A: 11 07 04 19 | 05
#1688-d322 @A: 31 23 19 11 | 11
#1689-d322 @A: 18 11 33 12 | 10
