#0001-d132 @A: 27 11 29 07 | 07
#0002-d132 @A: 11 28 07 02 | 08
#0003-d132 @A: 07 06 11 25 | 01
#0004-d132 @A: 07 24 10 20 | 09
#0005-d132 @A: 23 35 07 05 | 06
#0006-d132 @A: 30 07 01 24 | 04
#0007-d132 @A: 13 02 01 07 | 02
#0008-d132 @A: 26 17 07 04 | 11
#0009-d132 @A: 07 20 15 35 | 03
#0010-d132 @A: 33 07 20 17 | 10
#0011-d132 @A: 35 13 07 25 | 12
#0012-d132 @A: 02 09 24 07 | 05
#0013-d132 @A: 02 07 21 05 | 07
#0014-d132 @A: 09 13 18 07 | 08
#0015-d132 @A: 34 11 10 04 | 01
#0016-d132 @A: 16 30 11 10 | 09
#0017-d132 @A: 32 31 11 15 | 06
#0018-d132 @A: 23 32 11 14 | 04
#0019-d132 @A: 24 03 11 23 | 02
#0020-d132 @A: 11 22 01 25 | 11
#0021-d132 @A: 24 20 04 11 | 03
#0022-d132 @A: 02 11 04 13 | 10
#0023-d132 @A: 11 05 04 32 | 12
#0024-d132 @A: 08 15 11 21 | 05
#0025-d132 @A: 28 24 17 11 | 07
#0026-d132 @A: 17 13 34 11 | 08
#0027-d132 @A: 11 02 20 34 | 01
#0028-d132 @A: 11 16 28 09 | 09
#0029-d132 @A: 27 26 11 05 | 06
#0030-d132 @A: 12 10 26 22 | 04
#0031-d132 @A: 14 24 18 12 | 02
#0032-d132 @A: 27 14 12 26 | 11
#0033-d132 @A: 04 12 03 01 | 03
#0034-d132 @A: 06 12 17 24 | 10
#0035-d132 @A: 09 27 12 17 | 12
#0036-d132 @A: 35 03 12 29 | 05
#0037-d132 @A: 29 34 02 12 | 07
#0038-d132 @A: 05 16 25 12 | 08
#0039-d132 @A: 12 33 16 19 | 01
#0040-d132 @A: 12 26 13 30 | 09
#0041-d132 @A: 05 24 31 10 | 06
#0042-d132 @A: 14 01 10 30 | 04
#0043-d132 @A: 23 10 08 20 | 02
#0044-d132 @A: 35 10 21 15 | 11
#0045-d132 @A: 35 16 32 10 | 03
#0046-d132 @A: 28 08 25 10 | 10
#0047-d132 @A: 27 25 10 34 | 12
#0048-d132 @A: 28 19 21 10 | 05
#0049-d132 @A: 34 06 20 10 | 07
#0050-d132 @A: 13 27 21 10 | 08
#0051-d132 @A: 03 10 20 33 | 01
#0052-d132 @A: 14 18 23 31 | 09
#0053-d132 @A: 14 31 01 13 | 06
#0054-d132 @A: 19 14 31 15 | 04
#0055-d132 @A: 17 31 23 30 | 02
#0056-d132 @A: 02 19 31 13 | 11
#0057-d132 @A: 13 05 31 21 | 03
#0058-d132 @A: 23 03 14 25 | 10
#0059-d132 @A: 01 26 35 14 | 12
#0060-d132 @A: 05 15 14 09 | 05
#0061-d132 @A: 08 19 16 14 | 07
#0062-d132 @A: 09 08 14 25 | 08
#0063-d132 @A: 14 24 29 13 | 01
#0064-d132 @A: 14 13 25 22 | 09
#0065-d132 @A: 26 18 14 28 | 06
#0066-d132 @A: 06 22 19 14 | 04
#0067-d132 @A: 34 14 32 21 | 02
#0068-d132 @A: 32 27 14 30 | 11
#0069-d132 @A: 23 01 24 33 | 03
#0070-d132 @A: 01 23 25 19 | 10
#0071-d132 @A: 01 23 27 28 | 12
#0072-d132 @A: 34 18 23 01 | 05
#0073-d132 @A: 30 03 23 04 | 07
#0074-d132 @A: 17 23 15 20 | 08
#0075-d132 @A: 23 34 22 28 | 01
#0076-d132 @A: 34 23 05 22 | 09
#0077-d132 @A: 27 22 30 23 | 06
#0078-d132 @A: 08 04 01 06 | 04
#0079-d132 @A: 15 21 01 05 | 02
#0080-d132 @A: 21 17 29 01 | 11
#0081-d132 @A: 01 13 09 08 | 03
#0082-d132 @A: 29 32 27 01 | 10
#0083-d132 @A: 02 01 09 05 | 12
#0084-d132 @A: 20 28 01 09 | 05
#0085-d132 @A: 30 09 21 01 | 07
#0086-d132 @A: 06 27 19 01 | 08
#0087-d132 @A: 01 32 33 21 | 01
#0088-d132 @A: 21 13 01 20 | 09
#0089-d132 @A: 04 17 15 29 | 06
#0090-d132 @A: 35 03 04 15 | 04
#0091-d132 @A: 30 17 04 34 | 02
#0092-d132 @A: 04 27 25 35 | 11
#0093-d132 @A: 06 04 16 29 | 03
#0094-d132 @A: 04 21 28 22 | 10
#0095-d132 @A: 19 04 20 22 | 12
#0096-d132 @A: 17 15 22 02 | 05
#0097-d132 @A: 15 30 35 16 | 07
#0098-d132 @A: 30 15 24 08 | 08
#0099-d132 @A: 28 21 29 15 | 01
#0100-d132 @A: 28 15 18 06 | 09
#0101-d132 @A: 15 13 09 30 | 06
#0102-d132 @A: 21 15 06 09 | 04
#0103-d132 @A: 21 19 15 26 | 02
#0104-d132 @A: 15 13 20 34 | 11
#0105-d132 @A: 21 22 15 20 | 03
#0106-d132 @A: 17 29 34 24 | 10
#0107-d132 @A: 17 05 20 29 | 12
#0108-d132 @A: 28 21 33 17 | 05
#0109-d132 @A: 27 03 17 18 | 07
#0110-d132 @A: 13 05 17 30 | 08
#0111-d132 @A: 16 08 34 35 | 01
#0112-d132 @A: 08 32 06 35 | 09
#0113-d132 @A: 02 20 35 19 | 06
#0114-d132 @A: 02 27 35 33 | 04
#0115-d132 @A: 27 05 09 35 | 02
#0116-d132 @A: 19 33 13 35 | 11
#0117-d132 @A: 28 20 08 13 | 03
#0118-d132 @A: 30 08 03 34 | 10
#0119-d132 @A: 33 08 21 05 | 12
#0120-d132 @A: 29 09 26 24 | 05
#0121-d132 @A: 24 32 29 21 | 07
#0122-d132 @A: 27 09 28 29 | 08
#0123-d132 @A: 29 22 28 03 | 01
#0124-d132 @A: 21 19 29 13 | 09
#0125-d132 @A: 06 34 32 24 | 06
#0126-d132 @A: 33 34 20 24 | 04
#0127-d132 @A: 34 26 30 24 | 02
#0128-d132 @A: 20 06 30 24 | 11
#0129-d132 @A: 02 09 26 19 | 03
#0130-d132 @A: 06 02 03 09 | 10
#0131-d132 @A: 05 32 02 19 | 12
#0132-d132 @A: 02 34 32 33 | 05
#0133-d132 @A: 18 33 03 02 | 07
#0134-d132 @A: 20 25 16 30 | 08
#0135-d132 @A: 09 16 18 03 | 01
#0136-d132 @A: 16 27 33 26 | 09
#0137-d132 @A: 26 20 25 19 | 06
#0138-d132 @A: 34 26 05 19 | 04
#0139-d132 @A: 23 11 07 09 | 02
#0140-d132 @A: 21 11 24 07 | 11
#0141-d132 @A: 09 05 07 11 | 03
#0142-d132 @A: 12 15 27 07 | 10
#0143-d132 @A: 10 29 07 28 | 12
#0144-d132 @A: 07 10 16 06 | 05
#0145-d132 @A: 07 15 31 30 | 07
#0146-d132 @A: 29 01 07 09 | 08
#0147-d132 @A: 16 07 22 08 | 01
#0148-d132 @A: 02 07 16 20 | 09
#0149-d132 @A: 22 09 30 07 | 06
#0150-d132 @A: 11 23 30 12 | 04
#0151-d132 @A: 27 08 11 12 | 02
#0152-d132 @A: 26 11 02 31 | 11
#0153-d132 @A: 11 23 19 08 | 03
#0154-d132 @A: 11 15 02 29 | 10
#0155-d132 @A: 16 15 22 11 | 12
#0156-d132 @A: 15 25 33 11 | 05
#0157-d132 @A: 35 24 26 11 | 07
#0158-d132 @A: 05 11 34 29 | 08
#0159-d132 @A: 13 19 24 11 | 01
#0160-d132 @A: 28 11 19 06 | 09
#0161-d132 @A: 03 11 28 34 | 06
#0162-d132 @A: 18 11 26 09 | 04
#0163-d132 @A: 19 21 11 27 | 02
#0164-d132 @A: 29 10 12 31 | 11
#0165-d132 @A: 12 10 15 05 | 03
#0166-d132 @A: 34 10 19 12 | 10
#0167-d132 @A: 17 12 31 18 | 12
#0168-d132 @A: 28 12 31 03 | 05
#0169-d132 @A: 15 14 12 22 | 07
#0170-d132 @A: 23 12 35 34 | 08
#0171-d132 @A: 12 02 23 28 | 01
#0172-d132 @A: 06 02 12 04 | 09
#0173-d132 @A: 12 34 15 17 | 06
#0174-d132 @A: 28 15 16 12 | 04
#0175-d132 @A: 35 12 32 17 | 02
#0176-d132 @A: 12 28 05 17 | 11
#0177-d132 @A: 12 35 09 24 | 03
#0178-d132 @A: 28 12 35 30 | 10
#0179-d132 @A: 35 12 27 18 | 12
#0180-d132 @A: 13 08 18 12 | 05
#0181-d132 @A: 25 21 29 12 | 07
#0182-d132 @A: 12 29 13 27 | 08
#0183-d132 @A: 16 12 30 02 | 01
#0184-d132 @A: 33 22 09 12 | 09
#0185-d132 @A: 12 27 03 34 | 06
#0186-d132 @A: 06 12 13 32 | 04
#0187-d132 @A: 31 04 10 06 | 02
#0188-d132 @A: 14 35 09 10 | 11
#0189-d132 @A: 19 10 24 14 | 03
#0190-d132 @A: 10 09 23 02 | 10
#0191-d132 @A: 23 30 10 25 | 12
#0192-d132 @A: 24 01 10 03 | 05
#0193-d132 @A: 20 02 10 15 | 07
#0194-d132 @A: 17 10 35 20 | 08
#0195-d132 @A: 10 35 26 29 | 01
#0196-d132 @A: 18 24 10 35 | 09
#0197-d132 @A: 29 10 08 24 | 06
#0198-d132 @A: 08 10 28 05 | 04
#0199-d132 @A: 24 10 28 06 | 02
#0200-d132 @A: 28 30 18 10 | 11
#0201-d132 @A: 34 09 05 10 | 03
#0202-d132 @A: 27 03 10 19 | 10
#0203-d132 @A: 01 26 17 31 | 12
#0204-d132 @A: 01 31 35 09 | 05
#0205-d132 @A: 31 16 30 01 | 07
#0206-d132 @A: 25 15 16 31 | 08
#0207-d132 @A: 19 22 31 35 | 01
#0208-d132 @A: 31 32 35 33 | 09
#0209-d132 @A: 31 02 16 32 | 06
#0210-d132 @A: 02 05 28 31 | 04
#0211-d132 @A: 31 21 27 09 | 02
#0212-d132 @A: 30 05 06 31 | 11
#0213-d132 @A: 01 14 34 24 | 03
#0214-d132 @A: 25 27 14 01 | 10
#0215-d132 @A: 04 14 08 28 | 12
#0216-d132 @A: 33 02 08 14 | 05
#0217-d132 @A: 27 22 34 14 | 07
#0218-d132 @A: 13 34 14 03 | 08
#0219-d132 @A: 26 29 01 23 | 01
#0220-d132 @A: 15 23 08 32 | 09
#0221-d132 @A: 15 23 27 24 | 06
#0222-d132 @A: 03 19 17 23 | 04
#0223-d132 @A: 03 02 29 23 | 02
#0224-d132 @A: 13 24 23 25 | 11
#0225-d132 @A: 13 23 19 05 | 03
#0226-d132 @A: 26 27 20 23 | 10
#0227-d132 @A: 28 04 01 05 | 12
#0228-d132 @A: 15 26 33 01 | 05
#0229-d132 @A: 06 01 24 02 | 07
#0230-d132 @A: 01 24 25 28 | 08
#0231-d132 @A: 22 01 09 34 | 01
#0232-d132 @A: 33 01 20 19 | 09
#0233-d132 @A: 01 27 34 20 | 06
#0234-d132 @A: 32 18 30 01 | 04
#0235-d132 @A: 03 26 01 13 | 02
#0236-d132 @A: 15 19 24 04 | 11
#0237-d132 @A: 04 30 15 18 | 03
#0238-d132 @A: 16 04 08 32 | 10
#0239-d132 @A: 30 04 19 26 | 12
#0240-d132 @A: 34 27 05 04 | 05
#0241-d132 @A: 32 04 27 03 | 07
#0242-d132 @A: 22 18 32 04 | 08
#0243-d132 @A: 17 16 15 05 | 01
#0244-d132 @A: 08 35 13 15 | 09
#0245-d132 @A: 22 18 15 27 | 06
#0246-d132 @A: 33 32 22 15 | 04
#0247-d132 @A: 02 32 17 29 | 02
#0248-d132 @A: 17 06 21 19 | 11
#0249-d132 @A: 33 13 17 27 | 03
#0250-d132 @A: 17 05 18 33 | 10
#0251-d132 @A: 16 02 35 03 | 12
#0252-d132 @A: 34 02 25 35 | 05
#0253-d132 @A: 21 35 13 16 | 07
#0254-d132 @A: 18 21 35 28 | 08
#0255-d132 @A: 35 30 18 13 | 01
#0256-d132 @A: 08 16 29 26 | 09
#0257-d132 @A: 29 08 25 13 | 06
#0258-d132 @A: 08 06 28 22 | 04
#0259-d132 @A: 26 03 08 09 | 02
#0260-d132 @A: 08 22 27 32 | 11
#0261-d132 @A: 08 03 05 18 | 03
#0262-d132 @A: 29 30 33 16 | 10
#0263-d132 @A: 22 29 09 19 | 12
#0264-d132 @A: 06 32 29 22 | 05
#0265-d132 @A: 26 03 29 32 | 07
#0266-d132 @A: 03 13 29 18 | 08
#0267-d132 @A: 30 33 19 24 | 01
#0268-d132 @A: 28 33 19 02 | 09
#0269-d132 @A: 22 19 34 02 | 06
#0270-d132 @A: 32 16 19 21 | 04
#0271-d132 @A: 16 34 22 20 | 02
#0272-d132 @A: 06 26 22 16 | 11
#0273-d132 @A: 16 03 32 06 | 03
#0274-d132 @A: 06 16 18 21 | 10
#0275-d132 @A: 27 25 28 21 | 12
#0276-d132 @A: 28 25 06 32 | 05
#0277-d132 @A: 34 25 22 21 | 07
#0278-d132 @A: 25 33 06 21 | 08
#0279-d132 @A: 19 05 20 28 | 01
#0280-d132 @A: 32 05 20 27 | 09
#0281-d132 @A: 07 11 04 14 | 06
#0282-d132 @A: 17 11 35 07 | 04
#0283-d132 @A: 07 31 13 12 | 02
#0284-d132 @A: 12 03 07 05 | 11
#0285-d132 @A: 31 26 10 07 | 03
#0286-d132 @A: 27 10 14 07 | 10
#0287-d132 @A: 02 30 07 10 | 12
#0288-d132 @A: 04 18 07 31 | 05
#0289-d132 @A: 23 21 35 07 | 07
#0290-d132 @A: 07 28 01 15 | 08
#0291-d132 @A: 07 35 16 09 | 01
#0292-d132 @A: 25 03 07 08 | 09
#0293-d132 @A: 02 32 07 03 | 06
#0294-d132 @A: 22 32 05 07 | 04
#0295-d132 @A: 07 32 18 06 | 02
#0296-d132 @A: 07 20 30 13 | 11
#0297-d132 @A: 14 13 12 11 | 03
#0298-d132 @A: 35 06 12 11 | 10
#0299-d132 @A: 11 10 21 29 | 12
#0300-d132 @A: 11 01 31 28 | 05
#0301-d132 @A: 19 29 31 11 | 07
#0302-d132 @A: 20 11 27 14 | 08
#0303-d132 @A: 17 02 11 23 | 01
#0304-d132 @A: 08 22 04 11 | 09
#0305-d132 @A: 26 03 15 11 | 06
#0306-d132 @A: 11 29 35 32 | 04
#0307-d132 @A: 13 29 11 16 | 02
#0308-d132 @A: 11 25 29 34 | 11
#0309-d132 @A: 28 13 11 18 | 03
#0310-d132 @A: 06 27 09 11 | 10
#0311-d132 @A: 10 27 02 12 | 12
#0312-d132 @A: 16 12 25 10 | 05
#0313-d132 @A: 31 30 12 14 | 07
#0314-d132 @A: 22 31 04 12 | 08
#0315-d132 @A: 23 12 09 04 | 01
#0316-d132 @A: 23 12 24 20 | 09
#0317-d132 @A: 12 23 05 09 | 06
#0318-d132 @A: 18 12 15 02 | 04
#0319-d132 @A: 26 12 29 17 | 02
#0320-d132 @A: 02 19 17 12 | 11
#0321-d132 @A: 17 13 12 16 | 03
#0322-d132 @A: 30 24 12 22 | 10
#0323-d132 @A: 12 05 30 02 | 12
#0324-d132 @A: 12 06 25 19 | 05
#0325-d132 @A: 19 21 12 09 | 07
#0326-d132 @A: 34 12 13 09 | 08
#0327-d132 @A: 12 03 19 20 | 01
#0328-d132 @A: 26 12 18 19 | 09
#0329-d132 @A: 34 26 32 12 | 06
#0330-d132 @A: 05 12 26 13 | 04
#0331-d132 @A: 31 10 27 08 | 02
#0332-d132 @A: 14 23 34 10 | 11
#0333-d132 @A: 04 23 01 10 | 03
#0334-d132 @A: 10 01 17 05 | 10
#0335-d132 @A: 01 29 10 33 | 12
#0336-d132 @A: 18 01 10 09 | 05
#0337-d132 @A: 29 13 10 04 | 07
#0338-d132 @A: 10 05 30 04 | 08
#0339-d132 @A: 10 29 30 17 | 01
#0340-d132 @A: 34 05 10 35 | 09
#0341-d132 @A: 22 29 10 02 | 06
#0342-d132 @A: 10 25 03 29 | 04
#0343-d132 @A: 18 20 10 29 | 02
#0344-d132 @A: 32 27 10 09 | 11
#0345-d132 @A: 10 18 34 26 | 03
#0346-d132 @A: 10 13 06 18 | 10
#0347-d132 @A: 03 26 06 10 | 12
#0348-d132 @A: 05 14 35 31 | 05
#0349-d132 @A: 33 25 31 14 | 07
#0350-d132 @A: 23 31 01 32 | 08
#0351-d132 @A: 31 23 27 35 | 01
#0352-d132 @A: 33 01 18 31 | 09
#0353-d132 @A: 31 35 04 28 | 06
#0354-d132 @A: 31 05 17 26 | 04
#0355-d132 @A: 31 21 16 08 | 02
#0356-d132 @A: 29 28 31 16 | 11
#0357-d132 @A: 29 22 26 31 | 03
#0358-d132 @A: 21 29 31 18 | 10
#0359-d132 @A: 02 24 31 30 | 12
#0360-d132 @A: 24 22 21 31 | 05
#0361-d132 @A: 31 28 26 34 | 07
#0362-d132 @A: 03 34 31 19 | 08
#0363-d132 @A: 20 31 19 06 | 01
#0364-d132 @A: 31 06 33 03 | 09
#0365-d132 @A: 06 23 14 29 | 06
#0366-d132 @A: 27 23 16 14 | 04
#0367-d132 @A: 14 01 04 19 | 02
#0368-d132 @A: 25 14 04 34 | 11
#0369-d132 @A: 08 34 26 14 | 03
#0370-d132 @A: 16 25 02 14 | 10
#0371-d132 @A: 14 09 28 22 | 12
#0372-d132 @A: 14 22 03 33 | 05
#0373-d132 @A: 18 13 14 32 | 07
#0374-d132 @A: 35 23 02 32 | 08
#0375-d132 @A: 35 23 09 25 | 01
#0376-d132 @A: 23 22 26 09 | 09
#0377-d132 @A: 33 03 23 26 | 06
#0378-d132 @A: 30 33 05 23 | 04
#0379-d132 @A: 27 02 15 01 | 02
#0380-d132 @A: 01 25 15 18 | 11
#0381-d132 @A: 20 01 08 30 | 03
#0382-d132 @A: 19 03 01 09 | 10
#0383-d132 @A: 06 01 21 22 | 12
#0384-d132 @A: 22 26 01 30 | 05
#0385-d132 @A: 03 17 25 04 | 07
#0386-d132 @A: 04 27 19 17 | 08
#0387-d132 @A: 27 04 02 08 | 01
#0388-d132 @A: 29 25 32 04 | 09
#0389-d132 @A: 05 04 25 06 | 06
#0390-d132 @A: 06 22 04 09 | 04
#0391-d132 @A: 22 04 03 34 | 02
#0392-d132 @A: 08 26 17 15 | 11
#0393-d132 @A: 15 33 02 24 | 03
#0394-d132 @A: 13 24 16 15 | 10
#0395-d132 @A: 06 16 15 19 | 12
#0396-d132 @A: 15 32 09 20 | 05
#0397-d132 @A: 34 15 30 27 | 07
#0398-d132 @A: 15 26 22 34 | 08
#0399-d132 @A: 27 21 32 15 | 01
#0400-d132 @A: 27 03 33 15 | 09
#0401-d132 @A: 05 21 15 18 | 06
#0402-d132 @A: 33 35 17 29 | 04
#0403-d132 @A: 30 16 17 24 | 02
#0404-d132 @A: 13 17 02 30 | 11
#0405-d132 @A: 27 17 28 34 | 03
#0406-d132 @A: 17 09 18 34 | 10
#0407-d132 @A: 17 34 06 22 | 12
#0408-d132 @A: 34 21 17 20 | 05
#0409-d132 @A: 22 26 17 13 | 07
#0410-d132 @A: 18 33 30 17 | 08
#0411-d132 @A: 02 35 08 22 | 01
#0412-d132 @A: 08 25 35 18 | 09
#0413-d132 @A: 24 30 35 32 | 06
#0414-d132 @A: 33 35 09 03 | 04
#0415-d132 @A: 13 34 27 35 | 02
#0416-d132 @A: 20 34 35 26 | 11
#0417-d132 @A: 35 18 34 03 | 03
#0418-d132 @A: 33 21 35 30 | 10
#0419-d132 @A: 08 09 30 28 | 12
#0420-d132 @A: 33 18 08 26 | 05
#0421-d132 @A: 29 33 24 03 | 07
#0422-d132 @A: 29 13 33 28 | 08
#0423-d132 @A: 19 30 03 29 | 01
#0424-d132 @A: 34 28 09 24 | 09
#0425-d132 @A: 28 24 30 05 | 06
#0426-d132 @A: 09 33 21 24 | 04
#0427-d132 @A: 27 13 32 24 | 02
#0428-d132 @A: 18 27 24 26 | 11
#0429-d132 @A: 33 18 24 13 | 03
#0430-d132 @A: 34 28 30 02 | 10
#0431-d132 @A: 21 28 02 06 | 12
#0432-d132 @A: 26 02 06 20 | 05
#0433-d132 @A: 22 16 27 09 | 07
#0434-d132 @A: 16 13 27 03 | 08
#0435-d132 @A: 03 16 26 30 | 01
#0436-d132 @A: 26 25 05 28 | 09
#0437-d132 @A: 09 27 03 25 | 06
#0438-d132 @A: 20 13 25 33 | 04
#0439-d132 @A: 05 13 20 34 | 02
#0440-d132 @A: 10 07 09 12 | 11
#0441-d132 @A: 23 01 07 12 | 03
#0442-d132 @A: 21 07 12 20 | 10
#0443-d132 @A: 07 13 23 10 | 12
#0444-d132 @A: 32 31 07 14 | 05
#0445-d132 @A: 27 31 02 07 | 07
#0446-d132 @A: 22 07 14 17 | 08
#0447-d132 @A: 33 07 14 05 | 01
#0448-d132 @A: 07 30 23 16 | 09
#0449-d132 @A: 07 23 25 33 | 06
#0450-d132 @A: 04 15 07 22 | 04
#0451-d132 @A: 35 07 04 02 | 02
#0452-d132 @A: 04 07 34 24 | 11
#0453-d132 @A: 35 22 03 07 | 03
#0454-d132 @A: 29 21 07 16 | 10
#0455-d132 @A: 16 05 07 24 | 12
#0456-d132 @A: 19 07 32 24 | 05
#0457-d132 @A: 27 07 09 33 | 07
#0458-d132 @A: 32 20 34 07 | 08
#0459-d132 @A: 07 18 21 27 | 01
#0460-d132 @A: 07 18 26 22 | 09
#0461-d132 @A: 31 11 09 12 | 06
#0462-d132 @A: 11 14 08 10 | 04
#0463-d132 @A: 11 17 27 31 | 02
#0464-d132 @A: 11 30 34 14 | 11
#0465-d132 @A: 04 23 11 35 | 03
#0466-d132 @A: 06 01 11 29 | 10
#0467-d132 @A: 16 04 11 21 | 12
#0468-d132 @A: 15 18 11 34 | 05
#0469-d132 @A: 05 19 11 17 | 07
#0470-d132 @A: 28 35 11 08 | 08
#0471-d132 @A: 11 29 09 08 | 01
#0472-d132 @A: 11 16 27 02 | 09
#0473-d132 @A: 11 32 09 25 | 06
#0474-d132 @A: 11 33 34 26 | 04
#0475-d132 @A: 30 11 27 18 | 02
#0476-d132 @A: 03 11 21 33 | 11
#0477-d132 @A: 10 12 24 15 | 03
#0478-d132 @A: 25 14 12 28 | 10
#0479-d132 @A: 12 08 23 06 | 12
#0480-d132 @A: 21 16 23 12 | 05
#0481-d132 @A: 25 23 27 12 | 07
#0482-d132 @A: 01 12 30 17 | 08
#0483-d132 @A: 12 35 01 02 | 01
#0484-d132 @A: 18 21 12 01 | 09
#0485-d132 @A: 35 26 04 12 | 06
#0486-d132 @A: 25 12 22 35 | 04
#0487-d132 @A: 34 16 24 12 | 02
#0488-d132 @A: 22 12 20 13 | 11
#0489-d132 @A: 12 33 03 30 | 03
#0490-d132 @A: 10 31 23 19 | 10
#0491-d132 @A: 20 10 16 14 | 12
#0492-d132 @A: 17 10 01 27 | 05
#0493-d132 @A: 08 01 10 34 | 07
#0494-d132 @A: 01 16 21 10 | 08
#0495-d132 @A: 17 04 10 08 | 01
#0496-d132 @A: 10 20 04 25 | 09
#0497-d132 @A: 33 04 10 32 | 06
#0498-d132 @A: 16 29 10 19 | 04
#0499-d132 @A: 34 30 10 33 | 02
#0500-d132 @A: 22 10 03 13 | 11
#0501-d132 @A: 10 21 05 32 | 03
#0502-d132 @A: 21 26 10 20 | 10
#0503-d132 @A: 34 04 01 31 | 12
#0504-d132 @A: 31 01 25 06 | 05
#0505-d132 @A: 33 31 24 04 | 07
#0506-d132 @A: 31 26 35 15 | 08
#0507-d132 @A: 29 31 32 13 | 01
#0508-d132 @A: 31 09 33 28 | 09
#0509-d132 @A: 31 19 27 33 | 06
#0510-d132 @A: 31 22 03 05 | 04
#0511-d132 @A: 30 33 31 20 | 02
#0512-d132 @A: 30 13 03 31 | 11
#0513-d132 @A: 23 13 08 14 | 03
#0514-d132 @A: 14 02 15 13 | 10
#0515-d132 @A: 19 17 14 29 | 12
#0516-d132 @A: 17 32 25 14 | 05
#0517-d132 @A: 14 03 08 21 | 07
#0518-d132 @A: 34 06 14 02 | 08
#0519-d132 @A: 30 28 14 06 | 01
#0520-d132 @A: 19 26 03 14 | 09
#0521-d132 @A: 23 04 28 24 | 06
#0522-d132 @A: 23 17 34 33 | 04
#0523-d132 @A: 35 23 19 28 | 02
#0524-d132 @A: 05 23 18 29 | 11
#0525-d132 @A: 06 16 23 24 | 03
#0526-d132 @A: 19 26 34 23 | 10
#0527-d132 @A: 32 23 34 03 | 12
#0528-d132 @A: 27 32 23 06 | 05
#0529-d132 @A: 22 23 33 06 | 07
#0530-d132 @A: 22 01 35 15 | 08
#0531-d132 @A: 01 32 34 15 | 01
#0532-d132 @A: 16 33 01 17 | 09
#0533-d132 @A: 09 01 25 17 | 06
#0534-d132 @A: 25 01 35 32 | 04
#0535-d132 @A: 03 20 01 25 | 02
#0536-d132 @A: 26 01 21 34 | 11
#0537-d132 @A: 27 13 01 18 | 03
#0538-d132 @A: 01 32 03 22 | 10
#0539-d132 @A: 30 05 01 20 | 12
#0540-d132 @A: 21 17 35 04 | 05
#0541-d132 @A: 21 04 17 05 | 07
#0542-d132 @A: 21 24 08 04 | 08
#0543-d132 @A: 18 29 04 27 | 01
#0544-d132 @A: 09 16 24 04 | 09
#0545-d132 @A: 27 22 04 26 | 06
#0546-d132 @A: 30 13 04 27 | 04
#0547-d132 @A: 13 04 06 20 | 02
#0548-d132 @A: 29 35 27 15 | 11
#0549-d132 @A: 16 15 21 02 | 03
#0550-d132 @A: 15 03 28 32 | 10
#0551-d132 @A: 19 22 15 05 | 12
#0552-d132 @A: 05 27 13 15 | 05
#0553-d132 @A: 26 06 32 15 | 07
#0554-d132 @A: 03 30 15 20 | 08
#0555-d132 @A: 08 17 03 29 | 01
#0556-d132 @A: 17 08 32 05 | 09
#0557-d132 @A: 29 17 27 16 | 06
#0558-d132 @A: 17 30 09 03 | 04
#0559-d132 @A: 13 19 17 18 | 02
#0560-d132 @A: 35 28 34 29 | 11
#0561-d132 @A: 30 20 09 35 | 03
#0562-d132 @A: 02 29 19 08 | 10
#0563-d132 @A: 18 08 24 02 | 12
#0564-d132 @A: 06 26 24 08 | 05
#0565-d132 @A: 25 08 05 02 | 07
#0566-d132 @A: 21 26 27 08 | 08
#0567-d132 @A: 29 05 27 19 | 01
#0568-d132 @A: 20 32 19 29 | 09
#0569-d132 @A: 18 32 29 34 | 06
#0570-d132 @A: 06 03 29 27 | 04
#0571-d132 @A: 28 24 18 20 | 02
#0572-d132 @A: 22 26 19 24 | 11
#0573-d132 @A: 21 34 18 24 | 03
#0574-d132 @A: 24 20 32 22 | 10
#0575-d132 @A: 28 03 20 02 | 12
#0576-d132 @A: 02 27 18 34 | 05
#0577-d132 @A: 13 02 22 32 | 07
#0578-d132 @A: 18 30 20 02 | 08
#0579-d132 @A: 16 19 30 18 | 01
#0580-d132 @A: 05 13 32 16 | 09
#0581-d132 @A: 26 16 05 21 | 06
#0582-d132 @A: 28 33 26 25 | 04
#0583-d132 @A: 30 28 03 25 | 02
#0584-d132 @A: 13 06 09 25 | 11
#0585-d132 @A: 25 33 18 32 | 03
#0586-d132 @A: 06 03 25 18 | 10
#0587-d132 @A: 09 26 05 33 | 12
#0588-d132 @A: 20 11 07 01 | 05
#0589-d132 @A: 11 19 07 26 | 07
#0590-d132 @A: 17 07 08 12 | 08
#0591-d132 @A: 10 21 07 17 | 01
#0592-d132 @A: 08 31 07 05 | 09
#0593-d132 @A: 34 31 07 29 | 06
#0594-d132 @A: 07 30 14 26 | 04
#0595-d132 @A: 34 23 06 07 | 02
#0596-d132 @A: 17 07 01 32 | 11
#0597-d132 @A: 01 07 27 05 | 03
#0598-d132 @A: 08 07 15 19 | 10
#0599-d132 @A: 27 16 24 07 | 12
#0600-d132 @A: 07 19 02 25 | 05
#0601-d132 @A: 02 33 07 21 | 07
#0602-d132 @A: 07 09 25 28 | 08
#0603-d132 @A: 03 13 07 19 | 01
#0604-d132 @A: 34 07 33 13 | 09
#0605-d132 @A: 07 03 20 18 | 06
#0606-d132 @A: 11 10 28 12 | 04
#0607-d132 @A: 11 20 15 12 | 02
#0608-d132 @A: 25 11 03 12 | 11
#0609-d132 @A: 11 10 25 18 | 03
#0610-d132 @A: 11 31 18 05 | 10
#0611-d132 @A: 11 33 16 14 | 12
#0612-d132 @A: 11 06 18 23 | 05
#0613-d132 @A: 01 03 11 17 | 07
#0614-d132 @A: 11 04 29 03 | 08
#0615-d132 @A: 15 11 19 35 | 01
#0616-d132 @A: 11 29 17 18 | 09
#0617-d132 @A: 24 08 34 11 | 06
#0618-d132 @A: 27 11 24 25 | 04
#0619-d132 @A: 22 11 13 09 | 02
#0620-d132 @A: 11 22 33 19 | 11
#0621-d132 @A: 12 23 33 10 | 03
#0622-d132 @A: 12 30 10 08 | 10
#0623-d132 @A: 23 12 26 31 | 12
#0624-d132 @A: 01 31 27 12 | 05
#0625-d132 @A: 08 15 12 31 | 07
#0626-d132 @A: 31 19 24 12 | 08
#0627-d132 @A: 13 15 12 23 | 01
#0628-d132 @A: 01 08 19 12 | 09
#0629-d132 @A: 12 04 32 15 | 06
#0630-d132 @A: 04 13 24 12 | 04
#0631-d132 @A: 05 12 24 04 | 02
#0632-d132 @A: 12 29 15 19 | 11
#0633-d132 @A: 22 27 12 28 | 03
#0634-d132 @A: 06 20 27 12 | 10
#0635-d132 @A: 33 21 31 10 | 12
#0636-d132 @A: 14 25 21 10 | 05
#0637-d132 @A: 25 26 10 01 | 07
#0638-d132 @A: 19 10 15 25 | 08
#0639-d132 @A: 17 10 22 33 | 01
#0640-d132 @A: 02 03 08 10 | 09
#0641-d132 @A: 29 10 06 09 | 06
#0642-d132 @A: 22 16 10 24 | 04
#0643-d132 @A: 09 10 24 25 | 02
#0644-d132 @A: 10 25 05 19 | 11
#0645-d132 @A: 32 10 20 28 | 03
#0646-d132 @A: 22 21 10 30 | 10
#0647-d132 @A: 03 32 10 30 | 12
#0648-d132 @A: 31 14 34 17 | 05
#0649-d132 @A: 01 19 31 21 | 07
#0650-d132 @A: 31 29 05 15 | 08
#0651-d132 @A: 15 31 24 03 | 01
#0652-d132 @A: 31 29 02 35 | 09
#0653-d132 @A: 25 18 24 31 | 06
#0654-d132 @A: 28 24 32 31 | 04
#0655-d132 @A: 30 31 25 27 | 02
#0656-d132 @A: 31 06 28 13 | 11
#0657-d132 @A: 06 31 18 22 | 03
#0658-d132 @A: 26 31 21 30 | 10
#0659-d132 @A: 26 31 03 18 | 12
#0660-d132 @A: 29 04 14 21 | 05
#0661-d132 @A: 15 32 35 14 | 07
#0662-d132 @A: 20 29 15 14 | 08
#0663-d132 @A: 02 05 29 14 | 01
#0664-d132 @A: 32 19 14 28 | 09
#0665-d132 @A: 05 13 28 14 | 06
#0666-d132 @A: 23 13 17 04 | 04
#0667-d132 @A: 26 08 23 04 | 02
#0668-d132 @A: 16 23 15 18 | 11
#0669-d132 @A: 02 21 23 27 | 03
#0670-d132 @A: 02 23 13 33 | 10
#0671-d132 @A: 18 23 32 28 | 12
#0672-d132 @A: 23 28 30 33 | 05
#0673-d132 @A: 27 23 34 09 | 07
#0674-d132 @A: 21 23 32 13 | 08
#0675-d132 @A: 20 03 23 05 | 01
#0676-d132 @A: 26 18 23 21 | 09
#0677-d132 @A: 04 01 33 25 | 06
#0678-d132 @A: 21 01 35 24 | 04
#0679-d132 @A: 24 19 01 18 | 02
#0680-d132 @A: 01 24 13 05 | 11
#0681-d132 @A: 19 32 01 02 | 03
#0682-d132 @A: 28 34 01 06 | 10
#0683-d132 @A: 06 26 01 18 | 12
#0684-d132 @A: 15 26 05 04 | 05
#0685-d132 @A: 04 20 16 17 | 07
#0686-d132 @A: 35 04 29 09 | 08
#0687-d132 @A: 08 18 04 03 | 01
#0688-d132 @A: 30 04 24 25 | 09
#0689-d132 @A: 32 04 02 20 | 06
#0690-d132 @A: 26 32 28 04 | 04
#0691-d132 @A: 19 32 06 04 | 02
#0692-d132 @A: 02 08 15 28 | 11
#0693-d132 @A: 09 29 15 18 | 03
#0694-d132 @A: 18 24 15 32 | 10
#0695-d132 @A: 20 33 15 28 | 12
#0696-d132 @A: 13 21 15 03 | 05
#0697-d132 @A: 24 35 03 17 | 07
#0698-d132 @A: 02 21 17 08 | 08
#0699-d132 @A: 09 17 06 05 | 01
#0700-d132 @A: 22 03 21 17 | 09
#0701-d132 @A: 17 03 13 20 | 06
#0702-d132 @A: 20 17 30 26 | 04
#0703-d132 @A: 20 24 35 29 | 02
#0704-d132 @A: 16 35 28 24 | 11
#0705-d132 @A: 25 05 32 35 | 03
#0706-d132 @A: 26 22 35 33 | 10
#0707-d132 @A: 24 20 25 08 | 12
#0708-d132 @A: 08 16 27 30 | 05
#0709-d132 @A: 33 08 28 32 | 07
#0710-d132 @A: 32 19 09 08 | 08
#0711-d132 @A: 21 20 09 08 | 01
#0712-d132 @A: 19 08 05 13 | 09
#0713-d132 @A: 06 30 19 08 | 06
#0714-d132 @A: 08 22 20 26 | 04
#0715-d132 @A: 08 22 13 33 | 02
#0716-d132 @A: 22 05 29 30 | 11
#0717-d132 @A: 33 22 18 29 | 03
#0718-d132 @A: 21 30 29 06 | 10
#0719-d132 @A: 25 32 02 24 | 12
#0720-d132 @A: 34 19 27 24 | 05
#0721-d132 @A: 33 24 06 27 | 07
#0722-d132 @A: 25 28 18 02 | 08
#0723-d132 @A: 21 22 02 09 | 01
#0724-d132 @A: 25 34 19 16 | 09
#0725-d132 @A: 28 09 05 16 | 06
#0726-d132 @A: 26 16 34 09 | 04
#0727-d132 @A: 33 16 13 09 | 02
#0728-d132 @A: 16 30 32 13 | 11
#0729-d132 @A: 26 25 09 30 | 03
#0730-d132 @A: 05 27 03 28 | 10
#0731-d132 @A: 34 26 30 05 | 12
#0732-d132 @A: 05 18 32 06 | 05
#0733-d132 @A: 10 32 07 11 | 07
#0734-d132 @A: 08 11 07 30 | 08
#0735-d132 @A: 07 11 22 34 | 01
#0736-d132 @A: 07 14 34 12 | 09
#0737-d132 @A: 12 29 07 06 | 06
#0738-d132 @A: 28 07 35 14 | 04
#0739-d132 @A: 07 26 23 15 | 02
#0740-d132 @A: 07 21 01 04 | 11
#0741-d132 @A: 35 18 07 01 | 03
#0742-d132 @A: 08 09 04 07 | 10
#0743-d132 @A: 13 07 17 29 | 12
#0744-d132 @A: 17 07 25 05 | 05
#0745-d132 @A: 17 06 03 07 | 07
#0746-d132 @A: 07 34 19 28 | 08
#0747-d132 @A: 19 07 05 30 | 01
#0748-d132 @A: 18 07 30 34 | 09
#0749-d132 @A: 27 06 07 13 | 06
#0750-d132 @A: 33 07 32 30 | 04
#0751-d132 @A: 11 04 12 19 | 02
#0752-d132 @A: 10 15 09 11 | 11
#0753-d132 @A: 11 33 10 24 | 03
#0754-d132 @A: 02 11 09 14 | 10
#0755-d132 @A: 03 11 06 14 | 12
#0756-d132 @A: 11 21 01 23 | 05
#0757-d132 @A: 01 26 11 27 | 07
#0758-d132 @A: 05 33 15 11 | 08
#0759-d132 @A: 11 02 18 35 | 01
#0760-d132 @A: 26 20 29 11 | 09
#0761-d132 @A: 11 24 18 16 | 06
#0762-d132 @A: 28 21 32 11 | 04
#0763-d132 @A: 06 11 21 34 | 02
#0764-d132 @A: 10 12 06 14 | 11
#0765-d132 @A: 12 10 04 21 | 03
#0766-d132 @A: 12 08 35 14 | 10
#0767-d132 @A: 03 16 12 14 | 12
#0768-d132 @A: 22 23 17 12 | 05
#0769-d132 @A: 06 12 01 15 | 07
#0770-d132 @A: 24 12 29 01 | 08
#0771-d132 @A: 28 17 12 04 | 01
#0772-d132 @A: 12 34 04 08 | 09
#0773-d132 @A: 15 12 03 09 | 06
#0774-d132 @A: 12 20 08 02 | 04
#0775-d132 @A: 27 05 12 08 | 02
#0776-d132 @A: 12 29 18 16 | 11
#0777-d132 @A: 12 20 28 29 | 03
#0778-d132 @A: 12 26 02 24 | 10
#0779-d132 @A: 09 30 32 12 | 12
#0780-d132 @A: 05 18 12 20 | 05
#0781-d132 @A: 35 31 30 10 | 07
#0782-d132 @A: 14 10 32 29 | 08
#0783-d132 @A: 05 27 14 10 | 01
#0784-d132 @A: 10 17 23 18 | 09
#0785-d132 @A: 02 23 05 10 | 06
#0786-d132 @A: 06 15 08 10 | 04
#0787-d132 @A: 17 16 09 10 | 02
#0788-d132 @A: 08 21 32 10 | 11
#0789-d132 @A: 10 25 13 02 | 03
#0790-d132 @A: 10 27 28 26 | 10
#0791-d132 @A: 10 03 21 18 | 12
#0792-d132 @A: 31 04 14 27 | 05
#0793-d132 @A: 25 31 04 26 | 07
#0794-d132 @A: 26 08 31 19 | 08
#0795-d132 @A: 24 26 16 31 | 01
#0796-d132 @A: 31 18 27 28 | 09
#0797-d132 @A: 01 14 21 15 | 06
#0798-d132 @A: 26 33 14 04 | 04
#0799-d132 @A: 14 24 33 17 | 02
#0800-d132 @A: 18 29 14 35 | 11
#0801-d132 @A: 27 35 14 03 | 03
#0802-d132 @A: 30 14 29 02 | 10
#0803-d132 @A: 26 29 14 25 | 12
#0804-d132 @A: 20 24 14 02 | 05
#0805-d132 @A: 14 13 27 09 | 07
#0806-d132 @A: 26 09 14 32 | 08
#0807-d132 @A: 18 05 14 19 | 01
#0808-d132 @A: 14 32 26 05 | 09
#0809-d132 @A: 20 06 14 21 | 06
#0810-d132 @A: 15 23 29 30 | 04
#0811-d132 @A: 27 23 17 05 | 02
#0812-d132 @A: 16 26 23 35 | 11
#0813-d132 @A: 05 23 06 16 | 03
#0814-d132 @A: 20 06 23 09 | 10
#0815-d132 @A: 33 23 09 18 | 12
#0816-d132 @A: 03 20 22 23 | 05
#0817-d132 @A: 16 18 04 01 | 07
#0818-d132 @A: 29 15 01 08 | 08
#0819-d132 @A: 35 34 01 17 | 01
#0820-d132 @A: 33 01 28 35 | 09
#0821-d132 @A: 25 01 16 08 | 06
#0822-d132 @A: 01 02 29 18 | 04
#0823-d132 @A: 33 01 05 29 | 02
#0824-d132 @A: 03 01 05 32 | 11
#0825-d132 @A: 06 17 33 04 | 03
#0826-d132 @A: 02 35 05 04 | 10
#0827-d132 @A: 04 03 02 24 | 12
#0828-d132 @A: 04 05 09 19 | 05
#0829-d132 @A: 04 20 21 18 | 07
#0830-d132 @A: 13 04 26 18 | 08
#0831-d132 @A: 18 15 03 19 | 01
#0832-d132 @A: 15 26 20 18 | 09
#0833-d132 @A: 16 19 35 17 | 06
#0834-d132 @A: 02 17 27 24 | 04
#0835-d132 @A: 26 18 25 17 | 02
#0836-d132 @A: 26 09 28 17 | 11
#0837-d132 @A: 17 34 19 32 | 03
#0838-d132 @A: 27 17 26 06 | 10
#0839-d132 @A: 08 06 35 05 | 12
#0840-d132 @A: 35 21 05 29 | 05
#0841-d132 @A: 35 25 26 21 | 07
#0842-d132 @A: 34 21 35 19 | 08
#0843-d132 @A: 35 20 22 06 | 01
#0844-d132 @A: 34 08 22 29 | 09
#0845-d132 @A: 08 33 30 25 | 06
#0846-d132 @A: 06 09 08 33 | 04
#0847-d132 @A: 33 19 08 03 | 02
#0848-d132 @A: 29 02 27 25 | 11
#0849-d132 @A: 33 29 25 19 | 03
#0850-d132 @A: 19 02 16 24 | 10
#0851-d132 @A: 24 09 27 20 | 12
#0852-d132 @A: 24 09 06 18 | 05
#0853-d132 @A: 05 33 24 34 | 07
#0854-d132 @A: 18 19 06 02 | 08
#0855-d132 @A: 34 06 16 13 | 01
#0856-d132 @A: 25 19 30 13 | 09
#0857-d132 @A: 30 32 25 34 | 06
#0858-d132 @A: 32 30 05 09 | 04
#0859-d132 @A: 12 02 22 07 | 02
#0860-d132 @A: 07 10 22 25 | 11
#0861-d132 @A: 01 03 31 07 | 03
#0862-d132 @A: 08 31 28 07 | 10
#0863-d132 @A: 01 06 14 07 | 12
#0864-d132 @A: 07 33 14 29 | 05
#0865-d132 @A: 24 14 07 03 | 07
#0866-d132 @A: 07 23 04 32 | 08
#0867-d132 @A: 25 34 07 01 | 01
#0868-d132 @A: 04 30 07 06 | 09
#0869-d132 @A: 06 02 07 15 | 06
#0870-d132 @A: 07 17 16 34 | 04
#0871-d132 @A: 35 08 07 26 | 02
#0872-d132 @A: 28 27 30 07 | 11
#0873-d132 @A: 27 34 26 07 | 03
#0874-d132 @A: 07 26 32 13 | 10
#0875-d132 @A: 34 01 12 11 | 12
#0876-d132 @A: 12 22 29 11 | 05
#0877-d132 @A: 06 05 11 12 | 07
#0878-d132 @A: 31 03 10 11 | 08
#0879-d132 @A: 26 10 11 23 | 01
#0880-d132 @A: 11 26 14 17 | 09
#0881-d132 @A: 28 15 23 11 | 06
#0882-d132 @A: 16 11 01 19 | 04
#0883-d132 @A: 17 04 09 11 | 02
#0884-d132 @A: 30 11 35 03 | 11
#0885-d132 @A: 11 08 02 32 | 03
#0886-d132 @A: 13 11 03 08 | 10
#0887-d132 @A: 32 11 19 30 | 12
#0888-d132 @A: 27 03 22 11 | 05
#0889-d132 @A: 33 32 13 11 | 07
#0890-d132 @A: 06 13 11 30 | 08
#0891-d132 @A: 33 12 31 02 | 01
#0892-d132 @A: 35 12 33 15 | 09
#0893-d132 @A: 12 33 05 35 | 06
#0894-d132 @A: 19 12 13 28 | 04
#0895-d132 @A: 28 12 33 18 | 02
#0896-d132 @A: 34 12 22 18 | 11
#0897-d132 @A: 12 30 20 34 | 03
#0898-d132 @A: 12 33 34 06 | 10
#0899-d132 @A: 33 12 27 32 | 12
#0900-d132 @A: 03 12 32 21 | 05
#0901-d132 @A: 20 26 12 33 | 07
#0902-d132 @A: 30 06 18 12 | 08
#0903-d132 @A: 34 31 24 10 | 01
#0904-d132 @A: 16 10 13 31 | 09
#0905-d132 @A: 31 10 20 09 | 06
#0906-d132 @A: 10 30 26 15 | 04
#0907-d132 @A: 10 34 02 17 | 02
#0908-d132 @A: 08 10 18 16 | 11
#0909-d132 @A: 10 29 05 06 | 03
#0910-d132 @A: 03 16 34 10 | 10
#0911-d132 @A: 18 22 19 10 | 12
#0912-d132 @A: 19 10 33 06 | 05
#0913-d132 @A: 34 10 32 22 | 07
#0914-d132 @A: 14 26 20 31 | 08
#0915-d132 @A: 23 15 09 31 | 01
#0916-d132 @A: 06 23 02 31 | 09
#0917-d132 @A: 04 17 32 31 | 06
#0918-d132 @A: 17 21 15 31 | 04
#0919-d132 @A: 17 13 31 35 | 02
#0920-d132 @A: 29 17 31 06 | 11
#0921-d132 @A: 24 27 31 29 | 03
#0922-d132 @A: 09 31 06 26 | 10
#0923-d132 @A: 31 22 33 34 | 12
#0924-d132 @A: 18 31 34 20 | 05
#0925-d132 @A: 31 27 22 13 | 07
#0926-d132 @A: 15 14 18 08 | 08
#0927-d132 @A: 16 26 15 14 | 01
#0928-d132 @A: 15 14 25 30 | 09
#0929-d132 @A: 20 14 35 25 | 06
#0930-d132 @A: 25 14 06 24 | 04
#0931-d132 @A: 22 14 18 02 | 02
#0932-d132 @A: 20 13 19 14 | 11
#0933-d132 @A: 14 03 32 20 | 03
#0934-d132 @A: 04 02 18 23 | 10
#0935-d132 @A: 23 04 33 27 | 12
#0936-d132 @A: 35 23 29 13 | 05
#0937-d132 @A: 23 24 08 09 | 07
#0938-d132 @A: 23 24 18 30 | 08
#0939-d132 @A: 25 02 23 26 | 01
#0940-d132 @A: 28 26 13 23 | 09
#0941-d132 @A: 13 23 09 03 | 06
#0942-d132 @A: 20 21 23 33 | 04
#0943-d132 @A: 13 15 04 01 | 02
#0944-d132 @A: 26 04 01 24 | 11
#0945-d132 @A: 17 08 18 01 | 03
#0946-d132 @A: 16 27 35 01 | 10
#0947-d132 @A: 25 01 30 29 | 12
#0948-d132 @A: 29 13 34 01 | 05
#0949-d132 @A: 25 02 21 01 | 07
#0950-d132 @A: 09 01 33 02 | 08
#0951-d132 @A: 16 01 20 06 | 01
#0952-d132 @A: 03 06 30 01 | 09
#0953-d132 @A: 04 34 16 15 | 06
#0954-d132 @A: 24 04 29 22 | 04
#0955-d132 @A: 22 02 04 25 | 02
#0956-d132 @A: 04 18 09 28 | 11
#0957-d132 @A: 04 28 30 20 | 03
#0958-d132 @A: 33 04 13 03 | 10
#0959-d132 @A: 24 15 34 35 | 12
#0960-d132 @A: 25 28 35 15 | 05
#0961-d132 @A: 16 29 15 32 | 07
#0962-d132 @A: 15 21 24 25 | 08
#0963-d132 @A: 15 27 13 28 | 01
#0964-d132 @A: 08 24 17 32 | 09
#0965-d132 @A: 17 22 08 19 | 06
#0966-d132 @A: 25 29 28 17 | 04
#0967-d132 @A: 19 09 17 24 | 02
#0968-d132 @A: 17 20 02 09 | 11
#0969-d132 @A: 28 17 20 19 | 03
#0970-d132 @A: 35 08 24 27 | 10
#0971-d132 @A: 22 35 16 29 | 12
#0972-d132 @A: 29 06 25 35 | 05
#0973-d132 @A: 28 26 35 03 | 07
#0974-d132 @A: 35 28 18 05 | 08
#0975-d132 @A: 03 19 35 32 | 01
#0976-d132 @A: 22 30 34 35 | 09
#0977-d132 @A: 06 08 27 34 | 06
#0978-d132 @A: 33 34 21 08 | 04
#0979-d132 @A: 21 13 30 08 | 02
#0980-d132 @A: 32 28 30 29 | 11
#0981-d132 @A: 09 30 34 29 | 03
#0982-d132 @A: 09 13 20 29 | 10
#0983-d132 @A: 34 25 24 03 | 12
#0984-d132 @A: 24 22 03 18 | 05
#0985-d132 @A: 26 24 20 13 | 07
#0986-d132 @A: 03 21 34 02 | 08
#0987-d132 @A: 02 03 05 34 | 01
#0988-d132 @A: 21 02 32 26 | 09
#0989-d132 @A: 18 21 13 02 | 06
#0990-d132 @A: 06 05 26 02 | 04
#0991-d132 @A: 16 20 21 27 | 02
#0992-d132 @A: 05 33 27 16 | 11
#0993-d132 @A: 05 30 16 03 | 03
#0994-d132 @A: 25 22 19 28 | 10
#0995-d132 @A: 20 05 21 25 | 12
#0996-d132 @A: 18 12 11 07 | 05
#0997-d132 @A: 25 12 30 07 | 07
#0998-d132 @A: 19 10 01 07 | 08
#0999-d132 @A: 07 35 06 31 | 01
#1000-d132 @A: 19 16 07 31 | 09
#1001-d132 @A: 19 21 07 14 | 06
#1002-d132 @A: 07 29 22 23 | 04
#1003-d132 @A: 04 13 28 07 | 02
#1004-d132 @A: 32 15 25 07 | 11
#1005-d132 @A: 07 17 19 30 | 03
#1006-d132 @A: 35 33 24 07 | 10
#1007-d132 @A: 35 07 27 32 | 12
#1008-d132 @A: 08 13 07 24 | 05
#1009-d132 @A: 02 07 34 08 | 07
#1010-d132 @A: 07 28 20 06 | 08
#1011-d132 @A: 33 03 28 07 | 01
#1012-d132 @A: 07 33 18 19 | 09
#1013-d132 @A: 07 26 18 05 | 06
#1014-d132 @A: 16 12 26 11 | 04
#1015-d132 @A: 21 14 31 11 | 02
#1016-d132 @A: 11 23 31 22 | 11
#1017-d132 @A: 11 08 31 18 | 03
#1018-d132 @A: 16 20 31 11 | 10
#1019-d132 @A: 18 14 01 11 | 12
#1020-d132 @A: 35 01 05 11 | 05
#1021-d132 @A: 11 08 33 01 | 07
#1022-d132 @A: 11 24 01 09 | 08
#1023-d132 @A: 27 04 15 11 | 01
#1024-d132 @A: 18 33 11 04 | 09
#1025-d132 @A: 11 17 21 25 | 06
#1026-d132 @A: 24 11 05 03 | 04
#1027-d132 @A: 25 02 11 30 | 02
#1028-d132 @A: 11 05 30 25 | 11
#1029-d132 @A: 20 11 28 22 | 03
#1030-d132 @A: 34 32 27 11 | 10
#1031-d132 @A: 26 11 22 32 | 12
#1032-d132 @A: 13 11 26 21 | 05
#1033-d132 @A: 18 10 12 32 | 07
#1034-d132 @A: 12 16 06 31 | 08
#1035-d132 @A: 12 31 05 19 | 01
#1036-d132 @A: 31 20 32 12 | 09
#1037-d132 @A: 12 05 14 01 | 06
#1038-d132 @A: 12 14 04 20 | 04
#1039-d132 @A: 03 08 12 24 | 02
#1040-d132 @A: 25 08 12 32 | 11
#1041-d132 @A: 25 02 12 09 | 03
#1042-d132 @A: 02 12 13 03 | 10
#1043-d132 @A: 30 19 27 12 | 12
#1044-d132 @A: 19 12 32 22 | 05
#1045-d132 @A: 02 14 10 26 | 07
#1046-d132 @A: 23 35 03 10 | 08
#1047-d132 @A: 06 21 10 23 | 01
#1048-d132 @A: 01 35 06 10 | 09
#1049-d132 @A: 22 10 01 28 | 06
#1050-d132 @A: 26 10 04 16 | 04
#1051-d132 @A: 15 10 13 33 | 02
#1052-d132 @A: 10 13 30 24 | 11
#1053-d132 @A: 02 06 32 10 | 03
#1054-d132 @A: 28 10 03 09 | 10
#1055-d132 @A: 27 10 06 30 | 12
#1056-d132 @A: 31 23 33 16 | 05
#1057-d132 @A: 13 23 31 20 | 07
#1058-d132 @A: 15 20 04 31 | 08
#1059-d132 @A: 08 31 13 04 | 01
#1060-d132 @A: 02 31 04 21 | 09
#1061-d132 @A: 33 05 04 31 | 06
#1062-d132 @A: 16 17 22 31 | 04
#1063-d132 @A: 03 35 25 31 | 02
#1064-d132 @A: 28 21 31 20 | 11
#1065-d132 @A: 09 32 31 34 | 03
#1066-d132 @A: 22 31 32 30 | 10
#1067-d132 @A: 06 32 31 21 | 12
#1068-d132 @A: 22 14 01 29 | 05
#1069-d132 @A: 02 03 01 14 | 07
#1070-d132 @A: 24 32 04 14 | 08
#1071-d132 @A: 27 15 14 17 | 01
#1072-d132 @A: 16 29 34 14 | 09
#1073-d132 @A: 14 32 16 22 | 06
#1074-d132 @A: 21 09 14 18 | 04
#1075-d132 @A: 18 06 14 27 | 02
#1076-d132 @A: 21 14 27 33 | 11
#1077-d132 @A: 30 14 22 20 | 03
#1078-d132 @A: 23 35 30 01 | 10
#1079-d132 @A: 23 34 20 04 | 12
#1080-d132 @A: 35 06 23 15 | 05
#1081-d132 @A: 23 15 25 34 | 07
#1082-d132 @A: 35 22 23 24 | 08
#1083-d132 @A: 30 23 08 02 | 01
#1084-d132 @A: 08 23 25 21 | 09
#1085-d132 @A: 20 29 16 23 | 06
#1086-d132 @A: 29 23 21 34 | 04
#1087-d132 @A: 23 25 24 05 | 02
#1088-d132 @A: 22 19 21 23 | 11
#1089-d132 @A: 01 04 35 20 | 03
#1090-d132 @A: 04 29 28 01 | 10
#1091-d132 @A: 17 24 01 13 | 12
#1092-d132 @A: 01 16 02 34 | 05
#1093-d132 @A: 03 28 18 01 | 07
#1094-d132 @A: 27 30 01 33 | 08
#1095-d132 @A: 15 04 26 02 | 01
#1096-d132 @A: 17 04 18 24 | 09
#1097-d132 @A: 04 06 35 24 | 06
#1098-d132 @A: 33 35 16 04 | 04
#1099-d132 @A: 08 04 29 20 | 02
#1100-d132 @A: 26 29 04 34 | 11
#1101-d132 @A: 21 13 25 04 | 03
#1102-d132 @A: 04 27 28 06 | 10
#1103-d132 @A: 04 27 21 34 | 12
#1104-d132 @A: 04 18 13 05 | 05
#1105-d132 @A: 03 04 06 21 | 07
#1106-d132 @A: 15 25 29 22 | 08
#1107-d132 @A: 26 13 15 29 | 01
#1108-d132 @A: 15 28 26 24 | 09
#1109-d132 @A: 22 09 24 15 | 06
#1110-d132 @A: 32 02 30 15 | 04
#1111-d132 @A: 32 19 15 13 | 02
#1112-d132 @A: 33 21 18 15 | 11
#1113-d132 @A: 17 09 35 08 | 03
#1114-d132 @A: 17 35 30 25 | 10
#1115-d132 @A: 35 28 17 06 | 12
#1116-d132 @A: 05 03 17 35 | 05
#1117-d132 @A: 17 34 08 25 | 07
#1118-d132 @A: 06 13 17 08 | 08
#1119-d132 @A: 24 22 17 25 | 01
#1120-d132 @A: 17 16 26 21 | 09
#1121-d132 @A: 17 22 05 27 | 06
#1122-d132 @A: 32 28 35 09 | 04
#1123-d132 @A: 35 26 09 13 | 02
#1124-d132 @A: 03 35 13 06 | 11
#1125-d132 @A: 24 08 09 05 | 03
#1126-d132 @A: 13 02 16 08 | 10
#1127-d132 @A: 08 28 27 03 | 12
#1128-d132 @A: 19 34 20 08 | 05
#1129-d132 @A: 26 30 32 08 | 07
#1130-d132 @A: 29 03 20 34 | 08
#1131-d132 @A: 13 22 29 30 | 01
#1132-d132 @A: 27 24 03 30 | 09
#1133-d132 @A: 05 24 26 22 | 06
#1134-d132 @A: 06 13 21 24 | 04
#1135-d132 @A: 26 24 03 21 | 02
#1136-d132 @A: 02 13 09 28 | 11
#1137-d132 @A: 02 26 22 28 | 03
#1138-d132 @A: 19 21 30 02 | 10
#1139-d132 @A: 02 13 26 34 | 12
#1140-d132 @A: 33 20 02 22 | 05
#1141-d132 @A: 33 02 30 26 | 07
#1142-d132 @A: 16 13 28 25 | 08
#1143-d132 @A: 25 06 27 16 | 01
#1144-d132 @A: 18 25 16 22 | 09
#1145-d132 @A: 32 16 25 26 | 06
#1146-d132 @A: 20 16 09 19 | 04
#1147-d132 @A: 33 22 21 16 | 02
#1148-d132 @A: 05 25 09 13 | 11
#1149-d132 @A: 19 03 21 25 | 03
#1150-d132 @A: 07 13 11 15 | 10
#1151-d132 @A: 04 33 07 12 | 12
#1152-d132 @A: 07 12 28 24 | 05
#1153-d132 @A: 04 03 10 07 | 07
#1154-d132 @A: 07 33 08 10 | 08
#1155-d132 @A: 05 10 13 07 | 01
#1156-d132 @A: 07 31 25 21 | 09
#1157-d132 @A: 07 20 31 22 | 06
#1158-d132 @A: 17 28 23 07 | 04
#1159-d132 @A: 01 07 26 16 | 02
#1160-d132 @A: 16 25 04 07 | 11
#1161-d132 @A: 07 33 15 16 | 03
#1162-d132 @A: 15 05 34 07 | 10
#1163-d132 @A: 06 07 08 21 | 12
#1164-d132 @A: 02 07 26 29 | 05
#1165-d132 @A: 06 19 07 09 | 07
#1166-d132 @A: 20 09 26 07 | 08
#1167-d132 @A: 21 07 30 03 | 01
#1168-d132 @A: 21 12 11 02 | 09
#1169-d132 @A: 31 11 30 04 | 06
#1170-d132 @A: 11 13 31 25 | 04
#1171-d132 @A: 11 24 14 15 | 02
#1172-d132 @A: 11 05 23 28 | 11
#1173-d132 @A: 04 01 32 11 | 03
#1174-d132 @A: 08 11 17 20 | 10
#1175-d132 @A: 16 25 35 11 | 12
#1176-d132 @A: 11 35 21 09 | 05
#1177-d132 @A: 16 11 06 08 | 07
#1178-d132 @A: 29 24 11 30 | 08
#1179-d132 @A: 02 03 19 11 | 01
#1180-d132 @A: 30 28 26 11 | 09
#1181-d132 @A: 19 09 11 34 | 06
#1182-d132 @A: 03 09 11 20 | 04
#1183-d132 @A: 20 11 32 06 | 02
#1184-d132 @A: 11 20 21 30 | 11
#1185-d132 @A: 17 14 12 21 | 03
#1186-d132 @A: 23 29 32 12 | 10
#1187-d132 @A: 18 23 12 03 | 12
#1188-d132 @A: 12 01 26 09 | 05
#1189-d132 @A: 21 15 12 30 | 07
#1190-d132 @A: 05 12 25 29 | 08
#1191-d132 @A: 12 33 25 24 | 01
#1192-d132 @A: 12 27 21 24 | 09
#1193-d132 @A: 06 12 03 22 | 06
#1194-d132 @A: 10 14 22 31 | 04
#1195-d132 @A: 10 17 28 31 | 02
#1196-d132 @A: 01 13 32 10 | 11
#1197-d132 @A: 15 28 10 04 | 03
#1198-d132 @A: 34 29 15 10 | 10
#1199-d132 @A: 17 06 10 25 | 12
#1200-d132 @A: 33 25 10 35 | 05
#1201-d132 @A: 24 10 21 02 | 07
#1202-d132 @A: 10 09 34 21 | 08
#1203-d132 @A: 18 10 33 27 | 01
#1204-d132 @A: 33 20 05 10 | 09
#1205-d132 @A: 26 10 03 05 | 06
#1206-d132 @A: 29 14 31 03 | 04
#1207-d132 @A: 01 24 31 08 | 02
#1208-d132 @A: 31 01 22 02 | 11
#1209-d132 @A: 31 01 34 05 | 03
#1210-d132 @A: 33 31 29 15 | 10
#1211-d132 @A: 02 15 34 31 | 12
#1212-d132 @A: 31 06 27 15 | 05
#1213-d132 @A: 25 19 17 31 | 07
#1214-d132 @A: 29 09 25 31 | 08
#1215-d132 @A: 25 20 31 02 | 01
#1216-d132 @A: 31 30 06 34 | 09
#1217-d132 @A: 02 14 17 04 | 06
#1218-d132 @A: 14 05 17 34 | 04
#1219-d132 @A: 21 14 35 02 | 02
#1220-d132 @A: 27 28 24 14 | 11
#1221-d132 @A: 24 09 30 14 | 03
#1222-d132 @A: 19 34 14 18 | 10
#1223-d132 @A: 26 22 21 14 | 12
#1224-d132 @A: 30 14 33 13 | 05
#1225-d132 @A: 01 23 17 06 | 07
#1226-d132 @A: 23 08 22 01 | 08
#1227-d132 @A: 15 23 19 02 | 01
#1228-d132 @A: 17 08 27 23 | 09
#1229-d132 @A: 23 18 35 20 | 06
#1230-d132 @A: 08 23 03 16 | 04
#1231-d132 @A: 33 19 32 23 | 02
#1232-d132 @A: 19 23 13 06 | 11
#1233-d132 @A: 24 15 20 01 | 03
#1234-d132 @A: 01 05 33 25 | 10
#1235-d132 @A: 33 34 01 03 | 12
#1236-d132 @A: 01 27 21 03 | 05
#1237-d132 @A: 20 32 26 01 | 07
#1238-d132 @A: 04 09 15 25 | 08
#1239-d132 @A: 04 25 08 19 | 01
#1240-d132 @A: 29 33 02 04 | 09
#1241-d132 @A: 04 19 28 03 | 06
#1242-d132 @A: 33 19 04 21 | 04
#1243-d132 @A: 04 06 18 34 | 02
#1244-d132 @A: 08 15 20 16 | 11
#1245-d132 @A: 15 32 05 28 | 03
#1246-d132 @A: 06 15 05 30 | 10
#1247-d132 @A: 35 26 17 02 | 12
#1248-d132 @A: 05 02 17 24 | 05
#1249-d132 @A: 17 02 06 16 | 07
#1250-d132 @A: 17 13 28 32 | 08
#1251-d132 @A: 17 09 22 32 | 01
#1252-d132 @A: 13 09 21 17 | 09
#1253-d132 @A: 24 19 35 25 | 06
#1254-d132 @A: 19 35 16 05 | 04
#1255-d132 @A: 22 09 18 35 | 02
#1256-d132 @A: 21 32 22 35 | 11
#1257-d132 @A: 13 32 35 20 | 03
#1258-d132 @A: 33 08 16 24 | 10
#1259-d132 @A: 05 34 08 16 | 12
#1260-d132 @A: 08 19 18 21 | 05
#1261-d132 @A: 32 13 08 34 | 07
#1262-d132 @A: 02 29 24 28 | 08
#1263-d132 @A: 16 02 09 29 | 01
#1264-d132 @A: 18 28 29 19 | 09
#1265-d132 @A: 09 05 22 29 | 06
#1266-d132 @A: 20 30 29 27 | 04
#1267-d132 @A: 05 03 13 29 | 02
#1268-d132 @A: 22 28 24 33 | 11
#1269-d132 @A: 19 24 21 20 | 03
#1270-d132 @A: 13 24 34 22 | 10
#1271-d132 @A: 06 27 02 22 | 12
#1272-d132 @A: 18 05 02 27 | 05
#1273-d132 @A: 27 19 16 28 | 07
#1274-d132 @A: 16 28 22 30 | 08
#1275-d132 @A: 22 19 03 16 | 01
#1276-d132 @A: 34 16 21 30 | 09
#1277-d132 @A: 13 20 16 18 | 06
#1278-d132 @A: 06 26 25 34 | 04
#1279-d132 @A: 32 25 20 21 | 02
#1280-d132 @A: 21 25 18 30 | 11
#1281-d132 @A: 05 20 06 22 | 03
#1282-d132 @A: 03 11 07 16 | 10
#1283-d132 @A: 07 19 12 35 | 12
#1284-d132 @A: 15 07 18 10 | 05
#1285-d132 @A: 08 14 07 20 | 07
#1286-d132 @A: 07 23 20 19 | 08
#1287-d132 @A: 01 27 08 07 | 01
#1288-d132 @A: 07 04 05 20 | 09
#1289-d132 @A: 15 24 07 17 | 06
#1290-d132 @A: 17 02 07 18 | 04
#1291-d132 @A: 25 27 17 07 | 02
#1292-d132 @A: 24 07 18 29 | 11
#1293-d132 @A: 20 25 07 29 | 03
#1294-d132 @A: 09 07 34 03 | 10
#1295-d132 @A: 21 32 09 07 | 12
#1296-d132 @A: 06 05 34 07 | 05
#1297-d132 @A: 11 35 31 34 | 07
#1298-d132 @A: 24 06 31 11 | 08
#1299-d132 @A: 14 11 29 28 | 01
#1300-d132 @A: 11 23 16 34 | 09
#1301-d132 @A: 27 23 13 11 | 06
#1302-d132 @A: 23 05 11 21 | 04
#1303-d132 @A: 01 15 11 30 | 02
#1304-d132 @A: 13 05 11 02 | 11
#1305-d132 @A: 10 01 20 12 | 03
#1306-d132 @A: 12 02 14 32 | 10
#1307-d132 @A: 12 16 01 22 | 12
#1308-d132 @A: 27 16 12 04 | 05
#1309-d132 @A: 12 08 21 22 | 07
#1310-d132 @A: 34 28 12 21 | 08
#1311-d132 @A: 20 09 12 18 | 01
#1312-d132 @A: 05 34 32 12 | 09
#1313-d132 @A: 12 21 22 05 | 06
#1314-d132 @A: 12 26 06 21 | 04
#1315-d132 @A: 31 02 18 10 | 02
#1316-d132 @A: 22 04 10 35 | 11
#1317-d132 @A: 09 30 10 04 | 03
#1318-d132 @A: 15 17 10 32 | 10
#1319-d132 @A: 24 10 26 17 | 12
#1320-d132 @A: 35 19 10 08 | 05
#1321-d132 @A: 10 18 16 05 | 07
#1322-d132 @A: 33 09 26 10 | 08
#1323-d132 @A: 20 30 10 19 | 01
#1324-d132 @A: 14 31 24 35 | 09
#1325-d132 @A: 08 34 31 23 | 06
#1326-d132 @A: 25 23 28 31 | 04
#1327-d132 @A: 31 23 03 21 | 02
#1328-d132 @A: 31 01 20 29 | 11
#1329-d132 @A: 31 20 17 24 | 03
#1330-d132 @A: 31 16 18 35 | 10
#1331-d132 @A: 31 08 09 02 | 12
#1332-d132 @A: 08 31 32 03 | 05
#1333-d132 @A: 31 16 20 05 | 07
#1334-d132 @A: 20 31 09 05 | 08
#1335-d132 @A: 09 30 18 31 | 01
#1336-d132 @A: 32 26 31 27 | 09
#1337-d132 @A: 31 26 33 13 | 06
#1338-d132 @A: 23 05 04 14 | 04
#1339-d132 @A: 15 23 14 33 | 02
#1340-d132 @A: 35 17 23 14 | 11
#1341-d132 @A: 23 14 24 26 | 03
#1342-d132 @A: 28 23 20 14 | 10
#1343-d132 @A: 30 21 14 23 | 12
#1344-d132 @A: 35 14 04 13 | 05
#1345-d132 @A: 17 08 30 14 | 07
#1346-d132 @A: 18 16 17 14 | 08
#1347-d132 @A: 17 28 03 14 | 01
#1348-d132 @A: 09 17 14 06 | 09
#1349-d132 @A: 19 30 35 14 | 06
#1350-d132 @A: 14 35 34 33 | 04
#1351-d132 @A: 30 05 08 14 | 02
#1352-d132 @A: 05 22 14 25 | 11
#1353-d132 @A: 21 14 13 28 | 03
#1354-d132 @A: 20 33 18 14 | 10
#1355-d132 @A: 20 23 02 01 | 12
#1356-d132 @A: 23 25 17 16 | 05
#1357-d132 @A: 17 32 23 26 | 07
#1358-d132 @A: 24 19 29 23 | 08
#1359-d132 @A: 18 29 25 23 | 01
#1360-d132 @A: 23 25 22 32 | 09
#1361-d132 @A: 21 28 23 09 | 06
#1362-d132 @A: 30 09 19 23 | 04
#1363-d132 @A: 19 23 27 18 | 02
#1364-d132 @A: 23 30 20 32 | 11
#1365-d132 @A: 06 30 26 23 | 03
#1366-d132 @A: 27 04 09 01 | 10
#1367-d132 @A: 15 01 09 16 | 12
#1368-d132 @A: 03 35 08 01 | 05
#1369-d132 @A: 01 28 08 21 | 07
#1370-d132 @A: 16 32 24 01 | 08
#1371-d132 @A: 09 06 01 32 | 01
#1372-d132 @A: 06 01 05 19 | 09
#1373-d132 @A: 33 01 13 06 | 06
#1374-d132 @A: 04 08 30 35 | 04
#1375-d132 @A: 34 28 33 04 | 02
#1376-d132 @A: 13 04 34 19 | 11
#1377-d132 @A: 32 30 21 04 | 03
#1378-d132 @A: 04 20 26 03 | 10
#1379-d132 @A: 17 13 15 25 | 12
#1380-d132 @A: 09 34 15 08 | 05
#1381-d132 @A: 06 24 29 15 | 07
#1382-d132 @A: 15 02 03 25 | 08
#1383-d132 @A: 27 26 15 09 | 01
#1384-d132 @A: 30 19 15 22 | 09
#1385-d132 @A: 18 28 22 17 | 06
#1386-d132 @A: 30 17 32 06 | 04
#1387-d132 @A: 32 33 03 17 | 02
#1388-d132 @A: 06 35 30 02 | 11
#1389-d132 @A: 06 21 35 27 | 03
#1390-d132 @A: 26 30 35 27 | 10
#1391-d132 @A: 32 26 18 35 | 12
#1392-d132 @A: 26 35 20 05 | 05
#1393-d132 @A: 18 29 08 06 | 07
#1394-d132 @A: 08 19 28 24 | 08
#1395-d132 @A: 13 08 27 19 | 01
#1396-d132 @A: 20 03 08 06 | 09
#1397-d132 @A: 16 24 25 29 | 06
#1398-d132 @A: 32 05 29 24 | 04
#1399-d132 @A: 29 02 13 06 | 02
#1400-d132 @A: 09 29 33 32 | 11
#1401-d132 @A: 34 29 33 27 | 03
#1402-d132 @A: 30 29 18 26 | 10
#1403-d132 @A: 03 19 24 06 | 12
#1404-d132 @A: 33 32 24 26 | 05
#1405-d132 @A: 27 32 02 28 | 07
#1406-d132 @A: 27 30 09 02 | 08
#1407-d132 @A: 28 16 32 34 | 01
#1408-d132 @A: 20 28 26 16 | 09
#1409-d132 @A: 16 28 06 33 | 06
#1410-d132 @A: 28 03 16 21 | 04
#1411-d132 @A: 20 33 16 32 | 02
#1412-d132 @A: 22 33 25 27 | 11
#1413-d132 @A: 20 18 27 25 | 03
#1414-d132 @A: 25 22 30 06 | 10
#1415-d132 @A: 13 25 03 32 | 12
#1416-d132 @A: 05 28 03 06 | 05
#1417-d132 @A: 19 33 03 05 | 07
#1418-d132 @A: 14 09 07 15 | 08
#1419-d132 @A: 07 14 13 16 | 01
#1420-d132 @A: 08 23 18 07 | 09
#1421-d132 @A: 07 03 27 23 | 06
#1422-d132 @A: 07 27 04 20 | 04
#1423-d132 @A: 07 34 15 21 | 02
#1424-d132 @A: 30 35 07 29 | 11
#1425-d132 @A: 28 07 21 26 | 03
#1426-d132 @A: 33 06 07 26 | 10
#1427-d132 @A: 24 11 32 12 | 12
#1428-d132 @A: 10 02 11 01 | 05
#1429-d132 @A: 11 27 10 35 | 07
#1430-d132 @A: 22 11 06 10 | 08
#1431-d132 @A: 25 23 11 20 | 01
#1432-d132 @A: 06 26 11 04 | 09
#1433-d132 @A: 32 17 16 11 | 06
#1434-d132 @A: 17 30 22 11 | 04
#1435-d132 @A: 11 06 33 02 | 02
#1436-d132 @A: 09 11 30 33 | 11
#1437-d132 @A: 20 19 11 18 | 03
#1438-d132 @A: 32 18 11 03 | 10
#1439-d132 @A: 35 13 12 10 | 12
#1440-d132 @A: 31 35 21 12 | 05
#1441-d132 @A: 34 25 31 12 | 07
#1442-d132 @A: 01 25 13 12 | 08
#1443-d132 @A: 01 32 28 12 | 01
#1444-d132 @A: 12 04 30 29 | 09
#1445-d132 @A: 12 16 20 35 | 06
#1446-d132 @A: 08 33 29 12 | 04
#1447-d132 @A: 09 08 16 12 | 02
#1448-d132 @A: 26 08 12 28 | 11
#1449-d132 @A: 13 21 12 33 | 03
#1450-d132 @A: 31 32 10 25 | 10
#1451-d132 @A: 04 14 18 10 | 12
#1452-d132 @A: 14 15 03 10 | 05
#1453-d132 @A: 14 17 10 13 | 07
#1454-d132 @A: 14 10 28 33 | 08
#1455-d132 @A: 22 15 23 10 | 01
#1456-d132 @A: 10 04 19 02 | 09
#1457-d132 @A: 28 02 35 10 | 06
#1458-d132 @A: 26 08 10 13 | 04
#1459-d132 @A: 33 10 02 16 | 02
#1460-d132 @A: 13 09 19 10 | 11
#1461-d132 @A: 10 32 26 19 | 03
#1462-d132 @A: 20 22 10 27 | 10
#1463-d132 @A: 14 02 28 31 | 12
#1464-d132 @A: 23 31 29 04 | 05
#1465-d132 @A: 31 05 32 23 | 07
#1466-d132 @A: 31 04 16 03 | 08
#1467-d132 @A: 09 04 31 19 | 01
#1468-d132 @A: 15 13 31 18 | 09
#1469-d132 @A: 08 31 17 33 | 06
#1470-d132 @A: 08 35 31 20 | 04
#1471-d132 @A: 29 08 30 31 | 02
#1472-d132 @A: 13 31 09 24 | 11
#1473-d132 @A: 31 27 34 16 | 03
#1474-d132 @A: 31 28 19 30 | 10
#1475-d132 @A: 31 22 03 09 | 12
#1476-d132 @A: 31 18 19 32 | 05
#1477-d132 @A: 13 31 34 21 | 07
#1478-d132 @A: 01 17 20 14 | 08
#1479-d132 @A: 14 16 04 30 | 01
#1480-d132 @A: 34 28 15 14 | 09
#1481-d132 @A: 35 06 16 14 | 06
#1482-d132 @A: 27 08 29 14 | 04
#1483-d132 @A: 21 24 16 14 | 02
#1484-d132 @A: 09 14 33 19 | 11
#1485-d132 @A: 34 09 20 14 | 03
#1486-d132 @A: 06 33 14 32 | 10
#1487-d132 @A: 26 06 13 14 | 12
#1488-d132 @A: 14 30 03 18 | 05
#1489-d132 @A: 26 23 05 01 | 07
#1490-d132 @A: 15 08 23 05 | 08
#1491-d132 @A: 09 23 29 17 | 01
#1492-d132 @A: 24 23 17 21 | 09
#1493-d132 @A: 16 09 32 23 | 06
#1494-d132 @A: 06 03 28 23 | 04
#1495-d132 @A: 22 17 04 01 | 02
#1496-d132 @A: 01 02 26 08 | 11
#1497-d132 @A: 03 01 29 16 | 03
#1498-d132 @A: 27 24 22 01 | 10
#1499-d132 @A: 26 28 19 01 | 12
#1500-d132 @A: 01 13 30 28 | 05
#1501-d132 @A: 13 01 22 19 | 07
#1502-d132 @A: 20 22 18 01 | 08
#1503-d132 @A: 29 04 16 05 | 01
#1504-d132 @A: 16 02 28 04 | 09
#1505-d132 @A: 04 16 22 13 | 06
#1506-d132 @A: 33 20 09 04 | 04
#1507-d132 @A: 33 04 30 22 | 02
#1508-d132 @A: 35 18 15 17 | 11
#1509-d132 @A: 15 17 16 03 | 03
#1510-d132 @A: 15 30 28 17 | 10
#1511-d132 @A: 17 09 33 15 | 12
#1512-d132 @A: 15 08 27 25 | 05
#1513-d132 @A: 15 20 06 25 | 07
#1514-d132 @A: 05 03 25 15 | 08
#1515-d132 @A: 15 19 34 33 | 01
#1516-d132 @A: 27 19 20 15 | 09
#1517-d132 @A: 27 35 17 22 | 06
#1518-d132 @A: 08 17 16 28 | 04
#1519-d132 @A: 20 17 22 29 | 02
#1520-d132 @A: 25 02 33 17 | 11
#1521-d132 @A: 17 32 20 27 | 03
#1522-d132 @A: 17 21 30 27 | 10
#1523-d132 @A: 21 29 35 08 | 12
#1524-d132 @A: 02 13 35 24 | 05
#1525-d132 @A: 19 35 27 09 | 07
#1526-d132 @A: 19 26 35 06 | 08
#1527-d132 @A: 21 03 20 35 | 01
#1528-d132 @A: 26 05 08 29 | 09
#1529-d132 @A: 06 08 25 02 | 06
#1530-d132 @A: 27 08 33 20 | 04
#1531-d132 @A: 18 30 08 22 | 02
#1532-d132 @A: 22 27 21 29 | 11
#1533-d132 @A: 20 29 06 33 | 03
#1534-d132 @A: 33 29 21 26 | 10
#1535-d132 @A: 03 24 16 20 | 12
#1536-d132 @A: 05 06 27 24 | 05
#1537-d132 @A: 02 16 05 22 | 07
#1538-d132 @A: 26 16 18 02 | 08
#1539-d132 @A: 20 27 02 13 | 01
#1540-d132 @A: 02 03 27 26 | 09
#1541-d132 @A: 21 25 09 16 | 06
#1542-d132 @A: 09 16 06 30 | 04
#1543-d132 @A: 26 13 16 19 | 02
#1544-d132 @A: 18 16 34 33 | 11
#1545-d132 @A: 25 34 20 28 | 03
#1546-d132 @A: 20 22 25 09 | 10
#1547-d132 @A: 32 27 19 25 | 12
#1548-d132 @A: 18 34 25 13 | 05
#1549-d132 @A: 34 18 25 05 | 07
#1550-d132 @A: 31 33 07 11 | 08
#1551-d132 @A: 12 32 07 16 | 01
#1552-d132 @A: 12 07 03 26 | 09
#1553-d132 @A: 35 34 07 10 | 06
#1554-d132 @A: 24 31 07 23 | 04
#1555-d132 @A: 31 17 09 07 | 02
#1556-d132 @A: 14 02 07 23 | 11
#1557-d132 @A: 07 18 14 25 | 03
#1558-d132 @A: 07 22 01 33 | 10
#1559-d132 @A: 19 29 07 04 | 12
#1560-d132 @A: 03 15 07 29 | 05
#1561-d132 @A: 07 32 08 29 | 07
#1562-d132 @A: 29 07 28 05 | 08
#1563-d132 @A: 26 25 24 07 | 01
#1564-d132 @A: 22 24 06 07 | 09
#1565-d132 @A: 16 18 07 28 | 06
#1566-d132 @A: 32 22 28 07 | 04
#1567-d132 @A: 07 27 22 19 | 02
#1568-d132 @A: 13 07 21 22 | 11
#1569-d132 @A: 11 12 33 17 | 03
#1570-d132 @A: 10 11 19 17 | 10
#1571-d132 @A: 11 05 22 10 | 12
#1572-d132 @A: 11 10 20 13 | 05
#1573-d132 @A: 35 22 11 14 | 07
#1574-d132 @A: 05 11 16 14 | 08
#1575-d132 @A: 25 14 11 19 | 01
#1576-d132 @A: 23 11 29 33 | 09
#1577-d132 @A: 35 13 11 01 | 06
#1578-d132 @A: 25 11 28 04 | 04
#1579-d132 @A: 11 15 17 06 | 02
#1580-d132 @A: 11 35 33 20 | 11
#1581-d132 @A: 08 25 11 26 | 03
#1582-d132 @A: 11 05 20 08 | 10
#1583-d132 @A: 22 24 02 11 | 12
#1584-d132 @A: 11 33 27 28 | 05
#1585-d132 @A: 18 22 11 21 | 07
#1586-d132 @A: 03 17 10 12 | 08
#1587-d132 @A: 23 14 19 12 | 01
#1588-d132 @A: 12 01 14 33 | 09
#1589-d132 @A: 29 14 12 09 | 06
#1590-d132 @A: 18 25 12 04 | 04
#1591-d132 @A: 26 12 25 15 | 02
#1592-d132 @A: 12 17 20 25 | 11
#1593-d132 @A: 12 28 09 06 | 03
#1594-d132 @A: 15 10 31 01 | 10
#1595-d132 @A: 27 10 29 23 | 12
#1596-d132 @A: 23 32 10 24 | 05
#1597-d132 @A: 10 16 23 28 | 07
#1598-d132 @A: 10 27 24 04 | 08
#1599-d132 @A: 10 15 27 16 | 01
#1600-d132 @A: 08 22 09 10 | 09
#1601-d132 @A: 13 28 10 34 | 06
#1602-d132 @A: 06 08 31 14 | 04
#1603-d132 @A: 14 09 16 31 | 02
#1604-d132 @A: 15 22 31 28 | 11
#1605-d132 @A: 02 17 03 31 | 03
#1606-d132 @A: 08 25 22 31 | 10
#1607-d132 @A: 31 27 25 05 | 12
#1608-d132 @A: 27 03 20 31 | 05
#1609-d132 @A: 14 09 01 23 | 07
#1610-d132 @A: 23 14 22 04 | 08
#1611-d132 @A: 01 08 32 14 | 01
#1612-d132 @A: 14 16 28 01 | 09
#1613-d132 @A: 15 14 04 06 | 06
#1614-d132 @A: 09 04 14 03 | 04
#1615-d132 @A: 04 03 05 14 | 02
#1616-d132 @A: 22 08 14 24 | 11
#1617-d132 @A: 05 20 14 24 | 03
#1618-d132 @A: 02 19 14 27 | 10
#1619-d132 @A: 06 14 21 05 | 12
#1620-d132 @A: 03 01 15 23 | 05
#1621-d132 @A: 01 13 23 16 | 07
#1622-d132 @A: 21 15 23 04 | 08
#1623-d132 @A: 04 16 19 23 | 01
#1624-d132 @A: 06 23 04 25 | 09
#1625-d132 @A: 33 35 08 23 | 06
#1626-d132 @A: 08 28 23 29 | 04
#1627-d132 @A: 23 34 24 02 | 02
#1628-d132 @A: 23 02 22 16 | 11
#1629-d132 @A: 13 30 23 34 | 03
#1630-d132 @A: 13 23 18 22 | 10
#1631-d132 @A: 02 30 01 04 | 12
#1632-d132 @A: 19 15 01 17 | 05
#1633-d132 @A: 02 28 01 17 | 07
#1634-d132 @A: 35 01 19 29 | 08
#1635-d132 @A: 05 08 16 01 | 01
#1636-d132 @A: 01 19 34 30 | 09
#1637-d132 @A: 01 05 22 18 | 06
#1638-d132 @A: 08 33 15 04 | 04
#1639-d132 @A: 35 18 04 19 | 02
#1640-d132 @A: 32 04 35 34 | 11
#1641-d132 @A: 22 04 05 08 | 03
#1642-d132 @A: 04 09 34 02 | 10
#1643-d132 @A: 13 09 04 32 | 12
#1644-d132 @A: 04 26 21 09 | 05
#1645-d132 @A: 35 24 05 15 | 07
#1646-d132 @A: 09 15 02 35 | 08
#1647-d132 @A: 22 08 03 15 | 01
#1648-d132 @A: 02 05 20 15 | 09
#1649-d132 @A: 28 15 19 09 | 06
#1650-d132 @A: 03 34 06 15 | 04
#1651-d132 @A: 22 06 15 13 | 02
#1652-d132 @A: 33 30 06 15 | 11
#1653-d132 @A: 19 26 33 17 | 03
#1654-d132 @A: 34 17 26 03 | 10
#1655-d132 @A: 18 32 21 17 | 12
#1656-d132 @A: 20 06 17 18 | 05
#1657-d132 @A: 27 28 20 35 | 07
#1658-d132 @A: 35 13 22 28 | 08
#1659-d132 @A: 34 09 06 35 | 01
#1660-d132 @A: 05 22 13 35 | 09
#1661-d132 @A: 33 18 06 35 | 06
#1662-d132 @A: 30 05 18 35 | 04
#1663-d132 @A: 34 08 28 18 | 02
#1664-d132 @A: 18 09 27 08 | 11
#1665-d132 @A: 08 18 20 32 | 03
#1666-d132 @A: 29 02 21 20 | 10
#1667-d132 @A: 29 26 06 28 | 12
#1668-d132 @A: 29 09 21 03 | 05
#1669-d132 @A: 19 06 29 34 | 07
#1670-d132 @A: 27 19 26 29 | 08
#1671-d132 @A: 13 24 03 28 | 01
#1672-d132 @A: 24 30 21 28 | 09
#1673-d132 @A: 24 09 03 32 | 06
#1674-d132 @A: 24 05 18 09 | 04
#1675-d132 @A: 19 24 21 05 | 02
#1676-d132 @A: 32 18 02 09 | 11
#1677-d132 @A: 03 02 22 30 | 03
#1678-d132 @A: 32 05 02 33 | 10
#1679-d132 @A: 03 33 16 25 | 12
#1680-d132 @A: 16 27 32 18 | 05
#1681-d132 @A: 09 19 18 25 | 07
#1682-d132 @A: 25 09 34 33 | 08
#1683-d132 @A: 27 26 25 13 | 01
#1684-d132 @A: 22 03 26 25 | 09
#1685-d132 @A: 05 28 34 21 | 06
#1686-d132 @A: 22 33 28 05 | 04
#1687-d132 @A: 09 05 03 21 | 02
#1688-d132 @A: 30 27 21 05 | 11
#1689-d132 @A: 13 05 33 06 | 03
