#0001-d138 @A: 27 08 34 06 | 07
#0002-d138 @A: 20 27 12 08 | 08
#0003-d138 @A: 11 08 17 27 | 01
#0004-d138 @A: 01 27 15 22 | 09
#0005-d138 @A: 20 27 18 01 | 06
#0006-d138 @A: 27 05 04 25 | 04
#0007-d138 @A: 27 09 03 12 | 02
#0008-d138 @A: 31 27 26 07 | 11
#0009-d138 @A: 07 19 15 27 | 03
#0010-d138 @A: 27 04 23 17 | 10
#0011-d138 @A: 27 15 13 26 | 12
#0012-d138 @A: 09 18 27 14 | 05
#0013-d138 @A: 06 27 33 13 | 07
#0014-d138 @A: 06 21 27 04 | 08
#0015-d138 @A: 27 18 06 05 | 01
#0016-d138 @A: 29 34 19 08 | 09
#0017-d138 @A: 34 17 08 09 | 06
#0018-d138 @A: 30 34 09 25 | 04
#0019-d138 @A: 34 23 30 33 | 02
#0020-d138 @A: 03 16 02 34 | 11
#0021-d138 @A: 34 18 01 04 | 03
#0022-d138 @A: 05 25 23 34 | 10
#0023-d138 @A: 33 22 18 34 | 12
#0024-d138 @A: 08 30 22 32 | 05
#0025-d138 @A: 30 26 13 08 | 07
#0026-d138 @A: 20 08 22 01 | 08
#0027-d138 @A: 05 01 08 17 | 01
#0028-d138 @A: 11 15 24 08 | 09
#0029-d138 @A: 23 08 07 03 | 06
#0030-d138 @A: 08 03 35 28 | 04
#0031-d138 @A: 08 19 17 06 | 02
#0032-d138 @A: 32 08 04 19 | 11
#0033-d138 @A: 23 29 16 08 | 03
#0034-d138 @A: 07 08 10 17 | 10
#0035-d138 @A: 05 18 08 13 | 12
#0036-d138 @A: 33 08 21 32 | 05
#0037-d138 @A: 21 28 08 09 | 07
#0038-d138 @A: 02 22 30 16 | 08
#0039-d138 @A: 02 30 23 26 | 01
#0040-d138 @A: 03 25 24 30 | 09
#0041-d138 @A: 07 30 35 25 | 06
#0042-d138 @A: 24 04 12 30 | 04
#0043-d138 @A: 30 04 03 23 | 02
#0044-d138 @A: 30 12 19 16 | 11
#0045-d138 @A: 30 14 17 12 | 03
#0046-d138 @A: 30 14 28 19 | 10
#0047-d138 @A: 15 09 04 30 | 12
#0048-d138 @A: 30 21 26 14 | 05
#0049-d138 @A: 30 11 29 26 | 07
#0050-d138 @A: 29 32 30 05 | 08
#0051-d138 @A: 05 18 30 33 | 01
#0052-d138 @A: 01 02 14 17 | 09
#0053-d138 @A: 24 25 02 11 | 06
#0054-d138 @A: 29 02 35 24 | 04
#0055-d138 @A: 02 28 10 24 | 02
#0056-d138 @A: 02 24 26 07 | 11
#0057-d138 @A: 12 02 31 21 | 03
#0058-d138 @A: 28 02 04 31 | 10
#0059-d138 @A: 02 20 22 18 | 12
#0060-d138 @A: 02 35 18 10 | 05
#0061-d138 @A: 02 26 15 09 | 07
#0062-d138 @A: 05 02 14 29 | 08
#0063-d138 @A: 13 18 28 02 | 01
#0064-d138 @A: 04 02 32 29 | 09
#0065-d138 @A: 06 05 02 09 | 06
#0066-d138 @A: 01 23 11 03 | 04
#0067-d138 @A: 17 01 16 03 | 02
#0068-d138 @A: 31 06 01 20 | 11
#0069-d138 @A: 12 01 13 19 | 03
#0070-d138 @A: 01 19 22 06 | 10
#0071-d138 @A: 01 07 16 20 | 12
#0072-d138 @A: 23 17 21 01 | 05
#0073-d138 @A: 28 01 23 10 | 07
#0074-d138 @A: 07 29 01 10 | 08
#0075-d138 @A: 11 15 01 13 | 01
#0076-d138 @A: 29 28 01 13 | 09
#0077-d138 @A: 06 01 16 05 | 06
#0078-d138 @A: 25 19 09 24 | 04
#0079-d138 @A: 25 31 11 20 | 02
#0080-d138 @A: 25 19 31 16 | 11
#0081-d138 @A: 13 35 31 25 | 03
#0082-d138 @A: 17 25 12 10 | 10
#0083-d138 @A: 14 10 25 22 | 12
#0084-d138 @A: 20 25 05 17 | 05
#0085-d138 @A: 32 14 25 05 | 07
#0086-d138 @A: 13 33 25 11 | 08
#0087-d138 @A: 18 25 33 21 | 01
#0088-d138 @A: 24 06 03 17 | 09
#0089-d138 @A: 06 24 10 31 | 06
#0090-d138 @A: 31 11 24 26 | 04
#0091-d138 @A: 24 21 07 31 | 02
#0092-d138 @A: 23 28 24 35 | 11
#0093-d138 @A: 06 05 15 24 | 03
#0094-d138 @A: 13 16 26 24 | 10
#0095-d138 @A: 28 24 32 33 | 12
#0096-d138 @A: 23 19 29 03 | 05
#0097-d138 @A: 03 19 26 09 | 07
#0098-d138 @A: 19 04 06 03 | 08
#0099-d138 @A: 17 14 23 03 | 01
#0100-d138 @A: 32 17 29 03 | 09
#0101-d138 @A: 14 11 03 32 | 06
#0102-d138 @A: 18 09 03 05 | 04
#0103-d138 @A: 22 12 06 31 | 02
#0104-d138 @A: 12 05 17 31 | 11
#0105-d138 @A: 23 31 07 22 | 03
#0106-d138 @A: 17 20 31 18 | 10
#0107-d138 @A: 20 05 29 31 | 12
#0108-d138 @A: 28 23 31 19 | 05
#0109-d138 @A: 35 05 10 31 | 07
#0110-d138 @A: 18 10 28 31 | 08
#0111-d138 @A: 11 07 15 31 | 01
#0112-d138 @A: 09 14 04 31 | 09
#0113-d138 @A: 14 31 32 16 | 06
#0114-d138 @A: 07 13 31 29 | 04
#0115-d138 @A: 31 11 29 33 | 02
#0116-d138 @A: 07 21 06 31 | 11
#0117-d138 @A: 35 22 09 12 | 03
#0118-d138 @A: 16 12 10 22 | 10
#0119-d138 @A: 15 12 14 09 | 12
#0120-d138 @A: 28 07 14 12 | 05
#0121-d138 @A: 12 32 13 06 | 07
#0122-d138 @A: 17 15 22 23 | 08
#0123-d138 @A: 23 13 22 10 | 01
#0124-d138 @A: 22 21 29 11 | 09
#0125-d138 @A: 10 32 20 19 | 06
#0126-d138 @A: 20 33 10 16 | 04
#0127-d138 @A: 26 15 20 06 | 02
#0128-d138 @A: 18 15 32 20 | 11
#0129-d138 @A: 05 13 33 20 | 03
#0130-d138 @A: 19 14 17 35 | 10
#0131-d138 @A: 10 35 04 19 | 12
#0132-d138 @A: 10 33 13 19 | 05
#0133-d138 @A: 19 29 14 07 | 07
#0134-d138 @A: 14 19 05 21 | 08
#0135-d138 @A: 19 29 33 06 | 01
#0136-d138 @A: 06 18 23 15 | 09
#0137-d138 @A: 32 15 23 05 | 06
#0138-d138 @A: 32 23 04 11 | 04
#0139-d138 @A: 28 23 04 07 | 02
#0140-d138 @A: 28 21 35 15 | 11
#0141-d138 @A: 32 04 18 35 | 03
#0142-d138 @A: 11 21 35 09 | 10
#0143-d138 @A: 18 35 09 28 | 12
#0144-d138 @A: 14 17 21 10 | 05
#0145-d138 @A: 04 10 28 17 | 07
#0146-d138 @A: 17 07 14 15 | 08
#0147-d138 @A: 17 09 32 13 | 01
#0148-d138 @A: 16 17 21 26 | 09
#0149-d138 @A: 11 06 17 04 | 06
#0150-d138 @A: 07 17 21 09 | 04
#0151-d138 @A: 28 10 11 15 | 02
#0152-d138 @A: 14 10 07 32 | 11
#0153-d138 @A: 28 33 32 07 | 03
#0154-d138 @A: 25 27 14 34 | 10
#0155-d138 @A: 08 07 27 05 | 12
#0156-d138 @A: 14 27 31 01 | 05
#0157-d138 @A: 27 05 23 01 | 07
#0158-d138 @A: 01 07 33 27 | 08
#0159-d138 @A: 23 24 27 16 | 01
#0160-d138 @A: 31 20 27 13 | 09
#0161-d138 @A: 05 12 27 28 | 06
#0162-d138 @A: 22 20 27 09 | 04
#0163-d138 @A: 17 22 14 27 | 02
#0164-d138 @A: 27 05 22 29 | 11
#0165-d138 @A: 28 27 29 23 | 03
#0166-d138 @A: 29 14 27 16 | 10
#0167-d138 @A: 11 09 32 27 | 12
#0168-d138 @A: 32 08 34 01 | 05
#0169-d138 @A: 10 08 05 34 | 07
#0170-d138 @A: 13 12 34 30 | 08
#0171-d138 @A: 23 01 31 34 | 01
#0172-d138 @A: 19 01 34 15 | 09
#0173-d138 @A: 12 35 25 34 | 06
#0174-d138 @A: 34 24 33 20 | 04
#0175-d138 @A: 34 03 33 06 | 02
#0176-d138 @A: 21 34 20 31 | 11
#0177-d138 @A: 12 34 07 13 | 03
#0178-d138 @A: 19 11 34 22 | 10
#0179-d138 @A: 34 05 26 15 | 12
#0180-d138 @A: 29 04 34 05 | 05
#0181-d138 @A: 16 06 34 04 | 07
#0182-d138 @A: 08 33 25 30 | 08
#0183-d138 @A: 20 16 30 08 | 01
#0184-d138 @A: 30 29 08 09 | 09
#0185-d138 @A: 02 08 01 16 | 06
#0186-d138 @A: 02 06 08 12 | 04
#0187-d138 @A: 18 02 11 08 | 02
#0188-d138 @A: 29 31 01 08 | 11
#0189-d138 @A: 08 01 23 06 | 03
#0190-d138 @A: 10 08 25 04 | 10
#0191-d138 @A: 17 29 08 24 | 12
#0192-d138 @A: 15 03 12 08 | 05
#0193-d138 @A: 26 03 08 20 | 07
#0194-d138 @A: 04 03 17 08 | 08
#0195-d138 @A: 08 33 10 23 | 01
#0196-d138 @A: 08 16 07 35 | 09
#0197-d138 @A: 30 14 02 18 | 06
#0198-d138 @A: 17 25 30 15 | 04
#0199-d138 @A: 28 24 30 22 | 02
#0200-d138 @A: 24 30 23 05 | 11
#0201-d138 @A: 31 12 11 30 | 03
#0202-d138 @A: 35 18 30 31 | 10
#0203-d138 @A: 07 26 22 30 | 12
#0204-d138 @A: 19 23 30 20 | 05
#0205-d138 @A: 35 29 30 19 | 07
#0206-d138 @A: 19 05 10 30 | 08
#0207-d138 @A: 07 19 28 30 | 01
#0208-d138 @A: 06 13 30 29 | 09
#0209-d138 @A: 15 02 10 25 | 06
#0210-d138 @A: 02 18 25 32 | 04
#0211-d138 @A: 31 03 18 02 | 02
#0212-d138 @A: 13 02 03 14 | 11
#0213-d138 @A: 02 19 33 31 | 03
#0214-d138 @A: 12 35 05 02 | 10
#0215-d138 @A: 02 20 17 21 | 12
#0216-d138 @A: 18 02 07 17 | 05
#0217-d138 @A: 15 14 33 02 | 07
#0218-d138 @A: 04 15 06 02 | 08
#0219-d138 @A: 29 33 02 26 | 01
#0220-d138 @A: 16 26 02 28 | 09
#0221-d138 @A: 02 09 21 16 | 06
#0222-d138 @A: 01 25 20 32 | 04
#0223-d138 @A: 04 01 25 17 | 02
#0224-d138 @A: 01 15 03 20 | 11
#0225-d138 @A: 03 07 05 01 | 03
#0226-d138 @A: 12 31 01 04 | 10
#0227-d138 @A: 33 12 01 23 | 12
#0228-d138 @A: 13 17 20 01 | 05
#0229-d138 @A: 11 01 32 06 | 07
#0230-d138 @A: 01 09 28 32 | 08
#0231-d138 @A: 25 23 24 33 | 01
#0232-d138 @A: 26 06 25 24 | 09
#0233-d138 @A: 03 20 25 09 | 06
#0234-d138 @A: 31 20 25 07 | 04
#0235-d138 @A: 22 32 19 25 | 02
#0236-d138 @A: 21 25 29 13 | 11
#0237-d138 @A: 13 32 25 28 | 03
#0238-d138 @A: 19 03 15 24 | 10
#0239-d138 @A: 32 19 24 26 | 12
#0240-d138 @A: 35 24 14 07 | 05
#0241-d138 @A: 32 16 24 15 | 07
#0242-d138 @A: 26 24 29 14 | 08
#0243-d138 @A: 24 21 16 14 | 01
#0244-d138 @A: 09 29 16 24 | 09
#0245-d138 @A: 10 05 03 12 | 06
#0246-d138 @A: 33 28 12 03 | 04
#0247-d138 @A: 03 21 07 12 | 02
#0248-d138 @A: 10 03 32 21 | 11
#0249-d138 @A: 15 03 06 14 | 03
#0250-d138 @A: 04 03 15 28 | 10
#0251-d138 @A: 11 03 15 09 | 12
#0252-d138 @A: 31 12 29 35 | 05
#0253-d138 @A: 22 31 10 15 | 07
#0254-d138 @A: 04 10 31 20 | 08
#0255-d138 @A: 31 28 16 07 | 01
#0256-d138 @A: 12 19 33 22 | 09
#0257-d138 @A: 32 12 28 20 | 06
#0258-d138 @A: 12 04 19 17 | 04
#0259-d138 @A: 35 04 12 23 | 02
#0260-d138 @A: 12 14 18 35 | 11
#0261-d138 @A: 32 12 16 35 | 03
#0262-d138 @A: 12 14 26 06 | 10
#0263-d138 @A: 22 32 17 21 | 12
#0264-d138 @A: 04 22 14 13 | 05
#0265-d138 @A: 18 05 21 22 | 07
#0266-d138 @A: 16 21 33 22 | 08
#0267-d138 @A: 23 33 17 20 | 01
#0268-d138 @A: 20 23 14 07 | 09
#0269-d138 @A: 26 21 33 20 | 06
#0270-d138 @A: 33 04 18 20 | 04
#0271-d138 @A: 06 33 20 09 | 02
#0272-d138 @A: 06 19 15 13 | 11
#0273-d138 @A: 19 09 28 15 | 03
#0274-d138 @A: 04 09 13 19 | 10
#0275-d138 @A: 21 19 32 13 | 12
#0276-d138 @A: 21 19 16 28 | 05
#0277-d138 @A: 23 18 17 05 | 07
#0278-d138 @A: 21 23 13 18 | 08
#0279-d138 @A: 06 05 23 29 | 01
#0280-d138 @A: 33 09 11 23 | 09
#0281-d138 @A: 18 23 09 32 | 06
#0282-d138 @A: 33 29 35 18 | 04
#0283-d138 @A: 06 35 18 16 | 02
#0284-d138 @A: 35 07 28 09 | 11
#0285-d138 @A: 32 17 15 10 | 03
#0286-d138 @A: 29 14 17 04 | 10
#0287-d138 @A: 06 33 17 26 | 12
#0288-d138 @A: 09 15 10 33 | 05
#0289-d138 @A: 28 14 32 10 | 07
#0290-d138 @A: 11 16 07 14 | 08
#0291-d138 @A: 04 18 11 07 | 01
#0292-d138 @A: 34 07 14 27 | 09
#0293-d138 @A: 26 34 29 27 | 06
#0294-d138 @A: 27 30 08 14 | 04
#0295-d138 @A: 27 35 29 08 | 02
#0296-d138 @A: 01 27 30 04 | 11
#0297-d138 @A: 29 27 12 01 | 03
#0298-d138 @A: 32 01 27 17 | 10
#0299-d138 @A: 24 15 27 31 | 12
#0300-d138 @A: 10 04 27 12 | 05
#0301-d138 @A: 10 12 27 07 | 07
#0302-d138 @A: 27 10 32 22 | 08
#0303-d138 @A: 27 20 23 32 | 01
#0304-d138 @A: 20 29 17 27 | 09
#0305-d138 @A: 27 05 20 10 | 06
#0306-d138 @A: 17 19 27 21 | 04
#0307-d138 @A: 14 27 10 15 | 02
#0308-d138 @A: 11 14 21 27 | 11
#0309-d138 @A: 29 09 06 27 | 03
#0310-d138 @A: 09 33 27 28 | 10
#0311-d138 @A: 25 34 15 31 | 12
#0312-d138 @A: 26 25 34 17 | 05
#0313-d138 @A: 34 25 10 18 | 07
#0314-d138 @A: 28 34 06 25 | 08
#0315-d138 @A: 34 31 24 16 | 01
#0316-d138 @A: 17 11 34 12 | 09
#0317-d138 @A: 20 34 14 19 | 06
#0318-d138 @A: 34 19 32 17 | 04
#0319-d138 @A: 32 13 34 23 | 02
#0320-d138 @A: 18 35 34 26 | 11
#0321-d138 @A: 34 15 04 33 | 03
#0322-d138 @A: 34 21 11 15 | 10
#0323-d138 @A: 33 29 34 13 | 12
#0324-d138 @A: 08 03 30 21 | 05
#0325-d138 @A: 30 31 23 08 | 07
#0326-d138 @A: 24 04 08 02 | 08
#0327-d138 @A: 08 02 33 35 | 01
#0328-d138 @A: 26 02 08 10 | 09
#0329-d138 @A: 13 07 08 02 | 06
#0330-d138 @A: 01 08 35 11 | 04
#0331-d138 @A: 26 22 25 08 | 02
#0332-d138 @A: 11 19 25 08 | 11
#0333-d138 @A: 08 25 07 14 | 03
#0334-d138 @A: 08 03 24 05 | 10
#0335-d138 @A: 08 24 10 32 | 12
#0336-d138 @A: 35 06 31 08 | 05
#0337-d138 @A: 31 17 15 08 | 07
#0338-d138 @A: 20 18 35 08 | 08
#0339-d138 @A: 08 15 32 13 | 01
#0340-d138 @A: 26 08 14 32 | 09
#0341-d138 @A: 14 18 08 06 | 06
#0342-d138 @A: 16 18 08 26 | 04
#0343-d138 @A: 08 28 05 29 | 02
#0344-d138 @A: 32 16 09 08 | 11
#0345-d138 @A: 02 24 31 30 | 03
#0346-d138 @A: 07 23 02 30 | 10
#0347-d138 @A: 02 33 21 30 | 12
#0348-d138 @A: 01 05 31 30 | 05
#0349-d138 @A: 35 25 30 14 | 07
#0350-d138 @A: 07 16 03 30 | 08
#0351-d138 @A: 30 10 13 31 | 01
#0352-d138 @A: 30 11 17 22 | 09
#0353-d138 @A: 20 30 06 17 | 06
#0354-d138 @A: 30 06 18 19 | 04
#0355-d138 @A: 32 30 23 16 | 02
#0356-d138 @A: 13 10 30 07 | 11
#0357-d138 @A: 21 13 15 30 | 03
#0358-d138 @A: 09 26 30 06 | 10
#0359-d138 @A: 01 02 31 13 | 12
#0360-d138 @A: 09 02 01 18 | 05
#0361-d138 @A: 23 03 02 33 | 07
#0362-d138 @A: 02 31 23 05 | 08
#0363-d138 @A: 22 33 11 02 | 01
#0364-d138 @A: 19 16 20 02 | 09
#0365-d138 @A: 02 15 11 23 | 06
#0366-d138 @A: 32 23 14 02 | 04
#0367-d138 @A: 14 02 09 28 | 02
#0368-d138 @A: 13 05 02 26 | 11
#0369-d138 @A: 01 26 24 23 | 03
#0370-d138 @A: 19 21 01 03 | 10
#0371-d138 @A: 11 01 31 22 | 12
#0372-d138 @A: 21 22 01 35 | 05
#0373-d138 @A: 26 01 22 33 | 07
#0374-d138 @A: 35 07 01 19 | 08
#0375-d138 @A: 35 18 01 23 | 01
#0376-d138 @A: 28 26 35 01 | 09
#0377-d138 @A: 21 01 06 14 | 06
#0378-d138 @A: 28 33 01 11 | 04
#0379-d138 @A: 33 16 32 01 | 02
#0380-d138 @A: 12 28 24 25 | 11
#0381-d138 @A: 25 12 18 31 | 03
#0382-d138 @A: 33 22 20 25 | 10
#0383-d138 @A: 15 13 22 25 | 12
#0384-d138 @A: 20 21 10 25 | 05
#0385-d138 @A: 10 25 32 23 | 07
#0386-d138 @A: 06 25 15 11 | 08
#0387-d138 @A: 31 24 22 29 | 01
#0388-d138 @A: 21 20 24 15 | 09
#0389-d138 @A: 15 10 24 23 | 06
#0390-d138 @A: 21 35 10 24 | 04
#0391-d138 @A: 24 13 11 35 | 02
#0392-d138 @A: 05 24 18 10 | 11
#0393-d138 @A: 15 24 14 18 | 03
#0394-d138 @A: 05 24 14 13 | 10
#0395-d138 @A: 04 24 16 33 | 12
#0396-d138 @A: 16 28 05 24 | 05
#0397-d138 @A: 35 03 31 09 | 07
#0398-d138 @A: 03 09 07 31 | 08
#0399-d138 @A: 16 12 26 03 | 01
#0400-d138 @A: 22 03 33 17 | 09
#0401-d138 @A: 03 26 04 21 | 06
#0402-d138 @A: 11 29 03 06 | 04
#0403-d138 @A: 31 12 15 16 | 02
#0404-d138 @A: 14 15 13 31 | 11
#0405-d138 @A: 16 13 29 31 | 03
#0406-d138 @A: 12 05 22 23 | 10
#0407-d138 @A: 12 20 05 19 | 12
#0408-d138 @A: 26 23 12 19 | 05
#0409-d138 @A: 13 33 12 09 | 07
#0410-d138 @A: 07 29 12 04 | 08
#0411-d138 @A: 11 28 12 16 | 01
#0412-d138 @A: 06 16 33 12 | 09
#0413-d138 @A: 06 07 33 12 | 06
#0414-d138 @A: 29 32 22 15 | 04
#0415-d138 @A: 05 13 11 22 | 02
#0416-d138 @A: 04 16 22 09 | 11
#0417-d138 @A: 21 18 20 14 | 03
#0418-d138 @A: 14 05 20 09 | 10
#0419-d138 @A: 04 13 32 20 | 12
#0420-d138 @A: 23 17 10 19 | 05
#0421-d138 @A: 19 23 14 09 | 07
#0422-d138 @A: 19 07 23 11 | 08
#0423-d138 @A: 19 33 05 23 | 01
#0424-d138 @A: 29 21 04 19 | 09
#0425-d138 @A: 18 16 19 04 | 06
#0426-d138 @A: 05 23 11 14 | 04
#0427-d138 @A: 23 06 28 14 | 02
#0428-d138 @A: 09 29 13 23 | 11
#0429-d138 @A: 23 13 21 07 | 03
#0430-d138 @A: 28 23 26 11 | 10
#0431-d138 @A: 28 33 04 23 | 12
#0432-d138 @A: 35 06 11 14 | 05
#0433-d138 @A: 26 06 35 04 | 07
#0434-d138 @A: 32 26 35 09 | 08
#0435-d138 @A: 04 28 29 35 | 01
#0436-d138 @A: 07 06 04 35 | 09
#0437-d138 @A: 29 35 11 32 | 06
#0438-d138 @A: 10 06 17 29 | 04
#0439-d138 @A: 14 16 17 28 | 02
#0440-d138 @A: 17 11 16 32 | 11
#0441-d138 @A: 33 10 18 32 | 03
#0442-d138 @A: 26 07 15 21 | 10
#0443-d138 @A: 04 27 34 19 | 12
#0444-d138 @A: 34 27 21 23 | 05
#0445-d138 @A: 25 27 08 24 | 07
#0446-d138 @A: 33 03 08 27 | 08
#0447-d138 @A: 32 27 30 25 | 01
#0448-d138 @A: 03 30 27 05 | 09
#0449-d138 @A: 02 05 24 27 | 06
#0450-d138 @A: 02 26 19 27 | 04
#0451-d138 @A: 35 27 25 01 | 02
#0452-d138 @A: 03 11 27 25 | 11
#0453-d138 @A: 28 27 25 26 | 03
#0454-d138 @A: 27 24 14 19 | 10
#0455-d138 @A: 27 18 22 31 | 12
#0456-d138 @A: 27 17 33 31 | 05
#0457-d138 @A: 27 20 26 35 | 07
#0458-d138 @A: 19 18 27 10 | 08
#0459-d138 @A: 11 15 27 29 | 01
#0460-d138 @A: 21 27 32 29 | 09
#0461-d138 @A: 33 16 11 27 | 06
#0462-d138 @A: 34 35 08 21 | 04
#0463-d138 @A: 14 30 31 34 | 02
#0464-d138 @A: 18 32 34 30 | 11
#0465-d138 @A: 02 20 06 34 | 03
#0466-d138 @A: 10 02 32 34 | 10
#0467-d138 @A: 13 01 10 34 | 12
#0468-d138 @A: 18 20 12 34 | 05
#0469-d138 @A: 10 34 19 26 | 07
#0470-d138 @A: 19 34 18 09 | 08
#0471-d138 @A: 23 34 10 04 | 01
#0472-d138 @A: 18 29 34 15 | 09
#0473-d138 @A: 14 34 13 26 | 06
#0474-d138 @A: 21 28 34 26 | 04
#0475-d138 @A: 23 02 13 08 | 02
#0476-d138 @A: 01 08 24 33 | 11
#0477-d138 @A: 08 12 31 26 | 03
#0478-d138 @A: 10 09 08 31 | 10
#0479-d138 @A: 12 11 22 08 | 12
#0480-d138 @A: 22 14 23 08 | 05
#0481-d138 @A: 22 08 33 07 | 07
#0482-d138 @A: 08 19 33 20 | 08
#0483-d138 @A: 21 29 08 20 | 01
#0484-d138 @A: 19 21 10 08 | 09
#0485-d138 @A: 29 15 04 08 | 06
#0486-d138 @A: 16 05 08 33 | 04
#0487-d138 @A: 32 17 30 02 | 02
#0488-d138 @A: 30 01 24 16 | 11
#0489-d138 @A: 04 30 01 07 | 03
#0490-d138 @A: 25 31 30 29 | 10
#0491-d138 @A: 32 11 30 24 | 12
#0492-d138 @A: 20 12 03 30 | 05
#0493-d138 @A: 19 03 30 32 | 07
#0494-d138 @A: 09 30 31 16 | 08
#0495-d138 @A: 33 12 30 29 | 01
#0496-d138 @A: 15 20 07 30 | 09
#0497-d138 @A: 30 16 21 29 | 06
#0498-d138 @A: 11 30 05 16 | 04
#0499-d138 @A: 32 28 06 30 | 02
#0500-d138 @A: 35 02 01 15 | 11
#0501-d138 @A: 02 10 01 33 | 03
#0502-d138 @A: 22 25 02 04 | 10
#0503-d138 @A: 26 03 02 24 | 12
#0504-d138 @A: 12 02 11 03 | 05
#0505-d138 @A: 12 09 07 02 | 07
#0506-d138 @A: 22 13 29 02 | 08
#0507-d138 @A: 11 17 35 02 | 01
#0508-d138 @A: 07 02 10 04 | 09
#0509-d138 @A: 18 02 15 21 | 06
#0510-d138 @A: 32 26 02 21 | 04
#0511-d138 @A: 11 29 16 02 | 02
#0512-d138 @A: 18 15 01 25 | 11
#0513-d138 @A: 32 03 01 22 | 03
#0514-d138 @A: 10 01 26 03 | 10
#0515-d138 @A: 19 18 01 31 | 12
#0516-d138 @A: 07 26 12 01 | 05
#0517-d138 @A: 14 01 13 33 | 07
#0518-d138 @A: 13 05 09 01 | 08
#0519-d138 @A: 29 26 04 01 | 01
#0520-d138 @A: 11 18 01 05 | 09
#0521-d138 @A: 06 01 33 18 | 06
#0522-d138 @A: 24 20 29 25 | 04
#0523-d138 @A: 35 06 03 25 | 02
#0524-d138 @A: 03 25 10 28 | 11
#0525-d138 @A: 03 18 25 26 | 03
#0526-d138 @A: 22 25 29 23 | 10
#0527-d138 @A: 25 20 35 16 | 12
#0528-d138 @A: 26 35 25 23 | 05
#0529-d138 @A: 15 25 32 09 | 07
#0530-d138 @A: 26 07 29 25 | 08
#0531-d138 @A: 03 23 24 09 | 01
#0532-d138 @A: 04 24 03 14 | 09
#0533-d138 @A: 13 12 31 24 | 06
#0534-d138 @A: 17 04 24 22 | 04
#0535-d138 @A: 18 24 04 26 | 02
#0536-d138 @A: 24 05 09 32 | 11
#0537-d138 @A: 28 09 06 24 | 03
#0538-d138 @A: 03 31 05 22 | 10
#0539-d138 @A: 22 14 03 19 | 12
#0540-d138 @A: 23 22 28 03 | 05
#0541-d138 @A: 26 03 22 11 | 07
#0542-d138 @A: 21 23 20 03 | 08
#0543-d138 @A: 15 35 03 17 | 01
#0544-d138 @A: 15 16 18 03 | 09
#0545-d138 @A: 11 04 03 05 | 06
#0546-d138 @A: 31 12 09 20 | 04
#0547-d138 @A: 33 23 31 35 | 02
#0548-d138 @A: 23 31 21 10 | 11
#0549-d138 @A: 29 23 31 14 | 03
#0550-d138 @A: 18 07 31 35 | 10
#0551-d138 @A: 28 31 21 14 | 12
#0552-d138 @A: 05 31 26 28 | 05
#0553-d138 @A: 31 04 33 05 | 07
#0554-d138 @A: 11 23 12 20 | 08
#0555-d138 @A: 13 14 12 23 | 01
#0556-d138 @A: 06 05 12 04 | 09
#0557-d138 @A: 28 12 18 06 | 06
#0558-d138 @A: 29 35 22 20 | 04
#0559-d138 @A: 07 28 20 22 | 02
#0560-d138 @A: 22 07 17 13 | 11
#0561-d138 @A: 18 15 04 22 | 03
#0562-d138 @A: 06 29 22 14 | 10
#0563-d138 @A: 26 22 29 16 | 12
#0564-d138 @A: 09 26 22 18 | 05
#0565-d138 @A: 32 29 22 07 | 07
#0566-d138 @A: 09 19 20 07 | 08
#0567-d138 @A: 26 07 20 17 | 01
#0568-d138 @A: 15 20 14 16 | 09
#0569-d138 @A: 11 14 13 20 | 06
#0570-d138 @A: 19 18 35 21 | 04
#0571-d138 @A: 33 19 16 17 | 02
#0572-d138 @A: 14 19 04 15 | 11
#0573-d138 @A: 19 28 13 26 | 03
#0574-d138 @A: 19 05 32 06 | 10
#0575-d138 @A: 33 19 21 09 | 12
#0576-d138 @A: 15 21 16 23 | 05
#0577-d138 @A: 06 04 09 23 | 07
#0578-d138 @A: 18 28 23 16 | 08
#0579-d138 @A: 21 28 32 23 | 01
#0580-d138 @A: 06 23 33 32 | 09
#0581-d138 @A: 35 10 06 15 | 06
#0582-d138 @A: 29 35 21 14 | 04
#0583-d138 @A: 35 21 13 16 | 02
#0584-d138 @A: 26 05 21 35 | 11
#0585-d138 @A: 16 35 05 29 | 03
#0586-d138 @A: 17 11 33 18 | 10
#0587-d138 @A: 15 18 10 26 | 12
#0588-d138 @A: 29 18 14 10 | 05
#0589-d138 @A: 10 13 09 18 | 07
#0590-d138 @A: 21 05 10 13 | 08
#0591-d138 @A: 07 26 06 10 | 01
#0592-d138 @A: 10 32 09 04 | 09
#0593-d138 @A: 21 18 10 11 | 06
#0594-d138 @A: 18 34 24 27 | 04
#0595-d138 @A: 34 27 09 13 | 02
#0596-d138 @A: 30 27 06 31 | 11
#0597-d138 @A: 02 27 35 04 | 03
#0598-d138 @A: 13 01 21 27 | 10
#0599-d138 @A: 27 09 16 01 | 12
#0600-d138 @A: 17 25 16 27 | 05
#0601-d138 @A: 24 35 27 32 | 07
#0602-d138 @A: 03 27 29 31 | 08
#0603-d138 @A: 04 16 15 27 | 01
#0604-d138 @A: 33 05 27 15 | 09
#0605-d138 @A: 14 13 28 27 | 06
#0606-d138 @A: 14 04 33 27 | 04
#0607-d138 @A: 02 34 24 15 | 02
#0608-d138 @A: 34 17 02 18 | 11
#0609-d138 @A: 09 03 34 28 | 03
#0610-d138 @A: 31 35 34 19 | 10
#0611-d138 @A: 17 34 28 20 | 12
#0612-d138 @A: 19 16 23 34 | 05
#0613-d138 @A: 05 13 34 35 | 07
#0614-d138 @A: 21 13 34 04 | 08
#0615-d138 @A: 13 06 18 34 | 01
#0616-d138 @A: 04 34 11 26 | 09
#0617-d138 @A: 29 09 34 11 | 06
#0618-d138 @A: 34 09 21 32 | 04
#0619-d138 @A: 19 08 14 01 | 02
#0620-d138 @A: 08 21 25 17 | 11
#0621-d138 @A: 09 14 24 08 | 03
#0622-d138 @A: 14 31 08 05 | 10
#0623-d138 @A: 16 08 21 31 | 12
#0624-d138 @A: 08 29 22 10 | 05
#0625-d138 @A: 06 20 08 32 | 07
#0626-d138 @A: 19 15 18 08 | 08
#0627-d138 @A: 08 21 04 23 | 01
#0628-d138 @A: 08 13 33 17 | 09
#0629-d138 @A: 08 07 26 11 | 06
#0630-d138 @A: 01 29 30 02 | 04
#0631-d138 @A: 12 30 32 01 | 02
#0632-d138 @A: 01 30 17 18 | 11
#0633-d138 @A: 24 29 15 30 | 03
#0634-d138 @A: 03 30 31 15 | 10
#0635-d138 @A: 30 14 16 03 | 12
#0636-d138 @A: 28 31 30 20 | 05
#0637-d138 @A: 22 30 20 13 | 07
#0638-d138 @A: 30 15 22 35 | 08
#0639-d138 @A: 06 05 21 30 | 01
#0640-d138 @A: 01 02 12 26 | 09
#0641-d138 @A: 25 16 02 12 | 06
#0642-d138 @A: 15 03 02 22 | 04
#0643-d138 @A: 02 12 17 29 | 02
#0644-d138 @A: 04 23 02 19 | 11
#0645-d138 @A: 19 02 15 17 | 03
#0646-d138 @A: 19 06 02 21 | 10
#0647-d138 @A: 02 29 21 23 | 12
#0648-d138 @A: 31 01 33 25 | 05
#0649-d138 @A: 01 04 35 13 | 07
#0650-d138 @A: 32 21 01 15 | 08
#0651-d138 @A: 11 26 21 01 | 01
#0652-d138 @A: 25 24 17 32 | 09
#0653-d138 @A: 17 03 13 25 | 06
#0654-d138 @A: 04 03 33 25 | 04
#0655-d138 @A: 26 31 10 25 | 02
#0656-d138 @A: 35 11 25 22 | 11
#0657-d138 @A: 06 24 12 20 | 03
#0658-d138 @A: 22 33 15 24 | 10
#0659-d138 @A: 20 24 10 17 | 12
#0660-d138 @A: 28 17 18 24 | 05
#0661-d138 @A: 24 26 33 05 | 07
#0662-d138 @A: 17 20 11 03 | 08
#0663-d138 @A: 03 07 29 20 | 01
#0664-d138 @A: 28 17 03 19 | 09
#0665-d138 @A: 03 10 35 29 | 06
#0666-d138 @A: 32 13 26 03 | 04
#0667-d138 @A: 33 05 32 03 | 02
#0668-d138 @A: 20 31 14 26 | 11
#0669-d138 @A: 15 18 31 33 | 03
#0670-d138 @A: 04 31 07 32 | 10
#0671-d138 @A: 11 12 35 19 | 12
#0672-d138 @A: 10 12 15 19 | 05
#0673-d138 @A: 23 12 35 07 | 07
#0674-d138 @A: 14 21 32 12 | 08
#0675-d138 @A: 28 12 29 26 | 01
#0676-d138 @A: 18 09 16 12 | 09
#0677-d138 @A: 10 09 22 21 | 06
#0678-d138 @A: 14 09 32 22 | 04
#0679-d138 @A: 28 22 09 13 | 02
#0680-d138 @A: 11 32 22 18 | 11
#0681-d138 @A: 11 22 06 09 | 03
#0682-d138 @A: 28 32 05 22 | 10
#0683-d138 @A: 16 32 06 22 | 12
#0684-d138 @A: 20 23 15 13 | 05
#0685-d138 @A: 04 20 05 15 | 07
#0686-d138 @A: 20 04 14 06 | 08
#0687-d138 @A: 26 32 20 11 | 01
#0688-d138 @A: 21 04 09 20 | 09
#0689-d138 @A: 20 11 06 18 | 06
#0690-d138 @A: 15 19 16 11 | 04
#0691-d138 @A: 19 32 18 14 | 02
#0692-d138 @A: 07 15 16 23 | 11
#0693-d138 @A: 13 33 16 23 | 03
#0694-d138 @A: 18 23 11 29 | 10
#0695-d138 @A: 09 29 07 23 | 12
#0696-d138 @A: 17 35 29 07 | 05
#0697-d138 @A: 17 35 06 09 | 07
#0698-d138 @A: 09 35 33 16 | 08
#0699-d138 @A: 17 18 15 09 | 01
#0700-d138 @A: 26 09 17 14 | 09
#0701-d138 @A: 17 04 07 33 | 06
#0702-d138 @A: 13 10 29 15 | 04
#0703-d138 @A: 06 10 32 26 | 02
#0704-d138 @A: 04 33 29 10 | 11
#0705-d138 @A: 21 10 28 33 | 03
#0706-d138 @A: 13 07 18 15 | 10
#0707-d138 @A: 15 07 28 05 | 12
#0708-d138 @A: 05 07 14 21 | 05
#0709-d138 @A: 29 07 18 28 | 07
#0710-d138 @A: 28 11 07 06 | 08
#0711-d138 @A: 34 30 27 11 | 01
#0712-d138 @A: 34 20 16 27 | 09
#0713-d138 @A: 01 27 26 08 | 06
#0714-d138 @A: 22 27 26 30 | 04
#0715-d138 @A: 02 06 03 27 | 02
#0716-d138 @A: 16 02 27 31 | 11
#0717-d138 @A: 28 22 02 27 | 03
#0718-d138 @A: 24 28 27 01 | 10
#0719-d138 @A: 24 27 04 20 | 12
#0720-d138 @A: 35 03 27 22 | 05
#0721-d138 @A: 27 13 03 19 | 07
#0722-d138 @A: 17 27 10 03 | 08
#0723-d138 @A: 27 32 03 15 | 01
#0724-d138 @A: 18 27 04 03 | 09
#0725-d138 @A: 32 19 12 27 | 06
#0726-d138 @A: 27 23 33 22 | 04
#0727-d138 @A: 28 27 21 20 | 02
#0728-d138 @A: 23 27 35 14 | 11
#0729-d138 @A: 27 13 10 35 | 03
#0730-d138 @A: 21 27 07 35 | 10
#0731-d138 @A: 27 15 17 06 | 12
#0732-d138 @A: 05 26 27 14 | 05
#0733-d138 @A: 13 29 04 27 | 07
#0734-d138 @A: 24 26 08 34 | 08
#0735-d138 @A: 04 08 20 34 | 01
#0736-d138 @A: 28 30 34 29 | 09
#0737-d138 @A: 26 34 22 02 | 06
#0738-d138 @A: 28 02 34 23 | 04
#0739-d138 @A: 12 34 31 28 | 02
#0740-d138 @A: 19 34 06 12 | 11
#0741-d138 @A: 34 23 17 06 | 03
#0742-d138 @A: 34 35 10 16 | 10
#0743-d138 @A: 09 06 14 34 | 12
#0744-d138 @A: 11 06 34 05 | 05
#0745-d138 @A: 30 08 06 11 | 07
#0746-d138 @A: 02 28 08 17 | 08
#0747-d138 @A: 14 08 03 25 | 01
#0748-d138 @A: 25 08 31 32 | 09
#0749-d138 @A: 24 08 12 16 | 06
#0750-d138 @A: 24 08 20 13 | 04
#0751-d138 @A: 17 08 18 22 | 02
#0752-d138 @A: 10 35 08 14 | 11
#0753-d138 @A: 08 21 05 11 | 03
#0754-d138 @A: 06 08 07 18 | 10
#0755-d138 @A: 18 25 20 30 | 12
#0756-d138 @A: 22 30 21 31 | 05
#0757-d138 @A: 12 22 18 30 | 07
#0758-d138 @A: 09 30 13 11 | 08
#0759-d138 @A: 18 04 29 30 | 01
#0760-d138 @A: 21 18 30 09 | 09
#0761-d138 @A: 01 25 06 02 | 06
#0762-d138 @A: 20 02 28 01 | 04
#0763-d138 @A: 02 25 28 35 | 02
#0764-d138 @A: 17 25 02 33 | 11
#0765-d138 @A: 31 26 02 35 | 03
#0766-d138 @A: 12 02 33 20 | 10
#0767-d138 @A: 02 29 10 20 | 12
#0768-d138 @A: 13 20 09 02 | 05
#0769-d138 @A: 07 15 02 35 | 07
#0770-d138 @A: 14 11 26 02 | 08
#0771-d138 @A: 11 09 04 02 | 01
#0772-d138 @A: 21 28 02 11 | 09
#0773-d138 @A: 33 28 02 05 | 06
#0774-d138 @A: 23 25 09 01 | 04
#0775-d138 @A: 25 01 21 16 | 02
#0776-d138 @A: 01 31 28 03 | 11
#0777-d138 @A: 01 17 22 28 | 03
#0778-d138 @A: 10 22 01 18 | 10
#0779-d138 @A: 01 23 32 19 | 12
#0780-d138 @A: 01 16 14 23 | 05
#0781-d138 @A: 35 17 10 01 | 07
#0782-d138 @A: 04 01 28 06 | 08
#0783-d138 @A: 01 11 09 07 | 01
#0784-d138 @A: 01 18 28 21 | 09
#0785-d138 @A: 04 25 15 24 | 06
#0786-d138 @A: 03 32 12 25 | 04
#0787-d138 @A: 31 28 22 25 | 02
#0788-d138 @A: 06 25 31 17 | 11
#0789-d138 @A: 14 25 19 12 | 03
#0790-d138 @A: 12 26 33 25 | 10
#0791-d138 @A: 19 13 25 23 | 12
#0792-d138 @A: 25 06 10 19 | 05
#0793-d138 @A: 11 29 10 25 | 07
#0794-d138 @A: 25 07 32 13 | 08
#0795-d138 @A: 24 31 04 35 | 01
#0796-d138 @A: 31 14 17 24 | 09
#0797-d138 @A: 12 23 32 24 | 06
#0798-d138 @A: 24 28 14 11 | 04
#0799-d138 @A: 07 18 24 16 | 02
#0800-d138 @A: 07 22 03 35 | 11
#0801-d138 @A: 23 35 05 03 | 03
#0802-d138 @A: 29 13 18 03 | 10
#0803-d138 @A: 16 21 03 11 | 12
#0804-d138 @A: 07 32 06 03 | 05
#0805-d138 @A: 22 19 31 04 | 07
#0806-d138 @A: 19 06 14 31 | 08
#0807-d138 @A: 31 17 23 32 | 01
#0808-d138 @A: 15 31 23 09 | 09
#0809-d138 @A: 28 13 17 31 | 06
#0810-d138 @A: 04 13 18 31 | 04
#0811-d138 @A: 32 31 26 18 | 02
#0812-d138 @A: 16 31 28 33 | 11
#0813-d138 @A: 12 29 13 20 | 03
#0814-d138 @A: 15 11 32 12 | 10
#0815-d138 @A: 26 21 12 18 | 12
#0816-d138 @A: 04 11 12 18 | 05
#0817-d138 @A: 29 32 12 09 | 07
#0818-d138 @A: 33 12 05 11 | 08
#0819-d138 @A: 22 21 19 20 | 01
#0820-d138 @A: 22 10 19 28 | 09
#0821-d138 @A: 26 15 22 19 | 06
#0822-d138 @A: 09 22 33 29 | 04
#0823-d138 @A: 33 14 20 28 | 02
#0824-d138 @A: 16 06 20 29 | 11
#0825-d138 @A: 15 19 29 05 | 03
#0826-d138 @A: 15 33 32 19 | 10
#0827-d138 @A: 19 14 13 29 | 12
#0828-d138 @A: 06 11 19 26 | 05
#0829-d138 @A: 05 23 26 10 | 07
#0830-d138 @A: 26 23 32 29 | 08
#0831-d138 @A: 23 21 06 26 | 01
#0832-d138 @A: 15 35 26 16 | 09
#0833-d138 @A: 05 26 35 07 | 06
#0834-d138 @A: 11 15 26 17 | 04
#0835-d138 @A: 32 11 17 07 | 02
#0836-d138 @A: 16 05 17 09 | 11
#0837-d138 @A: 05 16 10 15 | 03
#0838-d138 @A: 14 10 13 06 | 10
#0839-d138 @A: 26 14 33 10 | 12
#0840-d138 @A: 15 05 04 07 | 05
#0841-d138 @A: 33 09 14 07 | 07
#0842-d138 @A: 26 18 32 07 | 08
#0843-d138 @A: 30 09 27 02 | 01
#0844-d138 @A: 30 15 19 27 | 09
#0845-d138 @A: 16 35 30 27 | 06
#0846-d138 @A: 17 28 27 30 | 04
#0847-d138 @A: 27 25 23 02 | 02
#0848-d138 @A: 27 02 20 07 | 11
#0849-d138 @A: 27 25 22 21 | 03
#0850-d138 @A: 24 03 21 27 | 10
#0851-d138 @A: 26 12 27 17 | 12
#0852-d138 @A: 28 18 15 27 | 05
#0853-d138 @A: 11 26 18 27 | 07
#0854-d138 @A: 14 34 08 02 | 08
#0855-d138 @A: 34 07 28 08 | 01
#0856-d138 @A: 25 11 34 01 | 09
#0857-d138 @A: 06 24 01 34 | 06
#0858-d138 @A: 34 25 21 24 | 04
#0859-d138 @A: 32 04 34 25 | 02
#0860-d138 @A: 22 24 32 34 | 11
#0861-d138 @A: 14 23 34 24 | 03
#0862-d138 @A: 12 34 14 03 | 10
#0863-d138 @A: 03 05 34 19 | 12
#0864-d138 @A: 03 34 10 15 | 05
#0865-d138 @A: 34 21 12 10 | 07
#0866-d138 @A: 22 34 06 35 | 08
#0867-d138 @A: 22 34 16 05 | 01
#0868-d138 @A: 20 34 26 23 | 09
#0869-d138 @A: 20 11 34 35 | 06
#0870-d138 @A: 05 32 20 34 | 04
#0871-d138 @A: 34 11 10 14 | 02
#0872-d138 @A: 28 15 34 13 | 11
#0873-d138 @A: 16 34 13 11 | 03
#0874-d138 @A: 11 33 34 32 | 10
#0875-d138 @A: 21 01 12 08 | 12
#0876-d138 @A: 20 25 28 08 | 05
#0877-d138 @A: 15 08 25 35 | 07
#0878-d138 @A: 32 03 08 23 | 08
#0879-d138 @A: 31 08 13 19 | 01
#0880-d138 @A: 08 35 09 23 | 09
#0881-d138 @A: 32 18 29 08 | 06
#0882-d138 @A: 25 13 02 30 | 04
#0883-d138 @A: 30 21 25 28 | 02
#0884-d138 @A: 29 22 30 03 | 11
#0885-d138 @A: 17 09 03 30 | 03
#0886-d138 @A: 30 20 10 15 | 10
#0887-d138 @A: 30 13 17 19 | 12
#0888-d138 @A: 30 04 14 11 | 05
#0889-d138 @A: 30 13 05 04 | 07
#0890-d138 @A: 18 28 26 30 | 08
#0891-d138 @A: 19 02 05 01 | 01
#0892-d138 @A: 25 02 21 05 | 09
#0893-d138 @A: 10 17 02 31 | 06
#0894-d138 @A: 29 02 15 31 | 04
#0895-d138 @A: 11 02 20 05 | 02
#0896-d138 @A: 23 02 17 09 | 11
#0897-d138 @A: 02 10 06 23 | 03
#0898-d138 @A: 04 10 16 02 | 10
#0899-d138 @A: 13 02 06 11 | 12
#0900-d138 @A: 02 04 18 05 | 05
#0901-d138 @A: 16 18 02 33 | 07
#0902-d138 @A: 24 01 13 03 | 08
#0903-d138 @A: 24 20 11 01 | 01
#0904-d138 @A: 24 01 19 29 | 09
#0905-d138 @A: 35 05 24 01 | 06
#0906-d138 @A: 01 24 17 15 | 04
#0907-d138 @A: 04 24 01 10 | 02
#0908-d138 @A: 01 12 28 14 | 11
#0909-d138 @A: 14 20 01 10 | 03
#0910-d138 @A: 01 19 26 17 | 10
#0911-d138 @A: 07 32 15 01 | 12
#0912-d138 @A: 16 15 28 01 | 05
#0913-d138 @A: 33 01 21 04 | 07
#0914-d138 @A: 01 21 09 29 | 08
#0915-d138 @A: 24 22 16 25 | 01
#0916-d138 @A: 12 13 05 25 | 09
#0917-d138 @A: 17 18 25 19 | 06
#0918-d138 @A: 07 19 06 25 | 04
#0919-d138 @A: 16 06 23 25 | 02
#0920-d138 @A: 25 21 35 04 | 11
#0921-d138 @A: 25 32 35 33 | 03
#0922-d138 @A: 18 28 14 25 | 10
#0923-d138 @A: 11 05 25 26 | 12
#0924-d138 @A: 09 25 28 16 | 05
#0925-d138 @A: 24 22 18 03 | 07
#0926-d138 @A: 24 20 28 03 | 08
#0927-d138 @A: 15 24 07 03 | 01
#0928-d138 @A: 20 19 24 31 | 09
#0929-d138 @A: 19 13 24 22 | 06
#0930-d138 @A: 24 18 16 20 | 04
#0931-d138 @A: 24 16 19 10 | 02
#0932-d138 @A: 33 07 24 19 | 11
#0933-d138 @A: 24 17 35 26 | 03
#0934-d138 @A: 10 07 24 33 | 10
#0935-d138 @A: 13 04 28 24 | 12
#0936-d138 @A: 33 18 24 13 | 05
#0937-d138 @A: 24 33 11 21 | 07
#0938-d138 @A: 21 24 18 32 | 08
#0939-d138 @A: 17 03 12 18 | 01
#0940-d138 @A: 22 10 03 04 | 09
#0941-d138 @A: 18 35 11 03 | 06
#0942-d138 @A: 03 07 10 28 | 04
#0943-d138 @A: 26 33 15 03 | 02
#0944-d138 @A: 28 06 03 26 | 11
#0945-d138 @A: 29 16 33 03 | 03
#0946-d138 @A: 06 18 21 03 | 10
#0947-d138 @A: 12 10 32 31 | 12
#0948-d138 @A: 19 17 31 11 | 05
#0949-d138 @A: 31 19 29 10 | 07
#0950-d138 @A: 21 15 31 19 | 08
#0951-d138 @A: 13 05 31 06 | 01
#0952-d138 @A: 06 29 31 04 | 09
#0953-d138 @A: 12 35 21 20 | 06
#0954-d138 @A: 17 12 23 16 | 04
#0955-d138 @A: 10 06 09 12 | 02
#0956-d138 @A: 12 15 13 18 | 11
#0957-d138 @A: 17 22 29 19 | 03
#0958-d138 @A: 22 19 21 07 | 10
#0959-d138 @A: 23 22 32 35 | 12
#0960-d138 @A: 22 26 35 10 | 05
#0961-d138 @A: 09 15 05 22 | 07
#0962-d138 @A: 14 22 26 28 | 08
#0963-d138 @A: 07 14 04 22 | 01
#0964-d138 @A: 06 20 19 28 | 09
#0965-d138 @A: 16 20 04 17 | 06
#0966-d138 @A: 11 29 20 04 | 04
#0967-d138 @A: 32 20 29 33 | 02
#0968-d138 @A: 16 20 09 11 | 11
#0969-d138 @A: 32 16 29 19 | 03
#0970-d138 @A: 23 04 14 18 | 10
#0971-d138 @A: 07 23 06 14 | 12
#0972-d138 @A: 18 05 15 35 | 05
#0973-d138 @A: 33 06 35 05 | 07
#0974-d138 @A: 17 11 10 09 | 08
#0975-d138 @A: 13 14 18 17 | 01
#0976-d138 @A: 04 05 17 32 | 09
#0977-d138 @A: 05 07 16 17 | 06
#0978-d138 @A: 11 13 10 04 | 04
#0979-d138 @A: 26 21 29 10 | 02
#0980-d138 @A: 29 05 10 09 | 11
#0981-d138 @A: 06 11 33 10 | 03
#0982-d138 @A: 05 07 13 33 | 10
#0983-d138 @A: 32 27 08 02 | 12
#0984-d138 @A: 30 27 13 24 | 05
#0985-d138 @A: 30 27 21 12 | 07
#0986-d138 @A: 27 30 32 07 | 08
#0987-d138 @A: 01 06 10 27 | 01
#0988-d138 @A: 15 12 27 25 | 09
#0989-d138 @A: 25 27 20 06 | 06
#0990-d138 @A: 25 18 27 13 | 04
#0991-d138 @A: 11 12 24 27 | 02
#0992-d138 @A: 12 31 27 23 | 11
#0993-d138 @A: 19 27 20 11 | 03
#0994-d138 @A: 26 09 04 27 | 10
#0995-d138 @A: 27 04 28 32 | 12
#0996-d138 @A: 27 21 16 05 | 05
#0997-d138 @A: 30 15 34 08 | 07
#0998-d138 @A: 35 34 24 30 | 08
#0999-d138 @A: 02 34 01 21 | 01
#1000-d138 @A: 34 14 01 35 | 09
#1001-d138 @A: 17 34 01 07 | 06
#1002-d138 @A: 10 34 24 29 | 04
#1003-d138 @A: 03 23 34 18 | 02
#1004-d138 @A: 34 17 21 03 | 11
#1005-d138 @A: 17 29 31 34 | 03
#1006-d138 @A: 34 31 26 06 | 10
#1007-d138 @A: 34 12 26 32 | 12
#1008-d138 @A: 21 22 14 34 | 05
#1009-d138 @A: 04 17 35 34 | 07
#1010-d138 @A: 29 34 32 14 | 08
#1011-d138 @A: 34 04 09 07 | 01
#1012-d138 @A: 05 34 21 33 | 09
#1013-d138 @A: 08 30 12 05 | 06
#1014-d138 @A: 30 08 35 04 | 04
#1015-d138 @A: 17 10 30 08 | 02
#1016-d138 @A: 02 08 29 03 | 11
#1017-d138 @A: 08 01 25 13 | 03
#1018-d138 @A: 07 08 24 01 | 10
#1019-d138 @A: 35 13 08 12 | 12
#1020-d138 @A: 20 04 07 08 | 05
#1021-d138 @A: 14 13 21 08 | 07
#1022-d138 @A: 11 33 04 08 | 08
#1023-d138 @A: 32 08 28 11 | 01
#1024-d138 @A: 18 33 09 08 | 09
#1025-d138 @A: 07 08 09 32 | 06
#1026-d138 @A: 30 19 11 01 | 04
#1027-d138 @A: 23 01 13 30 | 02
#1028-d138 @A: 09 01 35 30 | 11
#1029-d138 @A: 12 07 30 24 | 03
#1030-d138 @A: 35 30 13 03 | 10
#1031-d138 @A: 30 03 11 33 | 12
#1032-d138 @A: 12 09 30 23 | 05
#1033-d138 @A: 30 05 20 35 | 07
#1034-d138 @A: 20 30 09 32 | 08
#1035-d138 @A: 23 35 21 30 | 01
#1036-d138 @A: 26 10 30 04 | 09
#1037-d138 @A: 30 26 32 15 | 06
#1038-d138 @A: 15 18 11 30 | 04
#1039-d138 @A: 13 16 18 30 | 02
#1040-d138 @A: 21 07 11 30 | 11
#1041-d138 @A: 32 01 24 02 | 03
#1042-d138 @A: 02 12 24 09 | 10
#1043-d138 @A: 17 03 05 02 | 12
#1044-d138 @A: 09 02 31 22 | 05
#1045-d138 @A: 02 12 10 13 | 07
#1046-d138 @A: 17 22 02 06 | 08
#1047-d138 @A: 02 10 05 22 | 01
#1048-d138 @A: 02 32 11 19 | 09
#1049-d138 @A: 23 16 02 35 | 06
#1050-d138 @A: 16 13 02 15 | 04
#1051-d138 @A: 14 02 07 18 | 02
#1052-d138 @A: 02 04 33 13 | 11
#1053-d138 @A: 02 06 26 18 | 03
#1054-d138 @A: 35 12 01 03 | 10
#1055-d138 @A: 12 06 01 17 | 12
#1056-d138 @A: 16 13 22 01 | 05
#1057-d138 @A: 01 33 35 20 | 07
#1058-d138 @A: 05 20 01 21 | 08
#1059-d138 @A: 04 23 15 01 | 01
#1060-d138 @A: 03 31 21 25 | 09
#1061-d138 @A: 25 15 03 23 | 06
#1062-d138 @A: 15 19 20 25 | 04
#1063-d138 @A: 14 25 20 23 | 02
#1064-d138 @A: 25 13 26 09 | 11
#1065-d138 @A: 06 29 25 32 | 03
#1066-d138 @A: 05 25 33 09 | 10
#1067-d138 @A: 03 35 24 16 | 12
#1068-d138 @A: 24 10 03 33 | 05
#1069-d138 @A: 23 24 18 31 | 07
#1070-d138 @A: 14 24 10 12 | 08
#1071-d138 @A: 24 20 05 22 | 01
#1072-d138 @A: 11 22 24 10 | 09
#1073-d138 @A: 04 24 11 19 | 06
#1074-d138 @A: 35 14 24 33 | 04
#1075-d138 @A: 24 04 06 32 | 02
#1076-d138 @A: 11 05 24 29 | 11
#1077-d138 @A: 24 09 18 11 | 03
#1078-d138 @A: 20 33 31 03 | 10
#1079-d138 @A: 13 22 06 03 | 12
#1080-d138 @A: 21 03 14 09 | 05
#1081-d138 @A: 13 03 21 33 | 07
#1082-d138 @A: 29 03 04 09 | 08
#1083-d138 @A: 32 28 18 03 | 01
#1084-d138 @A: 03 21 28 05 | 09
#1085-d138 @A: 21 35 17 31 | 06
#1086-d138 @A: 10 07 05 31 | 04
#1087-d138 @A: 15 31 28 06 | 02
#1088-d138 @A: 18 11 14 31 | 11
#1089-d138 @A: 13 26 33 31 | 03
#1090-d138 @A: 26 31 29 09 | 10
#1091-d138 @A: 20 22 12 14 | 12
#1092-d138 @A: 12 17 15 20 | 05
#1093-d138 @A: 12 26 20 10 | 07
#1094-d138 @A: 11 12 07 20 | 08
#1095-d138 @A: 17 12 21 09 | 01
#1096-d138 @A: 12 04 15 26 | 09
#1097-d138 @A: 06 12 29 15 | 06
#1098-d138 @A: 12 21 11 06 | 04
#1099-d138 @A: 19 18 23 22 | 02
#1100-d138 @A: 16 18 14 22 | 11
#1101-d138 @A: 22 06 26 05 | 03
#1102-d138 @A: 06 28 33 22 | 10
#1103-d138 @A: 06 16 07 22 | 12
#1104-d138 @A: 13 35 20 19 | 05
#1105-d138 @A: 10 20 28 35 | 07
#1106-d138 @A: 07 20 35 10 | 08
#1107-d138 @A: 16 05 13 19 | 01
#1108-d138 @A: 05 26 19 18 | 09
#1109-d138 @A: 11 05 19 09 | 06
#1110-d138 @A: 26 14 23 15 | 04
#1111-d138 @A: 35 09 05 04 | 02
#1112-d138 @A: 26 17 13 10 | 11
#1113-d138 @A: 26 18 29 17 | 03
#1114-d138 @A: 07 15 10 09 | 10
#1115-d138 @A: 29 28 16 10 | 12
#1116-d138 @A: 10 05 11 32 | 05
#1117-d138 @A: 27 34 02 33 | 07
#1118-d138 @A: 01 27 34 03 | 08
#1119-d138 @A: 27 22 12 34 | 01
#1120-d138 @A: 27 15 35 34 | 09
#1121-d138 @A: 18 21 08 27 | 06
#1122-d138 @A: 29 27 30 10 | 04
#1123-d138 @A: 31 27 09 25 | 02
#1124-d138 @A: 19 29 27 25 | 11
#1125-d138 @A: 27 17 24 09 | 03
#1126-d138 @A: 26 10 27 24 | 10
#1127-d138 @A: 27 33 29 24 | 12
#1128-d138 @A: 19 27 22 16 | 05
#1129-d138 @A: 19 23 27 06 | 07
#1130-d138 @A: 23 09 10 27 | 08
#1131-d138 @A: 11 13 23 27 | 01
#1132-d138 @A: 27 14 06 32 | 09
#1133-d138 @A: 06 27 28 11 | 06
#1134-d138 @A: 02 05 30 34 | 04
#1135-d138 @A: 34 30 06 10 | 02
#1136-d138 @A: 02 29 25 34 | 11
#1137-d138 @A: 02 19 13 34 | 03
#1138-d138 @A: 22 29 34 01 | 10
#1139-d138 @A: 01 16 26 34 | 12
#1140-d138 @A: 34 15 07 25 | 05
#1141-d138 @A: 34 03 24 11 | 07
#1142-d138 @A: 12 05 34 24 | 08
#1143-d138 @A: 24 07 34 22 | 01
#1144-d138 @A: 24 34 19 28 | 09
#1145-d138 @A: 34 13 17 24 | 06
#1146-d138 @A: 34 09 05 31 | 04
#1147-d138 @A: 34 33 31 07 | 02
#1148-d138 @A: 12 34 16 29 | 11
#1149-d138 @A: 20 15 22 34 | 03
#1150-d138 @A: 09 20 10 34 | 10
#1151-d138 @A: 07 35 32 34 | 12
#1152-d138 @A: 28 33 35 34 | 05
#1153-d138 @A: 15 14 34 17 | 07
#1154-d138 @A: 07 34 10 16 | 08
#1155-d138 @A: 02 09 25 08 | 01
#1156-d138 @A: 02 22 21 08 | 09
#1157-d138 @A: 03 08 22 09 | 06
#1158-d138 @A: 08 22 19 05 | 04
#1159-d138 @A: 08 10 20 11 | 02
#1160-d138 @A: 17 35 08 16 | 11
#1161-d138 @A: 08 28 10 13 | 03
#1162-d138 @A: 15 08 28 14 | 10
#1163-d138 @A: 04 08 13 16 | 12
#1164-d138 @A: 08 11 13 29 | 05
#1165-d138 @A: 06 29 08 26 | 07
#1166-d138 @A: 28 26 33 08 | 08
#1167-d138 @A: 18 08 28 04 | 01
#1168-d138 @A: 30 22 14 01 | 09
#1169-d138 @A: 30 22 25 05 | 06
#1170-d138 @A: 04 19 30 25 | 04
#1171-d138 @A: 20 30 24 26 | 02
#1172-d138 @A: 26 19 30 31 | 11
#1173-d138 @A: 22 06 30 23 | 03
#1174-d138 @A: 11 20 21 30 | 10
#1175-d138 @A: 14 23 30 10 | 12
#1176-d138 @A: 30 35 33 17 | 05
#1177-d138 @A: 30 26 05 17 | 07
#1178-d138 @A: 17 07 06 30 | 08
#1179-d138 @A: 05 14 30 15 | 01
#1180-d138 @A: 32 30 14 13 | 09
#1181-d138 @A: 26 07 14 30 | 06
#1182-d138 @A: 16 26 30 33 | 04
#1183-d138 @A: 30 06 33 04 | 02
#1184-d138 @A: 07 18 30 33 | 11
#1185-d138 @A: 07 02 01 22 | 03
#1186-d138 @A: 20 25 26 02 | 10
#1187-d138 @A: 21 35 03 02 | 12
#1188-d138 @A: 07 02 33 03 | 05
#1189-d138 @A: 19 07 02 31 | 07
#1190-d138 @A: 02 06 31 32 | 08
#1191-d138 @A: 02 28 19 12 | 01
#1192-d138 @A: 02 35 19 22 | 09
#1193-d138 @A: 10 14 02 19 | 06
#1194-d138 @A: 01 03 07 25 | 04
#1195-d138 @A: 01 19 25 28 | 02
#1196-d138 @A: 01 24 31 21 | 11
#1197-d138 @A: 22 24 09 01 | 03
#1198-d138 @A: 35 32 31 01 | 10
#1199-d138 @A: 14 01 07 31 | 12
#1200-d138 @A: 12 05 01 15 | 05
#1201-d138 @A: 22 04 05 01 | 07
#1202-d138 @A: 09 01 19 10 | 08
#1203-d138 @A: 11 01 29 17 | 01
#1204-d138 @A: 32 29 01 10 | 09
#1205-d138 @A: 15 09 01 06 | 06
#1206-d138 @A: 18 14 26 01 | 04
#1207-d138 @A: 01 26 32 05 | 02
#1208-d138 @A: 25 04 20 12 | 11
#1209-d138 @A: 12 04 25 07 | 03
#1210-d138 @A: 28 25 23 17 | 10
#1211-d138 @A: 17 25 35 29 | 12
#1212-d138 @A: 25 11 17 14 | 05
#1213-d138 @A: 25 15 05 28 | 07
#1214-d138 @A: 25 15 16 33 | 08
#1215-d138 @A: 25 16 29 04 | 01
#1216-d138 @A: 25 11 04 28 | 09
#1217-d138 @A: 25 29 33 28 | 06
#1218-d138 @A: 16 11 18 25 | 04
#1219-d138 @A: 31 24 32 03 | 02
#1220-d138 @A: 24 29 12 03 | 11
#1221-d138 @A: 24 09 35 20 | 03
#1222-d138 @A: 24 29 04 23 | 10
#1223-d138 @A: 24 11 07 05 | 12
#1224-d138 @A: 14 10 31 03 | 05
#1225-d138 @A: 03 31 16 06 | 07
#1226-d138 @A: 13 04 12 03 | 08
#1227-d138 @A: 05 20 06 03 | 01
#1228-d138 @A: 17 16 31 22 | 09
#1229-d138 @A: 23 16 31 20 | 06
#1230-d138 @A: 11 31 05 15 | 04
#1231-d138 @A: 31 04 26 16 | 02
#1232-d138 @A: 28 31 11 09 | 11
#1233-d138 @A: 31 09 18 06 | 03
#1234-d138 @A: 05 16 31 18 | 10
#1235-d138 @A: 31 32 05 21 | 12
#1236-d138 @A: 05 22 12 07 | 05
#1237-d138 @A: 12 19 18 07 | 07
#1238-d138 @A: 12 17 28 35 | 08
#1239-d138 @A: 12 33 15 21 | 01
#1240-d138 @A: 13 26 11 12 | 09
#1241-d138 @A: 09 12 28 04 | 06
#1242-d138 @A: 23 20 04 22 | 04
#1243-d138 @A: 17 20 22 26 | 02
#1244-d138 @A: 05 17 35 22 | 11
#1245-d138 @A: 22 35 16 28 | 03
#1246-d138 @A: 20 26 19 29 | 10
#1247-d138 @A: 35 23 20 06 | 12
#1248-d138 @A: 18 10 20 23 | 05
#1249-d138 @A: 29 15 20 28 | 07
#1250-d138 @A: 15 11 20 33 | 08
#1251-d138 @A: 18 13 20 26 | 01
#1252-d138 @A: 13 07 32 20 | 09
#1253-d138 @A: 05 04 28 19 | 06
#1254-d138 @A: 23 35 11 10 | 04
#1255-d138 @A: 23 04 13 26 | 02
#1256-d138 @A: 05 23 13 28 | 11
#1257-d138 @A: 18 26 33 23 | 03
#1258-d138 @A: 35 06 21 32 | 10
#1259-d138 @A: 05 29 13 17 | 12
#1260-d138 @A: 11 17 13 21 | 05
#1261-d138 @A: 16 13 06 17 | 07
#1262-d138 @A: 04 21 17 18 | 08
#1263-d138 @A: 17 04 09 33 | 01
#1264-d138 @A: 17 29 33 21 | 09
#1265-d138 @A: 13 10 16 32 | 06
#1266-d138 @A: 10 26 16 11 | 04
#1267-d138 @A: 10 07 18 21 | 02
#1268-d138 @A: 05 10 06 28 | 11
#1269-d138 @A: 07 26 16 09 | 03
#1270-d138 @A: 05 27 34 17 | 10
#1271-d138 @A: 08 27 05 09 | 12
#1272-d138 @A: 11 02 01 27 | 05
#1273-d138 @A: 14 12 02 27 | 07
#1274-d138 @A: 02 20 15 27 | 08
#1275-d138 @A: 27 17 02 13 | 01
#1276-d138 @A: 27 06 22 24 | 09
#1277-d138 @A: 03 27 23 26 | 06
#1278-d138 @A: 12 27 18 33 | 04
#1279-d138 @A: 27 22 04 11 | 02
#1280-d138 @A: 17 23 07 27 | 11
#1281-d138 @A: 17 27 18 35 | 03
#1282-d138 @A: 05 27 13 32 | 10
#1283-d138 @A: 07 16 13 27 | 12
#1284-d138 @A: 26 06 27 16 | 05
#1285-d138 @A: 18 27 16 32 | 07
#1286-d138 @A: 08 34 25 16 | 08
#1287-d138 @A: 03 34 13 08 | 01
#1288-d138 @A: 30 04 22 34 | 09
#1289-d138 @A: 17 34 16 30 | 06
#1290-d138 @A: 31 02 11 34 | 04
#1291-d138 @A: 07 34 06 02 | 02
#1292-d138 @A: 25 03 22 34 | 11
#1293-d138 @A: 20 25 13 34 | 03
#1294-d138 @A: 11 07 34 03 | 10
#1295-d138 @A: 26 34 19 07 | 12
#1296-d138 @A: 15 06 34 32 | 05
#1297-d138 @A: 09 34 15 16 | 07
#1298-d138 @A: 18 05 34 14 | 08
#1299-d138 @A: 26 09 34 33 | 01
#1300-d138 @A: 06 29 21 34 | 09
#1301-d138 @A: 30 28 08 01 | 06
#1302-d138 @A: 30 08 18 24 | 04
#1303-d138 @A: 02 20 08 31 | 02
#1304-d138 @A: 09 04 08 01 | 11
#1305-d138 @A: 19 08 24 23 | 03
#1306-d138 @A: 08 03 11 31 | 10
#1307-d138 @A: 22 31 08 33 | 12
#1308-d138 @A: 19 12 09 08 | 05
#1309-d138 @A: 12 08 23 28 | 07
#1310-d138 @A: 32 17 08 12 | 08
#1311-d138 @A: 19 07 08 10 | 01
#1312-d138 @A: 08 26 23 17 | 09
#1313-d138 @A: 15 21 26 08 | 06
#1314-d138 @A: 11 16 08 14 | 04
#1315-d138 @A: 28 06 16 08 | 02
#1316-d138 @A: 20 02 04 30 | 11
#1317-d138 @A: 06 35 30 02 | 03
#1318-d138 @A: 25 26 01 30 | 10
#1319-d138 @A: 06 01 30 03 | 12
#1320-d138 @A: 30 21 10 01 | 05
#1321-d138 @A: 16 30 25 10 | 07
#1322-d138 @A: 33 30 32 31 | 08
#1323-d138 @A: 28 30 15 23 | 01
#1324-d138 @A: 11 30 28 35 | 09
#1325-d138 @A: 04 30 28 16 | 06
#1326-d138 @A: 07 05 09 30 | 04
#1327-d138 @A: 24 22 02 14 | 02
#1328-d138 @A: 10 02 03 09 | 11
#1329-d138 @A: 35 14 02 20 | 03
#1330-d138 @A: 19 02 09 29 | 10
#1331-d138 @A: 35 13 32 02 | 12
#1332-d138 @A: 05 07 29 02 | 05
#1333-d138 @A: 28 07 16 02 | 07
#1334-d138 @A: 22 25 12 01 | 08
#1335-d138 @A: 01 09 03 33 | 01
#1336-d138 @A: 31 01 26 15 | 09
#1337-d138 @A: 20 09 26 01 | 06
#1338-d138 @A: 26 06 01 13 | 04
#1339-d138 @A: 04 11 01 16 | 02
#1340-d138 @A: 33 05 29 01 | 11
#1341-d138 @A: 24 05 25 31 | 03
#1342-d138 @A: 25 24 09 07 | 10
#1343-d138 @A: 25 05 03 16 | 12
#1344-d138 @A: 25 12 09 11 | 05
#1345-d138 @A: 22 09 25 17 | 07
#1346-d138 @A: 25 18 22 06 | 08
#1347-d138 @A: 25 26 19 21 | 01
#1348-d138 @A: 10 35 25 09 | 09
#1349-d138 @A: 25 26 29 15 | 06
#1350-d138 @A: 06 33 25 14 | 04
#1351-d138 @A: 25 06 09 21 | 02
#1352-d138 @A: 12 21 19 24 | 11
#1353-d138 @A: 24 15 12 35 | 03
#1354-d138 @A: 24 33 17 12 | 10
#1355-d138 @A: 23 24 22 21 | 12
#1356-d138 @A: 24 35 19 06 | 05
#1357-d138 @A: 06 24 13 23 | 07
#1358-d138 @A: 24 07 32 23 | 08
#1359-d138 @A: 09 24 15 13 | 01
#1360-d138 @A: 24 26 15 28 | 09
#1361-d138 @A: 05 24 21 04 | 06
#1362-d138 @A: 29 06 18 24 | 04
#1363-d138 @A: 24 28 29 21 | 02
#1364-d138 @A: 10 16 03 23 | 11
#1365-d138 @A: 03 35 26 14 | 03
#1366-d138 @A: 14 07 13 03 | 10
#1367-d138 @A: 26 03 05 29 | 12
#1368-d138 @A: 06 32 09 03 | 05
#1369-d138 @A: 12 33 14 31 | 07
#1370-d138 @A: 23 31 26 22 | 08
#1371-d138 @A: 31 20 15 35 | 01
#1372-d138 @A: 31 09 19 32 | 09
#1373-d138 @A: 35 11 31 16 | 06
#1374-d138 @A: 11 13 31 32 | 04
#1375-d138 @A: 31 21 29 18 | 02
#1376-d138 @A: 12 04 29 22 | 11
#1377-d138 @A: 29 19 18 12 | 03
#1378-d138 @A: 12 33 35 10 | 10
#1379-d138 @A: 12 05 09 26 | 12
#1380-d138 @A: 12 29 21 05 | 05
#1381-d138 @A: 06 20 22 10 | 07
#1382-d138 @A: 22 11 20 28 | 08
#1383-d138 @A: 35 33 22 04 | 01
#1384-d138 @A: 22 10 07 11 | 09
#1385-d138 @A: 07 22 15 06 | 06
#1386-d138 @A: 23 20 28 09 | 04
#1387-d138 @A: 20 21 06 13 | 02
#1388-d138 @A: 18 28 20 05 | 11
#1389-d138 @A: 07 20 33 21 | 03
#1390-d138 @A: 19 32 35 28 | 10
#1391-d138 @A: 19 14 11 33 | 12
#1392-d138 @A: 13 19 07 04 | 05
#1393-d138 @A: 18 19 13 11 | 07
#1394-d138 @A: 04 19 33 26 | 08
#1395-d138 @A: 16 07 29 19 | 01
#1396-d138 @A: 32 05 19 07 | 09
#1397-d138 @A: 13 17 23 35 | 06
#1398-d138 @A: 33 14 23 21 | 04
#1399-d138 @A: 35 14 32 15 | 02
#1400-d138 @A: 13 15 35 33 | 11
#1401-d138 @A: 35 11 13 07 | 03
#1402-d138 @A: 33 17 05 10 | 10
#1403-d138 @A: 15 17 29 16 | 12
#1404-d138 @A: 21 17 05 15 | 05
#1405-d138 @A: 17 33 14 32 | 07
#1406-d138 @A: 14 17 06 05 | 08
#1407-d138 @A: 17 09 28 29 | 01
#1408-d138 @A: 11 28 17 05 | 09
#1409-d138 @A: 10 15 04 21 | 06
#1410-d138 @A: 14 04 05 10 | 04
#1411-d138 @A: 10 21 06 16 | 02
#1412-d138 @A: 07 26 09 13 | 11
#1413-d138 @A: 27 10 34 28 | 03
#1414-d138 @A: 27 08 31 04 | 10
#1415-d138 @A: 13 22 08 27 | 12
#1416-d138 @A: 15 27 08 23 | 05
#1417-d138 @A: 30 33 20 27 | 07
#1418-d138 @A: 27 23 18 30 | 08
#1419-d138 @A: 02 21 10 27 | 01
#1420-d138 @A: 18 29 27 02 | 09
#1421-d138 @A: 19 01 33 27 | 06
#1422-d138 @A: 14 27 03 20 | 04
#1423-d138 @A: 03 27 07 18 | 02
#1424-d138 @A: 27 28 03 16 | 11
#1425-d138 @A: 35 27 28 31 | 03
#1426-d138 @A: 35 06 12 27 | 10
#1427-d138 @A: 27 05 35 11 | 12
#1428-d138 @A: 21 15 27 09 | 05
#1429-d138 @A: 27 32 26 33 | 07
#1430-d138 @A: 34 33 08 12 | 08
#1431-d138 @A: 34 28 08 22 | 01
#1432-d138 @A: 21 34 30 19 | 09
#1433-d138 @A: 34 12 04 02 | 06
#1434-d138 @A: 17 34 33 01 | 04
#1435-d138 @A: 28 05 34 01 | 02
#1436-d138 @A: 19 25 33 34 | 11
#1437-d138 @A: 34 31 03 04 | 03
#1438-d138 @A: 34 29 20 03 | 10
#1439-d138 @A: 35 34 32 03 | 12
#1440-d138 @A: 33 34 31 10 | 05
#1441-d138 @A: 34 17 22 10 | 07
#1442-d138 @A: 23 35 34 29 | 08
#1443-d138 @A: 05 34 23 07 | 01
#1444-d138 @A: 18 11 34 28 | 09
#1445-d138 @A: 16 28 32 34 | 06
#1446-d138 @A: 02 30 19 08 | 04
#1447-d138 @A: 05 02 15 08 | 02
#1448-d138 @A: 08 01 03 18 | 11
#1449-d138 @A: 08 10 01 15 | 03
#1450-d138 @A: 25 29 08 12 | 10
#1451-d138 @A: 08 23 25 18 | 12
#1452-d138 @A: 08 25 05 06 | 05
#1453-d138 @A: 28 31 08 24 | 07
#1454-d138 @A: 22 08 24 35 | 08
#1455-d138 @A: 21 08 24 06 | 01
#1456-d138 @A: 08 06 10 03 | 09
#1457-d138 @A: 12 08 18 10 | 06
#1458-d138 @A: 22 04 06 08 | 04
#1459-d138 @A: 23 08 05 20 | 02
#1460-d138 @A: 32 05 35 08 | 11
#1461-d138 @A: 08 33 29 14 | 03
#1462-d138 @A: 09 11 08 26 | 10
#1463-d138 @A: 08 07 21 29 | 12
#1464-d138 @A: 15 33 30 01 | 05
#1465-d138 @A: 25 06 30 12 | 07
#1466-d138 @A: 33 24 30 19 | 08
#1467-d138 @A: 10 09 30 24 | 01
#1468-d138 @A: 17 04 31 30 | 09
#1469-d138 @A: 12 30 26 35 | 06
#1470-d138 @A: 17 30 29 23 | 04
#1471-d138 @A: 28 13 30 33 | 02
#1472-d138 @A: 02 23 01 22 | 11
#1473-d138 @A: 19 03 25 02 | 03
#1474-d138 @A: 24 16 02 17 | 10
#1475-d138 @A: 24 21 02 13 | 12
#1476-d138 @A: 24 02 06 33 | 05
#1477-d138 @A: 02 20 32 03 | 07
#1478-d138 @A: 02 18 23 12 | 08
#1479-d138 @A: 15 28 02 32 | 01
#1480-d138 @A: 33 32 09 02 | 09
#1481-d138 @A: 32 02 21 07 | 06
#1482-d138 @A: 17 01 31 09 | 04
#1483-d138 @A: 16 20 12 01 | 02
#1484-d138 @A: 01 10 12 11 | 11
#1485-d138 @A: 20 01 19 04 | 03
#1486-d138 @A: 01 29 20 23 | 10
#1487-d138 @A: 35 01 16 19 | 12
#1488-d138 @A: 07 23 01 18 | 05
#1489-d138 @A: 35 29 06 01 | 07
#1490-d138 @A: 15 14 29 01 | 08
#1491-d138 @A: 01 14 32 04 | 01
#1492-d138 @A: 35 25 18 24 | 09
#1493-d138 @A: 23 04 31 25 | 06
#1494-d138 @A: 19 05 35 25 | 04
#1495-d138 @A: 28 25 17 07 | 02
#1496-d138 @A: 04 14 26 25 | 11
#1497-d138 @A: 14 09 29 25 | 03
#1498-d138 @A: 25 18 09 04 | 10
#1499-d138 @A: 25 29 18 05 | 12
#1500-d138 @A: 09 24 33 31 | 05
#1501-d138 @A: 17 11 24 23 | 07
#1502-d138 @A: 24 28 13 07 | 08
#1503-d138 @A: 26 09 24 21 | 01
#1504-d138 @A: 23 03 31 13 | 09
#1505-d138 @A: 03 21 22 12 | 06
#1506-d138 @A: 23 12 06 03 | 04
#1507-d138 @A: 22 03 20 16 | 02
#1508-d138 @A: 35 33 03 19 | 11
#1509-d138 @A: 10 19 11 03 | 03
#1510-d138 @A: 03 15 13 05 | 10
#1511-d138 @A: 07 03 26 04 | 12
#1512-d138 @A: 12 07 31 17 | 05
#1513-d138 @A: 22 31 14 35 | 07
#1514-d138 @A: 13 09 31 21 | 08
#1515-d138 @A: 04 11 31 21 | 01
#1516-d138 @A: 22 13 17 12 | 09
#1517-d138 @A: 22 28 12 15 | 06
#1518-d138 @A: 10 23 12 29 | 04
#1519-d138 @A: 12 11 14 29 | 02
#1520-d138 @A: 21 12 28 13 | 11
#1521-d138 @A: 13 35 18 22 | 03
#1522-d138 @A: 11 14 22 15 | 10
#1523-d138 @A: 21 22 26 13 | 12
#1524-d138 @A: 04 22 32 26 | 05
#1525-d138 @A: 21 28 22 04 | 07
#1526-d138 @A: 22 28 29 18 | 08
#1527-d138 @A: 19 09 17 20 | 01
#1528-d138 @A: 32 17 20 35 | 09
#1529-d138 @A: 18 20 29 09 | 06
#1530-d138 @A: 07 05 20 06 | 04
#1531-d138 @A: 19 35 15 23 | 02
#1532-d138 @A: 19 21 11 23 | 11
#1533-d138 @A: 16 19 14 26 | 03
#1534-d138 @A: 29 28 11 19 | 10
#1535-d138 @A: 18 33 19 28 | 12
#1536-d138 @A: 09 16 26 23 | 05
#1537-d138 @A: 07 26 23 33 | 07
#1538-d138 @A: 23 05 16 04 | 08
#1539-d138 @A: 21 23 05 09 | 01
#1540-d138 @A: 09 15 35 29 | 09
#1541-d138 @A: 14 35 09 13 | 06
#1542-d138 @A: 14 28 05 35 | 04
#1543-d138 @A: 35 06 13 28 | 02
#1544-d138 @A: 26 11 35 33 | 11
#1545-d138 @A: 17 33 15 28 | 03
#1546-d138 @A: 26 28 32 17 | 10
#1547-d138 @A: 32 18 06 17 | 12
#1548-d138 @A: 10 16 14 09 | 05
#1549-d138 @A: 33 15 29 07 | 07
#1550-d138 @A: 32 34 27 31 | 08
#1551-d138 @A: 19 28 08 27 | 01
#1552-d138 @A: 16 10 08 27 | 09
#1553-d138 @A: 27 25 07 22 | 06
#1554-d138 @A: 27 33 10 25 | 04
#1555-d138 @A: 27 24 07 04 | 02
#1556-d138 @A: 27 05 19 31 | 11
#1557-d138 @A: 10 27 11 31 | 03
#1558-d138 @A: 26 27 21 31 | 10
#1559-d138 @A: 16 27 13 12 | 12
#1560-d138 @A: 09 27 19 35 | 05
#1561-d138 @A: 21 35 27 33 | 07
#1562-d138 @A: 28 26 27 07 | 08
#1563-d138 @A: 29 27 11 07 | 01
#1564-d138 @A: 09 27 06 07 | 09
#1565-d138 @A: 18 31 08 34 | 06
#1566-d138 @A: 34 11 23 08 | 04
#1567-d138 @A: 01 34 30 20 | 02
#1568-d138 @A: 26 03 30 34 | 11
#1569-d138 @A: 07 29 34 30 | 03
#1570-d138 @A: 02 09 35 34 | 10
#1571-d138 @A: 12 01 34 09 | 12
#1572-d138 @A: 21 07 34 25 | 05
#1573-d138 @A: 34 24 04 09 | 07
#1574-d138 @A: 13 22 34 31 | 08
#1575-d138 @A: 34 15 12 23 | 01
#1576-d138 @A: 22 09 23 34 | 09
#1577-d138 @A: 34 20 18 07 | 06
#1578-d138 @A: 28 14 34 04 | 04
#1579-d138 @A: 16 33 34 14 | 02
#1580-d138 @A: 16 34 21 18 | 11
#1581-d138 @A: 07 30 08 31 | 03
#1582-d138 @A: 16 03 19 08 | 10
#1583-d138 @A: 12 15 07 08 | 12
#1584-d138 @A: 04 14 08 12 | 05
#1585-d138 @A: 15 22 08 16 | 07
#1586-d138 @A: 08 20 14 17 | 08
#1587-d138 @A: 20 09 15 08 | 01
#1588-d138 @A: 19 08 26 35 | 09
#1589-d138 @A: 33 15 08 06 | 06
#1590-d138 @A: 09 13 08 06 | 04
#1591-d138 @A: 26 04 08 05 | 02
#1592-d138 @A: 02 03 28 30 | 11
#1593-d138 @A: 15 30 12 02 | 03
#1594-d138 @A: 11 10 30 02 | 10
#1595-d138 @A: 25 11 30 23 | 12
#1596-d138 @A: 21 30 17 24 | 05
#1597-d138 @A: 06 14 24 30 | 07
#1598-d138 @A: 10 30 18 03 | 08
#1599-d138 @A: 10 12 30 28 | 01
#1600-d138 @A: 09 30 19 22 | 09
#1601-d138 @A: 22 30 10 33 | 06
#1602-d138 @A: 14 20 30 29 | 04
#1603-d138 @A: 30 10 32 35 | 02
#1604-d138 @A: 06 15 30 16 | 11
#1605-d138 @A: 09 30 14 33 | 03
#1606-d138 @A: 04 30 21 32 | 10
#1607-d138 @A: 30 28 09 05 | 12
#1608-d138 @A: 03 01 02 04 | 05
#1609-d138 @A: 25 14 02 31 | 07
#1610-d138 @A: 25 07 11 02 | 08
#1611-d138 @A: 02 20 24 23 | 01
#1612-d138 @A: 18 19 24 02 | 09
#1613-d138 @A: 32 22 02 12 | 06
#1614-d138 @A: 17 04 26 02 | 04
#1615-d138 @A: 04 02 14 21 | 02
#1616-d138 @A: 14 02 06 16 | 11
#1617-d138 @A: 02 28 06 29 | 03
#1618-d138 @A: 02 16 05 32 | 10
#1619-d138 @A: 14 24 25 01 | 12
#1620-d138 @A: 03 01 25 29 | 05
#1621-d138 @A: 01 05 25 10 | 07
#1622-d138 @A: 18 12 24 01 | 08
#1623-d138 @A: 01 03 05 14 | 01
#1624-d138 @A: 10 16 01 31 | 09
#1625-d138 @A: 11 14 01 09 | 06
#1626-d138 @A: 01 18 13 32 | 04
#1627-d138 @A: 06 13 07 01 | 02
#1628-d138 @A: 29 01 18 16 | 11
#1629-d138 @A: 01 21 07 28 | 03
#1630-d138 @A: 10 25 13 24 | 10
#1631-d138 @A: 21 25 12 23 | 12
#1632-d138 @A: 25 10 07 23 | 05
#1633-d138 @A: 15 25 14 21 | 07
#1634-d138 @A: 25 13 14 16 | 08
#1635-d138 @A: 06 13 25 04 | 01
#1636-d138 @A: 16 25 32 26 | 09
#1637-d138 @A: 11 21 32 25 | 06
#1638-d138 @A: 07 25 18 05 | 04
#1639-d138 @A: 33 16 07 25 | 02
#1640-d138 @A: 22 12 26 24 | 11
#1641-d138 @A: 24 07 17 20 | 03
#1642-d138 @A: 20 24 32 14 | 10
#1643-d138 @A: 19 17 05 24 | 12
#1644-d138 @A: 13 32 29 24 | 05
#1645-d138 @A: 29 24 06 07 | 07
#1646-d138 @A: 11 16 06 24 | 08
#1647-d138 @A: 31 12 03 19 | 01
#1648-d138 @A: 03 17 31 26 | 09
#1649-d138 @A: 20 18 19 03 | 06
#1650-d138 @A: 03 35 04 20 | 04
#1651-d138 @A: 20 03 13 10 | 02
#1652-d138 @A: 19 17 03 07 | 11
#1653-d138 @A: 15 21 29 03 | 03
#1654-d138 @A: 29 14 28 03 | 10
#1655-d138 @A: 14 33 18 03 | 12
#1656-d138 @A: 28 03 11 13 | 05
#1657-d138 @A: 09 13 03 16 | 07
#1658-d138 @A: 32 03 04 16 | 08
#1659-d138 @A: 31 22 20 32 | 01
#1660-d138 @A: 06 23 11 31 | 09
#1661-d138 @A: 31 15 04 32 | 06
#1662-d138 @A: 31 28 29 32 | 04
#1663-d138 @A: 33 06 31 21 | 02
#1664-d138 @A: 14 12 16 05 | 11
#1665-d138 @A: 04 12 32 33 | 03
#1666-d138 @A: 21 04 16 12 | 10
#1667-d138 @A: 32 12 05 18 | 12
#1668-d138 @A: 32 12 16 07 | 05
#1669-d138 @A: 16 11 22 23 | 07
#1670-d138 @A: 21 06 15 22 | 08
#1671-d138 @A: 14 22 05 33 | 01
#1672-d138 @A: 22 33 13 32 | 09
#1673-d138 @A: 18 09 07 22 | 06
#1674-d138 @A: 28 13 20 16 | 04
#1675-d138 @A: 20 28 26 04 | 02
#1676-d138 @A: 26 20 05 16 | 11
#1677-d138 @A: 20 16 21 32 | 03
#1678-d138 @A: 16 09 06 19 | 10
#1679-d138 @A: 15 33 23 29 | 12
#1680-d138 @A: 04 15 35 11 | 05
#1681-d138 @A: 04 16 14 35 | 07
#1682-d138 @A: 26 13 35 29 | 08
#1683-d138 @A: 35 33 11 07 | 01
#1684-d138 @A: 16 10 18 17 | 09
#1685-d138 @A: 04 15 17 13 | 06
#1686-d138 @A: 17 28 21 06 | 04
#1687-d138 @A: 26 10 09 28 | 02
#1688-d138 @A: 18 10 06 04 | 11
#1689-d138 @A: 16 04 21 07 | 03
