#0001-d151 @A: 19 10 29 02 | 12
#0002-d151 @A: 19 23 18 02 | 07
#0003-d151 @A: 12 02 19 33 | 08
#0004-d151 @A: 02 31 04 22 | 04
#0005-d151 @A: 20 30 16 02 | 06
#0006-d151 @A: 23 05 02 10 | 09
#0007-d151 @A: 24 05 02 22 | 05
#0008-d151 @A: 20 11 08 02 | 10
#0009-d151 @A: 02 29 20 35 | 03
#0010-d151 @A: 28 02 20 03 | 02
#0011-d151 @A: 31 14 02 25 | 01
#0012-d151 @A: 02 29 31 24 | 11
#0013-d151 @A: 02 27 33 23 | 12
#0014-d151 @A: 15 18 31 02 | 07
#0015-d151 @A: 22 18 02 01 | 08
#0016-d151 @A: 22 33 07 02 | 04
#0017-d151 @A: 26 25 02 16 | 06
#0018-d151 @A: 11 22 02 10 | 09
#0019-d151 @A: 12 01 02 11 | 05
#0020-d151 @A: 17 22 02 28 | 10
#0021-d151 @A: 30 24 11 19 | 03
#0022-d151 @A: 05 19 18 34 | 02
#0023-d151 @A: 14 10 05 19 | 01
#0024-d151 @A: 05 19 16 24 | 11
#0025-d151 @A: 32 21 20 19 | 12
#0026-d151 @A: 29 19 34 15 | 07
#0027-d151 @A: 19 17 21 29 | 08
#0028-d151 @A: 19 21 24 18 | 04
#0029-d151 @A: 22 19 09 08 | 06
#0030-d151 @A: 14 08 31 19 | 09
#0031-d151 @A: 19 29 26 12 | 05
#0032-d151 @A: 19 15 06 18 | 10
#0033-d151 @A: 26 33 19 06 | 03
#0034-d151 @A: 01 10 12 19 | 02
#0035-d151 @A: 04 30 05 29 | 01
#0036-d151 @A: 26 04 05 24 | 11
#0037-d151 @A: 14 22 04 13 | 12
#0038-d151 @A: 04 13 23 07 | 07
#0039-d151 @A: 04 33 12 20 | 08
#0040-d151 @A: 04 17 11 20 | 04
#0041-d151 @A: 04 21 34 17 | 06
#0042-d151 @A: 24 04 16 34 | 09
#0043-d151 @A: 21 04 03 10 | 05
#0044-d151 @A: 31 04 24 14 | 10
#0045-d151 @A: 32 04 31 03 | 03
#0046-d151 @A: 29 04 25 08 | 02
#0047-d151 @A: 23 08 04 31 | 01
#0048-d151 @A: 31 18 29 04 | 11
#0049-d151 @A: 29 04 16 10 | 12
#0050-d151 @A: 06 18 16 04 | 07
#0051-d151 @A: 04 06 17 31 | 08
#0052-d151 @A: 01 04 07 26 | 04
#0053-d151 @A: 17 30 09 13 | 06
#0054-d151 @A: 22 15 30 20 | 09
#0055-d151 @A: 01 34 24 30 | 05
#0056-d151 @A: 01 27 30 14 | 10
#0057-d151 @A: 23 18 32 30 | 03
#0058-d151 @A: 30 24 27 33 | 02
#0059-d151 @A: 01 07 30 06 | 01
#0060-d151 @A: 10 35 31 30 | 11
#0061-d151 @A: 07 30 28 17 | 12
#0062-d151 @A: 17 11 22 30 | 07
#0063-d151 @A: 11 13 20 05 | 08
#0064-d151 @A: 06 05 13 09 | 04
#0065-d151 @A: 14 13 05 26 | 06
#0066-d151 @A: 05 34 22 06 | 09
#0067-d151 @A: 34 05 26 12 | 05
#0068-d151 @A: 27 21 05 25 | 10
#0069-d151 @A: 09 05 18 35 | 03
#0070-d151 @A: 05 29 32 23 | 02
#0071-d151 @A: 03 05 11 32 | 01
#0072-d151 @A: 08 05 06 01 | 11
#0073-d151 @A: 29 05 27 10 | 12
#0074-d151 @A: 18 33 05 25 | 07
#0075-d151 @A: 29 35 13 34 | 08
#0076-d151 @A: 31 29 09 13 | 04
#0077-d151 @A: 27 08 35 13 | 06
#0078-d151 @A: 27 15 13 24 | 09
#0079-d151 @A: 16 18 12 13 | 05
#0080-d151 @A: 20 15 34 14 | 10
#0081-d151 @A: 01 34 29 20 | 03
#0082-d151 @A: 22 27 20 14 | 02
#0083-d151 @A: 18 06 32 20 | 01
#0084-d151 @A: 11 20 06 10 | 11
#0085-d151 @A: 20 10 15 07 | 12
#0086-d151 @A: 11 34 21 03 | 07
#0087-d151 @A: 09 23 34 10 | 08
#0088-d151 @A: 34 11 06 27 | 04
#0089-d151 @A: 10 34 27 35 | 06
#0090-d151 @A: 34 03 23 26 | 09
#0091-d151 @A: 33 25 23 34 | 05
#0092-d151 @A: 03 31 15 34 | 10
#0093-d151 @A: 11 01 15 34 | 03
#0094-d151 @A: 09 17 32 21 | 02
#0095-d151 @A: 21 03 25 32 | 01
#0096-d151 @A: 24 21 32 10 | 11
#0097-d151 @A: 10 21 29 11 | 12
#0098-d151 @A: 21 07 18 01 | 07
#0099-d151 @A: 22 21 25 06 | 08
#0100-d151 @A: 26 12 21 10 | 04
#0101-d151 @A: 26 21 17 35 | 06
#0102-d151 @A: 27 16 03 09 | 09
#0103-d151 @A: 24 15 09 31 | 05
#0104-d151 @A: 12 09 17 24 | 10
#0105-d151 @A: 17 18 07 09 | 03
#0106-d151 @A: 09 25 28 15 | 02
#0107-d151 @A: 10 03 14 29 | 01
#0108-d151 @A: 27 14 33 06 | 11
#0109-d151 @A: 35 14 17 22 | 12
#0110-d151 @A: 10 08 27 32 | 07
#0111-d151 @A: 08 03 26 32 | 08
#0112-d151 @A: 16 24 08 29 | 04
#0113-d151 @A: 08 23 27 11 | 06
#0114-d151 @A: 08 12 33 27 | 09
#0115-d151 @A: 08 06 07 33 | 05
#0116-d151 @A: 08 11 06 22 | 10
#0117-d151 @A: 26 16 07 08 | 03
#0118-d151 @A: 12 11 08 17 | 02
#0119-d151 @A: 31 23 29 22 | 01
#0120-d151 @A: 35 12 33 29 | 11
#0121-d151 @A: 25 33 29 07 | 12
#0122-d151 @A: 17 06 28 29 | 07
#0123-d151 @A: 35 22 29 10 | 08
#0124-d151 @A: 29 28 31 10 | 04
#0125-d151 @A: 06 27 26 10 | 06
#0126-d151 @A: 26 28 18 23 | 09
#0127-d151 @A: 35 18 23 01 | 05
#0128-d151 @A: 23 07 26 25 | 10
#0129-d151 @A: 01 03 24 07 | 03
#0130-d151 @A: 17 03 11 33 | 02
#0131-d151 @A: 03 25 01 10 | 01
#0132-d151 @A: 03 28 07 16 | 11
#0133-d151 @A: 18 24 12 01 | 12
#0134-d151 @A: 18 24 17 28 | 07
#0135-d151 @A: 17 24 33 10 | 08
#0136-d151 @A: 06 10 24 07 | 04
#0137-d151 @A: 31 16 26 12 | 06
#0138-d151 @A: 34 31 02 19 | 09
#0139-d151 @A: 32 19 02 14 | 05
#0140-d151 @A: 08 04 14 02 | 10
#0141-d151 @A: 11 02 09 30 | 03
#0142-d151 @A: 18 29 30 02 | 02
#0143-d151 @A: 27 31 02 30 | 01
#0144-d151 @A: 24 30 35 02 | 11
#0145-d151 @A: 02 05 13 07 | 12
#0146-d151 @A: 35 02 13 14 | 07
#0147-d151 @A: 09 01 20 02 | 08
#0148-d151 @A: 02 20 22 32 | 04
#0149-d151 @A: 20 06 31 02 | 06
#0150-d151 @A: 02 14 23 11 | 09
#0151-d151 @A: 24 02 12 14 | 05
#0152-d151 @A: 16 08 02 27 | 10
#0153-d151 @A: 03 27 12 02 | 03
#0154-d151 @A: 07 17 02 23 | 02
#0155-d151 @A: 18 06 26 02 | 01
#0156-d151 @A: 17 18 25 02 | 11
#0157-d151 @A: 33 10 25 02 | 12
#0158-d151 @A: 02 16 31 28 | 07
#0159-d151 @A: 06 19 21 04 | 08
#0160-d151 @A: 22 19 20 12 | 04
#0161-d151 @A: 07 12 19 21 | 06
#0162-d151 @A: 19 14 29 11 | 09
#0163-d151 @A: 19 29 08 33 | 05
#0164-d151 @A: 18 11 16 19 | 10
#0165-d151 @A: 28 25 33 19 | 03
#0166-d151 @A: 25 17 22 19 | 02
#0167-d151 @A: 04 03 30 24 | 01
#0168-d151 @A: 17 05 18 04 | 11
#0169-d151 @A: 16 09 04 20 | 12
#0170-d151 @A: 23 04 34 32 | 07
#0171-d151 @A: 07 04 09 21 | 08
#0172-d151 @A: 10 04 12 08 | 04
#0173-d151 @A: 04 27 24 25 | 06
#0174-d151 @A: 23 16 17 04 | 09
#0175-d151 @A: 26 04 25 15 | 05
#0176-d151 @A: 11 28 04 15 | 10
#0177-d151 @A: 08 30 05 10 | 03
#0178-d151 @A: 30 05 33 31 | 02
#0179-d151 @A: 35 09 30 20 | 01
#0180-d151 @A: 30 08 31 20 | 11
#0181-d151 @A: 20 18 30 03 | 12
#0182-d151 @A: 20 30 24 28 | 07
#0183-d151 @A: 34 30 35 18 | 08
#0184-d151 @A: 30 23 06 21 | 04
#0185-d151 @A: 26 29 09 30 | 06
#0186-d151 @A: 09 23 30 31 | 09
#0187-d151 @A: 31 15 30 26 | 05
#0188-d151 @A: 30 35 22 28 | 10
#0189-d151 @A: 16 11 30 15 | 03
#0190-d151 @A: 20 05 25 03 | 02
#0191-d151 @A: 09 31 05 21 | 01
#0192-d151 @A: 32 05 21 18 | 11
#0193-d151 @A: 21 03 05 17 | 12
#0194-d151 @A: 11 05 29 22 | 07
#0195-d151 @A: 05 27 11 24 | 08
#0196-d151 @A: 10 17 05 31 | 04
#0197-d151 @A: 35 12 05 17 | 06
#0198-d151 @A: 05 16 25 01 | 09
#0199-d151 @A: 22 05 28 01 | 05
#0200-d151 @A: 18 34 13 03 | 10
#0201-d151 @A: 23 13 09 16 | 03
#0202-d151 @A: 33 13 14 15 | 02
#0203-d151 @A: 06 13 07 18 | 01
#0204-d151 @A: 13 31 33 26 | 11
#0205-d151 @A: 33 13 22 11 | 12
#0206-d151 @A: 22 01 13 35 | 07
#0207-d151 @A: 13 16 25 28 | 08
#0208-d151 @A: 11 13 28 17 | 04
#0209-d151 @A: 20 06 09 23 | 06
#0210-d151 @A: 09 20 24 26 | 09
#0211-d151 @A: 20 08 17 03 | 05
#0212-d151 @A: 26 20 22 29 | 10
#0213-d151 @A: 11 12 29 20 | 03
#0214-d151 @A: 33 34 09 03 | 02
#0215-d151 @A: 01 25 09 34 | 01
#0216-d151 @A: 34 09 12 22 | 11
#0217-d151 @A: 32 26 34 14 | 12
#0218-d151 @A: 08 34 12 03 | 07
#0219-d151 @A: 22 34 08 18 | 08
#0220-d151 @A: 28 31 08 34 | 04
#0221-d151 @A: 07 10 34 29 | 06
#0222-d151 @A: 15 26 18 34 | 09
#0223-d151 @A: 26 06 34 28 | 05
#0224-d151 @A: 01 26 22 34 | 10
#0225-d151 @A: 07 34 31 01 | 03
#0226-d151 @A: 25 34 07 22 | 02
#0227-d151 @A: 34 12 07 17 | 01
#0228-d151 @A: 09 12 21 01 | 11
#0229-d151 @A: 21 14 25 15 | 12
#0230-d151 @A: 12 14 21 22 | 07
#0231-d151 @A: 27 15 21 32 | 08
#0232-d151 @A: 32 06 21 11 | 04
#0233-d151 @A: 03 21 29 12 | 06
#0234-d151 @A: 35 16 21 03 | 09
#0235-d151 @A: 10 21 07 17 | 05
#0236-d151 @A: 11 21 35 07 | 10
#0237-d151 @A: 21 35 25 28 | 03
#0238-d151 @A: 16 01 11 21 | 02
#0239-d151 @A: 14 01 08 09 | 01
#0240-d151 @A: 33 26 09 08 | 11
#0241-d151 @A: 18 09 12 07 | 12
#0242-d151 @A: 17 15 26 09 | 07
#0243-d151 @A: 32 14 06 03 | 08
#0244-d151 @A: 06 35 08 14 | 04
#0245-d151 @A: 27 14 03 28 | 06
#0246-d151 @A: 35 27 24 14 | 09
#0247-d151 @A: 14 25 23 24 | 05
#0248-d151 @A: 24 15 32 29 | 10
#0249-d151 @A: 32 16 23 27 | 03
#0250-d151 @A: 06 03 12 32 | 02
#0251-d151 @A: 32 07 33 18 | 01
#0252-d151 @A: 23 08 15 24 | 11
#0253-d151 @A: 18 26 08 11 | 12
#0254-d151 @A: 06 08 16 12 | 07
#0255-d151 @A: 22 10 08 01 | 08
#0256-d151 @A: 01 07 28 08 | 04
#0257-d151 @A: 33 01 29 27 | 06
#0258-d151 @A: 25 03 29 28 | 09
#0259-d151 @A: 29 01 15 18 | 05
#0260-d151 @A: 16 29 31 33 | 10
#0261-d151 @A: 29 17 22 33 | 03
#0262-d151 @A: 15 26 29 06 | 02
#0263-d151 @A: 28 29 15 22 | 01
#0264-d151 @A: 03 31 27 17 | 11
#0265-d151 @A: 27 10 31 33 | 12
#0266-d151 @A: 22 25 33 27 | 07
#0267-d151 @A: 27 35 01 06 | 08
#0268-d151 @A: 11 27 10 01 | 04
#0269-d151 @A: 22 16 27 15 | 06
#0270-d151 @A: 27 11 16 25 | 09
#0271-d151 @A: 17 31 23 18 | 05
#0272-d151 @A: 10 31 23 16 | 10
#0273-d151 @A: 24 03 35 11 | 03
#0274-d151 @A: 01 03 18 31 | 02
#0275-d151 @A: 16 15 26 03 | 01
#0276-d151 @A: 12 10 03 25 | 11
#0277-d151 @A: 35 24 18 06 | 12
#0278-d151 @A: 26 33 24 25 | 07
#0279-d151 @A: 17 01 24 35 | 08
#0280-d151 @A: 33 01 12 25 | 04
#0281-d151 @A: 04 18 02 27 | 06
#0282-d151 @A: 16 12 30 02 | 09
#0283-d151 @A: 02 29 26 05 | 05
#0284-d151 @A: 29 02 25 13 | 10
#0285-d151 @A: 24 13 11 02 | 03
#0286-d151 @A: 34 08 10 02 | 02
#0287-d151 @A: 02 24 03 21 | 01
#0288-d151 @A: 02 14 06 28 | 11
#0289-d151 @A: 24 16 32 02 | 12
#0290-d151 @A: 03 27 02 10 | 07
#0291-d151 @A: 01 27 24 02 | 08
#0292-d151 @A: 27 02 06 07 | 04
#0293-d151 @A: 04 34 26 19 | 06
#0294-d151 @A: 15 19 04 12 | 09
#0295-d151 @A: 19 35 30 15 | 05
#0296-d151 @A: 12 30 35 19 | 10
#0297-d151 @A: 19 11 08 05 | 03
#0298-d151 @A: 20 07 19 13 | 02
#0299-d151 @A: 19 13 32 35 | 01
#0300-d151 @A: 13 06 24 19 | 11
#0301-d151 @A: 19 28 34 09 | 12
#0302-d151 @A: 21 14 33 19 | 07
#0303-d151 @A: 19 03 09 35 | 08
#0304-d151 @A: 09 19 01 17 | 04
#0305-d151 @A: 31 08 19 12 | 06
#0306-d151 @A: 01 19 31 29 | 09
#0307-d151 @A: 17 23 06 19 | 05
#0308-d151 @A: 19 23 26 31 | 10
#0309-d151 @A: 28 18 01 19 | 03
#0310-d151 @A: 06 22 10 19 | 02
#0311-d151 @A: 07 28 06 19 | 01
#0312-d151 @A: 19 10 26 07 | 11
#0313-d151 @A: 30 23 04 10 | 12
#0314-d151 @A: 11 30 04 07 | 07
#0315-d151 @A: 34 10 05 04 | 08
#0316-d151 @A: 21 04 31 13 | 04
#0317-d151 @A: 10 13 01 04 | 06
#0318-d151 @A: 33 20 21 04 | 09
#0319-d151 @A: 11 04 23 09 | 05
#0320-d151 @A: 03 18 09 04 | 10
#0321-d151 @A: 32 12 04 25 | 03
#0322-d151 @A: 29 24 04 22 | 02
#0323-d151 @A: 15 06 24 04 | 01
#0324-d151 @A: 07 04 33 28 | 11
#0325-d151 @A: 31 35 16 04 | 12
#0326-d151 @A: 35 15 17 04 | 07
#0327-d151 @A: 22 03 30 34 | 08
#0328-d151 @A: 30 07 21 25 | 04
#0329-d151 @A: 31 29 30 11 | 06
#0330-d151 @A: 10 24 30 26 | 09
#0331-d151 @A: 30 18 22 06 | 05
#0332-d151 @A: 10 18 30 01 | 10
#0333-d151 @A: 15 30 01 17 | 03
#0334-d151 @A: 24 05 25 13 | 02
#0335-d151 @A: 05 12 07 20 | 01
#0336-d151 @A: 34 05 31 29 | 11
#0337-d151 @A: 35 34 23 05 | 12
#0338-d151 @A: 16 08 21 05 | 07
#0339-d151 @A: 05 11 16 09 | 08
#0340-d151 @A: 17 05 14 23 | 04
#0341-d151 @A: 14 35 05 03 | 06
#0342-d151 @A: 06 32 05 35 | 09
#0343-d151 @A: 03 05 01 27 | 05
#0344-d151 @A: 23 18 12 05 | 10
#0345-d151 @A: 01 05 26 18 | 03
#0346-d151 @A: 11 26 05 31 | 02
#0347-d151 @A: 13 28 20 22 | 01
#0348-d151 @A: 13 14 18 17 | 11
#0349-d151 @A: 25 13 23 08 | 12
#0350-d151 @A: 13 23 03 24 | 07
#0351-d151 @A: 24 13 16 35 | 08
#0352-d151 @A: 35 13 18 33 | 04
#0353-d151 @A: 13 15 10 11 | 06
#0354-d151 @A: 16 07 11 13 | 09
#0355-d151 @A: 22 15 13 12 | 05
#0356-d151 @A: 21 20 23 11 | 10
#0357-d151 @A: 20 09 15 32 | 03
#0358-d151 @A: 20 28 29 09 | 02
#0359-d151 @A: 08 20 32 25 | 01
#0360-d151 @A: 32 27 20 35 | 11
#0361-d151 @A: 27 20 06 29 | 12
#0362-d151 @A: 20 27 26 23 | 07
#0363-d151 @A: 25 28 20 18 | 08
#0364-d151 @A: 20 17 25 01 | 04
#0365-d151 @A: 14 34 21 35 | 06
#0366-d151 @A: 34 29 09 08 | 09
#0367-d151 @A: 24 09 11 34 | 05
#0368-d151 @A: 27 07 03 34 | 10
#0369-d151 @A: 17 34 26 25 | 03
#0370-d151 @A: 34 35 07 17 | 02
#0371-d151 @A: 17 14 24 21 | 01
#0372-d151 @A: 21 26 07 32 | 11
#0373-d151 @A: 28 18 21 31 | 12
#0374-d151 @A: 33 16 07 21 | 07
#0375-d151 @A: 32 12 09 27 | 08
#0376-d151 @A: 27 09 28 08 | 04
#0377-d151 @A: 27 09 22 24 | 06
#0378-d151 @A: 23 24 09 17 | 09
#0379-d151 @A: 26 09 25 06 | 05
#0380-d151 @A: 09 25 10 17 | 10
#0381-d151 @A: 23 01 14 32 | 03
#0382-d151 @A: 23 14 08 22 | 02
#0383-d151 @A: 14 03 15 23 | 01
#0384-d151 @A: 14 16 07 18 | 11
#0385-d151 @A: 10 16 25 14 | 12
#0386-d151 @A: 07 22 14 11 | 07
#0387-d151 @A: 35 23 08 32 | 08
#0388-d151 @A: 24 11 32 08 | 04
#0389-d151 @A: 29 03 35 32 | 06
#0390-d151 @A: 28 35 26 32 | 09
#0391-d151 @A: 25 24 08 28 | 05
#0392-d151 @A: 07 25 18 08 | 10
#0393-d151 @A: 08 35 01 31 | 03
#0394-d151 @A: 08 35 25 16 | 02
#0395-d151 @A: 08 17 15 31 | 01
#0396-d151 @A: 25 29 17 27 | 11
#0397-d151 @A: 29 01 10 06 | 12
#0398-d151 @A: 10 17 15 29 | 07
#0399-d151 @A: 27 12 33 11 | 08
#0400-d151 @A: 28 15 31 27 | 04
#0401-d151 @A: 01 33 06 23 | 06
#0402-d151 @A: 17 35 03 06 | 09
#0403-d151 @A: 33 15 16 24 | 05
#0404-d151 @A: 16 24 12 33 | 10
#0405-d151 @A: 16 11 24 26 | 03
#0406-d151 @A: 22 07 24 31 | 02
#0407-d151 @A: 22 31 12 24 | 01
#0408-d151 @A: 24 17 11 15 | 11
#0409-d151 @A: 18 31 12 06 | 12
#0410-d151 @A: 12 18 17 10 | 07
#0411-d151 @A: 02 19 03 17 | 08
#0412-d151 @A: 02 13 26 04 | 04
#0413-d151 @A: 02 05 33 14 | 06
#0414-d151 @A: 08 12 05 02 | 09
#0415-d151 @A: 02 20 07 21 | 05
#0416-d151 @A: 02 24 25 20 | 10
#0417-d151 @A: 34 21 22 02 | 03
#0418-d151 @A: 23 02 34 16 | 02
#0419-d151 @A: 02 10 34 12 | 01
#0420-d151 @A: 27 09 02 14 | 11
#0421-d151 @A: 17 29 09 02 | 12
#0422-d151 @A: 15 02 22 08 | 07
#0423-d151 @A: 10 28 02 18 | 08
#0424-d151 @A: 33 31 01 02 | 04
#0425-d151 @A: 16 06 17 02 | 06
#0426-d151 @A: 02 28 07 25 | 09
#0427-d151 @A: 16 04 19 13 | 05
#0428-d151 @A: 04 32 15 19 | 10
#0429-d151 @A: 24 17 19 04 | 03
#0430-d151 @A: 29 20 25 19 | 02
#0431-d151 @A: 32 34 12 19 | 01
#0432-d151 @A: 32 06 09 19 | 11
#0433-d151 @A: 24 19 25 09 | 12
#0434-d151 @A: 19 18 22 07 | 07
#0435-d151 @A: 01 16 19 22 | 08
#0436-d151 @A: 27 09 04 30 | 04
#0437-d151 @A: 14 30 04 17 | 06
#0438-d151 @A: 12 04 13 34 | 09
#0439-d151 @A: 04 08 15 20 | 05
#0440-d151 @A: 18 04 07 34 | 10
#0441-d151 @A: 34 01 04 33 | 03
#0442-d151 @A: 29 04 21 28 | 02
#0443-d151 @A: 03 08 33 04 | 01
#0444-d151 @A: 16 15 04 07 | 11
#0445-d151 @A: 32 33 13 30 | 12
#0446-d151 @A: 34 10 14 30 | 07
#0447-d151 @A: 34 14 30 12 | 08
#0448-d151 @A: 21 33 30 28 | 04
#0449-d151 @A: 08 09 15 30 | 06
#0450-d151 @A: 14 31 30 32 | 09
#0451-d151 @A: 30 26 23 14 | 05
#0452-d151 @A: 03 14 33 30 | 10
#0453-d151 @A: 32 30 01 29 | 03
#0454-d151 @A: 30 11 03 08 | 02
#0455-d151 @A: 23 07 15 30 | 01
#0456-d151 @A: 18 11 30 28 | 11
#0457-d151 @A: 30 06 16 33 | 12
#0458-d151 @A: 30 26 35 07 | 07
#0459-d151 @A: 01 11 26 30 | 08
#0460-d151 @A: 16 17 35 30 | 04
#0461-d151 @A: 32 13 05 27 | 06
#0462-d151 @A: 33 34 05 32 | 09
#0463-d151 @A: 05 09 14 22 | 05
#0464-d151 @A: 05 14 24 06 | 10
#0465-d151 @A: 05 08 07 17 | 03
#0466-d151 @A: 05 03 07 23 | 02
#0467-d151 @A: 26 05 07 33 | 01
#0468-d151 @A: 15 26 05 28 | 11
#0469-d151 @A: 05 35 11 15 | 12
#0470-d151 @A: 15 28 12 05 | 07
#0471-d151 @A: 33 34 20 13 | 08
#0472-d151 @A: 14 31 34 13 | 04
#0473-d151 @A: 13 21 09 15 | 06
#0474-d151 @A: 01 21 25 13 | 09
#0475-d151 @A: 14 09 13 10 | 05
#0476-d151 @A: 07 09 13 32 | 10
#0477-d151 @A: 03 11 14 13 | 03
#0478-d151 @A: 14 13 07 24 | 02
#0479-d151 @A: 13 12 28 08 | 01
#0480-d151 @A: 22 13 27 03 | 11
#0481-d151 @A: 28 27 33 13 | 12
#0482-d151 @A: 01 07 33 13 | 07
#0483-d151 @A: 13 17 01 06 | 08
#0484-d151 @A: 26 35 13 10 | 04
#0485-d151 @A: 26 22 07 13 | 06
#0486-d151 @A: 31 13 28 35 | 09
#0487-d151 @A: 31 13 25 11 | 05
#0488-d151 @A: 26 14 25 20 | 10
#0489-d151 @A: 07 20 01 14 | 03
#0490-d151 @A: 07 32 23 20 | 02
#0491-d151 @A: 23 10 22 20 | 01
#0492-d151 @A: 20 07 03 33 | 11
#0493-d151 @A: 17 15 18 20 | 12
#0494-d151 @A: 16 20 33 17 | 07
#0495-d151 @A: 35 06 22 20 | 08
#0496-d151 @A: 20 26 12 35 | 04
#0497-d151 @A: 26 07 17 20 | 06
#0498-d151 @A: 10 31 01 20 | 09
#0499-d151 @A: 35 20 17 31 | 05
#0500-d151 @A: 35 16 11 20 | 10
#0501-d151 @A: 18 21 12 34 | 03
#0502-d151 @A: 14 34 06 09 | 02
#0503-d151 @A: 34 09 07 26 | 01
#0504-d151 @A: 34 14 33 24 | 11
#0505-d151 @A: 34 32 10 03 | 12
#0506-d151 @A: 31 24 34 17 | 07
#0507-d151 @A: 26 31 34 10 | 08
#0508-d151 @A: 34 15 35 22 | 04
#0509-d151 @A: 31 16 22 34 | 06
#0510-d151 @A: 34 28 15 17 | 09
#0511-d151 @A: 14 29 21 09 | 05
#0512-d151 @A: 21 09 01 23 | 10
#0513-d151 @A: 26 09 03 21 | 03
#0514-d151 @A: 22 14 32 21 | 02
#0515-d151 @A: 21 14 11 27 | 01
#0516-d151 @A: 21 27 23 17 | 11
#0517-d151 @A: 24 21 23 35 | 12
#0518-d151 @A: 33 18 21 11 | 07
#0519-d151 @A: 21 15 07 06 | 08
#0520-d151 @A: 21 31 15 16 | 04
#0521-d151 @A: 11 09 32 14 | 06
#0522-d151 @A: 09 08 35 17 | 09
#0523-d151 @A: 29 18 09 22 | 05
#0524-d151 @A: 09 29 11 33 | 10
#0525-d151 @A: 09 15 16 35 | 03
#0526-d151 @A: 08 17 29 14 | 02
#0527-d151 @A: 12 08 14 07 | 01
#0528-d151 @A: 18 31 14 06 | 11
#0529-d151 @A: 14 18 26 10 | 12
#0530-d151 @A: 17 01 26 14 | 07
#0531-d151 @A: 07 14 31 10 | 08
#0532-d151 @A: 14 28 07 15 | 04
#0533-d151 @A: 17 03 32 23 | 06
#0534-d151 @A: 17 01 32 18 | 09
#0535-d151 @A: 32 33 11 35 | 05
#0536-d151 @A: 26 10 16 32 | 10
#0537-d151 @A: 32 16 07 31 | 03
#0538-d151 @A: 01 32 12 31 | 02
#0539-d151 @A: 32 16 15 17 | 01
#0540-d151 @A: 17 08 33 01 | 11
#0541-d151 @A: 26 08 15 10 | 12
#0542-d151 @A: 10 35 08 07 | 07
#0543-d151 @A: 10 31 08 25 | 08
#0544-d151 @A: 16 22 28 08 | 04
#0545-d151 @A: 35 28 12 29 | 06
#0546-d151 @A: 29 16 12 17 | 09
#0547-d151 @A: 23 03 06 27 | 05
#0548-d151 @A: 24 27 23 07 | 10
#0549-d151 @A: 27 26 33 18 | 03
#0550-d151 @A: 26 01 27 28 | 02
#0551-d151 @A: 23 25 18 06 | 01
#0552-d151 @A: 06 35 23 26 | 11
#0553-d151 @A: 23 06 28 22 | 12
#0554-d151 @A: 23 35 25 31 | 07
#0555-d151 @A: 22 24 03 33 | 08
#0556-d151 @A: 31 06 33 03 | 04
#0557-d151 @A: 33 03 26 01 | 06
#0558-d151 @A: 26 28 22 03 | 09
#0559-d151 @A: 03 11 07 10 | 05
#0560-d151 @A: 22 03 15 11 | 10
#0561-d151 @A: 24 11 06 33 | 03
#0562-d151 @A: 10 35 25 24 | 02
#0563-d151 @A: 31 15 35 12 | 01
#0564-d151 @A: 07 15 12 11 | 11
#0565-d151 @A: 28 19 08 02 | 12
#0566-d151 @A: 04 30 33 02 | 07
#0567-d151 @A: 32 02 30 26 | 08
#0568-d151 @A: 13 32 02 18 | 04
#0569-d151 @A: 02 13 03 16 | 06
#0570-d151 @A: 15 02 26 20 | 09
#0571-d151 @A: 20 17 02 10 | 05
#0572-d151 @A: 09 34 02 18 | 10
#0573-d151 @A: 21 32 02 23 | 03
#0574-d151 @A: 21 02 29 06 | 02
#0575-d151 @A: 31 12 21 02 | 01
#0576-d151 @A: 02 12 09 26 | 11
#0577-d151 @A: 17 02 32 35 | 12
#0578-d151 @A: 03 35 08 02 | 07
#0579-d151 @A: 01 23 29 02 | 08
#0580-d151 @A: 02 07 35 18 | 04
#0581-d151 @A: 35 28 02 33 | 06
#0582-d151 @A: 12 28 06 02 | 09
#0583-d151 @A: 31 19 03 05 | 05
#0584-d151 @A: 19 13 18 29 | 10
#0585-d151 @A: 13 25 03 19 | 03
#0586-d151 @A: 20 19 34 22 | 02
#0587-d151 @A: 10 19 09 21 | 01
#0588-d151 @A: 31 27 21 19 | 11
#0589-d151 @A: 19 28 14 35 | 12
#0590-d151 @A: 23 07 08 19 | 07
#0591-d151 @A: 08 19 03 15 | 08
#0592-d151 @A: 19 24 08 01 | 04
#0593-d151 @A: 29 28 19 27 | 06
#0594-d151 @A: 03 27 11 19 | 09
#0595-d151 @A: 33 19 03 18 | 05
#0596-d151 @A: 24 19 12 28 | 10
#0597-d151 @A: 10 19 25 18 | 03
#0598-d151 @A: 11 07 17 19 | 02
#0599-d151 @A: 30 06 26 04 | 01
#0600-d151 @A: 05 21 04 35 | 11
#0601-d151 @A: 04 12 05 06 | 12
#0602-d151 @A: 04 09 13 35 | 07
#0603-d151 @A: 01 09 04 24 | 08
#0604-d151 @A: 29 01 14 04 | 04
#0605-d151 @A: 17 04 32 29 | 06
#0606-d151 @A: 10 04 32 11 | 09
#0607-d151 @A: 04 27 17 08 | 05
#0608-d151 @A: 35 08 04 22 | 10
#0609-d151 @A: 04 03 24 12 | 03
#0610-d151 @A: 26 31 28 04 | 02
#0611-d151 @A: 05 30 25 22 | 01
#0612-d151 @A: 21 10 27 30 | 11
#0613-d151 @A: 09 22 30 32 | 12
#0614-d151 @A: 23 17 30 08 | 07
#0615-d151 @A: 15 06 25 30 | 08
#0616-d151 @A: 05 29 13 17 | 04
#0617-d151 @A: 20 05 32 10 | 06
#0618-d151 @A: 34 01 05 14 | 09
#0619-d151 @A: 14 05 12 01 | 05
#0620-d151 @A: 05 16 29 07 | 10
#0621-d151 @A: 05 10 26 03 | 03
#0622-d151 @A: 31 33 12 05 | 02
#0623-d151 @A: 06 05 17 26 | 01
#0624-d151 @A: 05 22 15 07 | 11
#0625-d151 @A: 01 20 13 27 | 12
#0626-d151 @A: 24 17 20 13 | 07
#0627-d151 @A: 21 24 13 26 | 08
#0628-d151 @A: 08 13 28 14 | 04
#0629-d151 @A: 13 06 33 25 | 06
#0630-d151 @A: 07 15 25 13 | 09
#0631-d151 @A: 25 27 34 20 | 05
#0632-d151 @A: 03 21 06 20 | 10
#0633-d151 @A: 20 22 08 24 | 03
#0634-d151 @A: 11 24 29 20 | 02
#0635-d151 @A: 25 20 23 16 | 01
#0636-d151 @A: 20 35 24 07 | 11
#0637-d151 @A: 26 33 20 10 | 12
#0638-d151 @A: 25 20 22 31 | 07
#0639-d151 @A: 29 06 32 34 | 08
#0640-d151 @A: 07 24 32 34 | 04
#0641-d151 @A: 34 24 22 23 | 06
#0642-d151 @A: 33 23 12 34 | 09
#0643-d151 @A: 06 12 15 34 | 05
#0644-d151 @A: 31 35 11 34 | 10
#0645-d151 @A: 33 09 21 24 | 03
#0646-d151 @A: 21 08 06 24 | 02
#0647-d151 @A: 08 21 11 17 | 01
#0648-d151 @A: 27 21 28 24 | 11
#0649-d151 @A: 06 17 21 18 | 12
#0650-d151 @A: 26 25 18 21 | 07
#0651-d151 @A: 06 28 21 01 | 08
#0652-d151 @A: 12 09 03 14 | 04
#0653-d151 @A: 25 09 14 33 | 06
#0654-d151 @A: 09 01 29 16 | 09
#0655-d151 @A: 11 27 07 09 | 05
#0656-d151 @A: 23 03 22 09 | 10
#0657-d151 @A: 06 33 09 18 | 03
#0658-d151 @A: 18 31 09 25 | 02
#0659-d151 @A: 22 33 09 15 | 01
#0660-d151 @A: 16 09 10 12 | 11
#0661-d151 @A: 11 12 22 09 | 12
#0662-d151 @A: 14 18 08 03 | 07
#0663-d151 @A: 10 14 27 23 | 08
#0664-d151 @A: 22 03 01 14 | 04
#0665-d151 @A: 11 14 35 18 | 06
#0666-d151 @A: 33 16 22 14 | 09
#0667-d151 @A: 22 14 15 06 | 05
#0668-d151 @A: 15 35 14 26 | 10
#0669-d151 @A: 10 11 14 17 | 03
#0670-d151 @A: 14 17 16 31 | 02
#0671-d151 @A: 11 14 31 15 | 01
#0672-d151 @A: 18 26 29 32 | 11
#0673-d151 @A: 31 23 32 06 | 12
#0674-d151 @A: 12 24 32 07 | 07
#0675-d151 @A: 32 01 33 16 | 08
#0676-d151 @A: 33 17 32 25 | 04
#0677-d151 @A: 31 15 35 32 | 06
#0678-d151 @A: 08 06 29 23 | 09
#0679-d151 @A: 35 29 08 26 | 05
#0680-d151 @A: 08 24 23 12 | 10
#0681-d151 @A: 28 33 08 18 | 03
#0682-d151 @A: 31 33 08 22 | 02
#0683-d151 @A: 17 33 07 27 | 01
#0684-d151 @A: 27 31 22 06 | 11
#0685-d151 @A: 07 27 10 16 | 12
#0686-d151 @A: 27 10 25 15 | 07
#0687-d151 @A: 15 27 12 10 | 08
#0688-d151 @A: 35 11 17 27 | 04
#0689-d151 @A: 33 12 03 18 | 06
#0690-d151 @A: 17 22 18 03 | 09
#0691-d151 @A: 33 35 10 03 | 05
#0692-d151 @A: 03 16 25 33 | 10
#0693-d151 @A: 03 33 15 28 | 03
#0694-d151 @A: 15 24 01 26 | 02
#0695-d151 @A: 18 26 12 22 | 01
#0696-d151 @A: 06 26 12 01 | 11
#0697-d151 @A: 11 19 02 04 | 12
#0698-d151 @A: 02 30 19 07 | 07
#0699-d151 @A: 19 25 05 02 | 08
#0700-d151 @A: 19 02 16 09 | 04
#0701-d151 @A: 21 02 04 25 | 06
#0702-d151 @A: 03 02 07 04 | 09
#0703-d151 @A: 01 02 17 04 | 05
#0704-d151 @A: 02 30 21 17 | 10
#0705-d151 @A: 02 01 03 34 | 03
#0706-d151 @A: 24 02 34 26 | 02
#0707-d151 @A: 15 09 23 02 | 01
#0708-d151 @A: 02 03 23 31 | 11
#0709-d151 @A: 24 02 06 23 | 12
#0710-d151 @A: 25 23 22 02 | 07
#0711-d151 @A: 23 22 12 02 | 08
#0712-d151 @A: 25 06 02 11 | 04
#0713-d151 @A: 02 15 11 07 | 06
#0714-d151 @A: 04 19 09 31 | 09
#0715-d151 @A: 04 19 14 25 | 05
#0716-d151 @A: 03 01 04 19 | 10
#0717-d151 @A: 30 21 19 26 | 03
#0718-d151 @A: 14 30 19 06 | 02
#0719-d151 @A: 12 19 05 11 | 01
#0720-d151 @A: 19 01 14 13 | 11
#0721-d151 @A: 28 19 13 26 | 12
#0722-d151 @A: 19 20 18 09 | 07
#0723-d151 @A: 20 26 03 19 | 08
#0724-d151 @A: 25 34 19 08 | 04
#0725-d151 @A: 26 11 09 19 | 06
#0726-d151 @A: 14 12 19 06 | 09
#0727-d151 @A: 33 32 22 19 | 05
#0728-d151 @A: 16 19 29 03 | 10
#0729-d151 @A: 24 19 10 27 | 03
#0730-d151 @A: 09 12 04 30 | 02
#0731-d151 @A: 31 05 07 04 | 01
#0732-d151 @A: 04 13 20 06 | 11
#0733-d151 @A: 20 32 04 26 | 12
#0734-d151 @A: 07 20 04 29 | 07
#0735-d151 @A: 04 10 20 24 | 08
#0736-d151 @A: 04 29 34 27 | 04
#0737-d151 @A: 26 29 23 04 | 06
#0738-d151 @A: 06 03 25 04 | 09
#0739-d151 @A: 01 11 06 04 | 05
#0740-d151 @A: 12 31 04 11 | 10
#0741-d151 @A: 28 25 17 04 | 03
#0742-d151 @A: 20 30 05 06 | 02
#0743-d151 @A: 15 05 21 30 | 01
#0744-d151 @A: 27 26 30 05 | 11
#0745-d151 @A: 30 20 13 26 | 12
#0746-d151 @A: 10 30 20 29 | 07
#0747-d151 @A: 30 29 25 34 | 08
#0748-d151 @A: 30 21 32 35 | 04
#0749-d151 @A: 30 14 28 29 | 06
#0750-d151 @A: 32 11 30 27 | 09
#0751-d151 @A: 24 17 29 30 | 05
#0752-d151 @A: 29 33 15 30 | 10
#0753-d151 @A: 27 35 03 30 | 03
#0754-d151 @A: 03 26 17 30 | 02
#0755-d151 @A: 12 30 26 33 | 01
#0756-d151 @A: 22 30 01 31 | 11
#0757-d151 @A: 17 30 25 31 | 12
#0758-d151 @A: 05 34 20 07 | 07
#0759-d151 @A: 08 05 20 26 | 08
#0760-d151 @A: 20 18 24 05 | 04
#0761-d151 @A: 05 34 24 15 | 06
#0762-d151 @A: 22 21 23 05 | 09
#0763-d151 @A: 01 05 21 24 | 05
#0764-d151 @A: 14 16 05 32 | 10
#0765-d151 @A: 24 08 05 35 | 03
#0766-d151 @A: 20 13 35 21 | 02
#0767-d151 @A: 07 34 08 13 | 01
#0768-d151 @A: 24 34 13 10 | 11
#0769-d151 @A: 16 21 13 32 | 12
#0770-d151 @A: 24 13 28 09 | 07
#0771-d151 @A: 29 23 13 12 | 08
#0772-d151 @A: 27 31 12 13 | 04
#0773-d151 @A: 13 12 01 07 | 06
#0774-d151 @A: 31 34 23 20 | 09
#0775-d151 @A: 34 10 20 18 | 05
#0776-d151 @A: 01 21 20 08 | 10
#0777-d151 @A: 18 20 21 27 | 03
#0778-d151 @A: 21 31 20 26 | 02
#0779-d151 @A: 10 21 25 20 | 01
#0780-d151 @A: 03 11 09 20 | 11
#0781-d151 @A: 33 29 20 14 | 12
#0782-d151 @A: 12 10 20 14 | 07
#0783-d151 @A: 16 32 29 20 | 08
#0784-d151 @A: 08 20 28 23 | 04
#0785-d151 @A: 12 27 20 24 | 06
#0786-d151 @A: 12 28 20 25 | 09
#0787-d151 @A: 34 23 14 18 | 05
#0788-d151 @A: 03 25 34 14 | 10
#0789-d151 @A: 25 34 32 18 | 03
#0790-d151 @A: 03 24 34 08 | 02
#0791-d151 @A: 28 24 34 29 | 01
#0792-d151 @A: 34 15 23 27 | 11
#0793-d151 @A: 16 34 12 27 | 12
#0794-d151 @A: 18 01 34 06 | 07
#0795-d151 @A: 18 28 16 34 | 08
#0796-d151 @A: 34 22 28 33 | 04
#0797-d151 @A: 08 09 25 21 | 06
#0798-d151 @A: 21 27 09 06 | 09
#0799-d151 @A: 08 28 32 21 | 05
#0800-d151 @A: 10 21 08 23 | 10
#0801-d151 @A: 25 29 23 21 | 03
#0802-d151 @A: 21 15 18 10 | 02
#0803-d151 @A: 16 21 11 12 | 01
#0804-d151 @A: 09 29 07 03 | 11
#0805-d151 @A: 31 09 33 07 | 12
#0806-d151 @A: 26 09 16 31 | 07
#0807-d151 @A: 31 09 22 35 | 08
#0808-d151 @A: 09 31 11 01 | 04
#0809-d151 @A: 22 09 11 25 | 06
#0810-d151 @A: 10 14 32 35 | 09
#0811-d151 @A: 26 24 14 08 | 05
#0812-d151 @A: 14 23 16 28 | 10
#0813-d151 @A: 14 25 18 22 | 03
#0814-d151 @A: 33 07 35 14 | 02
#0815-d151 @A: 33 15 12 14 | 01
#0816-d151 @A: 08 22 29 32 | 11
#0817-d151 @A: 31 32 26 01 | 12
#0818-d151 @A: 32 28 01 10 | 07
#0819-d151 @A: 31 27 08 24 | 08
#0820-d151 @A: 26 08 17 28 | 04
#0821-d151 @A: 35 08 28 11 | 06
#0822-d151 @A: 01 08 25 11 | 09
#0823-d151 @A: 29 07 22 27 | 05
#0824-d151 @A: 16 15 23 29 | 10
#0825-d151 @A: 10 12 29 06 | 03
#0826-d151 @A: 17 31 29 26 | 02
#0827-d151 @A: 29 28 16 35 | 01
#0828-d151 @A: 11 18 27 31 | 11
#0829-d151 @A: 07 26 27 15 | 12
#0830-d151 @A: 07 06 23 12 | 07
#0831-d151 @A: 23 22 17 26 | 08
#0832-d151 @A: 12 26 23 17 | 04
#0833-d151 @A: 11 28 31 23 | 06
#0834-d151 @A: 03 06 18 10 | 09
#0835-d151 @A: 31 07 25 03 | 05
#0836-d151 @A: 16 03 31 11 | 10
#0837-d151 @A: 12 35 18 25 | 03
#0838-d151 @A: 18 15 17 12 | 02
#0839-d151 @A: 26 12 28 01 | 01
#0840-d151 @A: 21 13 02 19 | 11
#0841-d151 @A: 19 02 06 01 | 12
#0842-d151 @A: 12 04 17 02 | 07
#0843-d151 @A: 30 02 05 01 | 08
#0844-d151 @A: 30 02 03 15 | 04
#0845-d151 @A: 02 32 15 05 | 06
#0846-d151 @A: 02 21 09 35 | 09
#0847-d151 @A: 31 21 10 02 | 05
#0848-d151 @A: 26 02 23 08 | 10
#0849-d151 @A: 33 26 17 02 | 03
#0850-d151 @A: 10 02 06 35 | 02
#0851-d151 @A: 26 02 31 07 | 01
#0852-d151 @A: 28 11 02 26 | 11
#0853-d151 @A: 02 12 07 35 | 12
#0854-d151 @A: 19 33 05 04 | 07
#0855-d151 @A: 35 04 29 19 | 08
#0856-d151 @A: 19 07 27 04 | 04
#0857-d151 @A: 19 30 16 31 | 06
#0858-d151 @A: 20 19 06 08 | 09
#0859-d151 @A: 19 11 20 15 | 05
#0860-d151 @A: 16 19 21 23 | 10
#0861-d151 @A: 11 19 25 21 | 03
#0862-d151 @A: 16 27 19 06 | 02
#0863-d151 @A: 12 17 27 19 | 01
#0864-d151 @A: 03 23 10 19 | 11
#0865-d151 @A: 33 24 19 07 | 12
#0866-d151 @A: 19 25 01 26 | 07
#0867-d151 @A: 19 31 15 07 | 08
#0868-d151 @A: 04 34 25 13 | 04
#0869-d151 @A: 08 04 13 32 | 06
#0870-d151 @A: 04 27 20 31 | 09
#0871-d151 @A: 34 14 04 28 | 05
#0872-d151 @A: 34 04 35 03 | 10
#0873-d151 @A: 18 21 14 04 | 03
#0874-d151 @A: 04 14 26 09 | 02
#0875-d151 @A: 32 04 25 09 | 01
#0876-d151 @A: 06 14 23 04 | 11
#0877-d151 @A: 12 04 14 18 | 12
#0878-d151 @A: 29 04 12 24 | 07
#0879-d151 @A: 28 03 04 23 | 08
#0880-d151 @A: 04 35 25 33 | 04
#0881-d151 @A: 30 07 24 05 | 06
#0882-d151 @A: 30 13 03 31 | 09
#0883-d151 @A: 30 13 22 24 | 05
#0884-d151 @A: 13 12 30 10 | 10
#0885-d151 @A: 30 20 17 32 | 03
#0886-d151 @A: 34 30 08 26 | 02
#0887-d151 @A: 30 09 18 21 | 01
#0888-d151 @A: 30 01 21 03 | 11
#0889-d151 @A: 30 28 09 01 | 12
#0890-d151 @A: 14 24 15 30 | 07
#0891-d151 @A: 32 08 30 06 | 08
#0892-d151 @A: 32 03 30 07 | 04
#0893-d151 @A: 15 29 12 30 | 06
#0894-d151 @A: 27 22 23 30 | 09
#0895-d151 @A: 24 06 30 12 | 05
#0896-d151 @A: 33 07 30 10 | 10
#0897-d151 @A: 06 30 11 35 | 03
#0898-d151 @A: 28 30 31 06 | 02
#0899-d151 @A: 30 07 12 22 | 01
#0900-d151 @A: 01 12 30 17 | 11
#0901-d151 @A: 08 13 05 15 | 12
#0902-d151 @A: 23 05 18 13 | 07
#0903-d151 @A: 31 13 05 01 | 08
#0904-d151 @A: 20 05 14 28 | 04
#0905-d151 @A: 24 05 09 03 | 06
#0906-d151 @A: 05 28 27 23 | 09
#0907-d151 @A: 10 28 05 24 | 05
#0908-d151 @A: 05 25 31 28 | 10
#0909-d151 @A: 17 25 05 15 | 03
#0910-d151 @A: 13 21 23 14 | 02
#0911-d151 @A: 17 33 21 13 | 01
#0912-d151 @A: 18 13 26 09 | 11
#0913-d151 @A: 29 06 14 13 | 12
#0914-d151 @A: 11 29 13 32 | 07
#0915-d151 @A: 28 13 06 32 | 08
#0916-d151 @A: 23 28 13 29 | 04
#0917-d151 @A: 13 15 26 23 | 06
#0918-d151 @A: 16 18 13 22 | 09
#0919-d151 @A: 13 10 16 33 | 05
#0920-d151 @A: 22 13 25 10 | 10
#0921-d151 @A: 08 20 35 34 | 03
#0922-d151 @A: 16 34 03 20 | 02
#0923-d151 @A: 20 15 21 24 | 01
#0924-d151 @A: 06 28 33 20 | 11
#0925-d151 @A: 33 25 20 11 | 12
#0926-d151 @A: 26 20 28 16 | 07
#0927-d151 @A: 28 31 20 07 | 08
#0928-d151 @A: 27 09 31 34 | 04
#0929-d151 @A: 11 08 34 14 | 06
#0930-d151 @A: 35 28 01 34 | 09
#0931-d151 @A: 31 14 21 03 | 05
#0932-d151 @A: 21 06 14 10 | 10
#0933-d151 @A: 21 14 28 26 | 03
#0934-d151 @A: 21 12 23 32 | 02
#0935-d151 @A: 07 03 21 08 | 01
#0936-d151 @A: 29 21 26 01 | 11
#0937-d151 @A: 22 24 16 21 | 12
#0938-d151 @A: 21 22 01 33 | 07
#0939-d151 @A: 22 10 21 26 | 08
#0940-d151 @A: 26 21 11 15 | 04
#0941-d151 @A: 18 28 14 09 | 06
#0942-d151 @A: 03 09 28 32 | 09
#0943-d151 @A: 27 29 15 09 | 05
#0944-d151 @A: 22 06 01 09 | 10
#0945-d151 @A: 28 17 31 09 | 03
#0946-d151 @A: 24 28 32 14 | 02
#0947-d151 @A: 26 14 29 27 | 01
#0948-d151 @A: 23 14 29 07 | 11
#0949-d151 @A: 35 29 31 14 | 12
#0950-d151 @A: 18 01 33 14 | 07
#0951-d151 @A: 26 11 33 14 | 08
#0952-d151 @A: 14 16 35 01 | 04
#0953-d151 @A: 27 32 31 29 | 06
#0954-d151 @A: 31 10 32 18 | 09
#0955-d151 @A: 25 06 16 32 | 05
#0956-d151 @A: 11 26 17 32 | 10
#0957-d151 @A: 12 32 35 16 | 03
#0958-d151 @A: 35 25 32 01 | 02
#0959-d151 @A: 12 11 28 32 | 01
#0960-d151 @A: 03 08 29 01 | 11
#0961-d151 @A: 08 12 01 29 | 12
#0962-d151 @A: 08 10 11 33 | 07
#0963-d151 @A: 15 25 08 33 | 08
#0964-d151 @A: 17 29 18 35 | 04
#0965-d151 @A: 18 28 12 27 | 06
#0966-d151 @A: 12 35 23 03 | 09
#0967-d151 @A: 17 01 10 23 | 05
#0968-d151 @A: 28 31 03 24 | 10
#0969-d151 @A: 22 03 07 06 | 03
#0970-d151 @A: 28 03 12 17 | 02
#0971-d151 @A: 04 29 02 15 | 01
#0972-d151 @A: 22 02 14 30 | 11
#0973-d151 @A: 05 03 06 02 | 12
#0974-d151 @A: 35 31 05 02 | 07
#0975-d151 @A: 02 13 23 20 | 08
#0976-d151 @A: 02 06 13 22 | 04
#0977-d151 @A: 02 29 33 34 | 06
#0978-d151 @A: 34 35 25 02 | 09
#0979-d151 @A: 09 07 24 02 | 05
#0980-d151 @A: 29 02 18 12 | 10
#0981-d151 @A: 02 24 33 18 | 03
#0982-d151 @A: 02 11 16 33 | 02
#0983-d151 @A: 35 22 16 02 | 01
#0984-d151 @A: 25 15 01 02 | 11
#0985-d151 @A: 23 22 19 04 | 12
#0986-d151 @A: 13 19 30 08 | 07
#0987-d151 @A: 19 22 29 30 | 08
#0988-d151 @A: 19 05 28 21 | 04
#0989-d151 @A: 19 29 06 05 | 06
#0990-d151 @A: 19 13 27 09 | 09
#0991-d151 @A: 03 12 13 19 | 05
#0992-d151 @A: 10 31 19 13 | 10
#0993-d151 @A: 27 34 33 19 | 03
#0994-d151 @A: 15 14 09 19 | 02
#0995-d151 @A: 07 03 14 19 | 01
#0996-d151 @A: 32 27 19 01 | 11
#0997-d151 @A: 23 19 32 11 | 12
#0998-d151 @A: 32 28 17 19 | 07
#0999-d151 @A: 24 29 19 26 | 08
#1000-d151 @A: 27 23 19 35 | 04
#1001-d151 @A: 19 31 06 11 | 06
#1002-d151 @A: 01 35 07 19 | 09
#1003-d151 @A: 07 19 25 16 | 05
#1004-d151 @A: 31 22 28 19 | 10
#1005-d151 @A: 04 13 15 30 | 03
#1006-d151 @A: 32 30 16 04 | 02
#1007-d151 @A: 28 04 05 13 | 01
#1008-d151 @A: 04 20 03 22 | 11
#1009-d151 @A: 03 04 16 14 | 12
#1010-d151 @A: 24 35 32 04 | 07
#1011-d151 @A: 16 04 11 08 | 08
#1012-d151 @A: 04 35 10 18 | 04
#1013-d151 @A: 11 25 18 04 | 06
#1014-d151 @A: 26 16 33 04 | 09
#1015-d151 @A: 10 07 25 04 | 05
#1016-d151 @A: 01 25 31 04 | 10
#1017-d151 @A: 04 01 22 15 | 03
#1018-d151 @A: 28 30 32 05 | 02
#1019-d151 @A: 30 27 05 12 | 01
#1020-d151 @A: 30 07 13 29 | 11
#1021-d151 @A: 25 18 30 13 | 12
#1022-d151 @A: 30 34 20 21 | 07
#1023-d151 @A: 34 17 30 27 | 08
#1024-d151 @A: 30 31 24 21 | 04
#1025-d151 @A: 15 18 27 30 | 06
#1026-d151 @A: 30 12 11 03 | 09
#1027-d151 @A: 28 25 26 30 | 05
#1028-d151 @A: 11 10 30 25 | 10
#1029-d151 @A: 13 05 34 16 | 03
#1030-d151 @A: 23 20 15 05 | 02
#1031-d151 @A: 27 05 08 34 | 01
#1032-d151 @A: 07 05 21 14 | 11
#1033-d151 @A: 25 05 09 29 | 12
#1034-d151 @A: 09 17 05 27 | 07
#1035-d151 @A: 14 29 05 15 | 08
#1036-d151 @A: 16 06 23 05 | 04
#1037-d151 @A: 11 10 18 05 | 06
#1038-d151 @A: 18 22 05 31 | 09
#1039-d151 @A: 05 15 16 18 | 05
#1040-d151 @A: 22 05 10 33 | 10
#1041-d151 @A: 33 01 15 05 | 03
#1042-d151 @A: 05 28 33 11 | 02
#1043-d151 @A: 28 16 17 05 | 01
#1044-d151 @A: 14 13 32 20 | 11
#1045-d151 @A: 07 21 13 27 | 12
#1046-d151 @A: 17 21 12 13 | 07
#1047-d151 @A: 09 13 12 33 | 08
#1048-d151 @A: 08 33 13 24 | 04
#1049-d151 @A: 13 08 01 26 | 06
#1050-d151 @A: 27 13 10 18 | 09
#1051-d151 @A: 13 06 10 23 | 05
#1052-d151 @A: 11 13 35 23 | 10
#1053-d151 @A: 12 13 35 24 | 03
#1054-d151 @A: 34 26 11 20 | 02
#1055-d151 @A: 20 12 01 34 | 01
#1056-d151 @A: 21 20 22 09 | 11
#1057-d151 @A: 07 09 20 08 | 12
#1058-d151 @A: 20 31 11 32 | 07
#1059-d151 @A: 15 27 20 03 | 08
#1060-d151 @A: 16 27 20 24 | 04
#1061-d151 @A: 20 12 03 15 | 06
#1062-d151 @A: 18 20 26 35 | 09
#1063-d151 @A: 01 26 06 20 | 05
#1064-d151 @A: 16 12 20 06 | 10
#1065-d151 @A: 01 20 15 28 | 03
#1066-d151 @A: 10 33 34 21 | 02
#1067-d151 @A: 06 35 34 16 | 01
#1068-d151 @A: 34 12 11 35 | 11
#1069-d151 @A: 16 17 01 34 | 12
#1070-d151 @A: 23 31 07 21 | 07
#1071-d151 @A: 24 15 12 21 | 08
#1072-d151 @A: 17 21 25 16 | 04
#1073-d151 @A: 03 17 09 14 | 06
#1074-d151 @A: 15 03 06 09 | 09
#1075-d151 @A: 28 09 16 33 | 05
#1076-d151 @A: 09 06 11 17 | 10
#1077-d151 @A: 28 09 26 10 | 03
#1078-d151 @A: 07 15 09 01 | 02
#1079-d151 @A: 15 28 12 09 | 01
#1080-d151 @A: 33 08 32 14 | 11
#1081-d151 @A: 14 12 23 27 | 12
#1082-d151 @A: 24 01 11 14 | 07
#1083-d151 @A: 31 26 22 14 | 08
#1084-d151 @A: 10 14 35 12 | 04
#1085-d151 @A: 10 15 01 14 | 06
#1086-d151 @A: 22 14 10 28 | 09
#1087-d151 @A: 14 25 17 07 | 05
#1088-d151 @A: 28 01 14 31 | 10
#1089-d151 @A: 11 14 28 25 | 03
#1090-d151 @A: 22 32 29 12 | 02
#1091-d151 @A: 22 32 03 16 | 01
#1092-d151 @A: 01 24 22 32 | 11
#1093-d151 @A: 31 33 32 28 | 12
#1094-d151 @A: 07 17 06 32 | 07
#1095-d151 @A: 22 15 32 10 | 08
#1096-d151 @A: 22 07 32 35 | 04
#1097-d151 @A: 03 08 28 10 | 06
#1098-d151 @A: 25 26 22 08 | 09
#1099-d151 @A: 24 03 29 27 | 05
#1100-d151 @A: 11 26 07 29 | 10
#1101-d151 @A: 29 15 35 07 | 03
#1102-d151 @A: 18 27 28 22 | 02
#1103-d151 @A: 11 27 15 33 | 01
#1104-d151 @A: 10 28 27 17 | 11
#1105-d151 @A: 01 03 11 23 | 12
#1106-d151 @A: 10 12 23 11 | 07
#1107-d151 @A: 22 11 16 23 | 08
#1108-d151 @A: 03 17 16 10 | 04
#1109-d151 @A: 15 01 35 03 | 06
#1110-d151 @A: 35 03 25 22 | 09
#1111-d151 @A: 17 15 07 03 | 05
#1112-d151 @A: 28 24 16 06 | 10
#1113-d151 @A: 24 22 28 11 | 03
#1114-d151 @A: 06 25 17 12 | 02
#1115-d151 @A: 16 05 04 02 | 01
#1116-d151 @A: 04 02 09 10 | 11
#1117-d151 @A: 06 34 02 30 | 12
#1118-d151 @A: 02 28 30 23 | 07
#1119-d151 @A: 20 05 02 27 | 08
#1120-d151 @A: 05 02 18 08 | 04
#1121-d151 @A: 13 15 02 34 | 06
#1122-d151 @A: 14 02 21 01 | 09
#1123-d151 @A: 33 21 02 08 | 05
#1124-d151 @A: 02 21 18 16 | 10
#1125-d151 @A: 26 09 22 02 | 03
#1126-d151 @A: 14 02 24 10 | 02
#1127-d151 @A: 07 29 08 02 | 01
#1128-d151 @A: 03 18 11 02 | 11
#1129-d151 @A: 12 15 26 02 | 12
#1130-d151 @A: 11 01 02 35 | 07
#1131-d151 @A: 02 11 17 31 | 08
#1132-d151 @A: 19 18 04 30 | 04
#1133-d151 @A: 03 28 30 19 | 06
#1134-d151 @A: 05 15 19 27 | 09
#1135-d151 @A: 23 19 01 05 | 05
#1136-d151 @A: 13 23 19 33 | 10
#1137-d151 @A: 19 24 20 31 | 03
#1138-d151 @A: 15 19 21 01 | 02
#1139-d151 @A: 14 19 22 24 | 01
#1140-d151 @A: 32 18 08 19 | 11
#1141-d151 @A: 28 19 24 23 | 12
#1142-d151 @A: 19 15 25 23 | 07
#1143-d151 @A: 19 17 26 18 | 08
#1144-d151 @A: 19 33 17 31 | 04
#1145-d151 @A: 30 04 20 25 | 06
#1146-d151 @A: 14 05 04 11 | 09
#1147-d151 @A: 25 23 05 04 | 05
#1148-d151 @A: 04 33 13 29 | 10
#1149-d151 @A: 14 04 20 35 | 03
#1150-d151 @A: 04 15 09 34 | 02
#1151-d151 @A: 04 34 06 08 | 01
#1152-d151 @A: 04 11 34 22 | 11
#1153-d151 @A: 06 04 29 09 | 12
#1154-d151 @A: 04 24 07 08 | 07
#1155-d151 @A: 01 08 18 04 | 08
#1156-d151 @A: 04 27 22 10 | 04
#1157-d151 @A: 04 23 33 24 | 06
#1158-d151 @A: 12 28 23 04 | 09
#1159-d151 @A: 05 11 30 23 | 05
#1160-d151 @A: 33 34 11 30 | 10
#1161-d151 @A: 07 34 16 30 | 03
#1162-d151 @A: 21 08 30 14 | 02
#1163-d151 @A: 14 25 30 35 | 01
#1164-d151 @A: 12 26 30 32 | 11
#1165-d151 @A: 23 35 29 30 | 12
#1166-d151 @A: 30 25 31 12 | 07
#1167-d151 @A: 13 10 21 05 | 08
#1168-d151 @A: 33 13 05 03 | 04
#1169-d151 @A: 33 06 21 05 | 06
#1170-d151 @A: 05 12 25 21 | 09
#1171-d151 @A: 05 26 09 23 | 05
#1172-d151 @A: 08 05 31 32 | 10
#1173-d151 @A: 05 03 29 18 | 03
#1174-d151 @A: 05 06 07 11 | 02
#1175-d151 @A: 13 20 25 09 | 01
#1176-d151 @A: 13 34 21 06 | 11
#1177-d151 @A: 13 09 01 03 | 12
#1178-d151 @A: 25 14 13 27 | 07
#1179-d151 @A: 13 22 32 23 | 08
#1180-d151 @A: 32 26 25 13 | 04
#1181-d151 @A: 08 03 06 13 | 06
#1182-d151 @A: 08 13 17 22 | 09
#1183-d151 @A: 26 13 29 03 | 05
#1184-d151 @A: 06 13 15 35 | 10
#1185-d151 @A: 17 13 07 31 | 03
#1186-d151 @A: 13 15 16 01 | 02
#1187-d151 @A: 12 20 09 08 | 01
#1188-d151 @A: 14 08 20 10 | 11
#1189-d151 @A: 17 14 06 20 | 12
#1190-d151 @A: 03 20 29 31 | 07
#1191-d151 @A: 18 33 22 20 | 08
#1192-d151 @A: 06 20 15 16 | 04
#1193-d151 @A: 20 25 15 35 | 06
#1194-d151 @A: 07 16 20 22 | 09
#1195-d151 @A: 01 11 20 22 | 05
#1196-d151 @A: 09 21 34 16 | 10
#1197-d151 @A: 32 34 31 21 | 03
#1198-d151 @A: 34 27 21 01 | 02
#1199-d151 @A: 28 21 23 34 | 01
#1200-d151 @A: 25 24 21 34 | 11
#1201-d151 @A: 35 32 34 09 | 12
#1202-d151 @A: 17 08 34 32 | 07
#1203-d151 @A: 08 01 34 23 | 08
#1204-d151 @A: 34 29 03 17 | 04
#1205-d151 @A: 34 23 06 07 | 06
#1206-d151 @A: 25 24 34 12 | 09
#1207-d151 @A: 18 33 34 31 | 05
#1208-d151 @A: 34 10 16 11 | 10
#1209-d151 @A: 28 07 34 11 | 03
#1210-d151 @A: 31 29 21 08 | 02
#1211-d151 @A: 03 21 33 27 | 01
#1212-d151 @A: 31 01 21 17 | 11
#1213-d151 @A: 22 21 11 31 | 12
#1214-d151 @A: 29 09 10 32 | 07
#1215-d151 @A: 25 23 27 09 | 08
#1216-d151 @A: 23 12 09 31 | 04
#1217-d151 @A: 01 10 33 09 | 06
#1218-d151 @A: 09 06 12 35 | 09
#1219-d151 @A: 10 09 22 07 | 05
#1220-d151 @A: 25 35 09 07 | 10
#1221-d151 @A: 31 14 33 23 | 03
#1222-d151 @A: 15 32 07 08 | 02
#1223-d151 @A: 35 32 18 16 | 01
#1224-d151 @A: 32 10 33 06 | 11
#1225-d151 @A: 10 33 32 12 | 12
#1226-d151 @A: 32 22 26 06 | 07
#1227-d151 @A: 06 32 15 01 | 08
#1228-d151 @A: 07 01 32 11 | 04
#1229-d151 @A: 28 22 32 25 | 06
#1230-d151 @A: 08 31 06 26 | 09
#1231-d151 @A: 16 06 10 08 | 05
#1232-d151 @A: 29 33 23 03 | 10
#1233-d151 @A: 29 11 18 06 | 03
#1234-d151 @A: 26 28 33 29 | 02
#1235-d151 @A: 18 27 16 17 | 01
#1236-d151 @A: 06 27 22 12 | 11
#1237-d151 @A: 26 35 27 16 | 12
#1238-d151 @A: 01 16 27 31 | 07
#1239-d151 @A: 22 35 23 33 | 08
#1240-d151 @A: 22 23 01 07 | 04
#1241-d151 @A: 12 23 25 07 | 06
#1242-d151 @A: 16 07 03 12 | 09
#1243-d151 @A: 10 18 22 24 | 05
#1244-d151 @A: 24 31 35 33 | 10
#1245-d151 @A: 17 24 06 22 | 03
#1246-d151 @A: 24 26 22 35 | 02
#1247-d151 @A: 26 24 12 11 | 01
#1248-d151 @A: 10 01 16 24 | 11
#1249-d151 @A: 35 15 24 28 | 12
#1250-d151 @A: 19 02 20 33 | 07
#1251-d151 @A: 15 02 19 24 | 08
#1252-d151 @A: 04 02 32 06 | 04
#1253-d151 @A: 05 02 28 09 | 06
#1254-d151 @A: 17 27 13 02 | 09
#1255-d151 @A: 18 02 14 20 | 05
#1256-d151 @A: 02 14 07 34 | 10
#1257-d151 @A: 02 32 34 11 | 03
#1258-d151 @A: 25 02 03 09 | 02
#1259-d151 @A: 02 32 07 10 | 01
#1260-d151 @A: 02 17 08 24 | 11
#1261-d151 @A: 22 03 02 29 | 12
#1262-d151 @A: 02 33 06 15 | 07
#1263-d151 @A: 10 01 02 26 | 08
#1264-d151 @A: 01 07 16 02 | 04
#1265-d151 @A: 17 05 19 30 | 06
#1266-d151 @A: 01 30 20 19 | 09
#1267-d151 @A: 19 09 30 33 | 05
#1268-d151 @A: 10 30 19 32 | 10
#1269-d151 @A: 05 35 20 19 | 03
#1270-d151 @A: 11 19 34 13 | 02
#1271-d151 @A: 15 19 13 17 | 01
#1272-d151 @A: 20 19 17 27 | 11
#1273-d151 @A: 21 19 07 34 | 12
#1274-d151 @A: 14 19 17 34 | 07
#1275-d151 @A: 34 19 01 10 | 08
#1276-d151 @A: 32 19 25 31 | 04
#1277-d151 @A: 08 27 19 26 | 06
#1278-d151 @A: 15 22 19 26 | 09
#1279-d151 @A: 35 19 10 17 | 05
#1280-d151 @A: 30 31 04 34 | 10
#1281-d151 @A: 04 28 08 30 | 03
#1282-d151 @A: 01 05 04 20 | 02
#1283-d151 @A: 04 22 05 32 | 01
#1284-d151 @A: 13 03 17 04 | 11
#1285-d151 @A: 18 20 04 23 | 12
#1286-d151 @A: 04 27 21 16 | 07
#1287-d151 @A: 04 24 21 11 | 08
#1288-d151 @A: 17 04 09 33 | 04
#1289-d151 @A: 27 35 04 28 | 06
#1290-d151 @A: 18 04 15 33 | 09
#1291-d151 @A: 22 33 06 04 | 05
#1292-d151 @A: 31 04 11 33 | 10
#1293-d151 @A: 10 17 04 26 | 03
#1294-d151 @A: 17 07 22 04 | 02
#1295-d151 @A: 16 28 04 01 | 01
#1296-d151 @A: 14 05 30 18 | 11
#1297-d151 @A: 13 34 28 30 | 12
#1298-d151 @A: 27 06 30 13 | 07
#1299-d151 @A: 20 12 30 23 | 08
#1300-d151 @A: 16 29 21 30 | 04
#1301-d151 @A: 30 28 21 12 | 06
#1302-d151 @A: 30 07 09 14 | 09
#1303-d151 @A: 08 29 27 30 | 05
#1304-d151 @A: 35 30 33 08 | 10
#1305-d151 @A: 08 07 30 22 | 03
#1306-d151 @A: 06 03 29 30 | 02
#1307-d151 @A: 23 25 03 30 | 01
#1308-d151 @A: 30 26 18 16 | 11
#1309-d151 @A: 18 07 30 31 | 12
#1310-d151 @A: 33 30 22 26 | 07
#1311-d151 @A: 33 01 25 30 | 08
#1312-d151 @A: 06 30 17 10 | 04
#1313-d151 @A: 17 20 22 05 | 06
#1314-d151 @A: 21 34 05 26 | 09
#1315-d151 @A: 34 03 28 05 | 05
#1316-d151 @A: 25 05 11 34 | 10
#1317-d151 @A: 05 32 09 01 | 03
#1318-d151 @A: 09 10 05 15 | 02
#1319-d151 @A: 25 05 32 07 | 01
#1320-d151 @A: 29 28 08 05 | 11
#1321-d151 @A: 05 22 08 03 | 12
#1322-d151 @A: 24 05 12 10 | 07
#1323-d151 @A: 22 26 05 16 | 08
#1324-d151 @A: 05 16 12 22 | 04
#1325-d151 @A: 13 29 20 15 | 06
#1326-d151 @A: 13 09 22 34 | 09
#1327-d151 @A: 34 32 01 13 | 05
#1328-d151 @A: 21 08 13 18 | 10
#1329-d151 @A: 32 13 10 17 | 03
#1330-d151 @A: 13 08 10 29 | 02
#1331-d151 @A: 29 16 27 13 | 01
#1332-d151 @A: 14 20 24 03 | 11
#1333-d151 @A: 33 20 27 08 | 12
#1334-d151 @A: 23 35 20 03 | 07
#1335-d151 @A: 10 28 20 35 | 08
#1336-d151 @A: 34 14 29 22 | 04
#1337-d151 @A: 29 23 34 11 | 06
#1338-d151 @A: 34 25 12 29 | 09
#1339-d151 @A: 33 34 26 35 | 05
#1340-d151 @A: 34 15 33 07 | 10
#1341-d151 @A: 16 15 25 34 | 03
#1342-d151 @A: 28 21 11 09 | 02
#1343-d151 @A: 27 21 08 22 | 01
#1344-d151 @A: 35 21 08 12 | 11
#1345-d151 @A: 21 03 23 18 | 12
#1346-d151 @A: 35 21 22 18 | 07
#1347-d151 @A: 22 28 07 21 | 08
#1348-d151 @A: 23 33 32 09 | 04
#1349-d151 @A: 09 18 23 08 | 06
#1350-d151 @A: 03 31 09 08 | 09
#1351-d151 @A: 27 01 09 18 | 05
#1352-d151 @A: 09 33 27 35 | 10
#1353-d151 @A: 11 10 09 35 | 03
#1354-d151 @A: 17 22 16 09 | 02
#1355-d151 @A: 18 32 15 14 | 01
#1356-d151 @A: 28 33 17 14 | 11
#1357-d151 @A: 06 26 07 14 | 12
#1358-d151 @A: 14 06 16 11 | 07
#1359-d151 @A: 01 25 14 06 | 08
#1360-d151 @A: 12 15 08 32 | 04
#1361-d151 @A: 18 32 27 03 | 06
#1362-d151 @A: 32 10 23 25 | 09
#1363-d151 @A: 18 22 32 11 | 05
#1364-d151 @A: 12 18 11 32 | 10
#1365-d151 @A: 03 23 16 08 | 03
#1366-d151 @A: 31 16 18 08 | 02
#1367-d151 @A: 11 07 08 31 | 01
#1368-d151 @A: 23 29 27 18 | 11
#1369-d151 @A: 07 29 12 27 | 12
#1370-d151 @A: 24 29 25 06 | 07
#1371-d151 @A: 28 18 07 29 | 08
#1372-d151 @A: 28 01 11 29 | 04
#1373-d151 @A: 31 25 27 26 | 06
#1374-d151 @A: 01 07 25 27 | 09
#1375-d151 @A: 23 10 18 07 | 05
#1376-d151 @A: 18 15 23 22 | 10
#1377-d151 @A: 33 23 11 07 | 03
#1378-d151 @A: 17 23 33 15 | 02
#1379-d151 @A: 23 10 15 35 | 01
#1380-d151 @A: 15 31 23 01 | 11
#1381-d151 @A: 01 15 23 12 | 12
#1382-d151 @A: 25 01 23 28 | 07
#1383-d151 @A: 25 23 17 11 | 08
#1384-d151 @A: 24 10 03 15 | 04
#1385-d151 @A: 15 25 18 03 | 06
#1386-d151 @A: 06 03 16 01 | 09
#1387-d151 @A: 11 28 03 06 | 05
#1388-d151 @A: 26 35 31 03 | 10
#1389-d151 @A: 03 11 26 25 | 03
#1390-d151 @A: 07 18 24 15 | 02
#1391-d151 @A: 24 18 01 25 | 01
#1392-d151 @A: 26 28 24 07 | 11
#1393-d151 @A: 24 31 11 10 | 12
#1394-d151 @A: 07 16 24 17 | 07
#1395-d151 @A: 24 16 31 25 | 08
#1396-d151 @A: 33 12 22 17 | 04
#1397-d151 @A: 02 19 26 35 | 06
#1398-d151 @A: 34 02 20 04 | 09
#1399-d151 @A: 30 02 13 10 | 05
#1400-d151 @A: 02 08 30 25 | 10
#1401-d151 @A: 21 05 11 02 | 03
#1402-d151 @A: 31 13 02 08 | 02
#1403-d151 @A: 02 13 25 12 | 01
#1404-d151 @A: 27 26 02 21 | 11
#1405-d151 @A: 09 32 02 31 | 12
#1406-d151 @A: 08 09 06 02 | 07
#1407-d151 @A: 14 02 16 29 | 08
#1408-d151 @A: 02 32 08 01 | 04
#1409-d151 @A: 25 27 02 32 | 06
#1410-d151 @A: 33 02 03 32 | 09
#1411-d151 @A: 11 29 02 27 | 05
#1412-d151 @A: 02 35 15 27 | 10
#1413-d151 @A: 19 05 32 26 | 03
#1414-d151 @A: 19 18 20 12 | 02
#1415-d151 @A: 16 19 10 20 | 01
#1416-d151 @A: 19 22 03 21 | 11
#1417-d151 @A: 23 29 09 19 | 12
#1418-d151 @A: 19 16 14 26 | 07
#1419-d151 @A: 08 17 16 19 | 08
#1420-d151 @A: 16 23 19 12 | 04
#1421-d151 @A: 19 18 35 31 | 06
#1422-d151 @A: 19 35 16 33 | 09
#1423-d151 @A: 10 28 11 19 | 05
#1424-d151 @A: 22 35 11 19 | 10
#1425-d151 @A: 28 15 16 19 | 03
#1426-d151 @A: 35 01 04 30 | 02
#1427-d151 @A: 08 04 09 05 | 01
#1428-d151 @A: 05 04 15 03 | 11
#1429-d151 @A: 11 13 04 27 | 12
#1430-d151 @A: 27 15 04 14 | 07
#1431-d151 @A: 33 14 04 10 | 08
#1432-d151 @A: 04 29 11 03 | 04
#1433-d151 @A: 27 23 04 01 | 06
#1434-d151 @A: 18 26 22 04 | 09
#1435-d151 @A: 07 06 35 04 | 05
#1436-d151 @A: 04 07 12 26 | 10
#1437-d151 @A: 35 22 04 12 | 03
#1438-d151 @A: 25 22 16 04 | 02
#1439-d151 @A: 35 30 13 05 | 01
#1440-d151 @A: 20 30 14 11 | 11
#1441-d151 @A: 33 23 30 20 | 12
#1442-d151 @A: 15 34 32 30 | 07
#1443-d151 @A: 03 30 10 09 | 08
#1444-d151 @A: 09 06 30 24 | 04
#1445-d151 @A: 09 16 25 30 | 06
#1446-d151 @A: 08 30 18 12 | 09
#1447-d151 @A: 18 17 33 30 | 05
#1448-d151 @A: 28 10 15 30 | 10
#1449-d151 @A: 12 13 05 32 | 03
#1450-d151 @A: 21 29 05 20 | 02
#1451-d151 @A: 05 20 33 09 | 01
#1452-d151 @A: 20 31 05 16 | 11
#1453-d151 @A: 27 31 05 14 | 12
#1454-d151 @A: 17 05 24 32 | 07
#1455-d151 @A: 23 08 33 05 | 08
#1456-d151 @A: 18 07 27 05 | 04
#1457-d151 @A: 24 05 31 23 | 06
#1458-d151 @A: 31 03 05 12 | 09
#1459-d151 @A: 28 06 05 18 | 05
#1460-d151 @A: 33 05 35 17 | 10
#1461-d151 @A: 05 25 10 06 | 03
#1462-d151 @A: 25 26 05 35 | 02
#1463-d151 @A: 05 01 07 10 | 01
#1464-d151 @A: 13 21 20 12 | 11
#1465-d151 @A: 20 13 31 18 | 12
#1466-d151 @A: 34 17 23 13 | 07
#1467-d151 @A: 21 13 29 22 | 08
#1468-d151 @A: 09 08 13 11 | 04
#1469-d151 @A: 03 15 13 32 | 06
#1470-d151 @A: 13 32 31 24 | 09
#1471-d151 @A: 13 01 24 29 | 05
#1472-d151 @A: 07 35 03 13 | 10
#1473-d151 @A: 18 15 28 13 | 03
#1474-d151 @A: 26 11 06 13 | 02
#1475-d151 @A: 31 16 06 13 | 01
#1476-d151 @A: 12 06 11 13 | 11
#1477-d151 @A: 06 24 34 20 | 12
#1478-d151 @A: 17 21 28 20 | 07
#1479-d151 @A: 03 20 01 32 | 08
#1480-d151 @A: 33 32 24 20 | 04
#1481-d151 @A: 29 08 20 18 | 06
#1482-d151 @A: 23 17 29 20 | 09
#1483-d151 @A: 23 24 20 01 | 05
#1484-d151 @A: 01 16 20 18 | 10
#1485-d151 @A: 31 12 20 17 | 03
#1486-d151 @A: 08 34 15 21 | 02
#1487-d151 @A: 34 18 21 29 | 01
#1488-d151 @A: 24 34 18 27 | 11
#1489-d151 @A: 34 33 17 06 | 12
#1490-d151 @A: 15 10 34 06 | 07
#1491-d151 @A: 12 31 34 28 | 08
#1492-d151 @A: 33 32 21 29 | 04
#1493-d151 @A: 27 21 35 29 | 06
#1494-d151 @A: 15 03 29 21 | 09
#1495-d151 @A: 33 26 23 21 | 05
#1496-d151 @A: 06 21 35 31 | 10
#1497-d151 @A: 17 15 22 21 | 03
#1498-d151 @A: 24 16 14 09 | 02
#1499-d151 @A: 24 32 18 09 | 01
#1500-d151 @A: 08 09 24 10 | 11
#1501-d151 @A: 24 09 35 29 | 12
#1502-d151 @A: 16 18 10 09 | 07
#1503-d151 @A: 16 06 09 07 | 08
#1504-d151 @A: 26 01 35 09 | 04
#1505-d151 @A: 14 29 32 25 | 06
#1506-d151 @A: 32 27 17 14 | 09
#1507-d151 @A: 29 14 24 18 | 05
#1508-d151 @A: 28 16 12 14 | 10
#1509-d151 @A: 24 32 27 06 | 03
#1510-d151 @A: 07 32 28 27 | 02
#1511-d151 @A: 28 11 32 16 | 01
#1512-d151 @A: 15 11 32 25 | 11
#1513-d151 @A: 08 25 03 27 | 12
#1514-d151 @A: 08 01 27 15 | 07
#1515-d151 @A: 08 15 35 18 | 08
#1516-d151 @A: 28 08 15 06 | 04
#1517-d151 @A: 25 29 16 18 | 06
#1518-d151 @A: 06 33 29 35 | 09
#1519-d151 @A: 16 06 22 29 | 05
#1520-d151 @A: 26 10 29 25 | 10
#1521-d151 @A: 11 35 25 29 | 03
#1522-d151 @A: 01 07 29 17 | 02
#1523-d151 @A: 16 17 29 11 | 01
#1524-d151 @A: 01 22 29 25 | 11
#1525-d151 @A: 24 27 26 17 | 12
#1526-d151 @A: 15 17 27 06 | 07
#1527-d151 @A: 27 06 25 28 | 08
#1528-d151 @A: 26 11 22 27 | 04
#1529-d151 @A: 23 28 35 17 | 06
#1530-d151 @A: 18 03 24 16 | 09
#1531-d151 @A: 06 26 03 24 | 05
#1532-d151 @A: 17 24 03 25 | 10
#1533-d151 @A: 10 22 03 31 | 03
#1534-d151 @A: 28 17 01 03 | 02
#1535-d151 @A: 18 31 24 26 | 01
#1536-d151 @A: 01 24 33 28 | 11
#1537-d151 @A: 07 24 11 25 | 12
#1538-d151 @A: 25 22 24 15 | 07
#1539-d151 @A: 12 31 07 10 | 08
#1540-d151 @A: 02 19 27 22 | 04
#1541-d151 @A: 23 35 02 04 | 06
#1542-d151 @A: 04 24 02 28 | 09
#1543-d151 @A: 34 02 05 17 | 05
#1544-d151 @A: 09 02 33 13 | 10
#1545-d151 @A: 02 28 01 13 | 03
#1546-d151 @A: 12 20 32 02 | 02
#1547-d151 @A: 34 28 02 27 | 01
#1548-d151 @A: 15 28 21 02 | 11
#1549-d151 @A: 26 03 14 02 | 12
#1550-d151 @A: 15 17 02 14 | 07
#1551-d151 @A: 28 32 02 29 | 08
#1552-d151 @A: 15 10 02 16 | 04
#1553-d151 @A: 28 20 04 19 | 06
#1554-d151 @A: 10 19 04 08 | 09
#1555-d151 @A: 34 30 23 19 | 05
#1556-d151 @A: 27 19 25 30 | 10
#1557-d151 @A: 05 19 13 22 | 03
#1558-d151 @A: 07 09 05 19 | 02
#1559-d151 @A: 20 23 19 14 | 01
#1560-d151 @A: 16 32 19 34 | 11
#1561-d151 @A: 03 34 06 19 | 12
#1562-d151 @A: 35 24 34 19 | 07
#1563-d151 @A: 35 21 19 08 | 08
#1564-d151 @A: 19 25 09 12 | 04
#1565-d151 @A: 18 19 14 27 | 06
#1566-d151 @A: 32 19 29 07 | 09
#1567-d151 @A: 03 32 24 19 | 05
#1568-d151 @A: 15 10 19 33 | 10
#1569-d151 @A: 01 11 33 19 | 03
#1570-d151 @A: 06 19 35 25 | 02
#1571-d151 @A: 22 04 30 21 | 01
#1572-d151 @A: 05 04 27 06 | 11
#1573-d151 @A: 24 18 04 13 | 12
#1574-d151 @A: 01 04 32 21 | 07
#1575-d151 @A: 26 08 04 21 | 08
#1576-d151 @A: 12 04 21 27 | 04
#1577-d151 @A: 23 21 15 04 | 06
#1578-d151 @A: 22 09 28 04 | 09
#1579-d151 @A: 07 14 32 04 | 05
#1580-d151 @A: 04 33 32 27 | 10
#1581-d151 @A: 04 28 18 32 | 03
#1582-d151 @A: 26 03 27 04 | 02
#1583-d151 @A: 10 28 04 06 | 01
#1584-d151 @A: 04 35 11 26 | 11
#1585-d151 @A: 10 31 04 15 | 12
#1586-d151 @A: 01 16 04 12 | 07
#1587-d151 @A: 34 09 30 05 | 08
#1588-d151 @A: 05 03 16 30 | 04
#1589-d151 @A: 30 21 13 11 | 06
#1590-d151 @A: 16 30 14 13 | 09
#1591-d151 @A: 30 01 23 13 | 05
#1592-d151 @A: 07 20 27 30 | 10
#1593-d151 @A: 30 32 25 24 | 03
#1594-d151 @A: 24 18 30 08 | 02
#1595-d151 @A: 16 01 30 08 | 01
#1596-d151 @A: 27 30 16 28 | 11
#1597-d151 @A: 16 23 24 30 | 12
#1598-d151 @A: 16 30 22 10 | 07
#1599-d151 @A: 05 09 29 12 | 08
#1600-d151 @A: 05 25 08 14 | 04
#1601-d151 @A: 24 29 05 33 | 06
#1602-d151 @A: 01 05 35 29 | 09
#1603-d151 @A: 16 05 27 33 | 05
#1604-d151 @A: 05 22 35 27 | 10
#1605-d151 @A: 05 15 06 31 | 03
#1606-d151 @A: 05 16 10 35 | 02
#1607-d151 @A: 35 28 07 05 | 01
#1608-d151 @A: 11 01 05 17 | 11
#1609-d151 @A: 16 13 08 20 | 12
#1610-d151 @A: 20 10 13 03 | 07
#1611-d151 @A: 13 26 34 27 | 08
#1612-d151 @A: 13 21 28 03 | 04
#1613-d151 @A: 26 14 12 13 | 06
#1614-d151 @A: 27 23 31 13 | 09
#1615-d151 @A: 11 01 13 18 | 05
#1616-d151 @A: 17 13 16 26 | 10
#1617-d151 @A: 07 13 10 28 | 03
#1618-d151 @A: 13 25 17 35 | 02
#1619-d151 @A: 15 22 31 13 | 01
#1620-d151 @A: 17 09 20 34 | 11
#1621-d151 @A: 20 28 34 32 | 12
#1622-d151 @A: 20 16 21 14 | 07
#1623-d151 @A: 09 14 20 31 | 08
#1624-d151 @A: 10 20 09 27 | 04
#1625-d151 @A: 27 28 11 20 | 06
#1626-d151 @A: 07 18 11 20 | 09
#1627-d151 @A: 20 35 33 01 | 05
#1628-d151 @A: 33 15 31 20 | 10
#1629-d151 @A: 06 20 07 25 | 03
#1630-d151 @A: 14 34 16 27 | 02
#1631-d151 @A: 27 34 22 32 | 01
#1632-d151 @A: 34 16 08 33 | 11
#1633-d151 @A: 26 34 16 29 | 12
#1634-d151 @A: 34 11 17 18 | 07
#1635-d151 @A: 25 31 34 06 | 08
#1636-d151 @A: 10 17 34 22 | 04
#1637-d151 @A: 10 25 34 28 | 06
#1638-d151 @A: 21 29 24 07 | 09
#1639-d151 @A: 33 12 06 21 | 05
#1640-d151 @A: 21 15 35 33 | 10
#1641-d151 @A: 33 21 25 31 | 03
#1642-d151 @A: 16 21 26 06 | 02
#1643-d151 @A: 21 10 01 35 | 01
#1644-d151 @A: 10 28 21 16 | 11
#1645-d151 @A: 35 23 09 14 | 12
#1646-d151 @A: 09 16 08 32 | 07
#1647-d151 @A: 32 26 09 27 | 08
#1648-d151 @A: 07 09 28 23 | 04
#1649-d151 @A: 18 11 15 09 | 06
#1650-d151 @A: 06 31 09 10 | 09
#1651-d151 @A: 35 06 28 09 | 05
#1652-d151 @A: 32 17 12 14 | 10
#1653-d151 @A: 08 14 27 07 | 03
#1654-d151 @A: 16 14 15 08 | 02
#1655-d151 @A: 14 31 29 12 | 01
#1656-d151 @A: 25 11 12 14 | 11
#1657-d151 @A: 24 26 23 32 | 12
#1658-d151 @A: 32 15 23 28 | 07
#1659-d151 @A: 32 26 15 33 | 08
#1660-d151 @A: 17 31 22 32 | 04
#1661-d151 @A: 15 11 08 29 | 06
#1662-d151 @A: 18 06 08 27 | 09
#1663-d151 @A: 26 03 12 08 | 05
#1664-d151 @A: 17 10 18 08 | 10
#1665-d151 @A: 06 08 17 25 | 03
#1666-d151 @A: 25 08 22 12 | 02
#1667-d151 @A: 29 23 10 24 | 01
#1668-d151 @A: 33 18 29 10 | 11
#1669-d151 @A: 07 06 29 31 | 12
#1670-d151 @A: 29 15 25 31 | 07
#1671-d151 @A: 25 27 18 35 | 08
#1672-d151 @A: 25 27 12 26 | 04
#1673-d151 @A: 31 27 07 35 | 06
#1674-d151 @A: 35 01 27 12 | 09
#1675-d151 @A: 17 27 22 01 | 05
#1676-d151 @A: 24 23 11 18 | 10
#1677-d151 @A: 18 16 23 33 | 03
#1678-d151 @A: 28 23 10 33 | 02
#1679-d151 @A: 06 23 11 15 | 01
#1680-d151 @A: 10 23 26 11 | 11
#1681-d151 @A: 01 23 16 26 | 12
#1682-d151 @A: 16 07 35 23 | 07
#1683-d151 @A: 26 18 07 03 | 08
#1684-d151 @A: 18 03 35 28 | 04
#1685-d151 @A: 01 12 22 03 | 06
#1686-d151 @A: 06 31 24 01 | 09
#1687-d151 @A: 28 12 07 33 | 05
#1688-d151 @A: 28 22 12 10 | 10
#1689-d151 @A: 16 12 25 15 | 03
