#0001-d188 @A: 26 18 31 04 | 07
#0002-d188 @A: 26 34 18 11 | 10
#0003-d188 @A: 09 01 14 18 | 01
#0004-d188 @A: 06 32 14 18 | 05
#0005-d188 @A: 18 23 14 08 | 08
#0006-d188 @A: 35 14 12 18 | 06
#0007-d188 @A: 35 18 02 23 | 12
#0008-d188 @A: 20 18 04 01 | 04
#0009-d188 @A: 18 22 20 29 | 11
#0010-d188 @A: 34 15 29 18 | 09
#0011-d188 @A: 30 21 18 27 | 03
#0012-d188 @A: 18 25 30 20 | 02
#0013-d188 @A: 08 24 25 18 | 07
#0014-d188 @A: 18 31 33 09 | 10
#0015-d188 @A: 32 28 18 16 | 01
#0016-d188 @A: 10 18 06 05 | 05
#0017-d188 @A: 33 23 13 18 | 08
#0018-d188 @A: 18 23 03 05 | 06
#0019-d188 @A: 19 16 17 18 | 12
#0020-d188 @A: 18 21 03 34 | 04
#0021-d188 @A: 21 18 07 17 | 11
#0022-d188 @A: 14 25 22 26 | 09
#0023-d188 @A: 23 17 04 26 | 03
#0024-d188 @A: 12 26 13 29 | 02
#0025-d188 @A: 30 27 26 25 | 07
#0026-d188 @A: 25 24 26 20 | 10
#0027-d188 @A: 15 07 26 27 | 01
#0028-d188 @A: 26 27 33 05 | 05
#0029-d188 @A: 26 23 11 06 | 08
#0030-d188 @A: 13 05 28 26 | 06
#0031-d188 @A: 17 26 19 01 | 12
#0032-d188 @A: 26 19 03 21 | 04
#0033-d188 @A: 26 35 21 16 | 11
#0034-d188 @A: 01 10 26 34 | 09
#0035-d188 @A: 02 14 09 13 | 03
#0036-d188 @A: 33 04 14 17 | 02
#0037-d188 @A: 25 29 09 14 | 07
#0038-d188 @A: 14 32 34 29 | 10
#0039-d188 @A: 14 35 23 29 | 01
#0040-d188 @A: 09 14 10 19 | 05
#0041-d188 @A: 14 23 32 17 | 08
#0042-d188 @A: 14 05 12 15 | 06
#0043-d188 @A: 20 14 05 19 | 12
#0044-d188 @A: 25 10 20 14 | 04
#0045-d188 @A: 19 14 16 12 | 11
#0046-d188 @A: 28 01 16 14 | 09
#0047-d188 @A: 08 04 02 32 | 03
#0048-d188 @A: 22 09 10 02 | 02
#0049-d188 @A: 34 02 30 08 | 07
#0050-d188 @A: 07 31 24 02 | 10
#0051-d188 @A: 02 15 28 32 | 01
#0052-d188 @A: 02 31 32 34 | 05
#0053-d188 @A: 19 23 02 05 | 08
#0054-d188 @A: 17 02 20 07 | 06
#0055-d188 @A: 02 19 11 12 | 12
#0056-d188 @A: 02 17 35 11 | 04
#0057-d188 @A: 02 01 31 21 | 11
#0058-d188 @A: 12 02 03 35 | 09
#0059-d188 @A: 04 13 29 07 | 03
#0060-d188 @A: 04 33 24 10 | 02
#0061-d188 @A: 04 34 09 08 | 07
#0062-d188 @A: 20 04 23 28 | 10
#0063-d188 @A: 07 20 33 04 | 01
#0064-d188 @A: 05 04 35 20 | 05
#0065-d188 @A: 21 19 04 28 | 08
#0066-d188 @A: 04 35 31 28 | 06
#0067-d188 @A: 30 19 29 22 | 12
#0068-d188 @A: 29 10 05 22 | 04
#0069-d188 @A: 22 03 24 31 | 11
#0070-d188 @A: 06 21 22 09 | 09
#0071-d188 @A: 21 22 32 33 | 03
#0072-d188 @A: 33 20 22 05 | 02
#0073-d188 @A: 22 11 20 17 | 07
#0074-d188 @A: 08 22 07 16 | 10
#0075-d188 @A: 10 35 07 22 | 01
#0076-d188 @A: 22 13 03 07 | 05
#0077-d188 @A: 22 12 35 17 | 08
#0078-d188 @A: 30 15 03 29 | 06
#0079-d188 @A: 29 30 01 08 | 12
#0080-d188 @A: 29 24 35 11 | 04
#0081-d188 @A: 12 32 29 23 | 11
#0082-d188 @A: 31 32 29 11 | 09
#0083-d188 @A: 20 07 29 27 | 03
#0084-d188 @A: 20 29 10 15 | 02
#0085-d188 @A: 35 29 33 15 | 07
#0086-d188 @A: 08 29 25 03 | 10
#0087-d188 @A: 08 29 31 28 | 01
#0088-d188 @A: 29 16 13 25 | 05
#0089-d188 @A: 08 24 15 30 | 08
#0090-d188 @A: 30 20 24 28 | 06
#0091-d188 @A: 24 13 08 30 | 12
#0092-d188 @A: 09 30 23 35 | 04
#0093-d188 @A: 07 05 27 30 | 11
#0094-d188 @A: 13 15 31 30 | 09
#0095-d188 @A: 23 07 30 33 | 03
#0096-d188 @A: 30 19 35 08 | 02
#0097-d188 @A: 08 28 30 25 | 07
#0098-d188 @A: 30 16 19 10 | 10
#0099-d188 @A: 17 16 30 13 | 01
#0100-d188 @A: 31 12 30 07 | 05
#0101-d188 @A: 24 16 01 32 | 08
#0102-d188 @A: 32 28 11 24 | 06
#0103-d188 @A: 24 05 01 27 | 12
#0104-d188 @A: 15 06 24 35 | 04
#0105-d188 @A: 20 24 01 06 | 11
#0106-d188 @A: 06 24 34 13 | 09
#0107-d188 @A: 23 05 24 28 | 03
#0108-d188 @A: 24 20 33 08 | 02
#0109-d188 @A: 21 09 15 19 | 07
#0110-d188 @A: 09 05 10 20 | 10
#0111-d188 @A: 19 09 25 28 | 01
#0112-d188 @A: 09 21 01 34 | 05
#0113-d188 @A: 09 28 35 10 | 08
#0114-d188 @A: 05 27 32 28 | 06
#0115-d188 @A: 32 01 27 34 | 12
#0116-d188 @A: 12 20 06 32 | 04
#0117-d188 @A: 32 15 05 08 | 11
#0118-d188 @A: 32 20 17 33 | 09
#0119-d188 @A: 32 19 25 12 | 03
#0120-d188 @A: 32 16 25 21 | 02
#0121-d188 @A: 17 32 28 07 | 07
#0122-d188 @A: 21 13 31 32 | 10
#0123-d188 @A: 35 23 27 15 | 01
#0124-d188 @A: 16 10 27 07 | 05
#0125-d188 @A: 13 34 27 25 | 08
#0126-d188 @A: 27 35 10 12 | 06
#0127-d188 @A: 23 20 21 06 | 12
#0128-d188 @A: 06 05 20 13 | 04
#0129-d188 @A: 06 17 31 19 | 11
#0130-d188 @A: 15 01 03 16 | 09
#0131-d188 @A: 23 34 08 31 | 03
#0132-d188 @A: 08 25 10 23 | 02
#0133-d188 @A: 25 34 23 11 | 07
#0134-d188 @A: 13 17 01 23 | 10
#0135-d188 @A: 10 12 23 03 | 01
#0136-d188 @A: 01 08 20 07 | 05
#0137-d188 @A: 25 20 21 12 | 08
#0138-d188 @A: 33 19 05 12 | 06
#0139-d188 @A: 33 07 03 05 | 12
#0140-d188 @A: 33 16 34 10 | 04
#0141-d188 @A: 34 05 19 35 | 11
#0142-d188 @A: 05 31 34 01 | 09
#0143-d188 @A: 11 13 08 12 | 03
#0144-d188 @A: 07 18 26 02 | 02
#0145-d188 @A: 08 18 26 20 | 07
#0146-d188 @A: 28 05 14 18 | 10
#0147-d188 @A: 18 02 21 09 | 01
#0148-d188 @A: 02 05 18 34 | 05
#0149-d188 @A: 18 07 22 04 | 08
#0150-d188 @A: 04 23 29 18 | 06
#0151-d188 @A: 28 04 09 18 | 12
#0152-d188 @A: 12 05 04 18 | 04
#0153-d188 @A: 17 29 18 11 | 11
#0154-d188 @A: 18 24 12 30 | 09
#0155-d188 @A: 27 18 35 09 | 03
#0156-d188 @A: 11 13 18 09 | 02
#0157-d188 @A: 32 05 18 01 | 07
#0158-d188 @A: 06 12 18 17 | 10
#0159-d188 @A: 18 21 23 15 | 01
#0160-d188 @A: 19 11 18 10 | 05
#0161-d188 @A: 13 16 18 28 | 08
#0162-d188 @A: 17 13 18 11 | 06
#0163-d188 @A: 13 18 07 34 | 12
#0164-d188 @A: 18 03 17 31 | 04
#0165-d188 @A: 26 14 30 11 | 11
#0166-d188 @A: 30 04 26 08 | 09
#0167-d188 @A: 11 04 27 26 | 03
#0168-d188 @A: 16 15 26 04 | 02
#0169-d188 @A: 22 16 05 26 | 07
#0170-d188 @A: 24 07 30 26 | 10
#0171-d188 @A: 15 10 24 26 | 01
#0172-d188 @A: 26 23 35 24 | 05
#0173-d188 @A: 09 32 17 26 | 08
#0174-d188 @A: 26 09 12 06 | 06
#0175-d188 @A: 26 03 10 09 | 12
#0176-d188 @A: 23 26 16 25 | 04
#0177-d188 @A: 20 33 01 26 | 11
#0178-d188 @A: 16 10 26 20 | 09
#0179-d188 @A: 26 13 25 20 | 03
#0180-d188 @A: 26 12 34 21 | 02
#0181-d188 @A: 29 14 31 02 | 07
#0182-d188 @A: 02 24 12 14 | 10
#0183-d188 @A: 25 14 27 02 | 01
#0184-d188 @A: 16 14 04 13 | 05
#0185-d188 @A: 22 24 14 35 | 08
#0186-d188 @A: 06 11 14 24 | 06
#0187-d188 @A: 21 09 20 14 | 12
#0188-d188 @A: 21 25 06 14 | 04
#0189-d188 @A: 14 05 15 13 | 11
#0190-d188 @A: 21 19 35 14 | 09
#0191-d188 @A: 13 34 12 14 | 03
#0192-d188 @A: 23 02 13 04 | 02
#0193-d188 @A: 07 02 04 05 | 07
#0194-d188 @A: 21 02 32 29 | 10
#0195-d188 @A: 01 29 02 15 | 01
#0196-d188 @A: 08 29 02 33 | 05
#0197-d188 @A: 29 05 02 28 | 08
#0198-d188 @A: 12 17 29 02 | 06
#0199-d188 @A: 20 16 24 02 | 12
#0200-d188 @A: 24 28 13 02 | 04
#0201-d188 @A: 15 09 02 11 | 11
#0202-d188 @A: 12 02 06 07 | 09
#0203-d188 @A: 02 19 03 31 | 03
#0204-d188 @A: 02 11 34 07 | 02
#0205-d188 @A: 24 04 22 01 | 07
#0206-d188 @A: 24 04 11 30 | 10
#0207-d188 @A: 04 06 23 30 | 01
#0208-d188 @A: 03 04 24 05 | 05
#0209-d188 @A: 24 04 13 31 | 08
#0210-d188 @A: 03 04 06 16 | 06
#0211-d188 @A: 23 05 21 04 | 12
#0212-d188 @A: 29 09 22 31 | 04
#0213-d188 @A: 22 30 35 32 | 11
#0214-d188 @A: 22 30 07 06 | 09
#0215-d188 @A: 22 25 24 27 | 03
#0216-d188 @A: 24 10 19 22 | 02
#0217-d188 @A: 15 05 22 03 | 07
#0218-d188 @A: 22 35 23 20 | 10
#0219-d188 @A: 22 23 05 17 | 01
#0220-d188 @A: 11 22 10 25 | 05
#0221-d188 @A: 25 29 33 30 | 08
#0222-d188 @A: 20 24 21 29 | 06
#0223-d188 @A: 08 06 29 15 | 12
#0224-d188 @A: 15 23 16 29 | 04
#0225-d188 @A: 15 29 21 13 | 11
#0226-d188 @A: 23 29 11 20 | 09
#0227-d188 @A: 29 23 05 25 | 03
#0228-d188 @A: 12 20 29 01 | 02
#0229-d188 @A: 29 20 31 25 | 07
#0230-d188 @A: 21 25 29 34 | 10
#0231-d188 @A: 31 17 29 34 | 01
#0232-d188 @A: 29 07 25 12 | 05
#0233-d188 @A: 09 30 32 16 | 08
#0234-d188 @A: 30 09 21 05 | 06
#0235-d188 @A: 15 32 12 30 | 12
#0236-d188 @A: 10 27 30 06 | 04
#0237-d188 @A: 07 30 16 20 | 11
#0238-d188 @A: 30 05 10 35 | 09
#0239-d188 @A: 30 07 17 19 | 03
#0240-d188 @A: 34 30 28 03 | 02
#0241-d188 @A: 30 17 21 03 | 07
#0242-d188 @A: 27 24 28 06 | 10
#0243-d188 @A: 27 24 23 17 | 01
#0244-d188 @A: 05 24 06 16 | 05
#0245-d188 @A: 24 23 19 33 | 08
#0246-d188 @A: 31 24 11 08 | 06
#0247-d188 @A: 16 35 24 34 | 12
#0248-d188 @A: 28 24 34 31 | 04
#0249-d188 @A: 31 10 24 25 | 11
#0250-d188 @A: 13 09 23 27 | 09
#0251-d188 @A: 09 06 20 08 | 03
#0252-d188 @A: 33 06 09 35 | 02
#0253-d188 @A: 15 33 07 09 | 07
#0254-d188 @A: 03 09 25 15 | 10
#0255-d188 @A: 25 09 08 01 | 01
#0256-d188 @A: 08 09 21 17 | 05
#0257-d188 @A: 31 09 16 11 | 08
#0258-d188 @A: 09 01 35 16 | 06
#0259-d188 @A: 34 09 16 28 | 12
#0260-d188 @A: 16 27 32 33 | 04
#0261-d188 @A: 32 01 15 33 | 11
#0262-d188 @A: 05 21 32 03 | 09
#0263-d188 @A: 25 32 07 08 | 03
#0264-d188 @A: 03 32 31 16 | 02
#0265-d188 @A: 23 07 27 28 | 07
#0266-d188 @A: 10 19 31 27 | 10
#0267-d188 @A: 27 35 03 11 | 01
#0268-d188 @A: 10 19 06 03 | 05
#0269-d188 @A: 16 13 25 06 | 08
#0270-d188 @A: 28 06 16 17 | 06
#0271-d188 @A: 01 12 06 03 | 12
#0272-d188 @A: 05 31 16 15 | 04
#0273-d188 @A: 10 03 15 07 | 11
#0274-d188 @A: 05 10 11 23 | 09
#0275-d188 @A: 23 13 28 08 | 03
#0276-d188 @A: 23 10 01 28 | 02
#0277-d188 @A: 35 34 23 07 | 07
#0278-d188 @A: 25 35 03 23 | 10
#0279-d188 @A: 08 05 20 21 | 01
#0280-d188 @A: 31 08 16 20 | 05
#0281-d188 @A: 08 20 03 34 | 08
#0282-d188 @A: 20 11 31 07 | 06
#0283-d188 @A: 20 35 28 21 | 12
#0284-d188 @A: 35 16 33 19 | 04
#0285-d188 @A: 35 34 33 11 | 11
#0286-d188 @A: 33 17 21 12 | 09
#0287-d188 @A: 05 31 07 21 | 03
#0288-d188 @A: 06 26 18 28 | 02
#0289-d188 @A: 18 11 27 02 | 07
#0290-d188 @A: 17 27 04 18 | 10
#0291-d188 @A: 12 22 18 16 | 01
#0292-d188 @A: 32 07 18 30 | 05
#0293-d188 @A: 01 30 18 13 | 08
#0294-d188 @A: 24 33 05 18 | 06
#0295-d188 @A: 20 32 21 18 | 12
#0296-d188 @A: 01 18 34 16 | 04
#0297-d188 @A: 21 18 13 03 | 11
#0298-d188 @A: 26 12 20 14 | 09
#0299-d188 @A: 06 04 21 26 | 03
#0300-d188 @A: 26 20 32 29 | 02
#0301-d188 @A: 26 27 30 13 | 07
#0302-d188 @A: 30 16 33 26 | 10
#0303-d188 @A: 26 01 03 30 | 01
#0304-d188 @A: 24 33 12 26 | 05
#0305-d188 @A: 32 11 26 25 | 08
#0306-d188 @A: 06 08 27 26 | 06
#0307-d188 @A: 27 35 26 31 | 12
#0308-d188 @A: 06 07 20 26 | 04
#0309-d188 @A: 35 13 06 26 | 11
#0310-d188 @A: 03 35 15 26 | 09
#0311-d188 @A: 20 31 17 26 | 03
#0312-d188 @A: 26 19 33 08 | 02
#0313-d188 @A: 26 11 08 10 | 07
#0314-d188 @A: 28 31 19 26 | 10
#0315-d188 @A: 26 13 03 01 | 01
#0316-d188 @A: 14 02 33 05 | 05
#0317-d188 @A: 14 30 01 04 | 08
#0318-d188 @A: 22 15 19 14 | 06
#0319-d188 @A: 20 07 22 14 | 12
#0320-d188 @A: 08 29 20 14 | 04
#0321-d188 @A: 30 14 06 16 | 11
#0322-d188 @A: 24 23 13 14 | 09
#0323-d188 @A: 21 14 24 05 | 03
#0324-d188 @A: 12 09 28 14 | 02
#0325-d188 @A: 27 32 14 07 | 07
#0326-d188 @A: 25 14 15 01 | 10
#0327-d188 @A: 13 05 14 33 | 01
#0328-d188 @A: 34 01 08 14 | 05
#0329-d188 @A: 14 11 13 07 | 08
#0330-d188 @A: 11 14 35 28 | 06
#0331-d188 @A: 34 14 17 10 | 12
#0332-d188 @A: 17 21 28 14 | 04
#0333-d188 @A: 04 24 02 17 | 11
#0334-d188 @A: 22 02 29 11 | 09
#0335-d188 @A: 02 22 19 27 | 03
#0336-d188 @A: 27 02 12 09 | 02
#0337-d188 @A: 17 09 06 02 | 07
#0338-d188 @A: 09 02 33 01 | 10
#0339-d188 @A: 02 06 25 03 | 01
#0340-d188 @A: 12 02 08 16 | 05
#0341-d188 @A: 11 21 03 02 | 08
#0342-d188 @A: 02 12 01 25 | 06
#0343-d188 @A: 10 31 02 35 | 12
#0344-d188 @A: 33 22 19 04 | 04
#0345-d188 @A: 04 05 30 17 | 11
#0346-d188 @A: 09 24 04 35 | 09
#0347-d188 @A: 04 27 08 24 | 03
#0348-d188 @A: 04 32 34 33 | 02
#0349-d188 @A: 35 06 27 04 | 07
#0350-d188 @A: 19 23 04 25 | 10
#0351-d188 @A: 10 03 04 21 | 01
#0352-d188 @A: 33 08 22 30 | 05
#0353-d188 @A: 22 24 06 08 | 08
#0354-d188 @A: 32 15 16 22 | 06
#0355-d188 @A: 32 22 19 17 | 12
#0356-d188 @A: 27 22 31 11 | 04
#0357-d188 @A: 23 06 22 34 | 11
#0358-d188 @A: 22 23 25 15 | 09
#0359-d188 @A: 11 15 33 22 | 03
#0360-d188 @A: 23 22 13 35 | 02
#0361-d188 @A: 25 22 05 34 | 07
#0362-d188 @A: 12 22 17 13 | 10
#0363-d188 @A: 30 32 29 17 | 01
#0364-d188 @A: 30 29 31 23 | 05
#0365-d188 @A: 16 29 24 33 | 08
#0366-d188 @A: 29 28 15 09 | 06
#0367-d188 @A: 27 05 19 29 | 12
#0368-d188 @A: 29 19 07 33 | 04
#0369-d188 @A: 08 34 29 11 | 11
#0370-d188 @A: 29 34 03 19 | 09
#0371-d188 @A: 13 10 35 29 | 03
#0372-d188 @A: 28 29 13 31 | 02
#0373-d188 @A: 24 06 17 30 | 07
#0374-d188 @A: 30 09 07 11 | 10
#0375-d188 @A: 33 11 09 24 | 01
#0376-d188 @A: 31 24 32 17 | 05
#0377-d188 @A: 24 13 16 19 | 08
#0378-d188 @A: 24 28 03 16 | 06
#0379-d188 @A: 24 11 13 01 | 12
#0380-d188 @A: 11 24 17 21 | 04
#0381-d188 @A: 10 01 07 24 | 11
#0382-d188 @A: 28 24 01 25 | 09
#0383-d188 @A: 06 03 09 32 | 03
#0384-d188 @A: 11 23 09 27 | 02
#0385-d188 @A: 05 09 27 08 | 07
#0386-d188 @A: 06 19 11 09 | 10
#0387-d188 @A: 35 13 09 20 | 01
#0388-d188 @A: 12 10 25 09 | 05
#0389-d188 @A: 20 01 32 23 | 08
#0390-d188 @A: 08 32 03 19 | 06
#0391-d188 @A: 11 08 01 32 | 12
#0392-d188 @A: 10 32 28 19 | 04
#0393-d188 @A: 10 32 01 21 | 11
#0394-d188 @A: 03 34 32 25 | 09
#0395-d188 @A: 10 27 20 33 | 03
#0396-d188 @A: 11 27 05 20 | 02
#0397-d188 @A: 33 12 27 25 | 07
#0398-d188 @A: 03 12 05 27 | 10
#0399-d188 @A: 19 13 27 01 | 01
#0400-d188 @A: 25 10 27 17 | 05
#0401-d188 @A: 21 28 25 27 | 08
#0402-d188 @A: 27 28 13 21 | 06
#0403-d188 @A: 34 06 11 15 | 12
#0404-d188 @A: 23 31 06 33 | 04
#0405-d188 @A: 06 01 11 17 | 11
#0406-d188 @A: 06 01 31 35 | 09
#0407-d188 @A: 11 31 01 15 | 03
#0408-d188 @A: 34 28 13 15 | 02
#0409-d188 @A: 31 35 17 15 | 07
#0410-d188 @A: 19 35 23 01 | 10
#0411-d188 @A: 10 34 21 23 | 01
#0412-d188 @A: 12 23 25 17 | 05
#0413-d188 @A: 10 11 20 13 | 08
#0414-d188 @A: 20 35 17 03 | 06
#0415-d188 @A: 03 28 20 31 | 12
#0416-d188 @A: 05 33 34 21 | 04
#0417-d188 @A: 33 12 16 07 | 11
#0418-d188 @A: 19 05 25 17 | 09
#0419-d188 @A: 01 05 16 07 | 03
#0420-d188 @A: 35 05 03 16 | 02
#0421-d188 @A: 25 28 16 05 | 07
#0422-d188 @A: 12 05 35 07 | 10
#0423-d188 @A: 12 28 05 21 | 01
#0424-d188 @A: 34 31 08 13 | 05
#0425-d188 @A: 13 11 28 03 | 08
#0426-d188 @A: 12 26 18 23 | 06
#0427-d188 @A: 18 03 26 16 | 12
#0428-d188 @A: 11 22 14 18 | 04
#0429-d188 @A: 27 16 18 14 | 11
#0430-d188 @A: 33 14 18 07 | 09
#0431-d188 @A: 14 18 03 10 | 03
#0432-d188 @A: 33 04 16 18 | 02
#0433-d188 @A: 34 18 35 04 | 07
#0434-d188 @A: 27 18 29 13 | 10
#0435-d188 @A: 05 11 18 30 | 01
#0436-d188 @A: 24 18 09 34 | 05
#0437-d188 @A: 10 20 07 18 | 08
#0438-d188 @A: 18 08 21 33 | 06
#0439-d188 @A: 01 17 18 25 | 12
#0440-d188 @A: 28 07 18 31 | 04
#0441-d188 @A: 28 10 12 18 | 11
#0442-d188 @A: 26 04 14 19 | 09
#0443-d188 @A: 14 28 29 26 | 03
#0444-d188 @A: 35 26 09 14 | 02
#0445-d188 @A: 26 28 04 24 | 07
#0446-d188 @A: 26 04 05 25 | 10
#0447-d188 @A: 30 26 29 12 | 01
#0448-d188 @A: 24 29 27 26 | 05
#0449-d188 @A: 11 26 29 33 | 08
#0450-d188 @A: 07 24 13 26 | 06
#0451-d188 @A: 35 32 26 06 | 12
#0452-d188 @A: 20 21 27 26 | 04
#0453-d188 @A: 26 06 03 05 | 11
#0454-d188 @A: 26 15 05 11 | 09
#0455-d188 @A: 26 01 08 31 | 03
#0456-d188 @A: 08 03 28 26 | 02
#0457-d188 @A: 16 01 12 26 | 07
#0458-d188 @A: 14 04 15 02 | 10
#0459-d188 @A: 02 03 14 34 | 01
#0460-d188 @A: 04 14 32 21 | 05
#0461-d188 @A: 30 14 10 24 | 08
#0462-d188 @A: 30 32 14 28 | 06
#0463-d188 @A: 03 14 19 30 | 12
#0464-d188 @A: 01 19 32 14 | 04
#0465-d188 @A: 08 27 14 28 | 11
#0466-d188 @A: 15 14 21 33 | 09
#0467-d188 @A: 12 08 11 14 | 03
#0468-d188 @A: 10 11 01 14 | 02
#0469-d188 @A: 13 35 14 21 | 07
#0470-d188 @A: 28 31 14 10 | 10
#0471-d188 @A: 20 22 03 02 | 01
#0472-d188 @A: 13 20 29 02 | 05
#0473-d188 @A: 10 30 02 23 | 08
#0474-d188 @A: 02 25 30 07 | 06
#0475-d188 @A: 32 02 24 06 | 12
#0476-d188 @A: 02 15 20 34 | 04
#0477-d188 @A: 02 15 33 16 | 11
#0478-d188 @A: 21 16 02 34 | 09
#0479-d188 @A: 17 02 28 01 | 03
#0480-d188 @A: 17 06 22 04 | 02
#0481-d188 @A: 22 04 35 03 | 07
#0482-d188 @A: 04 10 32 20 | 10
#0483-d188 @A: 12 33 04 06 | 01
#0484-d188 @A: 13 20 08 04 | 05
#0485-d188 @A: 31 19 04 08 | 08
#0486-d188 @A: 08 01 04 21 | 06
#0487-d188 @A: 19 07 11 04 | 12
#0488-d188 @A: 35 04 21 11 | 04
#0489-d188 @A: 04 34 01 25 | 11
#0490-d188 @A: 03 31 25 04 | 09
#0491-d188 @A: 33 01 29 22 | 03
#0492-d188 @A: 27 22 03 30 | 02
#0493-d188 @A: 22 05 27 35 | 07
#0494-d188 @A: 06 22 33 16 | 10
#0495-d188 @A: 25 07 22 21 | 01
#0496-d188 @A: 21 22 10 28 | 05
#0497-d188 @A: 29 06 09 13 | 08
#0498-d188 @A: 16 29 09 20 | 06
#0499-d188 @A: 32 16 10 29 | 12
#0500-d188 @A: 29 13 05 23 | 04
#0501-d188 @A: 19 28 16 29 | 11
#0502-d188 @A: 16 29 03 11 | 09
#0503-d188 @A: 30 15 11 25 | 03
#0504-d188 @A: 35 12 30 25 | 02
#0505-d188 @A: 35 30 28 13 | 07
#0506-d188 @A: 20 09 24 03 | 10
#0507-d188 @A: 20 23 24 10 | 01
#0508-d188 @A: 08 03 24 07 | 05
#0509-d188 @A: 12 01 11 24 | 08
#0510-d188 @A: 25 24 13 21 | 06
#0511-d188 @A: 09 23 12 05 | 12
#0512-d188 @A: 11 09 01 28 | 04
#0513-d188 @A: 34 09 07 31 | 11
#0514-d188 @A: 34 09 35 12 | 09
#0515-d188 @A: 15 10 06 32 | 03
#0516-d188 @A: 12 33 32 03 | 02
#0517-d188 @A: 16 07 11 32 | 07
#0518-d188 @A: 32 25 31 01 | 10
#0519-d188 @A: 32 17 03 01 | 01
#0520-d188 @A: 31 32 07 10 | 05
#0521-d188 @A: 25 10 35 32 | 08
#0522-d188 @A: 28 03 35 32 | 06
#0523-d188 @A: 27 06 05 21 | 12
#0524-d188 @A: 08 15 11 27 | 04
#0525-d188 @A: 08 23 27 33 | 11
#0526-d188 @A: 11 16 27 12 | 09
#0527-d188 @A: 21 07 27 03 | 03
#0528-d188 @A: 27 35 13 03 | 02
#0529-d188 @A: 06 23 35 05 | 07
#0530-d188 @A: 17 03 23 06 | 10
#0531-d188 @A: 06 16 19 07 | 01
#0532-d188 @A: 06 21 01 19 | 05
#0533-d188 @A: 11 06 31 12 | 08
#0534-d188 @A: 21 06 34 28 | 06
#0535-d188 @A: 10 15 08 34 | 12
#0536-d188 @A: 19 13 15 34 | 04
#0537-d188 @A: 25 13 10 15 | 11
#0538-d188 @A: 16 31 23 28 | 09
#0539-d188 @A: 25 07 01 23 | 03
#0540-d188 @A: 25 23 31 21 | 02
#0541-d188 @A: 21 16 20 17 | 07
#0542-d188 @A: 12 20 11 10 | 10
#0543-d188 @A: 13 21 01 20 | 01
#0544-d188 @A: 08 25 33 05 | 05
#0545-d188 @A: 33 25 19 31 | 08
#0546-d188 @A: 33 17 11 25 | 06
#0547-d188 @A: 21 01 07 33 | 12
#0548-d188 @A: 25 33 13 07 | 04
#0549-d188 @A: 10 08 28 05 | 11
#0550-d188 @A: 18 13 19 26 | 09
#0551-d188 @A: 20 34 18 14 | 03
#0552-d188 @A: 02 29 18 25 | 02
#0553-d188 @A: 18 02 31 06 | 07
#0554-d188 @A: 02 25 13 18 | 10
#0555-d188 @A: 18 21 04 24 | 01
#0556-d188 @A: 22 18 27 08 | 05
#0557-d188 @A: 33 22 25 18 | 08
#0558-d188 @A: 29 33 28 18 | 06
#0559-d188 @A: 05 31 18 29 | 12
#0560-d188 @A: 29 01 18 10 | 04
#0561-d188 @A: 30 18 03 33 | 11
#0562-d188 @A: 17 28 24 18 | 09
#0563-d188 @A: 23 18 32 09 | 03
#0564-d188 @A: 06 18 16 09 | 02
#0565-d188 @A: 18 15 10 09 | 07
#0566-d188 @A: 18 27 28 15 | 10
#0567-d188 @A: 27 01 18 07 | 01
#0568-d188 @A: 15 33 12 18 | 05
#0569-d188 @A: 08 15 13 18 | 08
#0570-d188 @A: 18 03 35 19 | 06
#0571-d188 @A: 28 21 11 18 | 12
#0572-d188 @A: 18 35 10 21 | 04
#0573-d188 @A: 11 26 02 24 | 11
#0574-d188 @A: 21 02 26 05 | 09
#0575-d188 @A: 34 17 26 02 | 03
#0576-d188 @A: 11 26 22 28 | 02
#0577-d188 @A: 23 10 26 29 | 07
#0578-d188 @A: 21 29 26 17 | 10
#0579-d188 @A: 09 26 27 16 | 01
#0580-d188 @A: 11 20 35 26 | 05
#0581-d188 @A: 34 25 19 26 | 08
#0582-d188 @A: 26 35 19 10 | 06
#0583-d188 @A: 31 26 03 11 | 12
#0584-d188 @A: 26 03 07 34 | 04
#0585-d188 @A: 12 31 10 26 | 11
#0586-d188 @A: 03 01 22 14 | 09
#0587-d188 @A: 14 27 11 29 | 03
#0588-d188 @A: 33 29 14 12 | 02
#0589-d188 @A: 05 14 01 29 | 07
#0590-d188 @A: 30 14 15 23 | 10
#0591-d188 @A: 30 34 14 33 | 01
#0592-d188 @A: 24 33 14 01 | 05
#0593-d188 @A: 31 27 13 14 | 08
#0594-d188 @A: 11 20 14 15 | 06
#0595-d188 @A: 31 21 08 14 | 12
#0596-d188 @A: 19 14 07 28 | 04
#0597-d188 @A: 01 17 35 14 | 11
#0598-d188 @A: 04 02 11 23 | 09
#0599-d188 @A: 32 22 25 02 | 03
#0600-d188 @A: 19 20 02 29 | 02
#0601-d188 @A: 02 24 08 09 | 07
#0602-d188 @A: 02 03 09 28 | 10
#0603-d188 @A: 02 19 06 34 | 01
#0604-d188 @A: 35 02 21 15 | 05
#0605-d188 @A: 05 02 16 13 | 08
#0606-d188 @A: 08 02 28 21 | 06
#0607-d188 @A: 02 25 19 16 | 12
#0608-d188 @A: 16 02 01 10 | 04
#0609-d188 @A: 02 01 35 34 | 11
#0610-d188 @A: 07 28 10 02 | 09
#0611-d188 @A: 04 32 22 11 | 03
#0612-d188 @A: 07 04 29 30 | 02
#0613-d188 @A: 04 15 24 29 | 07
#0614-d188 @A: 29 25 35 04 | 10
#0615-d188 @A: 15 04 30 35 | 01
#0616-d188 @A: 04 31 09 15 | 05
#0617-d188 @A: 15 04 28 06 | 08
#0618-d188 @A: 33 04 08 15 | 06
#0619-d188 @A: 25 16 20 04 | 12
#0620-d188 @A: 01 11 33 04 | 04
#0621-d188 @A: 04 08 11 03 | 11
#0622-d188 @A: 11 16 10 04 | 09
#0623-d188 @A: 13 04 17 28 | 03
#0624-d188 @A: 13 29 24 22 | 02
#0625-d188 @A: 09 22 12 30 | 07
#0626-d188 @A: 24 15 22 12 | 10
#0627-d188 @A: 22 23 07 24 | 01
#0628-d188 @A: 01 09 32 22 | 05
#0629-d188 @A: 07 05 32 22 | 08
#0630-d188 @A: 16 27 28 22 | 06
#0631-d188 @A: 22 23 33 12 | 12
#0632-d188 @A: 19 28 22 23 | 04
#0633-d188 @A: 16 20 01 22 | 11
#0634-d188 @A: 22 34 35 28 | 09
#0635-d188 @A: 29 12 24 09 | 03
#0636-d188 @A: 25 32 29 24 | 02
#0637-d188 @A: 24 29 06 03 | 07
#0638-d188 @A: 11 05 09 29 | 10
#0639-d188 @A: 06 05 12 29 | 01
#0640-d188 @A: 12 16 29 34 | 05
#0641-d188 @A: 35 29 07 28 | 08
#0642-d188 @A: 21 12 03 29 | 06
#0643-d188 @A: 01 27 30 33 | 12
#0644-d188 @A: 08 30 06 12 | 04
#0645-d188 @A: 35 06 28 30 | 11
#0646-d188 @A: 28 15 05 30 | 09
#0647-d188 @A: 08 30 10 21 | 03
#0648-d188 @A: 31 16 35 30 | 02
#0649-d188 @A: 01 28 31 30 | 07
#0650-d188 @A: 30 13 07 10 | 10
#0651-d188 @A: 24 32 27 12 | 01
#0652-d188 @A: 33 32 24 35 | 05
#0653-d188 @A: 24 05 10 32 | 08
#0654-d188 @A: 11 10 34 24 | 06
#0655-d188 @A: 28 32 08 09 | 12
#0656-d188 @A: 15 08 12 09 | 04
#0657-d188 @A: 09 35 11 25 | 11
#0658-d188 @A: 09 35 03 21 | 09
#0659-d188 @A: 17 28 09 13 | 03
#0660-d188 @A: 32 06 17 25 | 02
#0661-d188 @A: 28 32 33 23 | 07
#0662-d188 @A: 17 32 16 12 | 10
#0663-d188 @A: 01 13 34 32 | 01
#0664-d188 @A: 27 06 01 23 | 05
#0665-d188 @A: 15 27 34 33 | 08
#0666-d188 @A: 31 20 27 01 | 06
#0667-d188 @A: 33 16 27 13 | 12
#0668-d188 @A: 17 27 11 19 | 04
#0669-d188 @A: 06 20 25 33 | 11
#0670-d188 @A: 05 17 06 20 | 09
#0671-d188 @A: 03 06 28 07 | 03
#0672-d188 @A: 06 10 17 35 | 02
#0673-d188 @A: 19 15 23 03 | 07
#0674-d188 @A: 08 15 28 07 | 10
#0675-d188 @A: 19 15 34 16 | 01
#0676-d188 @A: 35 07 16 15 | 05
#0677-d188 @A: 11 07 21 15 | 08
#0678-d188 @A: 11 01 23 16 | 06
#0679-d188 @A: 34 23 03 16 | 12
#0680-d188 @A: 08 28 20 11 | 04
#0681-d188 @A: 19 20 10 17 | 11
#0682-d188 @A: 34 35 20 31 | 09
#0683-d188 @A: 05 33 01 17 | 03
#0684-d188 @A: 31 33 17 08 | 02
#0685-d188 @A: 03 33 16 25 | 07
#0686-d188 @A: 34 03 33 17 | 10
#0687-d188 @A: 33 34 31 12 | 01
#0688-d188 @A: 33 07 25 28 | 05
#0689-d188 @A: 31 05 03 08 | 08
#0690-d188 @A: 13 31 19 03 | 06
#0691-d188 @A: 30 35 26 18 | 12
#0692-d188 @A: 05 17 18 26 | 04
#0693-d188 @A: 02 18 03 04 | 11
#0694-d188 @A: 02 18 01 22 | 09
#0695-d188 @A: 10 24 02 18 | 03
#0696-d188 @A: 18 31 22 15 | 02
#0697-d188 @A: 29 35 16 18 | 07
#0698-d188 @A: 01 30 18 06 | 10
#0699-d188 @A: 23 24 18 11 | 01
#0700-d188 @A: 35 13 24 18 | 05
#0701-d188 @A: 09 05 07 18 | 08
#0702-d188 @A: 11 09 18 12 | 06
#0703-d188 @A: 06 07 18 15 | 12
#0704-d188 @A: 18 23 20 19 | 04
#0705-d188 @A: 16 07 18 23 | 11
#0706-d188 @A: 17 08 35 18 | 09
#0707-d188 @A: 28 25 35 18 | 03
#0708-d188 @A: 02 16 26 32 | 02
#0709-d188 @A: 26 04 07 09 | 07
#0710-d188 @A: 26 23 22 09 | 10
#0711-d188 @A: 26 22 15 08 | 01
#0712-d188 @A: 26 17 10 22 | 05
#0713-d188 @A: 19 30 26 23 | 08
#0714-d188 @A: 08 17 16 26 | 06
#0715-d188 @A: 08 34 26 35 | 12
#0716-d188 @A: 08 07 12 26 | 04
#0717-d188 @A: 26 21 08 25 | 11
#0718-d188 @A: 12 26 25 03 | 09
#0719-d188 @A: 22 30 13 14 | 03
#0720-d188 @A: 29 06 17 14 | 02
#0721-d188 @A: 30 14 12 21 | 07
#0722-d188 @A: 24 32 14 08 | 10
#0723-d188 @A: 24 28 14 15 | 01
#0724-d188 @A: 32 33 25 14 | 05
#0725-d188 @A: 27 14 10 15 | 08
#0726-d188 @A: 16 14 34 07 | 06
#0727-d188 @A: 25 17 14 07 | 12
#0728-d188 @A: 14 25 28 03 | 04
#0729-d188 @A: 28 22 02 30 | 11
#0730-d188 @A: 06 11 02 30 | 09
#0731-d188 @A: 35 09 20 02 | 03
#0732-d188 @A: 02 25 31 09 | 02
#0733-d188 @A: 08 27 02 20 | 07
#0734-d188 @A: 05 06 02 08 | 10
#0735-d188 @A: 02 12 20 23 | 01
#0736-d188 @A: 02 08 35 07 | 05
#0737-d188 @A: 28 34 12 02 | 08
#0738-d188 @A: 19 04 29 09 | 06
#0739-d188 @A: 01 29 27 04 | 12
#0740-d188 @A: 31 33 04 29 | 04
#0741-d188 @A: 32 30 04 03 | 11
#0742-d188 @A: 16 30 04 12 | 09
#0743-d188 @A: 09 04 21 25 | 03
#0744-d188 @A: 32 23 35 04 | 02
#0745-d188 @A: 34 16 04 27 | 07
#0746-d188 @A: 04 19 05 15 | 10
#0747-d188 @A: 33 13 04 35 | 01
#0748-d188 @A: 07 04 28 34 | 05
#0749-d188 @A: 29 12 22 28 | 08
#0750-d188 @A: 30 01 22 05 | 06
#0751-d188 @A: 09 03 22 33 | 12
#0752-d188 @A: 13 32 11 22 | 04
#0753-d188 @A: 22 33 17 27 | 11
#0754-d188 @A: 06 22 20 31 | 09
#0755-d188 @A: 13 20 15 22 | 03
#0756-d188 @A: 19 22 08 34 | 02
#0757-d188 @A: 08 22 13 25 | 07
#0758-d188 @A: 03 22 21 08 | 10
#0759-d188 @A: 19 12 21 22 | 01
#0760-d188 @A: 25 22 35 16 | 05
#0761-d188 @A: 07 22 12 11 | 08
#0762-d188 @A: 24 17 29 05 | 06
#0763-d188 @A: 01 24 29 31 | 12
#0764-d188 @A: 29 32 09 35 | 04
#0765-d188 @A: 27 17 09 29 | 11
#0766-d188 @A: 19 15 32 29 | 09
#0767-d188 @A: 05 29 15 21 | 03
#0768-d188 @A: 28 29 23 21 | 02
#0769-d188 @A: 12 19 08 29 | 07
#0770-d188 @A: 21 08 29 07 | 10
#0771-d188 @A: 29 17 07 01 | 01
#0772-d188 @A: 31 35 12 29 | 05
#0773-d188 @A: 31 29 03 10 | 08
#0774-d188 @A: 24 30 23 03 | 06
#0775-d188 @A: 33 21 30 24 | 12
#0776-d188 @A: 03 31 30 09 | 04
#0777-d188 @A: 10 15 30 33 | 11
#0778-d188 @A: 23 30 13 25 | 09
#0779-d188 @A: 05 20 30 12 | 03
#0780-d188 @A: 01 17 16 30 | 02
#0781-d188 @A: 30 25 21 01 | 07
#0782-d188 @A: 30 21 35 34 | 10
#0783-d188 @A: 12 34 30 17 | 01
#0784-d188 @A: 09 10 27 24 | 05
#0785-d188 @A: 13 27 20 24 | 08
#0786-d188 @A: 06 24 12 23 | 06
#0787-d188 @A: 24 21 01 15 | 12
#0788-d188 @A: 08 21 24 19 | 04
#0789-d188 @A: 24 35 28 08 | 11
#0790-d188 @A: 07 24 25 19 | 09
#0791-d188 @A: 12 03 24 19 | 03
#0792-d188 @A: 35 03 10 24 | 02
#0793-d188 @A: 12 24 10 17 | 07
#0794-d188 @A: 25 06 27 09 | 10
#0795-d188 @A: 27 28 09 33 | 01
#0796-d188 @A: 34 05 09 15 | 05
#0797-d188 @A: 09 23 33 25 | 08
#0798-d188 @A: 23 34 19 09 | 06
#0799-d188 @A: 03 09 17 07 | 12
#0800-d188 @A: 12 13 09 21 | 04
#0801-d188 @A: 27 32 23 10 | 11
#0802-d188 @A: 32 19 21 11 | 09
#0803-d188 @A: 19 32 13 17 | 03
#0804-d188 @A: 32 35 07 01 | 02
#0805-d188 @A: 17 15 27 05 | 07
#0806-d188 @A: 15 12 13 27 | 10
#0807-d188 @A: 10 03 08 27 | 01
#0808-d188 @A: 06 31 28 05 | 05
#0809-d188 @A: 25 06 08 35 | 08
#0810-d188 @A: 06 12 16 21 | 06
#0811-d188 @A: 28 11 10 06 | 12
#0812-d188 @A: 01 15 08 19 | 04
#0813-d188 @A: 07 31 15 19 | 11
#0814-d188 @A: 15 01 34 12 | 09
#0815-d188 @A: 17 15 01 10 | 03
#0816-d188 @A: 15 21 31 34 | 02
#0817-d188 @A: 33 35 23 10 | 07
#0818-d188 @A: 23 19 07 10 | 10
#0819-d188 @A: 23 21 17 19 | 01
#0820-d188 @A: 21 13 19 23 | 05
#0821-d188 @A: 35 11 31 23 | 08
#0822-d188 @A: 03 07 31 23 | 06
#0823-d188 @A: 35 08 10 20 | 12
#0824-d188 @A: 03 01 10 20 | 04
#0825-d188 @A: 20 28 34 10 | 11
#0826-d188 @A: 05 35 33 28 | 09
#0827-d188 @A: 31 03 01 33 | 03
#0828-d188 @A: 05 08 11 35 | 02
#0829-d188 @A: 05 08 17 07 | 07
#0830-d188 @A: 13 07 28 19 | 10
#0831-d188 @A: 21 18 14 26 | 01
#0832-d188 @A: 18 26 24 22 | 05
#0833-d188 @A: 14 17 18 15 | 08
#0834-d188 @A: 04 06 18 08 | 06
#0835-d188 @A: 30 18 22 17 | 12
#0836-d188 @A: 22 10 23 18 | 04
#0837-d188 @A: 03 28 18 22 | 11
#0838-d188 @A: 31 18 22 13 | 09
#0839-d188 @A: 29 18 32 08 | 03
#0840-d188 @A: 30 23 18 28 | 02
#0841-d188 @A: 27 20 24 18 | 07
#0842-d188 @A: 32 18 33 11 | 10
#0843-d188 @A: 34 18 33 06 | 01
#0844-d188 @A: 35 05 15 18 | 05
#0845-d188 @A: 01 28 18 08 | 08
#0846-d188 @A: 07 18 12 19 | 06
#0847-d188 @A: 33 26 14 03 | 12
#0848-d188 @A: 26 02 19 09 | 04
#0849-d188 @A: 31 26 23 02 | 11
#0850-d188 @A: 27 22 26 34 | 09
#0851-d188 @A: 26 06 29 16 | 03
#0852-d188 @A: 29 25 01 26 | 02
#0853-d188 @A: 01 24 09 26 | 07
#0854-d188 @A: 24 26 17 03 | 10
#0855-d188 @A: 32 13 26 16 | 01
#0856-d188 @A: 26 19 27 12 | 05
#0857-d188 @A: 13 15 11 26 | 08
#0858-d188 @A: 34 26 20 23 | 06
#0859-d188 @A: 26 05 28 20 | 12
#0860-d188 @A: 05 07 19 26 | 04
#0861-d188 @A: 01 07 26 11 | 11
#0862-d188 @A: 14 35 30 02 | 09
#0863-d188 @A: 02 06 28 14 | 03
#0864-d188 @A: 01 20 02 14 | 02
#0865-d188 @A: 29 14 04 03 | 07
#0866-d188 @A: 07 14 04 35 | 10
#0867-d188 @A: 22 32 14 12 | 01
#0868-d188 @A: 06 27 22 14 | 05
#0869-d188 @A: 14 09 17 30 | 08
#0870-d188 @A: 07 14 09 24 | 06
#0871-d188 @A: 33 09 08 14 | 12
#0872-d188 @A: 20 16 32 14 | 04
#0873-d188 @A: 32 35 14 05 | 11
#0874-d188 @A: 08 14 32 13 | 09
#0875-d188 @A: 33 11 23 14 | 03
#0876-d188 @A: 14 23 31 05 | 02
#0877-d188 @A: 12 01 14 23 | 07
#0878-d188 @A: 19 08 14 17 | 10
#0879-d188 @A: 21 02 04 20 | 01
#0880-d188 @A: 02 22 05 12 | 05
#0881-d188 @A: 30 17 27 02 | 08
#0882-d188 @A: 24 19 02 28 | 06
#0883-d188 @A: 32 02 07 09 | 12
#0884-d188 @A: 32 27 35 02 | 04
#0885-d188 @A: 20 11 02 32 | 11
#0886-d188 @A: 27 15 02 03 | 09
#0887-d188 @A: 23 02 06 15 | 03
#0888-d188 @A: 23 02 17 08 | 02
#0889-d188 @A: 33 11 10 02 | 07
#0890-d188 @A: 02 11 08 25 | 10
#0891-d188 @A: 13 03 10 02 | 01
#0892-d188 @A: 24 04 20 12 | 05
#0893-d188 @A: 09 13 04 15 | 08
#0894-d188 @A: 09 01 04 17 | 06
#0895-d188 @A: 27 04 33 21 | 12
#0896-d188 @A: 27 04 10 05 | 04
#0897-d188 @A: 04 15 07 25 | 11
#0898-d188 @A: 13 19 35 04 | 09
#0899-d188 @A: 34 04 11 31 | 03
#0900-d188 @A: 01 03 07 04 | 02
#0901-d188 @A: 04 12 03 28 | 07
#0902-d188 @A: 32 22 29 27 | 10
#0903-d188 @A: 29 23 22 03 | 01
#0904-d188 @A: 22 09 15 35 | 05
#0905-d188 @A: 22 09 11 08 | 08
#0906-d188 @A: 06 32 28 22 | 06
#0907-d188 @A: 21 27 15 22 | 12
#0908-d188 @A: 03 06 22 11 | 04
#0909-d188 @A: 22 28 06 13 | 11
#0910-d188 @A: 01 22 23 08 | 09
#0911-d188 @A: 17 28 22 08 | 03
#0912-d188 @A: 21 16 22 11 | 02
#0913-d188 @A: 30 09 29 10 | 07
#0914-d188 @A: 27 29 28 30 | 10
#0915-d188 @A: 23 09 01 29 | 01
#0916-d188 @A: 07 29 03 32 | 05
#0917-d188 @A: 03 27 33 29 | 08
#0918-d188 @A: 19 25 10 29 | 06
#0919-d188 @A: 21 19 29 31 | 12
#0920-d188 @A: 11 10 29 07 | 04
#0921-d188 @A: 11 25 29 28 | 11
#0922-d188 @A: 23 30 12 27 | 09
#0923-d188 @A: 06 05 30 33 | 03
#0924-d188 @A: 06 25 30 19 | 02
#0925-d188 @A: 30 15 07 01 | 07
#0926-d188 @A: 23 08 30 05 | 10
#0927-d188 @A: 33 35 30 17 | 01
#0928-d188 @A: 13 05 30 31 | 05
#0929-d188 @A: 11 08 30 17 | 08
#0930-d188 @A: 34 25 16 30 | 06
#0931-d188 @A: 30 10 12 01 | 12
#0932-d188 @A: 32 21 24 23 | 04
#0933-d188 @A: 20 15 31 24 | 11
#0934-d188 @A: 15 13 24 33 | 09
#0935-d188 @A: 20 05 34 24 | 03
#0936-d188 @A: 34 12 24 08 | 02
#0937-d188 @A: 24 34 17 19 | 07
#0938-d188 @A: 24 31 19 35 | 10
#0939-d188 @A: 25 17 24 35 | 01
#0940-d188 @A: 32 31 09 19 | 05
#0941-d188 @A: 20 27 19 09 | 08
#0942-d188 @A: 06 09 10 34 | 06
#0943-d188 @A: 09 23 08 03 | 12
#0944-d188 @A: 25 09 07 16 | 04
#0945-d188 @A: 12 09 16 03 | 11
#0946-d188 @A: 17 25 34 09 | 09
#0947-d188 @A: 20 03 32 27 | 03
#0948-d188 @A: 27 13 32 10 | 02
#0949-d188 @A: 35 32 34 15 | 07
#0950-d188 @A: 23 13 32 20 | 10
#0951-d188 @A: 32 11 35 12 | 01
#0952-d188 @A: 12 32 34 10 | 05
#0953-d188 @A: 06 34 27 20 | 08
#0954-d188 @A: 17 06 27 07 | 06
#0955-d188 @A: 19 07 08 27 | 12
#0956-d188 @A: 08 21 13 27 | 04
#0957-d188 @A: 01 25 27 11 | 11
#0958-d188 @A: 27 12 17 01 | 09
#0959-d188 @A: 06 05 15 25 | 03
#0960-d188 @A: 06 28 33 01 | 02
#0961-d188 @A: 08 17 06 34 | 07
#0962-d188 @A: 03 06 21 31 | 10
#0963-d188 @A: 12 13 06 31 | 01
#0964-d188 @A: 06 13 10 21 | 05
#0965-d188 @A: 17 25 15 20 | 08
#0966-d188 @A: 15 28 16 10 | 06
#0967-d188 @A: 15 10 11 35 | 12
#0968-d188 @A: 21 25 10 15 | 04
#0969-d188 @A: 31 03 15 12 | 11
#0970-d188 @A: 28 08 12 23 | 09
#0971-d188 @A: 16 35 12 23 | 03
#0972-d188 @A: 17 10 16 23 | 02
#0973-d188 @A: 16 13 23 12 | 07
#0974-d188 @A: 31 23 13 11 | 10
#0975-d188 @A: 03 13 34 23 | 01
#0976-d188 @A: 03 16 19 20 | 05
#0977-d188 @A: 01 19 20 28 | 08
#0978-d188 @A: 20 34 19 12 | 06
#0979-d188 @A: 25 20 34 07 | 12
#0980-d188 @A: 31 10 21 20 | 04
#0981-d188 @A: 07 17 33 10 | 11
#0982-d188 @A: 21 25 33 35 | 09
#0983-d188 @A: 19 10 05 01 | 03
#0984-d188 @A: 17 11 03 05 | 02
#0985-d188 @A: 35 13 12 05 | 07
#0986-d188 @A: 18 29 30 14 | 10
#0987-d188 @A: 02 18 20 28 | 01
#0988-d188 @A: 11 04 18 15 | 05
#0989-d188 @A: 22 35 18 06 | 08
#0990-d188 @A: 27 18 29 12 | 06
#0991-d188 @A: 05 13 18 32 | 12
#0992-d188 @A: 06 20 18 11 | 04
#0993-d188 @A: 08 34 18 07 | 11
#0994-d188 @A: 18 10 08 31 | 09
#0995-d188 @A: 18 01 19 31 | 03
#0996-d188 @A: 34 28 19 18 | 02
#0997-d188 @A: 11 03 18 01 | 07
#0998-d188 @A: 35 18 07 11 | 10
#0999-d188 @A: 12 21 01 18 | 01
#1000-d188 @A: 24 16 14 26 | 05
#1001-d188 @A: 23 26 07 14 | 08
#1002-d188 @A: 13 26 14 17 | 06
#1003-d188 @A: 01 26 27 02 | 12
#1004-d188 @A: 32 04 26 01 | 04
#1005-d188 @A: 08 13 26 29 | 11
#1006-d188 @A: 34 30 26 05 | 09
#1007-d188 @A: 26 09 15 20 | 03
#1008-d188 @A: 26 33 09 34 | 02
#1009-d188 @A: 03 23 27 26 | 07
#1010-d188 @A: 13 26 23 10 | 10
#1011-d188 @A: 34 16 31 26 | 01
#1012-d188 @A: 02 23 09 14 | 05
#1013-d188 @A: 06 14 09 04 | 08
#1014-d188 @A: 22 14 34 09 | 06
#1015-d188 @A: 24 14 27 03 | 12
#1016-d188 @A: 14 23 27 19 | 04
#1017-d188 @A: 14 05 34 27 | 11
#1018-d188 @A: 14 20 35 06 | 09
#1019-d188 @A: 14 08 03 06 | 03
#1020-d188 @A: 17 05 14 16 | 02
#1021-d188 @A: 16 14 35 10 | 07
#1022-d188 @A: 21 34 11 14 | 10
#1023-d188 @A: 31 11 17 14 | 01
#1024-d188 @A: 14 31 07 01 | 05
#1025-d188 @A: 12 14 25 31 | 08
#1026-d188 @A: 17 14 12 03 | 06
#1027-d188 @A: 09 02 04 30 | 12
#1028-d188 @A: 04 02 31 12 | 04
#1029-d188 @A: 16 02 23 22 | 11
#1030-d188 @A: 31 22 08 02 | 09
#1031-d188 @A: 29 02 06 35 | 03
#1032-d188 @A: 15 02 31 30 | 02
#1033-d188 @A: 05 02 03 30 | 07
#1034-d188 @A: 19 32 02 33 | 10
#1035-d188 @A: 07 33 02 27 | 01
#1036-d188 @A: 27 05 31 02 | 05
#1037-d188 @A: 13 11 27 02 | 08
#1038-d188 @A: 16 17 02 31 | 06
#1039-d188 @A: 02 10 25 34 | 12
#1040-d188 @A: 12 02 07 13 | 04
#1041-d188 @A: 35 02 31 13 | 11
#1042-d188 @A: 02 21 25 17 | 09
#1043-d188 @A: 22 08 20 04 | 03
#1044-d188 @A: 10 04 29 12 | 02
#1045-d188 @A: 04 27 19 30 | 07
#1046-d188 @A: 30 34 04 20 | 10
#1047-d188 @A: 04 30 21 31 | 01
#1048-d188 @A: 04 24 16 19 | 05
#1049-d188 @A: 10 09 04 23 | 08
#1050-d188 @A: 33 05 04 09 | 06
#1051-d188 @A: 31 04 06 32 | 12
#1052-d188 @A: 04 05 34 06 | 04
#1053-d188 @A: 03 04 34 15 | 11
#1054-d188 @A: 34 23 04 12 | 09
#1055-d188 @A: 12 11 04 25 | 03
#1056-d188 @A: 17 10 31 04 | 02
#1057-d188 @A: 22 29 34 24 | 07
#1058-d188 @A: 22 25 06 29 | 10
#1059-d188 @A: 09 28 22 05 | 01
#1060-d188 @A: 09 22 13 19 | 05
#1061-d188 @A: 32 23 22 31 | 08
#1062-d188 @A: 06 10 12 22 | 06
#1063-d188 @A: 07 34 22 33 | 12
#1064-d188 @A: 22 17 34 16 | 04
#1065-d188 @A: 11 29 21 30 | 11
#1066-d188 @A: 05 32 33 29 | 09
#1067-d188 @A: 06 31 29 27 | 03
#1068-d188 @A: 27 16 08 29 | 02
#1069-d188 @A: 10 17 08 29 | 07
#1070-d188 @A: 29 35 17 19 | 10
#1071-d188 @A: 29 16 01 21 | 01
#1072-d188 @A: 27 30 35 24 | 05
#1073-d188 @A: 05 31 24 30 | 08
#1074-d188 @A: 33 09 19 30 | 06
#1075-d188 @A: 23 16 21 30 | 12
#1076-d188 @A: 20 11 30 33 | 04
#1077-d188 @A: 34 11 30 19 | 11
#1078-d188 @A: 11 35 30 01 | 09
#1079-d188 @A: 13 24 09 03 | 03
#1080-d188 @A: 27 15 24 19 | 02
#1081-d188 @A: 23 15 24 34 | 07
#1082-d188 @A: 24 05 07 15 | 10
#1083-d188 @A: 24 20 19 11 | 01
#1084-d188 @A: 09 32 33 10 | 05
#1085-d188 @A: 09 27 01 15 | 08
#1086-d188 @A: 20 12 09 33 | 06
#1087-d188 @A: 09 35 31 08 | 12
#1088-d188 @A: 10 01 09 31 | 04
#1089-d188 @A: 09 17 31 28 | 11
#1090-d188 @A: 12 31 21 09 | 09
#1091-d188 @A: 27 32 06 19 | 03
#1092-d188 @A: 05 11 06 32 | 02
#1093-d188 @A: 07 32 13 06 | 07
#1094-d188 @A: 15 32 13 35 | 10
#1095-d188 @A: 32 20 35 19 | 01
#1096-d188 @A: 21 08 32 34 | 05
#1097-d188 @A: 03 10 32 11 | 08
#1098-d188 @A: 28 32 25 13 | 06
#1099-d188 @A: 12 06 27 15 | 12
#1100-d188 @A: 23 25 20 27 | 04
#1101-d188 @A: 27 20 28 17 | 11
#1102-d188 @A: 01 27 35 08 | 09
#1103-d188 @A: 08 27 25 34 | 03
#1104-d188 @A: 08 27 21 12 | 02
#1105-d188 @A: 03 19 25 27 | 07
#1106-d188 @A: 07 27 35 25 | 10
#1107-d188 @A: 27 17 21 31 | 01
#1108-d188 @A: 12 31 28 27 | 05
#1109-d188 @A: 19 06 35 12 | 08
#1110-d188 @A: 25 01 16 06 | 06
#1111-d188 @A: 34 07 06 01 | 12
#1112-d188 @A: 34 31 25 06 | 04
#1113-d188 @A: 15 12 23 07 | 11
#1114-d188 @A: 08 21 16 15 | 09
#1115-d188 @A: 35 25 19 15 | 03
#1116-d188 @A: 15 11 16 17 | 02
#1117-d188 @A: 15 35 01 28 | 07
#1118-d188 @A: 07 17 34 15 | 10
#1119-d188 @A: 23 20 16 33 | 01
#1120-d188 @A: 20 13 34 33 | 05
#1121-d188 @A: 07 12 03 20 | 08
#1122-d188 @A: 17 13 20 03 | 06
#1123-d188 @A: 35 33 03 08 | 12
#1124-d188 @A: 16 33 28 21 | 04
#1125-d188 @A: 33 13 31 01 | 11
#1126-d188 @A: 19 05 21 16 | 09
#1127-d188 @A: 13 25 19 05 | 03
#1128-d188 @A: 10 16 12 05 | 02
#1129-d188 @A: 11 13 21 05 | 07
#1130-d188 @A: 10 03 05 34 | 10
#1131-d188 @A: 10 12 13 19 | 01
#1132-d188 @A: 34 17 13 35 | 05
#1133-d188 @A: 10 26 33 18 | 08
#1134-d188 @A: 02 14 18 19 | 06
#1135-d188 @A: 25 18 04 14 | 12
#1136-d188 @A: 02 18 12 32 | 04
#1137-d188 @A: 18 32 22 34 | 11
#1138-d188 @A: 18 21 29 06 | 09
#1139-d188 @A: 15 18 19 30 | 03
#1140-d188 @A: 24 18 06 19 | 02
#1141-d188 @A: 33 18 27 19 | 07
#1142-d188 @A: 18 01 33 23 | 10
#1143-d188 @A: 18 05 19 08 | 01
#1144-d188 @A: 26 34 04 29 | 05
#1145-d188 @A: 26 03 04 20 | 08
#1146-d188 @A: 35 26 04 33 | 06
#1147-d188 @A: 26 22 20 19 | 12
#1148-d188 @A: 01 35 22 26 | 04
#1149-d188 @A: 26 09 28 30 | 11
#1150-d188 @A: 06 26 24 34 | 09
#1151-d188 @A: 09 26 11 21 | 03
#1152-d188 @A: 09 13 31 26 | 02
#1153-d188 @A: 23 08 32 26 | 07
#1154-d188 @A: 26 34 28 32 | 10
#1155-d188 @A: 10 27 28 26 | 01
#1156-d188 @A: 06 26 19 15 | 05
#1157-d188 @A: 21 23 33 26 | 08
#1158-d188 @A: 16 28 26 07 | 06
#1159-d188 @A: 04 14 28 22 | 12
#1160-d188 @A: 22 29 14 16 | 04
#1161-d188 @A: 14 31 22 30 | 11
#1162-d188 @A: 22 10 33 14 | 09
#1163-d188 @A: 05 08 14 22 | 03
#1164-d188 @A: 07 14 15 29 | 02
#1165-d188 @A: 10 29 14 21 | 07
#1166-d188 @A: 20 17 24 14 | 10
#1167-d188 @A: 27 14 31 09 | 01
#1168-d188 @A: 14 13 06 01 | 05
#1169-d188 @A: 25 14 16 08 | 08
#1170-d188 @A: 14 19 34 31 | 06
#1171-d188 @A: 03 25 13 14 | 12
#1172-d188 @A: 04 02 22 34 | 04
#1173-d188 @A: 04 02 35 19 | 11
#1174-d188 @A: 01 02 13 22 | 09
#1175-d188 @A: 24 29 30 02 | 03
#1176-d188 @A: 10 29 27 02 | 02
#1177-d188 @A: 32 30 02 13 | 07
#1178-d188 @A: 30 12 02 33 | 10
#1179-d188 @A: 02 15 25 24 | 01
#1180-d188 @A: 33 24 03 02 | 05
#1181-d188 @A: 09 02 05 16 | 08
#1182-d188 @A: 02 06 08 13 | 06
#1183-d188 @A: 33 23 34 02 | 12
#1184-d188 @A: 02 20 31 33 | 04
#1185-d188 @A: 25 22 04 30 | 11
#1186-d188 @A: 13 22 27 04 | 09
#1187-d188 @A: 29 32 28 04 | 03
#1188-d188 @A: 11 04 29 06 | 02
#1189-d188 @A: 08 05 04 29 | 07
#1190-d188 @A: 04 07 08 23 | 10
#1191-d188 @A: 04 25 17 08 | 01
#1192-d188 @A: 01 35 04 10 | 05
#1193-d188 @A: 10 13 04 34 | 08
#1194-d188 @A: 04 12 13 25 | 06
#1195-d188 @A: 10 20 22 30 | 12
#1196-d188 @A: 05 22 24 11 | 04
#1197-d188 @A: 22 25 20 09 | 11
#1198-d188 @A: 34 22 13 05 | 09
#1199-d188 @A: 22 08 12 25 | 03
#1200-d188 @A: 19 07 03 22 | 02
#1201-d188 @A: 22 10 16 03 | 07
#1202-d188 @A: 07 01 28 22 | 10
#1203-d188 @A: 29 06 34 30 | 01
#1204-d188 @A: 30 29 05 16 | 05
#1205-d188 @A: 29 27 15 25 | 08
#1206-d188 @A: 29 27 35 21 | 06
#1207-d188 @A: 20 33 34 29 | 12
#1208-d188 @A: 34 01 29 28 | 04
#1209-d188 @A: 25 09 30 24 | 11
#1210-d188 @A: 30 20 09 01 | 09
#1211-d188 @A: 05 19 32 30 | 03
#1212-d188 @A: 31 08 30 27 | 02
#1213-d188 @A: 28 16 11 30 | 07
#1214-d188 @A: 30 13 21 34 | 10
#1215-d188 @A: 28 21 30 07 | 01
#1216-d188 @A: 30 25 17 31 | 05
#1217-d188 @A: 03 25 30 10 | 08
#1218-d188 @A: 17 10 28 30 | 06
#1219-d188 @A: 24 15 32 09 | 12
#1220-d188 @A: 24 31 09 06 | 04
#1221-d188 @A: 23 09 24 16 | 11
#1222-d188 @A: 19 24 05 09 | 09
#1223-d188 @A: 27 24 11 07 | 03
#1224-d188 @A: 24 07 33 06 | 02
#1225-d188 @A: 06 24 21 10 | 07
#1226-d188 @A: 33 17 24 15 | 10
#1227-d188 @A: 20 35 24 07 | 01
#1228-d188 @A: 10 08 24 16 | 05
#1229-d188 @A: 17 05 35 09 | 08
#1230-d188 @A: 08 10 07 09 | 06
#1231-d188 @A: 35 07 19 09 | 12
#1232-d188 @A: 17 19 12 09 | 04
#1233-d188 @A: 32 15 20 07 | 11
#1234-d188 @A: 07 12 32 21 | 09
#1235-d188 @A: 27 34 19 21 | 03
#1236-d188 @A: 11 34 28 27 | 02
#1237-d188 @A: 11 27 21 10 | 07
#1238-d188 @A: 17 27 34 35 | 10
#1239-d188 @A: 03 15 06 13 | 01
#1240-d188 @A: 19 28 06 08 | 05
#1241-d188 @A: 07 08 31 06 | 08
#1242-d188 @A: 35 06 03 34 | 06
#1243-d188 @A: 10 15 23 31 | 12
#1244-d188 @A: 12 15 28 17 | 04
#1245-d188 @A: 11 23 07 17 | 11
#1246-d188 @A: 17 23 01 31 | 09
#1247-d188 @A: 28 20 16 12 | 03
#1248-d188 @A: 17 01 20 34 | 02
#1249-d188 @A: 31 07 13 20 | 07
#1250-d188 @A: 08 07 11 33 | 10
#1251-d188 @A: 11 03 19 33 | 01
#1252-d188 @A: 19 01 34 33 | 05
#1253-d188 @A: 12 11 33 28 | 08
#1254-d188 @A: 25 33 10 01 | 06
#1255-d188 @A: 28 10 13 33 | 12
#1256-d188 @A: 03 08 05 13 | 04
#1257-d188 @A: 01 21 35 05 | 11
#1258-d188 @A: 25 01 03 05 | 09
#1259-d188 @A: 05 31 12 17 | 03
#1260-d188 @A: 05 17 10 21 | 02
#1261-d188 @A: 25 13 11 35 | 07
#1262-d188 @A: 10 18 13 14 | 10
#1263-d188 @A: 19 04 18 32 | 01
#1264-d188 @A: 03 24 32 18 | 05
#1265-d188 @A: 18 01 24 35 | 08
#1266-d188 @A: 15 32 25 18 | 06
#1267-d188 @A: 06 03 18 27 | 12
#1268-d188 @A: 05 25 18 27 | 04
#1269-d188 @A: 10 34 27 18 | 11
#1270-d188 @A: 03 18 20 15 | 09
#1271-d188 @A: 18 31 12 20 | 03
#1272-d188 @A: 21 19 18 25 | 02
#1273-d188 @A: 25 18 11 31 | 07
#1274-d188 @A: 14 26 15 34 | 10
#1275-d188 @A: 26 22 02 06 | 01
#1276-d188 @A: 35 02 25 26 | 05
#1277-d188 @A: 04 26 12 22 | 08
#1278-d188 @A: 04 21 13 26 | 06
#1279-d188 @A: 29 26 07 22 | 12
#1280-d188 @A: 22 26 03 32 | 04
#1281-d188 @A: 22 31 26 33 | 11
#1282-d188 @A: 13 26 22 33 | 09
#1283-d188 @A: 10 30 26 32 | 03
#1284-d188 @A: 26 21 31 24 | 02
#1285-d188 @A: 17 26 06 33 | 07
#1286-d188 @A: 01 26 23 05 | 10
#1287-d188 @A: 01 28 26 21 | 01
#1288-d188 @A: 21 07 10 26 | 05
#1289-d188 @A: 14 22 02 17 | 08
#1290-d188 @A: 14 02 11 16 | 06
#1291-d188 @A: 10 14 08 04 | 12
#1292-d188 @A: 24 14 19 29 | 04
#1293-d188 @A: 14 19 13 29 | 11
#1294-d188 @A: 15 14 16 09 | 09
#1295-d188 @A: 19 33 14 06 | 03
#1296-d188 @A: 16 14 33 31 | 02
#1297-d188 @A: 11 25 14 19 | 07
#1298-d188 @A: 11 03 14 07 | 10
#1299-d188 @A: 25 14 35 34 | 01
#1300-d188 @A: 07 12 10 14 | 05
#1301-d188 @A: 35 31 14 03 | 08
#1302-d188 @A: 06 01 02 04 | 06
#1303-d188 @A: 02 25 04 33 | 12
#1304-d188 @A: 24 21 22 02 | 04
#1305-d188 @A: 07 02 22 15 | 11
#1306-d188 @A: 02 01 30 32 | 09
#1307-d188 @A: 05 20 02 25 | 03
#1308-d188 @A: 19 10 08 02 | 02
#1309-d188 @A: 03 02 07 16 | 07
#1310-d188 @A: 35 28 02 16 | 10
#1311-d188 @A: 29 04 21 22 | 01
#1312-d188 @A: 04 22 15 10 | 05
#1313-d188 @A: 05 22 31 04 | 08
#1314-d188 @A: 17 29 04 20 | 06
#1315-d188 @A: 30 04 13 11 | 12
#1316-d188 @A: 12 04 09 32 | 04
#1317-d188 @A: 04 27 09 03 | 11
#1318-d188 @A: 25 27 04 32 | 09
#1319-d188 @A: 27 04 31 07 | 03
#1320-d188 @A: 10 07 06 04 | 02
#1321-d188 @A: 04 28 05 01 | 07
#1322-d188 @A: 29 15 22 17 | 10
#1323-d188 @A: 23 30 11 22 | 01
#1324-d188 @A: 10 22 13 24 | 05
#1325-d188 @A: 07 27 22 09 | 08
#1326-d188 @A: 06 01 15 22 | 06
#1327-d188 @A: 22 19 05 06 | 12
#1328-d188 @A: 31 16 19 22 | 04
#1329-d188 @A: 35 19 11 22 | 11
#1330-d188 @A: 22 01 19 25 | 09
#1331-d188 @A: 22 17 21 01 | 03
#1332-d188 @A: 22 31 35 21 | 02
#1333-d188 @A: 31 25 28 22 | 07
#1334-d188 @A: 30 35 29 20 | 10
#1335-d188 @A: 03 29 13 30 | 01
#1336-d188 @A: 29 10 28 24 | 05
#1337-d188 @A: 09 07 29 06 | 08
#1338-d188 @A: 33 10 06 29 | 06
#1339-d188 @A: 17 29 13 33 | 12
#1340-d188 @A: 29 17 25 16 | 04
#1341-d188 @A: 03 01 29 35 | 11
#1342-d188 @A: 30 13 12 09 | 09
#1343-d188 @A: 32 27 11 30 | 03
#1344-d188 @A: 30 20 13 19 | 02
#1345-d188 @A: 16 03 30 08 | 07
#1346-d188 @A: 30 11 12 03 | 10
#1347-d188 @A: 30 31 10 11 | 01
#1348-d188 @A: 13 32 24 12 | 05
#1349-d188 @A: 27 31 33 24 | 08
#1350-d188 @A: 03 24 15 11 | 06
#1351-d188 @A: 25 05 12 24 | 12
#1352-d188 @A: 01 17 08 24 | 04
#1353-d188 @A: 24 16 11 25 | 11
#1354-d188 @A: 24 31 16 12 | 09
#1355-d188 @A: 24 34 21 07 | 03
#1356-d188 @A: 27 32 21 09 | 02
#1357-d188 @A: 09 34 20 32 | 07
#1358-d188 @A: 21 07 23 09 | 10
#1359-d188 @A: 09 33 17 16 | 01
#1360-d188 @A: 09 16 08 19 | 05
#1361-d188 @A: 13 34 16 09 | 08
#1362-d188 @A: 34 03 09 11 | 06
#1363-d188 @A: 09 13 25 01 | 12
#1364-d188 @A: 08 32 06 33 | 04
#1365-d188 @A: 06 34 32 16 | 11
#1366-d188 @A: 34 23 32 05 | 09
#1367-d188 @A: 32 08 16 35 | 03
#1368-d188 @A: 12 32 31 08 | 02
#1369-d188 @A: 07 34 19 32 | 07
#1370-d188 @A: 12 32 28 01 | 10
#1371-d188 @A: 27 11 06 33 | 01
#1372-d188 @A: 13 05 07 27 | 05
#1373-d188 @A: 27 01 19 16 | 08
#1374-d188 @A: 16 25 27 31 | 06
#1375-d188 @A: 28 03 27 01 | 12
#1376-d188 @A: 12 07 34 27 | 04
#1377-d188 @A: 21 17 15 06 | 11
#1378-d188 @A: 13 19 23 06 | 09
#1379-d188 @A: 13 06 11 33 | 03
#1380-d188 @A: 10 31 16 06 | 02
#1381-d188 @A: 06 25 28 12 | 07
#1382-d188 @A: 23 05 15 33 | 10
#1383-d188 @A: 23 15 13 07 | 01
#1384-d188 @A: 35 15 12 20 | 05
#1385-d188 @A: 08 17 15 03 | 08
#1386-d188 @A: 15 13 16 01 | 06
#1387-d188 @A: 19 23 08 11 | 12
#1388-d188 @A: 19 31 23 12 | 04
#1389-d188 @A: 11 12 23 21 | 11
#1390-d188 @A: 03 21 33 20 | 09
#1391-d188 @A: 16 13 07 20 | 03
#1392-d188 @A: 20 21 11 01 | 02
#1393-d188 @A: 31 33 10 05 | 07
#1394-d188 @A: 01 08 33 16 | 10
#1395-d188 @A: 31 07 35 33 | 01
#1396-d188 @A: 33 03 13 12 | 05
#1397-d188 @A: 05 08 16 34 | 08
#1398-d188 @A: 31 05 19 11 | 06
#1399-d188 @A: 28 03 19 05 | 12
#1400-d188 @A: 05 17 34 28 | 04
#1401-d188 @A: 25 07 10 05 | 11
#1402-d188 @A: 35 16 08 13 | 09
#1403-d188 @A: 18 26 29 19 | 03
#1404-d188 @A: 26 25 09 18 | 02
#1405-d188 @A: 26 32 18 27 | 07
#1406-d188 @A: 15 18 08 02 | 10
#1407-d188 @A: 17 02 18 33 | 01
#1408-d188 @A: 10 30 18 04 | 05
#1409-d188 @A: 06 13 04 18 | 08
#1410-d188 @A: 22 05 18 21 | 06
#1411-d188 @A: 18 29 07 24 | 12
#1412-d188 @A: 03 29 09 18 | 04
#1413-d188 @A: 09 08 30 18 | 11
#1414-d188 @A: 31 30 34 18 | 09
#1415-d188 @A: 16 18 15 24 | 03
#1416-d188 @A: 17 20 09 18 | 02
#1417-d188 @A: 18 32 10 17 | 07
#1418-d188 @A: 27 23 18 31 | 10
#1419-d188 @A: 06 23 18 25 | 01
#1420-d188 @A: 20 35 33 18 | 05
#1421-d188 @A: 16 05 20 18 | 08
#1422-d188 @A: 08 18 03 12 | 06
#1423-d188 @A: 16 31 18 21 | 12
#1424-d188 @A: 25 34 12 18 | 04
#1425-d188 @A: 25 03 07 18 | 11
#1426-d188 @A: 26 02 08 14 | 09
#1427-d188 @A: 14 01 26 06 | 03
#1428-d188 @A: 10 04 26 02 | 02
#1429-d188 @A: 03 26 02 29 | 07
#1430-d188 @A: 33 28 02 26 | 10
#1431-d188 @A: 31 29 15 26 | 01
#1432-d188 @A: 17 30 26 15 | 05
#1433-d188 @A: 32 26 24 19 | 08
#1434-d188 @A: 09 31 26 05 | 06
#1435-d188 @A: 25 10 26 06 | 12
#1436-d188 @A: 15 25 26 33 | 04
#1437-d188 @A: 26 19 11 16 | 11
#1438-d188 @A: 35 26 17 07 | 09
#1439-d188 @A: 31 26 25 07 | 03
#1440-d188 @A: 28 35 26 12 | 02
#1441-d188 @A: 34 14 24 04 | 07
#1442-d188 @A: 04 27 14 12 | 10
#1443-d188 @A: 05 30 25 14 | 01
#1444-d188 @A: 08 07 30 14 | 05
#1445-d188 @A: 14 23 24 25 | 08
#1446-d188 @A: 03 32 15 14 | 06
#1447-d188 @A: 14 01 27 21 | 12
#1448-d188 @A: 15 06 14 31 | 04
#1449-d188 @A: 12 14 06 34 | 11
#1450-d188 @A: 28 33 14 20 | 09
#1451-d188 @A: 02 16 29 04 | 03
#1452-d188 @A: 29 34 02 09 | 02
#1453-d188 @A: 23 29 02 07 | 07
#1454-d188 @A: 19 02 21 30 | 10
#1455-d188 @A: 27 24 34 02 | 01
#1456-d188 @A: 23 03 32 02 | 05
#1457-d188 @A: 10 02 20 06 | 08
#1458-d188 @A: 33 02 06 21 | 06
#1459-d188 @A: 15 05 02 10 | 12
#1460-d188 @A: 17 02 19 15 | 04
#1461-d188 @A: 02 28 25 23 | 11
#1462-d188 @A: 13 21 02 33 | 09
#1463-d188 @A: 02 01 05 11 | 03
#1464-d188 @A: 02 19 07 01 | 02
#1465-d188 @A: 28 02 31 11 | 07
#1466-d188 @A: 21 10 12 02 | 10
#1467-d188 @A: 28 04 33 30 | 01
#1468-d188 @A: 06 04 25 24 | 05
#1469-d188 @A: 04 11 09 20 | 08
#1470-d188 @A: 04 32 17 15 | 06
#1471-d188 @A: 05 04 16 32 | 12
#1472-d188 @A: 15 27 04 20 | 04
#1473-d188 @A: 15 04 23 01 | 11
#1474-d188 @A: 33 04 03 23 | 09
#1475-d188 @A: 35 12 04 08 | 03
#1476-d188 @A: 12 01 04 19 | 02
#1477-d188 @A: 04 17 35 16 | 07
#1478-d188 @A: 04 21 34 17 | 10
#1479-d188 @A: 07 12 04 17 | 01
#1480-d188 @A: 24 22 17 09 | 05
#1481-d188 @A: 27 01 22 10 | 08
#1482-d188 @A: 22 15 28 20 | 06
#1483-d188 @A: 22 34 21 20 | 12
#1484-d188 @A: 03 12 34 22 | 04
#1485-d188 @A: 25 03 22 17 | 11
#1486-d188 @A: 06 29 19 23 | 09
#1487-d188 @A: 29 11 12 15 | 03
#1488-d188 @A: 23 33 17 29 | 02
#1489-d188 @A: 29 20 05 03 | 07
#1490-d188 @A: 29 07 34 05 | 10
#1491-d188 @A: 01 19 29 11 | 01
#1492-d188 @A: 31 29 07 16 | 05
#1493-d188 @A: 30 24 34 32 | 08
#1494-d188 @A: 19 01 30 24 | 06
#1495-d188 @A: 30 15 09 06 | 12
#1496-d188 @A: 08 20 32 30 | 04
#1497-d188 @A: 31 30 33 32 | 11
#1498-d188 @A: 30 20 06 03 | 09
#1499-d188 @A: 30 33 13 06 | 03
#1500-d188 @A: 19 20 31 30 | 02
#1501-d188 @A: 19 12 30 28 | 07
#1502-d188 @A: 24 28 21 09 | 10
#1503-d188 @A: 27 16 24 21 | 01
#1504-d188 @A: 17 05 24 13 | 05
#1505-d188 @A: 07 24 28 12 | 08
#1506-d188 @A: 35 24 21 12 | 06
#1507-d188 @A: 25 03 24 21 | 12
#1508-d188 @A: 33 32 09 13 | 04
#1509-d188 @A: 15 23 17 09 | 11
#1510-d188 @A: 07 28 20 09 | 09
#1511-d188 @A: 09 07 13 08 | 03
#1512-d188 @A: 03 01 19 09 | 02
#1513-d188 @A: 10 11 09 17 | 07
#1514-d188 @A: 27 15 32 31 | 10
#1515-d188 @A: 08 17 32 27 | 01
#1516-d188 @A: 32 19 23 16 | 05
#1517-d188 @A: 31 32 05 20 | 08
#1518-d188 @A: 11 32 17 34 | 06
#1519-d188 @A: 21 17 32 35 | 12
#1520-d188 @A: 31 21 32 28 | 04
#1521-d188 @A: 06 27 13 17 | 11
#1522-d188 @A: 03 27 34 31 | 09
#1523-d188 @A: 15 16 20 06 | 03
#1524-d188 @A: 01 06 10 08 | 02
#1525-d188 @A: 07 25 11 06 | 07
#1526-d188 @A: 15 20 23 08 | 10
#1527-d188 @A: 31 15 28 33 | 01
#1528-d188 @A: 19 11 15 28 | 05
#1529-d188 @A: 12 15 19 10 | 08
#1530-d188 @A: 20 05 23 07 | 06
#1531-d188 @A: 21 35 08 23 | 12
#1532-d188 @A: 19 20 08 25 | 04
#1533-d188 @A: 11 20 03 25 | 11
#1534-d188 @A: 35 25 01 20 | 09
#1535-d188 @A: 05 33 11 16 | 03
#1536-d188 @A: 08 28 34 33 | 02
#1537-d188 @A: 08 12 10 33 | 07
#1538-d188 @A: 33 19 28 17 | 10
#1539-d188 @A: 31 33 11 21 | 01
#1540-d188 @A: 01 12 35 33 | 05
#1541-d188 @A: 08 12 01 05 | 08
#1542-d188 @A: 11 12 05 34 | 06
#1543-d188 @A: 35 05 25 31 | 12
#1544-d188 @A: 07 01 35 13 | 04
#1545-d188 @A: 12 28 01 13 | 11
#1546-d188 @A: 13 17 21 07 | 09
#1547-d188 @A: 31 25 13 17 | 03
#1548-d188 @A: 15 26 18 01 | 02
#1549-d188 @A: 31 18 24 14 | 07
#1550-d188 @A: 18 30 02 16 | 10
#1551-d188 @A: 18 22 09 19 | 01
#1552-d188 @A: 32 31 18 35 | 05
#1553-d188 @A: 34 23 17 18 | 08
#1554-d188 @A: 18 20 12 13 | 06
#1555-d188 @A: 18 16 11 08 | 12
#1556-d188 @A: 18 10 16 25 | 04
#1557-d188 @A: 14 31 26 32 | 11
#1558-d188 @A: 17 26 14 27 | 09
#1559-d188 @A: 14 26 10 05 | 03
#1560-d188 @A: 02 26 20 30 | 02
#1561-d188 @A: 02 26 12 15 | 07
#1562-d188 @A: 34 13 26 02 | 10
#1563-d188 @A: 30 26 22 21 | 01
#1564-d188 @A: 26 29 08 09 | 05
#1565-d188 @A: 26 29 05 35 | 08
#1566-d188 @A: 31 26 30 06 | 06
#1567-d188 @A: 05 26 24 08 | 12
#1568-d188 @A: 21 15 26 32 | 04
#1569-d188 @A: 07 26 33 32 | 11
#1570-d188 @A: 05 12 32 26 | 09
#1571-d188 @A: 26 15 28 23 | 03
#1572-d188 @A: 12 11 26 17 | 02
#1573-d188 @A: 28 26 17 25 | 07
#1574-d188 @A: 02 10 32 14 | 10
#1575-d188 @A: 21 07 02 14 | 01
#1576-d188 @A: 14 04 16 23 | 05
#1577-d188 @A: 31 20 14 04 | 08
#1578-d188 @A: 11 05 14 04 | 06
#1579-d188 @A: 21 22 23 14 | 12
#1580-d188 @A: 14 30 27 20 | 04
#1581-d188 @A: 09 14 11 32 | 11
#1582-d188 @A: 09 03 14 05 | 09
#1583-d188 @A: 33 35 14 27 | 03
#1584-d188 @A: 06 23 10 14 | 02
#1585-d188 @A: 06 14 05 07 | 07
#1586-d188 @A: 08 35 14 15 | 10
#1587-d188 @A: 23 14 20 03 | 01
#1588-d188 @A: 23 14 28 34 | 05
#1589-d188 @A: 28 20 14 13 | 08
#1590-d188 @A: 16 21 14 03 | 06
#1591-d188 @A: 28 02 27 04 | 12
#1592-d188 @A: 02 22 33 35 | 04
#1593-d188 @A: 23 24 02 01 | 11
#1594-d188 @A: 24 05 35 02 | 09
#1595-d188 @A: 17 02 32 05 | 03
#1596-d188 @A: 06 27 02 16 | 02
#1597-d188 @A: 02 21 23 27 | 07
#1598-d188 @A: 13 17 15 02 | 10
#1599-d188 @A: 01 02 08 03 | 01
#1600-d188 @A: 02 19 11 13 | 05
#1601-d188 @A: 03 10 02 17 | 08
#1602-d188 @A: 04 09 22 16 | 06
#1603-d188 @A: 22 04 23 27 | 12
#1604-d188 @A: 04 07 32 24 | 04
#1605-d188 @A: 04 24 23 31 | 11
#1606-d188 @A: 03 13 04 32 | 09
#1607-d188 @A: 20 19 06 04 | 03
#1608-d188 @A: 15 04 12 21 | 02
#1609-d188 @A: 05 04 01 13 | 07
#1610-d188 @A: 28 08 16 04 | 10
#1611-d188 @A: 04 10 34 19 | 01
#1612-d188 @A: 04 17 19 03 | 05
#1613-d188 @A: 31 16 01 04 | 08
#1614-d188 @A: 16 07 21 04 | 06
#1615-d188 @A: 11 04 17 28 | 12
#1616-d188 @A: 25 04 10 28 | 04
#1617-d188 @A: 08 29 22 35 | 11
#1618-d188 @A: 16 24 22 30 | 09
#1619-d188 @A: 22 30 34 15 | 03
#1620-d188 @A: 22 20 24 32 | 02
#1621-d188 @A: 22 24 33 28 | 07
#1622-d188 @A: 22 10 32 08 | 10
#1623-d188 @A: 12 20 22 27 | 01
#1624-d188 @A: 16 21 13 22 | 05
#1625-d188 @A: 22 34 01 11 | 08
#1626-d188 @A: 01 22 12 31 | 06
#1627-d188 @A: 22 34 31 10 | 12
#1628-d188 @A: 31 07 22 17 | 04
#1629-d188 @A: 08 24 23 29 | 11
#1630-d188 @A: 09 33 21 29 | 09
#1631-d188 @A: 06 32 01 29 | 03
#1632-d188 @A: 32 13 01 29 | 02
#1633-d188 @A: 27 34 23 29 | 07
#1634-d188 @A: 29 06 20 28 | 10
#1635-d188 @A: 13 29 34 11 | 01
#1636-d188 @A: 10 29 35 34 | 05
#1637-d188 @A: 03 17 29 28 | 08
#1638-d188 @A: 27 34 30 09 | 06
#1639-d188 @A: 32 21 06 30 | 12
#1640-d188 @A: 25 23 32 30 | 04
#1641-d188 @A: 30 15 16 27 | 11
#1642-d188 @A: 20 21 30 15 | 09
#1643-d188 @A: 23 20 17 30 | 03
#1644-d188 @A: 01 34 30 23 | 02
#1645-d188 @A: 34 30 07 10 | 07
#1646-d188 @A: 07 30 03 35 | 10
#1647-d188 @A: 34 25 24 33 | 01
#1648-d188 @A: 07 16 24 17 | 05
#1649-d188 @A: 34 03 24 01 | 08
#1650-d188 @A: 05 32 09 25 | 06
#1651-d188 @A: 28 06 23 09 | 12
#1652-d188 @A: 09 06 01 05 | 04
#1653-d188 @A: 20 23 31 09 | 11
#1654-d188 @A: 13 09 10 05 | 09
#1655-d188 @A: 10 21 16 09 | 03
#1656-d188 @A: 12 01 07 09 | 02
#1657-d188 @A: 07 23 06 32 | 07
#1658-d188 @A: 32 11 15 23 | 10
#1659-d188 @A: 28 25 20 32 | 01
#1660-d188 @A: 05 23 16 27 | 05
#1661-d188 @A: 27 20 16 35 | 08
#1662-d188 @A: 28 19 27 35 | 06
#1663-d188 @A: 27 03 17 16 | 12
#1664-d188 @A: 15 06 33 03 | 04
#1665-d188 @A: 06 08 16 23 | 11
#1666-d188 @A: 21 06 11 08 | 09
#1667-d188 @A: 35 11 06 16 | 03
#1668-d188 @A: 35 07 21 06 | 02
#1669-d188 @A: 19 15 20 33 | 07
#1670-d188 @A: 15 01 05 20 | 10
#1671-d188 @A: 15 25 08 31 | 01
#1672-d188 @A: 15 25 12 16 | 05
#1673-d188 @A: 28 25 15 34 | 08
#1674-d188 @A: 28 03 21 15 | 06
#1675-d188 @A: 11 28 23 03 | 12
#1676-d188 @A: 23 21 01 03 | 04
#1677-d188 @A: 23 17 28 35 | 11
#1678-d188 @A: 17 12 08 20 | 09
#1679-d188 @A: 07 21 19 20 | 03
#1680-d188 @A: 11 20 34 16 | 02
#1681-d188 @A: 08 19 13 33 | 07
#1682-d188 @A: 19 10 33 21 | 10
#1683-d188 @A: 33 28 10 03 | 01
#1684-d188 @A: 07 05 28 11 | 05
#1685-d188 @A: 05 21 25 11 | 08
#1686-d188 @A: 08 13 10 01 | 06
#1687-d188 @A: 13 10 08 17 | 12
#1688-d188 @A: 16 13 11 03 | 04
#1689-d188 @A: 16 10 31 13 | 11
