#0001-d227 @A: 19 11 24 08 | 02
#0002-d227 @A: 25 35 24 19 | 11
#0003-d227 @A: 11 02 12 24 | 12
#0004-d227 @A: 09 24 12 21 | 08
#0005-d227 @A: 24 27 15 08 | 03
#0006-d227 @A: 35 21 08 24 | 01
#0007-d227 @A: 24 14 02 18 | 07
#0008-d227 @A: 27 25 24 21 | 09
#0009-d227 @A: 06 24 11 27 | 10
#0010-d227 @A: 34 21 24 23 | 04
#0011-d227 @A: 33 21 01 24 | 06
#0012-d227 @A: 06 24 31 07 | 05
#0013-d227 @A: 06 29 30 24 | 02
#0014-d227 @A: 24 25 30 16 | 11
#0015-d227 @A: 28 24 21 10 | 12
#0016-d227 @A: 24 26 20 04 | 08
#0017-d227 @A: 19 18 03 05 | 03
#0018-d227 @A: 19 28 05 17 | 01
#0019-d227 @A: 19 02 12 14 | 07
#0020-d227 @A: 19 21 12 32 | 09
#0021-d227 @A: 25 22 12 19 | 10
#0022-d227 @A: 07 19 08 31 | 04
#0023-d227 @A: 19 14 07 28 | 06
#0024-d227 @A: 19 29 27 31 | 05
#0025-d227 @A: 34 33 19 04 | 02
#0026-d227 @A: 28 20 33 19 | 11
#0027-d227 @A: 15 02 19 35 | 12
#0028-d227 @A: 21 22 35 19 | 08
#0029-d227 @A: 29 19 15 01 | 03
#0030-d227 @A: 10 01 19 16 | 01
#0031-d227 @A: 08 32 30 05 | 07
#0032-d227 @A: 18 05 04 08 | 09
#0033-d227 @A: 14 27 05 01 | 10
#0034-d227 @A: 05 11 14 34 | 04
#0035-d227 @A: 05 34 14 22 | 06
#0036-d227 @A: 32 05 07 14 | 05
#0037-d227 @A: 21 23 05 14 | 02
#0038-d227 @A: 05 27 31 06 | 11
#0039-d227 @A: 05 29 07 17 | 12
#0040-d227 @A: 02 11 05 21 | 08
#0041-d227 @A: 05 16 29 10 | 03
#0042-d227 @A: 11 01 05 17 | 01
#0043-d227 @A: 32 20 05 28 | 07
#0044-d227 @A: 27 01 12 08 | 09
#0045-d227 @A: 29 12 17 08 | 10
#0046-d227 @A: 23 08 18 12 | 04
#0047-d227 @A: 17 12 09 27 | 06
#0048-d227 @A: 33 12 18 06 | 05
#0049-d227 @A: 28 03 13 12 | 02
#0050-d227 @A: 12 21 13 07 | 11
#0051-d227 @A: 02 04 12 32 | 12
#0052-d227 @A: 06 12 16 21 | 08
#0053-d227 @A: 17 25 12 15 | 03
#0054-d227 @A: 15 12 29 13 | 01
#0055-d227 @A: 01 29 12 23 | 07
#0056-d227 @A: 12 32 35 23 | 09
#0057-d227 @A: 16 12 28 20 | 10
#0058-d227 @A: 26 12 16 32 | 04
#0059-d227 @A: 08 22 30 14 | 06
#0060-d227 @A: 02 20 14 08 | 05
#0061-d227 @A: 07 27 13 08 | 02
#0062-d227 @A: 07 04 08 33 | 11
#0063-d227 @A: 08 11 21 03 | 12
#0064-d227 @A: 06 03 17 08 | 08
#0065-d227 @A: 18 08 02 30 | 03
#0066-d227 @A: 08 30 21 10 | 01
#0067-d227 @A: 30 06 16 08 | 07
#0068-d227 @A: 22 17 08 18 | 09
#0069-d227 @A: 14 06 16 27 | 10
#0070-d227 @A: 06 31 34 14 | 04
#0071-d227 @A: 03 14 18 21 | 06
#0072-d227 @A: 35 09 14 03 | 05
#0073-d227 @A: 17 01 14 02 | 02
#0074-d227 @A: 18 35 14 23 | 11
#0075-d227 @A: 16 35 14 29 | 12
#0076-d227 @A: 32 31 11 14 | 08
#0077-d227 @A: 31 09 34 27 | 03
#0078-d227 @A: 33 27 02 28 | 01
#0079-d227 @A: 31 33 11 27 | 07
#0080-d227 @A: 27 16 33 13 | 09
#0081-d227 @A: 03 27 18 07 | 10
#0082-d227 @A: 27 32 15 07 | 04
#0083-d227 @A: 23 06 30 27 | 06
#0084-d227 @A: 21 27 17 18 | 05
#0085-d227 @A: 29 22 27 01 | 02
#0086-d227 @A: 16 35 27 04 | 11
#0087-d227 @A: 04 29 32 27 | 12
#0088-d227 @A: 32 27 26 28 | 08
#0089-d227 @A: 11 22 13 27 | 03
#0090-d227 @A: 34 02 20 33 | 01
#0091-d227 @A: 33 11 06 34 | 07
#0092-d227 @A: 03 32 22 34 | 09
#0093-d227 @A: 11 09 30 34 | 10
#0094-d227 @A: 02 09 34 32 | 04
#0095-d227 @A: 16 01 23 34 | 06
#0096-d227 @A: 32 25 34 20 | 05
#0097-d227 @A: 04 26 34 13 | 02
#0098-d227 @A: 34 18 22 13 | 11
#0099-d227 @A: 15 03 33 01 | 12
#0100-d227 @A: 33 07 31 01 | 08
#0101-d227 @A: 31 20 09 33 | 03
#0102-d227 @A: 33 29 26 28 | 01
#0103-d227 @A: 26 07 03 30 | 07
#0104-d227 @A: 21 03 30 31 | 09
#0105-d227 @A: 30 35 03 15 | 10
#0106-d227 @A: 02 09 10 03 | 04
#0107-d227 @A: 06 03 21 25 | 06
#0108-d227 @A: 28 23 31 03 | 05
#0109-d227 @A: 25 03 04 11 | 02
#0110-d227 @A: 18 03 25 32 | 11
#0111-d227 @A: 20 03 25 29 | 12
#0112-d227 @A: 07 09 02 17 | 08
#0113-d227 @A: 02 07 22 04 | 03
#0114-d227 @A: 07 10 31 15 | 01
#0115-d227 @A: 26 07 23 35 | 07
#0116-d227 @A: 20 25 07 35 | 09
#0117-d227 @A: 35 32 07 18 | 10
#0118-d227 @A: 21 20 06 30 | 04
#0119-d227 @A: 32 29 30 17 | 06
#0120-d227 @A: 31 01 30 23 | 05
#0121-d227 @A: 22 30 28 18 | 02
#0122-d227 @A: 17 02 21 28 | 11
#0123-d227 @A: 25 09 20 02 | 12
#0124-d227 @A: 21 10 31 06 | 08
#0125-d227 @A: 09 31 23 21 | 03
#0126-d227 @A: 26 29 16 21 | 01
#0127-d227 @A: 17 10 15 01 | 07
#0128-d227 @A: 22 15 26 23 | 09
#0129-d227 @A: 15 20 31 22 | 10
#0130-d227 @A: 20 09 10 32 | 04
#0131-d227 @A: 26 35 10 31 | 06
#0132-d227 @A: 04 29 10 25 | 05
#0133-d227 @A: 18 26 13 10 | 02
#0134-d227 @A: 11 16 10 26 | 11
#0135-d227 @A: 09 17 31 01 | 12
#0136-d227 @A: 11 28 31 17 | 08
#0137-d227 @A: 18 11 17 04 | 03
#0138-d227 @A: 16 13 06 09 | 01
#0139-d227 @A: 31 06 01 04 | 07
#0140-d227 @A: 18 06 28 01 | 09
#0141-d227 @A: 13 04 06 35 | 10
#0142-d227 @A: 16 22 31 09 | 04
#0143-d227 @A: 13 23 04 22 | 06
#0144-d227 @A: 12 19 24 04 | 05
#0145-d227 @A: 14 19 33 24 | 02
#0146-d227 @A: 30 07 19 24 | 11
#0147-d227 @A: 23 19 24 22 | 12
#0148-d227 @A: 02 05 07 24 | 08
#0149-d227 @A: 13 06 24 05 | 03
#0150-d227 @A: 12 24 31 14 | 01
#0151-d227 @A: 29 12 22 24 | 07
#0152-d227 @A: 24 08 06 32 | 09
#0153-d227 @A: 18 25 24 08 | 10
#0154-d227 @A: 14 24 10 27 | 04
#0155-d227 @A: 27 24 30 22 | 06
#0156-d227 @A: 18 24 27 01 | 05
#0157-d227 @A: 33 23 24 02 | 02
#0158-d227 @A: 03 16 24 21 | 11
#0159-d227 @A: 10 20 24 03 | 12
#0160-d227 @A: 30 21 24 13 | 08
#0161-d227 @A: 02 04 21 24 | 03
#0162-d227 @A: 24 13 31 09 | 01
#0163-d227 @A: 11 24 01 26 | 07
#0164-d227 @A: 19 05 14 29 | 09
#0165-d227 @A: 34 19 35 05 | 10
#0166-d227 @A: 23 03 19 12 | 04
#0167-d227 @A: 06 01 19 14 | 06
#0168-d227 @A: 22 19 27 09 | 05
#0169-d227 @A: 19 16 07 34 | 02
#0170-d227 @A: 19 15 34 23 | 11
#0171-d227 @A: 28 19 31 34 | 12
#0172-d227 @A: 19 03 22 11 | 08
#0173-d227 @A: 15 22 16 19 | 03
#0174-d227 @A: 26 18 19 01 | 01
#0175-d227 @A: 32 11 19 16 | 07
#0176-d227 @A: 23 33 05 27 | 09
#0177-d227 @A: 15 34 05 21 | 10
#0178-d227 @A: 05 04 34 09 | 04
#0179-d227 @A: 33 05 31 17 | 06
#0180-d227 @A: 23 05 31 07 | 05
#0181-d227 @A: 13 10 22 05 | 02
#0182-d227 @A: 01 20 05 06 | 11
#0183-d227 @A: 12 08 31 02 | 12
#0184-d227 @A: 28 14 10 12 | 08
#0185-d227 @A: 20 27 12 32 | 03
#0186-d227 @A: 07 12 18 30 | 01
#0187-d227 @A: 23 07 17 12 | 07
#0188-d227 @A: 09 12 02 06 | 09
#0189-d227 @A: 28 09 31 12 | 10
#0190-d227 @A: 25 13 32 12 | 04
#0191-d227 @A: 12 18 11 16 | 06
#0192-d227 @A: 14 08 10 09 | 05
#0193-d227 @A: 31 08 27 30 | 02
#0194-d227 @A: 08 02 32 17 | 11
#0195-d227 @A: 01 28 02 08 | 12
#0196-d227 @A: 08 11 01 31 | 08
#0197-d227 @A: 26 04 01 08 | 03
#0198-d227 @A: 08 18 20 01 | 01
#0199-d227 @A: 28 11 29 08 | 07
#0200-d227 @A: 28 32 13 08 | 09
#0201-d227 @A: 28 16 08 26 | 10
#0202-d227 @A: 33 14 22 27 | 04
#0203-d227 @A: 02 27 14 29 | 06
#0204-d227 @A: 13 27 32 14 | 05
#0205-d227 @A: 33 14 15 04 | 02
#0206-d227 @A: 22 03 14 23 | 11
#0207-d227 @A: 14 21 26 30 | 12
#0208-d227 @A: 06 14 28 21 | 08
#0209-d227 @A: 18 14 15 22 | 03
#0210-d227 @A: 06 10 14 17 | 01
#0211-d227 @A: 31 10 14 01 | 07
#0212-d227 @A: 17 04 14 25 | 09
#0213-d227 @A: 14 23 31 29 | 10
#0214-d227 @A: 22 26 14 01 | 04
#0215-d227 @A: 11 16 14 25 | 06
#0216-d227 @A: 34 13 27 30 | 05
#0217-d227 @A: 27 17 33 01 | 02
#0218-d227 @A: 27 35 33 18 | 11
#0219-d227 @A: 27 31 02 07 | 12
#0220-d227 @A: 07 16 01 27 | 08
#0221-d227 @A: 01 09 30 27 | 03
#0222-d227 @A: 02 13 10 27 | 01
#0223-d227 @A: 21 06 27 26 | 07
#0224-d227 @A: 01 23 13 27 | 09
#0225-d227 @A: 18 27 25 16 | 10
#0226-d227 @A: 26 34 02 07 | 04
#0227-d227 @A: 34 21 07 32 | 06
#0228-d227 @A: 21 30 34 01 | 05
#0229-d227 @A: 32 15 34 30 | 02
#0230-d227 @A: 02 13 18 34 | 11
#0231-d227 @A: 21 16 17 34 | 12
#0232-d227 @A: 34 10 23 11 | 08
#0233-d227 @A: 18 34 35 31 | 03
#0234-d227 @A: 35 16 34 11 | 01
#0235-d227 @A: 07 33 03 21 | 07
#0236-d227 @A: 13 33 35 07 | 09
#0237-d227 @A: 15 33 21 25 | 10
#0238-d227 @A: 21 10 11 33 | 04
#0239-d227 @A: 33 17 25 29 | 06
#0240-d227 @A: 33 29 23 04 | 05
#0241-d227 @A: 33 18 23 11 | 02
#0242-d227 @A: 33 32 35 31 | 11
#0243-d227 @A: 33 32 26 18 | 12
#0244-d227 @A: 22 33 26 29 | 08
#0245-d227 @A: 10 07 03 25 | 03
#0246-d227 @A: 31 06 03 02 | 01
#0247-d227 @A: 03 26 04 15 | 07
#0248-d227 @A: 06 03 22 16 | 09
#0249-d227 @A: 25 01 03 22 | 10
#0250-d227 @A: 03 01 04 29 | 04
#0251-d227 @A: 26 03 31 25 | 06
#0252-d227 @A: 21 07 17 31 | 05
#0253-d227 @A: 09 21 06 07 | 02
#0254-d227 @A: 01 07 23 15 | 11
#0255-d227 @A: 28 23 09 07 | 12
#0256-d227 @A: 07 09 32 11 | 08
#0257-d227 @A: 25 04 23 07 | 03
#0258-d227 @A: 23 07 32 29 | 01
#0259-d227 @A: 35 09 21 30 | 07
#0260-d227 @A: 20 23 30 35 | 09
#0261-d227 @A: 32 01 30 35 | 10
#0262-d227 @A: 20 25 30 18 | 04
#0263-d227 @A: 28 30 11 25 | 06
#0264-d227 @A: 13 30 29 26 | 05
#0265-d227 @A: 20 02 21 26 | 02
#0266-d227 @A: 02 23 31 26 | 11
#0267-d227 @A: 25 28 02 18 | 12
#0268-d227 @A: 26 28 11 02 | 08
#0269-d227 @A: 21 15 22 04 | 03
#0270-d227 @A: 23 04 11 21 | 01
#0271-d227 @A: 04 35 26 21 | 07
#0272-d227 @A: 06 35 16 15 | 09
#0273-d227 @A: 31 01 35 15 | 10
#0274-d227 @A: 10 17 22 25 | 04
#0275-d227 @A: 29 28 35 10 | 06
#0276-d227 @A: 28 10 04 32 | 05
#0277-d227 @A: 22 11 10 04 | 02
#0278-d227 @A: 25 31 17 23 | 11
#0279-d227 @A: 20 17 25 28 | 12
#0280-d227 @A: 29 04 13 17 | 08
#0281-d227 @A: 16 17 04 20 | 03
#0282-d227 @A: 28 22 32 17 | 01
#0283-d227 @A: 13 28 17 16 | 07
#0284-d227 @A: 35 06 29 26 | 09
#0285-d227 @A: 31 26 18 06 | 10
#0286-d227 @A: 35 22 32 09 | 04
#0287-d227 @A: 11 28 22 23 | 06
#0288-d227 @A: 14 16 15 24 | 05
#0289-d227 @A: 24 17 33 06 | 02
#0290-d227 @A: 10 26 07 24 | 11
#0291-d227 @A: 07 35 24 17 | 12
#0292-d227 @A: 24 01 07 13 | 08
#0293-d227 @A: 01 35 24 09 | 03
#0294-d227 @A: 28 32 09 24 | 01
#0295-d227 @A: 25 28 26 24 | 07
#0296-d227 @A: 04 28 29 24 | 09
#0297-d227 @A: 23 19 08 05 | 10
#0298-d227 @A: 19 04 15 05 | 04
#0299-d227 @A: 19 12 33 35 | 06
#0300-d227 @A: 02 01 27 19 | 05
#0301-d227 @A: 07 19 20 03 | 02
#0302-d227 @A: 21 07 26 19 | 11
#0303-d227 @A: 17 04 07 19 | 12
#0304-d227 @A: 19 30 04 21 | 08
#0305-d227 @A: 30 15 28 19 | 03
#0306-d227 @A: 06 17 30 19 | 01
#0307-d227 @A: 23 32 19 30 | 07
#0308-d227 @A: 10 19 22 29 | 09
#0309-d227 @A: 20 11 10 19 | 10
#0310-d227 @A: 09 35 16 19 | 04
#0311-d227 @A: 13 28 09 19 | 06
#0312-d227 @A: 13 04 19 01 | 05
#0313-d227 @A: 26 08 05 07 | 02
#0314-d227 @A: 17 20 05 08 | 11
#0315-d227 @A: 30 14 05 02 | 12
#0316-d227 @A: 30 05 35 27 | 08
#0317-d227 @A: 20 27 02 05 | 03
#0318-d227 @A: 30 05 11 03 | 01
#0319-d227 @A: 15 05 20 07 | 07
#0320-d227 @A: 05 30 23 15 | 09
#0321-d227 @A: 31 26 05 30 | 10
#0322-d227 @A: 28 15 05 10 | 04
#0323-d227 @A: 29 11 32 05 | 06
#0324-d227 @A: 12 08 33 20 | 05
#0325-d227 @A: 15 22 12 08 | 02
#0326-d227 @A: 12 06 08 04 | 11
#0327-d227 @A: 14 12 26 33 | 12
#0328-d227 @A: 30 12 16 27 | 08
#0329-d227 @A: 35 12 34 02 | 03
#0330-d227 @A: 06 12 34 28 | 01
#0331-d227 @A: 28 12 15 07 | 07
#0332-d227 @A: 15 26 30 12 | 09
#0333-d227 @A: 12 30 04 17 | 10
#0334-d227 @A: 12 06 29 10 | 04
#0335-d227 @A: 01 12 09 32 | 06
#0336-d227 @A: 35 12 20 18 | 05
#0337-d227 @A: 34 29 14 08 | 02
#0338-d227 @A: 23 08 27 03 | 11
#0339-d227 @A: 08 22 33 11 | 12
#0340-d227 @A: 26 08 17 30 | 08
#0341-d227 @A: 21 31 15 08 | 03
#0342-d227 @A: 08 15 06 26 | 01
#0343-d227 @A: 17 31 08 35 | 07
#0344-d227 @A: 25 13 08 04 | 09
#0345-d227 @A: 08 20 26 25 | 10
#0346-d227 @A: 16 22 08 25 | 04
#0347-d227 @A: 08 22 13 20 | 06
#0348-d227 @A: 14 23 34 27 | 05
#0349-d227 @A: 30 14 27 07 | 02
#0350-d227 @A: 15 27 14 28 | 11
#0351-d227 @A: 33 06 14 35 | 12
#0352-d227 @A: 33 11 14 28 | 08
#0353-d227 @A: 14 29 03 10 | 03
#0354-d227 @A: 26 07 14 17 | 01
#0355-d227 @A: 35 30 14 11 | 07
#0356-d227 @A: 28 14 35 02 | 09
#0357-d227 @A: 21 10 14 22 | 10
#0358-d227 @A: 14 22 29 09 | 04
#0359-d227 @A: 04 14 35 32 | 06
#0360-d227 @A: 14 11 04 20 | 05
#0361-d227 @A: 28 20 14 29 | 02
#0362-d227 @A: 10 34 27 18 | 11
#0363-d227 @A: 10 27 03 01 | 12
#0364-d227 @A: 27 11 35 07 | 08
#0365-d227 @A: 02 17 16 27 | 03
#0366-d227 @A: 35 32 27 21 | 01
#0367-d227 @A: 26 04 09 27 | 07
#0368-d227 @A: 27 20 13 28 | 09
#0369-d227 @A: 23 34 33 31 | 10
#0370-d227 @A: 31 34 17 30 | 04
#0371-d227 @A: 10 02 34 28 | 06
#0372-d227 @A: 13 21 06 34 | 05
#0373-d227 @A: 31 04 21 34 | 02
#0374-d227 @A: 34 10 06 32 | 11
#0375-d227 @A: 35 25 23 34 | 12
#0376-d227 @A: 29 25 34 01 | 08
#0377-d227 @A: 34 11 13 31 | 03
#0378-d227 @A: 22 34 04 16 | 01
#0379-d227 @A: 33 03 11 02 | 07
#0380-d227 @A: 03 33 22 28 | 09
#0381-d227 @A: 32 01 11 33 | 10
#0382-d227 @A: 33 28 25 31 | 04
#0383-d227 @A: 18 16 28 33 | 06
#0384-d227 @A: 03 29 02 30 | 05
#0385-d227 @A: 03 21 32 09 | 02
#0386-d227 @A: 03 25 23 15 | 11
#0387-d227 @A: 16 06 03 10 | 12
#0388-d227 @A: 10 04 13 03 | 08
#0389-d227 @A: 10 03 22 18 | 03
#0390-d227 @A: 06 20 03 18 | 01
#0391-d227 @A: 23 20 03 32 | 07
#0392-d227 @A: 03 32 26 11 | 09
#0393-d227 @A: 15 30 07 16 | 10
#0394-d227 @A: 07 30 22 16 | 04
#0395-d227 @A: 02 10 07 32 | 06
#0396-d227 @A: 15 31 02 30 | 05
#0397-d227 @A: 30 15 21 18 | 02
#0398-d227 @A: 17 25 21 30 | 11
#0399-d227 @A: 17 15 30 09 | 12
#0400-d227 @A: 17 10 30 16 | 08
#0401-d227 @A: 22 30 25 29 | 03
#0402-d227 @A: 15 18 02 06 | 01
#0403-d227 @A: 31 02 09 16 | 07
#0404-d227 @A: 02 22 01 29 | 09
#0405-d227 @A: 04 02 25 31 | 10
#0406-d227 @A: 13 02 29 32 | 04
#0407-d227 @A: 10 21 09 15 | 06
#0408-d227 @A: 31 22 01 21 | 05
#0409-d227 @A: 21 25 20 04 | 02
#0410-d227 @A: 15 26 18 09 | 11
#0411-d227 @A: 15 31 18 23 | 12
#0412-d227 @A: 01 22 32 15 | 08
#0413-d227 @A: 04 15 31 29 | 03
#0414-d227 @A: 17 20 11 09 | 01
#0415-d227 @A: 01 28 17 29 | 07
#0416-d227 @A: 04 22 29 17 | 09
#0417-d227 @A: 32 20 26 17 | 10
#0418-d227 @A: 09 01 25 06 | 04
#0419-d227 @A: 04 06 20 09 | 06
#0420-d227 @A: 35 11 06 23 | 05
#0421-d227 @A: 28 35 22 13 | 02
#0422-d227 @A: 22 04 31 18 | 11
#0423-d227 @A: 09 24 05 15 | 12
#0424-d227 @A: 28 24 08 12 | 08
#0425-d227 @A: 20 17 24 12 | 03
#0426-d227 @A: 07 24 08 23 | 01
#0427-d227 @A: 24 14 29 17 | 07
#0428-d227 @A: 13 34 15 24 | 09
#0429-d227 @A: 34 24 25 11 | 10
#0430-d227 @A: 33 24 25 03 | 04
#0431-d227 @A: 20 24 07 16 | 06
#0432-d227 @A: 31 04 24 30 | 05
#0433-d227 @A: 24 21 26 15 | 02
#0434-d227 @A: 10 06 24 01 | 11
#0435-d227 @A: 09 11 16 24 | 12
#0436-d227 @A: 24 23 16 35 | 08
#0437-d227 @A: 24 28 22 26 | 03
#0438-d227 @A: 07 05 11 19 | 01
#0439-d227 @A: 05 19 20 30 | 07
#0440-d227 @A: 30 12 19 31 | 09
#0441-d227 @A: 19 11 12 15 | 10
#0442-d227 @A: 27 08 19 25 | 04
#0443-d227 @A: 08 19 20 15 | 06
#0444-d227 @A: 19 18 08 17 | 05
#0445-d227 @A: 19 27 04 14 | 02
#0446-d227 @A: 21 09 14 19 | 11
#0447-d227 @A: 27 18 19 06 | 12
#0448-d227 @A: 19 32 27 22 | 08
#0449-d227 @A: 11 19 26 33 | 03
#0450-d227 @A: 06 19 15 31 | 01
#0451-d227 @A: 29 26 19 09 | 07
#0452-d227 @A: 19 23 29 25 | 09
#0453-d227 @A: 32 19 13 18 | 10
#0454-d227 @A: 30 29 05 12 | 04
#0455-d227 @A: 12 05 10 31 | 06
#0456-d227 @A: 05 01 35 12 | 05
#0457-d227 @A: 08 05 06 35 | 02
#0458-d227 @A: 20 05 34 03 | 11
#0459-d227 @A: 05 13 21 33 | 12
#0460-d227 @A: 05 15 33 22 | 08
#0461-d227 @A: 30 17 05 18 | 03
#0462-d227 @A: 25 30 05 06 | 01
#0463-d227 @A: 02 05 22 31 | 07
#0464-d227 @A: 05 23 25 11 | 09
#0465-d227 @A: 01 05 04 25 | 10
#0466-d227 @A: 05 01 26 28 | 04
#0467-d227 @A: 18 05 13 35 | 06
#0468-d227 @A: 05 20 04 29 | 05
#0469-d227 @A: 12 30 14 23 | 02
#0470-d227 @A: 22 27 12 10 | 11
#0471-d227 @A: 13 27 12 06 | 12
#0472-d227 @A: 12 31 34 07 | 08
#0473-d227 @A: 12 34 09 25 | 03
#0474-d227 @A: 04 12 33 11 | 01
#0475-d227 @A: 35 12 30 22 | 07
#0476-d227 @A: 02 10 12 16 | 09
#0477-d227 @A: 12 20 23 21 | 10
#0478-d227 @A: 23 12 04 31 | 04
#0479-d227 @A: 13 12 18 01 | 06
#0480-d227 @A: 20 13 31 12 | 05
#0481-d227 @A: 18 14 28 08 | 02
#0482-d227 @A: 08 16 32 27 | 11
#0483-d227 @A: 34 35 08 33 | 12
#0484-d227 @A: 21 34 18 08 | 08
#0485-d227 @A: 34 25 08 10 | 03
#0486-d227 @A: 28 03 08 30 | 01
#0487-d227 @A: 29 08 26 03 | 07
#0488-d227 @A: 23 02 10 08 | 09
#0489-d227 @A: 21 28 08 25 | 10
#0490-d227 @A: 06 31 13 08 | 04
#0491-d227 @A: 13 01 09 08 | 06
#0492-d227 @A: 26 09 08 31 | 05
#0493-d227 @A: 13 08 23 26 | 02
#0494-d227 @A: 04 28 31 08 | 11
#0495-d227 @A: 34 07 18 14 | 12
#0496-d227 @A: 15 34 14 35 | 08
#0497-d227 @A: 33 03 14 20 | 03
#0498-d227 @A: 09 33 02 14 | 01
#0499-d227 @A: 14 06 03 13 | 07
#0500-d227 @A: 31 13 04 14 | 09
#0501-d227 @A: 13 14 11 29 | 10
#0502-d227 @A: 16 26 13 14 | 04
#0503-d227 @A: 34 25 02 27 | 06
#0504-d227 @A: 35 26 34 27 | 05
#0505-d227 @A: 30 28 27 17 | 02
#0506-d227 @A: 27 11 29 10 | 11
#0507-d227 @A: 25 27 35 22 | 12
#0508-d227 @A: 27 11 28 16 | 08
#0509-d227 @A: 34 07 30 35 | 03
#0510-d227 @A: 34 20 17 18 | 01
#0511-d227 @A: 18 34 23 09 | 07
#0512-d227 @A: 31 30 06 33 | 09
#0513-d227 @A: 33 10 02 31 | 10
#0514-d227 @A: 16 10 33 15 | 04
#0515-d227 @A: 33 25 16 35 | 06
#0516-d227 @A: 20 33 32 16 | 05
#0517-d227 @A: 23 03 10 30 | 02
#0518-d227 @A: 30 13 17 03 | 11
#0519-d227 @A: 15 13 03 02 | 12
#0520-d227 @A: 20 21 03 15 | 08
#0521-d227 @A: 04 03 16 09 | 03
#0522-d227 @A: 03 01 25 13 | 01
#0523-d227 @A: 18 13 03 16 | 07
#0524-d227 @A: 07 21 11 30 | 09
#0525-d227 @A: 02 06 07 35 | 10
#0526-d227 @A: 04 10 21 07 | 04
#0527-d227 @A: 13 10 29 07 | 06
#0528-d227 @A: 25 31 22 07 | 05
#0529-d227 @A: 13 18 28 07 | 02
#0530-d227 @A: 22 04 30 06 | 11
#0531-d227 @A: 09 30 31 18 | 12
#0532-d227 @A: 23 31 22 30 | 08
#0533-d227 @A: 25 23 30 26 | 03
#0534-d227 @A: 04 01 30 16 | 01
#0535-d227 @A: 20 28 01 30 | 07
#0536-d227 @A: 30 18 28 35 | 09
#0537-d227 @A: 28 21 02 22 | 10
#0538-d227 @A: 01 20 02 13 | 04
#0539-d227 @A: 35 20 02 31 | 06
#0540-d227 @A: 18 11 31 02 | 05
#0541-d227 @A: 26 02 25 13 | 02
#0542-d227 @A: 23 35 15 09 | 11
#0543-d227 @A: 25 35 15 29 | 12
#0544-d227 @A: 15 18 35 11 | 08
#0545-d227 @A: 35 15 11 22 | 03
#0546-d227 @A: 25 15 04 18 | 01
#0547-d227 @A: 25 15 16 26 | 07
#0548-d227 @A: 29 32 20 15 | 09
#0549-d227 @A: 28 16 32 15 | 10
#0550-d227 @A: 09 01 10 11 | 04
#0551-d227 @A: 22 35 16 10 | 06
#0552-d227 @A: 10 32 26 29 | 05
#0553-d227 @A: 22 10 28 20 | 02
#0554-d227 @A: 09 28 17 18 | 11
#0555-d227 @A: 17 23 11 29 | 12
#0556-d227 @A: 29 20 35 17 | 08
#0557-d227 @A: 29 20 23 06 | 03
#0558-d227 @A: 23 29 22 06 | 01
#0559-d227 @A: 06 29 11 18 | 07
#0560-d227 @A: 24 09 19 10 | 09
#0561-d227 @A: 23 12 05 24 | 10
#0562-d227 @A: 03 31 24 05 | 04
#0563-d227 @A: 24 05 30 01 | 06
#0564-d227 @A: 02 24 09 08 | 05
#0565-d227 @A: 24 21 14 11 | 02
#0566-d227 @A: 24 27 35 20 | 11
#0567-d227 @A: 30 11 24 15 | 12
#0568-d227 @A: 10 35 02 24 | 08
#0569-d227 @A: 02 16 06 24 | 03
#0570-d227 @A: 18 06 24 21 | 01
#0571-d227 @A: 24 16 04 10 | 07
#0572-d227 @A: 20 24 01 23 | 09
#0573-d227 @A: 16 29 01 24 | 10
#0574-d227 @A: 29 11 35 24 | 04
#0575-d227 @A: 32 16 24 13 | 06
#0576-d227 @A: 08 19 10 28 | 05
#0577-d227 @A: 19 08 22 26 | 02
#0578-d227 @A: 19 34 26 14 | 11
#0579-d227 @A: 03 15 19 14 | 12
#0580-d227 @A: 15 16 27 19 | 08
#0581-d227 @A: 34 13 03 19 | 03
#0582-d227 @A: 19 34 17 01 | 01
#0583-d227 @A: 32 19 02 03 | 07
#0584-d227 @A: 19 03 10 21 | 09
#0585-d227 @A: 19 30 10 26 | 10
#0586-d227 @A: 18 11 30 19 | 04
#0587-d227 @A: 16 19 02 29 | 06
#0588-d227 @A: 21 19 15 13 | 05
#0589-d227 @A: 19 21 17 29 | 02
#0590-d227 @A: 26 15 17 19 | 11
#0591-d227 @A: 13 22 06 19 | 12
#0592-d227 @A: 19 31 11 09 | 08
#0593-d227 @A: 32 31 01 19 | 03
#0594-d227 @A: 03 15 05 12 | 01
#0595-d227 @A: 33 25 05 08 | 07
#0596-d227 @A: 26 16 05 27 | 09
#0597-d227 @A: 05 26 33 06 | 10
#0598-d227 @A: 05 04 07 30 | 04
#0599-d227 @A: 18 05 10 02 | 06
#0600-d227 @A: 05 09 02 28 | 05
#0601-d227 @A: 05 17 10 13 | 02
#0602-d227 @A: 05 09 32 35 | 11
#0603-d227 @A: 05 18 11 28 | 12
#0604-d227 @A: 29 05 28 13 | 08
#0605-d227 @A: 12 08 30 13 | 03
#0606-d227 @A: 21 12 31 27 | 01
#0607-d227 @A: 12 33 30 25 | 07
#0608-d227 @A: 12 04 03 07 | 09
#0609-d227 @A: 12 02 21 15 | 10
#0610-d227 @A: 12 25 23 02 | 04
#0611-d227 @A: 12 26 21 18 | 06
#0612-d227 @A: 16 12 17 35 | 05
#0613-d227 @A: 12 17 22 26 | 02
#0614-d227 @A: 23 22 35 12 | 11
#0615-d227 @A: 04 01 12 28 | 12
#0616-d227 @A: 11 31 12 26 | 08
#0617-d227 @A: 31 08 33 14 | 03
#0618-d227 @A: 35 07 08 14 | 01
#0619-d227 @A: 34 08 27 04 | 07
#0620-d227 @A: 08 17 27 11 | 09
#0621-d227 @A: 08 09 27 06 | 10
#0622-d227 @A: 15 16 08 03 | 04
#0623-d227 @A: 08 07 20 21 | 06
#0624-d227 @A: 08 31 18 16 | 05
#0625-d227 @A: 08 29 22 32 | 02
#0626-d227 @A: 27 20 21 14 | 11
#0627-d227 @A: 07 14 03 31 | 12
#0628-d227 @A: 06 14 20 15 | 08
#0629-d227 @A: 14 09 28 26 | 03
#0630-d227 @A: 01 26 35 14 | 01
#0631-d227 @A: 14 16 28 01 | 07
#0632-d227 @A: 04 28 14 22 | 09
#0633-d227 @A: 18 20 14 32 | 10
#0634-d227 @A: 11 27 34 15 | 04
#0635-d227 @A: 33 15 27 09 | 06
#0636-d227 @A: 20 30 27 03 | 05
#0637-d227 @A: 26 27 17 03 | 02
#0638-d227 @A: 27 09 23 32 | 11
#0639-d227 @A: 20 04 27 31 | 12
#0640-d227 @A: 16 18 22 27 | 08
#0641-d227 @A: 34 33 18 30 | 03
#0642-d227 @A: 07 03 01 34 | 01
#0643-d227 @A: 03 06 26 34 | 07
#0644-d227 @A: 04 35 03 34 | 09
#0645-d227 @A: 34 07 15 29 | 10
#0646-d227 @A: 34 20 09 35 | 04
#0647-d227 @A: 13 34 25 28 | 06
#0648-d227 @A: 26 22 34 25 | 05
#0649-d227 @A: 04 18 34 28 | 02
#0650-d227 @A: 33 16 06 07 | 11
#0651-d227 @A: 22 33 25 02 | 12
#0652-d227 @A: 21 06 04 33 | 08
#0653-d227 @A: 32 09 25 33 | 03
#0654-d227 @A: 22 01 33 23 | 01
#0655-d227 @A: 32 33 04 13 | 07
#0656-d227 @A: 23 03 11 07 | 09
#0657-d227 @A: 03 26 09 20 | 10
#0658-d227 @A: 13 29 03 23 | 04
#0659-d227 @A: 29 32 03 16 | 06
#0660-d227 @A: 20 03 11 13 | 05
#0661-d227 @A: 04 07 15 02 | 02
#0662-d227 @A: 28 31 20 07 | 11
#0663-d227 @A: 04 07 32 26 | 12
#0664-d227 @A: 29 13 07 22 | 08
#0665-d227 @A: 07 11 26 22 | 03
#0666-d227 @A: 30 04 20 02 | 01
#0667-d227 @A: 30 17 22 01 | 07
#0668-d227 @A: 18 30 13 23 | 09
#0669-d227 @A: 16 26 30 35 | 10
#0670-d227 @A: 20 31 30 32 | 04
#0671-d227 @A: 16 20 30 29 | 06
#0672-d227 @A: 02 11 15 17 | 05
#0673-d227 @A: 09 02 15 01 | 02
#0674-d227 @A: 02 29 31 01 | 11
#0675-d227 @A: 16 02 35 13 | 12
#0676-d227 @A: 26 02 22 16 | 08
#0677-d227 @A: 21 15 28 23 | 03
#0678-d227 @A: 20 10 29 21 | 01
#0679-d227 @A: 25 21 09 16 | 07
#0680-d227 @A: 01 32 29 21 | 09
#0681-d227 @A: 16 21 01 13 | 10
#0682-d227 @A: 25 26 11 21 | 04
#0683-d227 @A: 21 29 16 22 | 06
#0684-d227 @A: 21 32 20 13 | 05
#0685-d227 @A: 13 28 21 26 | 02
#0686-d227 @A: 22 09 15 13 | 11
#0687-d227 @A: 10 31 09 04 | 12
#0688-d227 @A: 26 01 10 20 | 08
#0689-d227 @A: 35 16 10 32 | 03
#0690-d227 @A: 18 28 20 10 | 01
#0691-d227 @A: 22 28 09 06 | 07
#0692-d227 @A: 01 06 16 32 | 09
#0693-d227 @A: 06 35 20 28 | 10
#0694-d227 @A: 09 18 01 22 | 04
#0695-d227 @A: 20 25 18 22 | 06
#0696-d227 @A: 11 33 24 05 | 05
#0697-d227 @A: 22 24 05 16 | 02
#0698-d227 @A: 08 34 24 16 | 11
#0699-d227 @A: 24 34 20 14 | 12
#0700-d227 @A: 30 09 24 14 | 08
#0701-d227 @A: 24 13 14 28 | 03
#0702-d227 @A: 24 02 27 26 | 01
#0703-d227 @A: 15 24 35 33 | 07
#0704-d227 @A: 13 33 24 20 | 09
#0705-d227 @A: 18 03 24 30 | 10
#0706-d227 @A: 02 01 24 03 | 04
#0707-d227 @A: 24 22 35 03 | 06
#0708-d227 @A: 18 23 24 28 | 05
#0709-d227 @A: 35 24 28 31 | 02
#0710-d227 @A: 19 16 12 08 | 11
#0711-d227 @A: 19 17 13 12 | 12
#0712-d227 @A: 29 18 12 19 | 08
#0713-d227 @A: 08 32 19 14 | 03
#0714-d227 @A: 19 30 22 34 | 01
#0715-d227 @A: 02 19 11 34 | 07
#0716-d227 @A: 20 19 21 34 | 09
#0717-d227 @A: 33 19 03 31 | 10
#0718-d227 @A: 19 33 22 04 | 04
#0719-d227 @A: 19 25 03 17 | 06
#0720-d227 @A: 25 07 19 13 | 05
#0721-d227 @A: 23 19 02 21 | 02
#0722-d227 @A: 19 20 17 02 | 11
#0723-d227 @A: 19 28 02 06 | 12
#0724-d227 @A: 19 25 15 10 | 08
#0725-d227 @A: 35 19 11 28 | 03
#0726-d227 @A: 26 25 32 19 | 01
#0727-d227 @A: 22 12 05 03 | 07
#0728-d227 @A: 08 09 16 05 | 09
#0729-d227 @A: 18 15 05 27 | 10
#0730-d227 @A: 09 10 05 27 | 04
#0731-d227 @A: 32 17 27 05 | 06
#0732-d227 @A: 05 23 27 22 | 05
#0733-d227 @A: 17 34 05 25 | 02
#0734-d227 @A: 28 30 05 33 | 11
#0735-d227 @A: 03 05 06 28 | 12
#0736-d227 @A: 05 09 22 07 | 08
#0737-d227 @A: 26 29 05 02 | 03
#0738-d227 @A: 21 05 35 10 | 01
#0739-d227 @A: 05 32 21 06 | 07
#0740-d227 @A: 11 15 05 06 | 09
#0741-d227 @A: 29 09 05 01 | 10
#0742-d227 @A: 23 32 01 05 | 04
#0743-d227 @A: 25 05 26 35 | 06
#0744-d227 @A: 22 05 35 04 | 05
#0745-d227 @A: 25 16 05 20 | 02
#0746-d227 @A: 05 26 18 22 | 11
#0747-d227 @A: 27 14 12 35 | 12
#0748-d227 @A: 12 04 14 21 | 08
#0749-d227 @A: 15 01 12 14 | 03
#0750-d227 @A: 33 02 12 07 | 01
#0751-d227 @A: 07 06 12 20 | 07
#0752-d227 @A: 10 30 09 12 | 09
#0753-d227 @A: 09 22 02 12 | 10
#0754-d227 @A: 10 21 12 25 | 04
#0755-d227 @A: 12 22 16 28 | 06
#0756-d227 @A: 14 16 08 21 | 05
#0757-d227 @A: 02 27 08 35 | 02
#0758-d227 @A: 08 27 20 10 | 11
#0759-d227 @A: 08 02 29 33 | 12
#0760-d227 @A: 15 11 33 08 | 08
#0761-d227 @A: 01 33 23 08 | 03
#0762-d227 @A: 22 08 28 07 | 01
#0763-d227 @A: 06 08 21 23 | 07
#0764-d227 @A: 21 26 08 32 | 09
#0765-d227 @A: 10 08 01 29 | 10
#0766-d227 @A: 09 08 29 20 | 04
#0767-d227 @A: 08 23 18 22 | 06
#0768-d227 @A: 20 32 08 04 | 05
#0769-d227 @A: 13 16 08 29 | 02
#0770-d227 @A: 17 14 34 09 | 11
#0771-d227 @A: 30 14 04 03 | 12
#0772-d227 @A: 14 21 01 07 | 08
#0773-d227 @A: 15 14 07 11 | 03
#0774-d227 @A: 07 14 06 04 | 01
#0775-d227 @A: 35 07 22 14 | 07
#0776-d227 @A: 06 30 18 14 | 09
#0777-d227 @A: 02 14 15 25 | 10
#0778-d227 @A: 06 23 02 14 | 04
#0779-d227 @A: 10 20 35 14 | 06
#0780-d227 @A: 01 20 14 25 | 05
#0781-d227 @A: 26 18 14 11 | 02
#0782-d227 @A: 20 07 34 27 | 11
#0783-d227 @A: 21 34 28 27 | 12
#0784-d227 @A: 01 06 34 27 | 08
#0785-d227 @A: 02 27 03 04 | 03
#0786-d227 @A: 07 31 22 27 | 01
#0787-d227 @A: 27 23 02 15 | 07
#0788-d227 @A: 10 27 35 15 | 09
#0789-d227 @A: 17 27 23 04 | 10
#0790-d227 @A: 09 20 27 16 | 04
#0791-d227 @A: 25 23 28 27 | 06
#0792-d227 @A: 27 11 23 26 | 05
#0793-d227 @A: 25 31 13 27 | 02
#0794-d227 @A: 30 03 34 25 | 11
#0795-d227 @A: 10 31 03 34 | 12
#0796-d227 @A: 34 07 09 10 | 08
#0797-d227 @A: 02 23 34 29 | 03
#0798-d227 @A: 18 34 16 06 | 01
#0799-d227 @A: 09 29 34 13 | 07
#0800-d227 @A: 20 23 04 34 | 09
#0801-d227 @A: 25 34 16 04 | 10
#0802-d227 @A: 34 28 29 16 | 04
#0803-d227 @A: 28 34 20 26 | 06
#0804-d227 @A: 32 33 30 07 | 05
#0805-d227 @A: 25 10 33 06 | 02
#0806-d227 @A: 18 04 10 33 | 11
#0807-d227 @A: 22 06 20 33 | 12
#0808-d227 @A: 04 33 20 01 | 08
#0809-d227 @A: 31 13 29 33 | 03
#0810-d227 @A: 03 07 17 22 | 01
#0811-d227 @A: 26 23 21 03 | 07
#0812-d227 @A: 03 11 10 15 | 09
#0813-d227 @A: 03 32 06 15 | 10
#0814-d227 @A: 11 01 35 03 | 04
#0815-d227 @A: 32 28 01 03 | 06
#0816-d227 @A: 03 18 29 35 | 05
#0817-d227 @A: 20 22 13 03 | 02
#0818-d227 @A: 30 28 07 10 | 11
#0819-d227 @A: 31 30 07 25 | 12
#0820-d227 @A: 21 07 18 25 | 08
#0821-d227 @A: 35 01 07 04 | 03
#0822-d227 @A: 01 07 32 20 | 01
#0823-d227 @A: 16 04 07 11 | 07
#0824-d227 @A: 09 04 23 30 | 09
#0825-d227 @A: 28 30 31 13 | 10
#0826-d227 @A: 02 23 13 09 | 04
#0827-d227 @A: 23 18 02 32 | 06
#0828-d227 @A: 01 02 11 16 | 05
#0829-d227 @A: 02 29 35 04 | 02
#0830-d227 @A: 17 10 23 21 | 11
#0831-d227 @A: 17 13 11 21 | 12
#0832-d227 @A: 01 21 11 06 | 08
#0833-d227 @A: 16 23 32 21 | 03
#0834-d227 @A: 01 20 35 21 | 01
#0835-d227 @A: 32 25 31 21 | 07
#0836-d227 @A: 21 16 31 20 | 09
#0837-d227 @A: 11 21 18 20 | 10
#0838-d227 @A: 32 21 28 11 | 04
#0839-d227 @A: 16 15 23 04 | 06
#0840-d227 @A: 26 20 15 23 | 05
#0841-d227 @A: 35 26 32 15 | 02
#0842-d227 @A: 26 15 29 11 | 11
#0843-d227 @A: 29 10 23 09 | 12
#0844-d227 @A: 28 01 10 23 | 08
#0845-d227 @A: 10 31 23 13 | 03
#0846-d227 @A: 06 20 17 31 | 01
#0847-d227 @A: 32 17 16 09 | 07
#0848-d227 @A: 31 16 29 17 | 09
#0849-d227 @A: 31 22 17 11 | 10
#0850-d227 @A: 25 11 17 32 | 04
#0851-d227 @A: 11 06 28 09 | 06
#0852-d227 @A: 35 22 06 26 | 05
#0853-d227 @A: 06 25 11 31 | 02
#0854-d227 @A: 16 22 11 01 | 11
#0855-d227 @A: 32 13 31 22 | 12
#0856-d227 @A: 24 21 31 19 | 08
#0857-d227 @A: 19 20 06 24 | 03
#0858-d227 @A: 26 24 03 12 | 01
#0859-d227 @A: 13 03 24 08 | 07
#0860-d227 @A: 03 14 23 24 | 09
#0861-d227 @A: 01 14 32 24 | 10
#0862-d227 @A: 17 27 24 13 | 04
#0863-d227 @A: 24 32 34 33 | 06
#0864-d227 @A: 18 33 22 24 | 05
#0865-d227 @A: 24 22 17 15 | 02
#0866-d227 @A: 24 26 23 29 | 11
#0867-d227 @A: 26 35 24 13 | 12
#0868-d227 @A: 04 24 13 11 | 08
#0869-d227 @A: 20 11 24 28 | 03
#0870-d227 @A: 05 19 13 27 | 01
#0871-d227 @A: 22 19 05 20 | 07
#0872-d227 @A: 19 12 26 06 | 09
#0873-d227 @A: 17 19 14 11 | 10
#0874-d227 @A: 14 19 22 17 | 04
#0875-d227 @A: 20 14 19 16 | 06
#0876-d227 @A: 19 21 27 11 | 05
#0877-d227 @A: 19 02 25 33 | 02
#0878-d227 @A: 33 16 19 21 | 11
#0879-d227 @A: 19 07 09 15 | 12
#0880-d227 @A: 02 30 09 19 | 08
#0881-d227 @A: 30 16 19 13 | 03
#0882-d227 @A: 10 04 02 19 | 01
#0883-d227 @A: 19 06 10 13 | 07
#0884-d227 @A: 19 18 35 10 | 09
#0885-d227 @A: 23 19 01 35 | 10
#0886-d227 @A: 31 23 19 20 | 04
#0887-d227 @A: 20 04 18 19 | 06
#0888-d227 @A: 26 04 12 05 | 05
#0889-d227 @A: 28 27 08 05 | 02
#0890-d227 @A: 05 18 14 33 | 11
#0891-d227 @A: 34 10 30 05 | 12
#0892-d227 @A: 34 05 29 06 | 08
#0893-d227 @A: 04 05 03 33 | 03
#0894-d227 @A: 29 05 15 33 | 01
#0895-d227 @A: 09 03 17 05 | 07
#0896-d227 @A: 23 02 17 05 | 09
#0897-d227 @A: 05 17 15 35 | 10
#0898-d227 @A: 06 17 22 05 | 04
#0899-d227 @A: 29 05 22 28 | 06
#0900-d227 @A: 05 11 16 13 | 05
#0901-d227 @A: 14 22 12 31 | 02
#0902-d227 @A: 27 07 26 12 | 11
#0903-d227 @A: 27 23 12 10 | 12
#0904-d227 @A: 30 12 20 34 | 08
#0905-d227 @A: 34 15 16 12 | 03
#0906-d227 @A: 12 33 28 17 | 01
#0907-d227 @A: 12 31 03 17 | 07
#0908-d227 @A: 11 12 28 23 | 09
#0909-d227 @A: 12 20 01 11 | 10
#0910-d227 @A: 12 31 32 29 | 04
#0911-d227 @A: 12 16 13 04 | 06
#0912-d227 @A: 30 23 34 08 | 05
#0913-d227 @A: 33 08 17 16 | 02
#0914-d227 @A: 04 11 08 30 | 11
#0915-d227 @A: 17 09 08 21 | 12
#0916-d227 @A: 15 17 08 28 | 08
#0917-d227 @A: 06 08 31 22 | 03
#0918-d227 @A: 20 23 08 28 | 01
#0919-d227 @A: 18 08 26 35 | 07
#0920-d227 @A: 32 29 35 08 | 09
#0921-d227 @A: 14 29 33 30 | 10
#0922-d227 @A: 09 16 07 14 | 04
#0923-d227 @A: 14 02 21 31 | 06
#0924-d227 @A: 10 14 21 13 | 05
#0925-d227 @A: 31 15 14 09 | 02
#0926-d227 @A: 31 25 35 14 | 11
#0927-d227 @A: 22 32 20 14 | 12
#0928-d227 @A: 16 03 27 34 | 08
#0929-d227 @A: 27 22 34 28 | 03
#0930-d227 @A: 27 21 07 23 | 01
#0931-d227 @A: 27 07 17 06 | 07
#0932-d227 @A: 27 13 26 15 | 09
#0933-d227 @A: 20 17 27 22 | 10
#0934-d227 @A: 27 01 28 35 | 04
#0935-d227 @A: 03 02 34 21 | 06
#0936-d227 @A: 34 21 22 11 | 05
#0937-d227 @A: 23 34 10 22 | 02
#0938-d227 @A: 11 22 06 34 | 11
#0939-d227 @A: 34 01 13 35 | 12
#0940-d227 @A: 34 31 26 29 | 08
#0941-d227 @A: 32 34 11 04 | 03
#0942-d227 @A: 11 20 29 34 | 01
#0943-d227 @A: 30 33 16 03 | 07
#0944-d227 @A: 33 23 21 30 | 09
#0945-d227 @A: 21 18 33 02 | 10
#0946-d227 @A: 16 26 33 02 | 04
#0947-d227 @A: 20 17 33 21 | 06
#0948-d227 @A: 31 26 33 21 | 05
#0949-d227 @A: 33 09 16 01 | 02
#0950-d227 @A: 33 09 35 11 | 11
#0951-d227 @A: 29 18 33 20 | 12
#0952-d227 @A: 06 07 29 03 | 08
#0953-d227 @A: 01 23 09 03 | 03
#0954-d227 @A: 18 03 23 04 | 01
#0955-d227 @A: 18 01 03 31 | 07
#0956-d227 @A: 02 23 07 30 | 09
#0957-d227 @A: 01 17 30 07 | 10
#0958-d227 @A: 30 07 13 06 | 04
#0959-d227 @A: 10 07 15 22 | 06
#0960-d227 @A: 17 28 32 07 | 05
#0961-d227 @A: 13 16 07 23 | 02
#0962-d227 @A: 04 07 18 31 | 11
#0963-d227 @A: 16 26 07 31 | 12
#0964-d227 @A: 04 13 07 20 | 08
#0965-d227 @A: 30 35 29 31 | 03
#0966-d227 @A: 21 35 25 02 | 01
#0967-d227 @A: 22 02 15 23 | 07
#0968-d227 @A: 11 13 02 06 | 09
#0969-d227 @A: 23 01 04 02 | 10
#0970-d227 @A: 32 01 02 26 | 04
#0971-d227 @A: 15 21 06 17 | 06
#0972-d227 @A: 21 10 18 32 | 05
#0973-d227 @A: 23 22 25 21 | 02
#0974-d227 @A: 31 28 21 01 | 11
#0975-d227 @A: 01 04 21 18 | 12
#0976-d227 @A: 13 18 21 31 | 08
#0977-d227 @A: 04 06 10 15 | 03
#0978-d227 @A: 17 18 16 15 | 01
#0979-d227 @A: 13 11 15 01 | 07
#0980-d227 @A: 32 10 25 23 | 09
#0981-d227 @A: 01 13 32 10 | 10
#0982-d227 @A: 10 16 28 31 | 04
#0983-d227 @A: 26 25 17 06 | 06
#0984-d227 @A: 35 17 04 09 | 05
#0985-d227 @A: 32 31 18 17 | 02
#0986-d227 @A: 06 16 29 04 | 11
#0987-d227 @A: 01 22 28 35 | 12
#0988-d227 @A: 19 03 29 24 | 08
#0989-d227 @A: 19 24 13 02 | 03
#0990-d227 @A: 24 19 32 15 | 01
#0991-d227 @A: 01 19 24 28 | 07
#0992-d227 @A: 05 34 27 24 | 09
#0993-d227 @A: 24 29 27 12 | 10
#0994-d227 @A: 26 24 08 33 | 04
#0995-d227 @A: 20 08 24 30 | 06
#0996-d227 @A: 24 22 14 11 | 05
#0997-d227 @A: 27 24 33 04 | 02
#0998-d227 @A: 27 24 07 09 | 11
#0999-d227 @A: 27 32 24 30 | 12
#1000-d227 @A: 27 24 16 31 | 08
#1001-d227 @A: 30 34 24 26 | 03
#1002-d227 @A: 06 35 24 34 | 01
#1003-d227 @A: 22 31 34 24 | 07
#1004-d227 @A: 33 24 30 10 | 09
#1005-d227 @A: 09 24 29 33 | 10
#1006-d227 @A: 29 24 21 07 | 04
#1007-d227 @A: 24 07 11 18 | 06
#1008-d227 @A: 23 24 17 30 | 05
#1009-d227 @A: 02 15 29 24 | 02
#1010-d227 @A: 17 31 24 15 | 11
#1011-d227 @A: 28 06 24 15 | 12
#1012-d227 @A: 04 25 09 24 | 08
#1013-d227 @A: 23 32 24 04 | 03
#1014-d227 @A: 24 18 26 16 | 01
#1015-d227 @A: 12 07 19 01 | 07
#1016-d227 @A: 08 19 34 09 | 09
#1017-d227 @A: 04 03 19 08 | 10
#1018-d227 @A: 19 30 35 08 | 04
#1019-d227 @A: 31 19 14 18 | 06
#1020-d227 @A: 27 03 09 19 | 05
#1021-d227 @A: 32 19 33 17 | 02
#1022-d227 @A: 19 30 01 03 | 11
#1023-d227 @A: 32 06 19 07 | 12
#1024-d227 @A: 29 35 19 07 | 08
#1025-d227 @A: 01 09 19 20 | 03
#1026-d227 @A: 32 19 09 04 | 01
#1027-d227 @A: 31 04 19 35 | 07
#1028-d227 @A: 12 05 20 14 | 09
#1029-d227 @A: 07 05 16 12 | 10
#1030-d227 @A: 13 12 05 02 | 04
#1031-d227 @A: 13 05 08 14 | 06
#1032-d227 @A: 05 01 22 08 | 05
#1033-d227 @A: 14 03 05 25 | 02
#1034-d227 @A: 06 09 05 14 | 11
#1035-d227 @A: 02 34 01 05 | 12
#1036-d227 @A: 28 23 34 05 | 08
#1037-d227 @A: 09 07 33 05 | 03
#1038-d227 @A: 09 18 05 21 | 01
#1039-d227 @A: 05 21 29 31 | 07
#1040-d227 @A: 15 05 13 25 | 09
#1041-d227 @A: 26 05 11 09 | 10
#1042-d227 @A: 05 29 35 23 | 04
#1043-d227 @A: 23 05 13 04 | 06
#1044-d227 @A: 16 05 35 31 | 05
#1045-d227 @A: 04 28 05 35 | 02
#1046-d227 @A: 20 31 05 18 | 11
#1047-d227 @A: 08 14 12 25 | 12
#1048-d227 @A: 03 34 08 12 | 08
#1049-d227 @A: 12 11 08 32 | 03
#1050-d227 @A: 18 14 12 17 | 01
#1051-d227 @A: 33 12 27 34 | 07
#1052-d227 @A: 03 12 27 25 | 09
#1053-d227 @A: 04 12 27 15 | 10
#1054-d227 @A: 33 23 12 13 | 04
#1055-d227 @A: 30 12 03 32 | 06
#1056-d227 @A: 12 11 25 07 | 05
#1057-d227 @A: 02 17 26 12 | 02
#1058-d227 @A: 12 15 06 23 | 11
#1059-d227 @A: 11 17 12 10 | 12
#1060-d227 @A: 06 35 12 31 | 08
#1061-d227 @A: 35 12 09 29 | 03
#1062-d227 @A: 12 18 25 31 | 01
#1063-d227 @A: 04 32 12 22 | 07
#1064-d227 @A: 18 12 22 11 | 09
#1065-d227 @A: 12 26 20 29 | 10
#1066-d227 @A: 08 34 35 22 | 04
#1067-d227 @A: 08 33 30 09 | 06
#1068-d227 @A: 32 10 08 33 | 05
#1069-d227 @A: 07 08 02 11 | 02
#1070-d227 @A: 17 25 07 08 | 11
#1071-d227 @A: 30 08 01 25 | 12
#1072-d227 @A: 04 08 16 02 | 08
#1073-d227 @A: 04 17 08 10 | 03
#1074-d227 @A: 18 06 08 10 | 01
#1075-d227 @A: 29 08 25 31 | 07
#1076-d227 @A: 11 03 14 27 | 09
#1077-d227 @A: 34 10 16 14 | 10
#1078-d227 @A: 21 33 32 14 | 04
#1079-d227 @A: 17 28 14 03 | 06
#1080-d227 @A: 18 04 16 14 | 05
#1081-d227 @A: 27 17 29 34 | 02
#1082-d227 @A: 27 02 03 22 | 11
#1083-d227 @A: 31 27 15 03 | 12
#1084-d227 @A: 04 27 28 07 | 08
#1085-d227 @A: 27 30 21 29 | 03
#1086-d227 @A: 27 10 04 30 | 01
#1087-d227 @A: 06 27 25 04 | 07
#1088-d227 @A: 23 18 20 27 | 09
#1089-d227 @A: 16 23 29 27 | 10
#1090-d227 @A: 13 27 18 04 | 04
#1091-d227 @A: 33 34 09 21 | 06
#1092-d227 @A: 10 33 13 34 | 05
#1093-d227 @A: 22 34 33 09 | 02
#1094-d227 @A: 17 23 03 34 | 11
#1095-d227 @A: 20 15 34 10 | 12
#1096-d227 @A: 09 06 15 34 | 08
#1097-d227 @A: 10 17 35 34 | 03
#1098-d227 @A: 26 34 16 09 | 01
#1099-d227 @A: 23 13 34 32 | 07
#1100-d227 @A: 11 18 01 34 | 09
#1101-d227 @A: 32 29 34 18 | 10
#1102-d227 @A: 07 26 33 15 | 04
#1103-d227 @A: 07 18 17 33 | 06
#1104-d227 @A: 11 33 30 17 | 05
#1105-d227 @A: 04 30 33 35 | 02
#1106-d227 @A: 15 23 33 17 | 11
#1107-d227 @A: 33 10 23 35 | 12
#1108-d227 @A: 20 33 25 23 | 08
#1109-d227 @A: 32 23 33 28 | 03
#1110-d227 @A: 33 11 25 13 | 01
#1111-d227 @A: 17 16 07 03 | 07
#1112-d227 @A: 25 16 03 02 | 09
#1113-d227 @A: 18 10 23 07 | 10
#1114-d227 @A: 07 35 28 16 | 04
#1115-d227 @A: 32 30 21 02 | 06
#1116-d227 @A: 06 02 26 30 | 05
#1117-d227 @A: 22 32 21 30 | 02
#1118-d227 @A: 06 30 35 10 | 11
#1119-d227 @A: 18 10 01 30 | 12
#1120-d227 @A: 18 04 30 29 | 08
#1121-d227 @A: 26 28 04 30 | 03
#1122-d227 @A: 26 22 30 13 | 01
#1123-d227 @A: 29 21 02 06 | 07
#1124-d227 @A: 02 29 17 10 | 09
#1125-d227 @A: 28 16 23 02 | 10
#1126-d227 @A: 23 13 35 21 | 04
#1127-d227 @A: 21 29 25 13 | 06
#1128-d227 @A: 15 29 16 09 | 05
#1129-d227 @A: 15 23 32 11 | 02
#1130-d227 @A: 18 01 15 32 | 11
#1131-d227 @A: 13 15 16 31 | 12
#1132-d227 @A: 25 10 09 28 | 08
#1133-d227 @A: 01 10 22 04 | 03
#1134-d227 @A: 01 06 17 35 | 01
#1135-d227 @A: 18 17 06 13 | 07
#1136-d227 @A: 06 16 11 17 | 09
#1137-d227 @A: 09 22 17 23 | 10
#1138-d227 @A: 04 17 32 01 | 04
#1139-d227 @A: 06 09 18 35 | 06
#1140-d227 @A: 25 18 06 23 | 05
#1141-d227 @A: 26 06 20 16 | 02
#1142-d227 @A: 20 04 26 22 | 11
#1143-d227 @A: 24 18 34 19 | 12
#1144-d227 @A: 17 24 16 19 | 08
#1145-d227 @A: 35 05 14 24 | 03
#1146-d227 @A: 28 16 05 24 | 01
#1147-d227 @A: 33 24 16 12 | 07
#1148-d227 @A: 03 28 24 27 | 09
#1149-d227 @A: 07 04 24 34 | 10
#1150-d227 @A: 02 31 24 34 | 04
#1151-d227 @A: 03 24 11 17 | 06
#1152-d227 @A: 09 21 24 22 | 05
#1153-d227 @A: 15 10 24 23 | 02
#1154-d227 @A: 10 32 22 24 | 11
#1155-d227 @A: 09 20 24 18 | 12
#1156-d227 @A: 04 35 24 18 | 08
#1157-d227 @A: 08 13 33 19 | 03
#1158-d227 @A: 08 26 19 02 | 01
#1159-d227 @A: 13 14 35 19 | 07
#1160-d227 @A: 27 35 17 19 | 09
#1161-d227 @A: 19 27 20 26 | 10
#1162-d227 @A: 23 07 33 19 | 04
#1163-d227 @A: 15 18 19 33 | 06
#1164-d227 @A: 03 06 11 19 | 05
#1165-d227 @A: 03 28 16 19 | 02
#1166-d227 @A: 26 23 28 19 | 11
#1167-d227 @A: 28 22 31 19 | 12
#1168-d227 @A: 32 29 28 19 | 08
#1169-d227 @A: 15 05 08 01 | 03
#1170-d227 @A: 05 08 11 10 | 01
#1171-d227 @A: 05 27 07 25 | 07
#1172-d227 @A: 05 02 33 35 | 09
#1173-d227 @A: 10 05 33 20 | 10
#1174-d227 @A: 03 05 10 26 | 04
#1175-d227 @A: 16 21 30 05 | 06
#1176-d227 @A: 09 30 13 05 | 05
#1177-d227 @A: 06 05 02 04 | 02
#1178-d227 @A: 21 06 05 22 | 11
#1179-d227 @A: 05 11 35 20 | 12
#1180-d227 @A: 29 25 18 05 | 08
#1181-d227 @A: 16 04 05 32 | 03
#1182-d227 @A: 08 12 15 35 | 01
#1183-d227 @A: 14 12 16 03 | 07
#1184-d227 @A: 12 17 32 34 | 09
#1185-d227 @A: 26 23 12 34 | 10
#1186-d227 @A: 12 29 34 04 | 04
#1187-d227 @A: 22 33 13 12 | 06
#1188-d227 @A: 12 02 20 03 | 05
#1189-d227 @A: 12 10 03 18 | 02
#1190-d227 @A: 03 11 12 29 | 11
#1191-d227 @A: 07 35 12 10 | 12
#1192-d227 @A: 01 30 02 12 | 08
#1193-d227 @A: 20 21 12 22 | 03
#1194-d227 @A: 10 12 15 32 | 01
#1195-d227 @A: 09 12 16 23 | 07
#1196-d227 @A: 01 16 31 12 | 09
#1197-d227 @A: 25 29 16 12 | 10
#1198-d227 @A: 32 28 18 12 | 04
#1199-d227 @A: 17 08 14 23 | 06
#1200-d227 @A: 11 08 06 14 | 05
#1201-d227 @A: 27 08 22 04 | 02
#1202-d227 @A: 08 07 34 28 | 11
#1203-d227 @A: 08 01 34 32 | 12
#1204-d227 @A: 34 26 08 11 | 08
#1205-d227 @A: 32 08 03 07 | 03
#1206-d227 @A: 10 08 35 03 | 01
#1207-d227 @A: 07 15 18 08 | 07
#1208-d227 @A: 29 04 21 08 | 09
#1209-d227 @A: 10 08 22 09 | 10
#1210-d227 @A: 32 31 23 08 | 04
#1211-d227 @A: 08 16 25 23 | 06
#1212-d227 @A: 33 14 23 16 | 05
#1213-d227 @A: 14 03 02 26 | 02
#1214-d227 @A: 13 02 07 14 | 11
#1215-d227 @A: 14 13 30 01 | 12
#1216-d227 @A: 21 15 14 29 | 08
#1217-d227 @A: 14 21 35 17 | 03
#1218-d227 @A: 14 10 25 26 | 01
#1219-d227 @A: 23 14 25 09 | 07
#1220-d227 @A: 28 32 25 14 | 09
#1221-d227 @A: 29 07 33 27 | 10
#1222-d227 @A: 27 30 15 25 | 04
#1223-d227 @A: 27 20 17 15 | 06
#1224-d227 @A: 25 17 27 10 | 05
#1225-d227 @A: 10 32 31 27 | 02
#1226-d227 @A: 29 27 28 09 | 11
#1227-d227 @A: 11 27 13 09 | 12
#1228-d227 @A: 04 01 27 11 | 08
#1229-d227 @A: 27 01 29 20 | 03
#1230-d227 @A: 27 35 13 29 | 01
#1231-d227 @A: 32 11 27 18 | 07
#1232-d227 @A: 33 34 29 03 | 09
#1233-d227 @A: 34 06 17 02 | 10
#1234-d227 @A: 02 17 34 22 | 04
#1235-d227 @A: 34 35 21 29 | 06
#1236-d227 @A: 18 34 26 25 | 05
#1237-d227 @A: 16 34 20 13 | 02
#1238-d227 @A: 07 22 32 33 | 11
#1239-d227 @A: 01 33 26 30 | 12
#1240-d227 @A: 18 33 09 13 | 08
#1241-d227 @A: 18 25 33 01 | 03
#1242-d227 @A: 35 26 20 33 | 01
#1243-d227 @A: 03 06 09 30 | 07
#1244-d227 @A: 03 04 21 17 | 09
#1245-d227 @A: 15 29 03 17 | 10
#1246-d227 @A: 09 29 03 31 | 04
#1247-d227 @A: 26 16 03 01 | 06
#1248-d227 @A: 04 03 20 28 | 05
#1249-d227 @A: 32 03 22 26 | 02
#1250-d227 @A: 09 07 20 30 | 11
#1251-d227 @A: 10 07 17 20 | 12
#1252-d227 @A: 07 06 28 26 | 08
#1253-d227 @A: 09 07 35 31 | 03
#1254-d227 @A: 11 28 07 01 | 01
#1255-d227 @A: 25 02 10 30 | 07
#1256-d227 @A: 10 30 11 31 | 09
#1257-d227 @A: 09 28 30 16 | 10
#1258-d227 @A: 32 16 18 30 | 04
#1259-d227 @A: 11 30 20 26 | 06
#1260-d227 @A: 11 30 13 32 | 05
#1261-d227 @A: 09 04 02 11 | 02
#1262-d227 @A: 02 29 11 25 | 11
#1263-d227 @A: 18 02 16 20 | 12
#1264-d227 @A: 01 21 26 09 | 08
#1265-d227 @A: 09 04 13 21 | 03
#1266-d227 @A: 04 35 20 15 | 01
#1267-d227 @A: 22 15 25 28 | 07
#1268-d227 @A: 10 26 17 28 | 09
#1269-d227 @A: 04 35 11 10 | 10
#1270-d227 @A: 06 17 29 09 | 04
#1271-d227 @A: 06 28 04 17 | 06
#1272-d227 @A: 17 13 09 25 | 05
#1273-d227 @A: 28 23 17 35 | 02
#1274-d227 @A: 01 17 13 26 | 11
#1275-d227 @A: 35 32 13 17 | 12
#1276-d227 @A: 28 06 13 23 | 08
#1277-d227 @A: 06 32 11 20 | 03
#1278-d227 @A: 05 24 08 29 | 01
#1279-d227 @A: 24 17 04 05 | 07
#1280-d227 @A: 12 24 01 34 | 09
#1281-d227 @A: 08 24 10 31 | 10
#1282-d227 @A: 01 17 08 24 | 04
#1283-d227 @A: 07 24 14 25 | 06
#1284-d227 @A: 29 10 34 24 | 05
#1285-d227 @A: 24 31 18 33 | 02
#1286-d227 @A: 03 24 15 07 | 11
#1287-d227 @A: 03 24 06 04 | 12
#1288-d227 @A: 22 06 07 24 | 08
#1289-d227 @A: 17 25 02 24 | 03
#1290-d227 @A: 24 17 21 32 | 01
#1291-d227 @A: 15 24 04 01 | 07
#1292-d227 @A: 24 15 20 25 | 09
#1293-d227 @A: 23 24 13 25 | 10
#1294-d227 @A: 25 24 31 01 | 04
#1295-d227 @A: 22 24 13 01 | 06
#1296-d227 @A: 26 24 32 31 | 05
#1297-d227 @A: 04 25 22 24 | 02
#1298-d227 @A: 24 13 29 18 | 11
#1299-d227 @A: 09 05 19 12 | 12
#1300-d227 @A: 02 19 05 31 | 08
#1301-d227 @A: 25 21 19 05 | 03
#1302-d227 @A: 19 05 06 16 | 01
#1303-d227 @A: 12 27 19 28 | 07
#1304-d227 @A: 30 19 25 14 | 09
#1305-d227 @A: 10 07 27 19 | 10
#1306-d227 @A: 29 19 30 34 | 04
#1307-d227 @A: 19 29 10 33 | 06
#1308-d227 @A: 33 19 09 06 | 05
#1309-d227 @A: 07 02 18 19 | 02
#1310-d227 @A: 35 21 06 19 | 11
#1311-d227 @A: 28 18 19 21 | 12
#1312-d227 @A: 10 31 19 17 | 08
#1313-d227 @A: 13 19 23 11 | 03
#1314-d227 @A: 20 35 19 32 | 01
#1315-d227 @A: 27 05 12 11 | 07
#1316-d227 @A: 25 05 12 28 | 09
#1317-d227 @A: 05 14 10 04 | 10
#1318-d227 @A: 05 13 03 32 | 04
#1319-d227 @A: 07 01 10 05 | 06
#1320-d227 @A: 31 25 09 05 | 05
#1321-d227 @A: 18 26 23 05 | 02
#1322-d227 @A: 32 05 25 22 | 11
#1323-d227 @A: 18 27 02 12 | 12
#1324-d227 @A: 07 22 12 34 | 08
#1325-d227 @A: 12 33 31 15 | 03
#1326-d227 @A: 03 01 06 12 | 01
#1327-d227 @A: 20 12 04 10 | 07
#1328-d227 @A: 35 12 26 28 | 09
#1329-d227 @A: 29 18 08 27 | 10
#1330-d227 @A: 20 06 08 34 | 04
#1331-d227 @A: 25 08 09 03 | 06
#1332-d227 @A: 08 10 16 07 | 05
#1333-d227 @A: 21 08 13 02 | 02
#1334-d227 @A: 08 25 06 02 | 11
#1335-d227 @A: 08 13 10 15 | 12
#1336-d227 @A: 15 04 09 08 | 08
#1337-d227 @A: 25 15 32 08 | 03
#1338-d227 @A: 35 09 08 28 | 01
#1339-d227 @A: 08 23 04 35 | 07
#1340-d227 @A: 34 14 33 01 | 09
#1341-d227 @A: 28 14 30 34 | 10
#1342-d227 @A: 34 14 04 02 | 04
#1343-d227 @A: 31 16 14 30 | 06
#1344-d227 @A: 14 11 02 10 | 05
#1345-d227 @A: 16 02 32 14 | 02
#1346-d227 @A: 29 14 25 06 | 11
#1347-d227 @A: 22 25 06 14 | 12
#1348-d227 @A: 14 32 29 09 | 08
#1349-d227 @A: 11 14 23 01 | 03
#1350-d227 @A: 01 29 18 14 | 01
#1351-d227 @A: 31 14 20 26 | 07
#1352-d227 @A: 04 26 14 29 | 09
#1353-d227 @A: 32 27 03 33 | 10
#1354-d227 @A: 27 33 26 10 | 04
#1355-d227 @A: 27 33 20 06 | 06
#1356-d227 @A: 27 35 06 03 | 05
#1357-d227 @A: 01 27 15 21 | 02
#1358-d227 @A: 22 06 27 15 | 11
#1359-d227 @A: 09 35 27 25 | 12
#1360-d227 @A: 27 31 23 35 | 08
#1361-d227 @A: 25 32 27 01 | 03
#1362-d227 @A: 27 11 20 25 | 01
#1363-d227 @A: 28 33 34 15 | 07
#1364-d227 @A: 26 33 17 34 | 09
#1365-d227 @A: 02 34 30 16 | 10
#1366-d227 @A: 34 20 31 01 | 04
#1367-d227 @A: 34 28 32 35 | 06
#1368-d227 @A: 31 34 32 16 | 05
#1369-d227 @A: 03 35 17 33 | 02
#1370-d227 @A: 11 33 20 07 | 11
#1371-d227 @A: 30 22 10 33 | 12
#1372-d227 @A: 15 06 13 33 | 08
#1373-d227 @A: 33 06 32 29 | 03
#1374-d227 @A: 04 09 28 33 | 01
#1375-d227 @A: 33 13 28 01 | 07
#1376-d227 @A: 15 03 30 22 | 09
#1377-d227 @A: 18 17 03 02 | 10
#1378-d227 @A: 09 15 28 03 | 04
#1379-d227 @A: 17 01 03 20 | 06
#1380-d227 @A: 25 35 28 03 | 05
#1381-d227 @A: 01 09 18 07 | 02
#1382-d227 @A: 29 07 11 31 | 11
#1383-d227 @A: 32 31 13 07 | 12
#1384-d227 @A: 29 16 07 18 | 08
#1385-d227 @A: 13 30 15 04 | 03
#1386-d227 @A: 29 25 30 09 | 01
#1387-d227 @A: 30 32 09 26 | 07
#1388-d227 @A: 16 30 23 11 | 09
#1389-d227 @A: 02 10 26 15 | 10
#1390-d227 @A: 02 20 28 15 | 04
#1391-d227 @A: 17 13 02 31 | 06
#1392-d227 @A: 20 23 11 02 | 05
#1393-d227 @A: 18 35 02 01 | 02
#1394-d227 @A: 02 04 26 18 | 11
#1395-d227 @A: 15 04 32 21 | 12
#1396-d227 @A: 21 11 16 15 | 08
#1397-d227 @A: 09 20 21 28 | 03
#1398-d227 @A: 35 11 31 21 | 01
#1399-d227 @A: 35 13 28 15 | 07
#1400-d227 @A: 15 26 31 28 | 09
#1401-d227 @A: 29 18 28 15 | 10
#1402-d227 @A: 32 23 06 17 | 04
#1403-d227 @A: 01 17 25 16 | 06
#1404-d227 @A: 35 25 17 18 | 05
#1405-d227 @A: 09 32 06 31 | 02
#1406-d227 @A: 23 26 06 01 | 11
#1407-d227 @A: 16 06 23 31 | 12
#1408-d227 @A: 28 31 29 06 | 08
#1409-d227 @A: 13 20 06 25 | 03
#1410-d227 @A: 32 04 06 18 | 01
#1411-d227 @A: 06 26 04 11 | 07
#1412-d227 @A: 06 32 18 22 | 09
#1413-d227 @A: 11 09 25 22 | 10
#1414-d227 @A: 30 24 35 12 | 04
#1415-d227 @A: 15 18 12 24 | 06
#1416-d227 @A: 12 24 10 13 | 05
#1417-d227 @A: 22 24 02 08 | 02
#1418-d227 @A: 24 14 06 26 | 11
#1419-d227 @A: 17 28 24 34 | 12
#1420-d227 @A: 24 33 28 07 | 08
#1421-d227 @A: 24 03 35 32 | 03
#1422-d227 @A: 17 24 10 18 | 01
#1423-d227 @A: 10 32 11 24 | 07
#1424-d227 @A: 23 24 06 09 | 09
#1425-d227 @A: 32 05 10 19 | 10
#1426-d227 @A: 34 10 12 19 | 04
#1427-d227 @A: 19 01 21 08 | 06
#1428-d227 @A: 30 27 33 19 | 05
#1429-d227 @A: 07 19 01 22 | 02
#1430-d227 @A: 22 19 02 18 | 11
#1431-d227 @A: 23 19 09 17 | 12
#1432-d227 @A: 06 23 19 04 | 08
#1433-d227 @A: 25 19 11 01 | 03
#1434-d227 @A: 19 28 25 04 | 01
#1435-d227 @A: 19 16 26 04 | 07
#1436-d227 @A: 13 19 20 29 | 09
#1437-d227 @A: 34 18 05 12 | 10
#1438-d227 @A: 17 12 06 05 | 04
#1439-d227 @A: 34 31 08 05 | 06
#1440-d227 @A: 15 26 14 05 | 05
#1441-d227 @A: 31 14 28 05 | 02
#1442-d227 @A: 03 29 27 05 | 11
#1443-d227 @A: 04 27 21 05 | 12
#1444-d227 @A: 26 05 34 32 | 08
#1445-d227 @A: 01 03 05 21 | 03
#1446-d227 @A: 05 28 21 07 | 01
#1447-d227 @A: 11 05 30 22 | 07
#1448-d227 @A: 15 02 05 16 | 09
#1449-d227 @A: 17 21 05 26 | 10
#1450-d227 @A: 31 32 05 15 | 04
#1451-d227 @A: 01 16 18 05 | 06
#1452-d227 @A: 09 12 07 08 | 05
#1453-d227 @A: 12 26 08 10 | 02
#1454-d227 @A: 13 12 14 34 | 11
#1455-d227 @A: 14 12 32 06 | 12
#1456-d227 @A: 12 09 33 03 | 08
#1457-d227 @A: 28 12 30 21 | 03
#1458-d227 @A: 30 06 11 12 | 01
#1459-d227 @A: 21 12 01 17 | 07
#1460-d227 @A: 15 09 20 12 | 09
#1461-d227 @A: 01 26 25 12 | 10
#1462-d227 @A: 12 13 11 35 | 04
#1463-d227 @A: 14 08 26 27 | 06
#1464-d227 @A: 21 33 27 08 | 05
#1465-d227 @A: 17 08 34 13 | 02
#1466-d227 @A: 33 08 18 03 | 11
#1467-d227 @A: 08 06 33 28 | 12
#1468-d227 @A: 08 03 31 20 | 08
#1469-d227 @A: 01 07 06 08 | 03
#1470-d227 @A: 08 23 11 09 | 01
#1471-d227 @A: 09 08 18 32 | 07
#1472-d227 @A: 11 20 08 16 | 09
#1473-d227 @A: 27 17 31 14 | 10
#1474-d227 @A: 27 14 09 18 | 04
#1475-d227 @A: 34 25 14 21 | 06
#1476-d227 @A: 14 07 10 33 | 05
#1477-d227 @A: 13 17 33 14 | 02
#1478-d227 @A: 14 22 33 16 | 11
#1479-d227 @A: 14 20 07 23 | 12
#1480-d227 @A: 22 14 13 02 | 08
#1481-d227 @A: 18 10 15 14 | 03
#1482-d227 @A: 17 14 32 15 | 01
#1483-d227 @A: 15 23 14 13 | 07
#1484-d227 @A: 09 13 20 14 | 09
#1485-d227 @A: 32 14 26 23 | 10
#1486-d227 @A: 18 30 26 27 | 04
#1487-d227 @A: 27 10 16 21 | 06
#1488-d227 @A: 15 29 06 27 | 05
#1489-d227 @A: 31 27 26 01 | 02
#1490-d227 @A: 27 26 29 25 | 11
#1491-d227 @A: 07 33 34 25 | 12
#1492-d227 @A: 34 18 03 15 | 08
#1493-d227 @A: 11 07 34 17 | 03
#1494-d227 @A: 07 06 34 23 | 01
#1495-d227 @A: 34 30 06 04 | 07
#1496-d227 @A: 04 15 34 17 | 09
#1497-d227 @A: 04 01 34 10 | 10
#1498-d227 @A: 34 22 20 01 | 04
#1499-d227 @A: 26 33 13 03 | 06
#1500-d227 @A: 15 20 33 30 | 05
#1501-d227 @A: 15 02 33 32 | 02
#1502-d227 @A: 06 33 02 01 | 11
#1503-d227 @A: 33 17 22 21 | 12
#1504-d227 @A: 17 09 33 10 | 08
#1505-d227 @A: 01 33 35 29 | 03
#1506-d227 @A: 33 31 16 04 | 01
#1507-d227 @A: 33 04 26 25 | 07
#1508-d227 @A: 33 29 11 16 | 09
#1509-d227 @A: 03 28 07 02 | 10
#1510-d227 @A: 03 29 28 21 | 04
#1511-d227 @A: 09 03 22 04 | 06
#1512-d227 @A: 13 03 35 31 | 05
#1513-d227 @A: 16 20 03 35 | 02
#1514-d227 @A: 11 03 31 16 | 11
#1515-d227 @A: 02 07 21 16 | 12
#1516-d227 @A: 25 02 07 01 | 08
#1517-d227 @A: 21 35 07 15 | 03
#1518-d227 @A: 06 15 07 25 | 01
#1519-d227 @A: 07 04 09 29 | 07
#1520-d227 @A: 22 07 23 20 | 09
#1521-d227 @A: 07 29 25 28 | 10
#1522-d227 @A: 07 18 26 20 | 04
#1523-d227 @A: 17 30 35 02 | 06
#1524-d227 @A: 02 20 30 22 | 05
#1525-d227 @A: 13 30 20 10 | 02
#1526-d227 @A: 28 29 30 23 | 11
#1527-d227 @A: 30 04 25 32 | 12
#1528-d227 @A: 10 02 06 20 | 08
#1529-d227 @A: 06 10 22 02 | 03
#1530-d227 @A: 22 02 35 17 | 01
#1531-d227 @A: 09 35 02 26 | 07
#1532-d227 @A: 04 13 02 28 | 09
#1533-d227 @A: 11 22 02 32 | 10
#1534-d227 @A: 29 21 09 11 | 04
#1535-d227 @A: 01 25 21 23 | 06
#1536-d227 @A: 18 21 29 23 | 05
#1537-d227 @A: 16 21 18 35 | 02
#1538-d227 @A: 28 15 25 01 | 11
#1539-d227 @A: 15 28 04 11 | 12
#1540-d227 @A: 13 15 20 18 | 08
#1541-d227 @A: 13 35 09 10 | 03
#1542-d227 @A: 10 23 04 26 | 01
#1543-d227 @A: 31 10 20 25 | 07
#1544-d227 @A: 18 10 31 29 | 09
#1545-d227 @A: 13 25 10 16 | 10
#1546-d227 @A: 17 18 23 01 | 04
#1547-d227 @A: 29 26 17 18 | 06
#1548-d227 @A: 16 22 17 13 | 05
#1549-d227 @A: 29 06 13 01 | 02
#1550-d227 @A: 32 35 06 25 | 11
#1551-d227 @A: 16 28 06 25 | 12
#1552-d227 @A: 23 22 16 32 | 08
#1553-d227 @A: 35 29 18 22 | 03
#1554-d227 @A: 22 29 11 20 | 01
#1555-d227 @A: 26 24 19 05 | 07
#1556-d227 @A: 24 19 23 27 | 09
#1557-d227 @A: 05 21 20 24 | 10
#1558-d227 @A: 10 24 05 25 | 04
#1559-d227 @A: 24 32 18 05 | 06
#1560-d227 @A: 07 24 12 32 | 05
#1561-d227 @A: 06 25 12 24 | 02
#1562-d227 @A: 24 08 14 04 | 11
#1563-d227 @A: 34 24 09 03 | 12
#1564-d227 @A: 28 30 02 24 | 08
#1565-d227 @A: 20 24 02 32 | 03
#1566-d227 @A: 26 17 24 09 | 01
#1567-d227 @A: 11 31 24 23 | 07
#1568-d227 @A: 22 20 24 35 | 09
#1569-d227 @A: 20 24 31 29 | 10
#1570-d227 @A: 24 25 32 29 | 04
#1571-d227 @A: 19 01 33 05 | 06
#1572-d227 @A: 19 12 25 20 | 05
#1573-d227 @A: 29 19 06 08 | 02
#1574-d227 @A: 10 14 23 19 | 11
#1575-d227 @A: 34 27 19 32 | 12
#1576-d227 @A: 19 06 25 34 | 08
#1577-d227 @A: 35 26 19 03 | 03
#1578-d227 @A: 19 18 25 09 | 01
#1579-d227 @A: 18 19 23 16 | 07
#1580-d227 @A: 16 31 25 19 | 09
#1581-d227 @A: 13 26 19 31 | 10
#1582-d227 @A: 19 04 29 11 | 04
#1583-d227 @A: 12 21 05 08 | 06
#1584-d227 @A: 05 33 12 32 | 05
#1585-d227 @A: 03 08 02 05 | 02
#1586-d227 @A: 05 17 14 16 | 11
#1587-d227 @A: 34 16 33 05 | 12
#1588-d227 @A: 07 05 13 34 | 08
#1589-d227 @A: 35 07 05 03 | 03
#1590-d227 @A: 16 23 05 03 | 01
#1591-d227 @A: 18 05 07 06 | 07
#1592-d227 @A: 02 05 25 32 | 09
#1593-d227 @A: 10 23 06 05 | 10
#1594-d227 @A: 20 09 23 05 | 04
#1595-d227 @A: 13 01 31 05 | 06
#1596-d227 @A: 05 31 04 11 | 05
#1597-d227 @A: 05 13 20 26 | 02
#1598-d227 @A: 12 29 14 07 | 11
#1599-d227 @A: 09 11 14 12 | 12
#1600-d227 @A: 11 34 12 21 | 08
#1601-d227 @A: 21 29 12 33 | 03
#1602-d227 @A: 01 10 33 12 | 01
#1603-d227 @A: 12 03 21 35 | 07
#1604-d227 @A: 02 12 29 28 | 09
#1605-d227 @A: 01 12 06 22 | 10
#1606-d227 @A: 04 12 09 18 | 04
#1607-d227 @A: 26 13 12 09 | 06
#1608-d227 @A: 25 04 12 35 | 05
#1609-d227 @A: 08 03 01 14 | 02
#1610-d227 @A: 30 14 15 08 | 11
#1611-d227 @A: 02 08 34 15 | 12
#1612-d227 @A: 08 21 22 03 | 08
#1613-d227 @A: 30 29 07 08 | 03
#1614-d227 @A: 23 15 29 08 | 01
#1615-d227 @A: 08 01 16 35 | 07
#1616-d227 @A: 25 08 11 35 | 09
#1617-d227 @A: 08 20 13 35 | 10
#1618-d227 @A: 08 13 11 18 | 04
#1619-d227 @A: 25 27 33 14 | 06
#1620-d227 @A: 14 03 32 34 | 05
#1621-d227 @A: 10 14 32 30 | 02
#1622-d227 @A: 20 17 30 14 | 11
#1623-d227 @A: 01 04 09 14 | 12
#1624-d227 @A: 14 23 04 28 | 08
#1625-d227 @A: 18 25 13 14 | 03
#1626-d227 @A: 03 21 13 27 | 01
#1627-d227 @A: 11 30 27 02 | 07
#1628-d227 @A: 27 02 21 09 | 09
#1629-d227 @A: 02 27 06 32 | 10
#1630-d227 @A: 21 27 22 26 | 04
#1631-d227 @A: 10 28 06 27 | 06
#1632-d227 @A: 31 27 18 28 | 05
#1633-d227 @A: 11 34 03 28 | 02
#1634-d227 @A: 34 10 21 26 | 11
#1635-d227 @A: 15 26 34 01 | 12
#1636-d227 @A: 15 25 34 31 | 08
#1637-d227 @A: 15 22 34 29 | 03
#1638-d227 @A: 09 34 28 01 | 01
#1639-d227 @A: 33 10 03 28 | 07
#1640-d227 @A: 06 03 33 23 | 09
#1641-d227 @A: 33 02 13 30 | 10
#1642-d227 @A: 04 17 33 02 | 04
#1643-d227 @A: 33 28 21 35 | 06
#1644-d227 @A: 09 33 26 23 | 05
#1645-d227 @A: 35 33 22 31 | 02
#1646-d227 @A: 07 09 03 13 | 11
#1647-d227 @A: 35 03 02 23 | 12
#1648-d227 @A: 03 10 32 17 | 08
#1649-d227 @A: 18 09 11 03 | 03
#1650-d227 @A: 03 32 04 31 | 01
#1651-d227 @A: 31 03 29 22 | 07
#1652-d227 @A: 28 26 03 18 | 09
#1653-d227 @A: 07 20 29 02 | 10
#1654-d227 @A: 22 18 21 07 | 04
#1655-d227 @A: 13 17 15 07 | 06
#1656-d227 @A: 11 06 07 10 | 05
#1657-d227 @A: 09 25 07 26 | 02
#1658-d227 @A: 29 01 07 26 | 11
#1659-d227 @A: 25 16 07 32 | 12
#1660-d227 @A: 07 13 11 26 | 08
#1661-d227 @A: 29 15 10 30 | 03
#1662-d227 @A: 15 01 06 30 | 01
#1663-d227 @A: 32 06 30 28 | 07
#1664-d227 @A: 26 22 30 09 | 09
#1665-d227 @A: 01 11 29 30 | 10
#1666-d227 @A: 35 13 30 25 | 04
#1667-d227 @A: 21 02 01 10 | 06
#1668-d227 @A: 29 09 18 02 | 05
#1669-d227 @A: 11 02 32 35 | 02
#1670-d227 @A: 31 02 28 32 | 11
#1671-d227 @A: 21 22 13 25 | 12
#1672-d227 @A: 16 28 04 21 | 08
#1673-d227 @A: 15 11 09 25 | 03
#1674-d227 @A: 32 09 15 13 | 01
#1675-d227 @A: 15 20 16 01 | 07
#1676-d227 @A: 31 20 11 15 | 09
#1677-d227 @A: 09 06 10 26 | 10
#1678-d227 @A: 16 10 09 18 | 04
#1679-d227 @A: 10 23 16 20 | 06
#1680-d227 @A: 01 25 35 10 | 05
#1681-d227 @A: 10 26 22 31 | 02
#1682-d227 @A: 11 10 25 18 | 11
#1683-d227 @A: 28 13 11 10 | 12
#1684-d227 @A: 17 13 23 20 | 08
#1685-d227 @A: 16 23 26 17 | 03
#1686-d227 @A: 17 35 26 11 | 01
#1687-d227 @A: 26 17 04 31 | 07
#1688-d227 @A: 32 26 13 06 | 09
#1689-d227 @A: 20 09 22 16 | 10
