#0001-d237 @A: 16 12 19 11 | 12
#0002-d237 @A: 28 34 12 05 | 06
#0003-d237 @A: 15 12 18 30 | 11
#0004-d237 @A: 08 32 12 17 | 05
#0005-d237 @A: 20 26 12 02 | 09
#0006-d237 @A: 31 12 09 14 | 10
#0007-d237 @A: 33 12 06 31 | 07
#0008-d237 @A: 30 24 12 04 | 03
#0009-d237 @A: 03 17 12 24 | 01
#0010-d237 @A: 34 10 14 12 | 08
#0011-d237 @A: 34 25 12 29 | 02
#0012-d237 @A: 12 29 33 16 | 04
#0013-d237 @A: 07 12 29 08 | 12
#0014-d237 @A: 18 19 35 04 | 06
#0015-d237 @A: 35 28 20 18 | 11
#0016-d237 @A: 33 35 18 17 | 05
#0017-d237 @A: 35 32 03 16 | 09
#0018-d237 @A: 26 35 03 10 | 10
#0019-d237 @A: 35 05 15 26 | 07
#0020-d237 @A: 24 30 13 35 | 03
#0021-d237 @A: 35 33 07 09 | 01
#0022-d237 @A: 04 29 20 35 | 08
#0023-d237 @A: 15 02 01 35 | 02
#0024-d237 @A: 11 29 23 35 | 04
#0025-d237 @A: 35 17 11 09 | 12
#0026-d237 @A: 19 18 32 09 | 06
#0027-d237 @A: 25 19 31 32 | 11
#0028-d237 @A: 19 26 30 11 | 05
#0029-d237 @A: 34 31 19 09 | 09
#0030-d237 @A: 27 19 31 30 | 10
#0031-d237 @A: 19 31 23 03 | 07
#0032-d237 @A: 33 21 19 24 | 03
#0033-d237 @A: 19 33 10 01 | 01
#0034-d237 @A: 07 19 27 34 | 08
#0035-d237 @A: 19 34 29 33 | 02
#0036-d237 @A: 19 06 08 14 | 04
#0037-d237 @A: 19 20 07 17 | 12
#0038-d237 @A: 07 15 19 09 | 06
#0039-d237 @A: 04 19 06 17 | 11
#0040-d237 @A: 02 19 11 29 | 05
#0041-d237 @A: 01 11 19 05 | 09
#0042-d237 @A: 28 06 26 32 | 10
#0043-d237 @A: 32 07 01 28 | 07
#0044-d237 @A: 33 05 32 28 | 03
#0045-d237 @A: 34 26 28 21 | 01
#0046-d237 @A: 31 17 28 23 | 08
#0047-d237 @A: 24 14 02 28 | 02
#0048-d237 @A: 28 24 25 23 | 04
#0049-d237 @A: 28 02 10 08 | 12
#0050-d237 @A: 22 28 23 08 | 06
#0051-d237 @A: 11 15 16 28 | 11
#0052-d237 @A: 09 20 23 28 | 05
#0053-d237 @A: 28 29 01 05 | 09
#0054-d237 @A: 24 18 34 23 | 10
#0055-d237 @A: 05 24 07 18 | 07
#0056-d237 @A: 02 08 18 06 | 03
#0057-d237 @A: 15 02 33 18 | 01
#0058-d237 @A: 18 03 09 27 | 08
#0059-d237 @A: 04 31 32 26 | 02
#0060-d237 @A: 11 32 26 16 | 04
#0061-d237 @A: 02 34 32 10 | 12
#0062-d237 @A: 15 06 32 34 | 06
#0063-d237 @A: 22 27 32 09 | 11
#0064-d237 @A: 03 01 32 21 | 05
#0065-d237 @A: 25 20 13 32 | 09
#0066-d237 @A: 01 32 23 15 | 10
#0067-d237 @A: 31 13 30 26 | 07
#0068-d237 @A: 31 21 06 26 | 03
#0069-d237 @A: 24 11 26 33 | 01
#0070-d237 @A: 06 26 33 10 | 08
#0071-d237 @A: 01 08 22 26 | 02
#0072-d237 @A: 26 06 16 05 | 04
#0073-d237 @A: 26 02 07 05 | 12
#0074-d237 @A: 04 26 03 05 | 06
#0075-d237 @A: 21 26 03 23 | 11
#0076-d237 @A: 26 25 09 15 | 05
#0077-d237 @A: 24 08 31 21 | 09
#0078-d237 @A: 31 04 02 24 | 10
#0079-d237 @A: 29 31 10 14 | 07
#0080-d237 @A: 31 16 34 05 | 03
#0081-d237 @A: 20 33 31 29 | 01
#0082-d237 @A: 25 31 20 06 | 08
#0083-d237 @A: 17 05 31 29 | 02
#0084-d237 @A: 22 24 10 20 | 04
#0085-d237 @A: 24 15 22 07 | 12
#0086-d237 @A: 06 24 16 01 | 06
#0087-d237 @A: 09 24 33 14 | 11
#0088-d237 @A: 24 11 04 13 | 05
#0089-d237 @A: 05 25 24 27 | 09
#0090-d237 @A: 24 05 09 23 | 10
#0091-d237 @A: 21 17 01 24 | 07
#0092-d237 @A: 07 13 10 34 | 03
#0093-d237 @A: 10 08 16 23 | 01
#0094-d237 @A: 03 10 23 15 | 08
#0095-d237 @A: 10 09 11 25 | 02
#0096-d237 @A: 25 22 34 16 | 04
#0097-d237 @A: 16 30 34 20 | 12
#0098-d237 @A: 34 08 30 03 | 06
#0099-d237 @A: 33 30 34 06 | 11
#0100-d237 @A: 34 16 29 15 | 05
#0101-d237 @A: 06 03 02 34 | 09
#0102-d237 @A: 22 16 08 13 | 10
#0103-d237 @A: 21 15 03 22 | 07
#0104-d237 @A: 04 02 22 27 | 03
#0105-d237 @A: 30 33 14 29 | 01
#0106-d237 @A: 04 15 30 14 | 08
#0107-d237 @A: 25 09 30 33 | 02
#0108-d237 @A: 13 11 30 03 | 04
#0109-d237 @A: 30 02 17 27 | 12
#0110-d237 @A: 11 09 27 30 | 06
#0111-d237 @A: 17 06 23 30 | 11
#0112-d237 @A: 07 16 02 33 | 05
#0113-d237 @A: 08 16 25 09 | 09
#0114-d237 @A: 04 13 16 15 | 10
#0115-d237 @A: 16 04 05 20 | 07
#0116-d237 @A: 16 17 05 27 | 03
#0117-d237 @A: 16 15 09 13 | 01
#0118-d237 @A: 11 09 05 16 | 08
#0119-d237 @A: 27 14 15 05 | 02
#0120-d237 @A: 23 06 14 11 | 04
#0121-d237 @A: 07 21 08 01 | 12
#0122-d237 @A: 04 01 07 27 | 06
#0123-d237 @A: 27 07 09 05 | 11
#0124-d237 @A: 07 06 21 02 | 05
#0125-d237 @A: 03 20 08 05 | 09
#0126-d237 @A: 11 13 01 08 | 10
#0127-d237 @A: 20 09 15 08 | 07
#0128-d237 @A: 13 01 33 20 | 03
#0129-d237 @A: 08 12 35 20 | 01
#0130-d237 @A: 33 11 12 35 | 08
#0131-d237 @A: 12 28 04 19 | 02
#0132-d237 @A: 12 25 19 24 | 04
#0133-d237 @A: 32 34 13 12 | 12
#0134-d237 @A: 16 25 12 32 | 06
#0135-d237 @A: 12 14 24 06 | 11
#0136-d237 @A: 02 24 29 12 | 05
#0137-d237 @A: 30 16 23 12 | 09
#0138-d237 @A: 30 12 06 07 | 10
#0139-d237 @A: 15 12 05 07 | 07
#0140-d237 @A: 23 12 25 09 | 03
#0141-d237 @A: 31 06 19 35 | 01
#0142-d237 @A: 28 33 35 21 | 08
#0143-d237 @A: 13 35 11 28 | 02
#0144-d237 @A: 26 31 35 05 | 04
#0145-d237 @A: 26 29 35 33 | 12
#0146-d237 @A: 35 02 17 26 | 06
#0147-d237 @A: 24 01 35 11 | 11
#0148-d237 @A: 05 10 30 35 | 05
#0149-d237 @A: 20 10 35 01 | 09
#0150-d237 @A: 01 29 35 16 | 10
#0151-d237 @A: 35 02 07 08 | 07
#0152-d237 @A: 09 03 01 35 | 03
#0153-d237 @A: 23 35 27 09 | 01
#0154-d237 @A: 06 11 05 35 | 08
#0155-d237 @A: 28 19 32 11 | 02
#0156-d237 @A: 25 26 28 19 | 04
#0157-d237 @A: 26 19 22 06 | 12
#0158-d237 @A: 05 19 31 21 | 06
#0159-d237 @A: 15 19 24 14 | 11
#0160-d237 @A: 30 19 29 07 | 05
#0161-d237 @A: 11 19 27 33 | 09
#0162-d237 @A: 19 13 21 06 | 10
#0163-d237 @A: 09 19 06 29 | 07
#0164-d237 @A: 19 05 17 25 | 03
#0165-d237 @A: 28 18 34 03 | 01
#0166-d237 @A: 32 14 28 27 | 08
#0167-d237 @A: 28 08 32 29 | 02
#0168-d237 @A: 28 26 33 09 | 04
#0169-d237 @A: 31 28 01 33 | 12
#0170-d237 @A: 08 04 34 28 | 06
#0171-d237 @A: 06 04 15 28 | 11
#0172-d237 @A: 26 18 32 21 | 05
#0173-d237 @A: 08 26 18 25 | 09
#0174-d237 @A: 26 18 20 05 | 10
#0175-d237 @A: 31 14 30 18 | 07
#0176-d237 @A: 18 25 15 24 | 03
#0177-d237 @A: 20 33 18 22 | 01
#0178-d237 @A: 08 03 18 16 | 08
#0179-d237 @A: 18 07 14 09 | 02
#0180-d237 @A: 18 07 23 08 | 04
#0181-d237 @A: 25 18 27 02 | 12
#0182-d237 @A: 09 23 13 18 | 06
#0183-d237 @A: 32 31 34 29 | 11
#0184-d237 @A: 32 31 13 16 | 05
#0185-d237 @A: 24 32 07 34 | 09
#0186-d237 @A: 17 22 24 32 | 10
#0187-d237 @A: 32 03 30 24 | 07
#0188-d237 @A: 15 32 04 10 | 03
#0189-d237 @A: 25 06 32 22 | 01
#0190-d237 @A: 14 08 32 05 | 08
#0191-d237 @A: 17 33 13 32 | 02
#0192-d237 @A: 32 04 21 05 | 04
#0193-d237 @A: 32 15 21 27 | 12
#0194-d237 @A: 11 05 32 15 | 06
#0195-d237 @A: 02 26 24 25 | 11
#0196-d237 @A: 17 22 16 26 | 05
#0197-d237 @A: 26 21 04 25 | 09
#0198-d237 @A: 21 31 33 10 | 10
#0199-d237 @A: 15 10 31 05 | 07
#0200-d237 @A: 33 34 31 04 | 03
#0201-d237 @A: 31 08 02 22 | 01
#0202-d237 @A: 31 01 07 30 | 08
#0203-d237 @A: 08 20 16 31 | 02
#0204-d237 @A: 04 15 31 07 | 04
#0205-d237 @A: 31 11 13 05 | 12
#0206-d237 @A: 21 13 15 31 | 06
#0207-d237 @A: 01 17 20 31 | 11
#0208-d237 @A: 11 14 24 22 | 05
#0209-d237 @A: 20 07 14 24 | 09
#0210-d237 @A: 03 06 24 25 | 10
#0211-d237 @A: 14 10 13 04 | 07
#0212-d237 @A: 21 10 14 23 | 03
#0213-d237 @A: 04 05 11 10 | 01
#0214-d237 @A: 15 27 13 10 | 08
#0215-d237 @A: 14 30 23 34 | 02
#0216-d237 @A: 34 15 23 30 | 04
#0217-d237 @A: 29 16 34 13 | 12
#0218-d237 @A: 09 34 14 08 | 06
#0219-d237 @A: 22 30 07 13 | 11
#0220-d237 @A: 08 22 06 30 | 05
#0221-d237 @A: 21 22 33 30 | 09
#0222-d237 @A: 02 22 03 29 | 10
#0223-d237 @A: 13 05 23 22 | 07
#0224-d237 @A: 01 22 13 25 | 03
#0225-d237 @A: 15 22 21 09 | 01
#0226-d237 @A: 09 30 03 04 | 08
#0227-d237 @A: 30 04 02 21 | 02
#0228-d237 @A: 04 14 16 01 | 04
#0229-d237 @A: 16 05 23 14 | 12
#0230-d237 @A: 16 25 27 33 | 06
#0231-d237 @A: 21 03 16 27 | 11
#0232-d237 @A: 27 01 16 02 | 05
#0233-d237 @A: 02 13 16 05 | 09
#0234-d237 @A: 20 11 16 02 | 10
#0235-d237 @A: 04 14 03 06 | 07
#0236-d237 @A: 05 09 14 03 | 03
#0237-d237 @A: 05 21 06 14 | 01
#0238-d237 @A: 14 02 11 25 | 08
#0239-d237 @A: 21 13 14 20 | 02
#0240-d237 @A: 29 17 14 01 | 04
#0241-d237 @A: 27 07 25 03 | 12
#0242-d237 @A: 07 04 09 02 | 06
#0243-d237 @A: 27 21 11 07 | 11
#0244-d237 @A: 01 33 08 23 | 05
#0245-d237 @A: 08 03 02 27 | 09
#0246-d237 @A: 20 17 08 02 | 10
#0247-d237 @A: 08 29 17 21 | 07
#0248-d237 @A: 13 03 33 27 | 03
#0249-d237 @A: 33 03 11 23 | 01
#0250-d237 @A: 20 17 23 33 | 08
#0251-d237 @A: 15 03 25 13 | 02
#0252-d237 @A: 15 01 06 27 | 04
#0253-d237 @A: 14 35 05 12 | 12
#0254-d237 @A: 03 12 28 16 | 06
#0255-d237 @A: 24 21 18 12 | 11
#0256-d237 @A: 04 10 32 12 | 05
#0257-d237 @A: 32 12 30 29 | 09
#0258-d237 @A: 14 12 32 20 | 10
#0259-d237 @A: 26 08 09 12 | 07
#0260-d237 @A: 12 26 27 29 | 03
#0261-d237 @A: 30 02 12 31 | 01
#0262-d237 @A: 12 17 31 07 | 08
#0263-d237 @A: 12 31 01 08 | 02
#0264-d237 @A: 10 30 27 12 | 04
#0265-d237 @A: 17 12 22 33 | 12
#0266-d237 @A: 05 07 25 12 | 06
#0267-d237 @A: 17 21 04 12 | 11
#0268-d237 @A: 20 27 17 12 | 05
#0269-d237 @A: 13 12 21 01 | 09
#0270-d237 @A: 35 28 30 32 | 10
#0271-d237 @A: 05 35 28 16 | 07
#0272-d237 @A: 13 35 26 18 | 03
#0273-d237 @A: 24 09 35 18 | 01
#0274-d237 @A: 10 14 32 35 | 08
#0275-d237 @A: 24 17 35 07 | 02
#0276-d237 @A: 29 25 22 35 | 04
#0277-d237 @A: 35 22 20 09 | 12
#0278-d237 @A: 30 35 06 14 | 06
#0279-d237 @A: 11 08 30 35 | 11
#0280-d237 @A: 35 04 23 33 | 05
#0281-d237 @A: 13 17 04 35 | 09
#0282-d237 @A: 23 21 35 20 | 10
#0283-d237 @A: 03 20 19 18 | 07
#0284-d237 @A: 34 05 32 19 | 03
#0285-d237 @A: 32 21 19 14 | 01
#0286-d237 @A: 32 02 19 01 | 08
#0287-d237 @A: 17 33 19 31 | 02
#0288-d237 @A: 19 30 23 33 | 04
#0289-d237 @A: 19 17 27 03 | 12
#0290-d237 @A: 19 29 01 25 | 06
#0291-d237 @A: 11 28 24 18 | 11
#0292-d237 @A: 28 07 18 21 | 05
#0293-d237 @A: 17 34 32 28 | 09
#0294-d237 @A: 30 31 06 28 | 10
#0295-d237 @A: 09 28 24 04 | 07
#0296-d237 @A: 10 28 34 23 | 03
#0297-d237 @A: 28 22 10 05 | 01
#0298-d237 @A: 30 05 28 23 | 08
#0299-d237 @A: 09 05 13 28 | 02
#0300-d237 @A: 25 20 29 28 | 04
#0301-d237 @A: 20 21 28 05 | 12
#0302-d237 @A: 18 07 31 13 | 06
#0303-d237 @A: 18 08 09 31 | 11
#0304-d237 @A: 18 33 11 31 | 05
#0305-d237 @A: 31 05 27 18 | 09
#0306-d237 @A: 06 15 31 18 | 10
#0307-d237 @A: 18 34 17 22 | 07
#0308-d237 @A: 07 16 18 22 | 03
#0309-d237 @A: 18 14 02 16 | 01
#0310-d237 @A: 16 23 17 18 | 08
#0311-d237 @A: 18 33 14 21 | 02
#0312-d237 @A: 17 06 18 05 | 04
#0313-d237 @A: 29 20 02 18 | 12
#0314-d237 @A: 15 18 09 11 | 06
#0315-d237 @A: 32 26 24 15 | 11
#0316-d237 @A: 32 02 33 31 | 05
#0317-d237 @A: 32 34 09 30 | 09
#0318-d237 @A: 34 21 32 08 | 10
#0319-d237 @A: 11 06 32 07 | 07
#0320-d237 @A: 13 33 32 15 | 03
#0321-d237 @A: 32 04 01 23 | 01
#0322-d237 @A: 32 23 02 09 | 08
#0323-d237 @A: 29 23 32 20 | 02
#0324-d237 @A: 26 07 31 29 | 04
#0325-d237 @A: 26 31 17 08 | 12
#0326-d237 @A: 30 16 26 03 | 06
#0327-d237 @A: 16 14 26 27 | 11
#0328-d237 @A: 33 14 17 26 | 05
#0329-d237 @A: 33 07 26 01 | 09
#0330-d237 @A: 03 11 26 20 | 10
#0331-d237 @A: 26 20 25 01 | 07
#0332-d237 @A: 16 30 31 10 | 03
#0333-d237 @A: 22 31 16 27 | 01
#0334-d237 @A: 22 05 31 14 | 08
#0335-d237 @A: 07 27 23 31 | 02
#0336-d237 @A: 31 08 29 11 | 04
#0337-d237 @A: 24 10 07 01 | 12
#0338-d237 @A: 15 10 24 01 | 06
#0339-d237 @A: 05 24 34 22 | 11
#0340-d237 @A: 21 06 11 24 | 05
#0341-d237 @A: 30 34 10 01 | 09
#0342-d237 @A: 07 10 04 22 | 10
#0343-d237 @A: 10 29 08 30 | 07
#0344-d237 @A: 25 14 10 07 | 03
#0345-d237 @A: 10 15 33 20 | 01
#0346-d237 @A: 03 10 02 17 | 08
#0347-d237 @A: 03 21 10 11 | 02
#0348-d237 @A: 10 17 27 23 | 04
#0349-d237 @A: 10 06 09 02 | 12
#0350-d237 @A: 13 23 10 25 | 06
#0351-d237 @A: 13 10 11 17 | 11
#0352-d237 @A: 34 04 22 30 | 05
#0353-d237 @A: 14 34 02 07 | 09
#0354-d237 @A: 34 04 14 27 | 10
#0355-d237 @A: 34 29 07 04 | 07
#0356-d237 @A: 21 06 34 04 | 03
#0357-d237 @A: 15 04 11 34 | 01
#0358-d237 @A: 23 29 34 02 | 08
#0359-d237 @A: 11 16 33 22 | 02
#0360-d237 @A: 14 08 03 22 | 04
#0361-d237 @A: 22 14 09 23 | 12
#0362-d237 @A: 07 22 20 08 | 06
#0363-d237 @A: 17 22 08 05 | 11
#0364-d237 @A: 23 22 33 15 | 05
#0365-d237 @A: 01 22 11 27 | 09
#0366-d237 @A: 22 17 06 02 | 10
#0367-d237 @A: 13 06 09 22 | 07
#0368-d237 @A: 11 05 02 22 | 03
#0369-d237 @A: 01 22 09 02 | 01
#0370-d237 @A: 30 33 07 11 | 08
#0371-d237 @A: 11 04 30 25 | 02
#0372-d237 @A: 20 29 11 30 | 04
#0373-d237 @A: 16 08 14 33 | 12
#0374-d237 @A: 16 03 02 04 | 06
#0375-d237 @A: 29 16 04 17 | 11
#0376-d237 @A: 20 16 27 09 | 05
#0377-d237 @A: 29 06 16 20 | 09
#0378-d237 @A: 16 23 11 13 | 10
#0379-d237 @A: 29 14 21 03 | 07
#0380-d237 @A: 02 29 04 14 | 03
#0381-d237 @A: 15 06 14 25 | 01
#0382-d237 @A: 29 14 13 23 | 08
#0383-d237 @A: 03 01 07 13 | 02
#0384-d237 @A: 05 07 04 13 | 04
#0385-d237 @A: 07 25 29 13 | 12
#0386-d237 @A: 03 33 17 08 | 06
#0387-d237 @A: 33 08 06 27 | 11
#0388-d237 @A: 08 04 15 03 | 05
#0389-d237 @A: 06 03 23 08 | 09
#0390-d237 @A: 08 29 04 27 | 10
#0391-d237 @A: 08 05 01 15 | 07
#0392-d237 @A: 01 33 09 04 | 03
#0393-d237 @A: 21 33 02 29 | 01
#0394-d237 @A: 09 33 13 11 | 08
#0395-d237 @A: 04 15 09 23 | 02
#0396-d237 @A: 20 27 15 25 | 04
#0397-d237 @A: 15 01 09 06 | 12
#0398-d237 @A: 11 21 15 23 | 06
#0399-d237 @A: 31 29 35 12 | 11
#0400-d237 @A: 13 06 35 12 | 05
#0401-d237 @A: 12 19 17 18 | 09
#0402-d237 @A: 13 19 07 12 | 10
#0403-d237 @A: 29 12 13 18 | 07
#0404-d237 @A: 13 16 12 26 | 03
#0405-d237 @A: 10 08 12 25 | 01
#0406-d237 @A: 12 01 22 30 | 08
#0407-d237 @A: 08 22 04 12 | 02
#0408-d237 @A: 21 12 03 08 | 04
#0409-d237 @A: 09 12 03 02 | 12
#0410-d237 @A: 11 29 12 03 | 06
#0411-d237 @A: 01 29 04 12 | 11
#0412-d237 @A: 09 15 27 12 | 05
#0413-d237 @A: 06 12 25 17 | 09
#0414-d237 @A: 12 21 05 02 | 10
#0415-d237 @A: 05 19 07 35 | 07
#0416-d237 @A: 19 33 35 20 | 03
#0417-d237 @A: 35 28 31 07 | 01
#0418-d237 @A: 30 18 35 21 | 08
#0419-d237 @A: 01 07 35 18 | 02
#0420-d237 @A: 35 16 11 31 | 04
#0421-d237 @A: 27 35 22 10 | 12
#0422-d237 @A: 17 08 35 16 | 06
#0423-d237 @A: 15 35 09 33 | 11
#0424-d237 @A: 35 23 03 05 | 05
#0425-d237 @A: 23 13 35 01 | 09
#0426-d237 @A: 09 30 19 28 | 10
#0427-d237 @A: 31 15 32 19 | 07
#0428-d237 @A: 10 32 13 19 | 03
#0429-d237 @A: 33 19 32 03 | 01
#0430-d237 @A: 26 19 23 16 | 08
#0431-d237 @A: 19 31 14 16 | 02
#0432-d237 @A: 24 01 19 22 | 04
#0433-d237 @A: 19 17 24 14 | 12
#0434-d237 @A: 19 08 24 02 | 06
#0435-d237 @A: 06 10 19 34 | 11
#0436-d237 @A: 19 17 08 34 | 05
#0437-d237 @A: 16 19 02 17 | 09
#0438-d237 @A: 09 01 17 19 | 10
#0439-d237 @A: 09 11 19 21 | 07
#0440-d237 @A: 28 02 18 30 | 03
#0441-d237 @A: 34 15 28 31 | 01
#0442-d237 @A: 28 07 24 27 | 08
#0443-d237 @A: 01 24 28 08 | 02
#0444-d237 @A: 28 22 14 21 | 04
#0445-d237 @A: 22 28 03 07 | 12
#0446-d237 @A: 28 07 13 16 | 06
#0447-d237 @A: 33 27 28 15 | 11
#0448-d237 @A: 02 33 28 06 | 05
#0449-d237 @A: 03 04 20 28 | 09
#0450-d237 @A: 03 17 06 28 | 10
#0451-d237 @A: 28 23 04 02 | 07
#0452-d237 @A: 06 13 28 23 | 03
#0453-d237 @A: 32 20 16 18 | 01
#0454-d237 @A: 33 26 03 18 | 08
#0455-d237 @A: 18 01 10 22 | 02
#0456-d237 @A: 15 01 34 18 | 04
#0457-d237 @A: 14 05 13 18 | 12
#0458-d237 @A: 18 13 20 04 | 06
#0459-d237 @A: 04 09 18 21 | 11
#0460-d237 @A: 02 13 18 17 | 05
#0461-d237 @A: 23 11 05 18 | 09
#0462-d237 @A: 26 32 01 14 | 10
#0463-d237 @A: 05 09 26 32 | 07
#0464-d237 @A: 23 31 32 30 | 03
#0465-d237 @A: 02 22 20 32 | 01
#0466-d237 @A: 14 07 29 32 | 08
#0467-d237 @A: 14 04 09 32 | 02
#0468-d237 @A: 13 23 08 32 | 04
#0469-d237 @A: 04 32 25 27 | 12
#0470-d237 @A: 25 32 05 02 | 06
#0471-d237 @A: 23 32 21 17 | 11
#0472-d237 @A: 11 17 32 01 | 05
#0473-d237 @A: 15 31 01 26 | 09
#0474-d237 @A: 08 26 27 24 | 10
#0475-d237 @A: 26 09 24 20 | 07
#0476-d237 @A: 06 25 26 34 | 03
#0477-d237 @A: 02 15 34 26 | 01
#0478-d237 @A: 26 22 04 33 | 08
#0479-d237 @A: 30 26 33 05 | 02
#0480-d237 @A: 14 07 26 06 | 04
#0481-d237 @A: 25 09 26 03 | 12
#0482-d237 @A: 02 21 27 26 | 06
#0483-d237 @A: 13 26 02 09 | 11
#0484-d237 @A: 25 31 22 03 | 05
#0485-d237 @A: 33 31 08 30 | 09
#0486-d237 @A: 30 03 05 31 | 10
#0487-d237 @A: 31 29 30 09 | 07
#0488-d237 @A: 33 03 31 14 | 03
#0489-d237 @A: 20 31 04 27 | 01
#0490-d237 @A: 04 31 09 05 | 08
#0491-d237 @A: 31 25 29 27 | 02
#0492-d237 @A: 29 06 02 31 | 04
#0493-d237 @A: 05 01 06 31 | 12
#0494-d237 @A: 08 24 25 22 | 06
#0495-d237 @A: 33 02 24 22 | 11
#0496-d237 @A: 15 24 11 33 | 05
#0497-d237 @A: 24 01 03 23 | 09
#0498-d237 @A: 20 29 01 24 | 10
#0499-d237 @A: 25 20 17 24 | 07
#0500-d237 @A: 33 10 02 30 | 03
#0501-d237 @A: 10 16 04 21 | 01
#0502-d237 @A: 14 17 08 10 | 08
#0503-d237 @A: 29 10 02 27 | 02
#0504-d237 @A: 27 09 13 10 | 04
#0505-d237 @A: 27 10 05 01 | 12
#0506-d237 @A: 21 20 27 10 | 06
#0507-d237 @A: 06 10 13 01 | 11
#0508-d237 @A: 21 05 25 10 | 05
#0509-d237 @A: 30 11 17 34 | 09
#0510-d237 @A: 34 23 07 16 | 10
#0511-d237 @A: 14 34 33 13 | 07
#0512-d237 @A: 17 05 04 34 | 03
#0513-d237 @A: 34 06 05 29 | 01
#0514-d237 @A: 20 05 34 13 | 08
#0515-d237 @A: 22 16 05 30 | 02
#0516-d237 @A: 07 25 22 02 | 04
#0517-d237 @A: 22 08 15 27 | 12
#0518-d237 @A: 29 22 23 17 | 06
#0519-d237 @A: 22 21 17 09 | 11
#0520-d237 @A: 27 30 07 16 | 05
#0521-d237 @A: 08 07 30 17 | 09
#0522-d237 @A: 06 03 30 21 | 10
#0523-d237 @A: 30 23 04 27 | 07
#0524-d237 @A: 20 27 25 30 | 03
#0525-d237 @A: 13 17 25 30 | 01
#0526-d237 @A: 15 21 30 20 | 08
#0527-d237 @A: 27 23 29 16 | 02
#0528-d237 @A: 20 23 16 01 | 04
#0529-d237 @A: 14 25 29 06 | 12
#0530-d237 @A: 14 01 15 13 | 06
#0531-d237 @A: 02 07 23 03 | 11
#0532-d237 @A: 02 20 01 07 | 05
#0533-d237 @A: 09 07 20 13 | 09
#0534-d237 @A: 09 07 29 21 | 10
#0535-d237 @A: 04 06 01 08 | 07
#0536-d237 @A: 20 04 08 21 | 03
#0537-d237 @A: 27 08 05 23 | 01
#0538-d237 @A: 06 25 08 21 | 08
#0539-d237 @A: 25 08 02 15 | 02
#0540-d237 @A: 20 11 23 08 | 04
#0541-d237 @A: 33 04 17 15 | 12
#0542-d237 @A: 27 33 20 05 | 06
#0543-d237 @A: 09 33 06 23 | 11
#0544-d237 @A: 17 21 33 06 | 05
#0545-d237 @A: 33 23 05 29 | 09
#0546-d237 @A: 33 11 05 25 | 10
#0547-d237 @A: 28 02 12 32 | 07
#0548-d237 @A: 21 28 12 10 | 03
#0549-d237 @A: 12 11 28 08 | 01
#0550-d237 @A: 12 08 18 27 | 08
#0551-d237 @A: 18 33 12 05 | 02
#0552-d237 @A: 03 32 12 22 | 04
#0553-d237 @A: 32 12 33 21 | 12
#0554-d237 @A: 12 26 23 24 | 06
#0555-d237 @A: 13 25 12 31 | 11
#0556-d237 @A: 24 15 29 12 | 05
#0557-d237 @A: 33 12 23 10 | 09
#0558-d237 @A: 13 30 12 08 | 10
#0559-d237 @A: 12 33 20 30 | 07
#0560-d237 @A: 15 06 12 11 | 03
#0561-d237 @A: 12 09 06 21 | 01
#0562-d237 @A: 11 23 21 12 | 08
#0563-d237 @A: 12 09 20 05 | 02
#0564-d237 @A: 03 35 28 19 | 04
#0565-d237 @A: 35 27 24 19 | 12
#0566-d237 @A: 08 19 35 01 | 06
#0567-d237 @A: 35 17 29 28 | 11
#0568-d237 @A: 18 35 16 27 | 05
#0569-d237 @A: 04 31 14 35 | 09
#0570-d237 @A: 27 15 35 34 | 10
#0571-d237 @A: 35 34 06 17 | 07
#0572-d237 @A: 13 35 09 34 | 03
#0573-d237 @A: 16 35 04 30 | 01
#0574-d237 @A: 33 01 35 30 | 08
#0575-d237 @A: 35 07 29 06 | 02
#0576-d237 @A: 07 25 11 35 | 04
#0577-d237 @A: 04 01 21 35 | 12
#0578-d237 @A: 06 35 23 02 | 06
#0579-d237 @A: 01 17 35 05 | 11
#0580-d237 @A: 01 18 26 19 | 05
#0581-d237 @A: 27 18 15 19 | 09
#0582-d237 @A: 19 26 17 10 | 10
#0583-d237 @A: 31 19 10 11 | 07
#0584-d237 @A: 22 07 19 31 | 03
#0585-d237 @A: 11 24 07 19 | 01
#0586-d237 @A: 22 19 34 23 | 08
#0587-d237 @A: 04 19 02 34 | 02
#0588-d237 @A: 22 20 19 16 | 04
#0589-d237 @A: 19 22 15 25 | 12
#0590-d237 @A: 30 05 13 19 | 06
#0591-d237 @A: 07 19 01 14 | 11
#0592-d237 @A: 27 29 20 19 | 05
#0593-d237 @A: 23 19 01 06 | 09
#0594-d237 @A: 11 20 13 19 | 10
#0595-d237 @A: 23 19 11 17 | 07
#0596-d237 @A: 18 14 06 28 | 03
#0597-d237 @A: 14 18 28 15 | 01
#0598-d237 @A: 20 10 28 32 | 08
#0599-d237 @A: 28 16 27 08 | 02
#0600-d237 @A: 17 27 04 28 | 04
#0601-d237 @A: 11 28 25 27 | 12
#0602-d237 @A: 02 13 28 29 | 06
#0603-d237 @A: 02 25 21 28 | 11
#0604-d237 @A: 28 05 23 15 | 05
#0605-d237 @A: 18 10 32 27 | 09
#0606-d237 @A: 18 14 32 22 | 10
#0607-d237 @A: 01 32 29 18 | 07
#0608-d237 @A: 31 18 04 22 | 03
#0609-d237 @A: 14 10 20 18 | 01
#0610-d237 @A: 18 34 20 07 | 08
#0611-d237 @A: 18 25 23 22 | 02
#0612-d237 @A: 07 04 18 30 | 04
#0613-d237 @A: 13 18 30 33 | 12
#0614-d237 @A: 18 09 33 02 | 06
#0615-d237 @A: 11 03 17 18 | 11
#0616-d237 @A: 01 23 02 18 | 05
#0617-d237 @A: 26 10 32 25 | 09
#0618-d237 @A: 32 07 20 31 | 10
#0619-d237 @A: 32 11 24 10 | 07
#0620-d237 @A: 08 24 32 09 | 03
#0621-d237 @A: 20 24 32 04 | 01
#0622-d237 @A: 25 32 24 01 | 08
#0623-d237 @A: 10 09 32 33 | 02
#0624-d237 @A: 16 34 32 27 | 04
#0625-d237 @A: 14 17 16 32 | 12
#0626-d237 @A: 32 03 14 02 | 06
#0627-d237 @A: 05 17 03 32 | 11
#0628-d237 @A: 11 26 34 31 | 05
#0629-d237 @A: 27 26 33 31 | 09
#0630-d237 @A: 03 24 26 14 | 10
#0631-d237 @A: 23 26 34 01 | 07
#0632-d237 @A: 07 26 16 20 | 03
#0633-d237 @A: 14 21 09 26 | 01
#0634-d237 @A: 07 13 26 08 | 08
#0635-d237 @A: 26 08 23 04 | 02
#0636-d237 @A: 17 27 26 11 | 04
#0637-d237 @A: 26 27 17 15 | 12
#0638-d237 @A: 23 06 20 26 | 06
#0639-d237 @A: 11 02 23 26 | 11
#0640-d237 @A: 09 23 26 29 | 05
#0641-d237 @A: 31 30 11 24 | 09
#0642-d237 @A: 31 25 24 33 | 10
#0643-d237 @A: 07 16 21 31 | 07
#0644-d237 @A: 16 33 09 31 | 03
#0645-d237 @A: 31 13 20 23 | 01
#0646-d237 @A: 13 09 01 31 | 08
#0647-d237 @A: 01 31 23 29 | 02
#0648-d237 @A: 33 20 34 24 | 04
#0649-d237 @A: 04 16 24 22 | 12
#0650-d237 @A: 27 24 21 22 | 06
#0651-d237 @A: 23 27 24 11 | 11
#0652-d237 @A: 15 14 10 22 | 05
#0653-d237 @A: 10 08 09 22 | 09
#0654-d237 @A: 10 03 33 22 | 10
#0655-d237 @A: 10 30 04 06 | 07
#0656-d237 @A: 14 01 10 03 | 03
#0657-d237 @A: 06 27 10 25 | 01
#0658-d237 @A: 10 17 02 15 | 08
#0659-d237 @A: 33 34 01 21 | 02
#0660-d237 @A: 34 02 20 21 | 04
#0661-d237 @A: 06 16 22 03 | 12
#0662-d237 @A: 16 22 15 05 | 06
#0663-d237 @A: 01 05 33 22 | 11
#0664-d237 @A: 22 13 03 17 | 05
#0665-d237 @A: 02 04 22 15 | 09
#0666-d237 @A: 27 22 23 20 | 10
#0667-d237 @A: 22 15 17 13 | 07
#0668-d237 @A: 09 25 05 22 | 03
#0669-d237 @A: 03 17 29 30 | 01
#0670-d237 @A: 15 27 17 30 | 08
#0671-d237 @A: 03 07 16 14 | 02
#0672-d237 @A: 06 11 16 27 | 04
#0673-d237 @A: 14 05 25 04 | 12
#0674-d237 @A: 13 14 27 01 | 06
#0675-d237 @A: 17 02 23 14 | 11
#0676-d237 @A: 20 05 07 06 | 05
#0677-d237 @A: 15 07 25 23 | 09
#0678-d237 @A: 07 01 25 09 | 10
#0679-d237 @A: 13 09 03 08 | 07
#0680-d237 @A: 04 25 17 08 | 03
#0681-d237 @A: 08 29 02 05 | 01
#0682-d237 @A: 13 25 05 08 | 08
#0683-d237 @A: 13 33 04 29 | 02
#0684-d237 @A: 17 33 11 04 | 04
#0685-d237 @A: 01 33 02 17 | 12
#0686-d237 @A: 33 21 25 23 | 06
#0687-d237 @A: 21 33 20 11 | 11
#0688-d237 @A: 20 04 05 15 | 05
#0689-d237 @A: 29 15 06 17 | 09
#0690-d237 @A: 12 35 17 10 | 10
#0691-d237 @A: 15 35 12 04 | 07
#0692-d237 @A: 12 27 28 31 | 03
#0693-d237 @A: 12 33 13 28 | 01
#0694-d237 @A: 12 31 11 32 | 08
#0695-d237 @A: 15 26 12 22 | 02
#0696-d237 @A: 10 31 12 03 | 04
#0697-d237 @A: 22 31 12 21 | 12
#0698-d237 @A: 06 15 12 10 | 06
#0699-d237 @A: 20 34 12 11 | 11
#0700-d237 @A: 25 12 22 14 | 05
#0701-d237 @A: 22 02 12 23 | 09
#0702-d237 @A: 14 12 30 17 | 10
#0703-d237 @A: 04 07 14 12 | 07
#0704-d237 @A: 03 23 13 12 | 03
#0705-d237 @A: 12 05 13 17 | 01
#0706-d237 @A: 20 12 29 21 | 08
#0707-d237 @A: 12 11 25 01 | 02
#0708-d237 @A: 08 25 32 35 | 04
#0709-d237 @A: 35 11 20 32 | 12
#0710-d237 @A: 35 26 24 22 | 06
#0711-d237 @A: 35 26 21 11 | 11
#0712-d237 @A: 35 22 15 31 | 05
#0713-d237 @A: 04 35 34 24 | 09
#0714-d237 @A: 14 29 24 35 | 10
#0715-d237 @A: 16 34 21 35 | 07
#0716-d237 @A: 22 16 23 35 | 03
#0717-d237 @A: 35 20 07 27 | 01
#0718-d237 @A: 04 35 08 03 | 08
#0719-d237 @A: 29 35 03 13 | 02
#0720-d237 @A: 35 02 21 09 | 04
#0721-d237 @A: 28 13 01 19 | 12
#0722-d237 @A: 19 30 18 10 | 06
#0723-d237 @A: 19 33 06 18 | 11
#0724-d237 @A: 19 26 15 04 | 05
#0725-d237 @A: 24 19 10 23 | 09
#0726-d237 @A: 24 19 34 03 | 10
#0727-d237 @A: 19 10 09 05 | 07
#0728-d237 @A: 05 14 19 02 | 03
#0729-d237 @A: 19 07 04 33 | 01
#0730-d237 @A: 19 25 08 27 | 08
#0731-d237 @A: 27 19 21 01 | 02
#0732-d237 @A: 06 19 23 15 | 04
#0733-d237 @A: 18 32 13 28 | 12
#0734-d237 @A: 18 22 09 28 | 06
#0735-d237 @A: 09 28 31 32 | 11
#0736-d237 @A: 16 28 32 23 | 05
#0737-d237 @A: 28 31 22 11 | 09
#0738-d237 @A: 24 13 28 22 | 10
#0739-d237 @A: 24 33 29 28 | 07
#0740-d237 @A: 28 34 06 07 | 03
#0741-d237 @A: 30 28 21 08 | 01
#0742-d237 @A: 28 33 16 20 | 08
#0743-d237 @A: 17 07 28 33 | 02
#0744-d237 @A: 27 05 28 03 | 04
#0745-d237 @A: 29 23 03 28 | 12
#0746-d237 @A: 03 32 07 18 | 06
#0747-d237 @A: 32 25 18 33 | 11
#0748-d237 @A: 10 04 18 26 | 05
#0749-d237 @A: 26 07 11 18 | 09
#0750-d237 @A: 31 16 29 18 | 10
#0751-d237 @A: 18 17 24 30 | 07
#0752-d237 @A: 18 27 04 24 | 03
#0753-d237 @A: 15 18 10 16 | 01
#0754-d237 @A: 08 18 10 33 | 08
#0755-d237 @A: 18 30 25 34 | 02
#0756-d237 @A: 13 18 08 34 | 04
#0757-d237 @A: 18 29 22 30 | 12
#0758-d237 @A: 09 30 18 16 | 06
#0759-d237 @A: 18 01 27 30 | 11
#0760-d237 @A: 18 15 29 08 | 05
#0761-d237 @A: 02 21 18 03 | 09
#0762-d237 @A: 05 04 18 02 | 10
#0763-d237 @A: 11 18 20 25 | 07
#0764-d237 @A: 08 26 02 32 | 03
#0765-d237 @A: 24 16 05 32 | 01
#0766-d237 @A: 24 06 33 32 | 08
#0767-d237 @A: 10 32 21 30 | 02
#0768-d237 @A: 33 34 32 23 | 04
#0769-d237 @A: 16 30 02 32 | 12
#0770-d237 @A: 30 20 32 05 | 06
#0771-d237 @A: 33 32 08 07 | 11
#0772-d237 @A: 27 32 02 07 | 05
#0773-d237 @A: 32 23 05 06 | 09
#0774-d237 @A: 20 32 17 06 | 10
#0775-d237 @A: 32 11 25 23 | 07
#0776-d237 @A: 05 32 29 11 | 03
#0777-d237 @A: 05 10 24 26 | 01
#0778-d237 @A: 26 34 02 30 | 08
#0779-d237 @A: 20 27 34 26 | 02
#0780-d237 @A: 08 26 16 29 | 04
#0781-d237 @A: 33 26 15 14 | 12
#0782-d237 @A: 23 13 33 26 | 06
#0783-d237 @A: 04 27 26 09 | 11
#0784-d237 @A: 15 20 29 26 | 05
#0785-d237 @A: 01 26 09 11 | 09
#0786-d237 @A: 01 26 05 21 | 10
#0787-d237 @A: 31 24 10 17 | 07
#0788-d237 @A: 03 24 31 16 | 03
#0789-d237 @A: 22 34 31 06 | 01
#0790-d237 @A: 14 31 34 17 | 08
#0791-d237 @A: 07 03 34 31 | 02
#0792-d237 @A: 31 20 22 30 | 04
#0793-d237 @A: 17 31 04 30 | 12
#0794-d237 @A: 17 03 31 09 | 06
#0795-d237 @A: 11 23 04 31 | 11
#0796-d237 @A: 31 06 09 27 | 05
#0797-d237 @A: 02 09 31 25 | 09
#0798-d237 @A: 23 31 20 15 | 10
#0799-d237 @A: 09 20 31 11 | 07
#0800-d237 @A: 10 21 09 24 | 03
#0801-d237 @A: 24 34 21 14 | 01
#0802-d237 @A: 34 24 27 02 | 08
#0803-d237 @A: 24 30 09 22 | 02
#0804-d237 @A: 24 25 16 07 | 04
#0805-d237 @A: 24 23 29 07 | 12
#0806-d237 @A: 15 02 06 24 | 06
#0807-d237 @A: 23 13 21 24 | 11
#0808-d237 @A: 13 33 16 10 | 05
#0809-d237 @A: 20 07 10 33 | 09
#0810-d237 @A: 07 10 15 29 | 10
#0811-d237 @A: 29 23 10 04 | 07
#0812-d237 @A: 09 11 10 15 | 03
#0813-d237 @A: 01 34 07 22 | 01
#0814-d237 @A: 27 08 34 22 | 08
#0815-d237 @A: 34 16 06 14 | 02
#0816-d237 @A: 02 08 16 34 | 04
#0817-d237 @A: 15 34 14 07 | 12
#0818-d237 @A: 34 17 07 09 | 06
#0819-d237 @A: 34 04 01 03 | 11
#0820-d237 @A: 11 01 02 34 | 05
#0821-d237 @A: 34 17 29 20 | 09
#0822-d237 @A: 14 16 29 22 | 10
#0823-d237 @A: 29 07 22 27 | 07
#0824-d237 @A: 08 06 15 30 | 03
#0825-d237 @A: 09 16 23 03 | 01
#0826-d237 @A: 03 25 17 16 | 08
#0827-d237 @A: 11 03 01 16 | 02
#0828-d237 @A: 04 06 09 16 | 04
#0829-d237 @A: 15 17 20 16 | 12
#0830-d237 @A: 14 04 21 15 | 06
#0831-d237 @A: 14 13 06 17 | 11
#0832-d237 @A: 01 14 09 06 | 05
#0833-d237 @A: 02 14 15 11 | 09
#0834-d237 @A: 01 14 25 23 | 10
#0835-d237 @A: 29 11 14 09 | 07
#0836-d237 @A: 07 01 17 06 | 03
#0837-d237 @A: 05 21 07 17 | 01
#0838-d237 @A: 33 13 21 08 | 08
#0839-d237 @A: 25 20 33 08 | 02
#0840-d237 @A: 27 08 01 17 | 04
#0841-d237 @A: 27 09 21 08 | 12
#0842-d237 @A: 17 15 23 08 | 06
#0843-d237 @A: 33 06 29 03 | 11
#0844-d237 @A: 33 09 17 27 | 05
#0845-d237 @A: 05 33 29 15 | 09
#0846-d237 @A: 05 21 09 33 | 10
#0847-d237 @A: 15 09 05 02 | 07
#0848-d237 @A: 25 11 17 15 | 03
#0849-d237 @A: 35 25 18 12 | 01
#0850-d237 @A: 19 06 12 32 | 08
#0851-d237 @A: 18 01 28 12 | 02
#0852-d237 @A: 30 12 03 18 | 04
#0853-d237 @A: 12 25 15 32 | 12
#0854-d237 @A: 24 27 16 12 | 06
#0855-d237 @A: 34 09 27 12 | 11
#0856-d237 @A: 12 07 16 01 | 05
#0857-d237 @A: 08 12 02 14 | 09
#0858-d237 @A: 15 14 08 12 | 10
#0859-d237 @A: 12 04 27 11 | 07
#0860-d237 @A: 13 16 19 35 | 03
#0861-d237 @A: 14 19 35 23 | 01
#0862-d237 @A: 09 35 28 08 | 08
#0863-d237 @A: 04 07 35 32 | 02
#0864-d237 @A: 02 35 29 32 | 04
#0865-d237 @A: 35 34 26 07 | 12
#0866-d237 @A: 22 31 17 35 | 06
#0867-d237 @A: 33 35 25 10 | 11
#0868-d237 @A: 10 35 25 15 | 05
#0869-d237 @A: 30 29 34 35 | 09
#0870-d237 @A: 17 30 20 35 | 10
#0871-d237 @A: 35 14 08 21 | 07
#0872-d237 @A: 27 11 35 03 | 03
#0873-d237 @A: 20 35 06 03 | 01
#0874-d237 @A: 21 29 35 27 | 08
#0875-d237 @A: 31 19 29 28 | 02
#0876-d237 @A: 18 19 24 13 | 04
#0877-d237 @A: 19 18 23 29 | 12
#0878-d237 @A: 32 04 16 19 | 06
#0879-d237 @A: 26 03 07 19 | 11
#0880-d237 @A: 03 34 15 19 | 05
#0881-d237 @A: 30 19 25 16 | 09
#0882-d237 @A: 19 15 02 30 | 10
#0883-d237 @A: 19 06 07 16 | 07
#0884-d237 @A: 19 11 25 06 | 03
#0885-d237 @A: 26 13 10 28 | 01
#0886-d237 @A: 28 16 06 10 | 08
#0887-d237 @A: 29 07 10 28 | 02
#0888-d237 @A: 33 10 28 27 | 04
#0889-d237 @A: 34 29 28 22 | 12
#0890-d237 @A: 13 28 25 34 | 06
#0891-d237 @A: 30 27 28 22 | 11
#0892-d237 @A: 30 03 28 15 | 05
#0893-d237 @A: 13 28 04 30 | 09
#0894-d237 @A: 03 01 02 28 | 10
#0895-d237 @A: 21 03 28 09 | 07
#0896-d237 @A: 28 01 25 04 | 03
#0897-d237 @A: 09 28 27 29 | 01
#0898-d237 @A: 18 24 26 16 | 08
#0899-d237 @A: 26 02 18 22 | 02
#0900-d237 @A: 18 21 31 25 | 04
#0901-d237 @A: 18 24 10 29 | 12
#0902-d237 @A: 18 03 13 10 | 06
#0903-d237 @A: 34 18 16 11 | 11
#0904-d237 @A: 17 04 14 18 | 05
#0905-d237 @A: 33 18 29 07 | 09
#0906-d237 @A: 07 27 18 17 | 10
#0907-d237 @A: 06 23 04 18 | 07
#0908-d237 @A: 13 15 20 18 | 03
#0909-d237 @A: 31 32 24 27 | 01
#0910-d237 @A: 06 31 32 14 | 08
#0911-d237 @A: 22 32 23 10 | 02
#0912-d237 @A: 32 20 34 03 | 04
#0913-d237 @A: 32 05 22 07 | 12
#0914-d237 @A: 08 30 27 32 | 06
#0915-d237 @A: 16 15 07 32 | 11
#0916-d237 @A: 16 32 01 33 | 05
#0917-d237 @A: 03 23 32 27 | 09
#0918-d237 @A: 06 29 04 32 | 10
#0919-d237 @A: 06 02 13 32 | 07
#0920-d237 @A: 21 11 32 02 | 03
#0921-d237 @A: 09 20 32 21 | 01
#0922-d237 @A: 22 31 09 26 | 08
#0923-d237 @A: 03 02 26 31 | 02
#0924-d237 @A: 07 26 27 10 | 04
#0925-d237 @A: 34 26 14 05 | 12
#0926-d237 @A: 22 14 26 13 | 06
#0927-d237 @A: 26 27 06 01 | 11
#0928-d237 @A: 13 06 15 26 | 05
#0929-d237 @A: 17 13 26 21 | 09
#0930-d237 @A: 26 13 11 25 | 10
#0931-d237 @A: 34 24 31 13 | 07
#0932-d237 @A: 34 10 31 27 | 03
#0933-d237 @A: 08 06 24 10 | 01
#0934-d237 @A: 08 04 14 24 | 08
#0935-d237 @A: 13 08 24 17 | 02
#0936-d237 @A: 29 09 24 03 | 04
#0937-d237 @A: 24 27 04 15 | 12
#0938-d237 @A: 17 24 11 29 | 06
#0939-d237 @A: 20 05 11 24 | 11
#0940-d237 @A: 23 10 07 09 | 05
#0941-d237 @A: 10 27 04 03 | 09
#0942-d237 @A: 03 10 25 29 | 10
#0943-d237 @A: 10 17 09 04 | 07
#0944-d237 @A: 21 10 02 13 | 03
#0945-d237 @A: 13 10 29 05 | 01
#0946-d237 @A: 10 20 29 09 | 08
#0947-d237 @A: 20 14 34 22 | 02
#0948-d237 @A: 22 13 34 02 | 04
#0949-d237 @A: 34 27 30 13 | 12
#0950-d237 @A: 33 07 34 25 | 06
#0951-d237 @A: 23 03 34 17 | 11
#0952-d237 @A: 13 23 34 04 | 05
#0953-d237 @A: 01 34 20 06 | 09
#0954-d237 @A: 15 02 34 13 | 10
#0955-d237 @A: 25 02 17 34 | 07
#0956-d237 @A: 01 29 09 34 | 03
#0957-d237 @A: 11 22 30 15 | 01
#0958-d237 @A: 25 20 22 04 | 08
#0959-d237 @A: 20 05 22 29 | 02
#0960-d237 @A: 17 30 33 16 | 04
#0961-d237 @A: 13 16 06 30 | 12
#0962-d237 @A: 05 21 27 30 | 06
#0963-d237 @A: 09 23 01 30 | 11
#0964-d237 @A: 05 16 07 29 | 05
#0965-d237 @A: 08 27 07 14 | 09
#0966-d237 @A: 14 27 25 09 | 10
#0967-d237 @A: 07 03 05 11 | 07
#0968-d237 @A: 15 21 02 07 | 03
#0969-d237 @A: 23 07 17 13 | 01
#0970-d237 @A: 23 01 05 07 | 08
#0971-d237 @A: 05 33 04 08 | 02
#0972-d237 @A: 08 02 04 13 | 04
#0973-d237 @A: 25 03 33 01 | 12
#0974-d237 @A: 33 13 06 05 | 06
#0975-d237 @A: 17 25 33 29 | 11
#0976-d237 @A: 12 19 21 35 | 05
#0977-d237 @A: 12 22 34 35 | 09
#0978-d237 @A: 26 31 19 12 | 10
#0979-d237 @A: 12 10 19 02 | 07
#0980-d237 @A: 33 09 19 12 | 03
#0981-d237 @A: 01 19 20 12 | 01
#0982-d237 @A: 12 15 17 28 | 08
#0983-d237 @A: 26 18 14 12 | 02
#0984-d237 @A: 32 12 01 09 | 04
#0985-d237 @A: 34 31 23 12 | 12
#0986-d237 @A: 12 22 29 10 | 06
#0987-d237 @A: 07 12 20 23 | 11
#0988-d237 @A: 11 02 17 12 | 05
#0989-d237 @A: 34 35 25 19 | 09
#0990-d237 @A: 28 24 35 06 | 10
#0991-d237 @A: 27 28 34 35 | 07
#0992-d237 @A: 03 35 31 18 | 03
#0993-d237 @A: 14 35 18 11 | 01
#0994-d237 @A: 26 20 14 35 | 08
#0995-d237 @A: 24 23 31 35 | 02
#0996-d237 @A: 35 16 10 07 | 04
#0997-d237 @A: 22 21 35 07 | 12
#0998-d237 @A: 35 30 15 29 | 06
#0999-d237 @A: 15 35 14 20 | 11
#1000-d237 @A: 25 23 17 35 | 05
#1001-d237 @A: 25 35 05 20 | 09
#1002-d237 @A: 05 28 19 24 | 10
#1003-d237 @A: 17 22 28 19 | 07
#1004-d237 @A: 31 18 19 02 | 03
#1005-d237 @A: 19 20 21 26 | 01
#1006-d237 @A: 31 24 20 19 | 08
#1007-d237 @A: 30 06 19 24 | 02
#1008-d237 @A: 16 19 09 24 | 04
#1009-d237 @A: 01 16 34 19 | 12
#1010-d237 @A: 19 29 22 08 | 06
#1011-d237 @A: 33 13 22 19 | 11
#1012-d237 @A: 03 22 09 19 | 05
#1013-d237 @A: 08 30 19 04 | 09
#1014-d237 @A: 19 16 33 05 | 10
#1015-d237 @A: 19 16 33 15 | 07
#1016-d237 @A: 02 13 19 03 | 03
#1017-d237 @A: 09 04 23 19 | 01
#1018-d237 @A: 19 21 29 04 | 08
#1019-d237 @A: 29 21 15 19 | 02
#1020-d237 @A: 28 18 26 27 | 04
#1021-d237 @A: 28 18 31 10 | 12
#1022-d237 @A: 28 29 04 18 | 06
#1023-d237 @A: 28 14 26 23 | 11
#1024-d237 @A: 28 31 20 14 | 05
#1025-d237 @A: 05 08 28 31 | 09
#1026-d237 @A: 34 30 28 24 | 10
#1027-d237 @A: 24 09 15 28 | 07
#1028-d237 @A: 25 22 33 28 | 03
#1029-d237 @A: 11 04 28 16 | 01
#1030-d237 @A: 28 21 15 08 | 08
#1031-d237 @A: 11 02 09 28 | 02
#1032-d237 @A: 17 13 28 20 | 04
#1033-d237 @A: 28 15 25 29 | 12
#1034-d237 @A: 15 20 01 28 | 06
#1035-d237 @A: 18 32 17 31 | 11
#1036-d237 @A: 22 18 32 15 | 05
#1037-d237 @A: 26 18 30 06 | 09
#1038-d237 @A: 18 20 08 24 | 10
#1039-d237 @A: 10 17 18 21 | 07
#1040-d237 @A: 18 04 15 29 | 03
#1041-d237 @A: 18 06 11 09 | 01
#1042-d237 @A: 09 18 20 17 | 08
#1043-d237 @A: 32 26 30 17 | 02
#1044-d237 @A: 10 05 32 31 | 04
#1045-d237 @A: 03 31 08 32 | 12
#1046-d237 @A: 10 32 03 06 | 06
#1047-d237 @A: 03 13 04 32 | 11
#1048-d237 @A: 09 26 10 16 | 05
#1049-d237 @A: 26 14 04 30 | 09
#1050-d237 @A: 30 09 07 26 | 10
#1051-d237 @A: 13 03 06 26 | 07
#1052-d237 @A: 01 03 26 17 | 03
#1053-d237 @A: 02 04 26 06 | 01
#1054-d237 @A: 27 26 05 13 | 08
#1055-d237 @A: 26 25 05 29 | 02
#1056-d237 @A: 25 10 31 01 | 04
#1057-d237 @A: 22 31 33 23 | 12
#1058-d237 @A: 16 25 15 31 | 06
#1059-d237 @A: 11 31 14 07 | 11
#1060-d237 @A: 01 31 03 27 | 05
#1061-d237 @A: 31 20 03 21 | 09
#1062-d237 @A: 11 15 27 31 | 10
#1063-d237 @A: 10 34 16 24 | 07
#1064-d237 @A: 24 15 34 05 | 03
#1065-d237 @A: 05 24 14 30 | 01
#1066-d237 @A: 02 24 30 07 | 08
#1067-d237 @A: 08 24 16 11 | 02
#1068-d237 @A: 21 16 02 24 | 04
#1069-d237 @A: 13 24 07 33 | 12
#1070-d237 @A: 07 24 04 06 | 06
#1071-d237 @A: 33 17 05 24 | 11
#1072-d237 @A: 05 13 24 03 | 05
#1073-d237 @A: 02 24 20 23 | 09
#1074-d237 @A: 29 05 21 24 | 10
#1075-d237 @A: 21 15 17 24 | 07
#1076-d237 @A: 21 10 22 34 | 03
#1077-d237 @A: 34 04 25 10 | 01
#1078-d237 @A: 10 27 11 08 | 08
#1079-d237 @A: 29 33 11 10 | 02
#1080-d237 @A: 10 01 04 02 | 04
#1081-d237 @A: 05 02 10 23 | 12
#1082-d237 @A: 34 05 07 30 | 06
#1083-d237 @A: 34 33 16 03 | 11
#1084-d237 @A: 03 25 34 05 | 05
#1085-d237 @A: 11 34 06 13 | 09
#1086-d237 @A: 25 23 20 34 | 10
#1087-d237 @A: 21 34 25 09 | 07
#1088-d237 @A: 23 11 22 30 | 03
#1089-d237 @A: 06 07 33 22 | 01
#1090-d237 @A: 09 29 22 04 | 08
#1091-d237 @A: 25 27 17 22 | 02
#1092-d237 @A: 11 21 16 30 | 04
#1093-d237 @A: 14 30 25 08 | 12
#1094-d237 @A: 04 20 01 30 | 06
#1095-d237 @A: 29 13 30 01 | 11
#1096-d237 @A: 13 09 21 30 | 05
#1097-d237 @A: 21 23 30 29 | 09
#1098-d237 @A: 25 30 15 05 | 10
#1099-d237 @A: 05 01 25 16 | 07
#1100-d237 @A: 14 23 07 33 | 03
#1101-d237 @A: 14 13 25 03 | 01
#1102-d237 @A: 07 13 15 08 | 08
#1103-d237 @A: 07 23 15 27 | 02
#1104-d237 @A: 03 25 11 08 | 04
#1105-d237 @A: 06 08 13 29 | 12
#1106-d237 @A: 06 11 17 08 | 06
#1107-d237 @A: 21 02 08 23 | 11
#1108-d237 @A: 01 25 08 02 | 05
#1109-d237 @A: 11 05 21 08 | 09
#1110-d237 @A: 20 01 09 08 | 10
#1111-d237 @A: 33 11 06 01 | 07
#1112-d237 @A: 33 25 13 02 | 03
#1113-d237 @A: 27 15 29 03 | 01
#1114-d237 @A: 04 35 26 12 | 08
#1115-d237 @A: 35 30 12 09 | 02
#1116-d237 @A: 07 03 12 35 | 04
#1117-d237 @A: 12 23 08 19 | 12
#1118-d237 @A: 06 22 28 12 | 06
#1119-d237 @A: 28 25 12 30 | 11
#1120-d237 @A: 14 12 29 28 | 05
#1121-d237 @A: 09 12 07 28 | 09
#1122-d237 @A: 12 07 18 02 | 10
#1123-d237 @A: 32 26 07 12 | 07
#1124-d237 @A: 12 30 26 21 | 03
#1125-d237 @A: 34 12 24 01 | 01
#1126-d237 @A: 10 05 12 06 | 08
#1127-d237 @A: 16 34 17 12 | 02
#1128-d237 @A: 12 16 15 03 | 04
#1129-d237 @A: 12 14 33 01 | 12
#1130-d237 @A: 12 03 04 33 | 06
#1131-d237 @A: 02 04 12 25 | 11
#1132-d237 @A: 12 09 04 13 | 05
#1133-d237 @A: 01 06 12 02 | 09
#1134-d237 @A: 06 12 23 29 | 10
#1135-d237 @A: 35 26 09 19 | 07
#1136-d237 @A: 11 19 15 35 | 03
#1137-d237 @A: 14 28 25 35 | 01
#1138-d237 @A: 18 23 35 10 | 08
#1139-d237 @A: 15 18 21 35 | 02
#1140-d237 @A: 35 32 27 33 | 04
#1141-d237 @A: 35 25 31 30 | 12
#1142-d237 @A: 10 02 35 24 | 06
#1143-d237 @A: 24 16 35 20 | 11
#1144-d237 @A: 10 35 06 21 | 05
#1145-d237 @A: 35 03 22 30 | 09
#1146-d237 @A: 35 14 01 22 | 10
#1147-d237 @A: 35 22 05 04 | 07
#1148-d237 @A: 02 35 14 33 | 03
#1149-d237 @A: 17 03 21 35 | 01
#1150-d237 @A: 02 11 04 35 | 08
#1151-d237 @A: 13 35 25 27 | 02
#1152-d237 @A: 16 18 28 19 | 04
#1153-d237 @A: 20 19 34 28 | 12
#1154-d237 @A: 08 33 19 28 | 06
#1155-d237 @A: 19 23 28 21 | 11
#1156-d237 @A: 19 32 27 26 | 05
#1157-d237 @A: 07 19 32 23 | 09
#1158-d237 @A: 19 26 24 04 | 10
#1159-d237 @A: 02 19 33 26 | 07
#1160-d237 @A: 10 19 03 08 | 03
#1161-d237 @A: 04 22 14 19 | 01
#1162-d237 @A: 14 09 19 13 | 08
#1163-d237 @A: 03 04 11 19 | 02
#1164-d237 @A: 04 05 19 27 | 04
#1165-d237 @A: 02 20 06 19 | 12
#1166-d237 @A: 20 19 23 05 | 06
#1167-d237 @A: 28 24 32 21 | 11
#1168-d237 @A: 32 28 22 04 | 05
#1169-d237 @A: 32 25 28 03 | 09
#1170-d237 @A: 24 26 31 28 | 10
#1171-d237 @A: 20 28 22 26 | 07
#1172-d237 @A: 08 03 26 28 | 03
#1173-d237 @A: 16 09 34 28 | 01
#1174-d237 @A: 01 16 22 28 | 08
#1175-d237 @A: 17 28 30 01 | 02
#1176-d237 @A: 07 28 14 05 | 04
#1177-d237 @A: 28 17 09 14 | 12
#1178-d237 @A: 23 11 07 28 | 06
#1179-d237 @A: 13 21 28 27 | 11
#1180-d237 @A: 28 25 09 06 | 05
#1181-d237 @A: 17 02 05 28 | 09
#1182-d237 @A: 11 17 21 28 | 10
#1183-d237 @A: 24 18 32 02 | 07
#1184-d237 @A: 04 08 18 32 | 03
#1185-d237 @A: 26 18 09 34 | 01
#1186-d237 @A: 18 24 31 06 | 08
#1187-d237 @A: 31 34 18 01 | 02
#1188-d237 @A: 18 10 25 16 | 04
#1189-d237 @A: 33 27 18 34 | 12
#1190-d237 @A: 08 18 21 22 | 06
#1191-d237 @A: 05 30 18 08 | 11
#1192-d237 @A: 04 33 16 18 | 05
#1193-d237 @A: 08 14 01 18 | 09
#1194-d237 @A: 03 07 15 18 | 10
#1195-d237 @A: 01 03 06 18 | 07
#1196-d237 @A: 03 18 29 05 | 03
#1197-d237 @A: 18 25 13 06 | 01
#1198-d237 @A: 32 17 10 07 | 08
#1199-d237 @A: 22 08 11 32 | 02
#1200-d237 @A: 30 14 13 32 | 04
#1201-d237 @A: 32 06 30 01 | 12
#1202-d237 @A: 08 06 32 16 | 06
#1203-d237 @A: 15 14 32 29 | 11
#1204-d237 @A: 32 17 03 15 | 05
#1205-d237 @A: 32 27 06 21 | 09
#1206-d237 @A: 29 27 32 17 | 10
#1207-d237 @A: 01 27 32 20 | 07
#1208-d237 @A: 32 09 25 17 | 03
#1209-d237 @A: 26 10 31 20 | 01
#1210-d237 @A: 31 26 16 01 | 08
#1211-d237 @A: 17 24 34 26 | 02
#1212-d237 @A: 26 07 24 21 | 04
#1213-d237 @A: 29 26 10 34 | 12
#1214-d237 @A: 26 16 21 33 | 06
#1215-d237 @A: 17 09 26 06 | 11
#1216-d237 @A: 26 20 13 29 | 05
#1217-d237 @A: 05 23 26 17 | 09
#1218-d237 @A: 13 10 22 31 | 10
#1219-d237 @A: 31 30 34 21 | 07
#1220-d237 @A: 30 31 15 08 | 03
#1221-d237 @A: 23 08 31 14 | 01
#1222-d237 @A: 27 31 14 21 | 08
#1223-d237 @A: 31 14 13 02 | 02
#1224-d237 @A: 08 07 31 06 | 04
#1225-d237 @A: 04 31 13 06 | 12
#1226-d237 @A: 31 21 23 09 | 06
#1227-d237 @A: 17 31 25 11 | 11
#1228-d237 @A: 24 10 30 25 | 05
#1229-d237 @A: 24 10 27 14 | 09
#1230-d237 @A: 24 34 08 29 | 10
#1231-d237 @A: 34 11 25 24 | 07
#1232-d237 @A: 29 30 24 16 | 03
#1233-d237 @A: 30 15 24 13 | 01
#1234-d237 @A: 16 23 33 24 | 08
#1235-d237 @A: 24 27 03 20 | 02
#1236-d237 @A: 02 24 11 03 | 04
#1237-d237 @A: 24 29 27 13 | 12
#1238-d237 @A: 02 05 06 24 | 06
#1239-d237 @A: 10 30 17 22 | 11
#1240-d237 @A: 20 30 10 13 | 05
#1241-d237 @A: 10 14 33 05 | 09
#1242-d237 @A: 23 10 03 20 | 10
#1243-d237 @A: 03 11 22 34 | 07
#1244-d237 @A: 07 08 34 11 | 03
#1245-d237 @A: 27 34 03 29 | 01
#1246-d237 @A: 21 27 17 34 | 08
#1247-d237 @A: 34 23 11 09 | 02
#1248-d237 @A: 21 11 29 34 | 04
#1249-d237 @A: 34 09 15 17 | 12
#1250-d237 @A: 21 15 25 34 | 06
#1251-d237 @A: 14 02 22 30 | 11
#1252-d237 @A: 22 14 33 27 | 05
#1253-d237 @A: 04 01 22 17 | 09
#1254-d237 @A: 21 22 20 06 | 10
#1255-d237 @A: 22 11 13 29 | 07
#1256-d237 @A: 07 21 14 30 | 03
#1257-d237 @A: 01 14 30 11 | 01
#1258-d237 @A: 30 02 13 23 | 08
#1259-d237 @A: 14 25 16 20 | 02
#1260-d237 @A: 03 16 13 20 | 04
#1261-d237 @A: 21 16 06 23 | 12
#1262-d237 @A: 02 29 09 16 | 06
#1263-d237 @A: 20 16 17 21 | 11
#1264-d237 @A: 06 20 33 14 | 05
#1265-d237 @A: 14 03 17 20 | 09
#1266-d237 @A: 03 15 14 09 | 10
#1267-d237 @A: 11 04 14 21 | 07
#1268-d237 @A: 05 14 11 17 | 03
#1269-d237 @A: 14 25 21 17 | 01
#1270-d237 @A: 01 14 20 05 | 08
#1271-d237 @A: 06 09 03 07 | 02
#1272-d237 @A: 15 07 06 20 | 04
#1273-d237 @A: 11 07 01 15 | 12
#1274-d237 @A: 04 09 08 11 | 06
#1275-d237 @A: 27 20 08 13 | 11
#1276-d237 @A: 33 02 03 05 | 05
#1277-d237 @A: 01 33 03 15 | 09
#1278-d237 @A: 04 27 21 33 | 10
#1279-d237 @A: 33 25 04 06 | 07
#1280-d237 @A: 27 29 01 33 | 03
#1281-d237 @A: 06 21 15 33 | 01
#1282-d237 @A: 01 15 04 25 | 08
#1283-d237 @A: 12 30 19 34 | 02
#1284-d237 @A: 24 12 28 20 | 04
#1285-d237 @A: 18 23 12 32 | 12
#1286-d237 @A: 09 18 12 10 | 06
#1287-d237 @A: 04 34 18 12 | 11
#1288-d237 @A: 12 01 10 26 | 05
#1289-d237 @A: 12 26 05 22 | 09
#1290-d237 @A: 12 06 11 26 | 10
#1291-d237 @A: 24 31 12 05 | 07
#1292-d237 @A: 13 10 12 24 | 03
#1293-d237 @A: 12 22 07 24 | 01
#1294-d237 @A: 16 12 20 10 | 08
#1295-d237 @A: 11 12 10 07 | 02
#1296-d237 @A: 08 06 34 12 | 04
#1297-d237 @A: 05 16 08 12 | 12
#1298-d237 @A: 05 01 12 03 | 06
#1299-d237 @A: 05 04 23 12 | 11
#1300-d237 @A: 02 13 12 27 | 05
#1301-d237 @A: 35 22 19 11 | 09
#1302-d237 @A: 35 01 26 28 | 10
#1303-d237 @A: 02 28 22 35 | 07
#1304-d237 @A: 35 18 22 06 | 03
#1305-d237 @A: 26 23 35 32 | 01
#1306-d237 @A: 22 13 32 35 | 08
#1307-d237 @A: 27 30 26 35 | 02
#1308-d237 @A: 35 26 25 16 | 04
#1309-d237 @A: 15 03 26 35 | 12
#1310-d237 @A: 35 34 20 31 | 06
#1311-d237 @A: 35 01 02 31 | 11
#1312-d237 @A: 15 35 24 23 | 05
#1313-d237 @A: 14 34 35 03 | 09
#1314-d237 @A: 23 35 07 30 | 10
#1315-d237 @A: 35 01 25 06 | 07
#1316-d237 @A: 21 05 13 35 | 03
#1317-d237 @A: 19 28 27 06 | 01
#1318-d237 @A: 19 21 18 34 | 08
#1319-d237 @A: 19 14 27 18 | 02
#1320-d237 @A: 32 29 24 19 | 04
#1321-d237 @A: 22 32 30 19 | 12
#1322-d237 @A: 31 08 19 13 | 06
#1323-d237 @A: 21 30 17 19 | 11
#1324-d237 @A: 08 19 16 21 | 05
#1325-d237 @A: 03 29 19 16 | 09
#1326-d237 @A: 19 14 25 33 | 10
#1327-d237 @A: 19 09 07 08 | 07
#1328-d237 @A: 33 08 15 19 | 03
#1329-d237 @A: 25 13 04 19 | 01
#1330-d237 @A: 19 02 09 27 | 08
#1331-d237 @A: 27 19 23 13 | 02
#1332-d237 @A: 19 20 25 09 | 04
#1333-d237 @A: 33 23 28 18 | 12
#1334-d237 @A: 25 28 18 05 | 06
#1335-d237 @A: 02 28 15 32 | 11
#1336-d237 @A: 28 04 26 07 | 05
#1337-d237 @A: 26 15 28 07 | 09
#1338-d237 @A: 31 21 04 28 | 10
#1339-d237 @A: 15 22 06 28 | 07
#1340-d237 @A: 30 20 28 07 | 03
#1341-d237 @A: 21 16 28 29 | 01
#1342-d237 @A: 28 14 11 03 | 08
#1343-d237 @A: 28 20 02 27 | 02
#1344-d237 @A: 32 30 11 18 | 04
#1345-d237 @A: 23 15 26 18 | 12
#1346-d237 @A: 27 18 22 13 | 06
#1347-d237 @A: 11 18 01 04 | 11
#1348-d237 @A: 18 27 20 06 | 05
#1349-d237 @A: 05 09 18 01 | 09
#1350-d237 @A: 01 21 20 18 | 10
#1351-d237 @A: 32 13 24 26 | 07
#1352-d237 @A: 03 29 26 32 | 03
#1353-d237 @A: 24 20 15 32 | 01
#1354-d237 @A: 32 34 25 14 | 08
#1355-d237 @A: 32 33 14 11 | 02
#1356-d237 @A: 11 32 09 03 | 04
#1357-d237 @A: 14 31 25 26 | 12
#1358-d237 @A: 22 10 26 11 | 06
#1359-d237 @A: 10 30 26 15 | 11
#1360-d237 @A: 10 21 08 26 | 05
#1361-d237 @A: 25 30 26 22 | 09
#1362-d237 @A: 27 03 22 26 | 10
#1363-d237 @A: 20 26 30 08 | 07
#1364-d237 @A: 11 26 04 29 | 03
#1365-d237 @A: 01 29 26 02 | 01
#1366-d237 @A: 31 24 29 22 | 08
#1367-d237 @A: 10 02 07 31 | 02
#1368-d237 @A: 08 31 10 04 | 04
#1369-d237 @A: 14 31 15 17 | 12
#1370-d237 @A: 07 33 31 05 | 06
#1371-d237 @A: 21 17 02 31 | 11
#1372-d237 @A: 20 02 05 31 | 05
#1373-d237 @A: 31 13 29 21 | 09
#1374-d237 @A: 09 15 29 31 | 10
#1375-d237 @A: 33 10 24 04 | 07
#1376-d237 @A: 09 06 34 24 | 03
#1377-d237 @A: 24 21 04 03 | 01
#1378-d237 @A: 24 25 29 04 | 08
#1379-d237 @A: 24 09 13 25 | 02
#1380-d237 @A: 10 22 16 02 | 04
#1381-d237 @A: 10 14 16 11 | 12
#1382-d237 @A: 11 06 10 20 | 06
#1383-d237 @A: 25 20 10 02 | 11
#1384-d237 @A: 20 10 05 17 | 05
#1385-d237 @A: 10 21 15 05 | 09
#1386-d237 @A: 33 22 34 09 | 10
#1387-d237 @A: 17 34 01 13 | 07
#1388-d237 @A: 14 22 17 07 | 03
#1389-d237 @A: 07 09 22 11 | 01
#1390-d237 @A: 03 21 22 05 | 08
#1391-d237 @A: 22 06 01 29 | 02
#1392-d237 @A: 22 29 15 01 | 04
#1393-d237 @A: 20 22 17 11 | 12
#1394-d237 @A: 11 21 25 22 | 06
#1395-d237 @A: 05 04 30 29 | 11
#1396-d237 @A: 30 06 29 27 | 05
#1397-d237 @A: 05 06 25 30 | 09
#1398-d237 @A: 30 06 20 09 | 10
#1399-d237 @A: 25 13 21 16 | 07
#1400-d237 @A: 08 14 29 20 | 03
#1401-d237 @A: 27 06 14 02 | 01
#1402-d237 @A: 33 21 03 07 | 08
#1403-d237 @A: 03 07 17 04 | 02
#1404-d237 @A: 25 23 06 07 | 04
#1405-d237 @A: 07 13 02 11 | 12
#1406-d237 @A: 11 29 07 01 | 06
#1407-d237 @A: 03 01 08 29 | 11
#1408-d237 @A: 23 29 25 08 | 05
#1409-d237 @A: 04 20 02 33 | 09
#1410-d237 @A: 33 02 23 27 | 10
#1411-d237 @A: 03 20 02 15 | 07
#1412-d237 @A: 03 20 11 15 | 03
#1413-d237 @A: 24 12 35 32 | 01
#1414-d237 @A: 22 19 27 12 | 08
#1415-d237 @A: 15 19 12 20 | 02
#1416-d237 @A: 12 32 05 27 | 04
#1417-d237 @A: 26 34 03 12 | 12
#1418-d237 @A: 16 12 04 31 | 06
#1419-d237 @A: 02 15 12 31 | 11
#1420-d237 @A: 12 33 24 08 | 05
#1421-d237 @A: 13 12 22 20 | 09
#1422-d237 @A: 11 30 05 12 | 10
#1423-d237 @A: 12 27 14 23 | 07
#1424-d237 @A: 27 33 07 12 | 03
#1425-d237 @A: 27 03 06 12 | 01
#1426-d237 @A: 23 12 13 15 | 08
#1427-d237 @A: 17 01 23 12 | 02
#1428-d237 @A: 15 12 21 01 | 04
#1429-d237 @A: 19 32 17 35 | 12
#1430-d237 @A: 35 30 02 19 | 06
#1431-d237 @A: 35 28 04 10 | 11
#1432-d237 @A: 15 35 28 13 | 05
#1433-d237 @A: 35 32 31 21 | 09
#1434-d237 @A: 32 35 34 01 | 10
#1435-d237 @A: 32 09 35 06 | 07
#1436-d237 @A: 06 08 26 35 | 03
#1437-d237 @A: 35 31 08 27 | 01
#1438-d237 @A: 35 24 08 05 | 08
#1439-d237 @A: 35 34 11 10 | 02
#1440-d237 @A: 13 35 10 08 | 04
#1441-d237 @A: 35 23 34 08 | 12
#1442-d237 @A: 06 35 33 16 | 06
#1443-d237 @A: 06 35 16 15 | 11
#1444-d237 @A: 17 14 35 27 | 05
#1445-d237 @A: 04 06 27 35 | 09
#1446-d237 @A: 02 35 20 13 | 10
#1447-d237 @A: 14 10 28 19 | 07
#1448-d237 @A: 19 02 07 28 | 03
#1449-d237 @A: 18 19 05 22 | 01
#1450-d237 @A: 18 19 08 11 | 08
#1451-d237 @A: 13 26 34 19 | 02
#1452-d237 @A: 22 25 10 19 | 04
#1453-d237 @A: 19 27 10 16 | 12
#1454-d237 @A: 10 07 19 21 | 06
#1455-d237 @A: 20 19 30 14 | 11
#1456-d237 @A: 06 05 19 03 | 05
#1457-d237 @A: 19 13 29 17 | 09
#1458-d237 @A: 19 01 15 17 | 10
#1459-d237 @A: 28 16 02 26 | 07
#1460-d237 @A: 28 03 31 13 | 03
#1461-d237 @A: 03 28 24 10 | 01
#1462-d237 @A: 17 25 10 28 | 08
#1463-d237 @A: 28 11 33 34 | 02
#1464-d237 @A: 16 30 28 14 | 04
#1465-d237 @A: 28 04 33 14 | 12
#1466-d237 @A: 28 08 25 07 | 06
#1467-d237 @A: 23 01 28 27 | 11
#1468-d237 @A: 18 06 34 32 | 05
#1469-d237 @A: 18 26 23 31 | 09
#1470-d237 @A: 17 29 26 18 | 10
#1471-d237 @A: 18 01 24 33 | 07
#1472-d237 @A: 10 34 05 18 | 03
#1473-d237 @A: 29 18 34 14 | 01
#1474-d237 @A: 25 04 03 18 | 08
#1475-d237 @A: 29 27 11 18 | 02
#1476-d237 @A: 25 09 18 29 | 04
#1477-d237 @A: 01 18 25 17 | 12
#1478-d237 @A: 20 32 33 26 | 06
#1479-d237 @A: 22 31 01 32 | 11
#1480-d237 @A: 34 32 11 04 | 05
#1481-d237 @A: 32 16 22 21 | 09
#1482-d237 @A: 32 04 33 30 | 10
#1483-d237 @A: 16 32 09 07 | 07
#1484-d237 @A: 07 13 32 21 | 03
#1485-d237 @A: 32 01 13 05 | 01
#1486-d237 @A: 02 26 10 14 | 08
#1487-d237 @A: 34 08 26 33 | 02
#1488-d237 @A: 22 26 07 23 | 04
#1489-d237 @A: 26 21 16 15 | 12
#1490-d237 @A: 15 11 26 08 | 06
#1491-d237 @A: 23 26 27 25 | 11
#1492-d237 @A: 31 24 01 14 | 05
#1493-d237 @A: 15 03 31 24 | 09
#1494-d237 @A: 25 08 34 31 | 10
#1495-d237 @A: 31 23 16 02 | 07
#1496-d237 @A: 04 07 31 25 | 03
#1497-d237 @A: 25 15 33 31 | 01
#1498-d237 @A: 31 11 06 03 | 08
#1499-d237 @A: 25 31 23 05 | 02
#1500-d237 @A: 01 11 31 21 | 04
#1501-d237 @A: 22 06 24 23 | 12
#1502-d237 @A: 24 30 21 20 | 06
#1503-d237 @A: 24 13 16 14 | 11
#1504-d237 @A: 16 08 24 15 | 05
#1505-d237 @A: 04 23 24 17 | 09
#1506-d237 @A: 24 05 04 01 | 10
#1507-d237 @A: 27 01 24 09 | 07
#1508-d237 @A: 24 13 01 02 | 03
#1509-d237 @A: 17 34 33 10 | 01
#1510-d237 @A: 03 34 10 09 | 08
#1511-d237 @A: 14 06 22 10 | 02
#1512-d237 @A: 10 09 30 14 | 04
#1513-d237 @A: 07 10 03 30 | 12
#1514-d237 @A: 05 03 16 10 | 06
#1515-d237 @A: 01 10 23 11 | 11
#1516-d237 @A: 29 10 21 01 | 05
#1517-d237 @A: 20 34 04 09 | 09
#1518-d237 @A: 06 27 23 34 | 10
#1519-d237 @A: 11 05 27 34 | 07
#1520-d237 @A: 27 01 34 25 | 03
#1521-d237 @A: 02 34 05 09 | 01
#1522-d237 @A: 03 04 23 22 | 08
#1523-d237 @A: 03 20 22 01 | 02
#1524-d237 @A: 04 06 22 11 | 04
#1525-d237 @A: 13 22 21 04 | 12
#1526-d237 @A: 06 22 27 05 | 06
#1527-d237 @A: 22 01 21 23 | 11
#1528-d237 @A: 16 01 08 30 | 05
#1529-d237 @A: 15 16 30 01 | 09
#1530-d237 @A: 30 07 33 15 | 10
#1531-d237 @A: 08 30 02 09 | 07
#1532-d237 @A: 03 20 02 30 | 03
#1533-d237 @A: 23 25 03 30 | 01
#1534-d237 @A: 30 29 02 25 | 08
#1535-d237 @A: 05 30 09 17 | 02
#1536-d237 @A: 01 21 30 25 | 04
#1537-d237 @A: 14 16 15 23 | 12
#1538-d237 @A: 27 13 16 04 | 06
#1539-d237 @A: 23 25 04 16 | 11
#1540-d237 @A: 02 15 27 16 | 05
#1541-d237 @A: 16 17 09 13 | 09
#1542-d237 @A: 09 16 01 21 | 10
#1543-d237 @A: 27 11 14 20 | 07
#1544-d237 @A: 09 02 20 14 | 03
#1545-d237 @A: 07 29 03 20 | 01
#1546-d237 @A: 07 21 23 04 | 08
#1547-d237 @A: 27 13 06 07 | 02
#1548-d237 @A: 20 25 21 07 | 04
#1549-d237 @A: 33 09 29 08 | 12
#1550-d237 @A: 15 29 11 13 | 06
#1551-d237 @A: 23 35 12 28 | 11
#1552-d237 @A: 16 12 02 35 | 05
#1553-d237 @A: 35 27 01 12 | 09
#1554-d237 @A: 14 19 03 12 | 10
#1555-d237 @A: 29 19 12 05 | 07
#1556-d237 @A: 26 12 17 28 | 03
#1557-d237 @A: 12 20 18 31 | 01
#1558-d237 @A: 12 18 11 22 | 08
#1559-d237 @A: 16 18 12 06 | 02
#1560-d237 @A: 12 26 25 33 | 04
#1561-d237 @A: 09 24 11 12 | 12
#1562-d237 @A: 34 12 21 07 | 06
#1563-d237 @A: 34 33 12 02 | 11
#1564-d237 @A: 33 34 12 15 | 05
#1565-d237 @A: 12 16 09 22 | 09
#1566-d237 @A: 21 14 16 12 | 10
#1567-d237 @A: 11 14 13 12 | 07
#1568-d237 @A: 12 03 20 25 | 03
#1569-d237 @A: 04 06 20 12 | 01
#1570-d237 @A: 12 21 27 25 | 08
#1571-d237 @A: 17 09 29 12 | 02
#1572-d237 @A: 19 10 35 29 | 04
#1573-d237 @A: 35 32 05 18 | 12
#1574-d237 @A: 02 18 35 34 | 06
#1575-d237 @A: 35 18 08 29 | 11
#1576-d237 @A: 15 08 32 35 | 05
#1577-d237 @A: 35 31 10 09 | 09
#1578-d237 @A: 33 31 35 13 | 10
#1579-d237 @A: 24 33 35 03 | 07
#1580-d237 @A: 21 35 25 24 | 03
#1581-d237 @A: 05 34 33 35 | 01
#1582-d237 @A: 33 08 35 22 | 08
#1583-d237 @A: 16 35 09 14 | 02
#1584-d237 @A: 07 35 13 14 | 04
#1585-d237 @A: 15 35 07 17 | 12
#1586-d237 @A: 02 35 03 25 | 06
#1587-d237 @A: 35 09 25 04 | 11
#1588-d237 @A: 05 02 27 35 | 05
#1589-d237 @A: 35 29 09 05 | 09
#1590-d237 @A: 19 28 15 10 | 10
#1591-d237 @A: 25 07 19 18 | 07
#1592-d237 @A: 08 19 20 32 | 03
#1593-d237 @A: 26 29 19 14 | 01
#1594-d237 @A: 19 08 26 05 | 08
#1595-d237 @A: 19 01 31 04 | 02
#1596-d237 @A: 10 20 04 19 | 04
#1597-d237 @A: 11 14 19 34 | 12
#1598-d237 @A: 19 22 21 02 | 06
#1599-d237 @A: 01 03 30 19 | 11
#1600-d237 @A: 03 25 19 21 | 05
#1601-d237 @A: 19 23 02 25 | 09
#1602-d237 @A: 05 13 19 15 | 10
#1603-d237 @A: 17 08 18 28 | 07
#1604-d237 @A: 26 28 30 29 | 03
#1605-d237 @A: 05 26 11 28 | 01
#1606-d237 @A: 02 31 28 34 | 08
#1607-d237 @A: 31 28 25 16 | 02
#1608-d237 @A: 24 16 17 28 | 04
#1609-d237 @A: 28 11 10 30 | 12
#1610-d237 @A: 28 09 10 01 | 06
#1611-d237 @A: 01 14 34 28 | 11
#1612-d237 @A: 28 30 33 03 | 05
#1613-d237 @A: 28 14 08 13 | 09
#1614-d237 @A: 20 08 28 06 | 10
#1615-d237 @A: 05 04 06 28 | 07
#1616-d237 @A: 28 06 11 29 | 03
#1617-d237 @A: 01 21 06 28 | 01
#1618-d237 @A: 01 20 11 28 | 08
#1619-d237 @A: 18 22 24 03 | 02
#1620-d237 @A: 18 14 24 25 | 04
#1621-d237 @A: 06 07 18 10 | 12
#1622-d237 @A: 11 10 18 02 | 06
#1623-d237 @A: 18 20 23 30 | 11
#1624-d237 @A: 13 16 01 18 | 05
#1625-d237 @A: 18 21 05 16 | 09
#1626-d237 @A: 03 18 14 23 | 10
#1627-d237 @A: 21 27 23 18 | 07
#1628-d237 @A: 29 06 21 18 | 03
#1629-d237 @A: 11 18 13 21 | 01
#1630-d237 @A: 05 18 15 17 | 08
#1631-d237 @A: 26 34 22 32 | 02
#1632-d237 @A: 32 23 14 24 | 04
#1633-d237 @A: 16 32 10 29 | 12
#1634-d237 @A: 32 01 08 10 | 06
#1635-d237 @A: 29 32 33 22 | 11
#1636-d237 @A: 07 25 32 30 | 05
#1637-d237 @A: 09 15 32 30 | 09
#1638-d237 @A: 04 32 17 02 | 10
#1639-d237 @A: 32 13 11 27 | 07
#1640-d237 @A: 13 09 32 29 | 03
#1641-d237 @A: 32 21 25 29 | 01
#1642-d237 @A: 24 26 30 01 | 08
#1643-d237 @A: 26 24 06 29 | 02
#1644-d237 @A: 10 30 26 23 | 04
#1645-d237 @A: 34 26 04 16 | 12
#1646-d237 @A: 22 26 21 29 | 06
#1647-d237 @A: 26 11 08 14 | 11
#1648-d237 @A: 07 17 26 25 | 05
#1649-d237 @A: 26 04 13 01 | 09
#1650-d237 @A: 04 26 17 20 | 10
#1651-d237 @A: 31 07 24 09 | 07
#1652-d237 @A: 31 23 06 10 | 03
#1653-d237 @A: 16 17 31 06 | 01
#1654-d237 @A: 31 04 29 03 | 08
#1655-d237 @A: 11 31 27 02 | 02
#1656-d237 @A: 31 13 17 27 | 04
#1657-d237 @A: 23 24 08 30 | 12
#1658-d237 @A: 33 24 27 30 | 06
#1659-d237 @A: 08 07 03 24 | 11
#1660-d237 @A: 06 24 17 27 | 05
#1661-d237 @A: 20 13 06 24 | 09
#1662-d237 @A: 17 02 09 24 | 10
#1663-d237 @A: 34 08 20 10 | 07
#1664-d237 @A: 15 10 34 08 | 03
#1665-d237 @A: 01 10 16 17 | 01
#1666-d237 @A: 10 05 08 07 | 08
#1667-d237 @A: 29 10 06 17 | 02
#1668-d237 @A: 34 20 22 15 | 04
#1669-d237 @A: 05 01 08 34 | 12
#1670-d237 @A: 21 03 13 34 | 06
#1671-d237 @A: 21 23 05 34 | 11
#1672-d237 @A: 14 30 03 27 | 05
#1673-d237 @A: 11 06 02 30 | 09
#1674-d237 @A: 30 01 05 02 | 10
#1675-d237 @A: 07 16 08 04 | 07
#1676-d237 @A: 17 16 07 11 | 03
#1677-d237 @A: 06 02 16 25 | 01
#1678-d237 @A: 25 16 11 29 | 08
#1679-d237 @A: 04 23 14 20 | 02
#1680-d237 @A: 05 27 29 14 | 04
#1681-d237 @A: 01 14 02 21 | 12
#1682-d237 @A: 07 04 20 11 | 06
#1683-d237 @A: 29 17 07 02 | 11
#1684-d237 @A: 08 02 33 11 | 05
#1685-d237 @A: 05 08 09 06 | 09
#1686-d237 @A: 09 23 17 08 | 10
#1687-d237 @A: 20 09 03 33 | 07
#1688-d237 @A: 15 06 05 03 | 03
#1689-d237 @A: 23 02 29 15 | 01
