#0001-d248 @A: 08 06 31 05 | 09
#0002-d248 @A: 08 33 05 03 | 08
#0003-d248 @A: 07 05 15 28 | 03
#0004-d248 @A: 04 28 05 17 | 12
#0005-d248 @A: 26 33 17 05 | 11
#0006-d248 @A: 23 09 05 16 | 06
#0007-d248 @A: 25 09 05 12 | 01
#0008-d248 @A: 33 24 21 05 | 07
#0009-d248 @A: 05 24 19 29 | 10
#0010-d248 @A: 24 05 12 10 | 05
#0011-d248 @A: 32 29 05 31 | 02
#0012-d248 @A: 05 10 21 07 | 04
#0013-d248 @A: 05 21 23 13 | 09
#0014-d248 @A: 10 28 32 05 | 08
#0015-d248 @A: 28 26 16 05 | 03
#0016-d248 @A: 19 28 12 05 | 12
#0017-d248 @A: 23 18 01 05 | 11
#0018-d248 @A: 12 29 02 08 | 06
#0019-d248 @A: 32 02 03 08 | 01
#0020-d248 @A: 08 18 06 21 | 07
#0021-d248 @A: 32 29 06 08 | 10
#0022-d248 @A: 01 09 08 35 | 05
#0023-d248 @A: 21 16 08 24 | 02
#0024-d248 @A: 08 24 22 28 | 04
#0025-d248 @A: 31 20 13 08 | 09
#0026-d248 @A: 14 10 29 08 | 08
#0027-d248 @A: 07 01 08 29 | 03
#0028-d248 @A: 27 28 35 08 | 12
#0029-d248 @A: 26 11 08 04 | 11
#0030-d248 @A: 18 08 23 20 | 06
#0031-d248 @A: 08 22 18 07 | 01
#0032-d248 @A: 23 08 03 12 | 07
#0033-d248 @A: 12 19 08 04 | 10
#0034-d248 @A: 08 13 19 22 | 05
#0035-d248 @A: 15 21 17 18 | 02
#0036-d248 @A: 34 02 15 31 | 04
#0037-d248 @A: 21 34 06 15 | 09
#0038-d248 @A: 06 15 28 10 | 08
#0039-d248 @A: 09 34 15 29 | 03
#0040-d248 @A: 07 15 10 24 | 12
#0041-d248 @A: 15 31 33 29 | 11
#0042-d248 @A: 26 15 16 31 | 06
#0043-d248 @A: 15 10 01 12 | 01
#0044-d248 @A: 26 03 15 04 | 07
#0045-d248 @A: 32 15 18 03 | 10
#0046-d248 @A: 32 04 19 15 | 05
#0047-d248 @A: 34 15 01 35 | 02
#0048-d248 @A: 32 14 15 13 | 04
#0049-d248 @A: 18 01 17 02 | 09
#0050-d248 @A: 14 23 17 06 | 08
#0051-d248 @A: 09 17 25 28 | 03
#0052-d248 @A: 04 10 17 24 | 12
#0053-d248 @A: 22 24 17 19 | 11
#0054-d248 @A: 18 12 31 17 | 06
#0055-d248 @A: 16 31 17 27 | 01
#0056-d248 @A: 04 21 26 17 | 07
#0057-d248 @A: 13 11 28 17 | 10
#0058-d248 @A: 17 07 13 30 | 05
#0059-d248 @A: 04 19 34 17 | 02
#0060-d248 @A: 01 35 19 17 | 04
#0061-d248 @A: 02 24 22 06 | 09
#0062-d248 @A: 06 02 25 26 | 08
#0063-d248 @A: 09 16 29 02 | 03
#0064-d248 @A: 04 02 31 24 | 12
#0065-d248 @A: 18 13 02 31 | 11
#0066-d248 @A: 02 34 33 21 | 06
#0067-d248 @A: 32 01 29 02 | 01
#0068-d248 @A: 28 11 02 25 | 07
#0069-d248 @A: 10 02 23 35 | 10
#0070-d248 @A: 06 24 33 23 | 05
#0071-d248 @A: 04 06 11 31 | 02
#0072-d248 @A: 29 13 18 06 | 04
#0073-d248 @A: 35 06 25 10 | 09
#0074-d248 @A: 11 32 06 26 | 08
#0075-d248 @A: 18 35 06 23 | 03
#0076-d248 @A: 27 18 06 16 | 12
#0077-d248 @A: 33 06 34 27 | 11
#0078-d248 @A: 20 06 01 07 | 06
#0079-d248 @A: 34 35 06 32 | 01
#0080-d248 @A: 24 21 25 09 | 07
#0081-d248 @A: 09 30 29 24 | 10
#0082-d248 @A: 23 31 09 07 | 05
#0083-d248 @A: 18 09 35 29 | 02
#0084-d248 @A: 13 29 04 09 | 04
#0085-d248 @A: 28 22 26 09 | 09
#0086-d248 @A: 09 18 11 01 | 08
#0087-d248 @A: 03 11 32 09 | 03
#0088-d248 @A: 32 07 04 09 | 12
#0089-d248 @A: 01 09 04 34 | 11
#0090-d248 @A: 16 01 09 13 | 06
#0091-d248 @A: 24 23 20 31 | 01
#0092-d248 @A: 21 28 24 34 | 07
#0093-d248 @A: 10 01 23 24 | 10
#0094-d248 @A: 14 20 34 24 | 05
#0095-d248 @A: 19 14 24 32 | 02
#0096-d248 @A: 24 19 25 01 | 04
#0097-d248 @A: 10 28 31 16 | 09
#0098-d248 @A: 31 12 28 11 | 08
#0099-d248 @A: 31 25 33 07 | 03
#0100-d248 @A: 34 14 31 07 | 12
#0101-d248 @A: 32 31 12 34 | 11
#0102-d248 @A: 31 25 13 22 | 06
#0103-d248 @A: 21 10 03 33 | 01
#0104-d248 @A: 11 10 12 21 | 07
#0105-d248 @A: 21 35 11 18 | 10
#0106-d248 @A: 12 21 35 19 | 05
#0107-d248 @A: 28 03 29 32 | 02
#0108-d248 @A: 28 25 29 01 | 04
#0109-d248 @A: 34 07 10 29 | 09
#0110-d248 @A: 12 03 18 29 | 08
#0111-d248 @A: 03 01 18 29 | 03
#0112-d248 @A: 23 29 03 30 | 12
#0113-d248 @A: 03 22 29 16 | 11
#0114-d248 @A: 12 29 32 30 | 06
#0115-d248 @A: 20 01 13 29 | 01
#0116-d248 @A: 23 28 22 35 | 07
#0117-d248 @A: 35 33 20 28 | 10
#0118-d248 @A: 28 27 22 32 | 05
#0119-d248 @A: 28 19 25 07 | 02
#0120-d248 @A: 34 14 30 28 | 04
#0121-d248 @A: 13 23 18 10 | 09
#0122-d248 @A: 03 01 10 11 | 08
#0123-d248 @A: 23 12 16 10 | 03
#0124-d248 @A: 20 10 33 04 | 12
#0125-d248 @A: 10 34 33 30 | 11
#0126-d248 @A: 19 20 10 14 | 06
#0127-d248 @A: 26 18 23 11 | 01
#0128-d248 @A: 19 18 35 26 | 07
#0129-d248 @A: 13 18 26 25 | 10
#0130-d248 @A: 26 13 22 33 | 05
#0131-d248 @A: 07 30 04 26 | 02
#0132-d248 @A: 01 26 07 12 | 04
#0133-d248 @A: 25 26 16 07 | 09
#0134-d248 @A: 25 26 12 30 | 08
#0135-d248 @A: 22 26 34 16 | 03
#0136-d248 @A: 03 18 23 07 | 12
#0137-d248 @A: 27 14 18 12 | 11
#0138-d248 @A: 35 27 13 18 | 06
#0139-d248 @A: 30 18 12 13 | 01
#0140-d248 @A: 32 25 35 18 | 07
#0141-d248 @A: 13 03 04 19 | 10
#0142-d248 @A: 13 16 32 03 | 05
#0143-d248 @A: 14 23 11 16 | 02
#0144-d248 @A: 12 23 33 07 | 04
#0145-d248 @A: 12 23 34 27 | 09
#0146-d248 @A: 35 04 16 23 | 08
#0147-d248 @A: 25 16 32 23 | 03
#0148-d248 @A: 04 11 13 27 | 12
#0149-d248 @A: 27 16 32 11 | 11
#0150-d248 @A: 07 12 19 11 | 06
#0151-d248 @A: 33 01 12 25 | 01
#0152-d248 @A: 09 08 05 27 | 07
#0153-d248 @A: 08 22 21 05 | 10
#0154-d248 @A: 07 08 05 32 | 05
#0155-d248 @A: 06 05 15 04 | 02
#0156-d248 @A: 05 15 25 01 | 04
#0157-d248 @A: 18 05 09 02 | 09
#0158-d248 @A: 03 05 09 06 | 08
#0159-d248 @A: 06 13 26 05 | 03
#0160-d248 @A: 31 09 19 05 | 12
#0161-d248 @A: 05 09 28 35 | 11
#0162-d248 @A: 24 20 28 05 | 06
#0163-d248 @A: 05 11 04 24 | 01
#0164-d248 @A: 22 05 11 28 | 07
#0165-d248 @A: 30 10 35 05 | 10
#0166-d248 @A: 35 05 26 23 | 05
#0167-d248 @A: 05 03 11 07 | 02
#0168-d248 @A: 13 12 27 05 | 04
#0169-d248 @A: 27 14 05 32 | 09
#0170-d248 @A: 04 01 30 05 | 08
#0171-d248 @A: 20 05 32 34 | 03
#0172-d248 @A: 22 05 32 19 | 12
#0173-d248 @A: 01 32 05 20 | 11
#0174-d248 @A: 33 15 17 08 | 06
#0175-d248 @A: 25 02 17 08 | 01
#0176-d248 @A: 17 35 08 26 | 07
#0177-d248 @A: 16 23 08 17 | 10
#0178-d248 @A: 08 06 19 09 | 05
#0179-d248 @A: 24 08 13 10 | 02
#0180-d248 @A: 10 01 14 08 | 04
#0181-d248 @A: 11 08 16 01 | 09
#0182-d248 @A: 08 32 20 27 | 08
#0183-d248 @A: 19 14 30 08 | 03
#0184-d248 @A: 25 20 08 19 | 12
#0185-d248 @A: 13 15 09 17 | 11
#0186-d248 @A: 15 17 22 28 | 06
#0187-d248 @A: 18 02 15 07 | 01
#0188-d248 @A: 25 33 02 15 | 07
#0189-d248 @A: 24 15 26 18 | 10
#0190-d248 @A: 23 15 31 12 | 05
#0191-d248 @A: 16 35 15 21 | 02
#0192-d248 @A: 29 15 28 19 | 04
#0193-d248 @A: 27 10 15 23 | 09
#0194-d248 @A: 11 03 27 15 | 08
#0195-d248 @A: 04 27 15 22 | 03
#0196-d248 @A: 15 19 07 34 | 12
#0197-d248 @A: 19 13 12 15 | 11
#0198-d248 @A: 19 25 35 15 | 06
#0199-d248 @A: 12 10 17 02 | 01
#0200-d248 @A: 17 18 04 02 | 07
#0201-d248 @A: 23 17 02 22 | 10
#0202-d248 @A: 17 09 10 14 | 05
#0203-d248 @A: 09 17 12 26 | 02
#0204-d248 @A: 11 17 31 14 | 04
#0205-d248 @A: 23 17 21 12 | 09
#0206-d248 @A: 22 10 17 32 | 08
#0207-d248 @A: 11 17 25 26 | 03
#0208-d248 @A: 17 26 30 27 | 12
#0209-d248 @A: 19 03 17 30 | 11
#0210-d248 @A: 14 17 19 33 | 06
#0211-d248 @A: 25 17 19 16 | 01
#0212-d248 @A: 22 17 20 30 | 07
#0213-d248 @A: 02 06 20 09 | 10
#0214-d248 @A: 29 32 24 02 | 05
#0215-d248 @A: 02 29 26 30 | 02
#0216-d248 @A: 26 02 10 16 | 04
#0217-d248 @A: 10 03 27 02 | 09
#0218-d248 @A: 11 27 26 02 | 08
#0219-d248 @A: 23 32 02 18 | 03
#0220-d248 @A: 02 14 01 23 | 12
#0221-d248 @A: 02 11 16 12 | 11
#0222-d248 @A: 02 14 12 25 | 06
#0223-d248 @A: 09 06 34 31 | 01
#0224-d248 @A: 06 24 07 31 | 07
#0225-d248 @A: 21 31 30 06 | 10
#0226-d248 @A: 25 31 01 06 | 05
#0227-d248 @A: 28 19 06 21 | 02
#0228-d248 @A: 14 21 26 06 | 04
#0229-d248 @A: 21 03 22 06 | 09
#0230-d248 @A: 06 25 29 33 | 08
#0231-d248 @A: 26 06 20 28 | 03
#0232-d248 @A: 33 06 18 12 | 12
#0233-d248 @A: 06 22 34 11 | 11
#0234-d248 @A: 27 07 13 06 | 06
#0235-d248 @A: 06 27 04 14 | 01
#0236-d248 @A: 13 14 20 06 | 07
#0237-d248 @A: 09 29 14 21 | 10
#0238-d248 @A: 12 09 10 29 | 05
#0239-d248 @A: 29 07 09 25 | 02
#0240-d248 @A: 34 28 18 09 | 04
#0241-d248 @A: 35 09 26 04 | 09
#0242-d248 @A: 30 25 33 09 | 08
#0243-d248 @A: 27 25 22 09 | 03
#0244-d248 @A: 14 31 24 28 | 12
#0245-d248 @A: 21 20 11 24 | 11
#0246-d248 @A: 29 27 24 11 | 06
#0247-d248 @A: 03 26 20 24 | 01
#0248-d248 @A: 11 01 24 13 | 07
#0249-d248 @A: 27 07 24 25 | 10
#0250-d248 @A: 20 01 24 34 | 05
#0251-d248 @A: 21 16 31 20 | 02
#0252-d248 @A: 29 14 23 31 | 04
#0253-d248 @A: 29 31 04 16 | 09
#0254-d248 @A: 12 30 33 31 | 08
#0255-d248 @A: 33 31 16 14 | 03
#0256-d248 @A: 25 30 35 31 | 12
#0257-d248 @A: 29 13 27 21 | 11
#0258-d248 @A: 18 01 28 21 | 06
#0259-d248 @A: 34 18 21 27 | 01
#0260-d248 @A: 19 21 25 33 | 07
#0261-d248 @A: 21 13 14 33 | 10
#0262-d248 @A: 21 27 32 12 | 05
#0263-d248 @A: 30 32 19 21 | 02
#0264-d248 @A: 07 29 28 23 | 04
#0265-d248 @A: 22 10 29 30 | 09
#0266-d248 @A: 04 18 29 26 | 08
#0267-d248 @A: 32 33 27 29 | 03
#0268-d248 @A: 19 29 07 04 | 12
#0269-d248 @A: 28 26 34 23 | 11
#0270-d248 @A: 33 18 23 28 | 06
#0271-d248 @A: 04 35 28 07 | 01
#0272-d248 @A: 12 32 28 16 | 07
#0273-d248 @A: 22 14 28 19 | 10
#0274-d248 @A: 03 07 10 26 | 05
#0275-d248 @A: 30 18 32 10 | 02
#0276-d248 @A: 27 13 10 30 | 04
#0277-d248 @A: 27 26 19 13 | 09
#0278-d248 @A: 18 33 01 16 | 08
#0279-d248 @A: 19 18 25 27 | 03
#0280-d248 @A: 34 01 03 23 | 12
#0281-d248 @A: 03 07 01 19 | 11
#0282-d248 @A: 25 12 32 03 | 06
#0283-d248 @A: 01 33 27 23 | 01
#0284-d248 @A: 32 07 23 22 | 07
#0285-d248 @A: 23 20 19 12 | 10
#0286-d248 @A: 34 11 33 07 | 05
#0287-d248 @A: 01 33 11 32 | 02
#0288-d248 @A: 11 25 16 33 | 04
#0289-d248 @A: 19 14 35 11 | 09
#0290-d248 @A: 04 35 01 33 | 08
#0291-d248 @A: 01 35 27 25 | 03
#0292-d248 @A: 13 02 05 08 | 12
#0293-d248 @A: 05 33 18 15 | 11
#0294-d248 @A: 15 16 05 11 | 06
#0295-d248 @A: 05 35 11 02 | 01
#0296-d248 @A: 05 10 14 06 | 07
#0297-d248 @A: 20 10 09 05 | 10
#0298-d248 @A: 30 04 09 05 | 05
#0299-d248 @A: 13 05 24 34 | 02
#0300-d248 @A: 05 01 29 11 | 04
#0301-d248 @A: 05 26 33 01 | 09
#0302-d248 @A: 14 03 23 05 | 08
#0303-d248 @A: 19 03 05 25 | 03
#0304-d248 @A: 03 35 01 05 | 12
#0305-d248 @A: 25 05 22 07 | 11
#0306-d248 @A: 05 12 30 22 | 06
#0307-d248 @A: 08 27 02 15 | 01
#0308-d248 @A: 07 08 15 31 | 07
#0309-d248 @A: 34 17 08 30 | 10
#0310-d248 @A: 06 24 08 20 | 05
#0311-d248 @A: 11 35 08 29 | 02
#0312-d248 @A: 10 08 18 04 | 04
#0313-d248 @A: 34 18 03 08 | 09
#0314-d248 @A: 18 25 01 08 | 08
#0315-d248 @A: 20 16 12 08 | 03
#0316-d248 @A: 15 06 32 12 | 12
#0317-d248 @A: 19 26 09 15 | 11
#0318-d248 @A: 31 10 15 04 | 06
#0319-d248 @A: 25 15 27 21 | 01
#0320-d248 @A: 15 28 26 25 | 07
#0321-d248 @A: 34 15 11 28 | 10
#0322-d248 @A: 26 15 01 11 | 05
#0323-d248 @A: 22 15 26 12 | 02
#0324-d248 @A: 15 04 23 18 | 04
#0325-d248 @A: 22 34 15 14 | 09
#0326-d248 @A: 34 25 30 15 | 08
#0327-d248 @A: 15 01 22 32 | 03
#0328-d248 @A: 29 06 17 22 | 12
#0329-d248 @A: 29 17 20 09 | 11
#0330-d248 @A: 17 21 35 28 | 06
#0331-d248 @A: 22 17 21 13 | 01
#0332-d248 @A: 19 23 28 17 | 07
#0333-d248 @A: 17 34 10 27 | 10
#0334-d248 @A: 23 07 26 17 | 05
#0335-d248 @A: 03 17 11 22 | 02
#0336-d248 @A: 30 12 17 16 | 04
#0337-d248 @A: 20 17 13 12 | 09
#0338-d248 @A: 25 20 35 17 | 08
#0339-d248 @A: 02 19 24 09 | 03
#0340-d248 @A: 14 02 09 22 | 12
#0341-d248 @A: 24 35 07 02 | 11
#0342-d248 @A: 02 04 01 24 | 06
#0343-d248 @A: 13 21 02 26 | 01
#0344-d248 @A: 28 14 10 02 | 07
#0345-d248 @A: 02 03 28 26 | 10
#0346-d248 @A: 04 32 02 33 | 05
#0347-d248 @A: 02 33 22 30 | 02
#0348-d248 @A: 02 04 25 07 | 04
#0349-d248 @A: 34 20 30 02 | 09
#0350-d248 @A: 19 30 02 35 | 08
#0351-d248 @A: 09 01 06 31 | 03
#0352-d248 @A: 33 06 09 14 | 12
#0353-d248 @A: 20 21 06 10 | 11
#0354-d248 @A: 21 06 11 16 | 06
#0355-d248 @A: 23 10 07 06 | 01
#0356-d248 @A: 11 10 27 06 | 07
#0357-d248 @A: 10 04 06 32 | 10
#0358-d248 @A: 06 14 18 03 | 05
#0359-d248 @A: 06 13 22 16 | 02
#0360-d248 @A: 13 12 09 31 | 04
#0361-d248 @A: 28 09 07 33 | 09
#0362-d248 @A: 09 33 32 22 | 08
#0363-d248 @A: 13 19 09 07 | 03
#0364-d248 @A: 16 09 22 04 | 12
#0365-d248 @A: 09 14 13 35 | 11
#0366-d248 @A: 31 24 16 03 | 06
#0367-d248 @A: 29 03 24 33 | 01
#0368-d248 @A: 24 23 12 28 | 07
#0369-d248 @A: 13 33 28 24 | 10
#0370-d248 @A: 24 26 04 22 | 05
#0371-d248 @A: 18 03 30 24 | 02
#0372-d248 @A: 14 24 11 25 | 04
#0373-d248 @A: 27 14 24 33 | 09
#0374-d248 @A: 34 24 04 27 | 08
#0375-d248 @A: 30 24 19 27 | 03
#0376-d248 @A: 24 07 30 01 | 12
#0377-d248 @A: 35 14 22 24 | 11
#0378-d248 @A: 30 31 13 29 | 06
#0379-d248 @A: 31 27 28 26 | 01
#0380-d248 @A: 23 31 26 30 | 07
#0381-d248 @A: 19 03 14 31 | 10
#0382-d248 @A: 35 12 04 31 | 05
#0383-d248 @A: 04 01 12 31 | 02
#0384-d248 @A: 21 29 16 33 | 04
#0385-d248 @A: 11 28 33 21 | 09
#0386-d248 @A: 01 33 21 19 | 08
#0387-d248 @A: 35 27 21 30 | 03
#0388-d248 @A: 21 19 22 07 | 12
#0389-d248 @A: 25 18 29 28 | 11
#0390-d248 @A: 18 34 11 29 | 06
#0391-d248 @A: 29 14 04 35 | 01
#0392-d248 @A: 04 32 29 25 | 07
#0393-d248 @A: 12 34 01 29 | 10
#0394-d248 @A: 13 29 25 19 | 05
#0395-d248 @A: 13 20 16 29 | 02
#0396-d248 @A: 11 28 07 18 | 04
#0397-d248 @A: 35 11 32 28 | 09
#0398-d248 @A: 12 28 14 33 | 08
#0399-d248 @A: 27 12 28 07 | 03
#0400-d248 @A: 28 20 34 27 | 12
#0401-d248 @A: 04 34 16 28 | 11
#0402-d248 @A: 28 34 01 22 | 06
#0403-d248 @A: 32 19 20 28 | 01
#0404-d248 @A: 25 28 22 30 | 07
#0405-d248 @A: 10 03 18 20 | 10
#0406-d248 @A: 10 01 18 27 | 05
#0407-d248 @A: 07 22 01 10 | 02
#0408-d248 @A: 30 16 07 10 | 04
#0409-d248 @A: 20 35 10 07 | 09
#0410-d248 @A: 12 34 19 10 | 08
#0411-d248 @A: 10 35 12 32 | 03
#0412-d248 @A: 10 20 34 16 | 12
#0413-d248 @A: 03 18 33 26 | 11
#0414-d248 @A: 19 26 18 01 | 06
#0415-d248 @A: 25 27 26 35 | 01
#0416-d248 @A: 07 19 26 14 | 07
#0417-d248 @A: 26 14 16 12 | 10
#0418-d248 @A: 30 19 34 26 | 05
#0419-d248 @A: 18 22 33 25 | 02
#0420-d248 @A: 35 18 16 33 | 04
#0421-d248 @A: 25 30 18 07 | 09
#0422-d248 @A: 20 12 32 18 | 08
#0423-d248 @A: 20 34 18 25 | 03
#0424-d248 @A: 33 16 03 04 | 12
#0425-d248 @A: 30 12 34 03 | 11
#0426-d248 @A: 04 33 19 23 | 06
#0427-d248 @A: 23 07 27 14 | 01
#0428-d248 @A: 04 23 13 20 | 07
#0429-d248 @A: 27 12 25 11 | 10
#0430-d248 @A: 35 11 34 04 | 05
#0431-d248 @A: 13 34 11 12 | 02
#0432-d248 @A: 35 11 13 30 | 04
#0433-d248 @A: 25 20 30 11 | 09
#0434-d248 @A: 27 13 32 01 | 08
#0435-d248 @A: 01 14 30 34 | 03
#0436-d248 @A: 17 08 05 19 | 12
#0437-d248 @A: 05 27 01 08 | 11
#0438-d248 @A: 05 04 08 34 | 06
#0439-d248 @A: 05 13 15 31 | 01
#0440-d248 @A: 15 05 12 21 | 07
#0441-d248 @A: 35 05 17 29 | 10
#0442-d248 @A: 19 02 05 06 | 05
#0443-d248 @A: 05 21 27 06 | 02
#0444-d248 @A: 14 09 05 07 | 04
#0445-d248 @A: 05 10 03 04 | 09
#0446-d248 @A: 32 03 05 26 | 08
#0447-d248 @A: 32 11 18 05 | 03
#0448-d248 @A: 04 22 13 05 | 12
#0449-d248 @A: 05 22 34 35 | 11
#0450-d248 @A: 04 15 08 24 | 06
#0451-d248 @A: 21 15 14 08 | 01
#0452-d248 @A: 08 15 34 26 | 07
#0453-d248 @A: 34 09 02 08 | 10
#0454-d248 @A: 21 19 02 08 | 05
#0455-d248 @A: 21 08 09 33 | 02
#0456-d248 @A: 30 08 32 31 | 04
#0457-d248 @A: 21 08 10 35 | 09
#0458-d248 @A: 23 21 34 08 | 08
#0459-d248 @A: 08 21 25 32 | 03
#0460-d248 @A: 08 11 28 23 | 12
#0461-d248 @A: 33 16 08 32 | 11
#0462-d248 @A: 25 27 08 14 | 06
#0463-d248 @A: 07 08 12 35 | 01
#0464-d248 @A: 02 28 35 15 | 07
#0465-d248 @A: 01 07 02 15 | 10
#0466-d248 @A: 15 12 20 28 | 05
#0467-d248 @A: 18 15 16 34 | 02
#0468-d248 @A: 13 15 07 23 | 04
#0469-d248 @A: 02 28 16 17 | 09
#0470-d248 @A: 20 31 17 06 | 08
#0471-d248 @A: 16 17 11 09 | 03
#0472-d248 @A: 22 26 31 17 | 12
#0473-d248 @A: 14 21 03 17 | 11
#0474-d248 @A: 13 29 34 17 | 06
#0475-d248 @A: 33 01 17 10 | 01
#0476-d248 @A: 01 17 26 30 | 07
#0477-d248 @A: 17 18 33 30 | 10
#0478-d248 @A: 12 11 04 17 | 05
#0479-d248 @A: 07 06 21 02 | 02
#0480-d248 @A: 12 09 28 02 | 04
#0481-d248 @A: 09 04 10 02 | 09
#0482-d248 @A: 02 10 24 18 | 08
#0483-d248 @A: 23 24 02 16 | 03
#0484-d248 @A: 27 31 07 02 | 12
#0485-d248 @A: 21 04 02 03 | 11
#0486-d248 @A: 18 02 14 29 | 06
#0487-d248 @A: 35 20 26 02 | 01
#0488-d248 @A: 33 02 20 12 | 07
#0489-d248 @A: 04 35 02 22 | 10
#0490-d248 @A: 02 16 14 13 | 05
#0491-d248 @A: 32 02 22 13 | 02
#0492-d248 @A: 28 24 06 32 | 04
#0493-d248 @A: 06 03 28 35 | 09
#0494-d248 @A: 01 14 18 06 | 08
#0495-d248 @A: 33 01 22 06 | 03
#0496-d248 @A: 06 07 04 20 | 12
#0497-d248 @A: 35 06 12 13 | 11
#0498-d248 @A: 13 34 06 25 | 06
#0499-d248 @A: 35 14 06 30 | 01
#0500-d248 @A: 32 22 06 30 | 07
#0501-d248 @A: 09 34 07 35 | 10
#0502-d248 @A: 09 22 01 07 | 05
#0503-d248 @A: 19 14 09 16 | 02
#0504-d248 @A: 35 09 22 19 | 04
#0505-d248 @A: 32 30 16 09 | 09
#0506-d248 @A: 24 22 31 21 | 08
#0507-d248 @A: 11 23 24 10 | 03
#0508-d248 @A: 24 11 26 16 | 12
#0509-d248 @A: 23 18 19 24 | 11
#0510-d248 @A: 34 24 12 18 | 06
#0511-d248 @A: 13 31 21 10 | 01
#0512-d248 @A: 29 20 18 31 | 07
#0513-d248 @A: 35 29 01 31 | 10
#0514-d248 @A: 28 13 31 23 | 05
#0515-d248 @A: 31 26 18 34 | 02
#0516-d248 @A: 13 31 26 03 | 04
#0517-d248 @A: 31 14 25 32 | 09
#0518-d248 @A: 21 16 18 10 | 08
#0519-d248 @A: 27 21 10 04 | 03
#0520-d248 @A: 25 34 10 21 | 12
#0521-d248 @A: 21 18 30 26 | 11
#0522-d248 @A: 21 07 30 23 | 06
#0523-d248 @A: 30 21 04 25 | 01
#0524-d248 @A: 13 28 26 29 | 07
#0525-d248 @A: 10 25 26 29 | 10
#0526-d248 @A: 01 26 29 14 | 05
#0527-d248 @A: 32 29 35 23 | 02
#0528-d248 @A: 29 33 14 07 | 04
#0529-d248 @A: 20 25 29 12 | 09
#0530-d248 @A: 25 14 29 22 | 08
#0531-d248 @A: 01 28 35 26 | 03
#0532-d248 @A: 11 28 01 19 | 12
#0533-d248 @A: 13 07 28 22 | 11
#0534-d248 @A: 28 12 35 30 | 06
#0535-d248 @A: 14 28 01 32 | 01
#0536-d248 @A: 12 03 11 26 | 07
#0537-d248 @A: 35 14 03 26 | 10
#0538-d248 @A: 07 33 20 26 | 05
#0539-d248 @A: 34 26 07 27 | 02
#0540-d248 @A: 26 14 30 13 | 04
#0541-d248 @A: 34 13 33 18 | 09
#0542-d248 @A: 12 18 07 04 | 08
#0543-d248 @A: 13 18 04 14 | 03
#0544-d248 @A: 18 20 22 13 | 12
#0545-d248 @A: 35 30 03 33 | 11
#0546-d248 @A: 32 07 03 27 | 06
#0547-d248 @A: 20 03 19 27 | 01
#0548-d248 @A: 14 22 12 03 | 07
#0549-d248 @A: 12 03 20 01 | 10
#0550-d248 @A: 19 07 23 35 | 05
#0551-d248 @A: 20 23 16 07 | 02
#0552-d248 @A: 11 33 19 30 | 04
#0553-d248 @A: 22 11 32 12 | 09
#0554-d248 @A: 11 25 19 22 | 08
#0555-d248 @A: 12 16 01 35 | 03
#0556-d248 @A: 23 08 25 05 | 12
#0557-d248 @A: 24 09 15 05 | 11
#0558-d248 @A: 17 32 05 02 | 06
#0559-d248 @A: 05 17 06 12 | 01
#0560-d248 @A: 34 05 17 11 | 07
#0561-d248 @A: 14 05 02 34 | 10
#0562-d248 @A: 05 35 07 06 | 05
#0563-d248 @A: 21 09 32 05 | 02
#0564-d248 @A: 05 32 24 23 | 04
#0565-d248 @A: 34 31 21 05 | 09
#0566-d248 @A: 16 30 31 05 | 08
#0567-d248 @A: 29 04 23 05 | 03
#0568-d248 @A: 11 26 05 14 | 12
#0569-d248 @A: 05 16 12 33 | 11
#0570-d248 @A: 05 04 27 25 | 06
#0571-d248 @A: 29 15 08 13 | 01
#0572-d248 @A: 08 20 02 10 | 07
#0573-d248 @A: 08 30 06 25 | 10
#0574-d248 @A: 13 08 26 09 | 05
#0575-d248 @A: 22 09 12 08 | 02
#0576-d248 @A: 08 21 12 31 | 04
#0577-d248 @A: 11 08 31 33 | 09
#0578-d248 @A: 10 33 28 08 | 08
#0579-d248 @A: 07 30 33 08 | 03
#0580-d248 @A: 15 17 20 19 | 12
#0581-d248 @A: 19 06 03 15 | 11
#0582-d248 @A: 15 28 09 04 | 06
#0583-d248 @A: 35 24 15 20 | 01
#0584-d248 @A: 21 13 15 28 | 07
#0585-d248 @A: 15 32 11 21 | 10
#0586-d248 @A: 15 03 23 16 | 05
#0587-d248 @A: 03 15 01 16 | 02
#0588-d248 @A: 30 15 11 07 | 04
#0589-d248 @A: 14 15 04 16 | 09
#0590-d248 @A: 20 02 03 17 | 08
#0591-d248 @A: 13 33 06 17 | 03
#0592-d248 @A: 24 27 20 17 | 12
#0593-d248 @A: 29 26 16 17 | 11
#0594-d248 @A: 10 26 17 18 | 06
#0595-d248 @A: 33 22 04 17 | 01
#0596-d248 @A: 22 17 07 27 | 07
#0597-d248 @A: 12 19 27 17 | 10
#0598-d248 @A: 17 16 34 35 | 05
#0599-d248 @A: 28 02 06 01 | 02
#0600-d248 @A: 03 24 02 34 | 04
#0601-d248 @A: 02 30 11 24 | 09
#0602-d248 @A: 02 21 28 32 | 08
#0603-d248 @A: 02 21 12 30 | 03
#0604-d248 @A: 32 02 10 07 | 12
#0605-d248 @A: 02 01 12 11 | 11
#0606-d248 @A: 04 02 27 19 | 06
#0607-d248 @A: 02 34 19 16 | 01
#0608-d248 @A: 35 16 02 32 | 07
#0609-d248 @A: 09 06 21 13 | 10
#0610-d248 @A: 16 31 23 06 | 05
#0611-d248 @A: 06 31 27 25 | 02
#0612-d248 @A: 13 06 31 32 | 04
#0613-d248 @A: 01 06 21 27 | 09
#0614-d248 @A: 19 07 33 06 | 08
#0615-d248 @A: 06 04 12 34 | 03
#0616-d248 @A: 06 34 14 16 | 12
#0617-d248 @A: 24 09 34 10 | 11
#0618-d248 @A: 35 09 21 31 | 06
#0619-d248 @A: 31 22 29 09 | 01
#0620-d248 @A: 03 20 31 09 | 07
#0621-d248 @A: 07 09 21 03 | 10
#0622-d248 @A: 23 29 11 09 | 05
#0623-d248 @A: 23 09 28 32 | 02
#0624-d248 @A: 03 16 10 09 | 04
#0625-d248 @A: 09 20 13 27 | 09
#0626-d248 @A: 25 09 19 04 | 08
#0627-d248 @A: 14 25 09 34 | 03
#0628-d248 @A: 01 09 25 14 | 12
#0629-d248 @A: 20 09 35 32 | 11
#0630-d248 @A: 10 30 31 24 | 06
#0631-d248 @A: 26 31 33 24 | 01
#0632-d248 @A: 12 31 24 27 | 07
#0633-d248 @A: 24 26 07 28 | 10
#0634-d248 @A: 18 28 35 24 | 05
#0635-d248 @A: 27 22 24 10 | 02
#0636-d248 @A: 13 27 24 03 | 04
#0637-d248 @A: 30 33 24 04 | 09
#0638-d248 @A: 24 16 22 33 | 08
#0639-d248 @A: 12 07 24 30 | 03
#0640-d248 @A: 12 13 16 24 | 12
#0641-d248 @A: 31 29 21 26 | 11
#0642-d248 @A: 27 21 11 31 | 06
#0643-d248 @A: 04 26 31 32 | 01
#0644-d248 @A: 16 31 11 18 | 07
#0645-d248 @A: 34 27 30 31 | 10
#0646-d248 @A: 22 07 04 31 | 05
#0647-d248 @A: 01 31 20 22 | 02
#0648-d248 @A: 21 10 23 14 | 04
#0649-d248 @A: 20 21 27 26 | 09
#0650-d248 @A: 35 23 03 21 | 08
#0651-d248 @A: 21 34 32 04 | 03
#0652-d248 @A: 21 12 01 22 | 12
#0653-d248 @A: 21 13 16 30 | 11
#0654-d248 @A: 16 11 29 28 | 06
#0655-d248 @A: 29 35 03 10 | 01
#0656-d248 @A: 33 11 29 26 | 07
#0657-d248 @A: 13 35 29 33 | 10
#0658-d248 @A: 20 29 04 27 | 05
#0659-d248 @A: 29 32 07 13 | 02
#0660-d248 @A: 35 12 16 29 | 04
#0661-d248 @A: 29 32 34 22 | 09
#0662-d248 @A: 29 30 20 14 | 08
#0663-d248 @A: 10 26 35 28 | 03
#0664-d248 @A: 28 12 10 18 | 12
#0665-d248 @A: 10 11 28 20 | 11
#0666-d248 @A: 28 23 25 03 | 06
#0667-d248 @A: 30 27 28 04 | 01
#0668-d248 @A: 16 28 14 27 | 07
#0669-d248 @A: 13 20 28 30 | 10
#0670-d248 @A: 10 19 13 33 | 05
#0671-d248 @A: 04 10 35 13 | 02
#0672-d248 @A: 16 19 26 33 | 04
#0673-d248 @A: 26 16 34 01 | 09
#0674-d248 @A: 25 26 32 19 | 08
#0675-d248 @A: 25 01 26 22 | 03
#0676-d248 @A: 25 14 23 18 | 12
#0677-d248 @A: 11 04 25 18 | 11
#0678-d248 @A: 18 07 34 32 | 06
#0679-d248 @A: 30 18 01 12 | 01
#0680-d248 @A: 01 34 32 18 | 07
#0681-d248 @A: 16 27 03 12 | 10
#0682-d248 @A: 07 34 03 04 | 05
#0683-d248 @A: 14 20 03 16 | 02
#0684-d248 @A: 30 32 03 01 | 04
#0685-d248 @A: 16 34 23 33 | 09
#0686-d248 @A: 27 20 25 23 | 08
#0687-d248 @A: 23 34 14 04 | 03
#0688-d248 @A: 25 12 22 23 | 12
#0689-d248 @A: 34 30 23 32 | 11
#0690-d248 @A: 23 35 34 13 | 06
#0691-d248 @A: 23 25 16 01 | 01
#0692-d248 @A: 11 12 33 35 | 07
#0693-d248 @A: 07 35 11 25 | 10
#0694-d248 @A: 13 19 11 20 | 05
#0695-d248 @A: 11 35 01 14 | 02
#0696-d248 @A: 07 33 14 01 | 04
#0697-d248 @A: 22 30 01 13 | 09
#0698-d248 @A: 02 29 27 05 | 08
#0699-d248 @A: 05 12 03 02 | 03
#0700-d248 @A: 34 05 29 06 | 12
#0701-d248 @A: 11 05 06 20 | 11
#0702-d248 @A: 05 01 13 06 | 06
#0703-d248 @A: 05 09 34 26 | 01
#0704-d248 @A: 04 35 21 05 | 07
#0705-d248 @A: 22 05 26 29 | 10
#0706-d248 @A: 13 05 29 14 | 05
#0707-d248 @A: 30 14 33 05 | 02
#0708-d248 @A: 05 13 16 19 | 04
#0709-d248 @A: 17 06 08 10 | 09
#0710-d248 @A: 29 17 08 07 | 08
#0711-d248 @A: 22 17 14 08 | 03
#0712-d248 @A: 33 08 02 24 | 12
#0713-d248 @A: 02 30 18 08 | 11
#0714-d248 @A: 06 13 08 23 | 06
#0715-d248 @A: 01 08 06 23 | 01
#0716-d248 @A: 06 04 08 16 | 07
#0717-d248 @A: 25 09 08 18 | 10
#0718-d248 @A: 08 23 09 04 | 05
#0719-d248 @A: 24 32 08 12 | 02
#0720-d248 @A: 35 08 31 23 | 04
#0721-d248 @A: 26 08 03 21 | 09
#0722-d248 @A: 13 21 08 01 | 08
#0723-d248 @A: 29 34 08 16 | 03
#0724-d248 @A: 26 28 19 08 | 12
#0725-d248 @A: 28 13 08 14 | 11
#0726-d248 @A: 23 22 26 08 | 06
#0727-d248 @A: 34 33 14 08 | 01
#0728-d248 @A: 13 16 27 08 | 07
#0729-d248 @A: 16 15 10 17 | 10
#0730-d248 @A: 12 15 02 24 | 05
#0731-d248 @A: 15 04 11 02 | 02
#0732-d248 @A: 06 15 24 13 | 04
#0733-d248 @A: 15 25 09 20 | 09
#0734-d248 @A: 15 20 03 21 | 08
#0735-d248 @A: 03 07 15 29 | 03
#0736-d248 @A: 15 23 29 22 | 12
#0737-d248 @A: 27 29 15 12 | 11
#0738-d248 @A: 28 15 33 16 | 06
#0739-d248 @A: 01 28 15 13 | 01
#0740-d248 @A: 30 33 15 27 | 07
#0741-d248 @A: 34 33 15 12 | 10
#0742-d248 @A: 27 35 07 15 | 05
#0743-d248 @A: 16 15 19 27 | 02
#0744-d248 @A: 22 15 35 13 | 04
#0745-d248 @A: 32 06 03 17 | 09
#0746-d248 @A: 13 26 17 24 | 08
#0747-d248 @A: 33 24 17 34 | 03
#0748-d248 @A: 23 17 31 32 | 12
#0749-d248 @A: 28 07 10 17 | 11
#0750-d248 @A: 33 16 20 17 | 06
#0751-d248 @A: 04 01 17 27 | 01
#0752-d248 @A: 17 32 04 20 | 07
#0753-d248 @A: 17 35 12 22 | 10
#0754-d248 @A: 17 25 22 34 | 05
#0755-d248 @A: 02 11 06 13 | 02
#0756-d248 @A: 09 11 02 33 | 04
#0757-d248 @A: 01 09 02 19 | 09
#0758-d248 @A: 02 24 20 13 | 08
#0759-d248 @A: 02 01 13 31 | 03
#0760-d248 @A: 29 21 35 02 | 12
#0761-d248 @A: 02 25 19 10 | 11
#0762-d248 @A: 19 07 20 02 | 06
#0763-d248 @A: 02 04 16 30 | 01
#0764-d248 @A: 16 22 02 25 | 07
#0765-d248 @A: 24 09 06 27 | 10
#0766-d248 @A: 09 06 25 11 | 05
#0767-d248 @A: 06 28 07 16 | 02
#0768-d248 @A: 33 35 22 06 | 04
#0769-d248 @A: 07 25 06 32 | 09
#0770-d248 @A: 20 12 30 06 | 08
#0771-d248 @A: 24 18 13 09 | 03
#0772-d248 @A: 14 24 03 09 | 12
#0773-d248 @A: 31 14 04 09 | 11
#0774-d248 @A: 21 23 20 09 | 06
#0775-d248 @A: 28 09 13 10 | 01
#0776-d248 @A: 03 35 12 09 | 07
#0777-d248 @A: 07 09 16 27 | 10
#0778-d248 @A: 12 24 03 21 | 05
#0779-d248 @A: 01 24 35 21 | 02
#0780-d248 @A: 10 24 20 29 | 04
#0781-d248 @A: 24 20 18 07 | 09
#0782-d248 @A: 22 07 34 24 | 08
#0783-d248 @A: 24 35 34 30 | 03
#0784-d248 @A: 13 22 30 24 | 12
#0785-d248 @A: 22 32 24 25 | 11
#0786-d248 @A: 03 32 21 31 | 06
#0787-d248 @A: 35 31 28 29 | 01
#0788-d248 @A: 11 29 31 25 | 07
#0789-d248 @A: 19 31 28 04 | 10
#0790-d248 @A: 18 27 31 23 | 05
#0791-d248 @A: 04 03 31 27 | 02
#0792-d248 @A: 33 20 27 31 | 04
#0793-d248 @A: 16 31 12 22 | 09
#0794-d248 @A: 31 13 34 16 | 08
#0795-d248 @A: 21 23 01 29 | 03
#0796-d248 @A: 26 19 21 23 | 12
#0797-d248 @A: 11 21 34 26 | 11
#0798-d248 @A: 33 35 26 21 | 06
#0799-d248 @A: 11 21 30 14 | 01
#0800-d248 @A: 11 21 01 25 | 07
#0801-d248 @A: 21 27 19 14 | 10
#0802-d248 @A: 21 12 14 07 | 05
#0803-d248 @A: 21 25 07 20 | 02
#0804-d248 @A: 29 34 26 14 | 04
#0805-d248 @A: 33 29 34 20 | 09
#0806-d248 @A: 29 22 27 35 | 08
#0807-d248 @A: 28 01 10 30 | 03
#0808-d248 @A: 28 34 33 22 | 12
#0809-d248 @A: 27 10 16 33 | 11
#0810-d248 @A: 07 10 12 22 | 06
#0811-d248 @A: 25 20 10 01 | 01
#0812-d248 @A: 03 26 23 27 | 07
#0813-d248 @A: 01 34 26 27 | 10
#0814-d248 @A: 18 03 19 11 | 05
#0815-d248 @A: 27 20 01 18 | 02
#0816-d248 @A: 01 07 18 35 | 04
#0817-d248 @A: 33 34 32 03 | 09
#0818-d248 @A: 30 27 03 25 | 08
#0819-d248 @A: 25 04 01 03 | 03
#0820-d248 @A: 22 03 20 35 | 12
#0821-d248 @A: 34 11 23 20 | 11
#0822-d248 @A: 11 13 25 23 | 06
#0823-d248 @A: 34 07 23 25 | 01
#0824-d248 @A: 22 04 23 30 | 07
#0825-d248 @A: 19 22 23 01 | 10
#0826-d248 @A: 07 32 14 11 | 05
#0827-d248 @A: 14 12 01 19 | 02
#0828-d248 @A: 05 08 18 35 | 04
#0829-d248 @A: 02 15 22 05 | 09
#0830-d248 @A: 07 05 24 17 | 08
#0831-d248 @A: 23 17 05 30 | 03
#0832-d248 @A: 01 22 17 05 | 12
#0833-d248 @A: 02 16 21 05 | 11
#0834-d248 @A: 01 02 10 05 | 06
#0835-d248 @A: 33 09 29 05 | 01
#0836-d248 @A: 18 05 24 16 | 07
#0837-d248 @A: 05 31 12 14 | 10
#0838-d248 @A: 26 21 25 05 | 05
#0839-d248 @A: 21 05 30 03 | 02
#0840-d248 @A: 26 10 05 19 | 04
#0841-d248 @A: 25 10 11 05 | 09
#0842-d248 @A: 27 16 34 05 | 08
#0843-d248 @A: 22 14 16 05 | 03
#0844-d248 @A: 22 06 08 15 | 12
#0845-d248 @A: 08 16 15 09 | 11
#0846-d248 @A: 08 23 15 32 | 06
#0847-d248 @A: 31 24 19 08 | 01
#0848-d248 @A: 28 01 24 08 | 07
#0849-d248 @A: 27 24 18 08 | 10
#0850-d248 @A: 31 08 10 34 | 05
#0851-d248 @A: 22 03 31 08 | 02
#0852-d248 @A: 29 19 08 23 | 04
#0853-d248 @A: 03 10 08 19 | 09
#0854-d248 @A: 26 32 14 08 | 08
#0855-d248 @A: 27 08 19 11 | 03
#0856-d248 @A: 08 07 27 04 | 12
#0857-d248 @A: 08 16 07 19 | 11
#0858-d248 @A: 32 13 04 08 | 06
#0859-d248 @A: 25 08 34 12 | 01
#0860-d248 @A: 08 20 34 35 | 07
#0861-d248 @A: 08 22 35 32 | 10
#0862-d248 @A: 09 32 15 02 | 05
#0863-d248 @A: 02 15 29 20 | 02
#0864-d248 @A: 06 15 07 09 | 04
#0865-d248 @A: 20 18 15 06 | 09
#0866-d248 @A: 15 21 09 22 | 08
#0867-d248 @A: 15 30 10 09 | 03
#0868-d248 @A: 09 18 15 14 | 12
#0869-d248 @A: 24 15 25 31 | 11
#0870-d248 @A: 15 24 23 34 | 06
#0871-d248 @A: 31 15 01 18 | 01
#0872-d248 @A: 23 21 33 15 | 07
#0873-d248 @A: 15 18 13 11 | 10
#0874-d248 @A: 14 20 27 15 | 05
#0875-d248 @A: 25 07 15 14 | 02
#0876-d248 @A: 15 20 34 04 | 04
#0877-d248 @A: 14 01 15 20 | 09
#0878-d248 @A: 32 15 16 22 | 08
#0879-d248 @A: 25 06 17 21 | 03
#0880-d248 @A: 06 26 17 19 | 12
#0881-d248 @A: 17 03 09 01 | 11
#0882-d248 @A: 30 17 09 35 | 06
#0883-d248 @A: 25 17 18 24 | 01
#0884-d248 @A: 17 07 31 03 | 07
#0885-d248 @A: 21 19 17 29 | 10
#0886-d248 @A: 32 21 16 17 | 05
#0887-d248 @A: 32 17 18 29 | 02
#0888-d248 @A: 25 03 17 10 | 04
#0889-d248 @A: 33 17 11 10 | 09
#0890-d248 @A: 03 26 17 34 | 08
#0891-d248 @A: 23 17 20 01 | 03
#0892-d248 @A: 17 04 16 13 | 12
#0893-d248 @A: 06 10 02 30 | 11
#0894-d248 @A: 26 02 09 31 | 06
#0895-d248 @A: 21 02 31 14 | 01
#0896-d248 @A: 35 02 31 03 | 07
#0897-d248 @A: 02 25 03 29 | 10
#0898-d248 @A: 07 16 33 02 | 05
#0899-d248 @A: 35 02 14 33 | 02
#0900-d248 @A: 02 16 27 20 | 04
#0901-d248 @A: 02 16 01 30 | 09
#0902-d248 @A: 30 02 25 13 | 08
#0903-d248 @A: 35 24 21 06 | 03
#0904-d248 @A: 29 03 06 31 | 12
#0905-d248 @A: 29 12 21 06 | 11
#0906-d248 @A: 06 29 16 10 | 06
#0907-d248 @A: 06 26 04 23 | 01
#0908-d248 @A: 06 11 30 18 | 07
#0909-d248 @A: 19 30 06 13 | 10
#0910-d248 @A: 01 19 32 06 | 05
#0911-d248 @A: 16 25 20 06 | 02
#0912-d248 @A: 11 09 24 07 | 04
#0913-d248 @A: 33 09 24 12 | 09
#0914-d248 @A: 09 29 19 32 | 08
#0915-d248 @A: 27 11 09 28 | 03
#0916-d248 @A: 09 18 07 26 | 12
#0917-d248 @A: 09 27 35 33 | 11
#0918-d248 @A: 13 25 09 32 | 06
#0919-d248 @A: 18 14 21 24 | 01
#0920-d248 @A: 21 19 24 04 | 07
#0921-d248 @A: 13 21 32 24 | 10
#0922-d248 @A: 19 26 12 24 | 05
#0923-d248 @A: 11 03 24 35 | 02
#0924-d248 @A: 16 27 35 24 | 04
#0925-d248 @A: 24 20 19 16 | 09
#0926-d248 @A: 12 10 31 03 | 08
#0927-d248 @A: 11 31 10 07 | 03
#0928-d248 @A: 20 10 25 31 | 12
#0929-d248 @A: 13 04 33 31 | 11
#0930-d248 @A: 31 07 01 27 | 06
#0931-d248 @A: 31 19 25 12 | 01
#0932-d248 @A: 34 19 31 20 | 07
#0933-d248 @A: 22 20 32 31 | 10
#0934-d248 @A: 21 16 23 28 | 05
#0935-d248 @A: 21 18 23 22 | 02
#0936-d248 @A: 35 21 32 07 | 04
#0937-d248 @A: 21 25 14 16 | 09
#0938-d248 @A: 23 26 12 29 | 08
#0939-d248 @A: 22 07 20 29 | 03
#0940-d248 @A: 34 30 04 29 | 12
#0941-d248 @A: 11 28 04 03 | 11
#0942-d248 @A: 03 16 28 30 | 06
#0943-d248 @A: 27 28 12 01 | 01
#0944-d248 @A: 32 28 07 30 | 07
#0945-d248 @A: 22 12 28 04 | 10
#0946-d248 @A: 11 22 26 10 | 05
#0947-d248 @A: 04 01 23 10 | 02
#0948-d248 @A: 22 14 33 10 | 04
#0949-d248 @A: 32 25 27 10 | 09
#0950-d248 @A: 12 04 30 10 | 08
#0951-d248 @A: 13 10 14 12 | 03
#0952-d248 @A: 10 13 35 01 | 12
#0953-d248 @A: 18 32 27 26 | 11
#0954-d248 @A: 26 14 27 22 | 06
#0955-d248 @A: 26 13 20 34 | 01
#0956-d248 @A: 13 32 26 35 | 07
#0957-d248 @A: 04 27 33 18 | 10
#0958-d248 @A: 32 16 18 04 | 05
#0959-d248 @A: 04 03 25 35 | 02
#0960-d248 @A: 19 22 34 03 | 04
#0961-d248 @A: 14 30 03 32 | 09
#0962-d248 @A: 11 22 23 33 | 08
#0963-d248 @A: 12 23 11 30 | 03
#0964-d248 @A: 14 22 20 23 | 12
#0965-d248 @A: 11 33 04 14 | 11
#0966-d248 @A: 11 27 20 07 | 06
#0967-d248 @A: 27 11 14 34 | 01
#0968-d248 @A: 22 27 01 11 | 07
#0969-d248 @A: 19 04 16 11 | 10
#0970-d248 @A: 22 11 13 14 | 05
#0971-d248 @A: 04 32 01 07 | 02
#0972-d248 @A: 28 05 08 29 | 04
#0973-d248 @A: 10 05 33 02 | 09
#0974-d248 @A: 13 11 09 05 | 08
#0975-d248 @A: 05 07 31 26 | 03
#0976-d248 @A: 04 05 18 31 | 12
#0977-d248 @A: 05 23 27 28 | 11
#0978-d248 @A: 18 22 10 05 | 06
#0979-d248 @A: 18 05 27 03 | 01
#0980-d248 @A: 33 05 23 20 | 07
#0981-d248 @A: 01 19 34 05 | 10
#0982-d248 @A: 05 14 20 25 | 05
#0983-d248 @A: 15 12 10 08 | 02
#0984-d248 @A: 31 16 02 08 | 04
#0985-d248 @A: 20 08 02 01 | 09
#0986-d248 @A: 07 08 11 06 | 08
#0987-d248 @A: 08 09 28 31 | 03
#0988-d248 @A: 08 03 29 09 | 12
#0989-d248 @A: 09 33 08 01 | 11
#0990-d248 @A: 13 11 21 08 | 06
#0991-d248 @A: 04 08 20 21 | 01
#0992-d248 @A: 08 33 29 18 | 07
#0993-d248 @A: 08 29 22 04 | 10
#0994-d248 @A: 25 16 08 28 | 05
#0995-d248 @A: 16 08 22 30 | 02
#0996-d248 @A: 35 25 13 08 | 04
#0997-d248 @A: 17 15 26 02 | 09
#0998-d248 @A: 24 17 14 15 | 08
#0999-d248 @A: 17 29 15 25 | 03
#1000-d248 @A: 17 15 11 23 | 12
#1001-d248 @A: 15 31 06 14 | 11
#1002-d248 @A: 06 35 15 29 | 06
#1003-d248 @A: 09 23 35 15 | 01
#1004-d248 @A: 33 19 24 15 | 07
#1005-d248 @A: 11 15 20 31 | 10
#1006-d248 @A: 29 21 15 04 | 05
#1007-d248 @A: 30 15 18 29 | 02
#1008-d248 @A: 15 23 14 28 | 04
#1009-d248 @A: 10 15 33 32 | 09
#1010-d248 @A: 15 25 22 03 | 08
#1011-d248 @A: 30 15 20 16 | 03
#1012-d248 @A: 02 17 07 09 | 12
#1013-d248 @A: 17 24 21 02 | 11
#1014-d248 @A: 17 14 27 02 | 06
#1015-d248 @A: 17 09 27 03 | 01
#1016-d248 @A: 09 23 33 17 | 07
#1017-d248 @A: 17 10 30 21 | 10
#1018-d248 @A: 11 17 21 07 | 05
#1019-d248 @A: 29 27 17 23 | 02
#1020-d248 @A: 28 01 04 17 | 04
#1021-d248 @A: 20 17 26 14 | 09
#1022-d248 @A: 23 34 17 18 | 08
#1023-d248 @A: 27 11 18 17 | 03
#1024-d248 @A: 27 33 25 17 | 12
#1025-d248 @A: 04 14 17 30 | 11
#1026-d248 @A: 29 06 04 02 | 06
#1027-d248 @A: 21 02 09 27 | 01
#1028-d248 @A: 03 02 30 09 | 07
#1029-d248 @A: 14 02 26 24 | 10
#1030-d248 @A: 35 34 18 02 | 05
#1031-d248 @A: 22 02 12 34 | 02
#1032-d248 @A: 02 01 35 22 | 04
#1033-d248 @A: 26 06 24 34 | 09
#1034-d248 @A: 18 19 06 31 | 08
#1035-d248 @A: 11 29 06 19 | 03
#1036-d248 @A: 29 27 30 06 | 12
#1037-d248 @A: 20 06 34 03 | 11
#1038-d248 @A: 19 23 06 34 | 06
#1039-d248 @A: 01 06 11 34 | 01
#1040-d248 @A: 22 06 12 27 | 07
#1041-d248 @A: 35 04 19 06 | 10
#1042-d248 @A: 01 10 21 09 | 05
#1043-d248 @A: 33 10 26 09 | 02
#1044-d248 @A: 11 09 34 19 | 04
#1045-d248 @A: 09 14 12 32 | 09
#1046-d248 @A: 24 27 21 23 | 08
#1047-d248 @A: 07 32 24 33 | 03
#1048-d248 @A: 20 33 24 25 | 12
#1049-d248 @A: 32 24 04 35 | 11
#1050-d248 @A: 25 13 04 24 | 06
#1051-d248 @A: 16 01 14 24 | 01
#1052-d248 @A: 16 24 30 25 | 07
#1053-d248 @A: 07 20 31 28 | 10
#1054-d248 @A: 31 23 10 19 | 05
#1055-d248 @A: 31 10 01 34 | 02
#1056-d248 @A: 31 22 35 11 | 04
#1057-d248 @A: 19 32 33 31 | 09
#1058-d248 @A: 31 32 27 35 | 08
#1059-d248 @A: 21 32 29 10 | 03
#1060-d248 @A: 03 34 21 29 | 12
#1061-d248 @A: 28 21 12 26 | 11
#1062-d248 @A: 18 19 20 21 | 06
#1063-d248 @A: 01 21 03 14 | 01
#1064-d248 @A: 22 21 27 16 | 07
#1065-d248 @A: 13 21 19 34 | 10
#1066-d248 @A: 14 21 32 20 | 05
#1067-d248 @A: 01 30 21 16 | 02
#1068-d248 @A: 30 29 28 33 | 04
#1069-d248 @A: 19 26 03 29 | 09
#1070-d248 @A: 23 29 16 18 | 08
#1071-d248 @A: 33 22 19 29 | 03
#1072-d248 @A: 25 27 29 16 | 12
#1073-d248 @A: 12 29 13 22 | 11
#1074-d248 @A: 30 16 19 29 | 06
#1075-d248 @A: 28 11 26 30 | 01
#1076-d248 @A: 28 13 32 34 | 07
#1077-d248 @A: 35 14 28 25 | 10
#1078-d248 @A: 16 35 28 13 | 05
#1079-d248 @A: 14 18 11 10 | 02
#1080-d248 @A: 14 04 10 07 | 04
#1081-d248 @A: 10 07 13 25 | 09
#1082-d248 @A: 34 10 14 32 | 08
#1083-d248 @A: 35 22 16 10 | 03
#1084-d248 @A: 10 20 32 13 | 12
#1085-d248 @A: 26 34 25 33 | 11
#1086-d248 @A: 26 16 04 27 | 06
#1087-d248 @A: 12 32 26 07 | 01
#1088-d248 @A: 13 04 12 26 | 07
#1089-d248 @A: 16 26 35 30 | 10
#1090-d248 @A: 20 32 26 16 | 05
#1091-d248 @A: 18 35 07 14 | 02
#1092-d248 @A: 07 16 13 18 | 04
#1093-d248 @A: 18 30 19 04 | 09
#1094-d248 @A: 18 22 14 32 | 08
#1095-d248 @A: 30 22 35 18 | 03
#1096-d248 @A: 07 03 20 30 | 12
#1097-d248 @A: 03 07 35 16 | 11
#1098-d248 @A: 12 20 04 03 | 06
#1099-d248 @A: 04 03 32 22 | 01
#1100-d248 @A: 07 11 04 23 | 07
#1101-d248 @A: 30 23 33 13 | 10
#1102-d248 @A: 01 13 23 12 | 05
#1103-d248 @A: 19 25 23 30 | 02
#1104-d248 @A: 20 35 30 23 | 04
#1105-d248 @A: 11 13 32 33 | 09
#1106-d248 @A: 04 30 32 11 | 08
#1107-d248 @A: 11 01 04 20 | 03
#1108-d248 @A: 11 34 30 16 | 12
#1109-d248 @A: 30 01 33 25 | 11
#1110-d248 @A: 25 01 13 07 | 06
#1111-d248 @A: 20 15 08 05 | 01
#1112-d248 @A: 30 11 08 05 | 07
#1113-d248 @A: 26 15 30 05 | 10
#1114-d248 @A: 03 34 15 05 | 05
#1115-d248 @A: 21 20 17 05 | 02
#1116-d248 @A: 10 05 13 17 | 04
#1117-d248 @A: 14 18 05 17 | 09
#1118-d248 @A: 02 28 30 05 | 08
#1119-d248 @A: 07 05 02 23 | 03
#1120-d248 @A: 06 05 32 16 | 12
#1121-d248 @A: 24 31 05 35 | 11
#1122-d248 @A: 22 05 24 03 | 06
#1123-d248 @A: 24 12 01 05 | 01
#1124-d248 @A: 01 31 14 05 | 07
#1125-d248 @A: 29 11 12 05 | 10
#1126-d248 @A: 16 05 29 07 | 05
#1127-d248 @A: 25 30 29 05 | 02
#1128-d248 @A: 10 34 23 05 | 04
#1129-d248 @A: 19 33 34 05 | 09
#1130-d248 @A: 25 05 13 33 | 08
#1131-d248 @A: 04 05 12 32 | 03
#1132-d248 @A: 28 15 08 30 | 12
#1133-d248 @A: 08 18 19 15 | 11
#1134-d248 @A: 03 08 15 35 | 06
#1135-d248 @A: 31 17 04 08 | 01
#1136-d248 @A: 08 21 17 27 | 07
#1137-d248 @A: 08 17 11 20 | 10
#1138-d248 @A: 08 14 23 02 | 05
#1139-d248 @A: 08 09 24 35 | 02
#1140-d248 @A: 29 24 08 25 | 04
#1141-d248 @A: 31 08 18 14 | 09
#1142-d248 @A: 08 01 31 19 | 08
#1143-d248 @A: 26 08 29 20 | 03
#1144-d248 @A: 10 30 08 23 | 12
#1145-d248 @A: 32 08 10 11 | 11
#1146-d248 @A: 26 16 08 18 | 06
#1147-d248 @A: 14 08 04 03 | 01
#1148-d248 @A: 01 22 03 08 | 07
#1149-d248 @A: 08 04 25 33 | 10
#1150-d248 @A: 08 13 12 33 | 05
#1151-d248 @A: 08 34 22 27 | 02
#1152-d248 @A: 07 08 20 14 | 04
#1153-d248 @A: 19 08 34 32 | 09
#1154-d248 @A: 01 21 15 17 | 08
#1155-d248 @A: 04 15 17 07 | 03
#1156-d248 @A: 02 16 15 06 | 12
#1157-d248 @A: 03 15 28 24 | 11
#1158-d248 @A: 28 32 31 15 | 06
#1159-d248 @A: 15 18 31 22 | 01
#1160-d248 @A: 29 32 15 26 | 07
#1161-d248 @A: 01 33 15 29 | 10
#1162-d248 @A: 14 03 15 10 | 05
#1163-d248 @A: 10 15 20 22 | 02
#1164-d248 @A: 15 20 23 26 | 04
#1165-d248 @A: 11 35 15 26 | 09
#1166-d248 @A: 15 14 30 12 | 08
#1167-d248 @A: 22 19 30 15 | 03
#1168-d248 @A: 25 16 15 13 | 12
#1169-d248 @A: 33 17 29 02 | 11
#1170-d248 @A: 02 11 19 17 | 06
#1171-d248 @A: 02 35 13 17 | 01
#1172-d248 @A: 17 09 18 19 | 07
#1173-d248 @A: 24 17 30 28 | 10
#1174-d248 @A: 17 18 20 28 | 05
#1175-d248 @A: 17 28 33 03 | 02
#1176-d248 @A: 17 35 18 03 | 04
#1177-d248 @A: 22 18 16 17 | 09
#1178-d248 @A: 20 17 07 34 | 08
#1179-d248 @A: 01 17 32 25 | 03
#1180-d248 @A: 27 23 06 02 | 12
#1181-d248 @A: 25 02 09 35 | 11
#1182-d248 @A: 02 28 31 33 | 06
#1183-d248 @A: 21 02 26 01 | 01
#1184-d248 @A: 02 23 29 34 | 07
#1185-d248 @A: 11 07 02 29 | 10
#1186-d248 @A: 07 28 34 02 | 05
#1187-d248 @A: 32 34 26 02 | 02
#1188-d248 @A: 22 02 26 19 | 04
#1189-d248 @A: 16 03 02 18 | 09
#1190-d248 @A: 02 03 07 22 | 08
#1191-d248 @A: 02 23 12 04 | 03
#1192-d248 @A: 02 35 12 27 | 12
#1193-d248 @A: 04 13 02 34 | 11
#1194-d248 @A: 06 09 18 32 | 06
#1195-d248 @A: 06 09 12 23 | 01
#1196-d248 @A: 06 24 29 14 | 07
#1197-d248 @A: 23 32 21 06 | 10
#1198-d248 @A: 29 06 04 01 | 05
#1199-d248 @A: 14 06 11 28 | 02
#1200-d248 @A: 13 06 04 28 | 04
#1201-d248 @A: 26 10 12 06 | 09
#1202-d248 @A: 06 03 13 10 | 08
#1203-d248 @A: 06 03 23 11 | 03
#1204-d248 @A: 22 20 06 19 | 12
#1205-d248 @A: 35 30 01 06 | 11
#1206-d248 @A: 24 16 28 09 | 06
#1207-d248 @A: 09 23 24 22 | 01
#1208-d248 @A: 32 09 31 10 | 07
#1209-d248 @A: 18 09 21 12 | 10
#1210-d248 @A: 28 20 14 09 | 05
#1211-d248 @A: 03 09 26 25 | 02
#1212-d248 @A: 26 01 20 09 | 04
#1213-d248 @A: 18 11 09 22 | 09
#1214-d248 @A: 18 09 16 20 | 08
#1215-d248 @A: 23 09 34 03 | 03
#1216-d248 @A: 33 09 04 34 | 12
#1217-d248 @A: 09 16 33 13 | 11
#1218-d248 @A: 24 18 31 32 | 06
#1219-d248 @A: 24 19 28 11 | 01
#1220-d248 @A: 33 35 24 10 | 07
#1221-d248 @A: 24 11 33 18 | 10
#1222-d248 @A: 14 24 04 12 | 05
#1223-d248 @A: 34 25 24 19 | 02
#1224-d248 @A: 24 19 35 13 | 04
#1225-d248 @A: 07 31 21 18 | 09
#1226-d248 @A: 31 28 30 18 | 08
#1227-d248 @A: 03 31 28 01 | 03
#1228-d248 @A: 23 03 33 31 | 12
#1229-d248 @A: 31 22 34 23 | 11
#1230-d248 @A: 20 31 04 30 | 06
#1231-d248 @A: 35 14 31 20 | 01
#1232-d248 @A: 32 33 21 18 | 07
#1233-d248 @A: 33 21 27 07 | 10
#1234-d248 @A: 20 21 33 30 | 05
#1235-d248 @A: 34 35 14 21 | 02
#1236-d248 @A: 21 35 25 22 | 04
#1237-d248 @A: 18 29 19 10 | 09
#1238-d248 @A: 03 11 13 29 | 08
#1239-d248 @A: 04 33 12 29 | 03
#1240-d248 @A: 30 35 07 29 | 12
#1241-d248 @A: 18 26 28 14 | 11
#1242-d248 @A: 28 18 03 22 | 06
#1243-d248 @A: 13 25 27 28 | 01
#1244-d248 @A: 04 10 34 26 | 07
#1245-d248 @A: 20 30 10 26 | 10
#1246-d248 @A: 11 13 10 16 | 05
#1247-d248 @A: 27 19 10 07 | 02
#1248-d248 @A: 22 03 26 30 | 04
#1249-d248 @A: 26 13 16 23 | 09
#1250-d248 @A: 19 04 20 26 | 08
#1251-d248 @A: 14 04 25 26 | 03
#1252-d248 @A: 07 03 33 13 | 12
#1253-d248 @A: 27 03 35 34 | 11
#1254-d248 @A: 14 34 13 03 | 06
#1255-d248 @A: 25 03 16 34 | 01
#1256-d248 @A: 03 32 19 35 | 07
#1257-d248 @A: 14 32 33 23 | 10
#1258-d248 @A: 35 23 25 33 | 05
#1259-d248 @A: 12 32 13 23 | 02
#1260-d248 @A: 07 16 11 22 | 04
#1261-d248 @A: 20 11 04 22 | 09
#1262-d248 @A: 01 32 04 16 | 08
#1263-d248 @A: 12 05 08 26 | 03
#1264-d248 @A: 05 15 29 10 | 12
#1265-d248 @A: 09 05 17 22 | 11
#1266-d248 @A: 05 31 25 17 | 06
#1267-d248 @A: 05 02 24 25 | 01
#1268-d248 @A: 05 24 06 30 | 07
#1269-d248 @A: 05 25 18 06 | 10
#1270-d248 @A: 01 09 28 05 | 05
#1271-d248 @A: 24 27 05 26 | 02
#1272-d248 @A: 28 05 03 31 | 04
#1273-d248 @A: 23 11 05 31 | 09
#1274-d248 @A: 05 28 25 34 | 08
#1275-d248 @A: 26 20 05 18 | 03
#1276-d248 @A: 23 05 12 18 | 12
#1277-d248 @A: 04 33 05 07 | 11
#1278-d248 @A: 05 33 32 35 | 06
#1279-d248 @A: 30 27 05 07 | 01
#1280-d248 @A: 20 22 05 27 | 07
#1281-d248 @A: 05 13 07 20 | 10
#1282-d248 @A: 05 20 19 30 | 05
#1283-d248 @A: 05 30 13 32 | 02
#1284-d248 @A: 15 08 25 11 | 04
#1285-d248 @A: 08 15 01 30 | 09
#1286-d248 @A: 03 24 17 08 | 08
#1287-d248 @A: 08 28 17 12 | 03
#1288-d248 @A: 08 02 07 26 | 12
#1289-d248 @A: 08 22 02 11 | 11
#1290-d248 @A: 26 06 08 33 | 06
#1291-d248 @A: 09 10 08 07 | 01
#1292-d248 @A: 26 08 25 31 | 07
#1293-d248 @A: 10 26 08 27 | 10
#1294-d248 @A: 22 10 25 08 | 05
#1295-d248 @A: 08 26 04 01 | 02
#1296-d248 @A: 08 03 16 11 | 04
#1297-d248 @A: 03 25 07 08 | 09
#1298-d248 @A: 22 08 33 20 | 08
#1299-d248 @A: 08 04 35 30 | 03
#1300-d248 @A: 15 31 17 35 | 12
#1301-d248 @A: 19 15 14 02 | 11
#1302-d248 @A: 27 06 15 26 | 06
#1303-d248 @A: 06 15 11 33 | 01
#1304-d248 @A: 15 11 12 09 | 07
#1305-d248 @A: 15 03 31 30 | 10
#1306-d248 @A: 14 11 15 29 | 05
#1307-d248 @A: 18 27 15 28 | 02
#1308-d248 @A: 35 34 15 10 | 04
#1309-d248 @A: 15 14 26 33 | 09
#1310-d248 @A: 23 15 01 11 | 08
#1311-d248 @A: 33 07 15 22 | 03
#1312-d248 @A: 04 25 15 12 | 12
#1313-d248 @A: 13 15 30 04 | 11
#1314-d248 @A: 17 28 06 27 | 06
#1315-d248 @A: 18 06 17 07 | 01
#1316-d248 @A: 21 09 17 34 | 07
#1317-d248 @A: 23 35 24 17 | 10
#1318-d248 @A: 17 24 11 32 | 05
#1319-d248 @A: 31 17 33 21 | 02
#1320-d248 @A: 31 29 17 10 | 04
#1321-d248 @A: 16 31 17 01 | 09
#1322-d248 @A: 23 03 17 13 | 08
#1323-d248 @A: 23 25 04 17 | 03
#1324-d248 @A: 01 11 07 17 | 12
#1325-d248 @A: 07 35 33 17 | 11
#1326-d248 @A: 17 12 32 33 | 06
#1327-d248 @A: 32 27 13 17 | 01
#1328-d248 @A: 25 07 12 17 | 07
#1329-d248 @A: 32 06 02 14 | 10
#1330-d248 @A: 21 02 11 23 | 05
#1331-d248 @A: 29 10 13 02 | 02
#1332-d248 @A: 20 23 28 02 | 04
#1333-d248 @A: 34 10 11 02 | 09
#1334-d248 @A: 22 27 18 02 | 08
#1335-d248 @A: 02 27 25 34 | 03
#1336-d248 @A: 27 01 14 02 | 12
#1337-d248 @A: 12 07 13 02 | 11
#1338-d248 @A: 20 04 02 14 | 06
#1339-d248 @A: 09 28 06 29 | 01
#1340-d248 @A: 22 09 10 06 | 07
#1341-d248 @A: 06 03 24 25 | 10
#1342-d248 @A: 24 12 11 06 | 05
#1343-d248 @A: 33 10 06 31 | 02
#1344-d248 @A: 30 28 06 23 | 04
#1345-d248 @A: 25 06 28 12 | 09
#1346-d248 @A: 16 06 10 01 | 08
#1347-d248 @A: 06 26 01 03 | 03
#1348-d248 @A: 04 30 06 03 | 12
#1349-d248 @A: 20 27 35 06 | 11
#1350-d248 @A: 06 22 14 07 | 06
#1351-d248 @A: 25 04 06 22 | 01
#1352-d248 @A: 09 26 24 32 | 07
#1353-d248 @A: 30 11 09 31 | 10
#1354-d248 @A: 21 26 16 09 | 05
#1355-d248 @A: 12 29 09 01 | 02
#1356-d248 @A: 18 27 10 09 | 04
#1357-d248 @A: 09 27 19 23 | 09
#1358-d248 @A: 23 01 30 09 | 08
#1359-d248 @A: 04 27 12 09 | 03
#1360-d248 @A: 09 22 07 30 | 12
#1361-d248 @A: 29 34 31 24 | 11
#1362-d248 @A: 31 11 13 24 | 06
#1363-d248 @A: 24 31 33 01 | 01
#1364-d248 @A: 23 24 13 29 | 07
#1365-d248 @A: 10 28 25 24 | 10
#1366-d248 @A: 24 18 22 01 | 05
#1367-d248 @A: 23 03 04 24 | 02
#1368-d248 @A: 03 27 24 01 | 04
#1369-d248 @A: 14 30 23 24 | 09
#1370-d248 @A: 14 31 26 10 | 08
#1371-d248 @A: 25 18 03 31 | 03
#1372-d248 @A: 27 13 14 31 | 12
#1373-d248 @A: 35 16 31 19 | 11
#1374-d248 @A: 20 21 28 29 | 06
#1375-d248 @A: 33 21 22 12 | 01
#1376-d248 @A: 07 04 21 13 | 07
#1377-d248 @A: 34 21 16 07 | 10
#1378-d248 @A: 13 21 25 12 | 05
#1379-d248 @A: 21 13 20 35 | 02
#1380-d248 @A: 27 29 28 10 | 04
#1381-d248 @A: 12 29 34 28 | 09
#1382-d248 @A: 11 04 10 29 | 08
#1383-d248 @A: 29 19 10 01 | 03
#1384-d248 @A: 29 14 03 27 | 12
#1385-d248 @A: 20 32 29 11 | 11
#1386-d248 @A: 29 27 34 19 | 06
#1387-d248 @A: 19 29 12 14 | 01
#1388-d248 @A: 20 35 29 19 | 07
#1389-d248 @A: 01 07 28 23 | 10
#1390-d248 @A: 01 28 33 20 | 05
#1391-d248 @A: 34 28 19 35 | 02
#1392-d248 @A: 22 23 10 03 | 04
#1393-d248 @A: 11 30 10 03 | 09
#1394-d248 @A: 10 14 35 27 | 08
#1395-d248 @A: 13 10 34 22 | 03
#1396-d248 @A: 33 12 27 26 | 12
#1397-d248 @A: 04 18 22 34 | 11
#1398-d248 @A: 35 04 20 18 | 06
#1399-d248 @A: 22 12 19 18 | 01
#1400-d248 @A: 14 18 34 19 | 07
#1401-d248 @A: 30 16 18 14 | 10
#1402-d248 @A: 33 20 03 11 | 05
#1403-d248 @A: 03 19 33 12 | 02
#1404-d248 @A: 35 27 11 23 | 04
#1405-d248 @A: 19 32 11 23 | 09
#1406-d248 @A: 27 30 23 16 | 08
#1407-d248 @A: 16 01 19 27 | 03
#1408-d248 @A: 04 22 14 01 | 12
#1409-d248 @A: 08 14 05 24 | 11
#1410-d248 @A: 35 05 14 15 | 06
#1411-d248 @A: 15 32 05 25 | 01
#1412-d248 @A: 02 31 05 20 | 07
#1413-d248 @A: 06 05 33 28 | 10
#1414-d248 @A: 27 10 31 05 | 05
#1415-d248 @A: 18 21 05 29 | 02
#1416-d248 @A: 11 21 05 19 | 04
#1417-d248 @A: 18 19 05 07 | 09
#1418-d248 @A: 13 05 03 35 | 08
#1419-d248 @A: 05 27 11 33 | 03
#1420-d248 @A: 19 35 27 05 | 12
#1421-d248 @A: 05 01 16 07 | 11
#1422-d248 @A: 05 20 04 16 | 06
#1423-d248 @A: 05 35 16 25 | 01
#1424-d248 @A: 17 32 08 09 | 07
#1425-d248 @A: 18 08 13 17 | 10
#1426-d248 @A: 35 02 06 08 | 05
#1427-d248 @A: 08 02 28 04 | 02
#1428-d248 @A: 08 06 27 03 | 04
#1429-d248 @A: 08 12 06 14 | 09
#1430-d248 @A: 24 23 07 08 | 08
#1431-d248 @A: 34 24 08 11 | 03
#1432-d248 @A: 21 30 29 08 | 12
#1433-d248 @A: 28 21 08 07 | 11
#1434-d248 @A: 18 32 28 08 | 06
#1435-d248 @A: 20 08 28 03 | 01
#1436-d248 @A: 08 23 27 33 | 07
#1437-d248 @A: 35 33 08 19 | 10
#1438-d248 @A: 30 27 12 08 | 05
#1439-d248 @A: 32 12 08 01 | 02
#1440-d248 @A: 15 17 12 03 | 04
#1441-d248 @A: 15 03 13 02 | 09
#1442-d248 @A: 02 30 23 15 | 08
#1443-d248 @A: 06 25 23 15 | 03
#1444-d248 @A: 15 09 31 27 | 12
#1445-d248 @A: 01 09 15 27 | 11
#1446-d248 @A: 15 30 24 21 | 06
#1447-d248 @A: 16 15 29 24 | 01
#1448-d248 @A: 22 11 15 24 | 07
#1449-d248 @A: 15 21 07 26 | 10
#1450-d248 @A: 15 26 10 13 | 05
#1451-d248 @A: 04 33 35 15 | 02
#1452-d248 @A: 20 33 13 15 | 04
#1453-d248 @A: 32 35 15 30 | 09
#1454-d248 @A: 06 02 17 34 | 08
#1455-d248 @A: 17 16 24 06 | 03
#1456-d248 @A: 17 11 35 06 | 12
#1457-d248 @A: 24 09 31 17 | 11
#1458-d248 @A: 29 01 17 24 | 06
#1459-d248 @A: 29 04 03 17 | 01
#1460-d248 @A: 28 17 32 26 | 07
#1461-d248 @A: 10 35 19 17 | 10
#1462-d248 @A: 17 19 07 32 | 05
#1463-d248 @A: 14 07 16 17 | 02
#1464-d248 @A: 14 34 17 12 | 04
#1465-d248 @A: 32 14 35 17 | 09
#1466-d248 @A: 25 14 17 13 | 08
#1467-d248 @A: 03 02 33 06 | 03
#1468-d248 @A: 24 02 28 27 | 12
#1469-d248 @A: 02 29 19 31 | 11
#1470-d248 @A: 02 31 25 23 | 06
#1471-d248 @A: 12 02 18 26 | 01
#1472-d248 @A: 11 20 02 18 | 07
#1473-d248 @A: 19 18 33 02 | 10
#1474-d248 @A: 33 13 02 27 | 05
#1475-d248 @A: 32 30 02 27 | 02
#1476-d248 @A: 14 02 07 30 | 04
#1477-d248 @A: 01 25 34 02 | 09
#1478-d248 @A: 06 31 35 26 | 08
#1479-d248 @A: 06 21 04 33 | 03
#1480-d248 @A: 29 26 07 06 | 12
#1481-d248 @A: 34 06 18 10 | 11
#1482-d248 @A: 22 06 26 18 | 06
#1483-d248 @A: 07 12 06 03 | 01
#1484-d248 @A: 06 16 33 30 | 07
#1485-d248 @A: 24 04 20 09 | 10
#1486-d248 @A: 01 32 09 24 | 05
#1487-d248 @A: 31 09 16 25 | 02
#1488-d248 @A: 10 21 09 19 | 04
#1489-d248 @A: 28 19 09 03 | 09
#1490-d248 @A: 11 10 35 09 | 08
#1491-d248 @A: 09 23 26 14 | 03
#1492-d248 @A: 22 13 03 09 | 12
#1493-d248 @A: 27 09 34 32 | 11
#1494-d248 @A: 09 07 20 12 | 06
#1495-d248 @A: 30 19 12 09 | 01
#1496-d248 @A: 07 21 29 24 | 07
#1497-d248 @A: 21 10 26 24 | 10
#1498-d248 @A: 35 29 26 24 | 05
#1499-d248 @A: 24 29 22 18 | 02
#1500-d248 @A: 10 14 24 16 | 04
#1501-d248 @A: 24 23 26 25 | 09
#1502-d248 @A: 19 24 07 03 | 08
#1503-d248 @A: 24 07 14 13 | 03
#1504-d248 @A: 22 12 24 20 | 12
#1505-d248 @A: 12 25 35 24 | 11
#1506-d248 @A: 32 30 24 20 | 06
#1507-d248 @A: 31 21 28 25 | 01
#1508-d248 @A: 31 23 04 21 | 07
#1509-d248 @A: 12 31 29 07 | 10
#1510-d248 @A: 10 35 31 18 | 05
#1511-d248 @A: 26 11 31 19 | 02
#1512-d248 @A: 20 12 31 26 | 04
#1513-d248 @A: 11 30 01 31 | 09
#1514-d248 @A: 19 07 31 30 | 08
#1515-d248 @A: 07 16 32 31 | 03
#1516-d248 @A: 35 13 31 07 | 12
#1517-d248 @A: 31 34 04 25 | 11
#1518-d248 @A: 14 30 22 31 | 06
#1519-d248 @A: 18 04 21 28 | 01
#1520-d248 @A: 27 03 28 21 | 07
#1521-d248 @A: 03 25 11 21 | 10
#1522-d248 @A: 04 12 21 16 | 05
#1523-d248 @A: 14 21 22 04 | 02
#1524-d248 @A: 01 20 35 21 | 04
#1525-d248 @A: 23 33 29 10 | 09
#1526-d248 @A: 18 27 29 07 | 08
#1527-d248 @A: 29 01 27 30 | 03
#1528-d248 @A: 34 25 29 35 | 12
#1529-d248 @A: 16 29 32 14 | 11
#1530-d248 @A: 22 01 29 16 | 06
#1531-d248 @A: 10 34 03 28 | 01
#1532-d248 @A: 19 28 10 30 | 07
#1533-d248 @A: 26 28 04 33 | 10
#1534-d248 @A: 28 19 16 18 | 05
#1535-d248 @A: 19 33 27 28 | 02
#1536-d248 @A: 25 28 33 32 | 04
#1537-d248 @A: 10 25 12 33 | 09
#1538-d248 @A: 22 10 19 04 | 08
#1539-d248 @A: 16 25 04 10 | 03
#1540-d248 @A: 07 22 35 26 | 12
#1541-d248 @A: 20 33 14 18 | 11
#1542-d248 @A: 04 13 01 18 | 06
#1543-d248 @A: 25 12 16 18 | 01
#1544-d248 @A: 18 13 32 19 | 07
#1545-d248 @A: 22 33 03 27 | 10
#1546-d248 @A: 03 13 19 01 | 05
#1547-d248 @A: 25 20 03 13 | 02
#1548-d248 @A: 14 35 23 12 | 04
#1549-d248 @A: 35 23 32 01 | 09
#1550-d248 @A: 27 30 11 22 | 08
#1551-d248 @A: 12 20 11 14 | 03
#1552-d248 @A: 32 25 11 34 | 12
#1553-d248 @A: 34 33 01 13 | 11
#1554-d248 @A: 10 16 05 08 | 06
#1555-d248 @A: 27 17 15 05 | 01
#1556-d248 @A: 19 05 15 23 | 07
#1557-d248 @A: 03 16 05 17 | 10
#1558-d248 @A: 04 05 02 26 | 05
#1559-d248 @A: 22 23 06 05 | 02
#1560-d248 @A: 05 31 22 33 | 04
#1561-d248 @A: 05 28 14 21 | 09
#1562-d248 @A: 21 04 05 01 | 08
#1563-d248 @A: 29 20 05 03 | 03
#1564-d248 @A: 18 28 05 13 | 12
#1565-d248 @A: 18 30 05 34 | 11
#1566-d248 @A: 34 07 12 05 | 06
#1567-d248 @A: 04 19 14 05 | 01
#1568-d248 @A: 12 05 20 35 | 07
#1569-d248 @A: 01 08 34 17 | 10
#1570-d248 @A: 06 08 34 28 | 05
#1571-d248 @A: 11 08 14 09 | 02
#1572-d248 @A: 09 08 30 20 | 04
#1573-d248 @A: 30 26 08 24 | 09
#1574-d248 @A: 08 27 31 29 | 08
#1575-d248 @A: 18 11 08 12 | 03
#1576-d248 @A: 08 03 13 30 | 12
#1577-d248 @A: 34 13 08 07 | 11
#1578-d248 @A: 16 14 35 08 | 06
#1579-d248 @A: 15 17 30 06 | 01
#1580-d248 @A: 15 34 32 17 | 07
#1581-d248 @A: 02 15 10 21 | 10
#1582-d248 @A: 15 01 24 06 | 05
#1583-d248 @A: 15 33 03 09 | 02
#1584-d248 @A: 15 32 24 27 | 04
#1585-d248 @A: 19 31 15 21 | 09
#1586-d248 @A: 10 25 15 18 | 08
#1587-d248 @A: 19 11 15 10 | 03
#1588-d248 @A: 15 12 18 35 | 12
#1589-d248 @A: 34 27 15 13 | 11
#1590-d248 @A: 15 16 12 07 | 06
#1591-d248 @A: 32 07 20 15 | 01
#1592-d248 @A: 01 04 15 19 | 07
#1593-d248 @A: 30 31 17 02 | 10
#1594-d248 @A: 09 06 17 04 | 05
#1595-d248 @A: 12 01 17 06 | 02
#1596-d248 @A: 17 29 12 24 | 04
#1597-d248 @A: 17 28 31 34 | 09
#1598-d248 @A: 17 31 19 13 | 08
#1599-d248 @A: 14 17 29 28 | 03
#1600-d248 @A: 11 30 17 29 | 12
#1601-d248 @A: 17 20 10 23 | 11
#1602-d248 @A: 04 17 35 27 | 06
#1603-d248 @A: 13 01 14 17 | 01
#1604-d248 @A: 17 25 32 30 | 07
#1605-d248 @A: 02 12 06 31 | 10
#1606-d248 @A: 02 18 06 28 | 05
#1607-d248 @A: 23 13 09 02 | 02
#1608-d248 @A: 22 02 10 31 | 04
#1609-d248 @A: 31 11 02 32 | 09
#1610-d248 @A: 25 18 21 02 | 08
#1611-d248 @A: 02 20 22 21 | 03
#1612-d248 @A: 22 28 29 02 | 12
#1613-d248 @A: 28 19 02 13 | 11
#1614-d248 @A: 26 23 33 02 | 06
#1615-d248 @A: 03 02 19 23 | 01
#1616-d248 @A: 11 02 03 14 | 07
#1617-d248 @A: 01 03 02 33 | 10
#1618-d248 @A: 02 19 12 32 | 05
#1619-d248 @A: 20 25 32 02 | 02
#1620-d248 @A: 09 06 26 30 | 04
#1621-d248 @A: 06 09 35 16 | 09
#1622-d248 @A: 19 10 24 06 | 08
#1623-d248 @A: 04 06 18 24 | 03
#1624-d248 @A: 22 28 06 31 | 12
#1625-d248 @A: 23 29 06 20 | 11
#1626-d248 @A: 03 16 06 26 | 06
#1627-d248 @A: 20 33 32 06 | 01
#1628-d248 @A: 32 06 27 19 | 07
#1629-d248 @A: 06 30 07 34 | 10
#1630-d248 @A: 06 19 12 16 | 05
#1631-d248 @A: 14 25 06 19 | 02
#1632-d248 @A: 33 18 09 31 | 04
#1633-d248 @A: 21 30 09 28 | 09
#1634-d248 @A: 21 04 09 11 | 08
#1635-d248 @A: 26 27 29 09 | 03
#1636-d248 @A: 09 10 25 23 | 12
#1637-d248 @A: 09 11 26 20 | 11
#1638-d248 @A: 04 18 09 03 | 06
#1639-d248 @A: 30 18 09 23 | 01
#1640-d248 @A: 19 09 33 20 | 07
#1641-d248 @A: 30 09 14 27 | 10
#1642-d248 @A: 12 16 34 09 | 05
#1643-d248 @A: 22 20 09 34 | 02
#1644-d248 @A: 09 34 30 13 | 04
#1645-d248 @A: 29 28 04 24 | 09
#1646-d248 @A: 10 24 03 32 | 08
#1647-d248 @A: 26 13 01 24 | 03
#1648-d248 @A: 04 07 24 16 | 12
#1649-d248 @A: 34 24 32 16 | 11
#1650-d248 @A: 01 32 21 31 | 06
#1651-d248 @A: 31 01 26 23 | 01
#1652-d248 @A: 34 31 03 11 | 07
#1653-d248 @A: 33 34 35 31 | 10
#1654-d248 @A: 31 22 27 19 | 05
#1655-d248 @A: 23 29 25 21 | 02
#1656-d248 @A: 29 11 21 22 | 04
#1657-d248 @A: 21 22 10 28 | 09
#1658-d248 @A: 32 21 22 26 | 08
#1659-d248 @A: 18 13 03 21 | 03
#1660-d248 @A: 03 19 16 21 | 12
#1661-d248 @A: 21 07 01 34 | 11
#1662-d248 @A: 21 12 20 34 | 06
#1663-d248 @A: 34 21 30 22 | 01
#1664-d248 @A: 23 10 28 04 | 07
#1665-d248 @A: 03 07 14 28 | 10
#1666-d248 @A: 28 03 13 12 | 05
#1667-d248 @A: 32 14 04 28 | 02
#1668-d248 @A: 28 20 25 04 | 04
#1669-d248 @A: 20 16 22 28 | 09
#1670-d248 @A: 20 01 16 28 | 08
#1671-d248 @A: 23 26 10 32 | 03
#1672-d248 @A: 10 32 01 26 | 12
#1673-d248 @A: 18 10 07 33 | 11
#1674-d248 @A: 27 10 20 12 | 06
#1675-d248 @A: 16 32 19 10 | 01
#1676-d248 @A: 30 25 10 14 | 07
#1677-d248 @A: 11 07 13 26 | 10
#1678-d248 @A: 32 30 26 33 | 05
#1679-d248 @A: 12 35 26 34 | 02
#1680-d248 @A: 20 25 26 22 | 04
#1681-d248 @A: 18 27 20 30 | 09
#1682-d248 @A: 20 03 32 23 | 08
#1683-d248 @A: 33 25 14 03 | 03
#1684-d248 @A: 23 04 32 27 | 12
#1685-d248 @A: 13 23 27 22 | 11
#1686-d248 @A: 14 23 19 13 | 06
#1687-d248 @A: 22 19 16 23 | 01
#1688-d248 @A: 35 20 16 11 | 07
#1689-d248 @A: 20 01 30 19 | 10
