#0001-d291 @A: 16 11 24 10 | 06
#0002-d291 @A: 28 29 24 03 | 04
#0003-d291 @A: 24 01 29 34 | 07
#0004-d291 @A: 05 29 24 26 | 11
#0005-d291 @A: 24 29 18 02 | 12
#0006-d291 @A: 35 27 24 29 | 01
#0007-d291 @A: 29 24 15 25 | 09
#0008-d291 @A: 29 24 14 13 | 03
#0009-d291 @A: 17 22 20 24 | 10
#0010-d291 @A: 34 07 24 22 | 08
#0011-d291 @A: 27 22 18 24 | 05
#0012-d291 @A: 15 24 31 20 | 02
#0013-d291 @A: 14 23 24 20 | 06
#0014-d291 @A: 24 25 28 11 | 04
#0015-d291 @A: 34 24 17 04 | 07
#0016-d291 @A: 26 35 24 09 | 11
#0017-d291 @A: 28 26 16 24 | 12
#0018-d291 @A: 26 27 14 24 | 01
#0019-d291 @A: 28 18 23 24 | 09
#0020-d291 @A: 09 23 05 24 | 03
#0021-d291 @A: 24 19 12 13 | 10
#0022-d291 @A: 07 16 09 24 | 08
#0023-d291 @A: 14 12 07 24 | 05
#0024-d291 @A: 05 10 08 20 | 02
#0025-d291 @A: 27 23 22 10 | 06
#0026-d291 @A: 22 16 33 10 | 04
#0027-d291 @A: 20 10 28 33 | 07
#0028-d291 @A: 26 27 34 10 | 11
#0029-d291 @A: 35 10 06 05 | 12
#0030-d291 @A: 09 05 14 10 | 01
#0031-d291 @A: 16 25 19 10 | 09
#0032-d291 @A: 19 10 07 13 | 03
#0033-d291 @A: 10 27 06 01 | 10
#0034-d291 @A: 06 10 13 30 | 08
#0035-d291 @A: 01 32 10 17 | 05
#0036-d291 @A: 32 10 12 27 | 02
#0037-d291 @A: 14 28 10 12 | 06
#0038-d291 @A: 08 29 31 28 | 04
#0039-d291 @A: 08 30 17 29 | 07
#0040-d291 @A: 05 29 22 34 | 11
#0041-d291 @A: 22 29 30 26 | 12
#0042-d291 @A: 29 06 20 35 | 01
#0043-d291 @A: 34 29 09 31 | 09
#0044-d291 @A: 31 16 29 23 | 03
#0045-d291 @A: 29 05 11 02 | 10
#0046-d291 @A: 34 07 29 12 | 08
#0047-d291 @A: 26 16 04 29 | 05
#0048-d291 @A: 29 21 26 19 | 02
#0049-d291 @A: 29 01 21 05 | 06
#0050-d291 @A: 19 32 29 12 | 04
#0051-d291 @A: 01 02 07 29 | 07
#0052-d291 @A: 09 16 25 29 | 11
#0053-d291 @A: 28 29 13 16 | 12
#0054-d291 @A: 22 08 23 21 | 01
#0055-d291 @A: 07 20 08 11 | 09
#0056-d291 @A: 06 15 31 08 | 03
#0057-d291 @A: 06 03 08 07 | 10
#0058-d291 @A: 17 03 08 28 | 08
#0059-d291 @A: 06 13 28 08 | 05
#0060-d291 @A: 01 12 09 08 | 02
#0061-d291 @A: 08 30 14 12 | 06
#0062-d291 @A: 03 02 06 22 | 04
#0063-d291 @A: 07 22 35 05 | 07
#0064-d291 @A: 22 13 33 23 | 11
#0065-d291 @A: 22 09 06 23 | 12
#0066-d291 @A: 06 28 22 19 | 01
#0067-d291 @A: 32 16 30 22 | 09
#0068-d291 @A: 30 25 22 27 | 03
#0069-d291 @A: 20 13 23 31 | 10
#0070-d291 @A: 11 20 33 19 | 08
#0071-d291 @A: 03 15 20 26 | 05
#0072-d291 @A: 33 07 20 03 | 02
#0073-d291 @A: 34 05 30 20 | 06
#0074-d291 @A: 15 20 12 18 | 04
#0075-d291 @A: 05 33 02 20 | 07
#0076-d291 @A: 20 19 09 12 | 11
#0077-d291 @A: 17 06 20 13 | 12
#0078-d291 @A: 30 17 09 20 | 01
#0079-d291 @A: 20 30 07 14 | 09
#0080-d291 @A: 21 13 31 11 | 03
#0081-d291 @A: 16 34 31 26 | 10
#0082-d291 @A: 26 31 05 01 | 08
#0083-d291 @A: 18 13 33 31 | 05
#0084-d291 @A: 30 31 16 18 | 02
#0085-d291 @A: 31 12 25 02 | 06
#0086-d291 @A: 07 31 25 01 | 04
#0087-d291 @A: 01 06 11 03 | 07
#0088-d291 @A: 34 11 06 33 | 11
#0089-d291 @A: 05 14 11 18 | 12
#0090-d291 @A: 33 01 11 18 | 01
#0091-d291 @A: 19 18 11 28 | 09
#0092-d291 @A: 04 21 11 28 | 03
#0093-d291 @A: 11 01 16 32 | 10
#0094-d291 @A: 11 12 32 13 | 08
#0095-d291 @A: 14 11 28 32 | 05
#0096-d291 @A: 17 11 30 07 | 02
#0097-d291 @A: 03 28 34 05 | 06
#0098-d291 @A: 34 04 06 03 | 04
#0099-d291 @A: 28 18 33 03 | 07
#0100-d291 @A: 21 03 06 02 | 11
#0101-d291 @A: 25 14 03 32 | 12
#0102-d291 @A: 34 05 01 04 | 01
#0103-d291 @A: 25 14 05 34 | 09
#0104-d291 @A: 23 15 28 34 | 03
#0105-d291 @A: 33 34 09 23 | 10
#0106-d291 @A: 13 23 34 19 | 08
#0107-d291 @A: 16 06 17 34 | 05
#0108-d291 @A: 17 09 34 02 | 02
#0109-d291 @A: 32 25 26 27 | 06
#0110-d291 @A: 14 01 26 30 | 04
#0111-d291 @A: 09 07 21 26 | 07
#0112-d291 @A: 26 28 21 30 | 11
#0113-d291 @A: 04 27 35 18 | 12
#0114-d291 @A: 18 19 35 32 | 01
#0115-d291 @A: 18 12 17 25 | 09
#0116-d291 @A: 25 32 05 35 | 03
#0117-d291 @A: 30 23 05 15 | 10
#0118-d291 @A: 28 23 05 33 | 08
#0119-d291 @A: 27 05 15 04 | 05
#0120-d291 @A: 14 05 13 06 | 02
#0121-d291 @A: 13 25 16 05 | 06
#0122-d291 @A: 19 02 30 35 | 04
#0123-d291 @A: 35 07 32 06 | 07
#0124-d291 @A: 32 28 35 01 | 11
#0125-d291 @A: 09 35 30 14 | 12
#0126-d291 @A: 21 35 09 14 | 01
#0127-d291 @A: 23 15 17 04 | 09
#0128-d291 @A: 19 16 30 23 | 03
#0129-d291 @A: 02 14 27 23 | 10
#0130-d291 @A: 21 02 12 23 | 08
#0131-d291 @A: 09 23 01 17 | 05
#0132-d291 @A: 09 30 23 28 | 02
#0133-d291 @A: 17 19 15 01 | 06
#0134-d291 @A: 06 13 02 15 | 04
#0135-d291 @A: 15 17 30 06 | 07
#0136-d291 @A: 09 15 32 13 | 11
#0137-d291 @A: 32 14 15 12 | 12
#0138-d291 @A: 25 15 07 14 | 01
#0139-d291 @A: 33 32 02 04 | 09
#0140-d291 @A: 16 12 33 01 | 03
#0141-d291 @A: 21 12 13 33 | 10
#0142-d291 @A: 07 25 27 04 | 08
#0143-d291 @A: 17 30 04 28 | 05
#0144-d291 @A: 07 12 30 04 | 02
#0145-d291 @A: 09 10 34 24 | 06
#0146-d291 @A: 33 17 24 29 | 04
#0147-d291 @A: 11 02 24 08 | 07
#0148-d291 @A: 08 18 24 32 | 11
#0149-d291 @A: 15 08 24 07 | 12
#0150-d291 @A: 09 24 33 20 | 01
#0151-d291 @A: 24 07 13 20 | 09
#0152-d291 @A: 12 11 03 24 | 03
#0153-d291 @A: 05 24 11 01 | 10
#0154-d291 @A: 24 25 03 34 | 08
#0155-d291 @A: 24 18 34 16 | 05
#0156-d291 @A: 15 24 28 12 | 02
#0157-d291 @A: 27 19 24 16 | 06
#0158-d291 @A: 06 13 24 16 | 04
#0159-d291 @A: 24 28 32 09 | 07
#0160-d291 @A: 29 18 27 10 | 11
#0161-d291 @A: 10 25 29 35 | 12
#0162-d291 @A: 10 08 34 06 | 01
#0163-d291 @A: 08 10 01 18 | 09
#0164-d291 @A: 25 08 10 27 | 03
#0165-d291 @A: 19 11 22 10 | 10
#0166-d291 @A: 31 10 21 12 | 08
#0167-d291 @A: 10 07 34 11 | 05
#0168-d291 @A: 18 11 21 10 | 02
#0169-d291 @A: 11 10 04 25 | 06
#0170-d291 @A: 10 03 23 16 | 04
#0171-d291 @A: 19 10 23 26 | 07
#0172-d291 @A: 16 05 21 10 | 11
#0173-d291 @A: 04 15 07 10 | 12
#0174-d291 @A: 17 06 10 04 | 01
#0175-d291 @A: 25 01 14 10 | 09
#0176-d291 @A: 10 28 09 17 | 03
#0177-d291 @A: 10 16 07 12 | 10
#0178-d291 @A: 21 08 34 29 | 08
#0179-d291 @A: 32 02 29 08 | 05
#0180-d291 @A: 29 20 30 23 | 02
#0181-d291 @A: 29 06 31 03 | 06
#0182-d291 @A: 11 29 17 19 | 04
#0183-d291 @A: 23 21 29 03 | 07
#0184-d291 @A: 30 29 01 18 | 11
#0185-d291 @A: 12 23 01 29 | 12
#0186-d291 @A: 07 27 29 30 | 01
#0187-d291 @A: 29 07 28 14 | 09
#0188-d291 @A: 22 33 08 09 | 03
#0189-d291 @A: 31 08 32 20 | 10
#0190-d291 @A: 13 08 33 03 | 08
#0191-d291 @A: 09 34 08 28 | 05
#0192-d291 @A: 27 04 26 08 | 02
#0193-d291 @A: 21 05 08 19 | 06
#0194-d291 @A: 12 08 23 15 | 04
#0195-d291 @A: 06 32 08 21 | 07
#0196-d291 @A: 13 14 08 27 | 11
#0197-d291 @A: 31 22 20 30 | 12
#0198-d291 @A: 20 22 34 02 | 01
#0199-d291 @A: 22 20 35 14 | 09
#0200-d291 @A: 22 25 15 11 | 03
#0201-d291 @A: 27 11 04 22 | 10
#0202-d291 @A: 34 13 18 22 | 08
#0203-d291 @A: 15 32 22 34 | 05
#0204-d291 @A: 09 30 34 22 | 02
#0205-d291 @A: 25 05 22 04 | 06
#0206-d291 @A: 22 06 07 30 | 04
#0207-d291 @A: 09 12 21 22 | 07
#0208-d291 @A: 07 09 22 14 | 11
#0209-d291 @A: 20 11 12 34 | 12
#0210-d291 @A: 03 05 19 20 | 01
#0211-d291 @A: 34 07 20 04 | 09
#0212-d291 @A: 26 06 20 27 | 03
#0213-d291 @A: 05 12 20 14 | 10
#0214-d291 @A: 25 30 20 15 | 08
#0215-d291 @A: 02 19 17 20 | 05
#0216-d291 @A: 32 06 16 20 | 02
#0217-d291 @A: 25 11 31 05 | 06
#0218-d291 @A: 04 31 27 03 | 04
#0219-d291 @A: 31 34 05 17 | 07
#0220-d291 @A: 23 31 01 34 | 11
#0221-d291 @A: 12 23 31 26 | 12
#0222-d291 @A: 05 28 18 31 | 01
#0223-d291 @A: 18 09 35 31 | 09
#0224-d291 @A: 05 23 06 31 | 03
#0225-d291 @A: 13 32 31 02 | 10
#0226-d291 @A: 21 31 02 09 | 08
#0227-d291 @A: 31 17 01 27 | 05
#0228-d291 @A: 27 28 31 25 | 02
#0229-d291 @A: 34 05 35 11 | 06
#0230-d291 @A: 11 16 27 33 | 04
#0231-d291 @A: 16 06 11 19 | 07
#0232-d291 @A: 27 02 21 11 | 11
#0233-d291 @A: 01 12 14 11 | 12
#0234-d291 @A: 28 07 11 01 | 01
#0235-d291 @A: 07 32 03 26 | 09
#0236-d291 @A: 18 23 27 03 | 03
#0237-d291 @A: 03 21 15 18 | 10
#0238-d291 @A: 17 03 04 35 | 08
#0239-d291 @A: 35 01 03 30 | 05
#0240-d291 @A: 27 25 06 03 | 02
#0241-d291 @A: 32 03 09 02 | 06
#0242-d291 @A: 16 09 27 03 | 04
#0243-d291 @A: 16 14 13 03 | 07
#0244-d291 @A: 03 30 12 16 | 11
#0245-d291 @A: 32 23 18 34 | 12
#0246-d291 @A: 34 23 21 18 | 01
#0247-d291 @A: 05 34 07 23 | 09
#0248-d291 @A: 12 04 34 23 | 03
#0249-d291 @A: 34 02 06 19 | 10
#0250-d291 @A: 07 06 09 34 | 08
#0251-d291 @A: 32 02 34 28 | 05
#0252-d291 @A: 28 01 14 34 | 02
#0253-d291 @A: 28 34 17 25 | 06
#0254-d291 @A: 12 21 34 30 | 04
#0255-d291 @A: 33 27 26 15 | 07
#0256-d291 @A: 02 09 30 26 | 11
#0257-d291 @A: 27 02 26 12 | 12
#0258-d291 @A: 17 07 27 26 | 01
#0259-d291 @A: 33 14 15 18 | 09
#0260-d291 @A: 01 02 06 18 | 03
#0261-d291 @A: 18 01 06 21 | 10
#0262-d291 @A: 18 21 25 09 | 08
#0263-d291 @A: 32 33 05 21 | 05
#0264-d291 @A: 05 32 30 19 | 02
#0265-d291 @A: 05 01 14 19 | 06
#0266-d291 @A: 06 15 35 33 | 04
#0267-d291 @A: 33 35 07 28 | 07
#0268-d291 @A: 14 35 07 02 | 11
#0269-d291 @A: 16 06 23 01 | 12
#0270-d291 @A: 23 02 12 16 | 01
#0271-d291 @A: 01 23 14 07 | 09
#0272-d291 @A: 16 25 23 17 | 03
#0273-d291 @A: 14 01 15 13 | 10
#0274-d291 @A: 15 16 25 28 | 08
#0275-d291 @A: 16 15 30 07 | 05
#0276-d291 @A: 17 13 04 33 | 02
#0277-d291 @A: 33 30 14 06 | 06
#0278-d291 @A: 32 33 28 30 | 04
#0279-d291 @A: 13 04 19 28 | 07
#0280-d291 @A: 14 01 04 06 | 11
#0281-d291 @A: 02 04 01 17 | 12
#0282-d291 @A: 12 04 14 02 | 01
#0283-d291 @A: 04 17 14 09 | 09
#0284-d291 @A: 28 04 27 12 | 03
#0285-d291 @A: 32 21 19 12 | 10
#0286-d291 @A: 28 13 21 06 | 08
#0287-d291 @A: 02 32 13 21 | 05
#0288-d291 @A: 04 24 07 29 | 02
#0289-d291 @A: 20 08 24 01 | 06
#0290-d291 @A: 24 34 08 30 | 04
#0291-d291 @A: 03 31 24 17 | 07
#0292-d291 @A: 30 11 18 24 | 11
#0293-d291 @A: 04 32 24 11 | 12
#0294-d291 @A: 24 26 01 04 | 01
#0295-d291 @A: 16 35 24 04 | 09
#0296-d291 @A: 06 23 24 15 | 03
#0297-d291 @A: 24 17 15 14 | 10
#0298-d291 @A: 30 13 24 21 | 08
#0299-d291 @A: 10 08 19 29 | 05
#0300-d291 @A: 10 06 29 22 | 02
#0301-d291 @A: 03 10 29 02 | 06
#0302-d291 @A: 25 10 31 22 | 04
#0303-d291 @A: 22 10 21 30 | 07
#0304-d291 @A: 19 35 10 20 | 11
#0305-d291 @A: 31 10 30 27 | 12
#0306-d291 @A: 02 10 33 11 | 01
#0307-d291 @A: 03 34 01 10 | 09
#0308-d291 @A: 03 10 13 27 | 03
#0309-d291 @A: 33 17 10 26 | 10
#0310-d291 @A: 04 26 10 12 | 08
#0311-d291 @A: 15 25 10 23 | 05
#0312-d291 @A: 21 14 23 10 | 02
#0313-d291 @A: 21 10 04 07 | 06
#0314-d291 @A: 10 12 01 02 | 04
#0315-d291 @A: 32 28 13 10 | 07
#0316-d291 @A: 13 01 21 10 | 11
#0317-d291 @A: 28 29 11 20 | 12
#0318-d291 @A: 29 16 20 03 | 01
#0319-d291 @A: 29 05 31 27 | 09
#0320-d291 @A: 04 29 11 09 | 03
#0321-d291 @A: 35 07 03 29 | 10
#0322-d291 @A: 29 23 03 09 | 08
#0323-d291 @A: 33 29 34 19 | 05
#0324-d291 @A: 13 04 34 29 | 02
#0325-d291 @A: 26 29 18 17 | 06
#0326-d291 @A: 29 14 23 05 | 04
#0327-d291 @A: 28 19 29 30 | 07
#0328-d291 @A: 32 25 29 30 | 11
#0329-d291 @A: 32 28 29 27 | 12
#0330-d291 @A: 16 21 30 29 | 01
#0331-d291 @A: 29 13 21 09 | 09
#0332-d291 @A: 13 27 29 12 | 03
#0333-d291 @A: 20 25 08 22 | 10
#0334-d291 @A: 22 08 26 19 | 08
#0335-d291 @A: 08 23 22 32 | 05
#0336-d291 @A: 30 03 20 08 | 02
#0337-d291 @A: 28 20 19 08 | 06
#0338-d291 @A: 18 14 31 08 | 04
#0339-d291 @A: 01 31 35 08 | 07
#0340-d291 @A: 11 05 08 32 | 11
#0341-d291 @A: 19 34 08 03 | 12
#0342-d291 @A: 17 26 08 34 | 01
#0343-d291 @A: 08 23 05 35 | 09
#0344-d291 @A: 35 27 21 08 | 03
#0345-d291 @A: 04 08 15 09 | 10
#0346-d291 @A: 15 17 08 27 | 08
#0347-d291 @A: 07 25 08 12 | 05
#0348-d291 @A: 08 12 21 17 | 02
#0349-d291 @A: 35 22 31 03 | 06
#0350-d291 @A: 22 26 07 31 | 04
#0351-d291 @A: 22 11 13 26 | 07
#0352-d291 @A: 23 05 11 22 | 11
#0353-d291 @A: 18 22 05 16 | 12
#0354-d291 @A: 22 05 14 17 | 01
#0355-d291 @A: 35 23 22 01 | 09
#0356-d291 @A: 22 17 35 09 | 03
#0357-d291 @A: 22 01 19 30 | 10
#0358-d291 @A: 16 21 22 06 | 08
#0359-d291 @A: 02 16 27 22 | 05
#0360-d291 @A: 22 12 09 32 | 02
#0361-d291 @A: 27 22 14 28 | 06
#0362-d291 @A: 03 31 25 20 | 04
#0363-d291 @A: 31 34 28 20 | 07
#0364-d291 @A: 20 14 31 04 | 11
#0365-d291 @A: 03 18 09 20 | 12
#0366-d291 @A: 32 20 04 03 | 01
#0367-d291 @A: 34 16 20 35 | 09
#0368-d291 @A: 26 20 02 35 | 03
#0369-d291 @A: 20 33 30 26 | 10
#0370-d291 @A: 26 32 20 21 | 08
#0371-d291 @A: 20 18 35 30 | 05
#0372-d291 @A: 20 23 05 25 | 02
#0373-d291 @A: 27 15 20 32 | 06
#0374-d291 @A: 21 19 09 20 | 04
#0375-d291 @A: 32 20 01 25 | 07
#0376-d291 @A: 28 23 31 11 | 11
#0377-d291 @A: 31 01 11 19 | 12
#0378-d291 @A: 13 31 03 05 | 01
#0379-d291 @A: 32 23 31 15 | 09
#0380-d291 @A: 01 31 12 15 | 03
#0381-d291 @A: 31 06 17 33 | 10
#0382-d291 @A: 33 27 21 31 | 08
#0383-d291 @A: 13 06 25 31 | 05
#0384-d291 @A: 16 25 14 31 | 02
#0385-d291 @A: 11 32 34 17 | 06
#0386-d291 @A: 02 35 18 11 | 04
#0387-d291 @A: 23 12 11 18 | 07
#0388-d291 @A: 11 07 16 05 | 11
#0389-d291 @A: 19 11 32 27 | 12
#0390-d291 @A: 06 14 02 11 | 01
#0391-d291 @A: 25 11 06 32 | 09
#0392-d291 @A: 01 27 11 02 | 03
#0393-d291 @A: 14 21 11 17 | 10
#0394-d291 @A: 03 26 21 12 | 08
#0395-d291 @A: 03 14 05 30 | 05
#0396-d291 @A: 06 32 03 15 | 02
#0397-d291 @A: 19 02 14 03 | 06
#0398-d291 @A: 03 19 12 25 | 04
#0399-d291 @A: 30 27 32 03 | 07
#0400-d291 @A: 33 12 34 15 | 11
#0401-d291 @A: 17 34 19 21 | 12
#0402-d291 @A: 13 34 01 06 | 01
#0403-d291 @A: 34 02 21 25 | 09
#0404-d291 @A: 21 27 07 34 | 03
#0405-d291 @A: 18 01 25 26 | 10
#0406-d291 @A: 18 14 21 26 | 08
#0407-d291 @A: 05 32 04 26 | 05
#0408-d291 @A: 26 21 05 17 | 02
#0409-d291 @A: 12 26 09 06 | 06
#0410-d291 @A: 21 27 26 06 | 04
#0411-d291 @A: 12 35 18 21 | 07
#0412-d291 @A: 01 18 28 15 | 11
#0413-d291 @A: 09 12 33 18 | 12
#0414-d291 @A: 18 28 14 06 | 01
#0415-d291 @A: 02 18 09 28 | 09
#0416-d291 @A: 13 18 32 16 | 03
#0417-d291 @A: 30 09 18 07 | 10
#0418-d291 @A: 28 18 30 27 | 08
#0419-d291 @A: 05 06 19 07 | 05
#0420-d291 @A: 16 06 05 12 | 02
#0421-d291 @A: 09 21 05 02 | 06
#0422-d291 @A: 25 05 28 09 | 04
#0423-d291 @A: 07 12 05 09 | 07
#0424-d291 @A: 35 23 15 19 | 11
#0425-d291 @A: 15 04 35 01 | 12
#0426-d291 @A: 01 35 07 16 | 01
#0427-d291 @A: 27 01 35 14 | 09
#0428-d291 @A: 17 35 25 27 | 03
#0429-d291 @A: 32 23 28 21 | 10
#0430-d291 @A: 28 17 23 13 | 08
#0431-d291 @A: 17 25 09 15 | 05
#0432-d291 @A: 28 15 17 21 | 02
#0433-d291 @A: 21 19 33 06 | 06
#0434-d291 @A: 25 06 33 01 | 04
#0435-d291 @A: 09 27 32 33 | 07
#0436-d291 @A: 30 27 12 33 | 11
#0437-d291 @A: 04 16 02 13 | 12
#0438-d291 @A: 14 04 27 30 | 01
#0439-d291 @A: 10 22 24 28 | 09
#0440-d291 @A: 24 06 08 29 | 03
#0441-d291 @A: 31 08 09 24 | 10
#0442-d291 @A: 26 06 22 24 | 08
#0443-d291 @A: 18 24 31 21 | 05
#0444-d291 @A: 24 06 03 05 | 02
#0445-d291 @A: 24 32 03 23 | 06
#0446-d291 @A: 34 02 05 24 | 04
#0447-d291 @A: 35 18 24 07 | 07
#0448-d291 @A: 02 24 15 04 | 11
#0449-d291 @A: 06 07 24 25 | 12
#0450-d291 @A: 01 24 13 32 | 01
#0451-d291 @A: 30 24 16 14 | 09
#0452-d291 @A: 08 10 28 23 | 03
#0453-d291 @A: 30 20 10 11 | 10
#0454-d291 @A: 32 20 07 10 | 08
#0455-d291 @A: 31 10 28 35 | 05
#0456-d291 @A: 21 10 34 28 | 02
#0457-d291 @A: 26 09 10 32 | 06
#0458-d291 @A: 18 10 33 04 | 04
#0459-d291 @A: 07 10 14 18 | 07
#0460-d291 @A: 04 10 35 32 | 11
#0461-d291 @A: 35 13 10 16 | 12
#0462-d291 @A: 16 30 02 10 | 01
#0463-d291 @A: 01 07 10 30 | 09
#0464-d291 @A: 03 12 29 08 | 03
#0465-d291 @A: 05 08 07 29 | 10
#0466-d291 @A: 20 07 22 29 | 08
#0467-d291 @A: 22 12 18 29 | 05
#0468-d291 @A: 19 29 15 31 | 02
#0469-d291 @A: 02 35 29 34 | 06
#0470-d291 @A: 29 34 14 06 | 04
#0471-d291 @A: 29 35 28 05 | 07
#0472-d291 @A: 09 29 30 05 | 11
#0473-d291 @A: 15 33 07 29 | 12
#0474-d291 @A: 01 25 29 19 | 01
#0475-d291 @A: 29 12 25 21 | 09
#0476-d291 @A: 03 08 22 27 | 03
#0477-d291 @A: 01 05 22 08 | 10
#0478-d291 @A: 20 14 08 34 | 08
#0479-d291 @A: 11 08 13 04 | 05
#0480-d291 @A: 27 08 34 05 | 02
#0481-d291 @A: 16 15 34 08 | 06
#0482-d291 @A: 08 13 35 18 | 04
#0483-d291 @A: 08 19 04 05 | 07
#0484-d291 @A: 08 25 06 05 | 11
#0485-d291 @A: 35 33 02 08 | 12
#0486-d291 @A: 17 08 16 19 | 01
#0487-d291 @A: 32 16 27 08 | 09
#0488-d291 @A: 30 01 28 08 | 03
#0489-d291 @A: 09 30 08 27 | 10
#0490-d291 @A: 09 22 20 11 | 08
#0491-d291 @A: 22 01 20 03 | 05
#0492-d291 @A: 20 16 13 22 | 02
#0493-d291 @A: 17 03 22 26 | 06
#0494-d291 @A: 03 13 22 04 | 04
#0495-d291 @A: 26 16 23 22 | 07
#0496-d291 @A: 25 26 22 33 | 11
#0497-d291 @A: 25 02 18 22 | 12
#0498-d291 @A: 22 33 01 32 | 01
#0499-d291 @A: 22 04 01 21 | 09
#0500-d291 @A: 22 06 01 12 | 03
#0501-d291 @A: 13 22 06 27 | 10
#0502-d291 @A: 20 31 06 11 | 08
#0503-d291 @A: 31 20 18 26 | 05
#0504-d291 @A: 31 07 20 12 | 02
#0505-d291 @A: 20 15 14 11 | 06
#0506-d291 @A: 20 17 23 03 | 04
#0507-d291 @A: 20 21 34 06 | 07
#0508-d291 @A: 20 14 26 19 | 11
#0509-d291 @A: 18 02 07 20 | 12
#0510-d291 @A: 27 23 04 20 | 01
#0511-d291 @A: 02 20 15 01 | 09
#0512-d291 @A: 30 20 02 32 | 03
#0513-d291 @A: 30 20 01 27 | 10
#0514-d291 @A: 20 12 27 16 | 08
#0515-d291 @A: 20 13 09 27 | 05
#0516-d291 @A: 26 35 31 06 | 02
#0517-d291 @A: 26 02 14 31 | 06
#0518-d291 @A: 33 25 31 15 | 04
#0519-d291 @A: 31 27 13 07 | 07
#0520-d291 @A: 11 34 03 09 | 11
#0521-d291 @A: 18 11 32 26 | 12
#0522-d291 @A: 11 05 33 21 | 01
#0523-d291 @A: 35 21 11 28 | 09
#0524-d291 @A: 06 15 11 21 | 03
#0525-d291 @A: 07 09 11 19 | 10
#0526-d291 @A: 01 11 30 09 | 08
#0527-d291 @A: 03 02 26 01 | 05
#0528-d291 @A: 17 33 05 03 | 02
#0529-d291 @A: 04 15 25 03 | 06
#0530-d291 @A: 17 02 27 03 | 04
#0531-d291 @A: 01 13 25 03 | 07
#0532-d291 @A: 12 34 06 27 | 11
#0533-d291 @A: 27 14 34 32 | 12
#0534-d291 @A: 16 12 34 25 | 01
#0535-d291 @A: 27 28 07 34 | 09
#0536-d291 @A: 26 18 19 27 | 03
#0537-d291 @A: 27 09 05 26 | 10
#0538-d291 @A: 23 35 26 32 | 08
#0539-d291 @A: 35 26 01 33 | 05
#0540-d291 @A: 26 19 35 04 | 02
#0541-d291 @A: 26 07 15 09 | 06
#0542-d291 @A: 26 33 13 12 | 04
#0543-d291 @A: 26 32 06 30 | 07
#0544-d291 @A: 17 26 28 14 | 11
#0545-d291 @A: 35 12 05 18 | 12
#0546-d291 @A: 23 17 07 18 | 01
#0547-d291 @A: 18 04 15 32 | 09
#0548-d291 @A: 18 19 14 13 | 03
#0549-d291 @A: 25 18 28 13 | 10
#0550-d291 @A: 27 05 30 35 | 08
#0551-d291 @A: 07 28 05 04 | 05
#0552-d291 @A: 02 32 05 16 | 02
#0553-d291 @A: 28 05 30 13 | 06
#0554-d291 @A: 05 30 14 21 | 04
#0555-d291 @A: 17 19 07 35 | 07
#0556-d291 @A: 28 27 35 16 | 11
#0557-d291 @A: 25 13 23 02 | 12
#0558-d291 @A: 23 32 13 07 | 01
#0559-d291 @A: 09 27 12 23 | 09
#0560-d291 @A: 25 13 19 15 | 03
#0561-d291 @A: 30 15 01 32 | 10
#0562-d291 @A: 01 30 21 15 | 08
#0563-d291 @A: 19 09 33 04 | 05
#0564-d291 @A: 04 33 30 25 | 02
#0565-d291 @A: 33 32 19 17 | 06
#0566-d291 @A: 27 28 33 19 | 04
#0567-d291 @A: 33 12 19 14 | 07
#0568-d291 @A: 25 33 13 27 | 11
#0569-d291 @A: 09 30 16 33 | 12
#0570-d291 @A: 04 02 25 19 | 01
#0571-d291 @A: 25 16 04 06 | 09
#0572-d291 @A: 12 32 04 25 | 03
#0573-d291 @A: 07 32 04 17 | 10
#0574-d291 @A: 19 01 21 14 | 08
#0575-d291 @A: 28 14 21 02 | 05
#0576-d291 @A: 01 17 16 21 | 02
#0577-d291 @A: 21 16 25 27 | 06
#0578-d291 @A: 10 31 24 06 | 04
#0579-d291 @A: 22 24 31 23 | 07
#0580-d291 @A: 04 12 24 22 | 11
#0581-d291 @A: 30 20 04 24 | 12
#0582-d291 @A: 24 31 16 02 | 01
#0583-d291 @A: 31 24 01 14 | 09
#0584-d291 @A: 21 01 11 24 | 03
#0585-d291 @A: 28 34 24 33 | 10
#0586-d291 @A: 21 04 26 24 | 08
#0587-d291 @A: 05 14 04 24 | 05
#0588-d291 @A: 28 24 19 14 | 02
#0589-d291 @A: 09 24 06 30 | 06
#0590-d291 @A: 27 01 09 24 | 04
#0591-d291 @A: 12 29 10 15 | 07
#0592-d291 @A: 11 15 10 08 | 11
#0593-d291 @A: 32 10 03 08 | 12
#0594-d291 @A: 04 22 09 10 | 01
#0595-d291 @A: 31 26 10 15 | 09
#0596-d291 @A: 10 05 02 31 | 03
#0597-d291 @A: 04 16 31 10 | 10
#0598-d291 @A: 09 01 10 31 | 08
#0599-d291 @A: 35 26 30 10 | 05
#0600-d291 @A: 16 18 10 28 | 02
#0601-d291 @A: 05 32 10 23 | 06
#0602-d291 @A: 05 10 15 17 | 04
#0603-d291 @A: 07 23 10 35 | 07
#0604-d291 @A: 15 02 14 10 | 11
#0605-d291 @A: 13 10 25 17 | 12
#0606-d291 @A: 11 08 29 16 | 01
#0607-d291 @A: 08 34 29 23 | 09
#0608-d291 @A: 33 27 22 29 | 03
#0609-d291 @A: 20 02 31 29 | 10
#0610-d291 @A: 15 29 18 11 | 08
#0611-d291 @A: 06 29 13 11 | 05
#0612-d291 @A: 06 01 26 29 | 02
#0613-d291 @A: 05 12 25 29 | 06
#0614-d291 @A: 32 29 35 15 | 04
#0615-d291 @A: 30 29 33 35 | 07
#0616-d291 @A: 04 35 12 29 | 11
#0617-d291 @A: 23 13 29 15 | 12
#0618-d291 @A: 29 04 23 28 | 01
#0619-d291 @A: 29 09 19 02 | 09
#0620-d291 @A: 06 28 29 25 | 03
#0621-d291 @A: 12 28 29 09 | 10
#0622-d291 @A: 22 31 08 02 | 08
#0623-d291 @A: 15 08 22 30 | 05
#0624-d291 @A: 08 31 23 17 | 02
#0625-d291 @A: 03 08 07 21 | 06
#0626-d291 @A: 30 18 23 08 | 04
#0627-d291 @A: 08 30 05 33 | 07
#0628-d291 @A: 04 06 23 08 | 11
#0629-d291 @A: 19 08 27 23 | 12
#0630-d291 @A: 02 13 17 08 | 01
#0631-d291 @A: 22 26 32 20 | 09
#0632-d291 @A: 18 23 20 22 | 03
#0633-d291 @A: 20 22 05 27 | 10
#0634-d291 @A: 15 20 22 19 | 08
#0635-d291 @A: 32 22 31 05 | 05
#0636-d291 @A: 28 33 31 22 | 02
#0637-d291 @A: 22 31 16 09 | 06
#0638-d291 @A: 18 06 11 22 | 04
#0639-d291 @A: 11 02 12 22 | 07
#0640-d291 @A: 03 18 19 22 | 11
#0641-d291 @A: 33 22 03 14 | 12
#0642-d291 @A: 33 22 04 34 | 01
#0643-d291 @A: 19 22 25 34 | 09
#0644-d291 @A: 18 26 09 22 | 03
#0645-d291 @A: 26 14 15 22 | 10
#0646-d291 @A: 22 04 02 26 | 08
#0647-d291 @A: 17 28 18 22 | 05
#0648-d291 @A: 15 05 22 06 | 02
#0649-d291 @A: 05 12 33 22 | 06
#0650-d291 @A: 33 22 16 21 | 04
#0651-d291 @A: 13 22 17 01 | 07
#0652-d291 @A: 18 16 04 20 | 11
#0653-d291 @A: 20 01 05 35 | 12
#0654-d291 @A: 15 05 28 20 | 01
#0655-d291 @A: 21 35 15 20 | 09
#0656-d291 @A: 33 12 23 20 | 03
#0657-d291 @A: 17 33 20 25 | 10
#0658-d291 @A: 09 20 02 16 | 08
#0659-d291 @A: 18 31 07 11 | 05
#0660-d291 @A: 32 11 30 31 | 02
#0661-d291 @A: 03 31 33 02 | 06
#0662-d291 @A: 31 34 15 02 | 04
#0663-d291 @A: 18 23 31 25 | 07
#0664-d291 @A: 35 19 05 31 | 11
#0665-d291 @A: 09 15 31 28 | 12
#0666-d291 @A: 31 19 30 17 | 01
#0667-d291 @A: 31 19 28 07 | 09
#0668-d291 @A: 28 31 06 30 | 03
#0669-d291 @A: 07 09 31 32 | 10
#0670-d291 @A: 03 19 11 35 | 08
#0671-d291 @A: 04 11 34 30 | 05
#0672-d291 @A: 05 11 13 15 | 02
#0673-d291 @A: 11 05 33 04 | 06
#0674-d291 @A: 15 30 35 11 | 04
#0675-d291 @A: 27 09 28 11 | 07
#0676-d291 @A: 34 03 15 13 | 11
#0677-d291 @A: 05 03 23 12 | 12
#0678-d291 @A: 27 03 35 33 | 01
#0679-d291 @A: 28 16 03 06 | 09
#0680-d291 @A: 01 32 12 03 | 03
#0681-d291 @A: 30 34 18 26 | 10
#0682-d291 @A: 26 34 05 13 | 08
#0683-d291 @A: 30 35 06 34 | 05
#0684-d291 @A: 17 34 15 07 | 02
#0685-d291 @A: 16 34 19 28 | 06
#0686-d291 @A: 34 02 25 07 | 04
#0687-d291 @A: 32 34 16 09 | 07
#0688-d291 @A: 33 02 18 26 | 11
#0689-d291 @A: 26 05 02 25 | 12
#0690-d291 @A: 21 26 23 15 | 01
#0691-d291 @A: 26 28 19 12 | 09
#0692-d291 @A: 12 16 26 32 | 03
#0693-d291 @A: 01 26 07 12 | 10
#0694-d291 @A: 14 16 09 26 | 08
#0695-d291 @A: 17 27 05 18 | 05
#0696-d291 @A: 18 27 21 05 | 02
#0697-d291 @A: 23 35 16 18 | 06
#0698-d291 @A: 06 30 25 18 | 04
#0699-d291 @A: 18 28 12 07 | 07
#0700-d291 @A: 35 05 33 13 | 11
#0701-d291 @A: 19 05 17 28 | 12
#0702-d291 @A: 06 05 28 27 | 01
#0703-d291 @A: 01 02 09 05 | 09
#0704-d291 @A: 06 35 23 13 | 03
#0705-d291 @A: 17 12 23 35 | 10
#0706-d291 @A: 17 06 35 28 | 08
#0707-d291 @A: 32 27 35 02 | 05
#0708-d291 @A: 07 21 25 35 | 02
#0709-d291 @A: 35 07 13 30 | 06
#0710-d291 @A: 32 23 02 01 | 04
#0711-d291 @A: 32 27 23 17 | 07
#0712-d291 @A: 25 21 13 23 | 11
#0713-d291 @A: 12 27 19 15 | 12
#0714-d291 @A: 02 17 15 21 | 01
#0715-d291 @A: 12 15 13 17 | 09
#0716-d291 @A: 04 01 27 33 | 03
#0717-d291 @A: 33 07 04 16 | 10
#0718-d291 @A: 25 33 32 16 | 08
#0719-d291 @A: 27 32 04 13 | 05
#0720-d291 @A: 13 01 09 04 | 02
#0721-d291 @A: 21 12 06 14 | 06
#0722-d291 @A: 12 21 07 01 | 04
#0723-d291 @A: 27 28 09 21 | 07
#0724-d291 @A: 17 24 10 08 | 11
#0725-d291 @A: 33 14 10 24 | 12
#0726-d291 @A: 13 10 24 02 | 01
#0727-d291 @A: 29 24 23 19 | 09
#0728-d291 @A: 08 24 28 05 | 03
#0729-d291 @A: 22 19 05 24 | 10
#0730-d291 @A: 15 22 01 24 | 08
#0731-d291 @A: 31 24 26 19 | 05
#0732-d291 @A: 06 24 35 11 | 02
#0733-d291 @A: 15 24 03 18 | 06
#0734-d291 @A: 24 27 15 34 | 04
#0735-d291 @A: 02 07 24 26 | 07
#0736-d291 @A: 23 30 35 24 | 11
#0737-d291 @A: 24 33 23 21 | 12
#0738-d291 @A: 21 02 24 07 | 01
#0739-d291 @A: 17 30 27 24 | 09
#0740-d291 @A: 27 28 13 24 | 03
#0741-d291 @A: 34 29 16 10 | 10
#0742-d291 @A: 10 26 02 08 | 08
#0743-d291 @A: 08 07 10 33 | 05
#0744-d291 @A: 10 08 30 04 | 02
#0745-d291 @A: 26 13 10 20 | 06
#0746-d291 @A: 10 31 11 12 | 04
#0747-d291 @A: 21 19 10 31 | 07
#0748-d291 @A: 10 03 11 17 | 11
#0749-d291 @A: 26 10 11 14 | 12
#0750-d291 @A: 23 06 11 10 | 01
#0751-d291 @A: 10 01 11 13 | 09
#0752-d291 @A: 10 33 03 12 | 03
#0753-d291 @A: 10 26 05 16 | 10
#0754-d291 @A: 10 18 17 35 | 08
#0755-d291 @A: 09 15 10 21 | 05
#0756-d291 @A: 09 10 07 27 | 02
#0757-d291 @A: 09 12 10 13 | 06
#0758-d291 @A: 08 29 26 14 | 04
#0759-d291 @A: 22 02 23 29 | 07
#0760-d291 @A: 22 21 29 02 | 11
#0761-d291 @A: 18 32 31 29 | 12
#0762-d291 @A: 29 17 34 03 | 01
#0763-d291 @A: 23 26 27 29 | 09
#0764-d291 @A: 21 29 04 35 | 03
#0765-d291 @A: 29 28 02 33 | 10
#0766-d291 @A: 19 06 29 27 | 08
#0767-d291 @A: 06 29 07 17 | 05
#0768-d291 @A: 25 29 17 02 | 02
#0769-d291 @A: 17 28 01 29 | 06
#0770-d291 @A: 22 11 34 08 | 04
#0771-d291 @A: 22 17 08 04 | 07
#0772-d291 @A: 20 26 08 09 | 11
#0773-d291 @A: 31 30 08 26 | 12
#0774-d291 @A: 12 33 11 08 | 01
#0775-d291 @A: 13 05 09 08 | 09
#0776-d291 @A: 08 32 19 09 | 03
#0777-d291 @A: 02 08 25 30 | 10
#0778-d291 @A: 13 32 08 30 | 08
#0779-d291 @A: 06 22 33 20 | 05
#0780-d291 @A: 11 22 17 31 | 02
#0781-d291 @A: 28 22 21 03 | 06
#0782-d291 @A: 22 19 35 33 | 04
#0783-d291 @A: 04 35 22 06 | 07
#0784-d291 @A: 07 15 23 22 | 11
#0785-d291 @A: 01 22 04 07 | 12
#0786-d291 @A: 12 22 16 19 | 01
#0787-d291 @A: 32 22 06 17 | 09
#0788-d291 @A: 01 22 28 02 | 03
#0789-d291 @A: 09 25 22 01 | 10
#0790-d291 @A: 11 18 20 13 | 08
#0791-d291 @A: 20 11 32 23 | 05
#0792-d291 @A: 34 01 20 26 | 02
#0793-d291 @A: 23 28 20 26 | 06
#0794-d291 @A: 28 18 32 20 | 04
#0795-d291 @A: 20 23 09 35 | 07
#0796-d291 @A: 35 07 15 20 | 11
#0797-d291 @A: 20 32 35 33 | 12
#0798-d291 @A: 20 35 13 04 | 01
#0799-d291 @A: 02 25 27 20 | 09
#0800-d291 @A: 07 17 01 20 | 03
#0801-d291 @A: 20 28 12 01 | 10
#0802-d291 @A: 25 16 20 07 | 08
#0803-d291 @A: 31 34 03 12 | 05
#0804-d291 @A: 26 31 09 03 | 02
#0805-d291 @A: 30 23 31 07 | 06
#0806-d291 @A: 16 01 13 31 | 04
#0807-d291 @A: 17 09 12 31 | 07
#0808-d291 @A: 11 18 16 03 | 11
#0809-d291 @A: 26 05 11 30 | 12
#0810-d291 @A: 11 12 26 35 | 01
#0811-d291 @A: 35 11 07 04 | 09
#0812-d291 @A: 02 13 11 19 | 03
#0813-d291 @A: 06 27 11 17 | 10
#0814-d291 @A: 16 11 17 13 | 08
#0815-d291 @A: 21 16 07 11 | 05
#0816-d291 @A: 02 03 23 34 | 02
#0817-d291 @A: 30 34 07 03 | 06
#0818-d291 @A: 30 18 02 03 | 04
#0819-d291 @A: 13 12 03 06 | 07
#0820-d291 @A: 14 01 03 17 | 11
#0821-d291 @A: 34 05 19 15 | 12
#0822-d291 @A: 02 27 34 33 | 01
#0823-d291 @A: 34 02 12 13 | 09
#0824-d291 @A: 14 02 30 34 | 03
#0825-d291 @A: 07 32 34 01 | 10
#0826-d291 @A: 07 34 16 14 | 08
#0827-d291 @A: 28 26 18 35 | 05
#0828-d291 @A: 05 12 15 26 | 02
#0829-d291 @A: 07 26 33 23 | 06
#0830-d291 @A: 13 06 26 19 | 04
#0831-d291 @A: 19 17 09 26 | 07
#0832-d291 @A: 13 32 26 14 | 11
#0833-d291 @A: 04 18 30 05 | 12
#0834-d291 @A: 18 25 35 33 | 01
#0835-d291 @A: 21 17 18 04 | 09
#0836-d291 @A: 16 06 18 07 | 03
#0837-d291 @A: 02 27 13 18 | 10
#0838-d291 @A: 27 14 18 09 | 08
#0839-d291 @A: 16 05 23 04 | 05
#0840-d291 @A: 23 05 02 19 | 02
#0841-d291 @A: 27 19 25 05 | 06
#0842-d291 @A: 17 05 25 01 | 04
#0843-d291 @A: 28 05 16 01 | 07
#0844-d291 @A: 35 14 23 28 | 11
#0845-d291 @A: 01 35 21 02 | 12
#0846-d291 @A: 02 17 16 35 | 01
#0847-d291 @A: 35 12 09 02 | 09
#0848-d291 @A: 32 09 25 23 | 03
#0849-d291 @A: 30 23 13 01 | 10
#0850-d291 @A: 25 15 21 33 | 08
#0851-d291 @A: 30 13 33 15 | 05
#0852-d291 @A: 19 09 06 15 | 02
#0853-d291 @A: 14 16 15 19 | 06
#0854-d291 @A: 07 15 06 01 | 04
#0855-d291 @A: 27 06 15 14 | 07
#0856-d291 @A: 21 15 32 14 | 11
#0857-d291 @A: 19 25 07 33 | 12
#0858-d291 @A: 33 25 02 14 | 01
#0859-d291 @A: 14 01 33 09 | 09
#0860-d291 @A: 04 07 14 19 | 03
#0861-d291 @A: 02 04 30 06 | 10
#0862-d291 @A: 06 27 09 04 | 08
#0863-d291 @A: 04 09 32 30 | 05
#0864-d291 @A: 04 25 13 14 | 02
#0865-d291 @A: 21 16 12 04 | 06
#0866-d291 @A: 21 27 17 30 | 04
#0867-d291 @A: 25 32 24 10 | 07
#0868-d291 @A: 08 35 24 19 | 11
#0869-d291 @A: 24 08 27 33 | 12
#0870-d291 @A: 03 24 22 30 | 01
#0871-d291 @A: 35 24 22 32 | 09
#0872-d291 @A: 24 22 33 02 | 03
#0873-d291 @A: 24 34 20 06 | 10
#0874-d291 @A: 05 20 24 16 | 08
#0875-d291 @A: 35 20 28 24 | 05
#0876-d291 @A: 12 20 24 02 | 02
#0877-d291 @A: 24 13 31 34 | 06
#0878-d291 @A: 31 05 24 30 | 04
#0879-d291 @A: 24 07 11 23 | 07
#0880-d291 @A: 03 24 09 19 | 11
#0881-d291 @A: 24 16 21 03 | 12
#0882-d291 @A: 24 07 03 27 | 01
#0883-d291 @A: 30 15 24 26 | 09
#0884-d291 @A: 33 24 35 12 | 03
#0885-d291 @A: 24 23 01 33 | 10
#0886-d291 @A: 27 25 23 24 | 08
#0887-d291 @A: 33 19 24 30 | 05
#0888-d291 @A: 24 06 17 12 | 02
#0889-d291 @A: 30 24 12 01 | 06
#0890-d291 @A: 07 29 10 31 | 04
#0891-d291 @A: 29 26 28 10 | 07
#0892-d291 @A: 33 10 29 13 | 11
#0893-d291 @A: 21 27 10 29 | 12
#0894-d291 @A: 22 10 17 34 | 01
#0895-d291 @A: 20 10 31 17 | 09
#0896-d291 @A: 34 10 31 19 | 03
#0897-d291 @A: 03 17 10 21 | 10
#0898-d291 @A: 10 28 34 04 | 08
#0899-d291 @A: 19 05 10 18 | 05
#0900-d291 @A: 06 10 18 12 | 02
#0901-d291 @A: 10 33 09 35 | 06
#0902-d291 @A: 33 01 15 10 | 04
#0903-d291 @A: 27 19 10 02 | 07
#0904-d291 @A: 18 08 09 29 | 11
#0905-d291 @A: 29 08 15 01 | 12
#0906-d291 @A: 15 29 20 17 | 01
#0907-d291 @A: 13 29 01 20 | 09
#0908-d291 @A: 03 13 29 18 | 03
#0909-d291 @A: 27 29 03 15 | 10
#0910-d291 @A: 13 29 35 26 | 08
#0911-d291 @A: 15 29 26 02 | 05
#0912-d291 @A: 29 18 35 14 | 02
#0913-d291 @A: 29 04 15 06 | 06
#0914-d291 @A: 04 29 21 33 | 04
#0915-d291 @A: 29 16 07 32 | 07
#0916-d291 @A: 08 18 06 20 | 11
#0917-d291 @A: 04 08 20 12 | 12
#0918-d291 @A: 08 16 05 31 | 01
#0919-d291 @A: 12 08 27 31 | 09
#0920-d291 @A: 08 03 15 02 | 03
#0921-d291 @A: 03 04 16 08 | 10
#0922-d291 @A: 08 34 07 13 | 08
#0923-d291 @A: 15 08 26 32 | 05
#0924-d291 @A: 08 25 35 15 | 02
#0925-d291 @A: 35 14 08 04 | 06
#0926-d291 @A: 30 21 33 08 | 04
#0927-d291 @A: 12 19 08 02 | 07
#0928-d291 @A: 08 07 19 30 | 11
#0929-d291 @A: 07 01 27 08 | 12
#0930-d291 @A: 28 16 08 21 | 01
#0931-d291 @A: 21 13 14 08 | 09
#0932-d291 @A: 22 18 21 20 | 03
#0933-d291 @A: 22 11 30 28 | 10
#0934-d291 @A: 22 03 23 28 | 08
#0935-d291 @A: 14 04 22 18 | 05
#0936-d291 @A: 22 05 13 02 | 02
#0937-d291 @A: 22 23 17 19 | 06
#0938-d291 @A: 07 19 02 22 | 04
#0939-d291 @A: 22 06 14 25 | 07
#0940-d291 @A: 32 27 07 22 | 11
#0941-d291 @A: 20 31 09 05 | 12
#0942-d291 @A: 11 16 20 26 | 01
#0943-d291 @A: 17 20 11 05 | 09
#0944-d291 @A: 35 20 11 25 | 03
#0945-d291 @A: 11 04 20 01 | 10
#0946-d291 @A: 20 27 34 03 | 08
#0947-d291 @A: 20 13 34 33 | 05
#0948-d291 @A: 06 05 20 04 | 02
#0949-d291 @A: 25 19 20 06 | 06
#0950-d291 @A: 20 07 27 19 | 04
#0951-d291 @A: 09 01 20 06 | 07
#0952-d291 @A: 17 20 32 12 | 11
#0953-d291 @A: 13 21 20 17 | 12
#0954-d291 @A: 11 02 31 04 | 01
#0955-d291 @A: 23 03 19 31 | 09
#0956-d291 @A: 03 14 07 31 | 03
#0957-d291 @A: 30 33 34 31 | 10
#0958-d291 @A: 34 31 32 04 | 08
#0959-d291 @A: 15 14 31 35 | 05
#0960-d291 @A: 31 32 35 12 | 02
#0961-d291 @A: 06 07 02 31 | 06
#0962-d291 @A: 01 06 31 32 | 04
#0963-d291 @A: 02 30 01 31 | 07
#0964-d291 @A: 02 28 17 31 | 11
#0965-d291 @A: 16 31 12 28 | 12
#0966-d291 @A: 11 23 13 03 | 01
#0967-d291 @A: 25 11 18 34 | 09
#0968-d291 @A: 11 26 04 06 | 03
#0969-d291 @A: 35 09 32 11 | 10
#0970-d291 @A: 33 11 17 23 | 08
#0971-d291 @A: 12 27 11 25 | 05
#0972-d291 @A: 13 09 11 14 | 02
#0973-d291 @A: 34 26 35 03 | 06
#0974-d291 @A: 34 18 14 03 | 04
#0975-d291 @A: 03 23 30 26 | 07
#0976-d291 @A: 03 05 07 18 | 11
#0977-d291 @A: 03 05 16 35 | 12
#0978-d291 @A: 33 35 21 03 | 01
#0979-d291 @A: 07 04 23 03 | 09
#0980-d291 @A: 17 03 09 06 | 03
#0981-d291 @A: 01 07 09 03 | 10
#0982-d291 @A: 03 12 14 27 | 08
#0983-d291 @A: 34 33 26 14 | 05
#0984-d291 @A: 34 26 04 09 | 02
#0985-d291 @A: 34 18 15 06 | 06
#0986-d291 @A: 18 33 34 07 | 04
#0987-d291 @A: 04 25 34 35 | 07
#0988-d291 @A: 23 17 34 30 | 11
#0989-d291 @A: 19 34 17 14 | 12
#0990-d291 @A: 21 09 34 01 | 01
#0991-d291 @A: 13 15 18 26 | 09
#0992-d291 @A: 04 26 18 07 | 03
#0993-d291 @A: 15 26 23 01 | 10
#0994-d291 @A: 26 15 04 28 | 08
#0995-d291 @A: 25 19 26 30 | 05
#0996-d291 @A: 26 14 07 06 | 02
#0997-d291 @A: 25 21 26 01 | 06
#0998-d291 @A: 26 25 12 14 | 04
#0999-d291 @A: 15 18 02 16 | 07
#1000-d291 @A: 18 15 07 27 | 11
#1001-d291 @A: 18 19 01 16 | 12
#1002-d291 @A: 06 18 09 13 | 01
#1003-d291 @A: 02 17 18 14 | 09
#1004-d291 @A: 32 18 30 14 | 03
#1005-d291 @A: 09 16 17 18 | 10
#1006-d291 @A: 21 18 16 13 | 08
#1007-d291 @A: 23 05 06 21 | 05
#1008-d291 @A: 05 12 01 13 | 02
#1009-d291 @A: 05 07 30 25 | 06
#1010-d291 @A: 12 28 21 05 | 04
#1011-d291 @A: 35 01 25 12 | 07
#1012-d291 @A: 13 35 14 17 | 11
#1013-d291 @A: 23 28 25 19 | 12
#1014-d291 @A: 19 12 23 07 | 01
#1015-d291 @A: 30 23 32 12 | 09
#1016-d291 @A: 04 19 30 15 | 03
#1017-d291 @A: 12 06 25 15 | 10
#1018-d291 @A: 09 15 16 01 | 08
#1019-d291 @A: 30 15 09 12 | 05
#1020-d291 @A: 33 04 14 28 | 02
#1021-d291 @A: 17 12 33 02 | 06
#1022-d291 @A: 21 33 09 17 | 04
#1023-d291 @A: 32 04 19 16 | 07
#1024-d291 @A: 16 17 12 04 | 11
#1025-d291 @A: 03 10 20 24 | 12
#1026-d291 @A: 35 24 10 01 | 01
#1027-d291 @A: 24 12 16 29 | 09
#1028-d291 @A: 12 08 26 24 | 03
#1029-d291 @A: 20 11 27 24 | 10
#1030-d291 @A: 26 25 24 20 | 08
#1031-d291 @A: 31 07 24 33 | 05
#1032-d291 @A: 13 11 33 24 | 02
#1033-d291 @A: 34 14 24 35 | 06
#1034-d291 @A: 24 32 12 34 | 04
#1035-d291 @A: 12 27 05 24 | 07
#1036-d291 @A: 24 15 35 13 | 11
#1037-d291 @A: 24 14 32 06 | 12
#1038-d291 @A: 09 14 02 24 | 01
#1039-d291 @A: 21 24 27 32 | 09
#1040-d291 @A: 25 13 24 30 | 03
#1041-d291 @A: 28 07 24 17 | 10
#1042-d291 @A: 04 14 29 10 | 08
#1043-d291 @A: 22 10 14 08 | 05
#1044-d291 @A: 12 10 22 20 | 02
#1045-d291 @A: 03 28 10 30 | 06
#1046-d291 @A: 14 34 10 13 | 04
#1047-d291 @A: 10 18 15 30 | 07
#1048-d291 @A: 05 33 10 27 | 11
#1049-d291 @A: 32 21 10 35 | 12
#1050-d291 @A: 33 23 10 30 | 01
#1051-d291 @A: 19 06 10 33 | 09
#1052-d291 @A: 10 14 32 19 | 03
#1053-d291 @A: 04 08 33 29 | 10
#1054-d291 @A: 29 26 12 20 | 08
#1055-d291 @A: 29 27 11 34 | 05
#1056-d291 @A: 29 23 35 11 | 02
#1057-d291 @A: 01 29 33 03 | 06
#1058-d291 @A: 21 28 18 29 | 04
#1059-d291 @A: 06 33 29 05 | 07
#1060-d291 @A: 16 35 19 29 | 11
#1061-d291 @A: 29 15 07 21 | 12
#1062-d291 @A: 08 17 20 35 | 01
#1063-d291 @A: 08 33 16 20 | 09
#1064-d291 @A: 11 08 31 03 | 03
#1065-d291 @A: 08 28 11 35 | 10
#1066-d291 @A: 06 11 30 08 | 08
#1067-d291 @A: 08 26 18 16 | 05
#1068-d291 @A: 18 15 08 19 | 02
#1069-d291 @A: 08 12 05 17 | 06
#1070-d291 @A: 14 25 08 09 | 04
#1071-d291 @A: 16 12 08 13 | 07
#1072-d291 @A: 18 22 31 01 | 11
#1073-d291 @A: 12 31 14 22 | 12
#1074-d291 @A: 32 03 11 22 | 01
#1075-d291 @A: 09 03 05 22 | 09
#1076-d291 @A: 12 03 15 22 | 03
#1077-d291 @A: 34 12 26 22 | 10
#1078-d291 @A: 22 34 27 01 | 08
#1079-d291 @A: 13 22 12 07 | 05
#1080-d291 @A: 35 20 31 27 | 02
#1081-d291 @A: 03 02 11 20 | 06
#1082-d291 @A: 20 01 14 18 | 04
#1083-d291 @A: 23 20 16 15 | 07
#1084-d291 @A: 01 20 23 19 | 11
#1085-d291 @A: 15 33 04 20 | 12
#1086-d291 @A: 14 13 02 20 | 01
#1087-d291 @A: 13 25 20 12 | 09
#1088-d291 @A: 16 11 15 31 | 03
#1089-d291 @A: 09 11 33 31 | 10
#1090-d291 @A: 15 31 30 03 | 08
#1091-d291 @A: 31 34 05 21 | 05
#1092-d291 @A: 01 26 21 31 | 02
#1093-d291 @A: 17 31 18 15 | 06
#1094-d291 @A: 07 15 05 31 | 04
#1095-d291 @A: 33 31 35 16 | 07
#1096-d291 @A: 09 04 23 31 | 11
#1097-d291 @A: 06 09 31 14 | 12
#1098-d291 @A: 31 32 17 14 | 01
#1099-d291 @A: 11 01 34 15 | 09
#1100-d291 @A: 11 23 09 26 | 03
#1101-d291 @A: 19 11 23 04 | 10
#1102-d291 @A: 04 12 15 11 | 08
#1103-d291 @A: 06 15 11 28 | 05
#1104-d291 @A: 06 12 11 07 | 02
#1105-d291 @A: 03 13 21 34 | 06
#1106-d291 @A: 03 27 28 26 | 04
#1107-d291 @A: 18 03 06 35 | 07
#1108-d291 @A: 03 27 21 04 | 11
#1109-d291 @A: 19 03 30 06 | 12
#1110-d291 @A: 32 01 21 03 | 01
#1111-d291 @A: 28 25 07 03 | 09
#1112-d291 @A: 17 12 07 03 | 03
#1113-d291 @A: 21 09 30 03 | 10
#1114-d291 @A: 05 34 33 16 | 08
#1115-d291 @A: 34 25 23 06 | 05
#1116-d291 @A: 16 04 27 34 | 02
#1117-d291 @A: 09 34 01 19 | 06
#1118-d291 @A: 12 30 34 28 | 04
#1119-d291 @A: 26 17 02 32 | 07
#1120-d291 @A: 16 01 26 17 | 11
#1121-d291 @A: 13 25 09 26 | 12
#1122-d291 @A: 18 05 23 01 | 01
#1123-d291 @A: 33 32 05 18 | 09
#1124-d291 @A: 18 33 23 19 | 03
#1125-d291 @A: 19 17 18 06 | 10
#1126-d291 @A: 19 09 25 18 | 08
#1127-d291 @A: 09 32 18 01 | 05
#1128-d291 @A: 12 27 18 01 | 02
#1129-d291 @A: 05 15 35 02 | 06
#1130-d291 @A: 07 01 05 33 | 04
#1131-d291 @A: 05 14 16 27 | 07
#1132-d291 @A: 27 15 09 35 | 11
#1133-d291 @A: 09 28 35 19 | 12
#1134-d291 @A: 02 06 25 35 | 01
#1135-d291 @A: 35 13 01 02 | 09
#1136-d291 @A: 14 32 16 35 | 03
#1137-d291 @A: 07 25 09 35 | 10
#1138-d291 @A: 28 30 35 25 | 08
#1139-d291 @A: 12 13 28 35 | 05
#1140-d291 @A: 33 16 14 23 | 02
#1141-d291 @A: 32 06 23 19 | 06
#1142-d291 @A: 19 07 23 21 | 04
#1143-d291 @A: 28 16 32 23 | 07
#1144-d291 @A: 13 23 09 16 | 11
#1145-d291 @A: 27 01 15 25 | 12
#1146-d291 @A: 21 13 04 19 | 01
#1147-d291 @A: 21 09 06 04 | 09
#1148-d291 @A: 04 13 06 07 | 03
#1149-d291 @A: 04 01 25 28 | 10
#1150-d291 @A: 19 25 21 28 | 08
#1151-d291 @A: 14 27 19 21 | 05
#1152-d291 @A: 05 07 24 10 | 02
#1153-d291 @A: 22 09 29 24 | 06
#1154-d291 @A: 14 29 21 24 | 04
#1155-d291 @A: 08 22 24 13 | 07
#1156-d291 @A: 11 24 22 14 | 11
#1157-d291 @A: 20 21 28 24 | 12
#1158-d291 @A: 25 35 31 24 | 01
#1159-d291 @A: 03 13 26 24 | 09
#1160-d291 @A: 16 24 01 03 | 03
#1161-d291 @A: 21 34 24 32 | 10
#1162-d291 @A: 24 06 33 18 | 08
#1163-d291 @A: 02 17 23 24 | 05
#1164-d291 @A: 01 07 19 24 | 02
#1165-d291 @A: 17 25 19 24 | 06
#1166-d291 @A: 24 02 25 01 | 04
#1167-d291 @A: 24 17 32 16 | 07
#1168-d291 @A: 32 30 24 07 | 11
#1169-d291 @A: 31 10 13 08 | 12
#1170-d291 @A: 08 10 25 21 | 01
#1171-d291 @A: 08 16 09 10 | 09
#1172-d291 @A: 07 03 10 22 | 03
#1173-d291 @A: 18 10 32 22 | 10
#1174-d291 @A: 05 10 22 30 | 08
#1175-d291 @A: 13 15 22 10 | 05
#1176-d291 @A: 18 25 20 10 | 02
#1177-d291 @A: 20 10 02 04 | 06
#1178-d291 @A: 18 10 03 31 | 04
#1179-d291 @A: 10 14 31 23 | 07
#1180-d291 @A: 33 32 31 10 | 11
#1181-d291 @A: 10 03 09 15 | 12
#1182-d291 @A: 10 15 34 35 | 01
#1183-d291 @A: 21 10 26 02 | 09
#1184-d291 @A: 01 04 10 23 | 03
#1185-d291 @A: 27 15 10 28 | 10
#1186-d291 @A: 10 19 30 09 | 08
#1187-d291 @A: 10 28 07 06 | 05
#1188-d291 @A: 17 10 30 14 | 02
#1189-d291 @A: 29 22 13 31 | 06
#1190-d291 @A: 03 22 25 29 | 04
#1191-d291 @A: 07 29 26 11 | 07
#1192-d291 @A: 18 34 28 29 | 11
#1193-d291 @A: 18 23 06 29 | 12
#1194-d291 @A: 05 15 16 29 | 01
#1195-d291 @A: 04 05 17 29 | 09
#1196-d291 @A: 01 29 35 09 | 03
#1197-d291 @A: 32 33 29 23 | 10
#1198-d291 @A: 29 27 04 02 | 08
#1199-d291 @A: 12 02 06 29 | 05
#1200-d291 @A: 16 14 02 29 | 02
#1201-d291 @A: 30 13 29 02 | 06
#1202-d291 @A: 17 13 32 29 | 04
#1203-d291 @A: 21 17 32 29 | 07
#1204-d291 @A: 29 27 14 25 | 11
#1205-d291 @A: 29 27 09 17 | 12
#1206-d291 @A: 22 12 28 08 | 01
#1207-d291 @A: 01 20 21 08 | 09
#1208-d291 @A: 27 08 18 11 | 03
#1209-d291 @A: 08 01 23 03 | 10
#1210-d291 @A: 34 33 08 01 | 08
#1211-d291 @A: 08 13 26 23 | 05
#1212-d291 @A: 28 08 26 25 | 02
#1213-d291 @A: 08 05 02 18 | 06
#1214-d291 @A: 18 04 08 28 | 04
#1215-d291 @A: 14 08 15 05 | 07
#1216-d291 @A: 27 08 06 35 | 11
#1217-d291 @A: 08 28 33 15 | 12
#1218-d291 @A: 08 07 28 32 | 01
#1219-d291 @A: 22 20 28 04 | 09
#1220-d291 @A: 25 35 22 13 | 03
#1221-d291 @A: 22 13 32 19 | 10
#1222-d291 @A: 22 28 07 16 | 08
#1223-d291 @A: 28 22 13 09 | 05
#1224-d291 @A: 21 20 31 03 | 02
#1225-d291 @A: 03 20 14 06 | 06
#1226-d291 @A: 34 15 20 09 | 04
#1227-d291 @A: 20 34 32 19 | 07
#1228-d291 @A: 07 05 26 20 | 11
#1229-d291 @A: 27 18 33 20 | 12
#1230-d291 @A: 07 23 06 20 | 01
#1231-d291 @A: 25 04 21 20 | 09
#1232-d291 @A: 20 30 12 06 | 03
#1233-d291 @A: 28 20 25 14 | 10
#1234-d291 @A: 14 16 20 17 | 08
#1235-d291 @A: 27 28 17 20 | 05
#1236-d291 @A: 03 32 31 16 | 02
#1237-d291 @A: 28 32 31 26 | 06
#1238-d291 @A: 02 18 19 31 | 04
#1239-d291 @A: 06 31 12 19 | 07
#1240-d291 @A: 27 31 06 16 | 11
#1241-d291 @A: 09 27 31 02 | 12
#1242-d291 @A: 31 14 13 28 | 01
#1243-d291 @A: 11 12 21 34 | 09
#1244-d291 @A: 11 15 26 19 | 03
#1245-d291 @A: 06 11 05 09 | 10
#1246-d291 @A: 09 11 02 25 | 08
#1247-d291 @A: 33 26 16 03 | 05
#1248-d291 @A: 04 03 14 26 | 02
#1249-d291 @A: 32 03 17 18 | 06
#1250-d291 @A: 05 03 21 25 | 04
#1251-d291 @A: 15 03 19 33 | 07
#1252-d291 @A: 15 03 17 16 | 11
#1253-d291 @A: 03 02 13 07 | 12
#1254-d291 @A: 14 28 09 03 | 01
#1255-d291 @A: 34 01 18 35 | 09
#1256-d291 @A: 17 34 33 35 | 03
#1257-d291 @A: 09 34 35 13 | 10
#1258-d291 @A: 34 15 16 21 | 08
#1259-d291 @A: 04 30 13 26 | 05
#1260-d291 @A: 06 25 17 26 | 02
#1261-d291 @A: 26 13 02 28 | 06
#1262-d291 @A: 12 30 17 26 | 04
#1263-d291 @A: 13 04 12 18 | 07
#1264-d291 @A: 12 19 30 18 | 11
#1265-d291 @A: 17 13 18 30 | 12
#1266-d291 @A: 12 18 16 14 | 01
#1267-d291 @A: 05 04 09 35 | 09
#1268-d291 @A: 05 23 13 27 | 03
#1269-d291 @A: 05 33 15 09 | 10
#1270-d291 @A: 05 17 32 09 | 08
#1271-d291 @A: 15 35 12 16 | 05
#1272-d291 @A: 25 19 14 35 | 02
#1273-d291 @A: 25 21 06 35 | 06
#1274-d291 @A: 17 32 30 35 | 04
#1275-d291 @A: 23 19 09 14 | 07
#1276-d291 @A: 30 14 23 25 | 11
#1277-d291 @A: 02 28 15 19 | 12
#1278-d291 @A: 02 12 07 15 | 01
#1279-d291 @A: 32 28 15 17 | 09
#1280-d291 @A: 15 16 13 27 | 03
#1281-d291 @A: 14 28 15 30 | 10
#1282-d291 @A: 06 32 13 33 | 08
#1283-d291 @A: 06 28 09 33 | 05
#1284-d291 @A: 17 07 33 09 | 02
#1285-d291 @A: 13 14 07 33 | 06
#1286-d291 @A: 07 33 21 14 | 04
#1287-d291 @A: 01 19 12 04 | 07
#1288-d291 @A: 28 04 06 32 | 11
#1289-d291 @A: 21 32 04 30 | 12
#1290-d291 @A: 29 10 24 30 | 01
#1291-d291 @A: 23 24 12 10 | 09
#1292-d291 @A: 21 06 10 24 | 03
#1293-d291 @A: 08 24 04 25 | 10
#1294-d291 @A: 24 22 25 16 | 08
#1295-d291 @A: 20 24 19 18 | 05
#1296-d291 @A: 19 11 34 24 | 02
#1297-d291 @A: 23 34 24 26 | 06
#1298-d291 @A: 32 24 33 26 | 04
#1299-d291 @A: 09 04 24 18 | 07
#1300-d291 @A: 05 24 17 35 | 11
#1301-d291 @A: 35 24 21 19 | 12
#1302-d291 @A: 24 12 15 21 | 01
#1303-d291 @A: 02 24 19 32 | 09
#1304-d291 @A: 27 06 24 02 | 03
#1305-d291 @A: 17 10 29 23 | 10
#1306-d291 @A: 10 08 12 35 | 08
#1307-d291 @A: 14 20 10 27 | 05
#1308-d291 @A: 35 27 11 10 | 02
#1309-d291 @A: 06 03 10 26 | 06
#1310-d291 @A: 34 18 02 10 | 04
#1311-d291 @A: 34 05 10 12 | 07
#1312-d291 @A: 10 34 33 25 | 11
#1313-d291 @A: 05 10 13 04 | 12
#1314-d291 @A: 10 28 01 19 | 01
#1315-d291 @A: 35 08 29 22 | 09
#1316-d291 @A: 27 08 20 29 | 03
#1317-d291 @A: 11 29 22 01 | 10
#1318-d291 @A: 19 22 14 29 | 08
#1319-d291 @A: 22 16 29 17 | 05
#1320-d291 @A: 29 20 19 04 | 02
#1321-d291 @A: 26 31 29 25 | 06
#1322-d291 @A: 30 03 29 04 | 04
#1323-d291 @A: 29 33 09 26 | 07
#1324-d291 @A: 05 19 13 29 | 11
#1325-d291 @A: 07 29 25 23 | 12
#1326-d291 @A: 09 06 29 32 | 01
#1327-d291 @A: 30 29 06 16 | 09
#1328-d291 @A: 29 12 14 17 | 03
#1329-d291 @A: 22 08 07 18 | 10
#1330-d291 @A: 16 06 08 22 | 08
#1331-d291 @A: 20 13 15 08 | 05
#1332-d291 @A: 15 21 31 08 | 02
#1333-d291 @A: 33 19 31 08 | 06
#1334-d291 @A: 08 31 07 04 | 04
#1335-d291 @A: 08 21 11 26 | 07
#1336-d291 @A: 17 08 11 09 | 11
#1337-d291 @A: 08 05 26 03 | 12
#1338-d291 @A: 35 08 03 09 | 01
#1339-d291 @A: 08 09 07 23 | 09
#1340-d291 @A: 32 04 08 01 | 03
#1341-d291 @A: 08 02 27 28 | 10
#1342-d291 @A: 32 25 17 08 | 08
#1343-d291 @A: 25 08 01 16 | 05
#1344-d291 @A: 34 31 06 22 | 02
#1345-d291 @A: 22 11 35 16 | 06
#1346-d291 @A: 33 11 22 07 | 04
#1347-d291 @A: 27 35 22 26 | 07
#1348-d291 @A: 21 26 22 13 | 11
#1349-d291 @A: 18 22 35 15 | 12
#1350-d291 @A: 15 33 22 17 | 01
#1351-d291 @A: 32 02 14 22 | 09
#1352-d291 @A: 02 22 17 30 | 03
#1353-d291 @A: 28 25 22 32 | 10
#1354-d291 @A: 31 33 20 01 | 08
#1355-d291 @A: 20 28 13 03 | 05
#1356-d291 @A: 20 34 18 17 | 02
#1357-d291 @A: 05 21 07 20 | 06
#1358-d291 @A: 21 16 23 20 | 04
#1359-d291 @A: 13 30 20 19 | 07
#1360-d291 @A: 20 21 02 30 | 11
#1361-d291 @A: 14 32 20 09 | 12
#1362-d291 @A: 35 11 13 31 | 01
#1363-d291 @A: 03 28 31 01 | 09
#1364-d291 @A: 27 31 18 34 | 03
#1365-d291 @A: 07 35 34 31 | 10
#1366-d291 @A: 31 17 26 13 | 08
#1367-d291 @A: 31 05 14 33 | 05
#1368-d291 @A: 30 35 31 21 | 02
#1369-d291 @A: 23 33 27 31 | 06
#1370-d291 @A: 17 31 25 04 | 04
#1371-d291 @A: 31 25 19 32 | 07
#1372-d291 @A: 19 09 13 31 | 11
#1373-d291 @A: 31 14 27 19 | 12
#1374-d291 @A: 09 25 30 31 | 01
#1375-d291 @A: 31 16 21 14 | 09
#1376-d291 @A: 07 03 15 11 | 03
#1377-d291 @A: 33 30 11 03 | 10
#1378-d291 @A: 11 26 34 02 | 08
#1379-d291 @A: 17 04 11 18 | 05
#1380-d291 @A: 11 23 21 09 | 02
#1381-d291 @A: 11 32 33 15 | 06
#1382-d291 @A: 16 02 11 28 | 04
#1383-d291 @A: 25 17 14 11 | 07
#1384-d291 @A: 28 12 11 17 | 11
#1385-d291 @A: 32 34 33 03 | 12
#1386-d291 @A: 28 15 35 03 | 01
#1387-d291 @A: 25 33 03 09 | 09
#1388-d291 @A: 19 32 28 03 | 03
#1389-d291 @A: 01 03 27 19 | 10
#1390-d291 @A: 02 16 25 03 | 08
#1391-d291 @A: 12 03 02 28 | 05
#1392-d291 @A: 25 30 17 03 | 02
#1393-d291 @A: 26 34 19 07 | 06
#1394-d291 @A: 06 26 34 28 | 04
#1395-d291 @A: 18 04 34 19 | 07
#1396-d291 @A: 35 23 34 27 | 11
#1397-d291 @A: 12 19 34 35 | 12
#1398-d291 @A: 34 04 15 14 | 01
#1399-d291 @A: 34 19 30 27 | 09
#1400-d291 @A: 01 02 34 16 | 03
#1401-d291 @A: 34 12 17 01 | 10
#1402-d291 @A: 34 14 09 12 | 08
#1403-d291 @A: 05 18 26 06 | 05
#1404-d291 @A: 26 23 14 18 | 02
#1405-d291 @A: 19 33 05 26 | 06
#1406-d291 @A: 26 35 17 15 | 04
#1407-d291 @A: 25 16 26 35 | 07
#1408-d291 @A: 23 26 25 04 | 11
#1409-d291 @A: 15 16 06 26 | 12
#1410-d291 @A: 26 02 16 19 | 01
#1411-d291 @A: 13 27 01 26 | 09
#1412-d291 @A: 18 30 19 21 | 03
#1413-d291 @A: 12 02 32 18 | 10
#1414-d291 @A: 25 18 27 16 | 08
#1415-d291 @A: 05 15 04 21 | 05
#1416-d291 @A: 09 19 05 16 | 02
#1417-d291 @A: 06 30 01 05 | 06
#1418-d291 @A: 14 05 02 28 | 04
#1419-d291 @A: 01 27 05 32 | 07
#1420-d291 @A: 06 35 19 01 | 11
#1421-d291 @A: 15 02 33 23 | 12
#1422-d291 @A: 15 32 07 19 | 01
#1423-d291 @A: 04 33 06 12 | 09
#1424-d291 @A: 16 33 02 06 | 03
#1425-d291 @A: 33 02 09 13 | 10
#1426-d291 @A: 33 02 07 30 | 08
#1427-d291 @A: 30 01 33 17 | 05
#1428-d291 @A: 28 13 33 01 | 02
#1429-d291 @A: 21 28 01 33 | 06
#1430-d291 @A: 33 27 14 17 | 04
#1431-d291 @A: 09 07 02 04 | 07
#1432-d291 @A: 09 28 16 04 | 11
#1433-d291 @A: 26 24 18 10 | 12
#1434-d291 @A: 15 24 19 10 | 01
#1435-d291 @A: 24 10 27 04 | 09
#1436-d291 @A: 03 08 14 24 | 03
#1437-d291 @A: 24 23 08 16 | 10
#1438-d291 @A: 24 22 21 05 | 08
#1439-d291 @A: 31 28 24 04 | 05
#1440-d291 @A: 31 32 27 24 | 02
#1441-d291 @A: 33 04 24 03 | 06
#1442-d291 @A: 05 24 18 13 | 04
#1443-d291 @A: 01 24 18 17 | 07
#1444-d291 @A: 18 14 25 24 | 11
#1445-d291 @A: 05 15 24 32 | 12
#1446-d291 @A: 15 33 24 16 | 01
#1447-d291 @A: 06 01 28 24 | 09
#1448-d291 @A: 28 02 24 30 | 03
#1449-d291 @A: 13 17 09 24 | 10
#1450-d291 @A: 10 29 01 05 | 08
#1451-d291 @A: 02 22 35 10 | 05
#1452-d291 @A: 23 34 10 20 | 02
#1453-d291 @A: 16 20 01 10 | 06
#1454-d291 @A: 10 09 11 18 | 04
#1455-d291 @A: 10 05 25 03 | 07
#1456-d291 @A: 32 30 34 10 | 11
#1457-d291 @A: 25 07 26 10 | 12
#1458-d291 @A: 23 02 09 10 | 01
#1459-d291 @A: 25 09 06 10 | 09
#1460-d291 @A: 14 06 16 10 | 03
#1461-d291 @A: 02 17 10 07 | 10
#1462-d291 @A: 12 25 10 30 | 08
#1463-d291 @A: 18 05 20 29 | 05
#1464-d291 @A: 20 33 29 14 | 02
#1465-d291 @A: 29 01 31 04 | 06
#1466-d291 @A: 31 29 30 14 | 04
#1467-d291 @A: 29 15 34 30 | 07
#1468-d291 @A: 18 04 29 25 | 11
#1469-d291 @A: 09 15 14 29 | 12
#1470-d291 @A: 01 29 27 16 | 01
#1471-d291 @A: 09 07 13 29 | 09
#1472-d291 @A: 08 23 02 20 | 03
#1473-d291 @A: 11 08 26 01 | 10
#1474-d291 @A: 25 11 08 19 | 08
#1475-d291 @A: 25 18 03 08 | 05
#1476-d291 @A: 26 07 08 35 | 02
#1477-d291 @A: 08 21 32 18 | 06
#1478-d291 @A: 08 25 33 23 | 04
#1479-d291 @A: 04 08 02 21 | 07
#1480-d291 @A: 19 14 08 06 | 11
#1481-d291 @A: 09 02 08 06 | 12
#1482-d291 @A: 08 01 17 06 | 01
#1483-d291 @A: 16 28 14 08 | 09
#1484-d291 @A: 15 22 31 27 | 03
#1485-d291 @A: 31 04 22 19 | 10
#1486-d291 @A: 14 34 22 23 | 08
#1487-d291 @A: 28 05 22 26 | 05
#1488-d291 @A: 22 33 18 30 | 02
#1489-d291 @A: 25 23 22 12 | 06
#1490-d291 @A: 16 15 22 04 | 04
#1491-d291 @A: 02 15 22 09 | 07
#1492-d291 @A: 27 22 09 19 | 11
#1493-d291 @A: 17 07 25 22 | 12
#1494-d291 @A: 17 12 27 22 | 01
#1495-d291 @A: 30 22 14 13 | 09
#1496-d291 @A: 16 19 31 20 | 03
#1497-d291 @A: 12 03 35 20 | 10
#1498-d291 @A: 25 20 09 04 | 08
#1499-d291 @A: 28 30 20 16 | 05
#1500-d291 @A: 07 09 28 20 | 02
#1501-d291 @A: 20 12 27 21 | 06
#1502-d291 @A: 31 34 14 11 | 04
#1503-d291 @A: 31 11 27 26 | 07
#1504-d291 @A: 31 04 33 26 | 11
#1505-d291 @A: 04 18 31 06 | 12
#1506-d291 @A: 35 31 23 02 | 01
#1507-d291 @A: 35 04 31 30 | 09
#1508-d291 @A: 31 23 04 21 | 03
#1509-d291 @A: 21 31 28 07 | 10
#1510-d291 @A: 03 26 25 11 | 08
#1511-d291 @A: 19 03 21 11 | 05
#1512-d291 @A: 13 11 34 28 | 02
#1513-d291 @A: 26 28 11 33 | 06
#1514-d291 @A: 14 11 35 33 | 04
#1515-d291 @A: 11 15 27 23 | 07
#1516-d291 @A: 25 11 23 01 | 11
#1517-d291 @A: 15 17 02 11 | 12
#1518-d291 @A: 02 11 07 32 | 01
#1519-d291 @A: 16 11 25 30 | 09
#1520-d291 @A: 13 07 25 11 | 03
#1521-d291 @A: 11 30 21 25 | 10
#1522-d291 @A: 01 03 18 04 | 08
#1523-d291 @A: 03 04 05 02 | 05
#1524-d291 @A: 03 23 35 25 | 02
#1525-d291 @A: 14 23 15 03 | 06
#1526-d291 @A: 06 23 33 03 | 04
#1527-d291 @A: 09 03 04 12 | 07
#1528-d291 @A: 17 03 13 19 | 11
#1529-d291 @A: 07 16 19 03 | 12
#1530-d291 @A: 13 03 30 09 | 01
#1531-d291 @A: 25 34 15 26 | 09
#1532-d291 @A: 09 18 05 34 | 03
#1533-d291 @A: 06 32 05 34 | 10
#1534-d291 @A: 34 30 01 25 | 08
#1535-d291 @A: 09 34 25 27 | 05
#1536-d291 @A: 13 17 34 27 | 02
#1537-d291 @A: 13 30 16 34 | 06
#1538-d291 @A: 35 14 26 05 | 04
#1539-d291 @A: 26 35 16 21 | 07
#1540-d291 @A: 02 06 26 23 | 11
#1541-d291 @A: 28 30 07 26 | 12
#1542-d291 @A: 15 18 09 23 | 01
#1543-d291 @A: 33 02 18 21 | 09
#1544-d291 @A: 18 07 32 25 | 03
#1545-d291 @A: 13 35 05 21 | 10
#1546-d291 @A: 05 06 17 02 | 08
#1547-d291 @A: 17 13 05 07 | 05
#1548-d291 @A: 21 35 23 17 | 02
#1549-d291 @A: 35 04 28 02 | 06
#1550-d291 @A: 23 32 04 14 | 04
#1551-d291 @A: 14 23 06 17 | 07
#1552-d291 @A: 27 23 06 30 | 11
#1553-d291 @A: 28 23 06 12 | 12
#1554-d291 @A: 23 30 06 21 | 01
#1555-d291 @A: 28 27 23 01 | 09
#1556-d291 @A: 23 01 21 27 | 03
#1557-d291 @A: 02 27 15 30 | 10
#1558-d291 @A: 15 21 13 27 | 08
#1559-d291 @A: 15 28 13 07 | 05
#1560-d291 @A: 01 19 02 33 | 02
#1561-d291 @A: 13 33 16 19 | 06
#1562-d291 @A: 33 12 32 07 | 04
#1563-d291 @A: 33 28 25 12 | 07
#1564-d291 @A: 28 33 16 17 | 11
#1565-d291 @A: 17 19 04 27 | 12
#1566-d291 @A: 30 04 16 01 | 01
#1567-d291 @A: 06 21 17 07 | 09
#1568-d291 @A: 24 20 29 32 | 03
#1569-d291 @A: 11 24 31 29 | 10
#1570-d291 @A: 08 09 24 21 | 08
#1571-d291 @A: 24 12 31 18 | 05
#1572-d291 @A: 17 11 26 24 | 02
#1573-d291 @A: 24 15 09 11 | 06
#1574-d291 @A: 02 03 35 24 | 04
#1575-d291 @A: 33 24 05 25 | 07
#1576-d291 @A: 13 04 23 24 | 11
#1577-d291 @A: 24 19 06 04 | 12
#1578-d291 @A: 24 21 25 17 | 01
#1579-d291 @A: 12 24 25 09 | 09
#1580-d291 @A: 09 29 20 10 | 03
#1581-d291 @A: 10 29 11 32 | 10
#1582-d291 @A: 22 01 26 10 | 08
#1583-d291 @A: 15 20 06 10 | 05
#1584-d291 @A: 10 33 20 21 | 02
#1585-d291 @A: 10 28 05 11 | 06
#1586-d291 @A: 03 35 10 14 | 04
#1587-d291 @A: 19 04 10 03 | 07
#1588-d291 @A: 13 10 18 23 | 11
#1589-d291 @A: 32 16 15 10 | 12
#1590-d291 @A: 17 19 12 10 | 01
#1591-d291 @A: 32 02 10 06 | 09
#1592-d291 @A: 02 10 25 28 | 03
#1593-d291 @A: 17 27 16 10 | 10
#1594-d291 @A: 25 13 29 08 | 08
#1595-d291 @A: 28 15 29 22 | 05
#1596-d291 @A: 22 32 04 29 | 02
#1597-d291 @A: 11 20 21 29 | 06
#1598-d291 @A: 25 34 29 20 | 04
#1599-d291 @A: 17 29 35 31 | 07
#1600-d291 @A: 12 33 29 31 | 11
#1601-d291 @A: 21 29 06 31 | 12
#1602-d291 @A: 03 11 29 14 | 01
#1603-d291 @A: 25 11 29 33 | 09
#1604-d291 @A: 11 12 30 29 | 03
#1605-d291 @A: 03 26 19 29 | 10
#1606-d291 @A: 03 29 05 32 | 08
#1607-d291 @A: 34 32 29 26 | 05
#1608-d291 @A: 29 16 18 33 | 02
#1609-d291 @A: 19 18 07 29 | 06
#1610-d291 @A: 32 14 29 01 | 04
#1611-d291 @A: 08 25 34 31 | 07
#1612-d291 @A: 11 14 23 08 | 11
#1613-d291 @A: 34 18 08 12 | 12
#1614-d291 @A: 34 32 35 08 | 01
#1615-d291 @A: 04 02 08 34 | 09
#1616-d291 @A: 26 06 08 33 | 03
#1617-d291 @A: 08 18 17 33 | 10
#1618-d291 @A: 08 30 16 35 | 08
#1619-d291 @A: 14 32 33 08 | 05
#1620-d291 @A: 08 01 13 19 | 02
#1621-d291 @A: 06 08 32 12 | 06
#1622-d291 @A: 08 02 14 01 | 04
#1623-d291 @A: 02 07 08 16 | 07
#1624-d291 @A: 08 14 07 17 | 11
#1625-d291 @A: 22 31 17 21 | 12
#1626-d291 @A: 11 22 21 32 | 01
#1627-d291 @A: 16 34 22 03 | 09
#1628-d291 @A: 35 22 34 28 | 03
#1629-d291 @A: 21 34 22 35 | 10
#1630-d291 @A: 12 35 22 30 | 08
#1631-d291 @A: 22 30 04 23 | 05
#1632-d291 @A: 22 19 15 21 | 02
#1633-d291 @A: 14 22 01 16 | 06
#1634-d291 @A: 25 14 21 22 | 04
#1635-d291 @A: 21 22 27 07 | 07
#1636-d291 @A: 03 14 21 20 | 11
#1637-d291 @A: 04 17 26 20 | 12
#1638-d291 @A: 13 32 20 05 | 01
#1639-d291 @A: 28 06 02 20 | 09
#1640-d291 @A: 05 04 31 12 | 03
#1641-d291 @A: 31 04 13 15 | 10
#1642-d291 @A: 25 31 32 21 | 08
#1643-d291 @A: 17 16 07 31 | 05
#1644-d291 @A: 12 31 30 13 | 02
#1645-d291 @A: 27 11 03 05 | 06
#1646-d291 @A: 04 11 03 28 | 04
#1647-d291 @A: 34 16 11 23 | 07
#1648-d291 @A: 05 11 19 12 | 11
#1649-d291 @A: 35 11 17 01 | 12
#1650-d291 @A: 02 30 11 23 | 01
#1651-d291 @A: 16 04 14 11 | 09
#1652-d291 @A: 30 19 11 14 | 03
#1653-d291 @A: 11 12 16 09 | 10
#1654-d291 @A: 30 13 27 11 | 08
#1655-d291 @A: 11 27 14 07 | 05
#1656-d291 @A: 26 03 12 18 | 02
#1657-d291 @A: 03 05 01 15 | 06
#1658-d291 @A: 35 03 13 32 | 04
#1659-d291 @A: 33 26 21 34 | 07
#1660-d291 @A: 04 21 14 34 | 11
#1661-d291 @A: 32 25 13 34 | 12
#1662-d291 @A: 23 05 17 26 | 01
#1663-d291 @A: 32 01 26 19 | 09
#1664-d291 @A: 26 09 28 01 | 03
#1665-d291 @A: 16 26 27 30 | 10
#1666-d291 @A: 26 07 16 13 | 08
#1667-d291 @A: 25 15 05 18 | 05
#1668-d291 @A: 23 04 18 02 | 02
#1669-d291 @A: 18 06 27 32 | 06
#1670-d291 @A: 13 01 07 18 | 04
#1671-d291 @A: 18 21 07 30 | 07
#1672-d291 @A: 05 27 02 07 | 11
#1673-d291 @A: 12 05 02 30 | 12
#1674-d291 @A: 32 05 28 12 | 01
#1675-d291 @A: 07 32 14 05 | 09
#1676-d291 @A: 30 17 05 16 | 03
#1677-d291 @A: 23 04 33 35 | 10
#1678-d291 @A: 27 19 13 35 | 08
#1679-d291 @A: 06 35 09 16 | 05
#1680-d291 @A: 06 14 35 12 | 02
#1681-d291 @A: 07 27 12 35 | 06
#1682-d291 @A: 07 02 28 23 | 04
#1683-d291 @A: 27 23 16 07 | 07
#1684-d291 @A: 13 12 23 14 | 11
#1685-d291 @A: 02 25 32 15 | 12
#1686-d291 @A: 07 33 27 06 | 01
#1687-d291 @A: 19 16 02 21 | 09
#1688-d291 @A: 32 21 16 09 | 03
#1689-d291 @A: 21 07 32 13 | 10
