#0001-d339 @A: 09 04 25 02 | 10
#0002-d339 @A: 15 25 09 03 | 11
#0003-d339 @A: 14 06 20 25 | 02
#0004-d339 @A: 19 26 20 25 | 07
#0005-d339 @A: 28 29 25 03 | 12
#0006-d339 @A: 35 25 06 28 | 01
#0007-d339 @A: 28 19 08 25 | 04
#0008-d339 @A: 33 30 28 25 | 03
#0009-d339 @A: 04 25 08 29 | 06
#0010-d339 @A: 25 04 22 13 | 09
#0011-d339 @A: 25 14 01 19 | 05
#0012-d339 @A: 01 25 32 03 | 08
#0013-d339 @A: 02 13 25 08 | 10
#0014-d339 @A: 24 25 33 07 | 11
#0015-d339 @A: 30 26 25 07 | 02
#0016-d339 @A: 25 33 22 19 | 07
#0017-d339 @A: 35 25 15 19 | 12
#0018-d339 @A: 23 25 14 15 | 01
#0019-d339 @A: 31 11 22 25 | 04
#0020-d339 @A: 11 25 08 34 | 03
#0021-d339 @A: 35 28 09 10 | 06
#0022-d339 @A: 06 10 09 21 | 09
#0023-d339 @A: 20 09 03 28 | 05
#0024-d339 @A: 09 20 12 29 | 08
#0025-d339 @A: 20 15 13 09 | 10
#0026-d339 @A: 30 20 34 09 | 11
#0027-d339 @A: 17 09 18 20 | 02
#0028-d339 @A: 09 28 34 01 | 07
#0029-d339 @A: 35 12 09 04 | 12
#0030-d339 @A: 05 02 21 09 | 01
#0031-d339 @A: 09 30 21 07 | 04
#0032-d339 @A: 30 09 06 24 | 03
#0033-d339 @A: 16 17 09 05 | 06
#0034-d339 @A: 09 24 26 35 | 09
#0035-d339 @A: 09 26 21 22 | 05
#0036-d339 @A: 32 09 22 30 | 08
#0037-d339 @A: 20 31 10 15 | 10
#0038-d339 @A: 04 12 27 10 | 11
#0039-d339 @A: 04 31 10 16 | 02
#0040-d339 @A: 01 10 06 34 | 07
#0041-d339 @A: 10 29 33 24 | 12
#0042-d339 @A: 10 05 07 12 | 01
#0043-d339 @A: 31 10 07 22 | 04
#0044-d339 @A: 32 10 14 11 | 03
#0045-d339 @A: 17 10 12 03 | 06
#0046-d339 @A: 24 10 17 16 | 09
#0047-d339 @A: 18 10 05 35 | 05
#0048-d339 @A: 32 10 26 03 | 08
#0049-d339 @A: 30 11 28 20 | 10
#0050-d339 @A: 20 32 23 01 | 11
#0051-d339 @A: 06 20 29 30 | 02
#0052-d339 @A: 02 19 20 34 | 07
#0053-d339 @A: 20 23 02 17 | 12
#0054-d339 @A: 27 14 33 20 | 01
#0055-d339 @A: 03 31 20 23 | 04
#0056-d339 @A: 12 20 31 17 | 03
#0057-d339 @A: 26 20 32 31 | 06
#0058-d339 @A: 05 01 04 28 | 09
#0059-d339 @A: 12 29 34 28 | 05
#0060-d339 @A: 26 30 29 28 | 08
#0061-d339 @A: 02 28 15 03 | 10
#0062-d339 @A: 06 03 12 28 | 11
#0063-d339 @A: 24 28 31 06 | 02
#0064-d339 @A: 23 17 28 27 | 07
#0065-d339 @A: 31 30 28 32 | 12
#0066-d339 @A: 03 28 26 24 | 01
#0067-d339 @A: 28 03 17 13 | 04
#0068-d339 @A: 21 04 01 07 | 03
#0069-d339 @A: 29 04 31 32 | 06
#0070-d339 @A: 02 21 22 04 | 09
#0071-d339 @A: 04 07 19 27 | 05
#0072-d339 @A: 31 06 27 04 | 08
#0073-d339 @A: 19 04 15 08 | 10
#0074-d339 @A: 19 26 04 21 | 11
#0075-d339 @A: 15 33 04 24 | 02
#0076-d339 @A: 23 17 04 11 | 07
#0077-d339 @A: 27 04 34 15 | 12
#0078-d339 @A: 34 17 04 31 | 01
#0079-d339 @A: 24 35 04 21 | 04
#0080-d339 @A: 27 22 35 04 | 03
#0081-d339 @A: 03 26 17 04 | 06
#0082-d339 @A: 29 31 24 01 | 09
#0083-d339 @A: 02 01 16 11 | 05
#0084-d339 @A: 23 30 01 05 | 08
#0085-d339 @A: 35 15 27 01 | 10
#0086-d339 @A: 26 35 32 01 | 11
#0087-d339 @A: 01 34 35 22 | 02
#0088-d339 @A: 27 03 01 26 | 07
#0089-d339 @A: 01 21 08 34 | 12
#0090-d339 @A: 22 01 05 14 | 01
#0091-d339 @A: 27 26 07 29 | 04
#0092-d339 @A: 06 17 11 29 | 03
#0093-d339 @A: 17 11 29 30 | 06
#0094-d339 @A: 12 29 35 30 | 09
#0095-d339 @A: 16 08 26 29 | 05
#0096-d339 @A: 26 24 29 13 | 08
#0097-d339 @A: 17 29 34 24 | 10
#0098-d339 @A: 32 17 29 05 | 11
#0099-d339 @A: 30 29 34 05 | 02
#0100-d339 @A: 29 21 27 14 | 07
#0101-d339 @A: 23 19 02 35 | 12
#0102-d339 @A: 34 31 02 12 | 01
#0103-d339 @A: 17 15 02 34 | 04
#0104-d339 @A: 16 02 21 26 | 03
#0105-d339 @A: 16 18 02 13 | 06
#0106-d339 @A: 02 21 24 14 | 09
#0107-d339 @A: 22 02 32 34 | 05
#0108-d339 @A: 17 08 18 02 | 08
#0109-d339 @A: 35 07 11 34 | 10
#0110-d339 @A: 13 07 24 34 | 11
#0111-d339 @A: 17 07 30 32 | 02
#0112-d339 @A: 07 14 03 17 | 07
#0113-d339 @A: 06 19 22 12 | 12
#0114-d339 @A: 06 15 24 19 | 01
#0115-d339 @A: 17 06 08 33 | 04
#0116-d339 @A: 24 26 06 27 | 03
#0117-d339 @A: 24 17 05 06 | 06
#0118-d339 @A: 14 06 03 34 | 09
#0119-d339 @A: 30 13 17 06 | 05
#0120-d339 @A: 21 05 13 06 | 08
#0121-d339 @A: 19 33 27 08 | 10
#0122-d339 @A: 19 05 22 27 | 11
#0123-d339 @A: 19 08 17 03 | 02
#0124-d339 @A: 33 22 35 03 | 07
#0125-d339 @A: 18 34 33 22 | 12
#0126-d339 @A: 22 33 05 21 | 01
#0127-d339 @A: 23 12 16 11 | 04
#0128-d339 @A: 15 13 23 21 | 03
#0129-d339 @A: 13 16 27 23 | 06
#0130-d339 @A: 27 21 23 35 | 09
#0131-d339 @A: 14 35 03 23 | 05
#0132-d339 @A: 22 32 23 24 | 08
#0133-d339 @A: 23 34 17 13 | 10
#0134-d339 @A: 14 18 11 24 | 11
#0135-d339 @A: 15 30 34 12 | 02
#0136-d339 @A: 12 27 32 16 | 07
#0137-d339 @A: 35 12 27 05 | 12
#0138-d339 @A: 30 27 12 24 | 01
#0139-d339 @A: 32 22 03 12 | 04
#0140-d339 @A: 13 12 34 03 | 03
#0141-d339 @A: 18 08 12 22 | 06
#0142-d339 @A: 13 21 22 12 | 09
#0143-d339 @A: 17 24 15 22 | 05
#0144-d339 @A: 15 27 32 05 | 08
#0145-d339 @A: 16 18 30 24 | 10
#0146-d339 @A: 35 09 25 30 | 11
#0147-d339 @A: 22 01 25 07 | 02
#0148-d339 @A: 25 29 32 33 | 07
#0149-d339 @A: 25 13 29 11 | 12
#0150-d339 @A: 25 29 31 26 | 01
#0151-d339 @A: 35 02 25 33 | 04
#0152-d339 @A: 31 25 06 32 | 03
#0153-d339 @A: 18 25 21 06 | 06
#0154-d339 @A: 15 25 11 30 | 09
#0155-d339 @A: 25 24 31 12 | 05
#0156-d339 @A: 17 24 25 03 | 08
#0157-d339 @A: 34 27 30 25 | 10
#0158-d339 @A: 05 22 34 25 | 11
#0159-d339 @A: 08 25 27 05 | 02
#0160-d339 @A: 24 09 10 02 | 07
#0161-d339 @A: 09 10 12 14 | 12
#0162-d339 @A: 20 09 35 07 | 01
#0163-d339 @A: 09 28 05 30 | 04
#0164-d339 @A: 09 04 07 11 | 03
#0165-d339 @A: 16 09 23 04 | 06
#0166-d339 @A: 11 01 09 03 | 09
#0167-d339 @A: 09 01 30 14 | 05
#0168-d339 @A: 33 09 34 02 | 08
#0169-d339 @A: 09 07 03 22 | 10
#0170-d339 @A: 09 06 16 11 | 11
#0171-d339 @A: 09 06 15 27 | 02
#0172-d339 @A: 27 09 33 12 | 07
#0173-d339 @A: 09 23 18 22 | 12
#0174-d339 @A: 24 09 12 03 | 01
#0175-d339 @A: 32 05 13 09 | 04
#0176-d339 @A: 22 34 09 27 | 03
#0177-d339 @A: 05 27 03 09 | 06
#0178-d339 @A: 10 08 28 15 | 09
#0179-d339 @A: 15 03 10 04 | 05
#0180-d339 @A: 23 01 27 10 | 08
#0181-d339 @A: 14 10 29 05 | 10
#0182-d339 @A: 02 22 10 19 | 11
#0183-d339 @A: 10 07 26 06 | 02
#0184-d339 @A: 17 15 06 10 | 07
#0185-d339 @A: 12 18 10 33 | 12
#0186-d339 @A: 10 16 22 33 | 01
#0187-d339 @A: 31 10 21 11 | 04
#0188-d339 @A: 30 31 10 15 | 03
#0189-d339 @A: 27 10 35 13 | 06
#0190-d339 @A: 26 22 27 10 | 09
#0191-d339 @A: 17 34 10 18 | 05
#0192-d339 @A: 27 08 17 10 | 08
#0193-d339 @A: 30 10 17 22 | 10
#0194-d339 @A: 20 01 28 24 | 11
#0195-d339 @A: 04 27 20 23 | 02
#0196-d339 @A: 08 14 01 20 | 07
#0197-d339 @A: 32 15 07 20 | 12
#0198-d339 @A: 20 30 33 16 | 01
#0199-d339 @A: 16 13 20 05 | 04
#0200-d339 @A: 32 35 27 20 | 03
#0201-d339 @A: 35 21 20 22 | 06
#0202-d339 @A: 26 08 18 20 | 09
#0203-d339 @A: 03 14 05 20 | 05
#0204-d339 @A: 01 13 28 06 | 08
#0205-d339 @A: 32 08 28 07 | 10
#0206-d339 @A: 28 22 24 33 | 11
#0207-d339 @A: 22 23 28 34 | 02
#0208-d339 @A: 03 18 32 28 | 07
#0209-d339 @A: 04 01 02 34 | 12
#0210-d339 @A: 01 04 13 14 | 01
#0211-d339 @A: 34 23 29 04 | 04
#0212-d339 @A: 17 02 04 19 | 03
#0213-d339 @A: 04 05 33 07 | 06
#0214-d339 @A: 33 34 11 04 | 09
#0215-d339 @A: 04 13 12 23 | 05
#0216-d339 @A: 31 04 12 15 | 08
#0217-d339 @A: 13 08 16 04 | 10
#0218-d339 @A: 08 34 24 04 | 11
#0219-d339 @A: 18 24 04 17 | 02
#0220-d339 @A: 22 27 04 30 | 07
#0221-d339 @A: 01 02 13 03 | 12
#0222-d339 @A: 01 27 07 33 | 01
#0223-d339 @A: 19 01 33 21 | 04
#0224-d339 @A: 01 13 12 33 | 03
#0225-d339 @A: 11 31 17 01 | 06
#0226-d339 @A: 24 34 01 14 | 09
#0227-d339 @A: 34 03 01 18 | 05
#0228-d339 @A: 07 17 29 02 | 08
#0229-d339 @A: 29 03 33 19 | 10
#0230-d339 @A: 14 16 29 33 | 11
#0231-d339 @A: 23 05 12 29 | 02
#0232-d339 @A: 29 03 23 15 | 07
#0233-d339 @A: 05 24 29 11 | 12
#0234-d339 @A: 32 26 29 18 | 01
#0235-d339 @A: 21 32 13 29 | 04
#0236-d339 @A: 18 29 34 05 | 03
#0237-d339 @A: 03 30 27 29 | 06
#0238-d339 @A: 18 14 17 29 | 09
#0239-d339 @A: 29 08 17 21 | 05
#0240-d339 @A: 29 13 08 03 | 08
#0241-d339 @A: 13 05 07 02 | 10
#0242-d339 @A: 15 06 18 02 | 11
#0243-d339 @A: 33 19 13 02 | 02
#0244-d339 @A: 02 19 08 11 | 07
#0245-d339 @A: 27 05 02 34 | 12
#0246-d339 @A: 14 08 03 02 | 01
#0247-d339 @A: 07 26 11 19 | 04
#0248-d339 @A: 07 05 35 23 | 03
#0249-d339 @A: 30 07 12 18 | 06
#0250-d339 @A: 08 07 18 31 | 09
#0251-d339 @A: 24 07 35 16 | 05
#0252-d339 @A: 30 07 24 34 | 08
#0253-d339 @A: 19 31 06 13 | 10
#0254-d339 @A: 03 06 33 23 | 11
#0255-d339 @A: 33 27 11 06 | 02
#0256-d339 @A: 06 12 33 14 | 07
#0257-d339 @A: 24 06 18 16 | 12
#0258-d339 @A: 21 06 24 22 | 01
#0259-d339 @A: 27 05 06 14 | 04
#0260-d339 @A: 15 19 23 34 | 03
#0261-d339 @A: 16 05 14 19 | 06
#0262-d339 @A: 11 12 33 05 | 09
#0263-d339 @A: 33 35 11 30 | 05
#0264-d339 @A: 14 35 33 18 | 08
#0265-d339 @A: 24 18 26 33 | 10
#0266-d339 @A: 17 24 33 32 | 11
#0267-d339 @A: 33 34 17 21 | 02
#0268-d339 @A: 31 32 23 12 | 07
#0269-d339 @A: 24 23 31 21 | 12
#0270-d339 @A: 34 14 23 32 | 01
#0271-d339 @A: 03 27 23 22 | 04
#0272-d339 @A: 08 23 21 18 | 03
#0273-d339 @A: 26 03 31 11 | 06
#0274-d339 @A: 11 16 21 34 | 09
#0275-d339 @A: 11 08 35 05 | 05
#0276-d339 @A: 26 11 08 27 | 08
#0277-d339 @A: 35 17 16 12 | 10
#0278-d339 @A: 21 34 12 18 | 11
#0279-d339 @A: 22 15 27 31 | 02
#0280-d339 @A: 26 08 15 17 | 07
#0281-d339 @A: 17 31 08 35 | 12
#0282-d339 @A: 31 30 35 17 | 01
#0283-d339 @A: 18 31 24 22 | 04
#0284-d339 @A: 32 03 30 16 | 03
#0285-d339 @A: 25 21 10 02 | 06
#0286-d339 @A: 25 10 22 03 | 09
#0287-d339 @A: 07 28 13 25 | 05
#0288-d339 @A: 01 25 19 30 | 08
#0289-d339 @A: 24 18 25 01 | 10
#0290-d339 @A: 29 32 25 30 | 11
#0291-d339 @A: 02 25 17 16 | 02
#0292-d339 @A: 25 06 13 24 | 07
#0293-d339 @A: 08 33 25 14 | 12
#0294-d339 @A: 18 25 12 15 | 01
#0295-d339 @A: 24 35 25 08 | 04
#0296-d339 @A: 07 27 28 09 | 03
#0297-d339 @A: 32 28 09 06 | 06
#0298-d339 @A: 34 04 19 09 | 09
#0299-d339 @A: 07 01 09 16 | 05
#0300-d339 @A: 09 01 31 18 | 08
#0301-d339 @A: 09 12 23 07 | 10
#0302-d339 @A: 33 09 35 23 | 11
#0303-d339 @A: 31 09 11 32 | 02
#0304-d339 @A: 21 34 09 24 | 07
#0305-d339 @A: 26 08 14 09 | 12
#0306-d339 @A: 05 09 34 14 | 01
#0307-d339 @A: 09 21 03 14 | 04
#0308-d339 @A: 07 10 11 20 | 03
#0309-d339 @A: 28 18 10 27 | 06
#0310-d339 @A: 04 11 05 10 | 09
#0311-d339 @A: 11 29 10 23 | 05
#0312-d339 @A: 26 10 33 02 | 08
#0313-d339 @A: 34 33 10 14 | 10
#0314-d339 @A: 23 32 10 17 | 11
#0315-d339 @A: 31 24 10 08 | 02
#0316-d339 @A: 16 10 26 14 | 07
#0317-d339 @A: 26 34 05 10 | 12
#0318-d339 @A: 26 13 18 10 | 01
#0319-d339 @A: 20 01 27 11 | 04
#0320-d339 @A: 20 33 29 26 | 03
#0321-d339 @A: 29 15 14 20 | 06
#0322-d339 @A: 20 16 02 07 | 09
#0323-d339 @A: 20 13 23 06 | 05
#0324-d339 @A: 15 06 35 20 | 08
#0325-d339 @A: 20 33 15 05 | 10
#0326-d339 @A: 34 15 20 11 | 11
#0327-d339 @A: 20 11 31 35 | 02
#0328-d339 @A: 30 05 15 20 | 07
#0329-d339 @A: 35 20 24 17 | 12
#0330-d339 @A: 20 22 27 24 | 01
#0331-d339 @A: 34 17 20 03 | 04
#0332-d339 @A: 03 14 28 01 | 03
#0333-d339 @A: 24 29 14 28 | 06
#0334-d339 @A: 28 02 35 24 | 09
#0335-d339 @A: 02 28 21 30 | 05
#0336-d339 @A: 28 07 22 19 | 08
#0337-d339 @A: 28 23 21 07 | 10
#0338-d339 @A: 28 14 34 11 | 11
#0339-d339 @A: 14 32 35 28 | 02
#0340-d339 @A: 34 03 28 35 | 07
#0341-d339 @A: 28 34 27 13 | 12
#0342-d339 @A: 08 28 05 34 | 01
#0343-d339 @A: 04 07 02 08 | 04
#0344-d339 @A: 33 13 06 04 | 03
#0345-d339 @A: 04 05 15 06 | 06
#0346-d339 @A: 31 33 04 35 | 09
#0347-d339 @A: 04 15 11 14 | 05
#0348-d339 @A: 04 11 30 18 | 08
#0349-d339 @A: 26 08 12 04 | 10
#0350-d339 @A: 04 22 03 24 | 11
#0351-d339 @A: 18 04 13 34 | 02
#0352-d339 @A: 29 01 05 26 | 07
#0353-d339 @A: 07 14 01 02 | 12
#0354-d339 @A: 24 01 02 15 | 01
#0355-d339 @A: 27 19 12 01 | 04
#0356-d339 @A: 31 19 35 01 | 03
#0357-d339 @A: 17 01 16 22 | 06
#0358-d339 @A: 03 17 35 01 | 09
#0359-d339 @A: 01 05 35 21 | 05
#0360-d339 @A: 24 22 01 26 | 08
#0361-d339 @A: 29 06 02 34 | 10
#0362-d339 @A: 19 31 29 27 | 11
#0363-d339 @A: 29 33 18 13 | 02
#0364-d339 @A: 26 23 29 17 | 07
#0365-d339 @A: 03 29 14 32 | 12
#0366-d339 @A: 29 27 22 18 | 01
#0367-d339 @A: 06 02 03 31 | 04
#0368-d339 @A: 32 12 02 33 | 03
#0369-d339 @A: 02 34 33 30 | 06
#0370-d339 @A: 15 35 02 11 | 09
#0371-d339 @A: 08 02 35 34 | 05
#0372-d339 @A: 03 18 02 22 | 08
#0373-d339 @A: 17 02 05 22 | 10
#0374-d339 @A: 31 07 06 17 | 11
#0375-d339 @A: 30 11 07 19 | 02
#0376-d339 @A: 19 12 35 07 | 07
#0377-d339 @A: 35 07 26 33 | 12
#0378-d339 @A: 31 34 07 23 | 01
#0379-d339 @A: 26 07 08 03 | 04
#0380-d339 @A: 07 30 08 13 | 03
#0381-d339 @A: 12 06 11 32 | 06
#0382-d339 @A: 30 11 06 12 | 09
#0383-d339 @A: 12 06 18 35 | 05
#0384-d339 @A: 08 26 06 34 | 08
#0385-d339 @A: 03 22 26 06 | 10
#0386-d339 @A: 03 32 06 05 | 11
#0387-d339 @A: 18 06 05 08 | 02
#0388-d339 @A: 30 19 33 08 | 07
#0389-d339 @A: 19 15 30 24 | 12
#0390-d339 @A: 19 35 03 21 | 01
#0391-d339 @A: 26 19 17 32 | 04
#0392-d339 @A: 13 33 32 15 | 03
#0393-d339 @A: 16 35 13 33 | 06
#0394-d339 @A: 08 33 32 26 | 09
#0395-d339 @A: 03 26 13 33 | 05
#0396-d339 @A: 05 33 03 30 | 08
#0397-d339 @A: 23 16 21 17 | 10
#0398-d339 @A: 08 22 16 23 | 11
#0399-d339 @A: 15 12 24 11 | 02
#0400-d339 @A: 26 11 32 24 | 07
#0401-d339 @A: 11 24 13 21 | 12
#0402-d339 @A: 18 22 11 17 | 01
#0403-d339 @A: 18 08 11 13 | 04
#0404-d339 @A: 11 17 05 21 | 03
#0405-d339 @A: 11 03 14 22 | 06
#0406-d339 @A: 12 05 16 31 | 09
#0407-d339 @A: 16 34 12 22 | 05
#0408-d339 @A: 35 24 12 22 | 08
#0409-d339 @A: 22 30 12 08 | 10
#0410-d339 @A: 16 27 26 15 | 11
#0411-d339 @A: 15 32 21 22 | 02
#0412-d339 @A: 03 15 27 08 | 07
#0413-d339 @A: 24 27 32 31 | 12
#0414-d339 @A: 27 30 08 05 | 01
#0415-d339 @A: 08 23 10 25 | 04
#0416-d339 @A: 10 25 34 12 | 03
#0417-d339 @A: 32 20 25 04 | 06
#0418-d339 @A: 20 05 25 07 | 09
#0419-d339 @A: 04 14 25 24 | 05
#0420-d339 @A: 29 16 07 25 | 08
#0421-d339 @A: 29 34 25 21 | 10
#0422-d339 @A: 19 02 25 12 | 11
#0423-d339 @A: 14 26 07 25 | 02
#0424-d339 @A: 27 25 11 24 | 07
#0425-d339 @A: 21 14 25 12 | 12
#0426-d339 @A: 16 26 24 25 | 01
#0427-d339 @A: 18 03 25 05 | 04
#0428-d339 @A: 01 33 09 24 | 03
#0429-d339 @A: 09 05 08 01 | 06
#0430-d339 @A: 29 09 13 07 | 09
#0431-d339 @A: 29 35 09 11 | 05
#0432-d339 @A: 32 09 22 29 | 08
#0433-d339 @A: 09 07 32 02 | 10
#0434-d339 @A: 13 09 34 06 | 11
#0435-d339 @A: 09 19 23 27 | 02
#0436-d339 @A: 15 09 08 33 | 07
#0437-d339 @A: 09 35 05 22 | 12
#0438-d339 @A: 13 09 24 27 | 01
#0439-d339 @A: 05 09 18 24 | 04
#0440-d339 @A: 14 09 13 18 | 03
#0441-d339 @A: 28 01 10 22 | 06
#0442-d339 @A: 28 05 06 10 | 09
#0443-d339 @A: 10 24 28 11 | 05
#0444-d339 @A: 34 10 04 07 | 08
#0445-d339 @A: 22 32 04 10 | 10
#0446-d339 @A: 17 01 07 10 | 11
#0447-d339 @A: 26 10 19 01 | 02
#0448-d339 @A: 02 29 10 03 | 07
#0449-d339 @A: 02 10 11 17 | 12
#0450-d339 @A: 02 10 08 12 | 01
#0451-d339 @A: 24 23 10 07 | 04
#0452-d339 @A: 06 10 31 18 | 03
#0453-d339 @A: 35 19 10 11 | 06
#0454-d339 @A: 32 19 05 10 | 09
#0455-d339 @A: 33 10 15 35 | 05
#0456-d339 @A: 15 10 24 21 | 08
#0457-d339 @A: 18 08 10 32 | 10
#0458-d339 @A: 30 14 34 10 | 11
#0459-d339 @A: 03 10 14 27 | 02
#0460-d339 @A: 10 13 22 17 | 07
#0461-d339 @A: 28 19 13 20 | 12
#0462-d339 @A: 20 35 01 12 | 01
#0463-d339 @A: 06 07 20 27 | 04
#0464-d339 @A: 07 20 22 13 | 03
#0465-d339 @A: 06 20 08 31 | 06
#0466-d339 @A: 20 19 21 31 | 09
#0467-d339 @A: 22 17 20 33 | 05
#0468-d339 @A: 20 22 16 32 | 08
#0469-d339 @A: 05 26 20 22 | 10
#0470-d339 @A: 21 26 20 13 | 11
#0471-d339 @A: 27 30 20 14 | 02
#0472-d339 @A: 13 20 27 03 | 07
#0473-d339 @A: 04 32 02 28 | 12
#0474-d339 @A: 04 28 30 19 | 01
#0475-d339 @A: 28 03 23 04 | 04
#0476-d339 @A: 04 15 28 35 | 03
#0477-d339 @A: 07 23 30 28 | 06
#0478-d339 @A: 28 19 18 33 | 09
#0479-d339 @A: 28 23 32 11 | 05
#0480-d339 @A: 23 14 28 05 | 08
#0481-d339 @A: 24 17 28 12 | 10
#0482-d339 @A: 08 22 35 28 | 11
#0483-d339 @A: 27 28 05 24 | 02
#0484-d339 @A: 26 28 17 14 | 07
#0485-d339 @A: 28 27 08 14 | 12
#0486-d339 @A: 21 13 18 28 | 01
#0487-d339 @A: 35 04 29 01 | 04
#0488-d339 @A: 18 01 16 04 | 03
#0489-d339 @A: 06 29 04 18 | 06
#0490-d339 @A: 02 15 13 04 | 09
#0491-d339 @A: 16 03 06 04 | 05
#0492-d339 @A: 13 11 04 35 | 08
#0493-d339 @A: 12 04 24 32 | 10
#0494-d339 @A: 04 24 26 05 | 11
#0495-d339 @A: 27 04 17 05 | 02
#0496-d339 @A: 08 21 04 27 | 07
#0497-d339 @A: 22 04 08 17 | 12
#0498-d339 @A: 11 29 01 21 | 01
#0499-d339 @A: 26 02 01 18 | 04
#0500-d339 @A: 35 06 01 23 | 03
#0501-d339 @A: 06 30 01 32 | 06
#0502-d339 @A: 19 22 01 15 | 09
#0503-d339 @A: 23 03 01 12 | 05
#0504-d339 @A: 35 01 24 13 | 08
#0505-d339 @A: 27 24 21 01 | 10
#0506-d339 @A: 32 13 34 01 | 11
#0507-d339 @A: 15 29 35 07 | 02
#0508-d339 @A: 27 11 29 15 | 07
#0509-d339 @A: 34 26 29 35 | 12
#0510-d339 @A: 29 24 18 21 | 01
#0511-d339 @A: 06 30 14 02 | 04
#0512-d339 @A: 21 18 02 35 | 03
#0513-d339 @A: 35 14 02 22 | 06
#0514-d339 @A: 08 02 26 05 | 09
#0515-d339 @A: 17 13 02 32 | 05
#0516-d339 @A: 07 33 22 06 | 08
#0517-d339 @A: 13 07 11 33 | 10
#0518-d339 @A: 35 18 27 07 | 11
#0519-d339 @A: 34 18 14 07 | 02
#0520-d339 @A: 22 27 07 08 | 07
#0521-d339 @A: 24 06 34 33 | 12
#0522-d339 @A: 11 06 26 23 | 01
#0523-d339 @A: 31 12 06 21 | 04
#0524-d339 @A: 06 15 14 22 | 03
#0525-d339 @A: 06 17 21 32 | 06
#0526-d339 @A: 03 17 18 06 | 09
#0527-d339 @A: 23 19 26 16 | 05
#0528-d339 @A: 19 32 18 16 | 08
#0529-d339 @A: 19 24 26 14 | 10
#0530-d339 @A: 19 17 27 18 | 11
#0531-d339 @A: 05 17 19 13 | 02
#0532-d339 @A: 23 33 12 24 | 07
#0533-d339 @A: 30 12 33 31 | 12
#0534-d339 @A: 26 15 33 30 | 01
#0535-d339 @A: 16 33 08 34 | 04
#0536-d339 @A: 24 08 13 33 | 03
#0537-d339 @A: 33 21 14 30 | 06
#0538-d339 @A: 03 30 17 23 | 09
#0539-d339 @A: 31 12 11 27 | 05
#0540-d339 @A: 27 11 35 03 | 08
#0541-d339 @A: 35 11 21 14 | 10
#0542-d339 @A: 24 34 22 11 | 11
#0543-d339 @A: 12 18 05 13 | 02
#0544-d339 @A: 16 18 22 15 | 07
#0545-d339 @A: 35 05 03 15 | 12
#0546-d339 @A: 26 15 05 21 | 01
#0547-d339 @A: 17 03 15 32 | 04
#0548-d339 @A: 17 27 15 13 | 03
#0549-d339 @A: 32 31 35 03 | 06
#0550-d339 @A: 17 05 26 31 | 09
#0551-d339 @A: 32 34 31 21 | 05
#0552-d339 @A: 03 35 14 30 | 08
#0553-d339 @A: 21 08 30 17 | 10
#0554-d339 @A: 09 29 18 25 | 11
#0555-d339 @A: 11 14 09 25 | 02
#0556-d339 @A: 16 12 25 09 | 07
#0557-d339 @A: 32 10 25 07 | 12
#0558-d339 @A: 25 28 24 15 | 01
#0559-d339 @A: 04 35 07 25 | 04
#0560-d339 @A: 31 07 27 25 | 03
#0561-d339 @A: 30 25 06 31 | 06
#0562-d339 @A: 23 33 27 25 | 09
#0563-d339 @A: 25 23 31 18 | 05
#0564-d339 @A: 05 25 16 15 | 08
#0565-d339 @A: 32 25 16 13 | 10
#0566-d339 @A: 25 26 35 03 | 11
#0567-d339 @A: 35 05 25 17 | 02
#0568-d339 @A: 17 34 14 25 | 07
#0569-d339 @A: 13 18 17 25 | 12
#0570-d339 @A: 10 09 22 15 | 01
#0571-d339 @A: 26 20 02 09 | 04
#0572-d339 @A: 14 23 09 20 | 03
#0573-d339 @A: 19 28 09 26 | 06
#0574-d339 @A: 11 08 28 09 | 09
#0575-d339 @A: 28 12 22 09 | 05
#0576-d339 @A: 04 09 05 29 | 08
#0577-d339 @A: 06 04 09 22 | 10
#0578-d339 @A: 02 19 09 01 | 11
#0579-d339 @A: 02 09 22 08 | 02
#0580-d339 @A: 06 07 09 08 | 07
#0581-d339 @A: 24 09 07 19 | 12
#0582-d339 @A: 09 26 07 05 | 01
#0583-d339 @A: 31 14 06 09 | 04
#0584-d339 @A: 17 03 09 33 | 03
#0585-d339 @A: 09 30 03 11 | 06
#0586-d339 @A: 09 08 21 12 | 09
#0587-d339 @A: 17 34 09 35 | 05
#0588-d339 @A: 20 14 10 02 | 08
#0589-d339 @A: 13 20 10 33 | 10
#0590-d339 @A: 18 02 04 10 | 11
#0591-d339 @A: 10 32 01 31 | 02
#0592-d339 @A: 10 16 06 02 | 07
#0593-d339 @A: 23 13 02 10 | 12
#0594-d339 @A: 06 27 10 19 | 01
#0595-d339 @A: 30 21 10 19 | 04
#0596-d339 @A: 31 27 10 33 | 03
#0597-d339 @A: 10 32 33 30 | 06
#0598-d339 @A: 10 05 16 21 | 09
#0599-d339 @A: 30 10 18 05 | 05
#0600-d339 @A: 02 20 01 29 | 08
#0601-d339 @A: 01 33 18 20 | 10
#0602-d339 @A: 02 06 20 33 | 11
#0603-d339 @A: 02 20 11 32 | 02
#0604-d339 @A: 31 02 20 18 | 07
#0605-d339 @A: 20 08 30 23 | 12
#0606-d339 @A: 17 04 29 28 | 01
#0607-d339 @A: 04 28 19 11 | 04
#0608-d339 @A: 35 07 01 28 | 03
#0609-d339 @A: 26 01 33 28 | 06
#0610-d339 @A: 16 31 28 01 | 09
#0611-d339 @A: 02 28 14 12 | 05
#0612-d339 @A: 17 06 19 28 | 08
#0613-d339 @A: 06 15 28 34 | 10
#0614-d339 @A: 19 15 28 05 | 11
#0615-d339 @A: 19 03 28 31 | 02
#0616-d339 @A: 08 28 18 24 | 07
#0617-d339 @A: 16 04 29 15 | 12
#0618-d339 @A: 33 04 12 21 | 01
#0619-d339 @A: 33 22 26 04 | 04
#0620-d339 @A: 04 23 31 22 | 03
#0621-d339 @A: 16 24 27 04 | 06
#0622-d339 @A: 26 35 18 04 | 09
#0623-d339 @A: 14 04 21 32 | 05
#0624-d339 @A: 04 21 17 13 | 08
#0625-d339 @A: 01 07 03 29 | 10
#0626-d339 @A: 29 13 19 01 | 11
#0627-d339 @A: 22 29 01 30 | 02
#0628-d339 @A: 01 06 18 07 | 07
#0629-d339 @A: 07 01 32 11 | 12
#0630-d339 @A: 01 15 31 06 | 01
#0631-d339 @A: 11 19 34 01 | 04
#0632-d339 @A: 01 26 14 23 | 03
#0633-d339 @A: 08 15 01 30 | 06
#0634-d339 @A: 01 24 32 05 | 09
#0635-d339 @A: 34 05 17 01 | 05
#0636-d339 @A: 16 29 23 02 | 08
#0637-d339 @A: 22 29 11 02 | 10
#0638-d339 @A: 32 02 29 35 | 11
#0639-d339 @A: 11 07 18 29 | 02
#0640-d339 @A: 07 14 29 30 | 07
#0641-d339 @A: 35 33 17 29 | 12
#0642-d339 @A: 32 29 11 34 | 01
#0643-d339 @A: 21 29 30 31 | 04
#0644-d339 @A: 27 34 03 29 | 03
#0645-d339 @A: 29 05 13 27 | 06
#0646-d339 @A: 22 17 03 29 | 09
#0647-d339 @A: 02 19 03 07 | 05
#0648-d339 @A: 21 02 33 07 | 08
#0649-d339 @A: 02 15 21 19 | 10
#0650-d339 @A: 32 16 02 08 | 11
#0651-d339 @A: 06 15 07 03 | 02
#0652-d339 @A: 13 07 06 16 | 07
#0653-d339 @A: 23 07 15 27 | 12
#0654-d339 @A: 14 07 23 16 | 01
#0655-d339 @A: 14 15 07 12 | 04
#0656-d339 @A: 24 03 07 05 | 03
#0657-d339 @A: 05 30 07 14 | 06
#0658-d339 @A: 19 23 06 21 | 09
#0659-d339 @A: 23 34 06 18 | 05
#0660-d339 @A: 15 06 08 12 | 08
#0661-d339 @A: 14 16 21 06 | 10
#0662-d339 @A: 26 35 06 05 | 11
#0663-d339 @A: 05 06 30 21 | 02
#0664-d339 @A: 33 19 11 32 | 07
#0665-d339 @A: 14 19 30 23 | 12
#0666-d339 @A: 35 19 27 16 | 01
#0667-d339 @A: 35 19 34 05 | 04
#0668-d339 @A: 08 21 05 19 | 03
#0669-d339 @A: 15 22 23 33 | 06
#0670-d339 @A: 12 17 15 33 | 09
#0671-d339 @A: 03 16 33 32 | 05
#0672-d339 @A: 03 21 24 33 | 08
#0673-d339 @A: 27 26 33 17 | 10
#0674-d339 @A: 08 18 33 03 | 11
#0675-d339 @A: 23 11 31 15 | 02
#0676-d339 @A: 35 11 23 22 | 07
#0677-d339 @A: 23 08 34 27 | 12
#0678-d339 @A: 11 05 18 16 | 01
#0679-d339 @A: 35 32 11 18 | 04
#0680-d339 @A: 11 34 26 17 | 03
#0681-d339 @A: 13 32 03 11 | 06
#0682-d339 @A: 14 26 03 12 | 09
#0683-d339 @A: 12 34 08 32 | 05
#0684-d339 @A: 27 34 17 12 | 08
#0685-d339 @A: 15 35 18 24 | 10
#0686-d339 @A: 22 03 15 13 | 11
#0687-d339 @A: 27 31 26 13 | 02
#0688-d339 @A: 32 17 22 31 | 07
#0689-d339 @A: 34 13 08 31 | 12
#0690-d339 @A: 18 31 27 14 | 01
#0691-d339 @A: 27 31 21 05 | 04
#0692-d339 @A: 13 27 30 35 | 03
#0693-d339 @A: 17 30 18 26 | 06
#0694-d339 @A: 27 30 18 32 | 09
#0695-d339 @A: 13 31 10 25 | 05
#0696-d339 @A: 03 25 20 02 | 08
#0697-d339 @A: 23 25 16 20 | 10
#0698-d339 @A: 20 34 31 25 | 11
#0699-d339 @A: 27 28 25 04 | 02
#0700-d339 @A: 28 02 25 05 | 07
#0701-d339 @A: 25 01 21 31 | 12
#0702-d339 @A: 25 06 29 27 | 01
#0703-d339 @A: 15 22 29 25 | 04
#0704-d339 @A: 07 25 19 18 | 03
#0705-d339 @A: 07 03 23 25 | 06
#0706-d339 @A: 17 06 25 23 | 09
#0707-d339 @A: 27 25 32 19 | 05
#0708-d339 @A: 15 25 33 34 | 08
#0709-d339 @A: 30 16 23 25 | 10
#0710-d339 @A: 35 25 12 11 | 11
#0711-d339 @A: 35 31 25 16 | 02
#0712-d339 @A: 25 16 03 21 | 07
#0713-d339 @A: 13 30 25 24 | 12
#0714-d339 @A: 05 24 21 25 | 01
#0715-d339 @A: 09 11 10 27 | 04
#0716-d339 @A: 09 01 20 22 | 03
#0717-d339 @A: 34 09 08 20 | 06
#0718-d339 @A: 23 28 24 09 | 09
#0719-d339 @A: 17 32 01 09 | 05
#0720-d339 @A: 30 09 29 19 | 08
#0721-d339 @A: 34 29 09 31 | 10
#0722-d339 @A: 27 30 09 02 | 11
#0723-d339 @A: 18 33 06 09 | 02
#0724-d339 @A: 19 33 16 09 | 07
#0725-d339 @A: 35 14 09 19 | 12
#0726-d339 @A: 13 09 19 03 | 01
#0727-d339 @A: 26 18 12 09 | 04
#0728-d339 @A: 27 31 35 09 | 03
#0729-d339 @A: 27 26 09 32 | 06
#0730-d339 @A: 10 28 02 34 | 09
#0731-d339 @A: 24 04 10 01 | 05
#0732-d339 @A: 10 15 26 11 | 08
#0733-d339 @A: 14 35 10 24 | 10
#0734-d339 @A: 17 26 10 35 | 11
#0735-d339 @A: 10 24 27 34 | 02
#0736-d339 @A: 03 18 24 10 | 07
#0737-d339 @A: 22 24 10 05 | 12
#0738-d339 @A: 27 10 32 21 | 01
#0739-d339 @A: 08 22 14 10 | 04
#0740-d339 @A: 20 28 02 08 | 03
#0741-d339 @A: 28 20 16 06 | 06
#0742-d339 @A: 32 33 20 28 | 09
#0743-d339 @A: 17 15 20 28 | 05
#0744-d339 @A: 20 19 35 04 | 08
#0745-d339 @A: 21 16 04 20 | 10
#0746-d339 @A: 02 35 13 20 | 11
#0747-d339 @A: 20 13 02 30 | 02
#0748-d339 @A: 12 07 18 20 | 07
#0749-d339 @A: 26 06 12 20 | 12
#0750-d339 @A: 33 19 24 20 | 01
#0751-d339 @A: 11 05 19 20 | 04
#0752-d339 @A: 20 24 15 23 | 03
#0753-d339 @A: 18 27 16 20 | 06
#0754-d339 @A: 03 22 20 30 | 09
#0755-d339 @A: 04 28 08 33 | 05
#0756-d339 @A: 21 28 04 31 | 08
#0757-d339 @A: 04 22 18 28 | 10
#0758-d339 @A: 01 29 28 27 | 11
#0759-d339 @A: 28 08 29 31 | 02
#0760-d339 @A: 28 22 31 02 | 07
#0761-d339 @A: 03 33 28 27 | 12
#0762-d339 @A: 27 16 28 11 | 01
#0763-d339 @A: 15 18 28 30 | 04
#0764-d339 @A: 27 28 26 35 | 03
#0765-d339 @A: 28 27 22 32 | 06
#0766-d339 @A: 28 03 34 30 | 09
#0767-d339 @A: 01 22 04 11 | 05
#0768-d339 @A: 26 31 04 02 | 08
#0769-d339 @A: 06 07 04 32 | 10
#0770-d339 @A: 15 07 22 04 | 11
#0771-d339 @A: 31 13 07 04 | 02
#0772-d339 @A: 19 24 04 13 | 07
#0773-d339 @A: 32 19 03 04 | 12
#0774-d339 @A: 17 30 16 04 | 01
#0775-d339 @A: 27 04 26 14 | 04
#0776-d339 @A: 04 32 08 05 | 03
#0777-d339 @A: 04 05 18 21 | 06
#0778-d339 @A: 08 30 04 14 | 09
#0779-d339 @A: 01 05 12 02 | 05
#0780-d339 @A: 01 07 05 15 | 08
#0781-d339 @A: 24 19 16 01 | 10
#0782-d339 @A: 05 01 19 18 | 11
#0783-d339 @A: 01 32 14 12 | 02
#0784-d339 @A: 01 08 24 17 | 07
#0785-d339 @A: 01 34 26 30 | 12
#0786-d339 @A: 01 22 03 21 | 01
#0787-d339 @A: 31 29 02 21 | 04
#0788-d339 @A: 06 24 29 07 | 03
#0789-d339 @A: 19 32 29 15 | 06
#0790-d339 @A: 16 21 29 19 | 09
#0791-d339 @A: 21 12 35 29 | 05
#0792-d339 @A: 29 16 22 24 | 08
#0793-d339 @A: 14 34 08 29 | 10
#0794-d339 @A: 07 02 23 06 | 11
#0795-d339 @A: 06 24 02 32 | 02
#0796-d339 @A: 30 02 12 19 | 07
#0797-d339 @A: 02 15 33 27 | 12
#0798-d339 @A: 30 35 24 02 | 01
#0799-d339 @A: 02 26 32 14 | 04
#0800-d339 @A: 17 19 07 33 | 03
#0801-d339 @A: 15 19 13 07 | 06
#0802-d339 @A: 34 07 33 03 | 09
#0803-d339 @A: 27 30 07 16 | 05
#0804-d339 @A: 14 35 08 07 | 08
#0805-d339 @A: 26 22 34 07 | 10
#0806-d339 @A: 19 03 06 30 | 11
#0807-d339 @A: 30 06 27 33 | 02
#0808-d339 @A: 11 15 13 06 | 07
#0809-d339 @A: 13 06 08 27 | 12
#0810-d339 @A: 11 19 24 31 | 01
#0811-d339 @A: 31 30 27 19 | 04
#0812-d339 @A: 03 18 14 19 | 03
#0813-d339 @A: 23 34 26 33 | 06
#0814-d339 @A: 32 18 33 21 | 09
#0815-d339 @A: 33 27 05 18 | 05
#0816-d339 @A: 13 14 17 33 | 08
#0817-d339 @A: 21 23 11 03 | 10
#0818-d339 @A: 24 23 05 16 | 11
#0819-d339 @A: 35 26 13 23 | 02
#0820-d339 @A: 34 23 30 35 | 07
#0821-d339 @A: 27 05 26 23 | 12
#0822-d339 @A: 03 08 32 23 | 01
#0823-d339 @A: 23 08 13 14 | 04
#0824-d339 @A: 08 03 11 24 | 03
#0825-d339 @A: 11 14 26 05 | 06
#0826-d339 @A: 11 32 27 17 | 09
#0827-d339 @A: 14 11 08 17 | 05
#0828-d339 @A: 03 12 16 18 | 08
#0829-d339 @A: 05 14 17 12 | 10
#0830-d339 @A: 05 03 21 12 | 11
#0831-d339 @A: 31 15 05 34 | 02
#0832-d339 @A: 08 21 16 15 | 07
#0833-d339 @A: 03 24 34 15 | 12
#0834-d339 @A: 14 15 32 18 | 01
#0835-d339 @A: 32 21 30 15 | 04
#0836-d339 @A: 21 14 34 15 | 03
#0837-d339 @A: 15 30 17 27 | 06
#0838-d339 @A: 35 24 31 05 | 09
#0839-d339 @A: 26 22 31 08 | 05
#0840-d339 @A: 31 13 05 14 | 08
#0841-d339 @A: 30 16 26 14 | 10
#0842-d339 @A: 24 21 30 03 | 11
#0843-d339 @A: 32 23 25 09 | 02
#0844-d339 @A: 25 09 22 24 | 07
#0845-d339 @A: 09 34 26 25 | 12
#0846-d339 @A: 10 16 11 25 | 01
#0847-d339 @A: 28 25 22 20 | 04
#0848-d339 @A: 25 08 20 15 | 03
#0849-d339 @A: 34 28 25 18 | 06
#0850-d339 @A: 25 05 19 29 | 09
#0851-d339 @A: 29 23 35 25 | 05
#0852-d339 @A: 25 06 02 22 | 08
#0853-d339 @A: 02 25 15 31 | 10
#0854-d339 @A: 25 34 19 03 | 11
#0855-d339 @A: 25 08 18 16 | 02
#0856-d339 @A: 25 13 26 05 | 07
#0857-d339 @A: 13 14 03 25 | 12
#0858-d339 @A: 13 10 01 09 | 01
#0859-d339 @A: 10 07 18 09 | 04
#0860-d339 @A: 04 09 20 33 | 03
#0861-d339 @A: 06 09 24 20 | 06
#0862-d339 @A: 09 31 20 05 | 09
#0863-d339 @A: 09 16 29 28 | 05
#0864-d339 @A: 09 28 15 18 | 08
#0865-d339 @A: 31 24 09 04 | 10
#0866-d339 @A: 17 19 09 29 | 11
#0867-d339 @A: 23 29 09 08 | 02
#0868-d339 @A: 02 23 09 03 | 07
#0869-d339 @A: 09 02 14 15 | 12
#0870-d339 @A: 09 30 18 33 | 01
#0871-d339 @A: 30 23 09 26 | 04
#0872-d339 @A: 12 11 34 09 | 03
#0873-d339 @A: 16 24 09 08 | 06
#0874-d339 @A: 03 18 35 09 | 09
#0875-d339 @A: 35 09 21 13 | 05
#0876-d339 @A: 14 17 22 09 | 08
#0877-d339 @A: 17 10 19 20 | 10
#0878-d339 @A: 27 05 10 20 | 11
#0879-d339 @A: 33 07 10 28 | 02
#0880-d339 @A: 03 28 10 16 | 07
#0881-d339 @A: 29 10 21 04 | 12
#0882-d339 @A: 29 10 04 30 | 01
#0883-d339 @A: 35 01 10 30 | 04
#0884-d339 @A: 29 17 31 10 | 03
#0885-d339 @A: 15 10 02 32 | 06
#0886-d339 @A: 11 10 06 08 | 09
#0887-d339 @A: 23 03 10 19 | 05
#0888-d339 @A: 19 10 18 15 | 08
#0889-d339 @A: 34 31 19 10 | 10
#0890-d339 @A: 10 23 21 33 | 11
#0891-d339 @A: 33 10 17 05 | 02
#0892-d339 @A: 26 08 21 10 | 07
#0893-d339 @A: 20 26 11 28 | 12
#0894-d339 @A: 20 05 12 28 | 01
#0895-d339 @A: 20 04 24 11 | 04
#0896-d339 @A: 20 04 18 15 | 03
#0897-d339 @A: 07 19 14 20 | 06
#0898-d339 @A: 20 24 31 07 | 09
#0899-d339 @A: 22 06 11 20 | 05
#0900-d339 @A: 12 20 34 23 | 08
#0901-d339 @A: 24 30 20 31 | 10
#0902-d339 @A: 32 05 21 20 | 11
#0903-d339 @A: 20 17 08 05 | 02
#0904-d339 @A: 28 01 19 32 | 07
#0905-d339 @A: 30 27 28 01 | 12
#0906-d339 @A: 19 35 29 28 | 01
#0907-d339 @A: 21 33 06 28 | 04
#0908-d339 @A: 19 24 34 28 | 03
#0909-d339 @A: 33 35 12 28 | 06
#0910-d339 @A: 28 33 34 31 | 09
#0911-d339 @A: 15 28 22 11 | 05
#0912-d339 @A: 28 16 30 12 | 08
#0913-d339 @A: 32 15 28 26 | 10
#0914-d339 @A: 13 24 16 28 | 11
#0915-d339 @A: 18 16 14 28 | 02
#0916-d339 @A: 04 15 01 32 | 07
#0917-d339 @A: 02 04 12 06 | 12
#0918-d339 @A: 07 18 04 23 | 01
#0919-d339 @A: 07 04 30 35 | 04
#0920-d339 @A: 08 06 35 04 | 03
#0921-d339 @A: 04 12 19 14 | 06
#0922-d339 @A: 18 31 04 19 | 09
#0923-d339 @A: 11 04 16 32 | 05
#0924-d339 @A: 04 34 35 16 | 08
#0925-d339 @A: 32 27 13 04 | 10
#0926-d339 @A: 18 04 27 03 | 11
#0927-d339 @A: 14 18 08 04 | 02
#0928-d339 @A: 12 01 18 29 | 07
#0929-d339 @A: 15 01 29 17 | 12
#0930-d339 @A: 32 16 01 29 | 01
#0931-d339 @A: 31 02 08 01 | 04
#0932-d339 @A: 31 01 26 07 | 03
#0933-d339 @A: 06 01 33 32 | 06
#0934-d339 @A: 03 01 06 24 | 09
#0935-d339 @A: 06 01 26 21 | 05
#0936-d339 @A: 33 14 31 01 | 08
#0937-d339 @A: 23 24 01 11 | 10
#0938-d339 @A: 08 11 01 15 | 11
#0939-d339 @A: 16 01 05 27 | 02
#0940-d339 @A: 32 27 01 08 | 07
#0941-d339 @A: 21 30 13 01 | 12
#0942-d339 @A: 06 19 26 29 | 01
#0943-d339 @A: 26 29 15 12 | 04
#0944-d339 @A: 35 14 13 29 | 03
#0945-d339 @A: 11 07 24 02 | 06
#0946-d339 @A: 19 31 32 02 | 09
#0947-d339 @A: 18 02 33 23 | 05
#0948-d339 @A: 23 11 34 02 | 08
#0949-d339 @A: 35 12 26 02 | 10
#0950-d339 @A: 17 02 31 14 | 11
#0951-d339 @A: 16 02 35 05 | 02
#0952-d339 @A: 16 22 27 02 | 07
#0953-d339 @A: 02 27 14 13 | 12
#0954-d339 @A: 14 02 18 05 | 01
#0955-d339 @A: 07 05 06 19 | 04
#0956-d339 @A: 06 15 07 30 | 03
#0957-d339 @A: 07 18 33 15 | 06
#0958-d339 @A: 26 17 18 07 | 09
#0959-d339 @A: 07 05 18 22 | 05
#0960-d339 @A: 15 23 32 06 | 08
#0961-d339 @A: 12 13 06 17 | 10
#0962-d339 @A: 06 16 22 35 | 11
#0963-d339 @A: 19 26 15 33 | 02
#0964-d339 @A: 11 19 18 23 | 07
#0965-d339 @A: 16 30 05 19 | 12
#0966-d339 @A: 05 26 19 03 | 01
#0967-d339 @A: 22 18 19 30 | 04
#0968-d339 @A: 30 33 22 23 | 03
#0969-d339 @A: 35 24 33 27 | 06
#0970-d339 @A: 35 08 21 33 | 09
#0971-d339 @A: 22 33 13 27 | 05
#0972-d339 @A: 23 03 16 34 | 08
#0973-d339 @A: 34 24 35 23 | 10
#0974-d339 @A: 35 23 18 17 | 11
#0975-d339 @A: 08 23 26 24 | 02
#0976-d339 @A: 03 11 15 18 | 07
#0977-d339 @A: 11 13 22 26 | 12
#0978-d339 @A: 26 30 21 11 | 01
#0979-d339 @A: 21 11 32 08 | 04
#0980-d339 @A: 32 05 22 11 | 03
#0981-d339 @A: 11 30 34 22 | 06
#0982-d339 @A: 03 05 11 34 | 09
#0983-d339 @A: 35 34 14 12 | 05
#0984-d339 @A: 30 26 03 12 | 08
#0985-d339 @A: 30 27 21 12 | 10
#0986-d339 @A: 15 21 31 03 | 11
#0987-d339 @A: 15 32 34 35 | 02
#0988-d339 @A: 24 16 34 31 | 07
#0989-d339 @A: 16 31 13 03 | 12
#0990-d339 @A: 34 31 35 18 | 01
#0991-d339 @A: 03 22 31 34 | 04
#0992-d339 @A: 08 31 21 14 | 03
#0993-d339 @A: 08 30 16 03 | 06
#0994-d339 @A: 25 09 01 35 | 09
#0995-d339 @A: 09 07 17 25 | 05
#0996-d339 @A: 33 25 10 06 | 08
#0997-d339 @A: 18 14 25 10 | 10
#0998-d339 @A: 28 25 01 11 | 11
#0999-d339 @A: 06 34 04 25 | 02
#1000-d339 @A: 25 18 04 33 | 07
#1001-d339 @A: 23 25 04 21 | 12
#1002-d339 @A: 04 25 15 17 | 01
#1003-d339 @A: 01 25 33 05 | 04
#1004-d339 @A: 26 11 25 02 | 03
#1005-d339 @A: 07 08 12 25 | 06
#1006-d339 @A: 25 21 19 11 | 09
#1007-d339 @A: 25 12 22 23 | 05
#1008-d339 @A: 16 22 14 25 | 08
#1009-d339 @A: 18 22 35 25 | 10
#1010-d339 @A: 25 32 26 22 | 11
#1011-d339 @A: 31 03 10 09 | 02
#1012-d339 @A: 08 30 09 10 | 07
#1013-d339 @A: 09 28 13 02 | 12
#1014-d339 @A: 28 09 33 05 | 01
#1015-d339 @A: 15 09 30 04 | 04
#1016-d339 @A: 04 13 26 09 | 03
#1017-d339 @A: 06 03 29 09 | 06
#1018-d339 @A: 21 29 33 09 | 09
#1019-d339 @A: 31 16 02 09 | 05
#1020-d339 @A: 31 09 15 19 | 08
#1021-d339 @A: 13 11 23 09 | 10
#1022-d339 @A: 15 32 09 12 | 11
#1023-d339 @A: 30 09 17 12 | 02
#1024-d339 @A: 16 27 14 09 | 07
#1025-d339 @A: 07 10 20 30 | 12
#1026-d339 @A: 32 20 12 10 | 01
#1027-d339 @A: 28 10 24 30 | 04
#1028-d339 @A: 16 10 29 27 | 03
#1029-d339 @A: 10 02 30 11 | 06
#1030-d339 @A: 23 22 10 06 | 09
#1031-d339 @A: 30 10 23 31 | 05
#1032-d339 @A: 11 10 22 12 | 08
#1033-d339 @A: 13 10 12 15 | 10
#1034-d339 @A: 20 28 04 34 | 11
#1035-d339 @A: 13 29 04 20 | 02
#1036-d339 @A: 17 06 20 04 | 07
#1037-d339 @A: 23 21 29 20 | 12
#1038-d339 @A: 20 27 17 29 | 01
#1039-d339 @A: 02 20 21 27 | 04
#1040-d339 @A: 22 19 20 23 | 03
#1041-d339 @A: 33 11 23 20 | 06
#1042-d339 @A: 05 20 23 18 | 09
#1043-d339 @A: 27 12 20 08 | 05
#1044-d339 @A: 16 03 35 20 | 08
#1045-d339 @A: 16 20 17 26 | 10
#1046-d339 @A: 26 35 14 20 | 11
#1047-d339 @A: 03 24 20 32 | 02
#1048-d339 @A: 20 34 26 27 | 07
#1049-d339 @A: 20 14 13 34 | 12
#1050-d339 @A: 28 08 01 12 | 01
#1051-d339 @A: 18 01 17 28 | 04
#1052-d339 @A: 02 26 29 28 | 03
#1053-d339 @A: 02 07 28 18 | 06
#1054-d339 @A: 28 27 02 06 | 09
#1055-d339 @A: 23 19 12 28 | 05
#1056-d339 @A: 23 16 28 15 | 08
#1057-d339 @A: 23 31 35 28 | 10
#1058-d339 @A: 15 27 12 28 | 11
#1059-d339 @A: 13 30 28 08 | 02
#1060-d339 @A: 01 30 02 04 | 07
#1061-d339 @A: 19 04 01 06 | 12
#1062-d339 @A: 02 04 24 29 | 01
#1063-d339 @A: 04 29 07 14 | 04
#1064-d339 @A: 30 13 33 04 | 03
#1065-d339 @A: 04 23 12 30 | 06
#1066-d339 @A: 04 14 35 05 | 09
#1067-d339 @A: 03 34 21 04 | 05
#1068-d339 @A: 05 04 03 13 | 08
#1069-d339 @A: 07 13 01 23 | 10
#1070-d339 @A: 12 24 01 07 | 11
#1071-d339 @A: 14 06 01 11 | 02
#1072-d339 @A: 11 30 31 01 | 07
#1073-d339 @A: 01 21 12 17 | 12
#1074-d339 @A: 27 01 14 17 | 01
#1075-d339 @A: 29 05 06 33 | 04
#1076-d339 @A: 23 13 29 31 | 03
#1077-d339 @A: 31 03 29 18 | 06
#1078-d339 @A: 05 29 16 03 | 09
#1079-d339 @A: 29 35 24 03 | 05
#1080-d339 @A: 35 08 29 27 | 08
#1081-d339 @A: 07 02 31 35 | 10
#1082-d339 @A: 27 02 12 18 | 11
#1083-d339 @A: 34 24 18 02 | 02
#1084-d339 @A: 02 22 24 13 | 07
#1085-d339 @A: 03 34 02 26 | 12
#1086-d339 @A: 27 03 02 32 | 01
#1087-d339 @A: 11 17 15 07 | 04
#1088-d339 @A: 11 05 07 27 | 03
#1089-d339 @A: 07 08 24 15 | 06
#1090-d339 @A: 07 31 30 03 | 09
#1091-d339 @A: 24 32 07 18 | 05
#1092-d339 @A: 07 27 14 32 | 08
#1093-d339 @A: 21 34 27 07 | 10
#1094-d339 @A: 19 33 06 35 | 11
#1095-d339 @A: 31 26 33 06 | 02
#1096-d339 @A: 16 06 23 31 | 07
#1097-d339 @A: 06 11 34 31 | 12
#1098-d339 @A: 34 35 27 06 | 01
#1099-d339 @A: 08 06 35 30 | 04
#1100-d339 @A: 06 13 03 35 | 03
#1101-d339 @A: 27 18 32 06 | 06
#1102-d339 @A: 06 22 34 17 | 09
#1103-d339 @A: 08 23 19 31 | 05
#1104-d339 @A: 11 19 17 12 | 08
#1105-d339 @A: 11 13 19 27 | 10
#1106-d339 @A: 14 22 31 19 | 11
#1107-d339 @A: 32 19 30 35 | 02
#1108-d339 @A: 19 34 22 21 | 07
#1109-d339 @A: 31 17 33 23 | 12
#1110-d339 @A: 33 08 22 11 | 01
#1111-d339 @A: 33 26 16 05 | 04
#1112-d339 @A: 33 24 14 05 | 03
#1113-d339 @A: 32 22 33 14 | 06
#1114-d339 @A: 14 23 22 21 | 09
#1115-d339 @A: 35 26 16 11 | 05
#1116-d339 @A: 11 03 16 17 | 08
#1117-d339 @A: 11 35 05 30 | 10
#1118-d339 @A: 11 24 30 14 | 11
#1119-d339 @A: 16 13 12 26 | 02
#1120-d339 @A: 08 03 35 12 | 07
#1121-d339 @A: 13 15 03 30 | 12
#1122-d339 @A: 31 18 32 05 | 01
#1123-d339 @A: 31 30 14 18 | 04
#1124-d339 @A: 08 34 30 18 | 03
#1125-d339 @A: 25 09 10 05 | 06
#1126-d339 @A: 25 08 31 09 | 09
#1127-d339 @A: 10 29 25 01 | 05
#1128-d339 @A: 17 25 20 01 | 08
#1129-d339 @A: 21 25 33 20 | 10
#1130-d339 @A: 20 11 18 25 | 11
#1131-d339 @A: 12 13 20 25 | 02
#1132-d339 @A: 25 20 17 30 | 07
#1133-d339 @A: 01 16 25 06 | 12
#1134-d339 @A: 01 08 25 26 | 01
#1135-d339 @A: 34 25 02 07 | 04
#1136-d339 @A: 06 25 15 26 | 03
#1137-d339 @A: 11 25 17 33 | 06
#1138-d339 @A: 11 23 25 05 | 09
#1139-d339 @A: 05 14 25 32 | 05
#1140-d339 @A: 30 22 05 25 | 08
#1141-d339 @A: 20 09 16 10 | 10
#1142-d339 @A: 09 04 17 10 | 11
#1143-d339 @A: 10 08 19 09 | 02
#1144-d339 @A: 04 09 03 08 | 07
#1145-d339 @A: 30 01 09 16 | 12
#1146-d339 @A: 29 09 02 27 | 01
#1147-d339 @A: 29 24 15 09 | 04
#1148-d339 @A: 02 17 09 12 | 03
#1149-d339 @A: 09 06 17 26 | 06
#1150-d339 @A: 09 19 11 22 | 09
#1151-d339 @A: 09 33 22 31 | 05
#1152-d339 @A: 09 16 34 18 | 08
#1153-d339 @A: 17 09 27 21 | 10
#1154-d339 @A: 10 28 20 23 | 11
#1155-d339 @A: 10 20 29 18 | 02
#1156-d339 @A: 03 20 10 06 | 07
#1157-d339 @A: 01 10 18 11 | 12
#1158-d339 @A: 03 10 05 01 | 01
#1159-d339 @A: 02 05 31 10 | 04
#1160-d339 @A: 19 21 07 10 | 03
#1161-d339 @A: 03 35 07 10 | 06
#1162-d339 @A: 13 07 14 10 | 09
#1163-d339 @A: 10 13 16 19 | 05
#1164-d339 @A: 05 10 15 23 | 08
#1165-d339 @A: 10 23 16 18 | 10
#1166-d339 @A: 31 12 35 10 | 11
#1167-d339 @A: 34 21 35 10 | 02
#1168-d339 @A: 13 10 08 05 | 07
#1169-d339 @A: 31 14 20 04 | 12
#1170-d339 @A: 01 07 34 20 | 01
#1171-d339 @A: 05 35 20 29 | 04
#1172-d339 @A: 19 15 20 27 | 03
#1173-d339 @A: 33 20 35 34 | 06
#1174-d339 @A: 08 11 16 20 | 09
#1175-d339 @A: 20 21 24 08 | 05
#1176-d339 @A: 20 34 32 18 | 08
#1177-d339 @A: 21 20 03 18 | 10
#1178-d339 @A: 20 08 03 22 | 11
#1179-d339 @A: 01 02 28 23 | 02
#1180-d339 @A: 29 28 22 06 | 07
#1181-d339 @A: 28 18 23 29 | 12
#1182-d339 @A: 13 15 28 29 | 01
#1183-d339 @A: 14 07 28 06 | 04
#1184-d339 @A: 07 16 28 34 | 03
#1185-d339 @A: 23 08 06 28 | 06
#1186-d339 @A: 22 28 30 06 | 09
#1187-d339 @A: 13 28 12 11 | 05
#1188-d339 @A: 26 16 28 22 | 08
#1189-d339 @A: 17 16 08 28 | 10
#1190-d339 @A: 05 13 28 35 | 11
#1191-d339 @A: 21 32 28 24 | 02
#1192-d339 @A: 01 23 04 08 | 07
#1193-d339 @A: 04 11 02 27 | 12
#1194-d339 @A: 02 03 04 30 | 01
#1195-d339 @A: 04 06 26 30 | 04
#1196-d339 @A: 04 12 18 11 | 03
#1197-d339 @A: 31 34 30 04 | 06
#1198-d339 @A: 22 16 05 04 | 09
#1199-d339 @A: 32 04 17 35 | 05
#1200-d339 @A: 24 05 04 30 | 08
#1201-d339 @A: 27 06 22 01 | 10
#1202-d339 @A: 17 01 23 19 | 11
#1203-d339 @A: 16 01 33 23 | 02
#1204-d339 @A: 23 18 01 15 | 07
#1205-d339 @A: 31 23 01 05 | 12
#1206-d339 @A: 15 12 34 01 | 01
#1207-d339 @A: 01 31 34 27 | 04
#1208-d339 @A: 27 01 18 13 | 03
#1209-d339 @A: 19 02 29 18 | 06
#1210-d339 @A: 34 29 19 07 | 09
#1211-d339 @A: 07 12 32 29 | 05
#1212-d339 @A: 35 06 31 29 | 08
#1213-d339 @A: 31 29 15 33 | 10
#1214-d339 @A: 18 08 15 29 | 11
#1215-d339 @A: 29 24 32 08 | 02
#1216-d339 @A: 29 18 13 30 | 07
#1217-d339 @A: 02 06 11 05 | 12
#1218-d339 @A: 12 02 21 23 | 01
#1219-d339 @A: 27 23 31 02 | 04
#1220-d339 @A: 15 16 12 02 | 03
#1221-d339 @A: 24 02 27 08 | 06
#1222-d339 @A: 21 34 02 13 | 09
#1223-d339 @A: 21 17 03 02 | 05
#1224-d339 @A: 12 11 21 07 | 08
#1225-d339 @A: 07 35 32 22 | 10
#1226-d339 @A: 35 13 17 07 | 11
#1227-d339 @A: 07 34 32 05 | 02
#1228-d339 @A: 07 05 21 14 | 07
#1229-d339 @A: 24 06 35 11 | 12
#1230-d339 @A: 06 31 05 22 | 01
#1231-d339 @A: 27 06 17 16 | 04
#1232-d339 @A: 14 24 08 06 | 03
#1233-d339 @A: 22 13 18 06 | 06
#1234-d339 @A: 03 12 19 15 | 09
#1235-d339 @A: 13 19 08 12 | 05
#1236-d339 @A: 03 22 19 16 | 08
#1237-d339 @A: 19 35 22 17 | 10
#1238-d339 @A: 08 14 19 32 | 11
#1239-d339 @A: 13 32 19 22 | 02
#1240-d339 @A: 27 34 14 19 | 07
#1241-d339 @A: 08 23 33 05 | 12
#1242-d339 @A: 33 15 11 21 | 01
#1243-d339 @A: 16 21 27 33 | 04
#1244-d339 @A: 17 24 33 30 | 03
#1245-d339 @A: 13 34 05 33 | 06
#1246-d339 @A: 15 23 12 35 | 09
#1247-d339 @A: 27 24 23 18 | 05
#1248-d339 @A: 13 03 23 24 | 08
#1249-d339 @A: 23 03 05 17 | 10
#1250-d339 @A: 18 11 27 34 | 11
#1251-d339 @A: 21 11 22 27 | 02
#1252-d339 @A: 16 12 24 21 | 07
#1253-d339 @A: 21 12 27 26 | 12
#1254-d339 @A: 22 26 17 12 | 01
#1255-d339 @A: 18 12 17 32 | 04
#1256-d339 @A: 15 30 16 35 | 03
#1257-d339 @A: 08 15 35 13 | 06
#1258-d339 @A: 27 14 15 24 | 09
#1259-d339 @A: 15 27 18 21 | 05
#1260-d339 @A: 16 30 22 31 | 08
#1261-d339 @A: 27 17 03 31 | 10
#1262-d339 @A: 09 28 21 25 | 11
#1263-d339 @A: 25 04 10 26 | 02
#1264-d339 @A: 10 24 25 19 | 07
#1265-d339 @A: 15 10 25 27 | 12
#1266-d339 @A: 14 31 28 25 | 01
#1267-d339 @A: 16 04 19 25 | 04
#1268-d339 @A: 03 11 04 25 | 03
#1269-d339 @A: 04 31 25 05 | 06
#1270-d339 @A: 02 24 25 23 | 09
#1271-d339 @A: 07 25 06 11 | 05
#1272-d339 @A: 21 15 07 25 | 08
#1273-d339 @A: 26 25 12 33 | 10
#1274-d339 @A: 03 31 25 33 | 11
#1275-d339 @A: 35 32 21 25 | 02
#1276-d339 @A: 34 24 25 32 | 07
#1277-d339 @A: 18 27 25 26 | 12
#1278-d339 @A: 17 25 21 26 | 01
#1279-d339 @A: 29 26 09 10 | 04
#1280-d339 @A: 11 20 09 21 | 03
#1281-d339 @A: 09 28 17 31 | 06
#1282-d339 @A: 04 18 09 32 | 09
#1283-d339 @A: 01 15 09 26 | 05
#1284-d339 @A: 15 07 34 09 | 08
#1285-d339 @A: 23 26 09 31 | 10
#1286-d339 @A: 05 15 11 09 | 11
#1287-d339 @A: 09 35 16 15 | 02
#1288-d339 @A: 30 09 13 31 | 07
#1289-d339 @A: 16 32 09 21 | 12
#1290-d339 @A: 32 03 09 34 | 01
#1291-d339 @A: 18 27 09 08 | 04
#1292-d339 @A: 10 04 08 20 | 03
#1293-d339 @A: 20 22 10 34 | 06
#1294-d339 @A: 13 10 28 04 | 09
#1295-d339 @A: 10 35 02 01 | 05
#1296-d339 @A: 12 10 29 19 | 08
#1297-d339 @A: 02 27 07 10 | 10
#1298-d339 @A: 15 07 16 10 | 11
#1299-d339 @A: 10 06 35 32 | 02
#1300-d339 @A: 03 11 10 33 | 07
#1301-d339 @A: 34 13 11 10 | 12
#1302-d339 @A: 34 10 16 32 | 01
#1303-d339 @A: 10 24 13 32 | 04
#1304-d339 @A: 30 26 27 10 | 03
#1305-d339 @A: 08 03 34 10 | 06
#1306-d339 @A: 14 10 17 21 | 09
#1307-d339 @A: 20 21 14 28 | 05
#1308-d339 @A: 26 20 04 01 | 08
#1309-d339 @A: 20 04 30 32 | 10
#1310-d339 @A: 20 06 01 05 | 11
#1311-d339 @A: 20 01 15 16 | 02
#1312-d339 @A: 07 33 20 08 | 07
#1313-d339 @A: 18 19 20 06 | 12
#1314-d339 @A: 20 34 06 21 | 01
#1315-d339 @A: 20 12 19 16 | 04
#1316-d339 @A: 23 08 20 35 | 03
#1317-d339 @A: 16 24 20 14 | 06
#1318-d339 @A: 17 20 14 32 | 09
#1319-d339 @A: 21 18 30 20 | 05
#1320-d339 @A: 28 26 06 04 | 08
#1321-d339 @A: 12 28 16 04 | 10
#1322-d339 @A: 33 11 29 28 | 11
#1323-d339 @A: 11 28 03 07 | 02
#1324-d339 @A: 14 28 15 33 | 07
#1325-d339 @A: 11 35 28 17 | 12
#1326-d339 @A: 18 12 28 31 | 01
#1327-d339 @A: 28 26 05 18 | 04
#1328-d339 @A: 34 17 28 32 | 03
#1329-d339 @A: 30 17 14 28 | 06
#1330-d339 @A: 17 01 04 33 | 09
#1331-d339 @A: 31 03 04 01 | 05
#1332-d339 @A: 27 29 33 04 | 08
#1333-d339 @A: 33 04 16 02 | 10
#1334-d339 @A: 04 35 03 02 | 11
#1335-d339 @A: 04 16 07 26 | 02
#1336-d339 @A: 23 04 19 05 | 07
#1337-d339 @A: 23 15 26 04 | 12
#1338-d339 @A: 34 26 04 32 | 01
#1339-d339 @A: 06 08 01 29 | 04
#1340-d339 @A: 34 29 33 01 | 03
#1341-d339 @A: 22 01 23 29 | 06
#1342-d339 @A: 17 06 02 01 | 09
#1343-d339 @A: 19 07 01 08 | 05
#1344-d339 @A: 35 33 01 11 | 08
#1345-d339 @A: 11 01 13 05 | 10
#1346-d339 @A: 16 03 08 01 | 11
#1347-d339 @A: 18 35 01 08 | 02
#1348-d339 @A: 14 21 18 01 | 07
#1349-d339 @A: 21 22 29 07 | 12
#1350-d339 @A: 19 29 24 23 | 01
#1351-d339 @A: 29 12 24 27 | 04
#1352-d339 @A: 13 17 16 29 | 03
#1353-d339 @A: 29 24 08 30 | 06
#1354-d339 @A: 12 22 07 02 | 09
#1355-d339 @A: 13 26 06 02 | 05
#1356-d339 @A: 08 21 06 02 | 08
#1357-d339 @A: 02 24 05 19 | 10
#1358-d339 @A: 26 02 27 19 | 11
#1359-d339 @A: 02 12 11 03 | 02
#1360-d339 @A: 11 13 02 31 | 07
#1361-d339 @A: 08 31 30 02 | 12
#1362-d339 @A: 34 02 14 16 | 01
#1363-d339 @A: 17 27 35 02 | 04
#1364-d339 @A: 07 21 06 35 | 03
#1365-d339 @A: 07 31 19 16 | 06
#1366-d339 @A: 33 12 16 07 | 09
#1367-d339 @A: 11 07 08 23 | 05
#1368-d339 @A: 11 31 14 07 | 08
#1369-d339 @A: 03 31 07 12 | 10
#1370-d339 @A: 12 27 13 07 | 11
#1371-d339 @A: 08 07 05 16 | 02
#1372-d339 @A: 26 07 13 32 | 07
#1373-d339 @A: 19 03 11 06 | 12
#1374-d339 @A: 06 12 23 27 | 01
#1375-d339 @A: 35 14 17 06 | 04
#1376-d339 @A: 30 06 34 32 | 03
#1377-d339 @A: 32 22 08 06 | 06
#1378-d339 @A: 19 31 33 05 | 09
#1379-d339 @A: 21 12 19 32 | 05
#1380-d339 @A: 24 35 32 19 | 08
#1381-d339 @A: 08 26 35 19 | 10
#1382-d339 @A: 19 13 18 35 | 11
#1383-d339 @A: 27 24 19 03 | 02
#1384-d339 @A: 24 19 08 22 | 07
#1385-d339 @A: 19 34 26 13 | 12
#1386-d339 @A: 22 19 26 18 | 01
#1387-d339 @A: 19 21 13 14 | 04
#1388-d339 @A: 17 33 18 16 | 03
#1389-d339 @A: 11 14 27 23 | 06
#1390-d339 @A: 12 18 23 14 | 09
#1391-d339 @A: 32 23 16 35 | 05
#1392-d339 @A: 30 32 24 23 | 08
#1393-d339 @A: 30 34 23 13 | 10
#1394-d339 @A: 05 21 34 23 | 11
#1395-d339 @A: 13 05 23 22 | 02
#1396-d339 @A: 16 11 14 13 | 07
#1397-d339 @A: 08 11 30 32 | 12
#1398-d339 @A: 22 05 15 12 | 01
#1399-d339 @A: 24 12 14 13 | 04
#1400-d339 @A: 15 16 32 24 | 03
#1401-d339 @A: 35 17 21 15 | 06
#1402-d339 @A: 24 15 05 13 | 09
#1403-d339 @A: 08 22 34 15 | 05
#1404-d339 @A: 18 17 05 15 | 08
#1405-d339 @A: 21 31 16 22 | 10
#1406-d339 @A: 31 35 22 13 | 11
#1407-d339 @A: 20 09 25 27 | 02
#1408-d339 @A: 09 25 19 06 | 07
#1409-d339 @A: 13 25 09 33 | 12
#1410-d339 @A: 30 03 10 25 | 01
#1411-d339 @A: 25 33 16 28 | 04
#1412-d339 @A: 12 32 25 28 | 03
#1413-d339 @A: 23 01 34 25 | 06
#1414-d339 @A: 15 13 25 01 | 09
#1415-d339 @A: 17 25 12 29 | 05
#1416-d339 @A: 18 32 02 25 | 08
#1417-d339 @A: 25 30 02 18 | 10
#1418-d339 @A: 25 19 17 31 | 11
#1419-d339 @A: 11 25 15 32 | 02
#1420-d339 @A: 12 27 25 03 | 07
#1421-d339 @A: 25 13 35 34 | 12
#1422-d339 @A: 21 27 13 25 | 01
#1423-d339 @A: 08 25 21 22 | 04
#1424-d339 @A: 32 33 09 10 | 03
#1425-d339 @A: 27 01 04 09 | 06
#1426-d339 @A: 23 01 09 21 | 09
#1427-d339 @A: 21 07 31 09 | 05
#1428-d339 @A: 12 09 19 05 | 08
#1429-d339 @A: 11 17 09 24 | 10
#1430-d339 @A: 35 32 08 09 | 11
#1431-d339 @A: 32 24 09 14 | 02
#1432-d339 @A: 10 21 20 01 | 07
#1433-d339 @A: 26 24 20 10 | 12
#1434-d339 @A: 28 32 29 10 | 01
#1435-d339 @A: 19 14 28 10 | 04
#1436-d339 @A: 04 06 10 14 | 03
#1437-d339 @A: 35 23 04 10 | 06
#1438-d339 @A: 33 10 08 01 | 09
#1439-d339 @A: 34 29 15 10 | 05
#1440-d339 @A: 29 35 22 10 | 08
#1441-d339 @A: 30 10 16 06 | 10
#1442-d339 @A: 10 31 23 14 | 11
#1443-d339 @A: 10 30 13 12 | 02
#1444-d339 @A: 10 08 35 16 | 07
#1445-d339 @A: 07 20 28 29 | 12
#1446-d339 @A: 18 35 28 20 | 01
#1447-d339 @A: 04 03 20 07 | 04
#1448-d339 @A: 19 01 03 20 | 03
#1449-d339 @A: 12 20 01 30 | 06
#1450-d339 @A: 20 31 01 13 | 09
#1451-d339 @A: 06 29 32 20 | 05
#1452-d339 @A: 20 29 03 11 | 08
#1453-d339 @A: 20 24 02 12 | 10
#1454-d339 @A: 15 12 20 21 | 11
#1455-d339 @A: 20 15 26 03 | 02
#1456-d339 @A: 30 26 35 20 | 07
#1457-d339 @A: 24 05 34 20 | 12
#1458-d339 @A: 22 14 18 20 | 01
#1459-d339 @A: 28 07 04 24 | 04
#1460-d339 @A: 28 05 29 21 | 03
#1461-d339 @A: 02 28 19 16 | 06
#1462-d339 @A: 12 26 07 28 | 09
#1463-d339 @A: 11 06 18 28 | 05
#1464-d339 @A: 23 33 28 13 | 08
#1465-d339 @A: 28 05 31 11 | 10
#1466-d339 @A: 35 21 28 16 | 11
#1467-d339 @A: 28 18 35 30 | 02
#1468-d339 @A: 26 21 34 28 | 07
#1469-d339 @A: 17 22 21 28 | 12
#1470-d339 @A: 13 28 22 14 | 01
#1471-d339 @A: 05 03 22 28 | 04
#1472-d339 @A: 19 29 04 22 | 03
#1473-d339 @A: 26 11 29 04 | 06
#1474-d339 @A: 29 04 03 12 | 09
#1475-d339 @A: 31 11 04 08 | 05
#1476-d339 @A: 22 04 14 34 | 08
#1477-d339 @A: 01 21 32 02 | 10
#1478-d339 @A: 01 30 33 07 | 11
#1479-d339 @A: 03 15 01 33 | 02
#1480-d339 @A: 35 16 14 01 | 07
#1481-d339 @A: 30 01 24 17 | 12
#1482-d339 @A: 29 02 33 08 | 01
#1483-d339 @A: 29 30 16 02 | 04
#1484-d339 @A: 07 23 33 29 | 03
#1485-d339 @A: 31 05 29 07 | 06
#1486-d339 @A: 06 29 14 23 | 09
#1487-d339 @A: 32 23 27 29 | 05
#1488-d339 @A: 14 31 12 29 | 08
#1489-d339 @A: 35 29 18 16 | 10
#1490-d339 @A: 26 21 29 03 | 11
#1491-d339 @A: 05 22 29 08 | 02
#1492-d339 @A: 26 15 02 07 | 07
#1493-d339 @A: 07 02 30 22 | 12
#1494-d339 @A: 06 02 19 14 | 01
#1495-d339 @A: 33 31 24 02 | 04
#1496-d339 @A: 02 15 30 23 | 03
#1497-d339 @A: 03 02 24 16 | 06
#1498-d339 @A: 26 24 17 02 | 09
#1499-d339 @A: 17 30 05 02 | 05
#1500-d339 @A: 07 17 23 22 | 08
#1501-d339 @A: 07 03 27 16 | 10
#1502-d339 @A: 18 21 16 07 | 11
#1503-d339 @A: 26 07 24 21 | 02
#1504-d339 @A: 17 07 34 08 | 07
#1505-d339 @A: 06 26 32 16 | 12
#1506-d339 @A: 34 16 06 05 | 01
#1507-d339 @A: 34 12 33 19 | 04
#1508-d339 @A: 19 16 11 15 | 03
#1509-d339 @A: 19 24 21 17 | 06
#1510-d339 @A: 05 30 19 13 | 09
#1511-d339 @A: 31 11 33 18 | 05
#1512-d339 @A: 12 08 33 31 | 08
#1513-d339 @A: 32 33 05 35 | 10
#1514-d339 @A: 23 11 30 27 | 11
#1515-d339 @A: 21 23 32 26 | 02
#1516-d339 @A: 26 18 23 03 | 07
#1517-d339 @A: 23 32 13 18 | 12
#1518-d339 @A: 11 16 13 30 | 01
#1519-d339 @A: 12 08 14 16 | 04
#1520-d339 @A: 26 12 34 24 | 03
#1521-d339 @A: 05 24 08 12 | 06
#1522-d339 @A: 15 16 31 17 | 09
#1523-d339 @A: 15 31 32 08 | 05
#1524-d339 @A: 13 15 34 16 | 08
#1525-d339 @A: 18 34 26 15 | 10
#1526-d339 @A: 15 22 30 14 | 11
#1527-d339 @A: 26 16 18 31 | 02
#1528-d339 @A: 31 14 16 32 | 07
#1529-d339 @A: 26 31 34 14 | 12
#1530-d339 @A: 30 05 31 26 | 01
#1531-d339 @A: 22 35 21 30 | 04
#1532-d339 @A: 22 26 13 30 | 03
#1533-d339 @A: 20 25 10 35 | 06
#1534-d339 @A: 28 25 10 17 | 09
#1535-d339 @A: 20 29 24 25 | 05
#1536-d339 @A: 23 25 28 26 | 08
#1537-d339 @A: 01 12 04 25 | 10
#1538-d339 @A: 30 21 25 04 | 11
#1539-d339 @A: 25 27 01 02 | 02
#1540-d339 @A: 02 14 29 25 | 07
#1541-d339 @A: 12 25 05 06 | 12
#1542-d339 @A: 06 08 03 25 | 01
#1543-d339 @A: 25 13 19 23 | 04
#1544-d339 @A: 14 12 30 25 | 03
#1545-d339 @A: 25 34 16 27 | 06
#1546-d339 @A: 25 27 35 14 | 09
#1547-d339 @A: 30 26 08 25 | 05
#1548-d339 @A: 17 32 25 08 | 08
#1549-d339 @A: 27 22 25 17 | 10
#1550-d339 @A: 23 34 09 10 | 11
#1551-d339 @A: 19 32 09 20 | 02
#1552-d339 @A: 14 09 04 28 | 07
#1553-d339 @A: 21 15 04 09 | 12
#1554-d339 @A: 14 29 01 09 | 01
#1555-d339 @A: 12 09 06 01 | 04
#1556-d339 @A: 09 02 06 35 | 03
#1557-d339 @A: 02 11 09 18 | 06
#1558-d339 @A: 09 14 07 33 | 09
#1559-d339 @A: 09 23 06 05 | 05
#1560-d339 @A: 09 19 18 21 | 08
#1561-d339 @A: 09 33 11 26 | 10
#1562-d339 @A: 23 15 17 09 | 11
#1563-d339 @A: 31 13 12 09 | 02
#1564-d339 @A: 16 26 03 09 | 07
#1565-d339 @A: 13 16 09 22 | 12
#1566-d339 @A: 17 09 13 08 | 01
#1567-d339 @A: 10 28 21 12 | 04
#1568-d339 @A: 26 10 28 31 | 03
#1569-d339 @A: 04 10 33 19 | 06
#1570-d339 @A: 01 10 16 12 | 09
#1571-d339 @A: 14 01 15 10 | 05
#1572-d339 @A: 08 07 29 10 | 08
#1573-d339 @A: 29 13 06 10 | 10
#1574-d339 @A: 06 10 24 12 | 11
#1575-d339 @A: 26 12 10 23 | 02
#1576-d339 @A: 18 10 21 22 | 07
#1577-d339 @A: 21 13 10 03 | 12
#1578-d339 @A: 28 27 31 20 | 01
#1579-d339 @A: 04 05 20 02 | 04
#1580-d339 @A: 04 22 20 12 | 03
#1581-d339 @A: 08 20 19 29 | 06
#1582-d339 @A: 29 20 31 22 | 09
#1583-d339 @A: 29 34 16 20 | 05
#1584-d339 @A: 02 22 15 20 | 08
#1585-d339 @A: 20 26 07 23 | 10
#1586-d339 @A: 07 21 17 20 | 11
#1587-d339 @A: 30 20 26 19 | 02
#1588-d339 @A: 12 03 20 33 | 07
#1589-d339 @A: 33 31 20 16 | 12
#1590-d339 @A: 14 20 12 11 | 01
#1591-d339 @A: 20 11 17 13 | 04
#1592-d339 @A: 13 18 20 24 | 03
#1593-d339 @A: 20 32 13 08 | 06
#1594-d339 @A: 21 15 28 01 | 09
#1595-d339 @A: 28 02 33 17 | 05
#1596-d339 @A: 11 28 02 21 | 08
#1597-d339 @A: 07 15 28 31 | 10
#1598-d339 @A: 07 28 17 05 | 11
#1599-d339 @A: 19 21 28 27 | 02
#1600-d339 @A: 13 32 28 31 | 07
#1601-d339 @A: 16 28 05 32 | 12
#1602-d339 @A: 08 13 28 26 | 01
#1603-d339 @A: 08 03 21 28 | 04
#1604-d339 @A: 02 04 23 14 | 03
#1605-d339 @A: 04 12 07 17 | 06
#1606-d339 @A: 04 23 06 24 | 09
#1607-d339 @A: 21 11 06 04 | 05
#1608-d339 @A: 32 04 23 33 | 08
#1609-d339 @A: 14 04 03 33 | 10
#1610-d339 @A: 34 05 12 04 | 11
#1611-d339 @A: 04 14 17 16 | 02
#1612-d339 @A: 02 22 33 01 | 07
#1613-d339 @A: 26 12 01 11 | 12
#1614-d339 @A: 22 12 31 01 | 01
#1615-d339 @A: 16 01 26 34 | 04
#1616-d339 @A: 16 01 13 21 | 03
#1617-d339 @A: 01 17 13 26 | 06
#1618-d339 @A: 01 22 18 32 | 09
#1619-d339 @A: 03 18 30 01 | 05
#1620-d339 @A: 08 01 13 22 | 08
#1621-d339 @A: 02 12 29 13 | 10
#1622-d339 @A: 15 05 29 02 | 11
#1623-d339 @A: 06 12 16 29 | 02
#1624-d339 @A: 15 21 06 29 | 07
#1625-d339 @A: 19 29 11 14 | 12
#1626-d339 @A: 12 29 22 33 | 01
#1627-d339 @A: 29 33 30 15 | 04
#1628-d339 @A: 30 21 29 23 | 03
#1629-d339 @A: 08 12 11 29 | 06
#1630-d339 @A: 11 31 16 29 | 09
#1631-d339 @A: 22 29 14 26 | 05
#1632-d339 @A: 34 22 13 29 | 08
#1633-d339 @A: 11 33 02 14 | 10
#1634-d339 @A: 33 02 03 05 | 11
#1635-d339 @A: 08 15 23 02 | 02
#1636-d339 @A: 02 22 26 23 | 07
#1637-d339 @A: 02 05 32 23 | 12
#1638-d339 @A: 26 32 30 02 | 01
#1639-d339 @A: 34 07 06 12 | 04
#1640-d339 @A: 19 07 32 23 | 03
#1641-d339 @A: 33 07 31 32 | 06
#1642-d339 @A: 11 16 22 07 | 09
#1643-d339 @A: 17 16 07 32 | 05
#1644-d339 @A: 07 27 24 17 | 08
#1645-d339 @A: 24 22 07 14 | 10
#1646-d339 @A: 07 21 03 32 | 11
#1647-d339 @A: 18 07 03 13 | 02
#1648-d339 @A: 07 08 21 13 | 07
#1649-d339 @A: 19 08 16 06 | 12
#1650-d339 @A: 06 34 19 32 | 01
#1651-d339 @A: 33 06 16 15 | 04
#1652-d339 @A: 30 23 06 18 | 03
#1653-d339 @A: 14 18 26 06 | 06
#1654-d339 @A: 32 13 14 06 | 09
#1655-d339 @A: 06 27 21 03 | 05
#1656-d339 @A: 33 14 19 23 | 08
#1657-d339 @A: 19 26 12 31 | 10
#1658-d339 @A: 24 12 18 19 | 11
#1659-d339 @A: 17 15 14 19 | 02
#1660-d339 @A: 16 19 17 34 | 07
#1661-d339 @A: 19 18 08 34 | 12
#1662-d339 @A: 30 17 19 34 | 01
#1663-d339 @A: 33 11 24 16 | 04
#1664-d339 @A: 31 21 33 13 | 03
#1665-d339 @A: 14 21 26 33 | 06
#1666-d339 @A: 34 27 33 32 | 09
#1667-d339 @A: 23 12 08 17 | 05
#1668-d339 @A: 24 17 23 14 | 08
#1669-d339 @A: 18 11 21 26 | 10
#1670-d339 @A: 32 12 13 35 | 11
#1671-d339 @A: 12 26 05 32 | 02
#1672-d339 @A: 12 32 05 30 | 07
#1673-d339 @A: 22 14 12 27 | 12
#1674-d339 @A: 35 14 31 15 | 01
#1675-d339 @A: 24 31 26 15 | 04
#1676-d339 @A: 31 18 13 15 | 03
#1677-d339 @A: 14 03 15 16 | 06
#1678-d339 @A: 26 22 15 35 | 09
#1679-d339 @A: 13 26 14 15 | 05
#1680-d339 @A: 05 14 15 08 | 08
#1681-d339 @A: 08 27 16 31 | 10
#1682-d339 @A: 26 21 35 31 | 11
#1683-d339 @A: 31 24 17 13 | 02
#1684-d339 @A: 14 03 31 24 | 07
#1685-d339 @A: 17 21 31 18 | 12
#1686-d339 @A: 05 31 08 03 | 01
#1687-d339 @A: 30 21 16 34 | 04
#1688-d339 @A: 30 26 24 22 | 03
#1689-d339 @A: 30 13 32 14 | 06
