#0001-d147 @A: 31 30 34 27 | 11
#0002-d147 @A: 23 30 09 02 | 01
#0003-d147 @A: 03 02 15 30 | 04
#0004-d147 @A: 13 33 27 30 | 05
#0005-d147 @A: 16 30 12 09 | 08
#0006-d147 @A: 30 28 16 29 | 03
#0007-d147 @A: 35 30 23 32 | 07
#0008-d147 @A: 35 31 30 29 | 12
#0009-d147 @A: 15 30 20 35 | 06
#0010-d147 @A: 30 05 29 11 | 02
#0011-d147 @A: 30 22 05 27 | 09
#0012-d147 @A: 07 21 30 12 | 10
#0013-d147 @A: 12 28 30 14 | 11
#0014-d147 @A: 19 27 30 14 | 01
#0015-d147 @A: 30 28 24 11 | 04
#0016-d147 @A: 31 34 23 02 | 05
#0017-d147 @A: 34 33 07 32 | 08
#0018-d147 @A: 33 34 10 29 | 03
#0019-d147 @A: 34 07 09 10 | 07
#0020-d147 @A: 09 32 08 34 | 12
#0021-d147 @A: 35 34 14 23 | 06
#0022-d147 @A: 05 23 10 34 | 02
#0023-d147 @A: 34 28 07 35 | 09
#0024-d147 @A: 01 24 03 34 | 10
#0025-d147 @A: 34 12 07 03 | 11
#0026-d147 @A: 24 08 34 06 | 01
#0027-d147 @A: 04 01 32 34 | 04
#0028-d147 @A: 13 31 34 07 | 05
#0029-d147 @A: 34 21 20 07 | 08
#0030-d147 @A: 27 12 34 29 | 03
#0031-d147 @A: 22 34 29 18 | 07
#0032-d147 @A: 34 24 10 27 | 12
#0033-d147 @A: 21 34 15 08 | 06
#0034-d147 @A: 18 27 32 34 | 02
#0035-d147 @A: 02 33 05 17 | 09
#0036-d147 @A: 25 02 08 24 | 10
#0037-d147 @A: 16 23 02 10 | 11
#0038-d147 @A: 02 14 16 12 | 01
#0039-d147 @A: 02 35 15 22 | 04
#0040-d147 @A: 01 03 02 10 | 05
#0041-d147 @A: 02 17 32 03 | 08
#0042-d147 @A: 26 02 06 29 | 03
#0043-d147 @A: 29 17 02 27 | 07
#0044-d147 @A: 17 02 14 04 | 12
#0045-d147 @A: 28 20 24 02 | 06
#0046-d147 @A: 15 02 14 10 | 02
#0047-d147 @A: 27 08 02 32 | 09
#0048-d147 @A: 33 18 25 12 | 10
#0049-d147 @A: 33 13 32 16 | 11
#0050-d147 @A: 23 33 26 01 | 01
#0051-d147 @A: 03 19 33 35 | 04
#0052-d147 @A: 15 29 33 35 | 05
#0053-d147 @A: 33 35 04 17 | 08
#0054-d147 @A: 21 03 33 17 | 03
#0055-d147 @A: 04 33 05 27 | 07
#0056-d147 @A: 05 32 33 14 | 12
#0057-d147 @A: 29 12 33 32 | 06
#0058-d147 @A: 29 11 17 33 | 02
#0059-d147 @A: 04 21 33 10 | 09
#0060-d147 @A: 01 25 15 09 | 10
#0061-d147 @A: 09 25 19 13 | 11
#0062-d147 @A: 21 06 23 25 | 01
#0063-d147 @A: 14 25 35 06 | 04
#0064-d147 @A: 10 08 35 25 | 05
#0065-d147 @A: 10 07 03 25 | 08
#0066-d147 @A: 03 25 22 13 | 03
#0067-d147 @A: 25 03 18 11 | 07
#0068-d147 @A: 29 20 06 25 | 12
#0069-d147 @A: 24 01 25 27 | 06
#0070-d147 @A: 15 25 31 22 | 02
#0071-d147 @A: 15 18 19 25 | 09
#0072-d147 @A: 26 19 25 11 | 10
#0073-d147 @A: 31 10 27 25 | 11
#0074-d147 @A: 14 23 05 16 | 01
#0075-d147 @A: 16 27 07 23 | 04
#0076-d147 @A: 35 28 04 16 | 05
#0077-d147 @A: 16 03 17 13 | 08
#0078-d147 @A: 24 07 06 16 | 03
#0079-d147 @A: 16 26 04 06 | 07
#0080-d147 @A: 18 16 27 12 | 12
#0081-d147 @A: 16 28 24 21 | 06
#0082-d147 @A: 27 28 16 10 | 02
#0083-d147 @A: 16 10 20 18 | 09
#0084-d147 @A: 23 26 06 09 | 10
#0085-d147 @A: 23 09 17 01 | 11
#0086-d147 @A: 17 35 28 09 | 01
#0087-d147 @A: 03 12 24 09 | 04
#0088-d147 @A: 29 11 09 13 | 05
#0089-d147 @A: 09 11 10 12 | 08
#0090-d147 @A: 22 04 09 14 | 03
#0091-d147 @A: 10 09 04 18 | 07
#0092-d147 @A: 09 15 14 26 | 12
#0093-d147 @A: 23 05 26 35 | 06
#0094-d147 @A: 21 23 35 29 | 02
#0095-d147 @A: 06 03 23 24 | 09
#0096-d147 @A: 15 12 23 03 | 10
#0097-d147 @A: 07 15 23 14 | 11
#0098-d147 @A: 29 11 23 08 | 01
#0099-d147 @A: 23 19 28 18 | 04
#0100-d147 @A: 26 23 24 08 | 05
#0101-d147 @A: 23 18 08 27 | 08
#0102-d147 @A: 23 18 14 17 | 03
#0103-d147 @A: 20 17 08 23 | 07
#0104-d147 @A: 21 11 23 28 | 12
#0105-d147 @A: 13 35 03 04 | 06
#0106-d147 @A: 06 29 35 18 | 02
#0107-d147 @A: 10 06 26 35 | 09
#0108-d147 @A: 12 08 35 01 | 10
#0109-d147 @A: 35 05 18 28 | 11
#0110-d147 @A: 15 07 18 35 | 01
#0111-d147 @A: 12 04 31 35 | 04
#0112-d147 @A: 13 26 08 35 | 05
#0113-d147 @A: 04 19 35 18 | 08
#0114-d147 @A: 15 19 35 26 | 03
#0115-d147 @A: 32 19 27 35 | 07
#0116-d147 @A: 18 27 14 35 | 12
#0117-d147 @A: 20 12 03 08 | 06
#0118-d147 @A: 26 11 03 27 | 02
#0119-d147 @A: 32 10 18 03 | 09
#0120-d147 @A: 06 01 05 04 | 10
#0121-d147 @A: 06 29 14 05 | 11
#0122-d147 @A: 11 06 14 19 | 01
#0123-d147 @A: 31 06 18 04 | 04
#0124-d147 @A: 21 10 24 06 | 05
#0125-d147 @A: 06 32 31 20 | 08
#0126-d147 @A: 20 26 06 18 | 03
#0127-d147 @A: 21 17 20 06 | 07
#0128-d147 @A: 05 01 18 13 | 12
#0129-d147 @A: 01 05 26 08 | 06
#0130-d147 @A: 12 01 11 29 | 02
#0131-d147 @A: 12 31 01 13 | 09
#0132-d147 @A: 01 14 08 13 | 10
#0133-d147 @A: 19 20 15 01 | 11
#0134-d147 @A: 14 27 01 32 | 01
#0135-d147 @A: 20 26 27 01 | 04
#0136-d147 @A: 01 17 32 10 | 05
#0137-d147 @A: 31 07 27 05 | 08
#0138-d147 @A: 26 18 05 07 | 03
#0139-d147 @A: 29 08 04 05 | 07
#0140-d147 @A: 24 07 27 04 | 12
#0141-d147 @A: 24 07 11 32 | 06
#0142-d147 @A: 10 15 31 07 | 02
#0143-d147 @A: 08 28 07 11 | 09
#0144-d147 @A: 20 29 31 10 | 10
#0145-d147 @A: 11 14 29 15 | 11
#0146-d147 @A: 29 08 21 27 | 01
#0147-d147 @A: 21 11 29 20 | 04
#0148-d147 @A: 11 12 15 20 | 05
#0149-d147 @A: 18 12 32 11 | 08
#0150-d147 @A: 04 22 24 20 | 03
#0151-d147 @A: 22 10 15 21 | 07
#0152-d147 @A: 19 15 13 32 | 12
#0153-d147 @A: 11 26 13 04 | 06
#0154-d147 @A: 13 15 10 27 | 02
#0155-d147 @A: 20 14 32 13 | 09
#0156-d147 @A: 13 14 18 10 | 10
#0157-d147 @A: 28 18 26 13 | 11
#0158-d147 @A: 08 19 28 26 | 01
#0159-d147 @A: 30 33 34 14 | 04
#0160-d147 @A: 34 24 30 21 | 05
#0161-d147 @A: 02 11 25 30 | 08
#0162-d147 @A: 30 10 35 02 | 03
#0163-d147 @A: 24 30 23 33 | 07
#0164-d147 @A: 32 06 30 33 | 12
#0165-d147 @A: 30 17 33 12 | 06
#0166-d147 @A: 30 03 25 17 | 02
#0167-d147 @A: 16 06 30 27 | 09
#0168-d147 @A: 16 10 30 07 | 10
#0169-d147 @A: 30 22 13 35 | 11
#0170-d147 @A: 13 06 30 15 | 01
#0171-d147 @A: 07 05 14 30 | 04
#0172-d147 @A: 30 19 32 21 | 05
#0173-d147 @A: 17 31 18 30 | 08
#0174-d147 @A: 30 14 17 10 | 03
#0175-d147 @A: 34 03 29 16 | 07
#0176-d147 @A: 09 34 06 12 | 12
#0177-d147 @A: 17 34 03 23 | 06
#0178-d147 @A: 05 01 34 19 | 02
#0179-d147 @A: 34 04 07 05 | 09
#0180-d147 @A: 29 13 34 15 | 10
#0181-d147 @A: 19 15 34 10 | 11
#0182-d147 @A: 15 34 17 18 | 01
#0183-d147 @A: 26 17 34 11 | 04
#0184-d147 @A: 33 10 02 09 | 05
#0185-d147 @A: 02 11 01 33 | 08
#0186-d147 @A: 02 13 22 33 | 03
#0187-d147 @A: 25 02 05 03 | 07
#0188-d147 @A: 09 27 02 06 | 12
#0189-d147 @A: 23 02 26 03 | 06
#0190-d147 @A: 21 04 23 02 | 02
#0191-d147 @A: 02 14 01 06 | 09
#0192-d147 @A: 32 02 27 05 | 10
#0193-d147 @A: 20 02 07 19 | 11
#0194-d147 @A: 07 02 15 11 | 01
#0195-d147 @A: 02 31 22 29 | 04
#0196-d147 @A: 04 11 02 31 | 05
#0197-d147 @A: 27 14 02 24 | 08
#0198-d147 @A: 18 21 24 02 | 03
#0199-d147 @A: 11 10 32 02 | 07
#0200-d147 @A: 16 33 11 06 | 12
#0201-d147 @A: 33 14 07 16 | 06
#0202-d147 @A: 33 05 09 20 | 02
#0203-d147 @A: 09 22 19 33 | 09
#0204-d147 @A: 09 17 33 13 | 10
#0205-d147 @A: 33 10 27 06 | 11
#0206-d147 @A: 28 15 24 33 | 01
#0207-d147 @A: 15 20 27 33 | 04
#0208-d147 @A: 08 10 33 20 | 05
#0209-d147 @A: 26 11 18 33 | 08
#0210-d147 @A: 21 26 28 33 | 03
#0211-d147 @A: 25 16 24 03 | 07
#0212-d147 @A: 10 05 06 25 | 12
#0213-d147 @A: 06 13 25 24 | 06
#0214-d147 @A: 22 25 18 01 | 02
#0215-d147 @A: 04 12 05 25 | 09
#0216-d147 @A: 25 05 21 24 | 10
#0217-d147 @A: 14 11 25 07 | 11
#0218-d147 @A: 15 25 24 10 | 01
#0219-d147 @A: 25 31 18 20 | 04
#0220-d147 @A: 11 25 08 32 | 05
#0221-d147 @A: 11 17 28 25 | 08
#0222-d147 @A: 10 26 25 28 | 03
#0223-d147 @A: 21 17 32 25 | 07
#0224-d147 @A: 07 16 09 26 | 12
#0225-d147 @A: 06 16 15 03 | 06
#0226-d147 @A: 08 16 03 04 | 02
#0227-d147 @A: 31 10 01 16 | 09
#0228-d147 @A: 16 19 29 15 | 10
#0229-d147 @A: 28 11 31 16 | 11
#0230-d147 @A: 14 15 16 17 | 01
#0231-d147 @A: 26 16 20 32 | 04
#0232-d147 @A: 29 09 23 10 | 05
#0233-d147 @A: 08 21 23 09 | 08
#0234-d147 @A: 14 05 09 03 | 03
#0235-d147 @A: 09 22 03 18 | 07
#0236-d147 @A: 09 21 22 01 | 12
#0237-d147 @A: 09 21 12 13 | 06
#0238-d147 @A: 24 09 11 26 | 02
#0239-d147 @A: 24 08 09 11 | 09
#0240-d147 @A: 35 27 23 06 | 10
#0241-d147 @A: 24 07 23 01 | 11
#0242-d147 @A: 21 12 23 05 | 01
#0243-d147 @A: 29 27 23 15 | 04
#0244-d147 @A: 10 26 11 23 | 05
#0245-d147 @A: 28 03 01 35 | 08
#0246-d147 @A: 35 15 13 01 | 03
#0247-d147 @A: 07 35 22 26 | 07
#0248-d147 @A: 10 04 35 20 | 12
#0249-d147 @A: 10 03 04 06 | 06
#0250-d147 @A: 07 03 13 27 | 02
#0251-d147 @A: 13 03 28 08 | 09
#0252-d147 @A: 14 03 08 19 | 10
#0253-d147 @A: 24 32 03 21 | 11
#0254-d147 @A: 03 14 32 15 | 01
#0255-d147 @A: 28 08 06 01 | 04
#0256-d147 @A: 05 06 28 07 | 05
#0257-d147 @A: 27 06 20 07 | 08
#0258-d147 @A: 06 04 29 24 | 03
#0259-d147 @A: 27 01 11 19 | 07
#0260-d147 @A: 01 04 26 31 | 12
#0261-d147 @A: 11 01 04 21 | 06
#0262-d147 @A: 24 31 32 01 | 02
#0263-d147 @A: 17 18 01 08 | 09
#0264-d147 @A: 05 31 22 08 | 10
#0265-d147 @A: 10 05 24 28 | 11
#0266-d147 @A: 05 11 31 14 | 01
#0267-d147 @A: 31 32 05 10 | 04
#0268-d147 @A: 15 27 14 05 | 05
#0269-d147 @A: 21 07 29 04 | 08
#0270-d147 @A: 29 07 10 28 | 03
#0271-d147 @A: 04 20 11 07 | 07
#0272-d147 @A: 07 27 17 11 | 12
#0273-d147 @A: 29 17 32 19 | 06
#0274-d147 @A: 24 26 28 29 | 02
#0275-d147 @A: 29 26 31 14 | 09
#0276-d147 @A: 31 29 18 32 | 10
#0277-d147 @A: 31 29 10 08 | 11
#0278-d147 @A: 21 22 12 18 | 01
#0279-d147 @A: 12 04 14 18 | 04
#0280-d147 @A: 24 08 12 14 | 05
#0281-d147 @A: 12 17 10 21 | 08
#0282-d147 @A: 18 12 28 10 | 03
#0283-d147 @A: 15 24 22 19 | 07
#0284-d147 @A: 26 04 22 17 | 12
#0285-d147 @A: 32 24 22 14 | 06
#0286-d147 @A: 32 22 31 17 | 02
#0287-d147 @A: 13 31 19 20 | 09
#0288-d147 @A: 04 17 13 21 | 10
#0289-d147 @A: 17 13 24 11 | 11
#0290-d147 @A: 21 31 13 26 | 01
#0291-d147 @A: 08 24 20 19 | 04
#0292-d147 @A: 34 05 17 30 | 05
#0293-d147 @A: 09 33 30 11 | 08
#0294-d147 @A: 25 30 22 24 | 03
#0295-d147 @A: 25 32 30 13 | 07
#0296-d147 @A: 11 22 30 16 | 12
#0297-d147 @A: 31 30 23 13 | 06
#0298-d147 @A: 30 08 23 15 | 02
#0299-d147 @A: 06 03 29 30 | 09
#0300-d147 @A: 10 03 30 22 | 10
#0301-d147 @A: 13 14 30 03 | 11
#0302-d147 @A: 31 03 32 30 | 01
#0303-d147 @A: 20 06 10 30 | 04
#0304-d147 @A: 21 30 13 29 | 05
#0305-d147 @A: 30 04 15 10 | 08
#0306-d147 @A: 04 20 30 21 | 03
#0307-d147 @A: 15 30 11 26 | 07
#0308-d147 @A: 11 14 21 30 | 12
#0309-d147 @A: 30 17 11 20 | 06
#0310-d147 @A: 10 30 21 26 | 02
#0311-d147 @A: 11 34 02 16 | 09
#0312-d147 @A: 26 08 34 02 | 10
#0313-d147 @A: 34 33 01 15 | 11
#0314-d147 @A: 33 34 17 22 | 01
#0315-d147 @A: 34 33 20 11 | 04
#0316-d147 @A: 25 19 34 23 | 05
#0317-d147 @A: 32 34 09 23 | 08
#0318-d147 @A: 34 09 24 05 | 03
#0319-d147 @A: 28 06 34 23 | 07
#0320-d147 @A: 01 34 23 11 | 12
#0321-d147 @A: 35 19 13 34 | 06
#0322-d147 @A: 35 34 08 14 | 02
#0323-d147 @A: 31 18 34 03 | 09
#0324-d147 @A: 14 06 34 22 | 10
#0325-d147 @A: 32 34 13 06 | 11
#0326-d147 @A: 34 17 27 06 | 01
#0327-d147 @A: 08 05 20 34 | 04
#0328-d147 @A: 34 07 11 22 | 05
#0329-d147 @A: 34 11 12 08 | 08
#0330-d147 @A: 08 13 34 17 | 03
#0331-d147 @A: 34 11 27 04 | 07
#0332-d147 @A: 20 32 34 17 | 12
#0333-d147 @A: 06 25 02 18 | 06
#0334-d147 @A: 25 01 32 02 | 02
#0335-d147 @A: 02 25 19 28 | 09
#0336-d147 @A: 27 02 16 03 | 10
#0337-d147 @A: 23 17 06 02 | 11
#0338-d147 @A: 29 11 35 02 | 01
#0339-d147 @A: 02 07 24 03 | 04
#0340-d147 @A: 12 02 05 20 | 05
#0341-d147 @A: 05 22 04 02 | 08
#0342-d147 @A: 15 28 02 31 | 03
#0343-d147 @A: 25 27 16 33 | 07
#0344-d147 @A: 33 25 17 01 | 12
#0345-d147 @A: 16 18 35 33 | 06
#0346-d147 @A: 16 28 03 33 | 02
#0347-d147 @A: 16 33 24 29 | 09
#0348-d147 @A: 07 09 33 15 | 10
#0349-d147 @A: 33 15 23 06 | 11
#0350-d147 @A: 28 29 23 33 | 01
#0351-d147 @A: 31 03 07 33 | 04
#0352-d147 @A: 33 01 06 20 | 05
#0353-d147 @A: 21 33 01 07 | 08
#0354-d147 @A: 33 05 08 19 | 03
#0355-d147 @A: 33 29 27 22 | 07
#0356-d147 @A: 29 26 33 19 | 12
#0357-d147 @A: 16 10 13 25 | 06
#0358-d147 @A: 14 23 25 09 | 02
#0359-d147 @A: 06 09 25 17 | 09
#0360-d147 @A: 25 23 13 26 | 10
#0361-d147 @A: 25 20 03 35 | 11
#0362-d147 @A: 13 29 25 18 | 01
#0363-d147 @A: 20 25 13 12 | 04
#0364-d147 @A: 22 20 25 08 | 05
#0365-d147 @A: 19 25 20 32 | 08
#0366-d147 @A: 32 17 16 09 | 03
#0367-d147 @A: 20 06 16 23 | 07
#0368-d147 @A: 26 16 03 35 | 12
#0369-d147 @A: 05 17 16 06 | 06
#0370-d147 @A: 16 32 01 12 | 02
#0371-d147 @A: 13 01 20 16 | 09
#0372-d147 @A: 07 15 05 16 | 10
#0373-d147 @A: 16 11 13 27 | 11
#0374-d147 @A: 26 17 16 19 | 01
#0375-d147 @A: 32 16 04 18 | 04
#0376-d147 @A: 18 16 26 15 | 05
#0377-d147 @A: 17 10 11 16 | 08
#0378-d147 @A: 15 35 09 10 | 03
#0379-d147 @A: 29 09 15 03 | 07
#0380-d147 @A: 01 20 09 18 | 12
#0381-d147 @A: 13 07 09 18 | 06
#0382-d147 @A: 27 15 09 17 | 02
#0383-d147 @A: 04 03 22 23 | 09
#0384-d147 @A: 06 13 04 23 | 10
#0385-d147 @A: 07 17 23 13 | 11
#0386-d147 @A: 18 29 24 23 | 01
#0387-d147 @A: 26 22 20 23 | 04
#0388-d147 @A: 23 17 32 04 | 05
#0389-d147 @A: 20 11 32 23 | 08
#0390-d147 @A: 06 35 03 07 | 03
#0391-d147 @A: 21 12 03 35 | 07
#0392-d147 @A: 01 35 07 04 | 12
#0393-d147 @A: 17 35 13 29 | 06
#0394-d147 @A: 15 35 27 21 | 02
#0395-d147 @A: 01 17 03 22 | 09
#0396-d147 @A: 05 22 03 20 | 10
#0397-d147 @A: 28 03 19 14 | 11
#0398-d147 @A: 03 20 15 24 | 01
#0399-d147 @A: 22 06 24 01 | 04
#0400-d147 @A: 12 05 32 06 | 05
#0401-d147 @A: 06 31 07 29 | 08
#0402-d147 @A: 22 32 06 21 | 03
#0403-d147 @A: 27 01 05 12 | 07
#0404-d147 @A: 07 20 01 29 | 12
#0405-d147 @A: 13 01 24 29 | 06
#0406-d147 @A: 14 01 17 29 | 02
#0407-d147 @A: 04 27 01 18 | 09
#0408-d147 @A: 31 19 05 18 | 10
#0409-d147 @A: 21 28 05 04 | 11
#0410-d147 @A: 14 32 29 07 | 01
#0411-d147 @A: 04 27 07 08 | 04
#0412-d147 @A: 11 28 29 19 | 05
#0413-d147 @A: 04 14 29 28 | 08
#0414-d147 @A: 27 29 20 14 | 03
#0415-d147 @A: 04 12 11 19 | 07
#0416-d147 @A: 12 31 32 28 | 12
#0417-d147 @A: 27 12 20 10 | 06
#0418-d147 @A: 21 08 26 12 | 02
#0419-d147 @A: 04 10 22 11 | 09
#0420-d147 @A: 32 21 08 22 | 10
#0421-d147 @A: 18 20 15 13 | 11
#0422-d147 @A: 26 13 27 17 | 01
#0423-d147 @A: 21 28 13 27 | 04
#0424-d147 @A: 34 30 03 11 | 05
#0425-d147 @A: 06 05 30 02 | 08
#0426-d147 @A: 20 33 29 30 | 03
#0427-d147 @A: 30 18 35 25 | 07
#0428-d147 @A: 04 30 06 25 | 12
#0429-d147 @A: 30 08 25 05 | 06
#0430-d147 @A: 32 09 30 01 | 02
#0431-d147 @A: 30 31 09 26 | 09
#0432-d147 @A: 30 01 18 23 | 10
#0433-d147 @A: 30 26 32 05 | 11
#0434-d147 @A: 27 14 30 08 | 01
#0435-d147 @A: 17 28 30 32 | 04
#0436-d147 @A: 32 12 02 34 | 05
#0437-d147 @A: 23 34 12 33 | 08
#0438-d147 @A: 22 20 25 34 | 03
#0439-d147 @A: 16 18 23 34 | 07
#0440-d147 @A: 21 06 16 34 | 12
#0441-d147 @A: 34 15 21 23 | 06
#0442-d147 @A: 35 11 12 34 | 02
#0443-d147 @A: 03 32 34 05 | 09
#0444-d147 @A: 34 14 01 07 | 10
#0445-d147 @A: 29 34 01 21 | 11
#0446-d147 @A: 34 04 19 22 | 01
#0447-d147 @A: 34 15 26 04 | 04
#0448-d147 @A: 15 34 32 24 | 05
#0449-d147 @A: 14 18 28 34 | 08
#0450-d147 @A: 02 18 14 33 | 03
#0451-d147 @A: 25 12 10 02 | 07
#0452-d147 @A: 02 09 24 16 | 12
#0453-d147 @A: 14 09 02 07 | 06
#0454-d147 @A: 22 19 02 03 | 02
#0455-d147 @A: 08 01 02 10 | 09
#0456-d147 @A: 05 02 14 13 | 10
#0457-d147 @A: 12 02 07 31 | 11
#0458-d147 @A: 19 04 26 02 | 01
#0459-d147 @A: 02 04 24 32 | 04
#0460-d147 @A: 02 10 31 26 | 05
#0461-d147 @A: 26 11 02 14 | 08
#0462-d147 @A: 28 32 02 14 | 03
#0463-d147 @A: 03 23 25 33 | 07
#0464-d147 @A: 05 25 33 15 | 12
#0465-d147 @A: 12 21 16 33 | 06
#0466-d147 @A: 14 11 23 33 | 02
#0467-d147 @A: 24 01 05 33 | 09
#0468-d147 @A: 12 19 01 33 | 10
#0469-d147 @A: 01 33 08 31 | 11
#0470-d147 @A: 31 33 15 13 | 01
#0471-d147 @A: 20 33 19 14 | 04
#0472-d147 @A: 31 32 33 04 | 05
#0473-d147 @A: 24 33 10 26 | 08
#0474-d147 @A: 11 23 25 16 | 03
#0475-d147 @A: 26 05 25 16 | 07
#0476-d147 @A: 12 25 32 35 | 12
#0477-d147 @A: 03 12 31 25 | 06
#0478-d147 @A: 13 07 04 25 | 02
#0479-d147 @A: 25 21 26 04 | 09
#0480-d147 @A: 24 18 25 14 | 10
#0481-d147 @A: 24 23 35 16 | 11
#0482-d147 @A: 07 16 35 32 | 01
#0483-d147 @A: 28 35 08 16 | 04
#0484-d147 @A: 14 16 03 01 | 05
#0485-d147 @A: 32 29 16 22 | 08
#0486-d147 @A: 18 08 16 24 | 03
#0487-d147 @A: 27 09 23 05 | 07
#0488-d147 @A: 35 06 11 09 | 12
#0489-d147 @A: 03 26 01 09 | 06
#0490-d147 @A: 03 09 08 05 | 02
#0491-d147 @A: 31 03 13 09 | 09
#0492-d147 @A: 09 08 06 15 | 10
#0493-d147 @A: 09 05 22 28 | 11
#0494-d147 @A: 07 12 28 09 | 01
#0495-d147 @A: 29 09 18 17 | 04
#0496-d147 @A: 09 19 04 32 | 05
#0497-d147 @A: 31 09 19 27 | 08
#0498-d147 @A: 11 21 09 19 | 03
#0499-d147 @A: 19 10 09 17 | 07
#0500-d147 @A: 24 09 04 17 | 12
#0501-d147 @A: 09 27 08 31 | 06
#0502-d147 @A: 27 28 09 20 | 02
#0503-d147 @A: 20 14 09 17 | 09
#0504-d147 @A: 35 07 23 19 | 10
#0505-d147 @A: 23 11 05 04 | 11
#0506-d147 @A: 23 14 24 12 | 01
#0507-d147 @A: 20 23 31 15 | 04
#0508-d147 @A: 31 21 32 23 | 05
#0509-d147 @A: 23 08 14 28 | 08
#0510-d147 @A: 35 15 05 12 | 03
#0511-d147 @A: 24 35 31 11 | 07
#0512-d147 @A: 32 28 26 35 | 12
#0513-d147 @A: 22 06 03 08 | 06
#0514-d147 @A: 11 03 21 07 | 02
#0515-d147 @A: 21 19 03 29 | 09
#0516-d147 @A: 11 19 15 03 | 10
#0517-d147 @A: 17 03 15 31 | 11
#0518-d147 @A: 26 10 17 03 | 01
#0519-d147 @A: 32 18 08 03 | 04
#0520-d147 @A: 13 17 01 06 | 05
#0521-d147 @A: 06 05 22 19 | 08
#0522-d147 @A: 07 06 19 13 | 03
#0523-d147 @A: 29 12 06 15 | 07
#0524-d147 @A: 06 22 12 26 | 12
#0525-d147 @A: 06 10 12 13 | 06
#0526-d147 @A: 06 15 20 14 | 02
#0527-d147 @A: 21 15 26 06 | 09
#0528-d147 @A: 22 27 07 01 | 10
#0529-d147 @A: 08 22 24 01 | 11
#0530-d147 @A: 10 01 28 04 | 01
#0531-d147 @A: 01 24 28 14 | 04
#0532-d147 @A: 10 24 01 11 | 05
#0533-d147 @A: 11 01 31 15 | 08
#0534-d147 @A: 20 01 31 21 | 03
#0535-d147 @A: 15 26 01 32 | 07
#0536-d147 @A: 18 01 10 26 | 12
#0537-d147 @A: 13 07 05 11 | 06
#0538-d147 @A: 04 19 05 17 | 02
#0539-d147 @A: 28 15 05 19 | 09
#0540-d147 @A: 24 18 32 05 | 10
#0541-d147 @A: 26 07 12 11 | 11
#0542-d147 @A: 20 26 10 07 | 01
#0543-d147 @A: 19 29 10 27 | 04
#0544-d147 @A: 18 26 29 04 | 05
#0545-d147 @A: 31 27 11 29 | 08
#0546-d147 @A: 29 18 15 21 | 03
#0547-d147 @A: 19 12 17 31 | 07
#0548-d147 @A: 26 32 19 12 | 12
#0549-d147 @A: 26 22 31 11 | 06
#0550-d147 @A: 10 08 15 22 | 02
#0551-d147 @A: 19 26 14 13 | 09
#0552-d147 @A: 04 28 13 15 | 10
#0553-d147 @A: 28 13 32 24 | 11
#0554-d147 @A: 08 32 15 17 | 01
#0555-d147 @A: 13 17 02 30 | 04
#0556-d147 @A: 30 20 32 02 | 05
#0557-d147 @A: 33 19 30 07 | 08
#0558-d147 @A: 30 32 24 16 | 03
#0559-d147 @A: 09 30 10 13 | 07
#0560-d147 @A: 30 09 28 15 | 12
#0561-d147 @A: 23 07 04 30 | 06
#0562-d147 @A: 21 30 23 22 | 02
#0563-d147 @A: 30 12 35 01 | 09
#0564-d147 @A: 07 35 30 24 | 10
#0565-d147 @A: 30 22 04 01 | 11
#0566-d147 @A: 12 30 31 05 | 01
#0567-d147 @A: 30 18 22 19 | 04
#0568-d147 @A: 24 31 19 30 | 05
#0569-d147 @A: 04 27 17 30 | 08
#0570-d147 @A: 18 15 32 30 | 03
#0571-d147 @A: 34 29 02 14 | 07
#0572-d147 @A: 18 34 08 25 | 12
#0573-d147 @A: 16 34 07 19 | 06
#0574-d147 @A: 27 13 34 23 | 02
#0575-d147 @A: 34 21 28 03 | 09
#0576-d147 @A: 06 29 19 34 | 10
#0577-d147 @A: 11 06 31 34 | 11
#0578-d147 @A: 29 34 31 05 | 01
#0579-d147 @A: 08 29 34 28 | 04
#0580-d147 @A: 02 15 25 23 | 05
#0581-d147 @A: 31 13 02 25 | 08
#0582-d147 @A: 22 28 16 02 | 03
#0583-d147 @A: 31 09 01 02 | 07
#0584-d147 @A: 28 02 23 35 | 12
#0585-d147 @A: 07 35 02 17 | 06
#0586-d147 @A: 12 02 35 26 | 02
#0587-d147 @A: 03 04 02 28 | 09
#0588-d147 @A: 22 11 06 02 | 10
#0589-d147 @A: 06 13 02 20 | 11
#0590-d147 @A: 18 01 02 15 | 01
#0591-d147 @A: 07 32 02 13 | 04
#0592-d147 @A: 13 22 08 02 | 05
#0593-d147 @A: 19 18 02 10 | 08
#0594-d147 @A: 02 28 26 27 | 03
#0595-d147 @A: 20 18 02 08 | 07
#0596-d147 @A: 26 21 02 32 | 12
#0597-d147 @A: 02 18 26 17 | 06
#0598-d147 @A: 14 13 25 33 | 02
#0599-d147 @A: 33 16 31 09 | 09
#0600-d147 @A: 23 33 09 35 | 10
#0601-d147 @A: 03 33 09 27 | 11
#0602-d147 @A: 01 09 28 33 | 01
#0603-d147 @A: 03 20 12 33 | 04
#0604-d147 @A: 33 03 11 10 | 05
#0605-d147 @A: 21 06 33 29 | 08
#0606-d147 @A: 06 04 33 22 | 03
#0607-d147 @A: 04 33 31 08 | 07
#0608-d147 @A: 33 21 18 31 | 12
#0609-d147 @A: 27 17 33 32 | 06
#0610-d147 @A: 21 33 32 20 | 02
#0611-d147 @A: 08 33 28 21 | 09
#0612-d147 @A: 09 07 25 35 | 10
#0613-d147 @A: 09 25 28 32 | 11
#0614-d147 @A: 31 25 35 23 | 01
#0615-d147 @A: 25 10 29 35 | 04
#0616-d147 @A: 03 25 07 08 | 05
#0617-d147 @A: 25 06 28 12 | 08
#0618-d147 @A: 25 01 07 12 | 03
#0619-d147 @A: 27 13 25 05 | 07
#0620-d147 @A: 25 29 32 27 | 12
#0621-d147 @A: 14 22 25 12 | 06
#0622-d147 @A: 19 25 12 08 | 02
#0623-d147 @A: 25 04 27 28 | 09
#0624-d147 @A: 11 27 25 15 | 10
#0625-d147 @A: 10 20 17 25 | 11
#0626-d147 @A: 35 16 21 10 | 01
#0627-d147 @A: 16 19 06 28 | 04
#0628-d147 @A: 01 16 26 22 | 05
#0629-d147 @A: 16 01 24 17 | 08
#0630-d147 @A: 05 22 24 16 | 03
#0631-d147 @A: 12 16 17 07 | 07
#0632-d147 @A: 07 31 16 22 | 12
#0633-d147 @A: 13 16 12 22 | 06
#0634-d147 @A: 12 26 31 16 | 02
#0635-d147 @A: 31 16 20 04 | 09
#0636-d147 @A: 16 24 20 11 | 10
#0637-d147 @A: 27 31 16 15 | 11
#0638-d147 @A: 20 16 17 27 | 01
#0639-d147 @A: 13 09 23 24 | 04
#0640-d147 @A: 09 22 24 35 | 05
#0641-d147 @A: 10 09 01 05 | 08
#0642-d147 @A: 12 09 05 17 | 03
#0643-d147 @A: 04 09 15 31 | 07
#0644-d147 @A: 22 35 18 23 | 12
#0645-d147 @A: 35 04 15 23 | 06
#0646-d147 @A: 07 05 03 23 | 02
#0647-d147 @A: 19 24 21 23 | 09
#0648-d147 @A: 19 11 23 17 | 10
#0649-d147 @A: 04 23 31 27 | 11
#0650-d147 @A: 31 24 17 23 | 01
#0651-d147 @A: 13 35 28 06 | 04
#0652-d147 @A: 32 08 06 35 | 05
#0653-d147 @A: 24 01 18 35 | 08
#0654-d147 @A: 13 07 35 14 | 03
#0655-d147 @A: 31 35 07 21 | 07
#0656-d147 @A: 35 11 17 15 | 12
#0657-d147 @A: 03 27 06 12 | 06
#0658-d147 @A: 03 29 01 08 | 02
#0659-d147 @A: 13 19 01 03 | 09
#0660-d147 @A: 28 03 05 27 | 10
#0661-d147 @A: 07 26 29 03 | 11
#0662-d147 @A: 22 29 11 03 | 01
#0663-d147 @A: 03 04 29 27 | 04
#0664-d147 @A: 27 08 03 24 | 05
#0665-d147 @A: 01 06 21 12 | 08
#0666-d147 @A: 31 06 13 05 | 03
#0667-d147 @A: 32 14 18 06 | 07
#0668-d147 @A: 11 28 06 20 | 12
#0669-d147 @A: 01 10 12 15 | 06
#0670-d147 @A: 01 18 08 19 | 02
#0671-d147 @A: 01 04 15 08 | 09
#0672-d147 @A: 01 18 28 31 | 10
#0673-d147 @A: 13 12 26 05 | 11
#0674-d147 @A: 17 24 26 05 | 01
#0675-d147 @A: 21 05 32 15 | 04
#0676-d147 @A: 27 05 21 20 | 05
#0677-d147 @A: 10 05 21 18 | 08
#0678-d147 @A: 08 05 32 10 | 03
#0679-d147 @A: 29 14 07 08 | 07
#0680-d147 @A: 07 27 18 10 | 12
#0681-d147 @A: 18 28 07 11 | 06
#0682-d147 @A: 28 29 20 22 | 02
#0683-d147 @A: 15 29 08 26 | 09
#0684-d147 @A: 22 27 12 08 | 10
#0685-d147 @A: 12 32 14 21 | 11
#0686-d147 @A: 14 08 12 10 | 01
#0687-d147 @A: 22 26 19 10 | 04
#0688-d147 @A: 28 04 18 22 | 05
#0689-d147 @A: 32 22 10 27 | 08
#0690-d147 @A: 17 28 19 13 | 03
#0691-d147 @A: 18 24 13 04 | 07
#0692-d147 @A: 10 13 26 32 | 12
#0693-d147 @A: 04 17 08 14 | 06
#0694-d147 @A: 11 20 08 31 | 02
#0695-d147 @A: 14 20 08 15 | 09
#0696-d147 @A: 20 27 26 08 | 10
#0697-d147 @A: 30 34 10 25 | 11
#0698-d147 @A: 22 34 30 28 | 01
#0699-d147 @A: 24 30 02 01 | 04
#0700-d147 @A: 30 01 26 25 | 05
#0701-d147 @A: 25 05 19 30 | 08
#0702-d147 @A: 20 09 30 24 | 03
#0703-d147 @A: 17 26 35 30 | 07
#0704-d147 @A: 03 30 26 12 | 12
#0705-d147 @A: 08 03 30 31 | 06
#0706-d147 @A: 26 06 30 28 | 02
#0707-d147 @A: 21 18 30 08 | 09
#0708-d147 @A: 01 02 26 34 | 10
#0709-d147 @A: 34 11 13 25 | 11
#0710-d147 @A: 35 34 26 21 | 01
#0711-d147 @A: 34 22 15 12 | 04
#0712-d147 @A: 34 13 04 14 | 05
#0713-d147 @A: 11 34 19 18 | 08
#0714-d147 @A: 04 28 20 34 | 03
#0715-d147 @A: 14 24 17 34 | 07
#0716-d147 @A: 07 02 25 33 | 12
#0717-d147 @A: 35 32 02 33 | 06
#0718-d147 @A: 06 33 28 02 | 02
#0719-d147 @A: 17 25 02 16 | 09
#0720-d147 @A: 29 02 25 24 | 10
#0721-d147 @A: 09 04 02 08 | 11
#0722-d147 @A: 18 28 09 02 | 01
#0723-d147 @A: 06 31 02 03 | 04
#0724-d147 @A: 12 18 03 02 | 05
#0725-d147 @A: 32 15 02 29 | 08
#0726-d147 @A: 12 08 17 02 | 03
#0727-d147 @A: 31 20 17 02 | 07
#0728-d147 @A: 17 23 33 16 | 12
#0729-d147 @A: 23 21 13 33 | 06
#0730-d147 @A: 06 33 05 35 | 02
#0731-d147 @A: 35 17 33 08 | 09
#0732-d147 @A: 03 26 33 05 | 10
#0733-d147 @A: 07 33 06 17 | 11
#0734-d147 @A: 18 22 05 33 | 01
#0735-d147 @A: 05 13 19 33 | 04
#0736-d147 @A: 04 26 33 07 | 05
#0737-d147 @A: 20 33 18 07 | 08
#0738-d147 @A: 32 19 33 24 | 03
#0739-d147 @A: 18 33 27 24 | 07
#0740-d147 @A: 32 33 08 14 | 12
#0741-d147 @A: 25 19 16 12 | 06
#0742-d147 @A: 23 25 01 04 | 02
#0743-d147 @A: 25 22 28 35 | 09
#0744-d147 @A: 21 03 25 01 | 10
#0745-d147 @A: 25 15 13 17 | 11
#0746-d147 @A: 04 25 08 20 | 01
#0747-d147 @A: 18 17 04 25 | 04
#0748-d147 @A: 16 09 19 20 | 05
#0749-d147 @A: 31 16 23 29 | 08
#0750-d147 @A: 23 16 22 19 | 03
#0751-d147 @A: 16 05 19 35 | 07
#0752-d147 @A: 17 35 16 22 | 12
#0753-d147 @A: 11 16 03 12 | 06
#0754-d147 @A: 06 14 13 16 | 02
#0755-d147 @A: 07 16 13 21 | 09
#0756-d147 @A: 13 16 08 27 | 10
#0757-d147 @A: 04 16 14 21 | 11
#0758-d147 @A: 14 32 31 16 | 01
#0759-d147 @A: 06 04 07 09 | 04
#0760-d147 @A: 19 09 24 01 | 05
#0761-d147 @A: 05 32 13 09 | 08
#0762-d147 @A: 20 09 22 07 | 03
#0763-d147 @A: 09 12 29 31 | 07
#0764-d147 @A: 09 22 08 26 | 12
#0765-d147 @A: 14 13 09 27 | 06
#0766-d147 @A: 19 09 28 26 | 02
#0767-d147 @A: 04 27 09 21 | 09
#0768-d147 @A: 18 24 15 09 | 10
#0769-d147 @A: 24 27 09 32 | 11
#0770-d147 @A: 17 11 31 09 | 01
#0771-d147 @A: 32 20 10 09 | 04
#0772-d147 @A: 21 32 09 18 | 05
#0773-d147 @A: 35 23 12 17 | 08
#0774-d147 @A: 23 32 19 05 | 03
#0775-d147 @A: 23 05 20 17 | 07
#0776-d147 @A: 08 23 13 10 | 12
#0777-d147 @A: 04 19 20 23 | 06
#0778-d147 @A: 23 31 19 26 | 02
#0779-d147 @A: 04 24 28 23 | 09
#0780-d147 @A: 01 32 06 35 | 10
#0781-d147 @A: 35 17 05 01 | 11
#0782-d147 @A: 10 01 35 22 | 01
#0783-d147 @A: 05 35 20 07 | 04
#0784-d147 @A: 05 13 35 24 | 05
#0785-d147 @A: 07 35 10 12 | 08
#0786-d147 @A: 07 35 08 22 | 03
#0787-d147 @A: 35 29 04 22 | 07
#0788-d147 @A: 14 21 35 19 | 12
#0789-d147 @A: 11 35 14 04 | 06
#0790-d147 @A: 20 27 35 24 | 02
#0791-d147 @A: 21 17 35 24 | 09
#0792-d147 @A: 35 10 11 28 | 10
#0793-d147 @A: 06 28 03 22 | 11
#0794-d147 @A: 05 03 31 04 | 01
#0795-d147 @A: 10 19 03 20 | 04
#0796-d147 @A: 31 03 10 24 | 05
#0797-d147 @A: 03 18 21 20 | 08
#0798-d147 @A: 28 29 06 01 | 03
#0799-d147 @A: 06 12 14 07 | 07
#0800-d147 @A: 06 12 04 20 | 12
#0801-d147 @A: 18 28 15 06 | 06
#0802-d147 @A: 26 14 17 06 | 02
#0803-d147 @A: 11 17 06 08 | 09
#0804-d147 @A: 17 18 10 06 | 10
#0805-d147 @A: 10 08 18 06 | 11
#0806-d147 @A: 22 01 19 29 | 01
#0807-d147 @A: 22 01 11 32 | 04
#0808-d147 @A: 14 21 18 01 | 05
#0809-d147 @A: 12 05 11 22 | 08
#0810-d147 @A: 05 08 12 13 | 03
#0811-d147 @A: 19 14 10 05 | 07
#0812-d147 @A: 05 18 14 20 | 12
#0813-d147 @A: 05 28 08 18 | 06
#0814-d147 @A: 19 07 29 12 | 02
#0815-d147 @A: 32 28 04 07 | 09
#0816-d147 @A: 07 24 26 31 | 10
#0817-d147 @A: 15 24 08 07 | 11
#0818-d147 @A: 29 24 12 22 | 01
#0819-d147 @A: 29 20 18 19 | 04
#0820-d147 @A: 20 04 15 29 | 05
#0821-d147 @A: 32 11 29 26 | 08
#0822-d147 @A: 10 11 29 18 | 03
#0823-d147 @A: 28 12 19 20 | 07
#0824-d147 @A: 18 12 24 26 | 12
#0825-d147 @A: 12 14 31 10 | 06
#0826-d147 @A: 08 31 28 12 | 02
#0827-d147 @A: 14 12 11 27 | 09
#0828-d147 @A: 13 17 20 22 | 10
#0829-d147 @A: 11 22 28 15 | 11
#0830-d147 @A: 22 18 32 26 | 01
#0831-d147 @A: 19 15 08 28 | 04
#0832-d147 @A: 04 34 30 09 | 05
#0833-d147 @A: 07 30 34 15 | 08
#0834-d147 @A: 21 25 33 30 | 03
#0835-d147 @A: 30 04 16 03 | 07
#0836-d147 @A: 20 05 30 16 | 12
#0837-d147 @A: 05 30 15 23 | 06
#0838-d147 @A: 30 07 28 03 | 02
#0839-d147 @A: 30 22 31 06 | 09
#0840-d147 @A: 30 11 01 13 | 10
#0841-d147 @A: 30 14 15 01 | 11
#0842-d147 @A: 29 18 30 07 | 01
#0843-d147 @A: 30 13 24 12 | 04
#0844-d147 @A: 32 04 14 30 | 05
#0845-d147 @A: 10 31 30 11 | 08
#0846-d147 @A: 02 33 19 34 | 03
#0847-d147 @A: 34 17 09 02 | 07
#0848-d147 @A: 35 02 34 24 | 12
#0849-d147 @A: 34 20 03 02 | 06
#0850-d147 @A: 10 02 06 34 | 02
#0851-d147 @A: 22 02 34 21 | 09
#0852-d147 @A: 34 16 05 33 | 10
#0853-d147 @A: 08 33 27 34 | 11
#0854-d147 @A: 27 34 25 09 | 01
#0855-d147 @A: 34 01 31 25 | 04
#0856-d147 @A: 29 26 34 25 | 05
#0857-d147 @A: 16 27 01 34 | 08
#0858-d147 @A: 34 16 04 12 | 03
#0859-d147 @A: 22 08 34 16 | 07
#0860-d147 @A: 22 23 24 34 | 12
#0861-d147 @A: 03 15 35 34 | 06
#0862-d147 @A: 12 34 26 10 | 02
#0863-d147 @A: 04 18 34 21 | 09
#0864-d147 @A: 04 34 10 17 | 10
#0865-d147 @A: 34 32 31 26 | 11
#0866-d147 @A: 21 31 10 34 | 01
#0867-d147 @A: 23 33 20 02 | 04
#0868-d147 @A: 02 33 15 12 | 05
#0869-d147 @A: 21 02 27 33 | 08
#0870-d147 @A: 02 09 05 26 | 03
#0871-d147 @A: 23 11 02 13 | 07
#0872-d147 @A: 29 08 35 02 | 12
#0873-d147 @A: 18 35 13 02 | 06
#0874-d147 @A: 01 13 27 02 | 02
#0875-d147 @A: 15 02 08 05 | 09
#0876-d147 @A: 04 10 27 02 | 10
#0877-d147 @A: 11 02 20 27 | 11
#0878-d147 @A: 33 01 04 16 | 01
#0879-d147 @A: 33 06 08 23 | 04
#0880-d147 @A: 19 33 23 27 | 05
#0881-d147 @A: 35 27 33 01 | 08
#0882-d147 @A: 33 14 10 35 | 03
#0883-d147 @A: 33 01 03 32 | 07
#0884-d147 @A: 24 13 33 03 | 12
#0885-d147 @A: 13 10 01 33 | 06
#0886-d147 @A: 33 22 10 12 | 02
#0887-d147 @A: 33 11 19 31 | 09
#0888-d147 @A: 33 17 19 18 | 10
#0889-d147 @A: 35 25 16 15 | 11
#0890-d147 @A: 09 25 12 26 | 01
#0891-d147 @A: 29 23 25 05 | 04
#0892-d147 @A: 25 10 23 18 | 05
#0893-d147 @A: 11 25 05 35 | 08
#0894-d147 @A: 28 03 25 29 | 03
#0895-d147 @A: 25 01 28 13 | 07
#0896-d147 @A: 29 14 25 19 | 12
#0897-d147 @A: 11 24 12 25 | 06
#0898-d147 @A: 13 15 25 08 | 02
#0899-d147 @A: 31 24 25 28 | 09
#0900-d147 @A: 11 25 32 31 | 10
#0901-d147 @A: 15 21 14 25 | 11
#0902-d147 @A: 35 09 27 16 | 01
#0903-d147 @A: 35 16 09 08 | 04
#0904-d147 @A: 16 03 05 18 | 05
#0905-d147 @A: 31 08 16 06 | 08
#0906-d147 @A: 01 18 16 07 | 03
#0907-d147 @A: 16 29 12 20 | 07
#0908-d147 @A: 14 16 24 19 | 12
#0909-d147 @A: 19 21 16 18 | 06
#0910-d147 @A: 04 15 16 11 | 02
#0911-d147 @A: 18 31 24 16 | 09
#0912-d147 @A: 26 24 27 16 | 10
#0913-d147 @A: 26 11 21 16 | 11
#0914-d147 @A: 08 26 16 32 | 01
#0915-d147 @A: 18 17 16 28 | 04
#0916-d147 @A: 11 22 09 23 | 05
#0917-d147 @A: 06 09 28 24 | 08
#0918-d147 @A: 09 31 07 32 | 03
#0919-d147 @A: 22 09 26 29 | 07
#0920-d147 @A: 20 09 26 04 | 12
#0921-d147 @A: 09 15 21 20 | 06
#0922-d147 @A: 10 27 09 26 | 02
#0923-d147 @A: 11 09 14 32 | 09
#0924-d147 @A: 08 20 28 09 | 10
#0925-d147 @A: 31 23 06 01 | 11
#0926-d147 @A: 18 06 23 05 | 01
#0927-d147 @A: 23 32 07 06 | 04
#0928-d147 @A: 12 06 19 23 | 05
#0929-d147 @A: 10 06 23 22 | 08
#0930-d147 @A: 23 13 05 22 | 03
#0931-d147 @A: 23 08 10 07 | 07
#0932-d147 @A: 29 14 23 22 | 12
#0933-d147 @A: 19 13 29 23 | 06
#0934-d147 @A: 24 03 29 35 | 02
#0935-d147 @A: 22 03 35 31 | 09
#0936-d147 @A: 35 14 22 05 | 10
#0937-d147 @A: 31 35 27 28 | 11
#0938-d147 @A: 04 07 03 18 | 01
#0939-d147 @A: 24 03 17 27 | 04
#0940-d147 @A: 24 14 03 11 | 05
#0941-d147 @A: 27 32 20 03 | 08
#0942-d147 @A: 03 17 20 28 | 03
#0943-d147 @A: 17 26 08 03 | 07
#0944-d147 @A: 21 06 04 19 | 12
#0945-d147 @A: 24 14 31 06 | 06
#0946-d147 @A: 11 18 24 06 | 02
#0947-d147 @A: 24 06 32 26 | 09
#0948-d147 @A: 17 15 32 06 | 10
#0949-d147 @A: 32 20 28 01 | 11
#0950-d147 @A: 08 05 21 07 | 01
#0951-d147 @A: 19 05 20 11 | 04
#0952-d147 @A: 05 20 32 04 | 05
#0953-d147 @A: 05 31 28 17 | 08
#0954-d147 @A: 26 05 28 20 | 03
#0955-d147 @A: 15 04 07 19 | 07
#0956-d147 @A: 07 27 19 28 | 12
#0957-d147 @A: 07 18 21 17 | 06
#0958-d147 @A: 32 17 24 12 | 02
#0959-d147 @A: 14 13 21 22 | 09
#0960-d147 @A: 19 22 27 17 | 10
#0961-d147 @A: 20 21 19 22 | 11
#0962-d147 @A: 04 15 22 27 | 01
#0963-d147 @A: 24 27 22 28 | 04
#0964-d147 @A: 20 27 22 31 | 05
#0965-d147 @A: 20 32 15 22 | 08
#0966-d147 @A: 22 27 26 21 | 03
#0967-d147 @A: 22 17 21 28 | 07
#0968-d147 @A: 11 13 04 08 | 12
#0969-d147 @A: 32 08 31 19 | 06
#0970-d147 @A: 32 04 08 28 | 02
#0971-d147 @A: 10 28 08 24 | 09
#0972-d147 @A: 34 16 30 35 | 10
#0973-d147 @A: 30 16 33 15 | 11
#0974-d147 @A: 35 33 30 28 | 01
#0975-d147 @A: 05 10 33 30 | 04
#0976-d147 @A: 08 11 30 33 | 05
#0977-d147 @A: 16 23 26 30 | 08
#0978-d147 @A: 16 30 10 08 | 03
#0979-d147 @A: 21 09 30 03 | 07
#0980-d147 @A: 30 05 18 09 | 12
#0981-d147 @A: 07 27 30 09 | 06
#0982-d147 @A: 11 12 23 30 | 02
#0983-d147 @A: 30 27 23 10 | 09
#0984-d147 @A: 35 30 11 19 | 10
#0985-d147 @A: 30 24 05 03 | 11
#0986-d147 @A: 12 29 30 04 | 01
#0987-d147 @A: 08 12 30 32 | 04
#0988-d147 @A: 17 15 30 19 | 05
#0989-d147 @A: 30 31 21 15 | 08
#0990-d147 @A: 30 27 32 11 | 03
#0991-d147 @A: 02 04 25 34 | 07
#0992-d147 @A: 03 34 33 04 | 12
#0993-d147 @A: 27 34 33 26 | 06
#0994-d147 @A: 25 14 03 34 | 02
#0995-d147 @A: 14 09 16 34 | 09
#0996-d147 @A: 34 22 16 10 | 10
#0997-d147 @A: 24 16 34 13 | 11
#0998-d147 @A: 35 34 01 09 | 01
#0999-d147 @A: 08 34 01 23 | 04
#1000-d147 @A: 34 27 05 35 | 05
#1001-d147 @A: 27 34 03 22 | 08
#1002-d147 @A: 03 34 10 13 | 03
#1003-d147 @A: 03 10 34 08 | 07
#1004-d147 @A: 34 07 18 06 | 12
#1005-d147 @A: 01 13 22 34 | 06
#1006-d147 @A: 34 28 11 05 | 02
#1007-d147 @A: 34 12 13 17 | 09
#1008-d147 @A: 28 31 19 34 | 10
#1009-d147 @A: 14 20 34 26 | 11
#1010-d147 @A: 11 34 14 10 | 01
#1011-d147 @A: 33 02 31 24 | 04
#1012-d147 @A: 02 35 16 20 | 05
#1013-d147 @A: 09 15 13 02 | 08
#1014-d147 @A: 23 07 29 02 | 03
#1015-d147 @A: 13 03 21 02 | 07
#1016-d147 @A: 02 07 21 06 | 12
#1017-d147 @A: 02 01 29 04 | 06
#1018-d147 @A: 05 28 29 02 | 02
#1019-d147 @A: 29 21 02 12 | 09
#1020-d147 @A: 24 02 10 22 | 10
#1021-d147 @A: 24 13 26 02 | 11
#1022-d147 @A: 18 20 02 04 | 01
#1023-d147 @A: 24 02 17 15 | 04
#1024-d147 @A: 27 31 18 02 | 05
#1025-d147 @A: 08 25 29 33 | 08
#1026-d147 @A: 33 25 20 04 | 03
#1027-d147 @A: 12 08 09 33 | 07
#1028-d147 @A: 10 07 33 23 | 12
#1029-d147 @A: 11 07 35 33 | 06
#1030-d147 @A: 35 33 22 21 | 02
#1031-d147 @A: 26 06 13 33 | 09
#1032-d147 @A: 11 05 33 21 | 10
#1033-d147 @A: 24 14 21 33 | 11
#1034-d147 @A: 26 31 20 33 | 01
#1035-d147 @A: 08 25 01 16 | 04
#1036-d147 @A: 25 21 35 13 | 05
#1037-d147 @A: 25 19 27 03 | 08
#1038-d147 @A: 07 25 06 26 | 03
#1039-d147 @A: 06 08 21 25 | 07
#1040-d147 @A: 14 01 10 25 | 12
#1041-d147 @A: 32 05 25 22 | 06
#1042-d147 @A: 05 25 28 14 | 02
#1043-d147 @A: 31 21 25 19 | 09
#1044-d147 @A: 14 04 31 25 | 10
#1045-d147 @A: 14 25 17 27 | 11
#1046-d147 @A: 27 28 08 25 | 01
#1047-d147 @A: 10 21 11 25 | 04
#1048-d147 @A: 08 26 17 25 | 05
#1049-d147 @A: 16 15 09 22 | 08
#1050-d147 @A: 28 13 09 16 | 03
#1051-d147 @A: 16 03 07 20 | 07
#1052-d147 @A: 03 16 22 21 | 12
#1053-d147 @A: 06 16 22 18 | 06
#1054-d147 @A: 28 16 01 15 | 02
#1055-d147 @A: 12 10 05 16 | 09
#1056-d147 @A: 21 16 31 05 | 10
#1057-d147 @A: 07 16 29 11 | 11
#1058-d147 @A: 16 26 13 29 | 01
#1059-d147 @A: 16 29 17 04 | 04
#1060-d147 @A: 12 24 15 16 | 05
#1061-d147 @A: 24 10 04 16 | 08
#1062-d147 @A: 16 21 27 32 | 03
#1063-d147 @A: 11 18 14 16 | 07
#1064-d147 @A: 31 20 35 09 | 12
#1065-d147 @A: 03 09 06 20 | 06
#1066-d147 @A: 06 29 32 09 | 02
#1067-d147 @A: 05 19 09 07 | 09
#1068-d147 @A: 15 12 09 32 | 10
#1069-d147 @A: 09 11 04 28 | 11
#1070-d147 @A: 28 31 09 14 | 01
#1071-d147 @A: 23 13 03 18 | 04
#1072-d147 @A: 14 23 31 03 | 05
#1073-d147 @A: 06 29 11 23 | 08
#1074-d147 @A: 32 01 23 29 | 03
#1075-d147 @A: 22 01 15 23 | 07
#1076-d147 @A: 13 01 14 23 | 12
#1077-d147 @A: 23 07 18 12 | 06
#1078-d147 @A: 20 24 23 10 | 02
#1079-d147 @A: 23 27 20 18 | 09
#1080-d147 @A: 27 17 23 21 | 10
#1081-d147 @A: 20 14 21 23 | 11
#1082-d147 @A: 35 03 17 18 | 01
#1083-d147 @A: 35 27 08 05 | 04
#1084-d147 @A: 12 20 35 14 | 05
#1085-d147 @A: 19 35 17 20 | 08
#1086-d147 @A: 32 21 04 35 | 03
#1087-d147 @A: 24 35 26 14 | 07
#1088-d147 @A: 32 10 24 35 | 12
#1089-d147 @A: 08 15 35 31 | 06
#1090-d147 @A: 15 35 28 14 | 02
#1091-d147 @A: 05 11 01 03 | 09
#1092-d147 @A: 03 13 05 15 | 10
#1093-d147 @A: 13 32 29 03 | 11
#1094-d147 @A: 04 11 03 17 | 01
#1095-d147 @A: 24 18 28 03 | 04
#1096-d147 @A: 21 03 27 31 | 05
#1097-d147 @A: 03 11 31 20 | 08
#1098-d147 @A: 28 31 26 03 | 03
#1099-d147 @A: 06 01 26 19 | 07
#1100-d147 @A: 06 24 05 27 | 12
#1101-d147 @A: 11 06 26 05 | 06
#1102-d147 @A: 06 27 29 13 | 02
#1103-d147 @A: 06 19 15 31 | 09
#1104-d147 @A: 06 27 19 18 | 10
#1105-d147 @A: 04 06 14 27 | 11
#1106-d147 @A: 06 14 28 10 | 01
#1107-d147 @A: 15 01 05 29 | 04
#1108-d147 @A: 01 31 22 05 | 05
#1109-d147 @A: 13 01 26 07 | 08
#1110-d147 @A: 19 01 14 04 | 03
#1111-d147 @A: 20 14 11 01 | 07
#1112-d147 @A: 24 12 07 05 | 12
#1113-d147 @A: 18 12 29 05 | 06
#1114-d147 @A: 05 22 17 15 | 02
#1115-d147 @A: 27 26 19 05 | 09
#1116-d147 @A: 05 04 15 18 | 10
#1117-d147 @A: 13 29 07 22 | 11
#1118-d147 @A: 07 13 15 12 | 01
#1119-d147 @A: 27 15 07 32 | 04
#1120-d147 @A: 14 07 27 26 | 05
#1121-d147 @A: 08 17 07 27 | 08
#1122-d147 @A: 26 15 29 10 | 03
#1123-d147 @A: 24 19 10 12 | 07
#1124-d147 @A: 12 27 21 19 | 12
#1125-d147 @A: 24 21 22 11 | 06
#1126-d147 @A: 22 17 24 18 | 02
#1127-d147 @A: 18 31 22 10 | 09
#1128-d147 @A: 18 22 20 11 | 10
#1129-d147 @A: 20 21 24 13 | 11
#1130-d147 @A: 14 11 13 28 | 01
#1131-d147 @A: 04 08 10 21 | 04
#1132-d147 @A: 24 21 08 31 | 05
#1133-d147 @A: 01 30 34 06 | 08
#1134-d147 @A: 04 08 30 34 | 03
#1135-d147 @A: 30 28 02 21 | 07
#1136-d147 @A: 12 25 15 30 | 12
#1137-d147 @A: 20 27 25 30 | 06
#1138-d147 @A: 27 30 35 03 | 02
#1139-d147 @A: 06 21 30 35 | 09
#1140-d147 @A: 35 05 04 30 | 10
#1141-d147 @A: 30 01 20 03 | 11
#1142-d147 @A: 08 06 30 13 | 01
#1143-d147 @A: 29 08 30 22 | 04
#1144-d147 @A: 24 30 14 29 | 05
#1145-d147 @A: 30 12 20 22 | 08
#1146-d147 @A: 32 12 10 30 | 03
#1147-d147 @A: 30 19 13 04 | 07
#1148-d147 @A: 19 30 20 26 | 12
#1149-d147 @A: 19 10 28 30 | 06
#1150-d147 @A: 15 27 24 30 | 02
#1151-d147 @A: 10 30 18 24 | 09
#1152-d147 @A: 08 26 31 30 | 10
#1153-d147 @A: 07 02 34 27 | 11
#1154-d147 @A: 02 34 13 28 | 01
#1155-d147 @A: 06 33 34 24 | 04
#1156-d147 @A: 15 34 20 16 | 05
#1157-d147 @A: 03 09 34 19 | 08
#1158-d147 @A: 18 34 26 09 | 03
#1159-d147 @A: 22 32 35 34 | 07
#1160-d147 @A: 28 34 01 17 | 12
#1161-d147 @A: 07 34 17 29 | 06
#1162-d147 @A: 26 19 34 24 | 02
#1163-d147 @A: 19 20 27 34 | 09
#1164-d147 @A: 18 20 24 34 | 10
#1165-d147 @A: 02 33 03 29 | 11
#1166-d147 @A: 25 22 26 02 | 01
#1167-d147 @A: 16 06 32 02 | 04
#1168-d147 @A: 16 07 04 02 | 05
#1169-d147 @A: 32 09 22 02 | 08
#1170-d147 @A: 02 05 24 23 | 03
#1171-d147 @A: 02 32 18 23 | 07
#1172-d147 @A: 03 02 14 35 | 12
#1173-d147 @A: 02 01 35 21 | 06
#1174-d147 @A: 02 10 13 29 | 02
#1175-d147 @A: 12 17 22 02 | 09
#1176-d147 @A: 11 28 12 02 | 10
#1177-d147 @A: 27 19 02 15 | 11
#1178-d147 @A: 25 22 11 33 | 01
#1179-d147 @A: 16 20 33 22 | 04
#1180-d147 @A: 33 19 16 10 | 05
#1181-d147 @A: 16 08 15 33 | 08
#1182-d147 @A: 12 24 33 35 | 03
#1183-d147 @A: 14 06 33 03 | 07
#1184-d147 @A: 06 12 31 33 | 12
#1185-d147 @A: 28 12 05 33 | 06
#1186-d147 @A: 12 27 33 07 | 02
#1187-d147 @A: 24 33 13 08 | 09
#1188-d147 @A: 32 11 33 15 | 10
#1189-d147 @A: 25 16 01 29 | 11
#1190-d147 @A: 05 09 25 31 | 01
#1191-d147 @A: 09 25 20 11 | 04
#1192-d147 @A: 12 27 23 25 | 05
#1193-d147 @A: 19 25 01 35 | 08
#1194-d147 @A: 04 24 25 35 | 03
#1195-d147 @A: 03 06 25 32 | 07
#1196-d147 @A: 21 25 29 22 | 12
#1197-d147 @A: 19 25 10 04 | 06
#1198-d147 @A: 31 26 25 17 | 02
#1199-d147 @A: 25 18 21 28 | 09
#1200-d147 @A: 21 16 01 23 | 10
#1201-d147 @A: 28 16 23 12 | 11
#1202-d147 @A: 12 06 35 16 | 01
#1203-d147 @A: 11 01 35 16 | 04
#1204-d147 @A: 35 29 14 16 | 05
#1205-d147 @A: 31 19 03 16 | 08
#1206-d147 @A: 16 10 29 06 | 03
#1207-d147 @A: 05 27 29 16 | 07
#1208-d147 @A: 16 07 12 08 | 12
#1209-d147 @A: 19 11 32 16 | 06
#1210-d147 @A: 13 09 04 01 | 02
#1211-d147 @A: 07 09 29 24 | 09
#1212-d147 @A: 18 07 09 08 | 10
#1213-d147 @A: 18 14 09 19 | 11
#1214-d147 @A: 21 03 10 23 | 01
#1215-d147 @A: 19 10 23 01 | 04
#1216-d147 @A: 22 08 05 23 | 05
#1217-d147 @A: 04 23 26 14 | 08
#1218-d147 @A: 23 14 27 28 | 03
#1219-d147 @A: 10 05 35 03 | 07
#1220-d147 @A: 21 35 08 03 | 12
#1221-d147 @A: 29 01 35 26 | 06
#1222-d147 @A: 31 35 01 14 | 02
#1223-d147 @A: 35 29 28 12 | 09
#1224-d147 @A: 18 11 35 08 | 10
#1225-d147 @A: 01 31 29 03 | 11
#1226-d147 @A: 22 07 14 03 | 01
#1227-d147 @A: 12 17 14 03 | 04
#1228-d147 @A: 13 03 26 20 | 05
#1229-d147 @A: 19 03 26 18 | 08
#1230-d147 @A: 04 20 03 14 | 03
#1231-d147 @A: 27 03 18 15 | 07
#1232-d147 @A: 14 27 10 03 | 12
#1233-d147 @A: 29 17 22 06 | 06
#1234-d147 @A: 06 11 17 12 | 02
#1235-d147 @A: 08 26 04 06 | 09
#1236-d147 @A: 06 31 27 26 | 10
#1237-d147 @A: 05 26 14 01 | 11
#1238-d147 @A: 01 07 19 31 | 01
#1239-d147 @A: 01 28 12 22 | 04
#1240-d147 @A: 17 26 01 12 | 05
#1241-d147 @A: 08 20 21 01 | 08
#1242-d147 @A: 28 11 01 26 | 03
#1243-d147 @A: 05 07 21 22 | 07
#1244-d147 @A: 05 13 29 20 | 12
#1245-d147 @A: 20 31 05 24 | 06
#1246-d147 @A: 19 21 07 26 | 02
#1247-d147 @A: 14 10 07 04 | 09
#1248-d147 @A: 15 07 21 24 | 10
#1249-d147 @A: 31 07 14 18 | 11
#1250-d147 @A: 15 07 17 20 | 01
#1251-d147 @A: 13 12 14 29 | 04
#1252-d147 @A: 28 13 31 29 | 05
#1253-d147 @A: 19 04 31 29 | 08
#1254-d147 @A: 24 29 17 10 | 03
#1255-d147 @A: 28 15 17 29 | 07
#1256-d147 @A: 21 29 28 32 | 12
#1257-d147 @A: 12 15 19 14 | 06
#1258-d147 @A: 32 04 12 27 | 02
#1259-d147 @A: 12 31 24 27 | 09
#1260-d147 @A: 12 18 15 31 | 10
#1261-d147 @A: 27 17 12 28 | 11
#1262-d147 @A: 12 20 17 18 | 01
#1263-d147 @A: 19 11 13 22 | 04
#1264-d147 @A: 14 22 31 19 | 05
#1265-d147 @A: 21 04 22 31 | 08
#1266-d147 @A: 10 22 20 14 | 03
#1267-d147 @A: 13 10 19 21 | 07
#1268-d147 @A: 13 17 14 31 | 12
#1269-d147 @A: 10 20 13 11 | 06
#1270-d147 @A: 02 30 34 18 | 02
#1271-d147 @A: 26 34 13 30 | 09
#1272-d147 @A: 30 16 02 31 | 10
#1273-d147 @A: 29 19 02 30 | 11
#1274-d147 @A: 03 30 18 33 | 01
#1275-d147 @A: 33 30 22 26 | 04
#1276-d147 @A: 30 14 16 25 | 05
#1277-d147 @A: 13 30 16 18 | 08
#1278-d147 @A: 06 23 14 30 | 03
#1279-d147 @A: 30 29 17 23 | 07
#1280-d147 @A: 17 24 06 30 | 12
#1281-d147 @A: 01 21 05 30 | 06
#1282-d147 @A: 01 28 27 30 | 02
#1283-d147 @A: 14 30 20 31 | 09
#1284-d147 @A: 26 14 30 18 | 10
#1285-d147 @A: 05 15 02 34 | 11
#1286-d147 @A: 06 34 25 15 | 01
#1287-d147 @A: 09 34 31 22 | 04
#1288-d147 @A: 19 08 09 34 | 05
#1289-d147 @A: 06 35 04 34 | 08
#1290-d147 @A: 34 20 29 35 | 03
#1291-d147 @A: 20 34 06 05 | 07
#1292-d147 @A: 14 05 12 34 | 12
#1293-d147 @A: 22 26 05 34 | 06
#1294-d147 @A: 31 08 34 07 | 02
#1295-d147 @A: 29 34 24 11 | 09
#1296-d147 @A: 24 12 34 28 | 10
#1297-d147 @A: 02 25 14 20 | 11
#1298-d147 @A: 09 02 11 03 | 01
#1299-d147 @A: 02 01 23 12 | 04
#1300-d147 @A: 02 19 06 35 | 05
#1301-d147 @A: 13 08 07 02 | 08
#1302-d147 @A: 13 02 04 12 | 03
#1303-d147 @A: 02 20 15 26 | 07
#1304-d147 @A: 21 11 17 02 | 12
#1305-d147 @A: 08 02 21 11 | 06
#1306-d147 @A: 19 06 25 33 | 02
#1307-d147 @A: 25 32 10 33 | 09
#1308-d147 @A: 33 29 14 09 | 10
#1309-d147 @A: 26 09 32 33 | 11
#1310-d147 @A: 33 31 05 23 | 01
#1311-d147 @A: 35 13 20 33 | 04
#1312-d147 @A: 01 33 22 14 | 05
#1313-d147 @A: 07 29 33 05 | 08
#1314-d147 @A: 13 33 07 28 | 03
#1315-d147 @A: 33 11 13 12 | 07
#1316-d147 @A: 31 14 27 33 | 12
#1317-d147 @A: 15 33 18 10 | 06
#1318-d147 @A: 17 28 14 33 | 02
#1319-d147 @A: 28 10 33 20 | 09
#1320-d147 @A: 28 25 16 07 | 10
#1321-d147 @A: 20 25 21 16 | 11
#1322-d147 @A: 31 08 25 23 | 01
#1323-d147 @A: 25 27 06 22 | 04
#1324-d147 @A: 07 22 19 25 | 05
#1325-d147 @A: 17 25 24 19 | 08
#1326-d147 @A: 15 04 25 32 | 03
#1327-d147 @A: 26 25 20 24 | 07
#1328-d147 @A: 28 15 20 25 | 12
#1329-d147 @A: 23 09 04 16 | 06
#1330-d147 @A: 10 03 09 16 | 02
#1331-d147 @A: 16 06 09 01 | 09
#1332-d147 @A: 09 11 16 05 | 10
#1333-d147 @A: 29 16 21 09 | 11
#1334-d147 @A: 31 35 16 13 | 01
#1335-d147 @A: 10 16 15 32 | 04
#1336-d147 @A: 26 10 16 14 | 05
#1337-d147 @A: 16 14 21 08 | 08
#1338-d147 @A: 35 09 03 32 | 03
#1339-d147 @A: 19 29 09 35 | 07
#1340-d147 @A: 35 12 18 09 | 12
#1341-d147 @A: 07 03 09 17 | 06
#1342-d147 @A: 22 13 09 06 | 02
#1343-d147 @A: 21 09 06 14 | 09
#1344-d147 @A: 11 09 01 07 | 10
#1345-d147 @A: 12 01 14 09 | 11
#1346-d147 @A: 29 09 13 08 | 01
#1347-d147 @A: 24 31 09 21 | 04
#1348-d147 @A: 10 28 21 09 | 05
#1349-d147 @A: 20 23 35 01 | 08
#1350-d147 @A: 01 27 23 03 | 03
#1351-d147 @A: 32 03 08 23 | 07
#1352-d147 @A: 12 26 23 29 | 12
#1353-d147 @A: 12 10 04 23 | 06
#1354-d147 @A: 24 26 23 15 | 02
#1355-d147 @A: 28 31 23 10 | 09
#1356-d147 @A: 28 32 23 15 | 10
#1357-d147 @A: 07 35 27 29 | 11
#1358-d147 @A: 27 12 35 13 | 01
#1359-d147 @A: 11 35 32 13 | 04
#1360-d147 @A: 19 31 10 35 | 05
#1361-d147 @A: 17 35 27 10 | 08
#1362-d147 @A: 35 11 20 26 | 03
#1363-d147 @A: 21 28 35 20 | 07
#1364-d147 @A: 20 32 18 35 | 12
#1365-d147 @A: 03 21 06 05 | 06
#1366-d147 @A: 13 06 11 03 | 02
#1367-d147 @A: 17 03 06 19 | 09
#1368-d147 @A: 03 12 04 01 | 10
#1369-d147 @A: 03 32 12 22 | 11
#1370-d147 @A: 22 26 24 03 | 01
#1371-d147 @A: 15 04 03 21 | 04
#1372-d147 @A: 15 03 10 28 | 05
#1373-d147 @A: 26 03 21 14 | 08
#1374-d147 @A: 03 11 28 32 | 03
#1375-d147 @A: 22 07 15 06 | 07
#1376-d147 @A: 07 06 20 08 | 12
#1377-d147 @A: 29 12 08 06 | 06
#1378-d147 @A: 27 28 32 06 | 02
#1379-d147 @A: 21 01 19 28 | 09
#1380-d147 @A: 04 24 15 01 | 10
#1381-d147 @A: 01 24 26 21 | 11
#1382-d147 @A: 21 01 10 27 | 01
#1383-d147 @A: 26 10 05 04 | 04
#1384-d147 @A: 24 08 05 11 | 05
#1385-d147 @A: 15 31 26 05 | 08
#1386-d147 @A: 15 10 20 05 | 03
#1387-d147 @A: 17 32 05 11 | 07
#1388-d147 @A: 12 32 20 07 | 12
#1389-d147 @A: 07 10 22 17 | 06
#1390-d147 @A: 07 21 28 14 | 02
#1391-d147 @A: 21 10 07 32 | 09
#1392-d147 @A: 18 29 08 04 | 10
#1393-d147 @A: 29 32 24 08 | 11
#1394-d147 @A: 18 27 29 28 | 01
#1395-d147 @A: 20 17 29 26 | 04
#1396-d147 @A: 17 04 15 12 | 05
#1397-d147 @A: 12 15 26 27 | 08
#1398-d147 @A: 26 13 22 15 | 03
#1399-d147 @A: 27 13 22 18 | 07
#1400-d147 @A: 04 08 22 19 | 12
#1401-d147 @A: 22 15 18 14 | 06
#1402-d147 @A: 22 17 11 14 | 02
#1403-d147 @A: 13 24 27 19 | 09
#1404-d147 @A: 24 15 13 14 | 10
#1405-d147 @A: 13 32 08 20 | 11
#1406-d147 @A: 18 32 17 13 | 01
#1407-d147 @A: 10 08 19 27 | 04
#1408-d147 @A: 23 34 30 20 | 05
#1409-d147 @A: 19 30 12 34 | 08
#1410-d147 @A: 33 02 04 30 | 03
#1411-d147 @A: 12 30 02 27 | 07
#1412-d147 @A: 02 30 08 28 | 12
#1413-d147 @A: 16 01 30 19 | 06
#1414-d147 @A: 30 14 35 09 | 02
#1415-d147 @A: 08 09 01 30 | 09
#1416-d147 @A: 17 30 09 22 | 10
#1417-d147 @A: 30 35 08 20 | 11
#1418-d147 @A: 28 13 05 30 | 01
#1419-d147 @A: 15 29 22 30 | 04
#1420-d147 @A: 24 30 26 04 | 05
#1421-d147 @A: 28 04 31 30 | 08
#1422-d147 @A: 17 30 08 24 | 03
#1423-d147 @A: 25 34 28 33 | 07
#1424-d147 @A: 33 34 09 21 | 12
#1425-d147 @A: 35 17 25 34 | 06
#1426-d147 @A: 34 05 18 25 | 02
#1427-d147 @A: 25 12 34 21 | 09
#1428-d147 @A: 31 17 34 16 | 10
#1429-d147 @A: 26 28 16 34 | 11
#1430-d147 @A: 34 15 09 11 | 01
#1431-d147 @A: 34 29 04 23 | 04
#1432-d147 @A: 18 35 34 10 | 05
#1433-d147 @A: 34 18 12 01 | 08
#1434-d147 @A: 10 34 20 01 | 03
#1435-d147 @A: 31 20 34 12 | 07
#1436-d147 @A: 14 19 32 34 | 12
#1437-d147 @A: 34 21 17 19 | 06
#1438-d147 @A: 34 28 27 15 | 02
#1439-d147 @A: 34 27 21 14 | 09
#1440-d147 @A: 32 34 21 11 | 10
#1441-d147 @A: 33 16 26 02 | 11
#1442-d147 @A: 01 16 05 02 | 01
#1443-d147 @A: 02 29 20 09 | 04
#1444-d147 @A: 09 02 19 12 | 05
#1445-d147 @A: 02 22 23 27 | 08
#1446-d147 @A: 02 35 31 05 | 03
#1447-d147 @A: 06 02 24 12 | 07
#1448-d147 @A: 07 01 02 28 | 12
#1449-d147 @A: 05 11 02 18 | 06
#1450-d147 @A: 18 22 02 07 | 02
#1451-d147 @A: 02 19 24 11 | 09
#1452-d147 @A: 31 32 02 19 | 10
#1453-d147 @A: 21 31 02 14 | 11
#1454-d147 @A: 08 02 14 31 | 01
#1455-d147 @A: 17 10 28 02 | 04
#1456-d147 @A: 33 26 35 25 | 05
#1457-d147 @A: 31 25 33 29 | 08
#1458-d147 @A: 33 06 09 18 | 03
#1459-d147 @A: 33 18 04 23 | 07
#1460-d147 @A: 22 03 33 15 | 12
#1461-d147 @A: 07 33 24 22 | 06
#1462-d147 @A: 08 26 07 33 | 02
#1463-d147 @A: 13 04 29 33 | 09
#1464-d147 @A: 18 33 22 08 | 10
#1465-d147 @A: 28 04 33 19 | 11
#1466-d147 @A: 33 14 15 04 | 01
#1467-d147 @A: 20 17 33 24 | 04
#1468-d147 @A: 17 15 33 26 | 05
#1469-d147 @A: 18 32 28 33 | 08
#1470-d147 @A: 03 25 09 04 | 03
#1471-d147 @A: 10 09 22 25 | 07
#1472-d147 @A: 15 26 03 25 | 12
#1473-d147 @A: 25 15 29 07 | 06
#1474-d147 @A: 27 21 07 25 | 02
#1475-d147 @A: 29 25 12 17 | 09
#1476-d147 @A: 25 04 11 29 | 10
#1477-d147 @A: 18 26 27 25 | 11
#1478-d147 @A: 03 23 32 16 | 01
#1479-d147 @A: 15 16 13 23 | 04
#1480-d147 @A: 32 28 16 05 | 05
#1481-d147 @A: 29 08 20 16 | 08
#1482-d147 @A: 22 14 27 16 | 03
#1483-d147 @A: 21 23 09 07 | 07
#1484-d147 @A: 09 12 23 20 | 12
#1485-d147 @A: 35 05 21 09 | 06
#1486-d147 @A: 05 15 06 09 | 02
#1487-d147 @A: 31 06 09 10 | 09
#1488-d147 @A: 05 29 04 09 | 10
#1489-d147 @A: 17 10 09 08 | 11
#1490-d147 @A: 23 11 35 03 | 01
#1491-d147 @A: 10 23 35 13 | 04
#1492-d147 @A: 35 23 08 19 | 05
#1493-d147 @A: 20 03 29 23 | 08
#1494-d147 @A: 13 12 32 23 | 03
#1495-d147 @A: 27 24 23 11 | 07
#1496-d147 @A: 11 15 23 18 | 12
#1497-d147 @A: 21 18 26 23 | 06
#1498-d147 @A: 28 26 23 17 | 02
#1499-d147 @A: 27 35 22 11 | 09
#1500-d147 @A: 04 26 35 27 | 10
#1501-d147 @A: 31 15 35 32 | 11
#1502-d147 @A: 31 35 26 18 | 01
#1503-d147 @A: 18 01 06 03 | 04
#1504-d147 @A: 07 01 15 03 | 05
#1505-d147 @A: 03 17 29 05 | 08
#1506-d147 @A: 32 19 07 03 | 03
#1507-d147 @A: 29 03 12 10 | 07
#1508-d147 @A: 24 19 03 04 | 12
#1509-d147 @A: 08 15 11 03 | 06
#1510-d147 @A: 01 10 07 06 | 02
#1511-d147 @A: 11 04 32 06 | 09
#1512-d147 @A: 21 06 31 28 | 10
#1513-d147 @A: 08 15 06 27 | 11
#1514-d147 @A: 10 06 15 11 | 01
#1515-d147 @A: 01 05 32 07 | 04
#1516-d147 @A: 32 07 08 01 | 05
#1517-d147 @A: 21 32 01 13 | 08
#1518-d147 @A: 01 19 18 32 | 03
#1519-d147 @A: 15 01 17 21 | 07
#1520-d147 @A: 17 01 18 11 | 12
#1521-d147 @A: 05 29 10 22 | 06
#1522-d147 @A: 05 21 29 26 | 02
#1523-d147 @A: 10 13 17 05 | 09
#1524-d147 @A: 04 05 24 14 | 10
#1525-d147 @A: 07 22 12 04 | 11
#1526-d147 @A: 10 13 24 07 | 01
#1527-d147 @A: 24 07 17 28 | 04
#1528-d147 @A: 28 07 20 31 | 05
#1529-d147 @A: 17 26 32 07 | 08
#1530-d147 @A: 27 21 29 24 | 03
#1531-d147 @A: 24 32 20 29 | 07
#1532-d147 @A: 12 26 04 28 | 12
#1533-d147 @A: 12 21 11 31 | 06
#1534-d147 @A: 31 24 13 22 | 02
#1535-d147 @A: 10 28 13 22 | 09
#1536-d147 @A: 14 22 28 26 | 10
#1537-d147 @A: 04 13 10 31 | 11
#1538-d147 @A: 27 13 20 04 | 01
#1539-d147 @A: 31 32 13 27 | 04
#1540-d147 @A: 08 13 31 18 | 05
#1541-d147 @A: 15 21 11 13 | 08
#1542-d147 @A: 17 21 08 31 | 03
#1543-d147 @A: 26 08 14 18 | 07
#1544-d147 @A: 30 29 34 32 | 12
#1545-d147 @A: 07 30 02 26 | 06
#1546-d147 @A: 14 22 30 02 | 02
#1547-d147 @A: 33 31 01 30 | 09
#1548-d147 @A: 25 30 29 09 | 10
#1549-d147 @A: 30 25 28 23 | 11
#1550-d147 @A: 30 31 07 25 | 01
#1551-d147 @A: 17 30 16 21 | 04
#1552-d147 @A: 19 09 06 30 | 05
#1553-d147 @A: 30 23 03 19 | 08
#1554-d147 @A: 11 30 06 07 | 03
#1555-d147 @A: 30 18 12 06 | 07
#1556-d147 @A: 17 01 07 30 | 12
#1557-d147 @A: 01 29 10 30 | 06
#1558-d147 @A: 22 30 07 32 | 02
#1559-d147 @A: 20 30 13 07 | 09
#1560-d147 @A: 07 19 08 30 | 10
#1561-d147 @A: 26 30 27 29 | 11
#1562-d147 @A: 30 11 18 04 | 01
#1563-d147 @A: 30 27 21 18 | 04
#1564-d147 @A: 28 30 18 20 | 05
#1565-d147 @A: 33 34 31 35 | 08
#1566-d147 @A: 34 18 33 13 | 03
#1567-d147 @A: 16 34 32 25 | 07
#1568-d147 @A: 24 07 25 34 | 12
#1569-d147 @A: 09 28 34 29 | 06
#1570-d147 @A: 09 13 34 20 | 02
#1571-d147 @A: 26 07 34 23 | 09
#1572-d147 @A: 06 03 34 26 | 10
#1573-d147 @A: 34 21 05 13 | 11
#1574-d147 @A: 04 24 34 31 | 01
#1575-d147 @A: 34 15 14 31 | 04
#1576-d147 @A: 28 10 32 34 | 05
#1577-d147 @A: 33 08 03 02 | 08
#1578-d147 @A: 21 09 25 02 | 03
#1579-d147 @A: 25 27 35 02 | 07
#1580-d147 @A: 02 23 16 08 | 12
#1581-d147 @A: 02 18 16 29 | 06
#1582-d147 @A: 16 02 19 13 | 02
#1583-d147 @A: 16 21 02 15 | 09
#1584-d147 @A: 02 35 04 09 | 10
#1585-d147 @A: 14 23 02 19 | 11
#1586-d147 @A: 02 19 06 08 | 01
#1587-d147 @A: 15 04 06 02 | 04
#1588-d147 @A: 02 01 20 22 | 05
#1589-d147 @A: 19 17 02 01 | 08
#1590-d147 @A: 07 10 05 02 | 03
#1591-d147 @A: 21 02 19 05 | 07
#1592-d147 @A: 02 10 20 21 | 12
#1593-d147 @A: 25 33 24 09 | 06
#1594-d147 @A: 12 09 33 04 | 02
#1595-d147 @A: 32 22 33 23 | 09
#1596-d147 @A: 18 33 01 29 | 10
#1597-d147 @A: 12 14 26 33 | 11
#1598-d147 @A: 28 33 31 22 | 01
#1599-d147 @A: 15 19 33 21 | 04
#1600-d147 @A: 04 33 11 24 | 05
#1601-d147 @A: 17 31 10 33 | 08
#1602-d147 @A: 11 27 33 28 | 03
#1603-d147 @A: 16 09 18 25 | 07
#1604-d147 @A: 06 16 31 25 | 12
#1605-d147 @A: 04 22 16 25 | 06
#1606-d147 @A: 08 14 09 25 | 02
#1607-d147 @A: 25 23 20 07 | 09
#1608-d147 @A: 23 17 22 25 | 10
#1609-d147 @A: 25 24 23 32 | 11
#1610-d147 @A: 25 06 11 01 | 01
#1611-d147 @A: 01 05 25 20 | 04
#1612-d147 @A: 07 17 25 05 | 05
#1613-d147 @A: 32 25 07 18 | 08
#1614-d147 @A: 26 25 32 14 | 03
#1615-d147 @A: 05 04 13 16 | 07
#1616-d147 @A: 16 05 08 17 | 12
#1617-d147 @A: 04 19 16 27 | 06
#1618-d147 @A: 08 16 11 19 | 02
#1619-d147 @A: 16 20 28 14 | 09
#1620-d147 @A: 09 03 23 28 | 10
#1621-d147 @A: 09 15 23 19 | 11
#1622-d147 @A: 23 18 31 09 | 01
#1623-d147 @A: 09 13 26 35 | 04
#1624-d147 @A: 09 27 01 29 | 05
#1625-d147 @A: 22 27 09 12 | 08
#1626-d147 @A: 09 14 10 24 | 03
#1627-d147 @A: 11 27 18 09 | 07
#1628-d147 @A: 26 09 21 17 | 12
#1629-d147 @A: 01 23 05 28 | 06
#1630-d147 @A: 07 28 22 23 | 02
#1631-d147 @A: 11 31 07 23 | 09
#1632-d147 @A: 31 22 12 23 | 10
#1633-d147 @A: 08 23 04 12 | 11
#1634-d147 @A: 28 13 20 23 | 01
#1635-d147 @A: 15 17 23 10 | 04
#1636-d147 @A: 23 26 32 27 | 05
#1637-d147 @A: 10 14 32 23 | 08
#1638-d147 @A: 20 35 22 06 | 03
#1639-d147 @A: 35 15 06 24 | 07
#1640-d147 @A: 17 06 35 31 | 12
#1641-d147 @A: 35 05 29 32 | 06
#1642-d147 @A: 19 22 35 12 | 02
#1643-d147 @A: 28 24 19 35 | 09
#1644-d147 @A: 04 35 24 08 | 10
#1645-d147 @A: 35 32 14 17 | 11
#1646-d147 @A: 18 21 11 35 | 01
#1647-d147 @A: 19 05 03 12 | 04
#1648-d147 @A: 03 14 29 18 | 05
#1649-d147 @A: 28 12 13 03 | 08
#1650-d147 @A: 03 32 04 26 | 03
#1651-d147 @A: 27 01 15 06 | 07
#1652-d147 @A: 14 08 05 06 | 12
#1653-d147 @A: 13 18 21 06 | 06
#1654-d147 @A: 24 19 20 06 | 02
#1655-d147 @A: 10 32 19 06 | 09
#1656-d147 @A: 28 04 06 17 | 10
#1657-d147 @A: 11 21 06 27 | 11
#1658-d147 @A: 24 01 12 20 | 01
#1659-d147 @A: 17 04 01 20 | 04
#1660-d147 @A: 01 27 17 31 | 05
#1661-d147 @A: 11 08 01 27 | 08
#1662-d147 @A: 24 05 19 29 | 03
#1663-d147 @A: 24 05 15 11 | 07
#1664-d147 @A: 11 10 27 05 | 12
#1665-d147 @A: 05 17 18 27 | 06
#1666-d147 @A: 21 05 17 14 | 02
#1667-d147 @A: 24 18 07 19 | 09
#1668-d147 @A: 19 14 17 07 | 10
#1669-d147 @A: 10 07 11 19 | 11
#1670-d147 @A: 17 04 07 31 | 01
#1671-d147 @A: 14 20 07 24 | 04
#1672-d147 @A: 15 28 07 26 | 05
#1673-d147 @A: 19 17 08 29 | 08
#1674-d147 @A: 32 04 29 10 | 03
#1675-d147 @A: 24 31 29 15 | 07
#1676-d147 @A: 31 29 17 21 | 12
#1677-d147 @A: 14 10 21 29 | 06
#1678-d147 @A: 18 13 12 19 | 02
#1679-d147 @A: 04 24 12 21 | 09
#1680-d147 @A: 12 21 28 15 | 10
#1681-d147 @A: 08 15 12 18 | 11
#1682-d147 @A: 20 12 26 21 | 01
#1683-d147 @A: 32 22 13 04 | 04
#1684-d147 @A: 22 19 32 28 | 05
#1685-d147 @A: 08 14 22 11 | 08
#1686-d147 @A: 17 28 22 08 | 03
#1687-d147 @A: 19 13 08 21 | 07
#1688-d147 @A: 31 18 13 11 | 12
#1689-d147 @A: 11 08 26 10 | 06
