#0001-d152 @A: 30 27 31 20 | 09
#0002-d152 @A: 26 31 11 03 | 02
#0003-d152 @A: 28 11 31 33 | 10
#0004-d152 @A: 04 31 26 27 | 06
#0005-d152 @A: 30 31 19 13 | 12
#0006-d152 @A: 35 30 06 31 | 03
#0007-d152 @A: 31 26 18 30 | 11
#0008-d152 @A: 31 28 15 13 | 08
#0009-d152 @A: 02 21 19 31 | 05
#0010-d152 @A: 31 01 29 21 | 04
#0011-d152 @A: 31 16 03 21 | 01
#0012-d152 @A: 15 31 33 21 | 07
#0013-d152 @A: 02 31 34 08 | 09
#0014-d152 @A: 05 31 32 03 | 02
#0015-d152 @A: 34 31 26 06 | 10
#0016-d152 @A: 08 31 07 05 | 06
#0017-d152 @A: 31 27 09 14 | 12
#0018-d152 @A: 28 31 18 24 | 03
#0019-d152 @A: 32 23 29 31 | 11
#0020-d152 @A: 20 25 17 30 | 08
#0021-d152 @A: 35 33 20 22 | 05
#0022-d152 @A: 02 23 20 26 | 04
#0023-d152 @A: 12 06 02 20 | 01
#0024-d152 @A: 01 27 20 34 | 07
#0025-d152 @A: 29 20 06 01 | 09
#0026-d152 @A: 20 07 26 03 | 02
#0027-d152 @A: 20 05 32 33 | 10
#0028-d152 @A: 15 20 33 09 | 06
#0029-d152 @A: 33 27 20 07 | 12
#0030-d152 @A: 12 09 26 20 | 03
#0031-d152 @A: 17 26 20 10 | 11
#0032-d152 @A: 29 12 07 20 | 08
#0033-d152 @A: 20 34 19 09 | 05
#0034-d152 @A: 09 20 24 27 | 04
#0035-d152 @A: 10 25 15 20 | 01
#0036-d152 @A: 29 10 20 27 | 07
#0037-d152 @A: 23 32 15 20 | 09
#0038-d152 @A: 04 24 26 11 | 02
#0039-d152 @A: 04 34 08 11 | 10
#0040-d152 @A: 11 30 14 35 | 06
#0041-d152 @A: 05 33 35 11 | 12
#0042-d152 @A: 28 11 26 35 | 03
#0043-d152 @A: 19 02 01 11 | 11
#0044-d152 @A: 16 02 11 03 | 08
#0045-d152 @A: 18 11 17 02 | 05
#0046-d152 @A: 25 02 11 05 | 04
#0047-d152 @A: 15 11 01 24 | 01
#0048-d152 @A: 33 11 19 03 | 07
#0049-d152 @A: 33 09 17 11 | 09
#0050-d152 @A: 11 32 12 08 | 02
#0051-d152 @A: 11 17 23 24 | 10
#0052-d152 @A: 10 11 15 16 | 06
#0053-d152 @A: 18 23 11 15 | 12
#0054-d152 @A: 18 07 32 11 | 03
#0055-d152 @A: 04 32 05 30 | 11
#0056-d152 @A: 04 15 34 13 | 08
#0057-d152 @A: 04 01 23 21 | 05
#0058-d152 @A: 21 04 07 26 | 04
#0059-d152 @A: 01 22 27 04 | 01
#0060-d152 @A: 03 33 07 04 | 07
#0061-d152 @A: 03 10 05 04 | 09
#0062-d152 @A: 12 04 17 26 | 02
#0063-d152 @A: 17 22 24 04 | 10
#0064-d152 @A: 18 04 34 28 | 06
#0065-d152 @A: 09 06 04 16 | 12
#0066-d152 @A: 04 15 10 09 | 03
#0067-d152 @A: 29 04 28 19 | 11
#0068-d152 @A: 35 21 19 30 | 08
#0069-d152 @A: 21 10 26 30 | 05
#0070-d152 @A: 05 30 35 23 | 04
#0071-d152 @A: 08 24 30 35 | 01
#0072-d152 @A: 33 16 30 02 | 07
#0073-d152 @A: 30 02 28 09 | 09
#0074-d152 @A: 28 34 03 30 | 02
#0075-d152 @A: 30 33 08 32 | 10
#0076-d152 @A: 33 30 19 27 | 06
#0077-d152 @A: 26 08 30 15 | 12
#0078-d152 @A: 30 10 09 19 | 03
#0079-d152 @A: 24 30 19 23 | 11
#0080-d152 @A: 18 13 21 02 | 08
#0081-d152 @A: 10 35 17 13 | 05
#0082-d152 @A: 27 33 13 10 | 04
#0083-d152 @A: 13 08 17 15 | 01
#0084-d152 @A: 25 34 13 17 | 07
#0085-d152 @A: 32 13 23 05 | 09
#0086-d152 @A: 13 24 23 07 | 02
#0087-d152 @A: 13 22 32 19 | 10
#0088-d152 @A: 29 18 13 19 | 06
#0089-d152 @A: 01 21 05 28 | 12
#0090-d152 @A: 34 12 21 32 | 03
#0091-d152 @A: 21 16 06 25 | 11
#0092-d152 @A: 10 21 18 23 | 08
#0093-d152 @A: 19 07 21 24 | 05
#0094-d152 @A: 01 05 35 14 | 04
#0095-d152 @A: 10 03 33 35 | 01
#0096-d152 @A: 33 17 35 15 | 07
#0097-d152 @A: 08 26 35 18 | 09
#0098-d152 @A: 35 18 27 12 | 02
#0099-d152 @A: 28 19 35 05 | 10
#0100-d152 @A: 35 15 24 09 | 06
#0101-d152 @A: 32 22 14 35 | 12
#0102-d152 @A: 35 32 18 23 | 03
#0103-d152 @A: 25 24 06 35 | 11
#0104-d152 @A: 07 02 16 24 | 08
#0105-d152 @A: 18 28 02 09 | 05
#0106-d152 @A: 01 32 33 03 | 04
#0107-d152 @A: 03 01 22 34 | 01
#0108-d152 @A: 23 12 34 01 | 07
#0109-d152 @A: 16 01 12 15 | 09
#0110-d152 @A: 09 01 14 29 | 02
#0111-d152 @A: 10 01 27 28 | 10
#0112-d152 @A: 15 28 01 29 | 06
#0113-d152 @A: 01 24 25 18 | 12
#0114-d152 @A: 03 06 33 17 | 03
#0115-d152 @A: 33 03 24 34 | 11
#0116-d152 @A: 08 16 03 26 | 08
#0117-d152 @A: 29 15 03 08 | 05
#0118-d152 @A: 10 09 03 32 | 04
#0119-d152 @A: 23 14 18 03 | 01
#0120-d152 @A: 27 03 22 14 | 07
#0121-d152 @A: 15 33 26 12 | 09
#0122-d152 @A: 24 05 25 33 | 02
#0123-d152 @A: 33 27 28 22 | 10
#0124-d152 @A: 25 23 33 07 | 06
#0125-d152 @A: 23 33 29 27 | 12
#0126-d152 @A: 32 33 22 24 | 03
#0127-d152 @A: 33 27 32 25 | 11
#0128-d152 @A: 12 08 29 26 | 08
#0129-d152 @A: 08 14 26 24 | 05
#0130-d152 @A: 26 22 23 27 | 04
#0131-d152 @A: 27 32 26 29 | 01
#0132-d152 @A: 05 34 12 14 | 07
#0133-d152 @A: 28 32 16 12 | 09
#0134-d152 @A: 12 18 09 23 | 02
#0135-d152 @A: 09 12 22 07 | 10
#0136-d152 @A: 16 18 24 17 | 06
#0137-d152 @A: 29 15 17 06 | 12
#0138-d152 @A: 23 15 05 09 | 03
#0139-d152 @A: 25 09 05 06 | 11
#0140-d152 @A: 28 10 34 08 | 08
#0141-d152 @A: 29 08 19 34 | 05
#0142-d152 @A: 09 16 18 08 | 04
#0143-d152 @A: 08 27 07 19 | 01
#0144-d152 @A: 08 24 29 06 | 07
#0145-d152 @A: 06 09 34 14 | 09
#0146-d152 @A: 34 09 22 25 | 02
#0147-d152 @A: 19 07 34 15 | 10
#0148-d152 @A: 04 19 20 31 | 06
#0149-d152 @A: 20 16 31 05 | 12
#0150-d152 @A: 20 29 31 28 | 03
#0151-d152 @A: 31 03 04 15 | 11
#0152-d152 @A: 25 08 04 31 | 08
#0153-d152 @A: 26 31 30 16 | 05
#0154-d152 @A: 16 31 13 33 | 04
#0155-d152 @A: 31 24 35 17 | 01
#0156-d152 @A: 03 29 31 02 | 07
#0157-d152 @A: 31 10 17 02 | 09
#0158-d152 @A: 03 08 31 10 | 02
#0159-d152 @A: 18 31 34 03 | 10
#0160-d152 @A: 33 19 31 14 | 06
#0161-d152 @A: 17 22 26 31 | 12
#0162-d152 @A: 31 17 32 12 | 03
#0163-d152 @A: 12 15 08 31 | 11
#0164-d152 @A: 19 05 06 31 | 08
#0165-d152 @A: 27 15 31 05 | 05
#0166-d152 @A: 24 11 21 20 | 04
#0167-d152 @A: 11 05 20 15 | 01
#0168-d152 @A: 20 06 30 04 | 07
#0169-d152 @A: 21 20 04 29 | 09
#0170-d152 @A: 14 04 33 20 | 02
#0171-d152 @A: 20 16 30 35 | 10
#0172-d152 @A: 20 08 27 13 | 06
#0173-d152 @A: 10 24 13 20 | 12
#0174-d152 @A: 34 20 21 07 | 03
#0175-d152 @A: 32 20 25 21 | 11
#0176-d152 @A: 26 35 20 27 | 08
#0177-d152 @A: 20 35 14 29 | 05
#0178-d152 @A: 20 01 33 28 | 04
#0179-d152 @A: 32 03 20 12 | 01
#0180-d152 @A: 20 03 34 15 | 07
#0181-d152 @A: 20 10 22 03 | 09
#0182-d152 @A: 05 23 17 20 | 02
#0183-d152 @A: 25 20 28 16 | 10
#0184-d152 @A: 28 20 09 10 | 06
#0185-d152 @A: 14 20 09 25 | 12
#0186-d152 @A: 09 20 29 32 | 03
#0187-d152 @A: 15 02 11 04 | 11
#0188-d152 @A: 30 32 03 11 | 08
#0189-d152 @A: 25 01 35 11 | 05
#0190-d152 @A: 12 11 33 06 | 04
#0191-d152 @A: 18 33 11 27 | 01
#0192-d152 @A: 26 11 18 14 | 07
#0193-d152 @A: 34 11 12 18 | 09
#0194-d152 @A: 14 11 17 15 | 02
#0195-d152 @A: 09 27 11 23 | 10
#0196-d152 @A: 11 19 09 24 | 06
#0197-d152 @A: 23 11 07 22 | 12
#0198-d152 @A: 13 17 28 04 | 03
#0199-d152 @A: 14 12 21 04 | 11
#0200-d152 @A: 15 33 04 01 | 08
#0201-d152 @A: 07 04 01 05 | 05
#0202-d152 @A: 33 04 05 16 | 04
#0203-d152 @A: 04 18 16 26 | 01
#0204-d152 @A: 04 17 23 08 | 07
#0205-d152 @A: 29 09 27 04 | 09
#0206-d152 @A: 24 04 07 28 | 02
#0207-d152 @A: 04 10 29 32 | 10
#0208-d152 @A: 15 28 35 30 | 06
#0209-d152 @A: 32 27 30 35 | 12
#0210-d152 @A: 01 02 07 30 | 03
#0211-d152 @A: 30 05 10 01 | 11
#0212-d152 @A: 30 07 26 33 | 08
#0213-d152 @A: 16 17 30 19 | 05
#0214-d152 @A: 30 34 24 14 | 04
#0215-d152 @A: 23 30 25 32 | 01
#0216-d152 @A: 30 15 18 22 | 07
#0217-d152 @A: 09 06 13 02 | 09
#0218-d152 @A: 10 18 13 03 | 02
#0219-d152 @A: 14 33 06 13 | 10
#0220-d152 @A: 10 12 08 13 | 06
#0221-d152 @A: 13 22 34 23 | 12
#0222-d152 @A: 13 23 18 34 | 03
#0223-d152 @A: 13 09 22 14 | 11
#0224-d152 @A: 07 22 13 28 | 08
#0225-d152 @A: 15 29 23 13 | 05
#0226-d152 @A: 24 32 06 13 | 04
#0227-d152 @A: 32 08 01 21 | 01
#0228-d152 @A: 21 23 33 17 | 07
#0229-d152 @A: 21 05 23 08 | 09
#0230-d152 @A: 16 21 22 29 | 02
#0231-d152 @A: 23 09 21 29 | 10
#0232-d152 @A: 29 10 28 21 | 06
#0233-d152 @A: 21 25 27 23 | 12
#0234-d152 @A: 21 07 18 06 | 03
#0235-d152 @A: 24 29 21 25 | 11
#0236-d152 @A: 17 22 35 03 | 08
#0237-d152 @A: 09 35 10 23 | 05
#0238-d152 @A: 25 09 19 35 | 04
#0239-d152 @A: 35 22 23 28 | 01
#0240-d152 @A: 35 22 15 07 | 07
#0241-d152 @A: 27 03 25 02 | 09
#0242-d152 @A: 33 14 34 02 | 02
#0243-d152 @A: 34 23 05 02 | 10
#0244-d152 @A: 02 28 07 23 | 06
#0245-d152 @A: 22 07 02 25 | 12
#0246-d152 @A: 27 09 03 01 | 03
#0247-d152 @A: 01 33 12 14 | 11
#0248-d152 @A: 16 01 34 33 | 08
#0249-d152 @A: 28 01 23 24 | 05
#0250-d152 @A: 19 01 22 28 | 04
#0251-d152 @A: 28 01 32 06 | 01
#0252-d152 @A: 10 01 07 22 | 07
#0253-d152 @A: 15 19 01 14 | 09
#0254-d152 @A: 01 06 24 07 | 02
#0255-d152 @A: 27 25 24 01 | 10
#0256-d152 @A: 03 07 23 12 | 06
#0257-d152 @A: 24 03 22 05 | 12
#0258-d152 @A: 29 03 34 32 | 03
#0259-d152 @A: 28 03 07 16 | 11
#0260-d152 @A: 03 19 24 25 | 08
#0261-d152 @A: 19 03 06 27 | 05
#0262-d152 @A: 06 07 22 03 | 04
#0263-d152 @A: 27 32 03 24 | 01
#0264-d152 @A: 14 33 26 17 | 07
#0265-d152 @A: 12 08 23 33 | 09
#0266-d152 @A: 17 28 34 33 | 02
#0267-d152 @A: 33 34 18 19 | 10
#0268-d152 @A: 29 33 10 07 | 06
#0269-d152 @A: 25 15 33 14 | 12
#0270-d152 @A: 33 07 19 22 | 03
#0271-d152 @A: 16 27 26 19 | 11
#0272-d152 @A: 07 29 26 23 | 08
#0273-d152 @A: 28 12 34 27 | 05
#0274-d152 @A: 12 16 19 24 | 04
#0275-d152 @A: 22 16 27 12 | 01
#0276-d152 @A: 28 14 12 29 | 07
#0277-d152 @A: 28 22 15 12 | 09
#0278-d152 @A: 10 12 06 07 | 02
#0279-d152 @A: 14 12 15 23 | 10
#0280-d152 @A: 19 06 09 17 | 06
#0281-d152 @A: 18 19 05 28 | 12
#0282-d152 @A: 24 15 28 05 | 03
#0283-d152 @A: 07 28 09 08 | 11
#0284-d152 @A: 32 08 28 24 | 08
#0285-d152 @A: 34 23 15 10 | 05
#0286-d152 @A: 34 23 27 14 | 04
#0287-d152 @A: 19 34 27 32 | 01
#0288-d152 @A: 07 18 16 28 | 07
#0289-d152 @A: 16 14 18 06 | 09
#0290-d152 @A: 18 24 09 19 | 02
#0291-d152 @A: 10 29 24 18 | 10
#0292-d152 @A: 31 04 09 11 | 06
#0293-d152 @A: 11 31 30 22 | 12
#0294-d152 @A: 31 35 11 21 | 03
#0295-d152 @A: 11 31 14 01 | 11
#0296-d152 @A: 04 24 31 05 | 08
#0297-d152 @A: 31 22 13 08 | 05
#0298-d152 @A: 31 12 23 21 | 04
#0299-d152 @A: 02 01 23 31 | 01
#0300-d152 @A: 19 01 34 31 | 07
#0301-d152 @A: 10 15 31 01 | 09
#0302-d152 @A: 31 03 34 14 | 02
#0303-d152 @A: 31 26 29 33 | 10
#0304-d152 @A: 19 31 12 26 | 06
#0305-d152 @A: 31 12 18 16 | 12
#0306-d152 @A: 08 14 31 17 | 03
#0307-d152 @A: 28 34 05 31 | 11
#0308-d152 @A: 09 23 24 31 | 08
#0309-d152 @A: 32 22 09 31 | 05
#0310-d152 @A: 14 32 15 31 | 04
#0311-d152 @A: 22 31 19 29 | 01
#0312-d152 @A: 20 13 22 11 | 07
#0313-d152 @A: 28 20 03 04 | 09
#0314-d152 @A: 23 30 20 21 | 02
#0315-d152 @A: 30 24 20 02 | 10
#0316-d152 @A: 30 10 33 20 | 06
#0317-d152 @A: 20 25 06 13 | 12
#0318-d152 @A: 22 20 21 14 | 03
#0319-d152 @A: 20 01 25 03 | 11
#0320-d152 @A: 01 26 20 15 | 08
#0321-d152 @A: 20 16 03 17 | 05
#0322-d152 @A: 34 33 08 20 | 04
#0323-d152 @A: 20 06 28 05 | 01
#0324-d152 @A: 20 18 34 24 | 07
#0325-d152 @A: 20 23 16 07 | 09
#0326-d152 @A: 29 20 22 15 | 02
#0327-d152 @A: 04 01 11 18 | 10
#0328-d152 @A: 33 04 11 22 | 06
#0329-d152 @A: 30 21 29 11 | 12
#0330-d152 @A: 08 11 30 25 | 03
#0331-d152 @A: 34 13 16 11 | 11
#0332-d152 @A: 11 16 21 05 | 08
#0333-d152 @A: 16 35 11 19 | 05
#0334-d152 @A: 32 11 35 15 | 04
#0335-d152 @A: 01 09 06 11 | 01
#0336-d152 @A: 22 03 11 08 | 07
#0337-d152 @A: 18 16 11 03 | 09
#0338-d152 @A: 14 12 22 11 | 02
#0339-d152 @A: 09 16 25 11 | 10
#0340-d152 @A: 16 11 14 23 | 06
#0341-d152 @A: 29 32 28 11 | 12
#0342-d152 @A: 11 23 10 32 | 03
#0343-d152 @A: 19 22 11 25 | 11
#0344-d152 @A: 33 30 24 04 | 08
#0345-d152 @A: 01 04 13 06 | 05
#0346-d152 @A: 13 14 04 18 | 04
#0347-d152 @A: 04 25 15 21 | 01
#0348-d152 @A: 04 08 35 15 | 07
#0349-d152 @A: 35 16 23 04 | 09
#0350-d152 @A: 19 22 04 35 | 02
#0351-d152 @A: 14 02 04 17 | 10
#0352-d152 @A: 24 02 04 09 | 06
#0353-d152 @A: 32 33 04 17 | 12
#0354-d152 @A: 33 04 08 19 | 03
#0355-d152 @A: 32 28 23 04 | 11
#0356-d152 @A: 19 10 23 04 | 08
#0357-d152 @A: 10 04 07 25 | 05
#0358-d152 @A: 06 22 23 04 | 04
#0359-d152 @A: 02 13 30 14 | 01
#0360-d152 @A: 30 17 13 33 | 07
#0361-d152 @A: 13 12 06 30 | 09
#0362-d152 @A: 08 30 27 21 | 02
#0363-d152 @A: 30 35 10 02 | 10
#0364-d152 @A: 30 29 33 01 | 06
#0365-d152 @A: 23 30 26 34 | 12
#0366-d152 @A: 30 17 14 12 | 03
#0367-d152 @A: 32 17 30 34 | 11
#0368-d152 @A: 30 07 05 34 | 08
#0369-d152 @A: 05 30 28 22 | 05
#0370-d152 @A: 30 34 14 18 | 04
#0371-d152 @A: 16 10 30 29 | 01
#0372-d152 @A: 23 27 10 30 | 07
#0373-d152 @A: 25 10 24 30 | 09
#0374-d152 @A: 30 24 07 27 | 02
#0375-d152 @A: 25 13 12 21 | 10
#0376-d152 @A: 26 13 34 09 | 06
#0377-d152 @A: 22 13 15 16 | 12
#0378-d152 @A: 25 28 13 23 | 03
#0379-d152 @A: 24 14 19 13 | 11
#0380-d152 @A: 06 27 13 23 | 08
#0381-d152 @A: 25 13 19 27 | 05
#0382-d152 @A: 25 15 13 18 | 04
#0383-d152 @A: 23 21 26 35 | 01
#0384-d152 @A: 09 19 08 21 | 07
#0385-d152 @A: 07 21 27 15 | 09
#0386-d152 @A: 02 35 32 08 | 02
#0387-d152 @A: 35 12 03 15 | 10
#0388-d152 @A: 34 33 35 19 | 06
#0389-d152 @A: 16 15 35 26 | 12
#0390-d152 @A: 18 35 17 22 | 03
#0391-d152 @A: 10 08 05 35 | 11
#0392-d152 @A: 05 35 34 15 | 08
#0393-d152 @A: 27 35 18 34 | 05
#0394-d152 @A: 10 35 28 24 | 04
#0395-d152 @A: 06 29 22 35 | 01
#0396-d152 @A: 02 12 01 03 | 07
#0397-d152 @A: 24 02 10 03 | 09
#0398-d152 @A: 02 14 05 26 | 02
#0399-d152 @A: 16 06 28 02 | 10
#0400-d152 @A: 16 02 25 14 | 06
#0401-d152 @A: 02 22 09 19 | 12
#0402-d152 @A: 15 32 02 07 | 03
#0403-d152 @A: 33 01 22 26 | 11
#0404-d152 @A: 17 19 01 32 | 08
#0405-d152 @A: 05 01 07 18 | 05
#0406-d152 @A: 14 01 16 22 | 04
#0407-d152 @A: 09 24 01 22 | 01
#0408-d152 @A: 27 23 01 19 | 07
#0409-d152 @A: 27 32 15 01 | 09
#0410-d152 @A: 09 33 26 03 | 02
#0411-d152 @A: 03 26 22 25 | 10
#0412-d152 @A: 03 12 19 05 | 06
#0413-d152 @A: 03 10 16 14 | 12
#0414-d152 @A: 26 33 10 08 | 03
#0415-d152 @A: 06 27 09 33 | 11
#0416-d152 @A: 06 28 33 19 | 08
#0417-d152 @A: 26 12 23 10 | 05
#0418-d152 @A: 26 10 32 16 | 04
#0419-d152 @A: 15 18 27 26 | 01
#0420-d152 @A: 29 16 12 25 | 07
#0421-d152 @A: 19 34 17 05 | 09
#0422-d152 @A: 17 15 24 16 | 02
#0423-d152 @A: 09 17 07 14 | 10
#0424-d152 @A: 22 19 14 17 | 06
#0425-d152 @A: 19 17 23 07 | 12
#0426-d152 @A: 06 32 17 23 | 03
#0427-d152 @A: 24 07 25 17 | 11
#0428-d152 @A: 05 34 16 32 | 08
#0429-d152 @A: 22 09 16 05 | 05
#0430-d152 @A: 28 10 23 05 | 04
#0431-d152 @A: 22 34 08 16 | 01
#0432-d152 @A: 34 08 14 25 | 07
#0433-d152 @A: 10 09 29 08 | 09
#0434-d152 @A: 23 08 28 06 | 02
#0435-d152 @A: 08 22 28 29 | 10
#0436-d152 @A: 14 08 06 22 | 06
#0437-d152 @A: 15 32 08 25 | 12
#0438-d152 @A: 27 16 29 34 | 03
#0439-d152 @A: 06 15 28 34 | 11
#0440-d152 @A: 24 10 19 34 | 08
#0441-d152 @A: 34 14 22 29 | 05
#0442-d152 @A: 25 06 16 18 | 04
#0443-d152 @A: 02 06 31 04 | 01
#0444-d152 @A: 31 30 03 09 | 07
#0445-d152 @A: 31 35 01 16 | 09
#0446-d152 @A: 31 02 07 14 | 02
#0447-d152 @A: 31 24 25 02 | 10
#0448-d152 @A: 01 31 17 03 | 06
#0449-d152 @A: 17 19 28 31 | 12
#0450-d152 @A: 17 25 23 31 | 03
#0451-d152 @A: 31 23 19 16 | 11
#0452-d152 @A: 15 16 31 29 | 08
#0453-d152 @A: 31 28 06 22 | 05
#0454-d152 @A: 31 27 10 22 | 04
#0455-d152 @A: 29 25 27 31 | 01
#0456-d152 @A: 14 11 26 20 | 07
#0457-d152 @A: 10 02 04 20 | 09
#0458-d152 @A: 20 08 30 07 | 02
#0459-d152 @A: 20 22 30 34 | 10
#0460-d152 @A: 03 05 21 20 | 06
#0461-d152 @A: 33 20 17 29 | 12
#0462-d152 @A: 25 26 08 20 | 03
#0463-d152 @A: 05 20 24 34 | 11
#0464-d152 @A: 16 24 29 20 | 08
#0465-d152 @A: 19 24 20 28 | 05
#0466-d152 @A: 14 10 19 20 | 04
#0467-d152 @A: 20 07 19 25 | 01
#0468-d152 @A: 11 13 04 25 | 07
#0469-d152 @A: 02 30 11 23 | 09
#0470-d152 @A: 21 28 13 11 | 02
#0471-d152 @A: 18 35 13 11 | 10
#0472-d152 @A: 11 21 33 10 | 06
#0473-d152 @A: 06 35 02 11 | 12
#0474-d152 @A: 11 17 35 12 | 03
#0475-d152 @A: 25 03 17 11 | 11
#0476-d152 @A: 06 11 17 26 | 08
#0477-d152 @A: 05 07 26 11 | 05
#0478-d152 @A: 23 15 11 26 | 04
#0479-d152 @A: 11 10 12 05 | 01
#0480-d152 @A: 28 25 34 11 | 07
#0481-d152 @A: 27 16 32 11 | 09
#0482-d152 @A: 07 09 32 11 | 02
#0483-d152 @A: 11 24 07 10 | 10
#0484-d152 @A: 27 29 11 07 | 06
#0485-d152 @A: 13 08 04 07 | 12
#0486-d152 @A: 17 03 04 29 | 03
#0487-d152 @A: 34 27 33 04 | 11
#0488-d152 @A: 32 04 26 08 | 08
#0489-d152 @A: 06 34 04 12 | 05
#0490-d152 @A: 04 32 12 07 | 04
#0491-d152 @A: 34 04 17 09 | 01
#0492-d152 @A: 17 16 04 25 | 07
#0493-d152 @A: 10 04 16 22 | 09
#0494-d152 @A: 04 18 19 15 | 02
#0495-d152 @A: 30 02 21 12 | 10
#0496-d152 @A: 30 34 25 35 | 06
#0497-d152 @A: 30 01 14 25 | 12
#0498-d152 @A: 07 30 03 17 | 03
#0499-d152 @A: 34 12 09 30 | 11
#0500-d152 @A: 30 16 05 18 | 08
#0501-d152 @A: 24 30 09 32 | 05
#0502-d152 @A: 28 30 06 10 | 04
#0503-d152 @A: 30 22 14 23 | 01
#0504-d152 @A: 35 13 33 29 | 07
#0505-d152 @A: 35 34 14 13 | 09
#0506-d152 @A: 27 13 29 02 | 02
#0507-d152 @A: 13 14 26 12 | 10
#0508-d152 @A: 13 05 18 12 | 06
#0509-d152 @A: 14 05 13 28 | 12
#0510-d152 @A: 23 19 08 13 | 03
#0511-d152 @A: 13 32 15 09 | 11
#0512-d152 @A: 14 13 10 23 | 08
#0513-d152 @A: 22 03 02 21 | 05
#0514-d152 @A: 21 02 32 05 | 04
#0515-d152 @A: 25 21 02 34 | 01
#0516-d152 @A: 03 21 07 01 | 07
#0517-d152 @A: 21 03 10 27 | 09
#0518-d152 @A: 33 21 29 08 | 02
#0519-d152 @A: 26 21 16 12 | 10
#0520-d152 @A: 24 26 05 21 | 06
#0521-d152 @A: 09 06 22 21 | 12
#0522-d152 @A: 10 06 21 19 | 03
#0523-d152 @A: 35 25 02 26 | 11
#0524-d152 @A: 02 14 09 35 | 08
#0525-d152 @A: 01 23 33 35 | 05
#0526-d152 @A: 07 26 35 24 | 04
#0527-d152 @A: 19 14 35 12 | 01
#0528-d152 @A: 19 35 17 08 | 07
#0529-d152 @A: 09 27 35 05 | 09
#0530-d152 @A: 34 06 35 07 | 02
#0531-d152 @A: 16 29 35 28 | 10
#0532-d152 @A: 18 35 07 24 | 06
#0533-d152 @A: 25 22 35 27 | 12
#0534-d152 @A: 02 01 10 08 | 03
#0535-d152 @A: 02 18 01 29 | 11
#0536-d152 @A: 14 02 03 28 | 08
#0537-d152 @A: 33 28 02 32 | 05
#0538-d152 @A: 02 26 18 23 | 04
#0539-d152 @A: 28 15 02 27 | 01
#0540-d152 @A: 14 10 18 02 | 07
#0541-d152 @A: 29 02 23 14 | 09
#0542-d152 @A: 10 26 09 01 | 02
#0543-d152 @A: 08 19 01 12 | 10
#0544-d152 @A: 05 19 24 01 | 06
#0545-d152 @A: 19 16 01 18 | 12
#0546-d152 @A: 28 18 01 23 | 03
#0547-d152 @A: 10 01 06 25 | 11
#0548-d152 @A: 14 27 06 01 | 08
#0549-d152 @A: 27 12 33 03 | 05
#0550-d152 @A: 05 03 29 33 | 04
#0551-d152 @A: 12 26 06 03 | 01
#0552-d152 @A: 03 26 17 19 | 07
#0553-d152 @A: 17 03 24 08 | 09
#0554-d152 @A: 03 32 16 23 | 02
#0555-d152 @A: 15 22 08 33 | 10
#0556-d152 @A: 19 16 33 09 | 06
#0557-d152 @A: 33 14 28 09 | 12
#0558-d152 @A: 29 33 22 09 | 03
#0559-d152 @A: 15 33 24 27 | 11
#0560-d152 @A: 29 12 26 18 | 08
#0561-d152 @A: 26 17 05 32 | 05
#0562-d152 @A: 09 26 24 16 | 04
#0563-d152 @A: 23 19 26 14 | 01
#0564-d152 @A: 08 34 17 12 | 07
#0565-d152 @A: 19 18 17 12 | 09
#0566-d152 @A: 07 12 15 05 | 02
#0567-d152 @A: 27 08 24 12 | 10
#0568-d152 @A: 12 28 10 25 | 06
#0569-d152 @A: 12 23 22 24 | 12
#0570-d152 @A: 12 07 27 25 | 03
#0571-d152 @A: 27 17 09 15 | 11
#0572-d152 @A: 17 28 06 25 | 08
#0573-d152 @A: 17 25 10 19 | 05
#0574-d152 @A: 29 05 32 08 | 04
#0575-d152 @A: 16 06 07 05 | 01
#0576-d152 @A: 05 14 09 24 | 07
#0577-d152 @A: 25 05 28 32 | 09
#0578-d152 @A: 18 27 19 05 | 02
#0579-d152 @A: 05 27 32 06 | 10
#0580-d152 @A: 08 09 27 22 | 06
#0581-d152 @A: 25 08 06 19 | 12
#0582-d152 @A: 16 34 10 07 | 03
#0583-d152 @A: 34 32 09 28 | 11
#0584-d152 @A: 27 09 10 34 | 08
#0585-d152 @A: 23 34 06 29 | 05
#0586-d152 @A: 14 07 19 18 | 04
#0587-d152 @A: 19 25 18 32 | 01
#0588-d152 @A: 31 20 18 09 | 07
#0589-d152 @A: 25 31 13 35 | 09
#0590-d152 @A: 31 03 13 23 | 02
#0591-d152 @A: 21 33 18 31 | 10
#0592-d152 @A: 28 31 21 07 | 06
#0593-d152 @A: 31 28 01 26 | 12
#0594-d152 @A: 05 31 12 29 | 03
#0595-d152 @A: 31 19 09 15 | 11
#0596-d152 @A: 20 13 04 26 | 08
#0597-d152 @A: 04 20 27 17 | 05
#0598-d152 @A: 07 04 20 22 | 04
#0599-d152 @A: 30 20 28 12 | 01
#0600-d152 @A: 13 17 01 20 | 07
#0601-d152 @A: 13 33 20 23 | 09
#0602-d152 @A: 20 21 26 28 | 02
#0603-d152 @A: 08 28 20 35 | 10
#0604-d152 @A: 20 01 14 02 | 06
#0605-d152 @A: 20 02 29 25 | 12
#0606-d152 @A: 20 02 32 27 | 03
#0607-d152 @A: 01 32 20 10 | 11
#0608-d152 @A: 33 19 12 20 | 08
#0609-d152 @A: 12 10 20 18 | 05
#0610-d152 @A: 13 30 24 11 | 04
#0611-d152 @A: 09 13 12 11 | 01
#0612-d152 @A: 11 03 24 35 | 07
#0613-d152 @A: 02 11 32 34 | 09
#0614-d152 @A: 26 22 32 11 | 02
#0615-d152 @A: 12 11 15 34 | 10
#0616-d152 @A: 05 34 09 11 | 06
#0617-d152 @A: 18 05 24 11 | 12
#0618-d152 @A: 34 08 11 18 | 03
#0619-d152 @A: 28 19 23 11 | 11
#0620-d152 @A: 06 15 19 11 | 08
#0621-d152 @A: 18 22 29 11 | 05
#0622-d152 @A: 13 22 04 03 | 04
#0623-d152 @A: 09 04 13 33 | 01
#0624-d152 @A: 04 29 13 05 | 07
#0625-d152 @A: 04 16 08 21 | 09
#0626-d152 @A: 26 03 04 02 | 02
#0627-d152 @A: 04 07 02 34 | 10
#0628-d152 @A: 01 04 29 24 | 06
#0629-d152 @A: 09 04 26 23 | 12
#0630-d152 @A: 04 14 34 10 | 03
#0631-d152 @A: 06 15 32 04 | 11
#0632-d152 @A: 13 32 21 30 | 08
#0633-d152 @A: 13 16 05 30 | 05
#0634-d152 @A: 16 30 34 21 | 04
#0635-d152 @A: 30 05 15 02 | 01
#0636-d152 @A: 06 30 08 02 | 07
#0637-d152 @A: 30 34 08 01 | 09
#0638-d152 @A: 30 01 22 32 | 02
#0639-d152 @A: 12 03 25 30 | 10
#0640-d152 @A: 03 08 23 30 | 06
#0641-d152 @A: 30 29 12 23 | 12
#0642-d152 @A: 22 17 09 30 | 03
#0643-d152 @A: 07 25 28 30 | 11
#0644-d152 @A: 19 30 14 29 | 08
#0645-d152 @A: 30 18 24 25 | 05
#0646-d152 @A: 21 13 02 23 | 04
#0647-d152 @A: 03 35 07 13 | 01
#0648-d152 @A: 13 05 35 06 | 07
#0649-d152 @A: 08 13 35 16 | 09
#0650-d152 @A: 34 13 02 10 | 02
#0651-d152 @A: 13 34 24 01 | 10
#0652-d152 @A: 13 10 01 16 | 06
#0653-d152 @A: 24 03 13 26 | 12
#0654-d152 @A: 13 12 33 32 | 03
#0655-d152 @A: 29 34 12 13 | 11
#0656-d152 @A: 17 13 16 14 | 08
#0657-d152 @A: 07 13 09 10 | 05
#0658-d152 @A: 13 29 09 19 | 04
#0659-d152 @A: 28 32 13 18 | 01
#0660-d152 @A: 32 13 14 25 | 07
#0661-d152 @A: 13 15 25 07 | 09
#0662-d152 @A: 25 35 21 03 | 02
#0663-d152 @A: 05 07 35 21 | 10
#0664-d152 @A: 35 21 10 32 | 06
#0665-d152 @A: 02 21 29 26 | 12
#0666-d152 @A: 27 14 21 02 | 03
#0667-d152 @A: 33 21 25 01 | 11
#0668-d152 @A: 14 26 03 21 | 08
#0669-d152 @A: 05 19 21 33 | 05
#0670-d152 @A: 15 26 21 34 | 04
#0671-d152 @A: 05 21 34 29 | 01
#0672-d152 @A: 16 19 21 32 | 07
#0673-d152 @A: 25 22 28 21 | 09
#0674-d152 @A: 07 21 23 06 | 02
#0675-d152 @A: 33 02 35 07 | 10
#0676-d152 @A: 35 02 16 12 | 06
#0677-d152 @A: 26 06 35 33 | 12
#0678-d152 @A: 27 16 35 33 | 03
#0679-d152 @A: 35 29 05 26 | 11
#0680-d152 @A: 09 35 26 22 | 08
#0681-d152 @A: 24 35 16 22 | 05
#0682-d152 @A: 28 35 18 25 | 04
#0683-d152 @A: 10 35 06 27 | 01
#0684-d152 @A: 25 35 23 15 | 07
#0685-d152 @A: 01 29 02 05 | 09
#0686-d152 @A: 18 02 15 03 | 02
#0687-d152 @A: 12 33 09 02 | 10
#0688-d152 @A: 29 02 10 12 | 06
#0689-d152 @A: 17 08 02 09 | 12
#0690-d152 @A: 24 29 28 02 | 03
#0691-d152 @A: 23 32 19 02 | 11
#0692-d152 @A: 01 03 26 29 | 08
#0693-d152 @A: 01 33 05 09 | 05
#0694-d152 @A: 12 17 01 25 | 04
#0695-d152 @A: 07 19 01 09 | 01
#0696-d152 @A: 09 25 15 01 | 07
#0697-d152 @A: 18 22 01 14 | 09
#0698-d152 @A: 01 29 25 19 | 02
#0699-d152 @A: 15 22 06 01 | 10
#0700-d152 @A: 33 03 18 06 | 06
#0701-d152 @A: 08 03 05 25 | 12
#0702-d152 @A: 09 03 23 19 | 03
#0703-d152 @A: 03 06 24 09 | 11
#0704-d152 @A: 03 25 23 10 | 08
#0705-d152 @A: 19 15 23 33 | 05
#0706-d152 @A: 25 12 32 26 | 04
#0707-d152 @A: 18 17 26 09 | 01
#0708-d152 @A: 24 26 27 34 | 07
#0709-d152 @A: 28 18 22 26 | 09
#0710-d152 @A: 27 26 15 10 | 02
#0711-d152 @A: 17 16 12 05 | 10
#0712-d152 @A: 23 12 06 16 | 06
#0713-d152 @A: 09 28 23 12 | 12
#0714-d152 @A: 12 18 14 28 | 03
#0715-d152 @A: 12 24 15 25 | 11
#0716-d152 @A: 17 15 18 28 | 08
#0717-d152 @A: 27 17 14 25 | 05
#0718-d152 @A: 17 25 18 14 | 04
#0719-d152 @A: 22 29 05 10 | 01
#0720-d152 @A: 24 05 23 06 | 07
#0721-d152 @A: 32 15 05 22 | 09
#0722-d152 @A: 27 34 08 06 | 02
#0723-d152 @A: 23 24 08 16 | 10
#0724-d152 @A: 24 25 09 08 | 06
#0725-d152 @A: 28 15 08 19 | 12
#0726-d152 @A: 19 14 32 08 | 03
#0727-d152 @A: 34 16 15 14 | 11
#0728-d152 @A: 10 18 22 07 | 08
#0729-d152 @A: 31 20 07 35 | 05
#0730-d152 @A: 24 26 20 31 | 04
#0731-d152 @A: 31 12 25 11 | 01
#0732-d152 @A: 11 17 31 16 | 07
#0733-d152 @A: 11 31 06 18 | 09
#0734-d152 @A: 29 30 04 31 | 02
#0735-d152 @A: 04 10 31 33 | 10
#0736-d152 @A: 04 22 31 18 | 06
#0737-d152 @A: 31 34 30 15 | 12
#0738-d152 @A: 32 13 34 31 | 03
#0739-d152 @A: 06 31 21 14 | 11
#0740-d152 @A: 31 35 14 26 | 08
#0741-d152 @A: 35 31 12 09 | 05
#0742-d152 @A: 31 33 02 05 | 04
#0743-d152 @A: 07 02 18 31 | 01
#0744-d152 @A: 22 12 31 03 | 07
#0745-d152 @A: 31 10 05 26 | 09
#0746-d152 @A: 08 31 23 26 | 02
#0747-d152 @A: 17 09 05 31 | 10
#0748-d152 @A: 29 17 31 34 | 06
#0749-d152 @A: 31 10 16 28 | 12
#0750-d152 @A: 32 27 31 28 | 03
#0751-d152 @A: 24 10 31 32 | 11
#0752-d152 @A: 22 31 15 23 | 08
#0753-d152 @A: 24 31 19 27 | 05
#0754-d152 @A: 18 31 29 32 | 04
#0755-d152 @A: 04 16 11 20 | 01
#0756-d152 @A: 18 20 11 25 | 07
#0757-d152 @A: 07 14 13 20 | 09
#0758-d152 @A: 01 35 24 20 | 02
#0759-d152 @A: 23 20 34 35 | 10
#0760-d152 @A: 09 03 20 02 | 06
#0761-d152 @A: 06 26 22 20 | 12
#0762-d152 @A: 20 17 34 14 | 03
#0763-d152 @A: 06 17 18 20 | 11
#0764-d152 @A: 11 30 10 34 | 08
#0765-d152 @A: 25 21 11 26 | 05
#0766-d152 @A: 11 07 21 17 | 04
#0767-d152 @A: 11 35 22 34 | 01
#0768-d152 @A: 29 33 11 02 | 07
#0769-d152 @A: 05 11 01 32 | 09
#0770-d152 @A: 17 11 29 05 | 02
#0771-d152 @A: 28 27 11 08 | 10
#0772-d152 @A: 24 28 11 14 | 06
#0773-d152 @A: 30 25 02 04 | 12
#0774-d152 @A: 13 21 10 04 | 03
#0775-d152 @A: 21 04 09 05 | 11
#0776-d152 @A: 04 21 18 05 | 08
#0777-d152 @A: 03 04 25 34 | 05
#0778-d152 @A: 08 28 04 12 | 04
#0779-d152 @A: 04 16 28 15 | 01
#0780-d152 @A: 04 16 14 29 | 07
#0781-d152 @A: 23 14 07 04 | 09
#0782-d152 @A: 21 03 30 24 | 02
#0783-d152 @A: 05 30 25 21 | 10
#0784-d152 @A: 06 15 30 21 | 06
#0785-d152 @A: 02 34 29 30 | 12
#0786-d152 @A: 02 30 18 27 | 03
#0787-d152 @A: 30 27 01 12 | 11
#0788-d152 @A: 03 29 30 18 | 08
#0789-d152 @A: 17 30 24 05 | 05
#0790-d152 @A: 08 14 30 10 | 04
#0791-d152 @A: 09 06 30 23 | 01
#0792-d152 @A: 30 06 18 23 | 07
#0793-d152 @A: 19 30 15 25 | 09
#0794-d152 @A: 17 02 19 13 | 02
#0795-d152 @A: 03 13 01 14 | 10
#0796-d152 @A: 32 01 13 26 | 06
#0797-d152 @A: 01 09 18 13 | 12
#0798-d152 @A: 17 27 13 03 | 03
#0799-d152 @A: 05 26 27 13 | 11
#0800-d152 @A: 13 16 09 23 | 08
#0801-d152 @A: 15 19 13 10 | 05
#0802-d152 @A: 35 24 33 21 | 04
#0803-d152 @A: 22 35 08 21 | 01
#0804-d152 @A: 34 35 28 21 | 07
#0805-d152 @A: 21 16 35 14 | 09
#0806-d152 @A: 12 03 09 21 | 02
#0807-d152 @A: 21 03 19 29 | 10
#0808-d152 @A: 21 33 22 12 | 06
#0809-d152 @A: 12 07 08 21 | 12
#0810-d152 @A: 16 21 24 27 | 03
#0811-d152 @A: 28 24 21 09 | 11
#0812-d152 @A: 07 21 14 29 | 08
#0813-d152 @A: 01 35 10 19 | 05
#0814-d152 @A: 32 05 35 12 | 04
#0815-d152 @A: 35 25 10 16 | 01
#0816-d152 @A: 01 02 06 33 | 07
#0817-d152 @A: 26 33 24 02 | 09
#0818-d152 @A: 32 26 02 06 | 02
#0819-d152 @A: 23 17 02 12 | 10
#0820-d152 @A: 12 02 08 25 | 06
#0821-d152 @A: 25 02 23 09 | 12
#0822-d152 @A: 02 14 24 22 | 03
#0823-d152 @A: 33 01 10 17 | 11
#0824-d152 @A: 07 01 08 26 | 08
#0825-d152 @A: 09 12 32 01 | 05
#0826-d152 @A: 01 27 17 05 | 04
#0827-d152 @A: 12 08 03 14 | 01
#0828-d152 @A: 03 05 17 18 | 07
#0829-d152 @A: 03 19 22 16 | 09
#0830-d152 @A: 06 03 29 10 | 02
#0831-d152 @A: 33 25 12 34 | 10
#0832-d152 @A: 05 33 28 07 | 06
#0833-d152 @A: 16 32 33 18 | 12
#0834-d152 @A: 09 23 33 32 | 03
#0835-d152 @A: 33 15 28 10 | 11
#0836-d152 @A: 32 06 33 10 | 08
#0837-d152 @A: 14 33 24 29 | 05
#0838-d152 @A: 33 22 23 18 | 04
#0839-d152 @A: 26 17 27 08 | 01
#0840-d152 @A: 34 18 05 26 | 07
#0841-d152 @A: 28 22 26 14 | 09
#0842-d152 @A: 19 12 28 07 | 02
#0843-d152 @A: 27 12 14 10 | 10
#0844-d152 @A: 25 12 19 23 | 06
#0845-d152 @A: 06 32 22 12 | 12
#0846-d152 @A: 12 27 15 29 | 03
#0847-d152 @A: 17 08 07 06 | 11
#0848-d152 @A: 17 09 16 10 | 08
#0849-d152 @A: 27 23 17 16 | 05
#0850-d152 @A: 17 06 16 22 | 04
#0851-d152 @A: 17 10 28 14 | 01
#0852-d152 @A: 28 15 07 17 | 07
#0853-d152 @A: 10 18 17 27 | 09
#0854-d152 @A: 27 32 22 17 | 02
#0855-d152 @A: 19 05 16 14 | 10
#0856-d152 @A: 10 06 15 05 | 06
#0857-d152 @A: 07 24 05 32 | 12
#0858-d152 @A: 32 09 06 08 | 03
#0859-d152 @A: 10 07 23 08 | 11
#0860-d152 @A: 08 15 18 29 | 08
#0861-d152 @A: 06 16 34 24 | 05
#0862-d152 @A: 28 34 29 07 | 04
#0863-d152 @A: 06 19 34 22 | 01
#0864-d152 @A: 15 34 25 27 | 07
#0865-d152 @A: 34 32 25 06 | 09
#0866-d152 @A: 18 23 07 25 | 02
#0867-d152 @A: 31 33 20 03 | 10
#0868-d152 @A: 04 35 31 28 | 06
#0869-d152 @A: 12 04 16 31 | 12
#0870-d152 @A: 07 30 23 31 | 03
#0871-d152 @A: 31 18 13 27 | 11
#0872-d152 @A: 31 18 35 14 | 08
#0873-d152 @A: 22 31 16 02 | 05
#0874-d152 @A: 01 27 31 08 | 04
#0875-d152 @A: 34 22 33 31 | 01
#0876-d152 @A: 15 18 31 05 | 07
#0877-d152 @A: 11 03 20 27 | 09
#0878-d152 @A: 33 11 20 25 | 02
#0879-d152 @A: 35 13 20 32 | 10
#0880-d152 @A: 12 20 13 16 | 06
#0881-d152 @A: 35 20 25 12 | 12
#0882-d152 @A: 19 08 03 20 | 03
#0883-d152 @A: 33 06 20 24 | 11
#0884-d152 @A: 20 17 24 12 | 08
#0885-d152 @A: 10 07 05 20 | 05
#0886-d152 @A: 27 25 05 20 | 04
#0887-d152 @A: 20 15 16 19 | 01
#0888-d152 @A: 28 14 20 15 | 07
#0889-d152 @A: 24 20 15 07 | 09
#0890-d152 @A: 04 12 11 30 | 02
#0891-d152 @A: 35 07 11 04 | 10
#0892-d152 @A: 17 01 11 04 | 06
#0893-d152 @A: 11 23 04 29 | 12
#0894-d152 @A: 28 11 18 30 | 03
#0895-d152 @A: 11 02 13 07 | 11
#0896-d152 @A: 23 01 13 11 | 08
#0897-d152 @A: 06 11 08 13 | 05
#0898-d152 @A: 11 15 21 08 | 04
#0899-d152 @A: 24 02 11 12 | 01
#0900-d152 @A: 01 11 28 12 | 07
#0901-d152 @A: 05 11 03 28 | 09
#0902-d152 @A: 34 11 33 23 | 02
#0903-d152 @A: 34 26 19 11 | 10
#0904-d152 @A: 11 08 10 17 | 06
#0905-d152 @A: 25 11 14 07 | 12
#0906-d152 @A: 11 27 22 15 | 03
#0907-d152 @A: 04 35 01 30 | 11
#0908-d152 @A: 04 10 30 17 | 08
#0909-d152 @A: 18 30 04 17 | 05
#0910-d152 @A: 02 13 32 04 | 04
#0911-d152 @A: 06 33 21 04 | 01
#0912-d152 @A: 26 10 35 04 | 07
#0913-d152 @A: 27 02 19 04 | 09
#0914-d152 @A: 04 18 12 25 | 02
#0915-d152 @A: 15 05 04 17 | 10
#0916-d152 @A: 06 14 04 28 | 06
#0917-d152 @A: 03 10 30 13 | 12
#0918-d152 @A: 13 29 07 30 | 03
#0919-d152 @A: 19 18 21 30 | 11
#0920-d152 @A: 30 12 33 05 | 08
#0921-d152 @A: 06 29 32 30 | 05
#0922-d152 @A: 13 35 01 15 | 04
#0923-d152 @A: 02 01 13 25 | 01
#0924-d152 @A: 02 05 13 03 | 07
#0925-d152 @A: 33 22 13 02 | 09
#0926-d152 @A: 13 08 24 02 | 02
#0927-d152 @A: 12 13 07 01 | 10
#0928-d152 @A: 13 03 19 34 | 06
#0929-d152 @A: 24 13 33 28 | 12
#0930-d152 @A: 25 10 05 13 | 03
#0931-d152 @A: 22 16 18 13 | 11
#0932-d152 @A: 19 06 13 07 | 08
#0933-d152 @A: 10 01 34 21 | 05
#0934-d152 @A: 14 03 18 21 | 04
#0935-d152 @A: 26 21 33 27 | 01
#0936-d152 @A: 21 12 15 10 | 07
#0937-d152 @A: 21 25 08 17 | 09
#0938-d152 @A: 21 24 17 32 | 02
#0939-d152 @A: 21 08 18 25 | 10
#0940-d152 @A: 28 23 15 21 | 06
#0941-d152 @A: 22 24 21 10 | 12
#0942-d152 @A: 06 21 27 29 | 03
#0943-d152 @A: 23 35 03 02 | 11
#0944-d152 @A: 35 28 12 33 | 08
#0945-d152 @A: 34 26 35 08 | 05
#0946-d152 @A: 23 32 35 07 | 04
#0947-d152 @A: 24 19 35 32 | 01
#0948-d152 @A: 24 02 32 01 | 07
#0949-d152 @A: 27 05 12 02 | 09
#0950-d152 @A: 22 02 34 15 | 02
#0951-d152 @A: 16 02 32 09 | 10
#0952-d152 @A: 10 16 27 02 | 06
#0953-d152 @A: 02 27 24 23 | 12
#0954-d152 @A: 22 02 27 06 | 03
#0955-d152 @A: 16 01 03 24 | 11
#0956-d152 @A: 01 26 14 34 | 08
#0957-d152 @A: 01 17 34 15 | 05
#0958-d152 @A: 15 05 08 01 | 04
#0959-d152 @A: 06 01 18 34 | 01
#0960-d152 @A: 15 18 32 01 | 07
#0961-d152 @A: 09 16 03 29 | 09
#0962-d152 @A: 03 09 15 22 | 02
#0963-d152 @A: 06 15 03 23 | 10
#0964-d152 @A: 03 24 07 29 | 06
#0965-d152 @A: 18 24 03 22 | 12
#0966-d152 @A: 12 33 17 07 | 03
#0967-d152 @A: 08 05 06 33 | 11
#0968-d152 @A: 33 34 15 29 | 08
#0969-d152 @A: 33 16 23 22 | 05
#0970-d152 @A: 33 19 29 32 | 04
#0971-d152 @A: 18 33 07 29 | 01
#0972-d152 @A: 22 05 08 26 | 07
#0973-d152 @A: 18 10 26 08 | 09
#0974-d152 @A: 32 28 26 15 | 02
#0975-d152 @A: 10 19 26 22 | 10
#0976-d152 @A: 06 07 25 26 | 06
#0977-d152 @A: 06 18 26 32 | 12
#0978-d152 @A: 17 29 12 09 | 03
#0979-d152 @A: 17 15 19 12 | 11
#0980-d152 @A: 24 09 12 10 | 08
#0981-d152 @A: 06 14 25 12 | 05
#0982-d152 @A: 17 23 28 29 | 04
#0983-d152 @A: 29 24 17 10 | 01
#0984-d152 @A: 32 17 10 15 | 07
#0985-d152 @A: 23 22 19 05 | 09
#0986-d152 @A: 07 23 27 05 | 02
#0987-d152 @A: 08 23 32 34 | 10
#0988-d152 @A: 09 08 23 14 | 06
#0989-d152 @A: 14 15 08 07 | 12
#0990-d152 @A: 23 09 34 07 | 03
#0991-d152 @A: 09 24 29 34 | 11
#0992-d152 @A: 07 34 32 14 | 08
#0993-d152 @A: 24 34 32 15 | 05
#0994-d152 @A: 15 09 06 18 | 04
#0995-d152 @A: 13 02 20 31 | 01
#0996-d152 @A: 31 21 20 09 | 07
#0997-d152 @A: 20 08 31 06 | 09
#0998-d152 @A: 31 19 08 11 | 02
#0999-d152 @A: 04 32 01 31 | 10
#1000-d152 @A: 31 30 02 32 | 06
#1001-d152 @A: 30 31 01 24 | 12
#1002-d152 @A: 12 33 24 31 | 03
#1003-d152 @A: 06 31 33 23 | 11
#1004-d152 @A: 34 16 31 09 | 08
#1005-d152 @A: 14 16 24 31 | 05
#1006-d152 @A: 31 28 25 09 | 04
#1007-d152 @A: 31 18 19 23 | 01
#1008-d152 @A: 15 24 06 31 | 07
#1009-d152 @A: 10 11 35 20 | 09
#1010-d152 @A: 11 29 20 08 | 02
#1011-d152 @A: 30 01 20 19 | 10
#1012-d152 @A: 15 35 20 21 | 06
#1013-d152 @A: 20 33 21 02 | 12
#1014-d152 @A: 20 16 21 01 | 03
#1015-d152 @A: 20 17 21 06 | 11
#1016-d152 @A: 03 20 35 06 | 08
#1017-d152 @A: 05 01 20 12 | 05
#1018-d152 @A: 19 20 26 05 | 04
#1019-d152 @A: 26 20 07 18 | 01
#1020-d152 @A: 34 10 12 20 | 07
#1021-d152 @A: 22 20 32 16 | 09
#1022-d152 @A: 27 28 20 23 | 02
#1023-d152 @A: 32 07 28 20 | 10
#1024-d152 @A: 24 25 22 20 | 06
#1025-d152 @A: 04 11 21 27 | 12
#1026-d152 @A: 14 11 05 04 | 03
#1027-d152 @A: 11 04 10 28 | 11
#1028-d152 @A: 17 11 30 28 | 08
#1029-d152 @A: 11 03 15 13 | 05
#1030-d152 @A: 33 26 13 11 | 04
#1031-d152 @A: 13 05 11 19 | 01
#1032-d152 @A: 11 01 22 21 | 07
#1033-d152 @A: 18 09 11 21 | 09
#1034-d152 @A: 11 21 06 32 | 02
#1035-d152 @A: 11 35 09 29 | 10
#1036-d152 @A: 11 08 14 02 | 06
#1037-d152 @A: 11 09 14 03 | 12
#1038-d152 @A: 10 11 09 22 | 03
#1039-d152 @A: 06 07 11 28 | 11
#1040-d152 @A: 25 11 15 29 | 08
#1041-d152 @A: 30 04 23 13 | 05
#1042-d152 @A: 04 30 34 19 | 04
#1043-d152 @A: 35 13 24 04 | 01
#1044-d152 @A: 04 02 35 21 | 07
#1045-d152 @A: 03 18 04 35 | 09
#1046-d152 @A: 12 24 03 04 | 02
#1047-d152 @A: 04 22 05 34 | 10
#1048-d152 @A: 04 10 06 08 | 06
#1049-d152 @A: 16 07 04 19 | 12
#1050-d152 @A: 18 09 04 10 | 03
#1051-d152 @A: 24 04 14 25 | 11
#1052-d152 @A: 04 14 32 27 | 08
#1053-d152 @A: 04 15 24 23 | 05
#1054-d152 @A: 30 13 08 09 | 04
#1055-d152 @A: 22 21 07 30 | 01
#1056-d152 @A: 30 29 35 03 | 07
#1057-d152 @A: 01 18 30 12 | 09
#1058-d152 @A: 06 17 01 30 | 02
#1059-d152 @A: 16 30 23 01 | 10
#1060-d152 @A: 03 33 22 30 | 06
#1061-d152 @A: 30 09 05 26 | 12
#1062-d152 @A: 08 17 29 30 | 03
#1063-d152 @A: 05 30 08 19 | 11
#1064-d152 @A: 29 25 30 09 | 08
#1065-d152 @A: 22 29 27 30 | 05
#1066-d152 @A: 01 21 27 13 | 04
#1067-d152 @A: 13 29 21 17 | 01
#1068-d152 @A: 21 13 06 34 | 07
#1069-d152 @A: 13 28 02 35 | 09
#1070-d152 @A: 13 22 01 05 | 02
#1071-d152 @A: 34 13 07 33 | 10
#1072-d152 @A: 17 23 26 13 | 06
#1073-d152 @A: 09 28 13 27 | 12
#1074-d152 @A: 29 06 13 28 | 03
#1075-d152 @A: 13 06 10 22 | 11
#1076-d152 @A: 13 07 27 32 | 08
#1077-d152 @A: 35 17 27 21 | 05
#1078-d152 @A: 14 21 17 01 | 04
#1079-d152 @A: 12 21 06 05 | 01
#1080-d152 @A: 21 09 14 10 | 07
#1081-d152 @A: 21 18 22 28 | 09
#1082-d152 @A: 25 14 19 21 | 02
#1083-d152 @A: 32 23 22 21 | 10
#1084-d152 @A: 01 28 35 03 | 06
#1085-d152 @A: 08 35 01 09 | 12
#1086-d152 @A: 18 15 01 35 | 03
#1087-d152 @A: 09 35 16 07 | 11
#1088-d152 @A: 32 06 16 35 | 08
#1089-d152 @A: 07 10 35 14 | 05
#1090-d152 @A: 19 35 29 07 | 04
#1091-d152 @A: 32 35 25 29 | 01
#1092-d152 @A: 01 26 02 27 | 07
#1093-d152 @A: 03 08 07 02 | 09
#1094-d152 @A: 05 18 02 33 | 02
#1095-d152 @A: 19 10 33 02 | 10
#1096-d152 @A: 12 02 19 34 | 06
#1097-d152 @A: 02 16 29 19 | 12
#1098-d152 @A: 14 19 06 02 | 03
#1099-d152 @A: 18 02 32 22 | 11
#1100-d152 @A: 08 17 01 22 | 08
#1101-d152 @A: 17 09 23 01 | 05
#1102-d152 @A: 01 16 19 06 | 04
#1103-d152 @A: 01 29 07 32 | 01
#1104-d152 @A: 03 33 25 16 | 07
#1105-d152 @A: 03 07 12 18 | 09
#1106-d152 @A: 03 27 34 05 | 02
#1107-d152 @A: 28 03 27 29 | 10
#1108-d152 @A: 03 24 15 14 | 06
#1109-d152 @A: 27 03 32 18 | 12
#1110-d152 @A: 33 12 18 15 | 03
#1111-d152 @A: 33 24 19 17 | 11
#1112-d152 @A: 34 33 10 05 | 08
#1113-d152 @A: 29 16 33 06 | 05
#1114-d152 @A: 10 33 22 14 | 04
#1115-d152 @A: 28 26 17 16 | 01
#1116-d152 @A: 14 06 16 26 | 07
#1117-d152 @A: 19 28 09 26 | 09
#1118-d152 @A: 07 26 27 14 | 02
#1119-d152 @A: 26 15 14 29 | 10
#1120-d152 @A: 24 19 29 26 | 06
#1121-d152 @A: 12 14 09 16 | 12
#1122-d152 @A: 19 12 32 10 | 03
#1123-d152 @A: 24 14 07 12 | 11
#1124-d152 @A: 06 29 19 12 | 08
#1125-d152 @A: 32 17 25 09 | 05
#1126-d152 @A: 23 05 25 14 | 04
#1127-d152 @A: 15 29 19 05 | 01
#1128-d152 @A: 24 29 27 05 | 07
#1129-d152 @A: 08 24 34 07 | 09
#1130-d152 @A: 27 08 10 32 | 02
#1131-d152 @A: 08 15 23 27 | 10
#1132-d152 @A: 18 08 06 24 | 06
#1133-d152 @A: 16 25 34 19 | 12
#1134-d152 @A: 16 18 29 34 | 03
#1135-d152 @A: 34 22 09 18 | 11
#1136-d152 @A: 10 32 18 34 | 08
#1137-d152 @A: 23 25 24 34 | 05
#1138-d152 @A: 15 16 18 10 | 04
#1139-d152 @A: 01 20 22 31 | 01
#1140-d152 @A: 31 13 12 27 | 07
#1141-d152 @A: 32 21 31 26 | 09
#1142-d152 @A: 15 02 35 31 | 02
#1143-d152 @A: 31 03 35 19 | 10
#1144-d152 @A: 22 35 05 31 | 06
#1145-d152 @A: 35 08 29 31 | 12
#1146-d152 @A: 31 09 02 26 | 03
#1147-d152 @A: 31 12 06 01 | 11
#1148-d152 @A: 15 31 25 26 | 08
#1149-d152 @A: 17 08 18 31 | 05
#1150-d152 @A: 06 10 09 31 | 04
#1151-d152 @A: 14 31 22 25 | 01
#1152-d152 @A: 07 22 31 24 | 07
#1153-d152 @A: 11 02 28 20 | 09
#1154-d152 @A: 11 20 17 19 | 02
#1155-d152 @A: 06 20 34 11 | 10
#1156-d152 @A: 04 35 20 05 | 06
#1157-d152 @A: 18 20 32 30 | 12
#1158-d152 @A: 20 34 28 13 | 03
#1159-d152 @A: 08 10 21 20 | 11
#1160-d152 @A: 20 21 15 18 | 08
#1161-d152 @A: 01 23 08 20 | 05
#1162-d152 @A: 14 05 20 08 | 04
#1163-d152 @A: 08 09 16 20 | 01
#1164-d152 @A: 14 20 24 32 | 07
#1165-d152 @A: 19 29 20 23 | 09
#1166-d152 @A: 20 15 27 06 | 02
#1167-d152 @A: 06 04 11 03 | 10
#1168-d152 @A: 35 27 13 11 | 06
#1169-d152 @A: 35 11 23 08 | 12
#1170-d152 @A: 03 07 34 11 | 03
#1171-d152 @A: 11 33 16 24 | 11
#1172-d152 @A: 09 08 11 26 | 08
#1173-d152 @A: 11 10 27 25 | 05
#1174-d152 @A: 06 11 23 25 | 04
#1175-d152 @A: 22 24 29 11 | 01
#1176-d152 @A: 14 30 26 04 | 07
#1177-d152 @A: 30 09 04 07 | 09
#1178-d152 @A: 33 25 04 35 | 02
#1179-d152 @A: 04 12 35 27 | 10
#1180-d152 @A: 35 17 06 04 | 06
#1181-d152 @A: 04 01 02 16 | 12
#1182-d152 @A: 02 04 08 29 | 03
#1183-d152 @A: 25 04 26 01 | 11
#1184-d152 @A: 01 04 28 34 | 08
#1185-d152 @A: 23 04 03 27 | 05
#1186-d152 @A: 26 28 33 04 | 04
#1187-d152 @A: 26 34 16 04 | 01
#1188-d152 @A: 14 04 19 09 | 07
#1189-d152 @A: 27 25 04 28 | 09
#1190-d152 @A: 04 06 25 29 | 02
#1191-d152 @A: 02 30 19 03 | 10
#1192-d152 @A: 26 30 28 29 | 06
#1193-d152 @A: 19 26 06 30 | 12
#1194-d152 @A: 07 08 18 30 | 03
#1195-d152 @A: 07 15 16 30 | 11
#1196-d152 @A: 06 14 30 07 | 08
#1197-d152 @A: 29 30 24 15 | 05
#1198-d152 @A: 26 16 13 02 | 04
#1199-d152 @A: 13 02 12 15 | 01
#1200-d152 @A: 19 13 01 33 | 07
#1201-d152 @A: 28 12 13 03 | 09
#1202-d152 @A: 09 03 25 13 | 02
#1203-d152 @A: 13 08 28 26 | 10
#1204-d152 @A: 29 26 10 13 | 06
#1205-d152 @A: 27 15 13 14 | 12
#1206-d152 @A: 29 21 35 12 | 03
#1207-d152 @A: 02 21 28 08 | 11
#1208-d152 @A: 21 02 10 07 | 08
#1209-d152 @A: 21 01 26 19 | 05
#1210-d152 @A: 34 21 08 03 | 04
#1211-d152 @A: 07 21 33 32 | 01
#1212-d152 @A: 26 09 21 17 | 07
#1213-d152 @A: 21 17 12 28 | 09
#1214-d152 @A: 21 12 18 32 | 02
#1215-d152 @A: 21 18 34 17 | 10
#1216-d152 @A: 23 21 19 34 | 06
#1217-d152 @A: 10 21 23 16 | 12
#1218-d152 @A: 09 07 21 25 | 03
#1219-d152 @A: 23 21 24 14 | 11
#1220-d152 @A: 29 35 27 01 | 08
#1221-d152 @A: 29 10 35 15 | 05
#1222-d152 @A: 19 26 02 08 | 04
#1223-d152 @A: 34 24 17 02 | 01
#1224-d152 @A: 08 05 16 02 | 07
#1225-d152 @A: 02 10 09 05 | 09
#1226-d152 @A: 34 18 25 02 | 02
#1227-d152 @A: 19 28 25 02 | 10
#1228-d152 @A: 10 02 15 14 | 06
#1229-d152 @A: 10 02 23 06 | 12
#1230-d152 @A: 03 08 01 06 | 03
#1231-d152 @A: 33 01 18 17 | 11
#1232-d152 @A: 22 29 12 01 | 08
#1233-d152 @A: 34 07 25 01 | 05
#1234-d152 @A: 01 07 27 16 | 04
#1235-d152 @A: 14 24 01 10 | 01
#1236-d152 @A: 01 32 23 14 | 07
#1237-d152 @A: 22 25 23 01 | 09
#1238-d152 @A: 03 14 23 33 | 02
#1239-d152 @A: 03 28 23 26 | 10
#1240-d152 @A: 07 09 03 05 | 06
#1241-d152 @A: 10 19 28 03 | 12
#1242-d152 @A: 29 14 03 25 | 03
#1243-d152 @A: 03 22 23 29 | 11
#1244-d152 @A: 03 15 32 19 | 08
#1245-d152 @A: 23 33 05 26 | 05
#1246-d152 @A: 25 26 18 33 | 04
#1247-d152 @A: 33 16 12 10 | 01
#1248-d152 @A: 17 05 22 33 | 07
#1249-d152 @A: 33 05 14 27 | 09
#1250-d152 @A: 14 09 18 33 | 02
#1251-d152 @A: 22 06 25 33 | 10
#1252-d152 @A: 12 05 28 26 | 06
#1253-d152 @A: 17 07 34 26 | 12
#1254-d152 @A: 25 26 23 16 | 03
#1255-d152 @A: 26 24 25 28 | 11
#1256-d152 @A: 15 24 22 26 | 08
#1257-d152 @A: 05 09 12 08 | 05
#1258-d152 @A: 28 06 12 24 | 04
#1259-d152 @A: 05 32 10 14 | 01
#1260-d152 @A: 05 14 07 22 | 07
#1261-d152 @A: 14 06 05 29 | 09
#1262-d152 @A: 06 16 08 15 | 02
#1263-d152 @A: 27 08 14 29 | 10
#1264-d152 @A: 08 18 27 14 | 06
#1265-d152 @A: 23 08 25 29 | 12
#1266-d152 @A: 08 24 22 19 | 03
#1267-d152 @A: 19 14 28 34 | 11
#1268-d152 @A: 10 32 22 34 | 08
#1269-d152 @A: 10 34 29 25 | 05
#1270-d152 @A: 16 23 27 18 | 04
#1271-d152 @A: 20 32 11 31 | 01
#1272-d152 @A: 20 14 12 31 | 07
#1273-d152 @A: 20 17 15 31 | 09
#1274-d152 @A: 20 31 25 34 | 02
#1275-d152 @A: 31 23 10 20 | 10
#1276-d152 @A: 31 10 12 30 | 06
#1277-d152 @A: 05 31 14 30 | 12
#1278-d152 @A: 31 33 32 35 | 03
#1279-d152 @A: 31 18 01 10 | 11
#1280-d152 @A: 24 28 03 31 | 08
#1281-d152 @A: 03 25 06 31 | 05
#1282-d152 @A: 08 31 16 32 | 04
#1283-d152 @A: 07 29 09 31 | 01
#1284-d152 @A: 28 14 31 23 | 07
#1285-d152 @A: 14 29 10 31 | 09
#1286-d152 @A: 07 31 19 10 | 02
#1287-d152 @A: 10 31 25 18 | 10
#1288-d152 @A: 09 01 04 20 | 06
#1289-d152 @A: 19 21 13 20 | 12
#1290-d152 @A: 20 03 13 29 | 03
#1291-d152 @A: 18 20 13 08 | 11
#1292-d152 @A: 21 12 20 27 | 08
#1293-d152 @A: 18 20 16 21 | 05
#1294-d152 @A: 33 20 35 18 | 04
#1295-d152 @A: 17 20 07 02 | 01
#1296-d152 @A: 05 02 22 20 | 07
#1297-d152 @A: 01 27 18 20 | 09
#1298-d152 @A: 23 03 24 20 | 02
#1299-d152 @A: 12 08 22 20 | 10
#1300-d152 @A: 09 22 20 23 | 06
#1301-d152 @A: 20 09 07 06 | 12
#1302-d152 @A: 23 06 14 20 | 03
#1303-d152 @A: 14 20 18 29 | 11
#1304-d152 @A: 32 19 20 06 | 08
#1305-d152 @A: 11 04 32 19 | 05
#1306-d152 @A: 11 01 26 30 | 04
#1307-d152 @A: 15 30 11 33 | 01
#1308-d152 @A: 30 27 11 05 | 07
#1309-d152 @A: 11 06 16 30 | 09
#1310-d152 @A: 32 17 11 13 | 02
#1311-d152 @A: 23 03 11 21 | 10
#1312-d152 @A: 11 21 19 12 | 06
#1313-d152 @A: 08 11 33 07 | 12
#1314-d152 @A: 11 16 07 12 | 03
#1315-d152 @A: 28 09 15 11 | 11
#1316-d152 @A: 19 10 11 29 | 08
#1317-d152 @A: 11 19 18 10 | 05
#1318-d152 @A: 08 22 04 30 | 04
#1319-d152 @A: 21 03 32 04 | 01
#1320-d152 @A: 21 19 17 04 | 07
#1321-d152 @A: 04 28 05 02 | 09
#1322-d152 @A: 24 02 18 04 | 02
#1323-d152 @A: 04 19 01 03 | 10
#1324-d152 @A: 03 08 04 09 | 06
#1325-d152 @A: 04 33 29 12 | 12
#1326-d152 @A: 22 04 26 29 | 03
#1327-d152 @A: 25 19 04 05 | 11
#1328-d152 @A: 28 04 09 22 | 08
#1329-d152 @A: 24 06 04 19 | 05
#1330-d152 @A: 18 04 07 27 | 04
#1331-d152 @A: 33 18 30 13 | 01
#1332-d152 @A: 26 30 35 17 | 07
#1333-d152 @A: 35 12 30 07 | 09
#1334-d152 @A: 26 30 22 02 | 02
#1335-d152 @A: 03 27 26 30 | 10
#1336-d152 @A: 33 23 30 28 | 06
#1337-d152 @A: 22 19 30 12 | 12
#1338-d152 @A: 30 17 15 23 | 03
#1339-d152 @A: 16 30 14 32 | 11
#1340-d152 @A: 30 22 25 16 | 08
#1341-d152 @A: 13 09 21 35 | 05
#1342-d152 @A: 35 23 13 12 | 04
#1343-d152 @A: 22 13 12 17 | 01
#1344-d152 @A: 18 17 07 13 | 07
#1345-d152 @A: 25 13 29 22 | 09
#1346-d152 @A: 24 06 21 02 | 02
#1347-d152 @A: 21 24 01 12 | 10
#1348-d152 @A: 06 28 21 03 | 06
#1349-d152 @A: 21 28 33 16 | 12
#1350-d152 @A: 05 21 15 14 | 03
#1351-d152 @A: 32 09 21 27 | 11
#1352-d152 @A: 14 28 21 32 | 08
#1353-d152 @A: 22 02 01 35 | 05
#1354-d152 @A: 18 35 16 02 | 04
#1355-d152 @A: 26 35 12 01 | 01
#1356-d152 @A: 17 35 07 01 | 07
#1357-d152 @A: 01 35 32 34 | 09
#1358-d152 @A: 16 03 35 05 | 02
#1359-d152 @A: 03 35 27 08 | 10
#1360-d152 @A: 24 34 12 35 | 06
#1361-d152 @A: 17 35 34 16 | 12
#1362-d152 @A: 35 14 17 23 | 03
#1363-d152 @A: 09 18 35 05 | 11
#1364-d152 @A: 08 25 07 35 | 08
#1365-d152 @A: 06 35 15 14 | 05
#1366-d152 @A: 35 24 27 14 | 04
#1367-d152 @A: 27 15 19 35 | 01
#1368-d152 @A: 18 35 19 06 | 07
#1369-d152 @A: 01 34 02 09 | 09
#1370-d152 @A: 03 33 15 02 | 02
#1371-d152 @A: 25 17 02 33 | 10
#1372-d152 @A: 27 02 08 33 | 06
#1373-d152 @A: 26 02 12 07 | 12
#1374-d152 @A: 02 05 06 17 | 03
#1375-d152 @A: 23 15 16 02 | 11
#1376-d152 @A: 09 02 29 15 | 08
#1377-d152 @A: 28 22 10 02 | 05
#1378-d152 @A: 15 19 24 02 | 04
#1379-d152 @A: 07 02 06 29 | 01
#1380-d152 @A: 17 26 24 01 | 07
#1381-d152 @A: 01 16 26 05 | 09
#1382-d152 @A: 23 01 06 26 | 02
#1383-d152 @A: 29 17 16 01 | 10
#1384-d152 @A: 34 05 01 06 | 06
#1385-d152 @A: 08 28 25 01 | 12
#1386-d152 @A: 16 09 28 01 | 03
#1387-d152 @A: 14 28 01 07 | 11
#1388-d152 @A: 10 17 12 03 | 08
#1389-d152 @A: 03 05 17 14 | 05
#1390-d152 @A: 03 17 28 09 | 04
#1391-d152 @A: 28 18 08 33 | 01
#1392-d152 @A: 32 33 16 15 | 07
#1393-d152 @A: 26 34 22 12 | 09
#1394-d152 @A: 17 25 29 26 | 02
#1395-d152 @A: 16 07 26 22 | 10
#1396-d152 @A: 27 09 26 25 | 06
#1397-d152 @A: 07 10 26 28 | 12
#1398-d152 @A: 26 10 25 14 | 03
#1399-d152 @A: 26 06 24 10 | 11
#1400-d152 @A: 06 12 27 17 | 08
#1401-d152 @A: 15 09 12 06 | 05
#1402-d152 @A: 32 27 12 23 | 04
#1403-d152 @A: 05 17 28 08 | 01
#1404-d152 @A: 34 17 06 10 | 07
#1405-d152 @A: 17 32 09 18 | 09
#1406-d152 @A: 27 28 24 17 | 02
#1407-d152 @A: 17 10 22 23 | 10
#1408-d152 @A: 18 29 23 17 | 06
#1409-d152 @A: 10 16 05 24 | 12
#1410-d152 @A: 29 05 16 23 | 03
#1411-d152 @A: 09 34 08 15 | 11
#1412-d152 @A: 08 28 14 16 | 08
#1413-d152 @A: 10 08 24 15 | 05
#1414-d152 @A: 28 23 34 16 | 04
#1415-d152 @A: 18 27 09 29 | 01
#1416-d152 @A: 11 31 10 13 | 07
#1417-d152 @A: 23 31 05 11 | 09
#1418-d152 @A: 14 13 04 31 | 02
#1419-d152 @A: 04 17 07 31 | 10
#1420-d152 @A: 23 34 31 04 | 06
#1421-d152 @A: 28 08 31 30 | 12
#1422-d152 @A: 13 31 05 21 | 03
#1423-d152 @A: 01 31 09 13 | 11
#1424-d152 @A: 26 31 07 13 | 08
#1425-d152 @A: 31 06 13 17 | 05
#1426-d152 @A: 31 13 24 29 | 04
#1427-d152 @A: 24 08 31 21 | 01
#1428-d152 @A: 25 21 31 10 | 07
#1429-d152 @A: 31 34 10 35 | 09
#1430-d152 @A: 35 31 23 27 | 02
#1431-d152 @A: 31 25 07 16 | 10
#1432-d152 @A: 25 32 31 19 | 06
#1433-d152 @A: 20 11 07 01 | 12
#1434-d152 @A: 12 23 20 11 | 03
#1435-d152 @A: 15 12 20 04 | 11
#1436-d152 @A: 04 20 23 25 | 08
#1437-d152 @A: 30 20 13 15 | 05
#1438-d152 @A: 30 20 14 03 | 04
#1439-d152 @A: 20 13 09 05 | 01
#1440-d152 @A: 20 35 17 09 | 07
#1441-d152 @A: 34 16 20 02 | 09
#1442-d152 @A: 03 28 20 18 | 02
#1443-d152 @A: 16 33 26 20 | 10
#1444-d152 @A: 26 20 34 29 | 06
#1445-d152 @A: 17 20 22 28 | 12
#1446-d152 @A: 05 22 20 18 | 03
#1447-d152 @A: 20 19 27 22 | 11
#1448-d152 @A: 11 02 09 21 | 08
#1449-d152 @A: 14 21 11 34 | 05
#1450-d152 @A: 11 26 02 10 | 04
#1451-d152 @A: 02 17 22 11 | 01
#1452-d152 @A: 10 11 01 03 | 07
#1453-d152 @A: 11 16 01 08 | 09
#1454-d152 @A: 11 01 29 34 | 02
#1455-d152 @A: 32 14 33 11 | 10
#1456-d152 @A: 27 17 34 11 | 06
#1457-d152 @A: 11 05 24 08 | 12
#1458-d152 @A: 22 05 06 11 | 03
#1459-d152 @A: 28 16 11 22 | 11
#1460-d152 @A: 11 06 14 10 | 08
#1461-d152 @A: 11 32 25 24 | 05
#1462-d152 @A: 11 24 06 27 | 04
#1463-d152 @A: 12 04 13 19 | 01
#1464-d152 @A: 21 34 24 04 | 07
#1465-d152 @A: 14 03 35 04 | 09
#1466-d152 @A: 35 29 34 04 | 02
#1467-d152 @A: 09 04 35 32 | 10
#1468-d152 @A: 04 02 22 12 | 06
#1469-d152 @A: 01 08 04 14 | 12
#1470-d152 @A: 04 26 19 15 | 03
#1471-d152 @A: 05 04 12 23 | 11
#1472-d152 @A: 05 27 04 08 | 08
#1473-d152 @A: 24 16 32 04 | 05
#1474-d152 @A: 29 06 04 18 | 04
#1475-d152 @A: 30 26 13 25 | 01
#1476-d152 @A: 30 13 27 34 | 07
#1477-d152 @A: 14 30 33 21 | 09
#1478-d152 @A: 10 30 35 18 | 02
#1479-d152 @A: 17 27 02 30 | 10
#1480-d152 @A: 30 06 05 03 | 06
#1481-d152 @A: 34 06 33 30 | 12
#1482-d152 @A: 26 12 30 24 | 03
#1483-d152 @A: 30 32 15 12 | 11
#1484-d152 @A: 19 28 32 30 | 08
#1485-d152 @A: 32 07 30 10 | 05
#1486-d152 @A: 06 30 22 24 | 04
#1487-d152 @A: 30 06 25 27 | 01
#1488-d152 @A: 13 33 03 21 | 07
#1489-d152 @A: 21 14 13 08 | 09
#1490-d152 @A: 21 15 24 13 | 02
#1491-d152 @A: 13 26 35 19 | 10
#1492-d152 @A: 29 13 01 08 | 06
#1493-d152 @A: 13 05 33 15 | 12
#1494-d152 @A: 13 06 26 15 | 03
#1495-d152 @A: 26 24 18 13 | 11
#1496-d152 @A: 05 12 24 13 | 08
#1497-d152 @A: 07 05 17 13 | 05
#1498-d152 @A: 28 19 16 13 | 04
#1499-d152 @A: 24 25 16 13 | 01
#1500-d152 @A: 13 22 27 24 | 07
#1501-d152 @A: 21 18 35 29 | 09
#1502-d152 @A: 15 21 02 01 | 02
#1503-d152 @A: 21 02 17 16 | 10
#1504-d152 @A: 17 03 21 15 | 06
#1505-d152 @A: 09 33 34 21 | 12
#1506-d152 @A: 26 21 08 06 | 03
#1507-d152 @A: 34 17 22 21 | 11
#1508-d152 @A: 27 22 05 21 | 08
#1509-d152 @A: 15 21 16 09 | 05
#1510-d152 @A: 02 35 24 05 | 04
#1511-d152 @A: 34 02 35 27 | 01
#1512-d152 @A: 09 03 35 34 | 07
#1513-d152 @A: 12 22 10 35 | 09
#1514-d152 @A: 17 05 35 25 | 02
#1515-d152 @A: 06 09 35 28 | 10
#1516-d152 @A: 35 25 28 14 | 06
#1517-d152 @A: 23 35 06 19 | 12
#1518-d152 @A: 02 06 03 34 | 03
#1519-d152 @A: 15 02 17 26 | 11
#1520-d152 @A: 28 02 34 26 | 08
#1521-d152 @A: 02 18 08 12 | 05
#1522-d152 @A: 02 12 32 14 | 04
#1523-d152 @A: 22 29 32 02 | 01
#1524-d152 @A: 01 03 18 08 | 07
#1525-d152 @A: 16 32 25 01 | 09
#1526-d152 @A: 07 15 23 01 | 02
#1527-d152 @A: 28 03 08 33 | 10
#1528-d152 @A: 23 03 17 34 | 06
#1529-d152 @A: 15 16 27 03 | 12
#1530-d152 @A: 18 03 25 09 | 03
#1531-d152 @A: 07 15 03 10 | 11
#1532-d152 @A: 07 14 03 19 | 08
#1533-d152 @A: 06 14 03 32 | 05
#1534-d152 @A: 34 33 26 32 | 04
#1535-d152 @A: 08 33 16 17 | 01
#1536-d152 @A: 07 14 33 16 | 07
#1537-d152 @A: 07 24 09 33 | 09
#1538-d152 @A: 33 24 32 18 | 02
#1539-d152 @A: 26 32 23 24 | 10
#1540-d152 @A: 07 19 32 26 | 06
#1541-d152 @A: 19 27 09 12 | 12
#1542-d152 @A: 18 23 12 24 | 03
#1543-d152 @A: 22 06 12 18 | 11
#1544-d152 @A: 24 12 32 29 | 08
#1545-d152 @A: 17 32 14 29 | 05
#1546-d152 @A: 14 17 24 06 | 04
#1547-d152 @A: 29 27 17 19 | 01
#1548-d152 @A: 17 29 22 07 | 07
#1549-d152 @A: 23 08 18 05 | 09
#1550-d152 @A: 16 25 05 15 | 02
#1551-d152 @A: 06 18 05 10 | 10
#1552-d152 @A: 18 14 05 32 | 06
#1553-d152 @A: 29 25 05 07 | 12
#1554-d152 @A: 22 25 08 10 | 03
#1555-d152 @A: 22 19 18 08 | 11
#1556-d152 @A: 22 07 08 32 | 08
#1557-d152 @A: 22 28 24 34 | 05
#1558-d152 @A: 22 27 07 34 | 04
#1559-d152 @A: 25 27 22 18 | 01
#1560-d152 @A: 02 27 11 31 | 07
#1561-d152 @A: 11 34 24 31 | 09
#1562-d152 @A: 31 11 15 07 | 02
#1563-d152 @A: 31 29 11 06 | 10
#1564-d152 @A: 22 31 04 21 | 06
#1565-d152 @A: 21 30 17 31 | 12
#1566-d152 @A: 33 30 31 25 | 03
#1567-d152 @A: 21 34 31 27 | 11
#1568-d152 @A: 12 02 28 31 | 08
#1569-d152 @A: 01 07 33 31 | 05
#1570-d152 @A: 01 05 31 25 | 04
#1571-d152 @A: 27 03 31 07 | 01
#1572-d152 @A: 27 17 33 31 | 07
#1573-d152 @A: 33 31 08 09 | 09
#1574-d152 @A: 07 12 34 31 | 02
#1575-d152 @A: 31 16 06 27 | 10
#1576-d152 @A: 07 06 31 32 | 06
#1577-d152 @A: 30 20 11 09 | 12
#1578-d152 @A: 20 08 24 04 | 03
#1579-d152 @A: 20 32 34 04 | 11
#1580-d152 @A: 04 23 20 18 | 08
#1581-d152 @A: 20 30 26 32 | 05
#1582-d152 @A: 29 05 30 20 | 04
#1583-d152 @A: 20 35 02 19 | 01
#1584-d152 @A: 02 20 08 15 | 07
#1585-d152 @A: 18 20 02 19 | 09
#1586-d152 @A: 08 32 17 20 | 02
#1587-d152 @A: 20 10 16 06 | 10
#1588-d152 @A: 16 14 20 27 | 06
#1589-d152 @A: 30 19 11 07 | 12
#1590-d152 @A: 14 29 13 11 | 03
#1591-d152 @A: 33 01 27 11 | 11
#1592-d152 @A: 03 11 12 29 | 08
#1593-d152 @A: 26 27 12 11 | 05
#1594-d152 @A: 26 16 29 11 | 04
#1595-d152 @A: 19 11 27 14 | 01
#1596-d152 @A: 21 30 04 28 | 07
#1597-d152 @A: 03 04 16 30 | 09
#1598-d152 @A: 15 30 27 04 | 02
#1599-d152 @A: 04 13 27 16 | 10
#1600-d152 @A: 02 33 04 23 | 06
#1601-d152 @A: 04 10 01 12 | 12
#1602-d152 @A: 04 10 33 18 | 03
#1603-d152 @A: 05 04 06 26 | 11
#1604-d152 @A: 04 09 25 12 | 08
#1605-d152 @A: 04 18 08 32 | 05
#1606-d152 @A: 04 24 10 27 | 04
#1607-d152 @A: 22 15 14 04 | 01
#1608-d152 @A: 15 04 07 29 | 07
#1609-d152 @A: 07 06 04 27 | 09
#1610-d152 @A: 32 22 25 04 | 02
#1611-d152 @A: 13 22 35 30 | 10
#1612-d152 @A: 13 28 30 01 | 06
#1613-d152 @A: 30 21 01 09 | 12
#1614-d152 @A: 33 30 35 09 | 03
#1615-d152 @A: 03 01 15 30 | 11
#1616-d152 @A: 16 08 12 30 | 08
#1617-d152 @A: 09 27 16 30 | 05
#1618-d152 @A: 16 28 24 30 | 04
#1619-d152 @A: 14 15 30 09 | 01
#1620-d152 @A: 09 07 18 30 | 07
#1621-d152 @A: 14 27 30 28 | 09
#1622-d152 @A: 22 15 30 10 | 02
#1623-d152 @A: 13 21 22 26 | 10
#1624-d152 @A: 13 16 07 21 | 06
#1625-d152 @A: 13 18 02 06 | 12
#1626-d152 @A: 03 13 08 32 | 03
#1627-d152 @A: 06 16 13 03 | 11
#1628-d152 @A: 33 08 25 13 | 08
#1629-d152 @A: 09 17 13 24 | 05
#1630-d152 @A: 05 34 08 13 | 04
#1631-d152 @A: 16 32 13 29 | 01
#1632-d152 @A: 32 13 10 28 | 07
#1633-d152 @A: 06 35 01 21 | 09
#1634-d152 @A: 26 01 18 21 | 02
#1635-d152 @A: 10 17 21 05 | 10
#1636-d152 @A: 19 21 28 27 | 06
#1637-d152 @A: 15 19 22 21 | 12
#1638-d152 @A: 21 32 29 15 | 03
#1639-d152 @A: 27 21 18 24 | 11
#1640-d152 @A: 17 02 35 29 | 08
#1641-d152 @A: 35 03 26 32 | 05
#1642-d152 @A: 14 33 35 08 | 04
#1643-d152 @A: 12 08 06 35 | 01
#1644-d152 @A: 17 35 32 28 | 07
#1645-d152 @A: 35 28 07 27 | 09
#1646-d152 @A: 24 29 23 35 | 02
#1647-d152 @A: 28 02 01 17 | 10
#1648-d152 @A: 02 03 32 17 | 06
#1649-d152 @A: 19 05 07 02 | 12
#1650-d152 @A: 02 23 08 22 | 03
#1651-d152 @A: 27 02 09 07 | 11
#1652-d152 @A: 32 25 02 10 | 08
#1653-d152 @A: 06 15 25 02 | 05
#1654-d152 @A: 23 03 05 01 | 04
#1655-d152 @A: 08 33 24 01 | 01
#1656-d152 @A: 29 01 10 23 | 07
#1657-d152 @A: 05 15 03 26 | 09
#1658-d152 @A: 34 03 10 26 | 02
#1659-d152 @A: 19 18 03 26 | 10
#1660-d152 @A: 03 16 12 34 | 06
#1661-d152 @A: 28 22 03 32 | 12
#1662-d152 @A: 25 03 15 28 | 03
#1663-d152 @A: 32 03 25 07 | 11
#1664-d152 @A: 26 25 33 19 | 08
#1665-d152 @A: 09 10 25 33 | 05
#1666-d152 @A: 33 25 29 28 | 04
#1667-d152 @A: 33 23 10 24 | 01
#1668-d152 @A: 33 07 15 06 | 07
#1669-d152 @A: 25 05 26 34 | 09
#1670-d152 @A: 26 09 14 32 | 02
#1671-d152 @A: 09 15 07 26 | 10
#1672-d152 @A: 09 29 06 26 | 06
#1673-d152 @A: 27 26 06 28 | 12
#1674-d152 @A: 25 05 22 12 | 03
#1675-d152 @A: 16 32 17 07 | 11
#1676-d152 @A: 27 17 07 10 | 08
#1677-d152 @A: 17 15 22 25 | 05
#1678-d152 @A: 27 16 05 28 | 04
#1679-d152 @A: 05 29 09 28 | 01
#1680-d152 @A: 05 19 32 09 | 07
#1681-d152 @A: 05 19 10 27 | 09
#1682-d152 @A: 18 05 29 25 | 02
#1683-d152 @A: 19 16 10 08 | 10
#1684-d152 @A: 08 07 29 16 | 06
#1685-d152 @A: 08 25 27 16 | 12
#1686-d152 @A: 15 34 18 07 | 03
#1687-d152 @A: 28 18 10 29 | 11
#1688-d152 @A: 28 27 18 06 | 08
#1689-d152 @A: 18 14 24 15 | 05
