#0001-d175 @A: 16 13 25 05 | 08
#0002-d175 @A: 23 29 16 05 | 12
#0003-d175 @A: 06 05 07 16 | 04
#0004-d175 @A: 05 24 12 13 | 11
#0005-d175 @A: 19 35 11 05 | 09
#0006-d175 @A: 34 08 05 22 | 05
#0007-d175 @A: 27 20 05 26 | 10
#0008-d175 @A: 30 20 09 05 | 02
#0009-d175 @A: 01 10 05 35 | 01
#0010-d175 @A: 35 03 12 05 | 07
#0011-d175 @A: 26 05 02 14 | 03
#0012-d175 @A: 02 11 24 05 | 06
#0013-d175 @A: 05 18 29 07 | 08
#0014-d175 @A: 10 30 33 05 | 12
#0015-d175 @A: 31 15 09 05 | 04
#0016-d175 @A: 15 16 14 13 | 11
#0017-d175 @A: 31 19 14 16 | 09
#0018-d175 @A: 16 35 06 08 | 05
#0019-d175 @A: 28 03 16 20 | 10
#0020-d175 @A: 16 29 07 35 | 02
#0021-d175 @A: 23 16 09 14 | 01
#0022-d175 @A: 16 18 17 29 | 07
#0023-d175 @A: 18 16 04 28 | 03
#0024-d175 @A: 01 16 10 31 | 06
#0025-d175 @A: 33 32 31 16 | 08
#0026-d175 @A: 22 16 30 03 | 12
#0027-d175 @A: 16 02 29 31 | 04
#0028-d175 @A: 09 16 30 02 | 11
#0029-d175 @A: 29 27 13 08 | 09
#0030-d175 @A: 13 09 34 20 | 05
#0031-d175 @A: 13 35 34 03 | 10
#0032-d175 @A: 33 24 13 30 | 02
#0033-d175 @A: 21 24 13 04 | 01
#0034-d175 @A: 02 13 14 29 | 07
#0035-d175 @A: 13 27 18 21 | 03
#0036-d175 @A: 33 12 13 32 | 06
#0037-d175 @A: 23 32 13 21 | 08
#0038-d175 @A: 11 25 32 13 | 12
#0039-d175 @A: 07 29 13 21 | 04
#0040-d175 @A: 06 13 12 31 | 11
#0041-d175 @A: 13 30 31 17 | 09
#0042-d175 @A: 13 07 09 17 | 05
#0043-d175 @A: 34 13 12 17 | 10
#0044-d175 @A: 13 04 11 09 | 02
#0045-d175 @A: 30 25 27 13 | 01
#0046-d175 @A: 30 08 19 10 | 07
#0047-d175 @A: 32 19 08 34 | 03
#0048-d175 @A: 19 08 17 03 | 06
#0049-d175 @A: 35 07 20 19 | 08
#0050-d175 @A: 19 31 20 10 | 12
#0051-d175 @A: 19 24 26 35 | 04
#0052-d175 @A: 03 19 30 35 | 11
#0053-d175 @A: 19 26 03 09 | 09
#0054-d175 @A: 19 07 33 14 | 05
#0055-d175 @A: 19 32 25 29 | 10
#0056-d175 @A: 02 17 19 15 | 02
#0057-d175 @A: 27 19 34 30 | 01
#0058-d175 @A: 15 04 12 19 | 07
#0059-d175 @A: 08 29 31 20 | 03
#0060-d175 @A: 08 33 26 15 | 06
#0061-d175 @A: 08 26 25 12 | 08
#0062-d175 @A: 08 01 22 24 | 12
#0063-d175 @A: 08 14 29 03 | 04
#0064-d175 @A: 18 08 23 22 | 11
#0065-d175 @A: 33 21 08 34 | 09
#0066-d175 @A: 03 34 08 04 | 05
#0067-d175 @A: 09 02 08 07 | 10
#0068-d175 @A: 27 08 02 11 | 02
#0069-d175 @A: 08 07 15 25 | 01
#0070-d175 @A: 08 17 34 09 | 07
#0071-d175 @A: 01 04 08 11 | 03
#0072-d175 @A: 26 10 20 09 | 06
#0073-d175 @A: 32 17 26 20 | 08
#0074-d175 @A: 11 24 10 20 | 12
#0075-d175 @A: 14 22 11 20 | 04
#0076-d175 @A: 32 30 18 20 | 11
#0077-d175 @A: 18 03 20 17 | 09
#0078-d175 @A: 32 20 01 23 | 05
#0079-d175 @A: 30 32 04 20 | 10
#0080-d175 @A: 21 20 33 11 | 02
#0081-d175 @A: 04 21 20 15 | 01
#0082-d175 @A: 11 20 04 02 | 07
#0083-d175 @A: 20 02 30 27 | 03
#0084-d175 @A: 20 30 06 15 | 06
#0085-d175 @A: 27 04 20 01 | 08
#0086-d175 @A: 26 35 30 10 | 12
#0087-d175 @A: 03 28 35 26 | 04
#0088-d175 @A: 35 21 02 24 | 11
#0089-d175 @A: 03 27 24 35 | 09
#0090-d175 @A: 35 14 17 32 | 05
#0091-d175 @A: 33 30 14 35 | 10
#0092-d175 @A: 03 29 18 35 | 02
#0093-d175 @A: 23 22 33 35 | 01
#0094-d175 @A: 28 30 35 31 | 07
#0095-d175 @A: 12 09 23 35 | 03
#0096-d175 @A: 14 10 26 06 | 06
#0097-d175 @A: 17 33 34 26 | 08
#0098-d175 @A: 27 22 26 21 | 12
#0099-d175 @A: 26 22 31 04 | 04
#0100-d175 @A: 31 07 26 06 | 11
#0101-d175 @A: 30 26 12 34 | 09
#0102-d175 @A: 27 26 09 25 | 05
#0103-d175 @A: 24 18 15 29 | 10
#0104-d175 @A: 12 10 24 29 | 02
#0105-d175 @A: 25 28 10 24 | 01
#0106-d175 @A: 03 28 32 24 | 07
#0107-d175 @A: 17 15 22 24 | 03
#0108-d175 @A: 06 02 24 01 | 06
#0109-d175 @A: 31 06 24 27 | 08
#0110-d175 @A: 11 04 24 25 | 12
#0111-d175 @A: 14 10 18 25 | 04
#0112-d175 @A: 14 18 06 22 | 11
#0113-d175 @A: 02 18 30 14 | 09
#0114-d175 @A: 14 17 33 29 | 05
#0115-d175 @A: 14 01 02 33 | 10
#0116-d175 @A: 14 22 01 29 | 02
#0117-d175 @A: 27 23 07 14 | 01
#0118-d175 @A: 14 06 01 15 | 07
#0119-d175 @A: 25 14 15 09 | 03
#0120-d175 @A: 32 02 29 18 | 06
#0121-d175 @A: 06 21 18 03 | 08
#0122-d175 @A: 18 11 22 30 | 12
#0123-d175 @A: 28 15 18 02 | 04
#0124-d175 @A: 25 23 34 18 | 11
#0125-d175 @A: 11 23 18 15 | 09
#0126-d175 @A: 29 33 06 10 | 05
#0127-d175 @A: 34 10 15 02 | 10
#0128-d175 @A: 10 04 34 31 | 02
#0129-d175 @A: 03 12 32 30 | 01
#0130-d175 @A: 27 02 06 32 | 07
#0131-d175 @A: 12 32 02 17 | 03
#0132-d175 @A: 07 34 27 32 | 06
#0133-d175 @A: 30 32 23 07 | 08
#0134-d175 @A: 17 21 04 33 | 12
#0135-d175 @A: 15 22 33 01 | 04
#0136-d175 @A: 02 23 33 06 | 11
#0137-d175 @A: 33 15 31 11 | 09
#0138-d175 @A: 33 28 01 11 | 05
#0139-d175 @A: 33 23 09 17 | 10
#0140-d175 @A: 27 25 31 21 | 02
#0141-d175 @A: 21 06 09 28 | 01
#0142-d175 @A: 23 27 28 21 | 07
#0143-d175 @A: 25 28 22 27 | 03
#0144-d175 @A: 22 23 34 09 | 06
#0145-d175 @A: 02 03 29 11 | 08
#0146-d175 @A: 34 02 28 29 | 12
#0147-d175 @A: 29 25 30 28 | 04
#0148-d175 @A: 01 07 29 30 | 11
#0149-d175 @A: 29 15 34 01 | 09
#0150-d175 @A: 01 12 29 06 | 05
#0151-d175 @A: 30 02 03 23 | 10
#0152-d175 @A: 31 23 03 34 | 02
#0153-d175 @A: 03 27 12 01 | 01
#0154-d175 @A: 07 11 04 15 | 07
#0155-d175 @A: 15 06 27 04 | 03
#0156-d175 @A: 08 11 13 05 | 06
#0157-d175 @A: 35 13 26 05 | 08
#0158-d175 @A: 05 06 22 13 | 12
#0159-d175 @A: 13 17 29 05 | 04
#0160-d175 @A: 25 14 19 05 | 11
#0161-d175 @A: 05 07 10 19 | 09
#0162-d175 @A: 14 08 30 05 | 05
#0163-d175 @A: 05 08 02 32 | 10
#0164-d175 @A: 05 01 03 08 | 02
#0165-d175 @A: 18 09 24 05 | 01
#0166-d175 @A: 24 05 21 07 | 07
#0167-d175 @A: 05 01 14 07 | 03
#0168-d175 @A: 05 04 18 03 | 06
#0169-d175 @A: 28 18 05 30 | 08
#0170-d175 @A: 05 01 33 29 | 12
#0171-d175 @A: 05 03 15 33 | 04
#0172-d175 @A: 21 04 29 05 | 11
#0173-d175 @A: 03 28 05 22 | 09
#0174-d175 @A: 23 17 22 05 | 05
#0175-d175 @A: 28 05 25 12 | 10
#0176-d175 @A: 15 25 05 23 | 02
#0177-d175 @A: 16 34 13 32 | 01
#0178-d175 @A: 13 09 29 16 | 07
#0179-d175 @A: 27 04 16 13 | 03
#0180-d175 @A: 22 16 26 19 | 06
#0181-d175 @A: 19 16 34 10 | 08
#0182-d175 @A: 01 20 08 16 | 12
#0183-d175 @A: 20 16 21 14 | 04
#0184-d175 @A: 35 23 16 21 | 11
#0185-d175 @A: 21 26 16 31 | 09
#0186-d175 @A: 15 16 21 24 | 05
#0187-d175 @A: 27 14 18 16 | 10
#0188-d175 @A: 18 30 06 16 | 02
#0189-d175 @A: 16 02 32 10 | 01
#0190-d175 @A: 16 10 29 03 | 07
#0191-d175 @A: 16 28 02 27 | 03
#0192-d175 @A: 23 02 16 07 | 06
#0193-d175 @A: 34 16 27 31 | 08
#0194-d175 @A: 12 11 17 16 | 12
#0195-d175 @A: 07 28 13 19 | 04
#0196-d175 @A: 13 15 08 17 | 11
#0197-d175 @A: 20 13 06 14 | 09
#0198-d175 @A: 17 20 22 13 | 05
#0199-d175 @A: 31 24 35 13 | 10
#0200-d175 @A: 26 30 18 13 | 02
#0201-d175 @A: 25 13 03 24 | 01
#0202-d175 @A: 31 10 13 21 | 07
#0203-d175 @A: 11 33 13 34 | 03
#0204-d175 @A: 13 23 28 15 | 06
#0205-d175 @A: 35 19 28 08 | 08
#0206-d175 @A: 20 15 19 29 | 12
#0207-d175 @A: 14 17 18 19 | 04
#0208-d175 @A: 14 19 34 29 | 11
#0209-d175 @A: 10 04 07 19 | 09
#0210-d175 @A: 02 03 19 32 | 05
#0211-d175 @A: 31 19 23 02 | 10
#0212-d175 @A: 19 01 02 28 | 02
#0213-d175 @A: 01 07 31 19 | 01
#0214-d175 @A: 31 34 19 17 | 07
#0215-d175 @A: 19 28 23 34 | 03
#0216-d175 @A: 34 12 19 25 | 06
#0217-d175 @A: 19 11 23 06 | 08
#0218-d175 @A: 15 23 19 12 | 12
#0219-d175 @A: 23 33 08 20 | 04
#0220-d175 @A: 08 14 07 22 | 11
#0221-d175 @A: 04 08 18 09 | 09
#0222-d175 @A: 08 12 10 17 | 05
#0223-d175 @A: 06 03 32 08 | 10
#0224-d175 @A: 07 29 08 34 | 02
#0225-d175 @A: 09 31 27 08 | 01
#0226-d175 @A: 08 12 06 07 | 07
#0227-d175 @A: 35 15 02 20 | 03
#0228-d175 @A: 20 21 26 07 | 06
#0229-d175 @A: 20 09 29 14 | 08
#0230-d175 @A: 04 14 20 31 | 12
#0231-d175 @A: 20 02 06 31 | 04
#0232-d175 @A: 25 02 20 09 | 11
#0233-d175 @A: 04 17 20 09 | 09
#0234-d175 @A: 27 11 20 09 | 05
#0235-d175 @A: 22 35 15 26 | 10
#0236-d175 @A: 18 34 35 04 | 02
#0237-d175 @A: 06 35 10 21 | 01
#0238-d175 @A: 29 09 10 35 | 07
#0239-d175 @A: 35 02 10 28 | 03
#0240-d175 @A: 35 21 04 03 | 06
#0241-d175 @A: 35 17 25 02 | 08
#0242-d175 @A: 34 31 35 07 | 12
#0243-d175 @A: 35 34 28 25 | 04
#0244-d175 @A: 09 26 21 24 | 11
#0245-d175 @A: 29 26 14 31 | 09
#0246-d175 @A: 32 31 26 11 | 05
#0247-d175 @A: 03 33 26 30 | 10
#0248-d175 @A: 22 12 31 26 | 02
#0249-d175 @A: 31 02 15 26 | 01
#0250-d175 @A: 26 23 27 30 | 07
#0251-d175 @A: 24 14 33 18 | 03
#0252-d175 @A: 24 07 18 30 | 06
#0253-d175 @A: 24 32 01 21 | 08
#0254-d175 @A: 04 24 31 28 | 12
#0255-d175 @A: 25 24 17 06 | 04
#0256-d175 @A: 06 12 30 24 | 11
#0257-d175 @A: 21 02 14 09 | 09
#0258-d175 @A: 14 06 31 21 | 05
#0259-d175 @A: 23 03 14 22 | 10
#0260-d175 @A: 12 14 23 34 | 02
#0261-d175 @A: 22 01 18 32 | 01
#0262-d175 @A: 18 27 32 11 | 07
#0263-d175 @A: 28 31 18 21 | 03
#0264-d175 @A: 03 32 25 10 | 06
#0265-d175 @A: 22 10 23 29 | 08
#0266-d175 @A: 01 03 10 09 | 12
#0267-d175 @A: 10 15 04 09 | 04
#0268-d175 @A: 12 30 10 01 | 11
#0269-d175 @A: 32 30 34 29 | 09
#0270-d175 @A: 32 01 15 31 | 05
#0271-d175 @A: 07 32 28 15 | 10
#0272-d175 @A: 12 32 28 23 | 02
#0273-d175 @A: 12 01 32 04 | 01
#0274-d175 @A: 12 17 31 33 | 07
#0275-d175 @A: 21 09 30 07 | 03
#0276-d175 @A: 17 12 09 21 | 06
#0277-d175 @A: 25 22 03 02 | 08
#0278-d175 @A: 22 31 02 11 | 12
#0279-d175 @A: 02 01 22 27 | 04
#0280-d175 @A: 34 22 30 31 | 11
#0281-d175 @A: 07 22 01 23 | 09
#0282-d175 @A: 25 22 34 04 | 05
#0283-d175 @A: 03 29 28 07 | 10
#0284-d175 @A: 31 23 29 25 | 02
#0285-d175 @A: 28 15 04 02 | 01
#0286-d175 @A: 19 16 17 05 | 07
#0287-d175 @A: 03 27 05 16 | 03
#0288-d175 @A: 05 13 10 28 | 06
#0289-d175 @A: 18 05 19 01 | 08
#0290-d175 @A: 15 21 05 19 | 12
#0291-d175 @A: 05 30 22 19 | 04
#0292-d175 @A: 20 02 05 10 | 11
#0293-d175 @A: 05 29 20 11 | 09
#0294-d175 @A: 30 35 05 29 | 05
#0295-d175 @A: 12 18 15 05 | 10
#0296-d175 @A: 05 29 31 10 | 02
#0297-d175 @A: 32 22 07 05 | 01
#0298-d175 @A: 31 05 28 27 | 07
#0299-d175 @A: 06 05 30 31 | 03
#0300-d175 @A: 05 04 27 07 | 06
#0301-d175 @A: 05 25 34 01 | 08
#0302-d175 @A: 30 13 35 16 | 12
#0303-d175 @A: 19 08 16 23 | 04
#0304-d175 @A: 16 35 09 19 | 11
#0305-d175 @A: 35 03 16 15 | 09
#0306-d175 @A: 16 18 26 23 | 05
#0307-d175 @A: 23 33 16 24 | 10
#0308-d175 @A: 10 14 16 28 | 02
#0309-d175 @A: 32 16 15 18 | 01
#0310-d175 @A: 07 18 11 16 | 07
#0311-d175 @A: 16 25 10 22 | 03
#0312-d175 @A: 15 12 16 10 | 06
#0313-d175 @A: 32 16 03 09 | 08
#0314-d175 @A: 23 32 11 16 | 12
#0315-d175 @A: 28 21 16 11 | 04
#0316-d175 @A: 22 12 27 16 | 11
#0317-d175 @A: 12 16 07 09 | 09
#0318-d175 @A: 34 16 23 06 | 05
#0319-d175 @A: 16 04 34 09 | 10
#0320-d175 @A: 16 34 30 25 | 02
#0321-d175 @A: 30 15 01 16 | 01
#0322-d175 @A: 16 11 01 09 | 07
#0323-d175 @A: 16 12 23 01 | 03
#0324-d175 @A: 19 13 27 20 | 06
#0325-d175 @A: 10 13 08 01 | 08
#0326-d175 @A: 35 17 33 13 | 12
#0327-d175 @A: 13 02 17 26 | 04
#0328-d175 @A: 31 09 13 26 | 11
#0329-d175 @A: 26 13 25 01 | 09
#0330-d175 @A: 04 10 13 12 | 05
#0331-d175 @A: 29 13 28 12 | 10
#0332-d175 @A: 13 17 28 06 | 02
#0333-d175 @A: 07 25 06 13 | 01
#0334-d175 @A: 15 07 30 13 | 07
#0335-d175 @A: 06 13 11 15 | 03
#0336-d175 @A: 31 08 19 15 | 06
#0337-d175 @A: 23 20 19 14 | 08
#0338-d175 @A: 19 03 20 01 | 12
#0339-d175 @A: 04 20 34 19 | 04
#0340-d175 @A: 31 19 22 35 | 11
#0341-d175 @A: 29 35 19 02 | 09
#0342-d175 @A: 19 26 18 34 | 05
#0343-d175 @A: 19 26 10 27 | 10
#0344-d175 @A: 32 26 19 07 | 02
#0345-d175 @A: 12 19 33 26 | 01
#0346-d175 @A: 19 24 09 29 | 07
#0347-d175 @A: 06 32 19 31 | 03
#0348-d175 @A: 19 27 33 31 | 06
#0349-d175 @A: 33 19 25 15 | 08
#0350-d175 @A: 19 22 17 27 | 12
#0351-d175 @A: 11 02 07 19 | 04
#0352-d175 @A: 27 11 19 25 | 11
#0353-d175 @A: 20 26 08 11 | 09
#0354-d175 @A: 20 07 08 18 | 05
#0355-d175 @A: 32 27 20 08 | 10
#0356-d175 @A: 26 08 27 03 | 02
#0357-d175 @A: 08 02 06 14 | 01
#0358-d175 @A: 14 27 34 08 | 07
#0359-d175 @A: 08 09 32 28 | 03
#0360-d175 @A: 29 08 02 33 | 06
#0361-d175 @A: 17 08 02 21 | 08
#0362-d175 @A: 03 34 30 08 | 12
#0363-d175 @A: 25 27 08 06 | 04
#0364-d175 @A: 15 12 30 08 | 11
#0365-d175 @A: 04 27 08 30 | 09
#0366-d175 @A: 35 30 20 01 | 05
#0367-d175 @A: 17 10 14 20 | 10
#0368-d175 @A: 21 20 02 34 | 02
#0369-d175 @A: 03 29 22 20 | 01
#0370-d175 @A: 27 28 06 20 | 07
#0371-d175 @A: 15 11 28 20 | 03
#0372-d175 @A: 25 27 20 34 | 06
#0373-d175 @A: 20 01 12 34 | 08
#0374-d175 @A: 25 17 11 20 | 12
#0375-d175 @A: 27 17 12 20 | 04
#0376-d175 @A: 26 23 35 14 | 11
#0377-d175 @A: 35 06 26 32 | 09
#0378-d175 @A: 26 35 07 25 | 05
#0379-d175 @A: 35 25 33 04 | 10
#0380-d175 @A: 01 35 22 34 | 02
#0381-d175 @A: 17 03 06 35 | 01
#0382-d175 @A: 35 09 02 11 | 07
#0383-d175 @A: 09 06 31 35 | 03
#0384-d175 @A: 15 34 09 35 | 06
#0385-d175 @A: 06 27 35 12 | 08
#0386-d175 @A: 14 34 26 22 | 12
#0387-d175 @A: 26 10 07 18 | 04
#0388-d175 @A: 26 23 32 10 | 11
#0389-d175 @A: 25 22 33 26 | 09
#0390-d175 @A: 12 33 04 26 | 05
#0391-d175 @A: 23 15 03 26 | 10
#0392-d175 @A: 03 26 12 04 | 02
#0393-d175 @A: 26 31 17 27 | 01
#0394-d175 @A: 18 25 24 21 | 07
#0395-d175 @A: 02 24 15 30 | 03
#0396-d175 @A: 07 34 01 24 | 06
#0397-d175 @A: 34 04 24 07 | 08
#0398-d175 @A: 10 14 11 32 | 12
#0399-d175 @A: 10 03 14 02 | 04
#0400-d175 @A: 31 14 33 25 | 11
#0401-d175 @A: 01 21 03 14 | 09
#0402-d175 @A: 14 23 01 11 | 05
#0403-d175 @A: 30 03 10 18 | 10
#0404-d175 @A: 10 18 02 27 | 02
#0405-d175 @A: 18 17 21 32 | 01
#0406-d175 @A: 17 04 18 32 | 07
#0407-d175 @A: 22 29 18 27 | 03
#0408-d175 @A: 25 18 02 06 | 06
#0409-d175 @A: 18 34 12 11 | 08
#0410-d175 @A: 06 23 18 01 | 12
#0411-d175 @A: 04 30 11 18 | 04
#0412-d175 @A: 10 32 34 21 | 11
#0413-d175 @A: 07 10 32 29 | 09
#0414-d175 @A: 27 32 10 04 | 05
#0415-d175 @A: 01 10 04 33 | 10
#0416-d175 @A: 03 10 22 07 | 02
#0417-d175 @A: 29 10 11 01 | 01
#0418-d175 @A: 10 01 25 02 | 07
#0419-d175 @A: 06 10 27 15 | 03
#0420-d175 @A: 33 11 03 32 | 06
#0421-d175 @A: 31 32 21 04 | 08
#0422-d175 @A: 31 09 32 23 | 12
#0423-d175 @A: 25 32 01 28 | 04
#0424-d175 @A: 32 17 07 11 | 11
#0425-d175 @A: 30 25 32 06 | 09
#0426-d175 @A: 09 33 21 31 | 05
#0427-d175 @A: 31 04 33 06 | 10
#0428-d175 @A: 07 33 27 28 | 02
#0429-d175 @A: 34 12 33 07 | 01
#0430-d175 @A: 34 30 33 15 | 07
#0431-d175 @A: 25 33 06 12 | 03
#0432-d175 @A: 30 02 04 21 | 06
#0433-d175 @A: 31 21 34 15 | 08
#0434-d175 @A: 12 07 21 04 | 12
#0435-d175 @A: 04 06 09 21 | 04
#0436-d175 @A: 27 21 15 30 | 11
#0437-d175 @A: 09 29 03 17 | 09
#0438-d175 @A: 07 06 15 29 | 05
#0439-d175 @A: 11 15 25 29 | 10
#0440-d175 @A: 11 03 04 31 | 02
#0441-d175 @A: 34 03 06 12 | 01
#0442-d175 @A: 25 03 12 17 | 07
#0443-d175 @A: 01 23 31 04 | 03
#0444-d175 @A: 26 16 05 15 | 06
#0445-d175 @A: 19 31 05 13 | 08
#0446-d175 @A: 33 05 13 27 | 12
#0447-d175 @A: 21 05 13 02 | 04
#0448-d175 @A: 05 19 09 08 | 11
#0449-d175 @A: 05 26 31 33 | 09
#0450-d175 @A: 05 22 11 26 | 05
#0451-d175 @A: 33 18 11 05 | 10
#0452-d175 @A: 05 09 32 10 | 02
#0453-d175 @A: 21 12 05 10 | 01
#0454-d175 @A: 32 29 05 06 | 07
#0455-d175 @A: 05 02 04 33 | 03
#0456-d175 @A: 05 04 17 06 | 06
#0457-d175 @A: 17 05 12 30 | 08
#0458-d175 @A: 09 05 25 04 | 12
#0459-d175 @A: 01 05 23 30 | 04
#0460-d175 @A: 16 19 32 20 | 11
#0461-d175 @A: 28 18 16 19 | 09
#0462-d175 @A: 10 16 07 08 | 05
#0463-d175 @A: 08 16 21 27 | 10
#0464-d175 @A: 04 16 25 08 | 02
#0465-d175 @A: 16 22 20 31 | 01
#0466-d175 @A: 16 01 26 35 | 07
#0467-d175 @A: 16 02 14 35 | 03
#0468-d175 @A: 28 32 16 35 | 06
#0469-d175 @A: 16 35 25 27 | 08
#0470-d175 @A: 24 26 17 16 | 12
#0471-d175 @A: 28 29 26 16 | 04
#0472-d175 @A: 16 22 24 11 | 11
#0473-d175 @A: 16 29 01 24 | 09
#0474-d175 @A: 02 16 24 03 | 05
#0475-d175 @A: 32 01 16 14 | 10
#0476-d175 @A: 02 16 18 21 | 02
#0477-d175 @A: 07 16 32 21 | 01
#0478-d175 @A: 21 16 03 34 | 07
#0479-d175 @A: 19 13 33 08 | 03
#0480-d175 @A: 19 15 26 13 | 06
#0481-d175 @A: 19 13 24 01 | 08
#0482-d175 @A: 03 13 29 19 | 12
#0483-d175 @A: 24 32 07 13 | 04
#0484-d175 @A: 13 33 03 01 | 11
#0485-d175 @A: 33 13 03 04 | 09
#0486-d175 @A: 15 02 13 33 | 05
#0487-d175 @A: 23 13 22 11 | 10
#0488-d175 @A: 29 03 13 04 | 02
#0489-d175 @A: 13 28 03 27 | 01
#0490-d175 @A: 13 31 25 15 | 07
#0491-d175 @A: 27 07 13 12 | 03
#0492-d175 @A: 17 13 01 23 | 06
#0493-d175 @A: 13 04 15 25 | 08
#0494-d175 @A: 01 12 13 11 | 12
#0495-d175 @A: 30 19 26 20 | 04
#0496-d175 @A: 14 19 03 28 | 11
#0497-d175 @A: 30 09 14 19 | 09
#0498-d175 @A: 10 33 09 19 | 05
#0499-d175 @A: 22 10 02 19 | 10
#0500-d175 @A: 19 10 03 12 | 02
#0501-d175 @A: 11 19 09 32 | 01
#0502-d175 @A: 23 33 03 19 | 07
#0503-d175 @A: 30 19 15 28 | 03
#0504-d175 @A: 27 07 19 15 | 06
#0505-d175 @A: 19 17 04 01 | 08
#0506-d175 @A: 23 19 25 01 | 12
#0507-d175 @A: 20 25 35 08 | 04
#0508-d175 @A: 29 08 35 12 | 11
#0509-d175 @A: 18 08 09 26 | 09
#0510-d175 @A: 29 25 08 10 | 05
#0511-d175 @A: 08 33 25 01 | 10
#0512-d175 @A: 15 08 03 22 | 02
#0513-d175 @A: 27 08 01 17 | 01
#0514-d175 @A: 21 09 35 20 | 07
#0515-d175 @A: 26 20 03 34 | 03
#0516-d175 @A: 28 32 29 20 | 06
#0517-d175 @A: 21 15 20 22 | 08
#0518-d175 @A: 31 21 30 20 | 12
#0519-d175 @A: 35 34 32 18 | 04
#0520-d175 @A: 33 35 21 28 | 11
#0521-d175 @A: 29 15 35 33 | 09
#0522-d175 @A: 27 04 35 29 | 05
#0523-d175 @A: 35 06 01 28 | 10
#0524-d175 @A: 06 25 11 35 | 02
#0525-d175 @A: 10 15 24 26 | 01
#0526-d175 @A: 09 14 26 12 | 07
#0527-d175 @A: 28 26 33 10 | 03
#0528-d175 @A: 17 26 10 03 | 06
#0529-d175 @A: 11 26 33 07 | 08
#0530-d175 @A: 21 02 26 03 | 12
#0531-d175 @A: 06 23 26 17 | 04
#0532-d175 @A: 06 27 01 26 | 11
#0533-d175 @A: 24 10 33 31 | 09
#0534-d175 @A: 24 22 34 32 | 05
#0535-d175 @A: 06 24 04 32 | 10
#0536-d175 @A: 24 06 21 33 | 02
#0537-d175 @A: 33 17 03 24 | 01
#0538-d175 @A: 07 31 22 24 | 07
#0539-d175 @A: 24 07 02 12 | 03
#0540-d175 @A: 24 17 31 11 | 06
#0541-d175 @A: 31 12 24 15 | 08
#0542-d175 @A: 24 31 09 01 | 12
#0543-d175 @A: 24 28 17 27 | 04
#0544-d175 @A: 12 23 24 11 | 11
#0545-d175 @A: 30 14 10 29 | 09
#0546-d175 @A: 33 06 03 14 | 05
#0547-d175 @A: 21 11 14 29 | 10
#0548-d175 @A: 21 25 17 14 | 02
#0549-d175 @A: 28 14 30 06 | 01
#0550-d175 @A: 06 04 14 28 | 07
#0551-d175 @A: 18 23 10 04 | 03
#0552-d175 @A: 17 33 18 22 | 06
#0553-d175 @A: 27 01 28 18 | 08
#0554-d175 @A: 07 23 09 18 | 12
#0555-d175 @A: 18 27 09 34 | 04
#0556-d175 @A: 18 15 30 09 | 11
#0557-d175 @A: 33 10 32 01 | 09
#0558-d175 @A: 21 30 17 10 | 05
#0559-d175 @A: 10 30 11 25 | 10
#0560-d175 @A: 33 22 32 28 | 02
#0561-d175 @A: 32 27 25 33 | 01
#0562-d175 @A: 02 33 12 11 | 07
#0563-d175 @A: 12 09 33 01 | 03
#0564-d175 @A: 15 29 23 21 | 06
#0565-d175 @A: 31 21 12 01 | 08
#0566-d175 @A: 21 28 34 07 | 12
#0567-d175 @A: 30 12 28 21 | 04
#0568-d175 @A: 12 21 07 15 | 11
#0569-d175 @A: 02 22 07 30 | 09
#0570-d175 @A: 17 02 34 22 | 05
#0571-d175 @A: 23 22 02 15 | 10
#0572-d175 @A: 22 34 07 25 | 02
#0573-d175 @A: 11 29 07 27 | 01
#0574-d175 @A: 29 17 34 25 | 07
#0575-d175 @A: 34 02 03 01 | 03
#0576-d175 @A: 03 28 25 31 | 06
#0577-d175 @A: 09 03 30 31 | 08
#0578-d175 @A: 07 27 09 03 | 12
#0579-d175 @A: 03 09 23 06 | 04
#0580-d175 @A: 03 23 27 25 | 11
#0581-d175 @A: 30 03 01 25 | 09
#0582-d175 @A: 12 27 11 04 | 05
#0583-d175 @A: 18 16 05 10 | 10
#0584-d175 @A: 33 05 16 34 | 02
#0585-d175 @A: 19 34 05 20 | 01
#0586-d175 @A: 08 05 25 24 | 07
#0587-d175 @A: 05 12 04 20 | 03
#0588-d175 @A: 35 32 25 05 | 06
#0589-d175 @A: 05 24 01 26 | 08
#0590-d175 @A: 26 05 06 12 | 12
#0591-d175 @A: 05 24 04 15 | 04
#0592-d175 @A: 22 27 14 05 | 11
#0593-d175 @A: 17 14 03 05 | 09
#0594-d175 @A: 05 33 21 25 | 05
#0595-d175 @A: 22 12 01 05 | 10
#0596-d175 @A: 05 03 02 31 | 02
#0597-d175 @A: 02 06 17 05 | 01
#0598-d175 @A: 05 02 12 23 | 07
#0599-d175 @A: 34 12 31 05 | 03
#0600-d175 @A: 11 23 05 28 | 06
#0601-d175 @A: 05 30 07 25 | 08
#0602-d175 @A: 05 17 25 27 | 12
#0603-d175 @A: 02 16 13 19 | 04
#0604-d175 @A: 33 01 19 16 | 11
#0605-d175 @A: 16 03 25 19 | 09
#0606-d175 @A: 16 06 27 19 | 05
#0607-d175 @A: 04 19 16 06 | 10
#0608-d175 @A: 26 08 02 16 | 02
#0609-d175 @A: 17 16 35 20 | 01
#0610-d175 @A: 16 33 20 02 | 07
#0611-d175 @A: 01 18 16 03 | 03
#0612-d175 @A: 10 09 16 21 | 06
#0613-d175 @A: 04 11 16 22 | 08
#0614-d175 @A: 16 04 30 03 | 12
#0615-d175 @A: 16 15 23 31 | 04
#0616-d175 @A: 04 19 13 14 | 11
#0617-d175 @A: 26 08 34 13 | 09
#0618-d175 @A: 35 02 13 22 | 05
#0619-d175 @A: 35 23 25 13 | 10
#0620-d175 @A: 13 28 32 26 | 02
#0621-d175 @A: 10 13 24 09 | 01
#0622-d175 @A: 21 24 13 11 | 07
#0623-d175 @A: 13 10 23 33 | 03
#0624-d175 @A: 03 21 13 12 | 06
#0625-d175 @A: 01 21 13 34 | 08
#0626-d175 @A: 28 11 13 02 | 12
#0627-d175 @A: 11 13 07 31 | 04
#0628-d175 @A: 06 13 27 23 | 11
#0629-d175 @A: 08 02 19 18 | 09
#0630-d175 @A: 07 19 21 08 | 05
#0631-d175 @A: 20 21 28 19 | 10
#0632-d175 @A: 09 22 19 20 | 02
#0633-d175 @A: 06 19 02 26 | 01
#0634-d175 @A: 11 14 19 12 | 07
#0635-d175 @A: 29 17 19 10 | 03
#0636-d175 @A: 19 29 21 06 | 06
#0637-d175 @A: 21 31 19 03 | 08
#0638-d175 @A: 25 04 19 29 | 12
#0639-d175 @A: 07 04 19 31 | 04
#0640-d175 @A: 04 09 19 23 | 11
#0641-d175 @A: 34 24 08 20 | 09
#0642-d175 @A: 30 18 08 35 | 05
#0643-d175 @A: 08 22 27 35 | 10
#0644-d175 @A: 21 32 08 26 | 02
#0645-d175 @A: 26 06 08 22 | 01
#0646-d175 @A: 09 08 03 24 | 07
#0647-d175 @A: 08 18 10 11 | 03
#0648-d175 @A: 32 08 33 30 | 06
#0649-d175 @A: 08 25 31 30 | 08
#0650-d175 @A: 28 25 08 17 | 12
#0651-d175 @A: 15 28 27 08 | 04
#0652-d175 @A: 08 06 04 23 | 11
#0653-d175 @A: 23 08 11 30 | 09
#0654-d175 @A: 08 01 30 09 | 05
#0655-d175 @A: 23 25 08 09 | 10
#0656-d175 @A: 35 04 24 20 | 02
#0657-d175 @A: 15 26 18 20 | 01
#0658-d175 @A: 22 26 20 23 | 07
#0659-d175 @A: 29 30 20 24 | 03
#0660-d175 @A: 33 14 15 20 | 06
#0661-d175 @A: 20 27 29 10 | 08
#0662-d175 @A: 15 20 10 03 | 12
#0663-d175 @A: 03 20 32 31 | 04
#0664-d175 @A: 32 09 07 20 | 11
#0665-d175 @A: 07 20 33 29 | 09
#0666-d175 @A: 28 17 20 02 | 05
#0667-d175 @A: 20 02 11 01 | 10
#0668-d175 @A: 17 31 09 20 | 02
#0669-d175 @A: 11 26 29 35 | 01
#0670-d175 @A: 14 28 22 35 | 07
#0671-d175 @A: 14 25 35 29 | 03
#0672-d175 @A: 10 11 33 35 | 06
#0673-d175 @A: 31 10 35 03 | 08
#0674-d175 @A: 30 32 35 22 | 12
#0675-d175 @A: 32 23 35 29 | 04
#0676-d175 @A: 35 03 33 25 | 11
#0677-d175 @A: 25 12 35 31 | 09
#0678-d175 @A: 18 06 26 24 | 05
#0679-d175 @A: 33 26 02 24 | 10
#0680-d175 @A: 24 29 26 25 | 02
#0681-d175 @A: 26 29 12 18 | 01
#0682-d175 @A: 29 32 03 26 | 07
#0683-d175 @A: 26 33 23 29 | 03
#0684-d175 @A: 26 28 25 21 | 06
#0685-d175 @A: 12 28 15 26 | 08
#0686-d175 @A: 26 01 09 07 | 12
#0687-d175 @A: 26 30 09 06 | 04
#0688-d175 @A: 24 10 14 23 | 11
#0689-d175 @A: 28 21 14 24 | 09
#0690-d175 @A: 24 30 25 14 | 05
#0691-d175 @A: 18 24 10 01 | 10
#0692-d175 @A: 21 22 23 24 | 02
#0693-d175 @A: 03 24 06 22 | 01
#0694-d175 @A: 24 27 02 34 | 07
#0695-d175 @A: 09 24 02 17 | 03
#0696-d175 @A: 15 28 24 06 | 06
#0697-d175 @A: 23 24 09 15 | 08
#0698-d175 @A: 01 25 24 15 | 12
#0699-d175 @A: 24 25 11 09 | 04
#0700-d175 @A: 27 01 24 23 | 11
#0701-d175 @A: 23 14 18 29 | 09
#0702-d175 @A: 10 07 21 14 | 05
#0703-d175 @A: 04 10 21 14 | 10
#0704-d175 @A: 03 34 32 14 | 02
#0705-d175 @A: 14 07 31 32 | 01
#0706-d175 @A: 27 14 29 28 | 07
#0707-d175 @A: 17 14 34 01 | 03
#0708-d175 @A: 04 11 14 34 | 06
#0709-d175 @A: 27 06 11 14 | 08
#0710-d175 @A: 32 31 18 10 | 12
#0711-d175 @A: 33 21 18 07 | 04
#0712-d175 @A: 34 21 18 22 | 11
#0713-d175 @A: 04 22 21 18 | 09
#0714-d175 @A: 01 18 09 29 | 05
#0715-d175 @A: 06 22 10 32 | 10
#0716-d175 @A: 10 06 25 31 | 02
#0717-d175 @A: 31 15 10 30 | 01
#0718-d175 @A: 07 30 10 06 | 07
#0719-d175 @A: 15 17 10 11 | 03
#0720-d175 @A: 34 02 32 23 | 06
#0721-d175 @A: 32 17 09 30 | 08
#0722-d175 @A: 21 33 17 01 | 12
#0723-d175 @A: 28 33 15 17 | 04
#0724-d175 @A: 33 34 06 01 | 11
#0725-d175 @A: 23 07 03 21 | 09
#0726-d175 @A: 23 21 31 17 | 05
#0727-d175 @A: 28 21 04 01 | 10
#0728-d175 @A: 07 21 25 01 | 02
#0729-d175 @A: 21 17 11 34 | 01
#0730-d175 @A: 21 27 12 34 | 07
#0731-d175 @A: 25 21 23 06 | 03
#0732-d175 @A: 09 25 29 22 | 06
#0733-d175 @A: 22 31 09 28 | 08
#0734-d175 @A: 12 17 07 22 | 12
#0735-d175 @A: 07 09 11 22 | 04
#0736-d175 @A: 01 22 25 11 | 11
#0737-d175 @A: 29 31 03 01 | 09
#0738-d175 @A: 29 03 30 15 | 05
#0739-d175 @A: 15 31 29 28 | 10
#0740-d175 @A: 30 31 27 29 | 02
#0741-d175 @A: 29 28 11 09 | 01
#0742-d175 @A: 29 34 11 23 | 07
#0743-d175 @A: 23 04 29 30 | 03
#0744-d175 @A: 07 04 25 03 | 06
#0745-d175 @A: 07 02 01 04 | 08
#0746-d175 @A: 02 12 04 06 | 12
#0747-d175 @A: 12 08 05 16 | 04
#0748-d175 @A: 05 02 19 33 | 11
#0749-d175 @A: 33 05 12 20 | 09
#0750-d175 @A: 25 03 20 05 | 05
#0751-d175 @A: 05 01 20 28 | 10
#0752-d175 @A: 17 35 05 24 | 02
#0753-d175 @A: 09 35 05 14 | 01
#0754-d175 @A: 04 10 05 35 | 07
#0755-d175 @A: 05 33 06 35 | 03
#0756-d175 @A: 05 26 04 34 | 06
#0757-d175 @A: 02 07 05 28 | 08
#0758-d175 @A: 05 31 23 07 | 12
#0759-d175 @A: 13 06 16 33 | 04
#0760-d175 @A: 17 16 21 13 | 11
#0761-d175 @A: 12 21 19 16 | 09
#0762-d175 @A: 16 09 22 08 | 05
#0763-d175 @A: 16 20 23 27 | 10
#0764-d175 @A: 18 22 16 35 | 02
#0765-d175 @A: 16 15 09 33 | 01
#0766-d175 @A: 21 16 29 25 | 07
#0767-d175 @A: 12 35 13 19 | 03
#0768-d175 @A: 21 28 13 08 | 06
#0769-d175 @A: 07 08 03 13 | 08
#0770-d175 @A: 21 15 35 13 | 12
#0771-d175 @A: 27 26 14 13 | 04
#0772-d175 @A: 29 34 13 24 | 11
#0773-d175 @A: 14 13 10 12 | 09
#0774-d175 @A: 23 31 14 13 | 05
#0775-d175 @A: 30 01 14 13 | 10
#0776-d175 @A: 10 18 17 13 | 02
#0777-d175 @A: 11 13 18 29 | 01
#0778-d175 @A: 18 34 13 31 | 07
#0779-d175 @A: 10 15 29 13 | 03
#0780-d175 @A: 02 13 10 30 | 06
#0781-d175 @A: 34 32 13 04 | 08
#0782-d175 @A: 06 01 32 13 | 12
#0783-d175 @A: 03 31 22 13 | 04
#0784-d175 @A: 01 04 13 06 | 11
#0785-d175 @A: 09 15 12 13 | 09
#0786-d175 @A: 08 29 11 19 | 05
#0787-d175 @A: 33 24 11 19 | 10
#0788-d175 @A: 14 19 22 15 | 02
#0789-d175 @A: 11 22 19 03 | 01
#0790-d175 @A: 17 23 30 19 | 07
#0791-d175 @A: 10 08 21 20 | 03
#0792-d175 @A: 20 08 09 15 | 06
#0793-d175 @A: 08 35 04 17 | 08
#0794-d175 @A: 23 01 35 08 | 12
#0795-d175 @A: 12 21 08 24 | 04
#0796-d175 @A: 28 06 08 10 | 11
#0797-d175 @A: 08 21 30 22 | 09
#0798-d175 @A: 08 21 06 01 | 05
#0799-d175 @A: 04 15 29 08 | 10
#0800-d175 @A: 08 23 07 28 | 02
#0801-d175 @A: 23 27 12 08 | 01
#0802-d175 @A: 33 20 26 06 | 07
#0803-d175 @A: 26 29 02 20 | 03
#0804-d175 @A: 21 24 20 17 | 06
#0805-d175 @A: 24 23 31 20 | 08
#0806-d175 @A: 25 14 20 32 | 12
#0807-d175 @A: 25 18 20 29 | 04
#0808-d175 @A: 20 33 25 10 | 11
#0809-d175 @A: 23 10 20 34 | 09
#0810-d175 @A: 20 22 30 33 | 05
#0811-d175 @A: 34 31 20 11 | 10
#0812-d175 @A: 12 20 15 25 | 02
#0813-d175 @A: 11 30 12 20 | 01
#0814-d175 @A: 34 02 35 26 | 07
#0815-d175 @A: 35 24 01 14 | 03
#0816-d175 @A: 10 15 25 35 | 06
#0817-d175 @A: 30 35 25 21 | 08
#0818-d175 @A: 35 28 07 09 | 12
#0819-d175 @A: 35 30 07 11 | 04
#0820-d175 @A: 24 11 14 26 | 11
#0821-d175 @A: 32 15 30 26 | 09
#0822-d175 @A: 04 06 26 25 | 05
#0823-d175 @A: 32 12 14 24 | 10
#0824-d175 @A: 12 01 24 28 | 02
#0825-d175 @A: 09 24 34 06 | 01
#0826-d175 @A: 11 34 30 24 | 07
#0827-d175 @A: 24 15 11 27 | 03
#0828-d175 @A: 10 14 33 34 | 06
#0829-d175 @A: 02 22 32 14 | 08
#0830-d175 @A: 14 03 27 15 | 12
#0831-d175 @A: 14 12 02 15 | 04
#0832-d175 @A: 01 31 27 14 | 11
#0833-d175 @A: 14 25 28 23 | 09
#0834-d175 @A: 06 12 17 14 | 05
#0835-d175 @A: 30 14 27 04 | 10
#0836-d175 @A: 21 10 23 18 | 02
#0837-d175 @A: 18 34 29 33 | 01
#0838-d175 @A: 31 23 30 18 | 07
#0839-d175 @A: 25 18 28 11 | 03
#0840-d175 @A: 25 12 04 18 | 06
#0841-d175 @A: 33 07 10 02 | 08
#0842-d175 @A: 21 11 22 10 | 12
#0843-d175 @A: 31 10 17 02 | 04
#0844-d175 @A: 25 02 04 10 | 11
#0845-d175 @A: 07 31 27 10 | 09
#0846-d175 @A: 02 28 21 32 | 05
#0847-d175 @A: 32 15 09 06 | 10
#0848-d175 @A: 32 04 25 23 | 02
#0849-d175 @A: 33 27 09 02 | 01
#0850-d175 @A: 31 07 30 33 | 07
#0851-d175 @A: 33 09 34 28 | 03
#0852-d175 @A: 34 21 04 27 | 06
#0853-d175 @A: 04 22 07 23 | 08
#0854-d175 @A: 27 34 22 06 | 12
#0855-d175 @A: 29 03 23 12 | 04
#0856-d175 @A: 23 02 29 01 | 11
#0857-d175 @A: 17 29 11 30 | 09
#0858-d175 @A: 29 27 17 23 | 05
#0859-d175 @A: 15 03 28 09 | 10
#0860-d175 @A: 01 03 23 28 | 02
#0861-d175 @A: 03 06 30 27 | 01
#0862-d175 @A: 16 32 30 05 | 07
#0863-d175 @A: 05 09 23 13 | 03
#0864-d175 @A: 05 24 19 23 | 06
#0865-d175 @A: 31 20 14 05 | 08
#0866-d175 @A: 05 18 02 35 | 12
#0867-d175 @A: 28 35 15 05 | 04
#0868-d175 @A: 05 26 18 17 | 11
#0869-d175 @A: 06 05 14 24 | 09
#0870-d175 @A: 05 24 15 34 | 05
#0871-d175 @A: 30 24 05 27 | 10
#0872-d175 @A: 28 14 32 05 | 02
#0873-d175 @A: 22 25 18 05 | 01
#0874-d175 @A: 05 23 27 18 | 07
#0875-d175 @A: 34 05 17 10 | 03
#0876-d175 @A: 11 21 32 05 | 06
#0877-d175 @A: 05 03 23 32 | 08
#0878-d175 @A: 32 01 05 27 | 12
#0879-d175 @A: 31 05 11 25 | 04
#0880-d175 @A: 05 12 07 11 | 11
#0881-d175 @A: 27 13 16 10 | 09
#0882-d175 @A: 16 13 01 22 | 05
#0883-d175 @A: 34 08 16 18 | 10
#0884-d175 @A: 16 10 20 06 | 02
#0885-d175 @A: 20 16 12 29 | 01
#0886-d175 @A: 34 20 15 16 | 07
#0887-d175 @A: 35 11 16 34 | 03
#0888-d175 @A: 33 14 22 16 | 06
#0889-d175 @A: 16 14 12 03 | 08
#0890-d175 @A: 16 22 17 32 | 12
#0891-d175 @A: 23 16 21 04 | 04
#0892-d175 @A: 34 16 29 22 | 11
#0893-d175 @A: 12 16 02 34 | 09
#0894-d175 @A: 15 02 06 16 | 05
#0895-d175 @A: 28 01 34 16 | 10
#0896-d175 @A: 19 10 13 11 | 02
#0897-d175 @A: 13 19 17 25 | 01
#0898-d175 @A: 08 13 24 06 | 07
#0899-d175 @A: 32 08 13 14 | 03
#0900-d175 @A: 13 20 35 28 | 06
#0901-d175 @A: 13 20 12 26 | 08
#0902-d175 @A: 26 04 20 13 | 12
#0903-d175 @A: 24 20 15 13 | 04
#0904-d175 @A: 14 11 13 35 | 11
#0905-d175 @A: 27 22 24 13 | 09
#0906-d175 @A: 13 25 22 14 | 05
#0907-d175 @A: 13 18 03 15 | 10
#0908-d175 @A: 13 25 33 29 | 02
#0909-d175 @A: 17 27 11 13 | 01
#0910-d175 @A: 11 19 20 18 | 07
#0911-d175 @A: 14 35 19 06 | 03
#0912-d175 @A: 23 19 35 10 | 06
#0913-d175 @A: 35 19 34 33 | 08
#0914-d175 @A: 11 19 17 26 | 12
#0915-d175 @A: 24 19 18 32 | 04
#0916-d175 @A: 15 19 03 24 | 11
#0917-d175 @A: 01 10 19 14 | 09
#0918-d175 @A: 04 19 02 32 | 05
#0919-d175 @A: 19 04 27 33 | 10
#0920-d175 @A: 21 19 27 02 | 02
#0921-d175 @A: 09 19 27 23 | 01
#0922-d175 @A: 08 22 02 20 | 07
#0923-d175 @A: 17 08 26 35 | 03
#0924-d175 @A: 08 24 32 11 | 06
#0925-d175 @A: 25 21 08 03 | 08
#0926-d175 @A: 25 08 34 02 | 12
#0927-d175 @A: 27 30 08 07 | 04
#0928-d175 @A: 07 03 20 24 | 11
#0929-d175 @A: 07 04 20 18 | 09
#0930-d175 @A: 22 10 01 20 | 05
#0931-d175 @A: 29 20 21 01 | 10
#0932-d175 @A: 25 06 22 20 | 02
#0933-d175 @A: 20 04 28 25 | 01
#0934-d175 @A: 07 06 20 34 | 07
#0935-d175 @A: 15 07 35 24 | 03
#0936-d175 @A: 35 24 34 12 | 06
#0937-d175 @A: 33 35 02 32 | 08
#0938-d175 @A: 11 21 03 35 | 12
#0939-d175 @A: 22 03 09 35 | 04
#0940-d175 @A: 35 28 11 27 | 11
#0941-d175 @A: 28 35 11 04 | 09
#0942-d175 @A: 01 11 17 35 | 05
#0943-d175 @A: 23 35 15 04 | 10
#0944-d175 @A: 35 27 09 30 | 02
#0945-d175 @A: 30 12 35 04 | 01
#0946-d175 @A: 25 26 32 18 | 07
#0947-d175 @A: 26 10 34 29 | 03
#0948-d175 @A: 26 22 29 07 | 06
#0949-d175 @A: 31 26 28 23 | 08
#0950-d175 @A: 30 01 31 26 | 12
#0951-d175 @A: 17 01 26 12 | 04
#0952-d175 @A: 11 15 26 01 | 11
#0953-d175 @A: 24 34 33 25 | 09
#0954-d175 @A: 24 02 29 22 | 05
#0955-d175 @A: 24 06 11 29 | 10
#0956-d175 @A: 01 11 03 24 | 02
#0957-d175 @A: 14 30 32 21 | 01
#0958-d175 @A: 33 11 14 09 | 07
#0959-d175 @A: 04 03 14 23 | 03
#0960-d175 @A: 14 17 23 02 | 06
#0961-d175 @A: 14 30 11 31 | 08
#0962-d175 @A: 11 14 17 28 | 12
#0963-d175 @A: 04 14 01 25 | 04
#0964-d175 @A: 04 18 15 33 | 11
#0965-d175 @A: 17 28 07 18 | 09
#0966-d175 @A: 18 34 30 01 | 05
#0967-d175 @A: 27 03 10 33 | 10
#0968-d175 @A: 10 17 03 04 | 02
#0969-d175 @A: 34 10 31 28 | 01
#0970-d175 @A: 15 07 09 10 | 07
#0971-d175 @A: 12 27 10 25 | 03
#0972-d175 @A: 32 06 07 33 | 06
#0973-d175 @A: 21 15 32 03 | 08
#0974-d175 @A: 32 31 27 12 | 12
#0975-d175 @A: 01 07 32 12 | 04
#0976-d175 @A: 06 17 32 34 | 11
#0977-d175 @A: 12 15 32 34 | 09
#0978-d175 @A: 32 34 09 01 | 05
#0979-d175 @A: 25 12 32 09 | 10
#0980-d175 @A: 33 02 22 21 | 02
#0981-d175 @A: 03 33 34 22 | 01
#0982-d175 @A: 04 06 30 33 | 07
#0983-d175 @A: 29 28 22 21 | 03
#0984-d175 @A: 25 21 02 15 | 06
#0985-d175 @A: 30 21 02 01 | 08
#0986-d175 @A: 22 23 30 06 | 12
#0987-d175 @A: 09 15 22 27 | 04
#0988-d175 @A: 22 15 30 25 | 11
#0989-d175 @A: 23 25 22 12 | 09
#0990-d175 @A: 31 29 34 06 | 05
#0991-d175 @A: 06 23 28 29 | 10
#0992-d175 @A: 07 29 25 12 | 02
#0993-d175 @A: 12 34 29 09 | 01
#0994-d175 @A: 27 09 06 29 | 07
#0995-d175 @A: 15 12 17 29 | 03
#0996-d175 @A: 09 04 03 02 | 06
#0997-d175 @A: 15 06 31 03 | 08
#0998-d175 @A: 30 17 03 07 | 12
#0999-d175 @A: 11 23 03 17 | 04
#1000-d175 @A: 04 03 01 15 | 11
#1001-d175 @A: 23 34 02 04 | 09
#1002-d175 @A: 04 31 17 30 | 05
#1003-d175 @A: 04 12 31 09 | 10
#1004-d175 @A: 28 07 09 04 | 02
#1005-d175 @A: 05 16 31 35 | 01
#1006-d175 @A: 22 16 05 02 | 07
#1007-d175 @A: 34 05 13 14 | 03
#1008-d175 @A: 05 13 04 23 | 06
#1009-d175 @A: 05 12 32 19 | 08
#1010-d175 @A: 06 20 18 05 | 12
#1011-d175 @A: 35 05 27 07 | 04
#1012-d175 @A: 05 29 09 26 | 11
#1013-d175 @A: 05 11 10 03 | 09
#1014-d175 @A: 22 09 33 05 | 05
#1015-d175 @A: 22 21 31 05 | 10
#1016-d175 @A: 05 22 29 15 | 02
#1017-d175 @A: 05 02 27 15 | 01
#1018-d175 @A: 05 17 31 01 | 07
#1019-d175 @A: 26 16 07 13 | 03
#1020-d175 @A: 23 03 13 16 | 06
#1021-d175 @A: 16 15 19 11 | 08
#1022-d175 @A: 11 16 03 08 | 12
#1023-d175 @A: 29 04 20 16 | 04
#1024-d175 @A: 20 30 16 07 | 11
#1025-d175 @A: 01 04 16 35 | 09
#1026-d175 @A: 33 27 26 16 | 05
#1027-d175 @A: 24 14 16 34 | 10
#1028-d175 @A: 15 04 32 16 | 02
#1029-d175 @A: 16 07 31 28 | 01
#1030-d175 @A: 32 20 13 10 | 07
#1031-d175 @A: 23 13 20 29 | 03
#1032-d175 @A: 13 06 35 18 | 06
#1033-d175 @A: 13 07 10 35 | 08
#1034-d175 @A: 13 29 01 35 | 12
#1035-d175 @A: 13 35 04 31 | 04
#1036-d175 @A: 24 23 26 13 | 11
#1037-d175 @A: 17 14 24 13 | 09
#1038-d175 @A: 13 18 02 24 | 05
#1039-d175 @A: 13 14 28 33 | 10
#1040-d175 @A: 10 03 06 13 | 02
#1041-d175 @A: 30 06 21 13 | 01
#1042-d175 @A: 02 27 31 13 | 07
#1043-d175 @A: 13 02 07 01 | 03
#1044-d175 @A: 06 02 34 13 | 06
#1045-d175 @A: 04 13 07 17 | 08
#1046-d175 @A: 13 27 01 09 | 12
#1047-d175 @A: 19 24 20 25 | 04
#1048-d175 @A: 17 35 19 21 | 11
#1049-d175 @A: 24 21 19 34 | 09
#1050-d175 @A: 19 12 06 18 | 05
#1051-d175 @A: 28 10 19 32 | 10
#1052-d175 @A: 19 21 33 32 | 02
#1053-d175 @A: 06 19 33 22 | 01
#1054-d175 @A: 28 19 03 04 | 07
#1055-d175 @A: 19 09 02 34 | 03
#1056-d175 @A: 19 12 31 09 | 06
#1057-d175 @A: 09 19 28 17 | 08
#1058-d175 @A: 19 27 12 28 | 12
#1059-d175 @A: 14 28 20 08 | 04
#1060-d175 @A: 03 20 08 12 | 11
#1061-d175 @A: 35 03 02 08 | 09
#1062-d175 @A: 01 08 26 28 | 05
#1063-d175 @A: 04 26 07 08 | 10
#1064-d175 @A: 15 14 24 08 | 02
#1065-d175 @A: 08 28 24 31 | 01
#1066-d175 @A: 04 14 33 08 | 07
#1067-d175 @A: 08 25 14 11 | 03
#1068-d175 @A: 18 15 08 21 | 06
#1069-d175 @A: 08 29 01 32 | 08
#1070-d175 @A: 22 29 08 17 | 12
#1071-d175 @A: 34 08 06 11 | 04
#1072-d175 @A: 20 24 27 14 | 11
#1073-d175 @A: 02 32 20 24 | 09
#1074-d175 @A: 24 04 20 23 | 05
#1075-d175 @A: 11 03 06 20 | 10
#1076-d175 @A: 23 20 25 30 | 02
#1077-d175 @A: 35 18 27 26 | 01
#1078-d175 @A: 21 35 26 12 | 07
#1079-d175 @A: 24 35 18 11 | 03
#1080-d175 @A: 35 18 28 23 | 06
#1081-d175 @A: 12 10 32 35 | 08
#1082-d175 @A: 35 01 02 31 | 12
#1083-d175 @A: 35 07 06 04 | 04
#1084-d175 @A: 07 23 35 17 | 11
#1085-d175 @A: 12 35 01 15 | 09
#1086-d175 @A: 26 24 22 30 | 05
#1087-d175 @A: 26 33 32 14 | 10
#1088-d175 @A: 21 14 15 26 | 02
#1089-d175 @A: 03 14 26 25 | 01
#1090-d175 @A: 18 31 26 03 | 07
#1091-d175 @A: 26 34 06 21 | 03
#1092-d175 @A: 01 22 03 26 | 06
#1093-d175 @A: 26 29 27 15 | 08
#1094-d175 @A: 07 26 02 27 | 12
#1095-d175 @A: 26 15 30 04 | 04
#1096-d175 @A: 12 11 26 27 | 11
#1097-d175 @A: 07 14 29 24 | 09
#1098-d175 @A: 14 24 09 04 | 05
#1099-d175 @A: 27 24 33 29 | 10
#1100-d175 @A: 23 24 02 28 | 02
#1101-d175 @A: 25 24 27 07 | 01
#1102-d175 @A: 02 14 17 04 | 07
#1103-d175 @A: 14 28 15 34 | 03
#1104-d175 @A: 10 29 28 18 | 06
#1105-d175 @A: 06 10 18 34 | 08
#1106-d175 @A: 06 28 32 18 | 12
#1107-d175 @A: 22 15 18 31 | 04
#1108-d175 @A: 07 31 25 18 | 11
#1109-d175 @A: 18 04 34 06 | 09
#1110-d175 @A: 29 02 21 10 | 05
#1111-d175 @A: 29 28 10 04 | 10
#1112-d175 @A: 28 10 07 01 | 02
#1113-d175 @A: 17 10 25 09 | 01
#1114-d175 @A: 10 27 23 11 | 07
#1115-d175 @A: 30 25 10 04 | 03
#1116-d175 @A: 21 09 27 32 | 06
#1117-d175 @A: 11 32 04 28 | 08
#1118-d175 @A: 06 12 32 11 | 12
#1119-d175 @A: 27 23 15 32 | 04
#1120-d175 @A: 21 03 33 29 | 11
#1121-d175 @A: 29 31 22 33 | 09
#1122-d175 @A: 33 31 34 02 | 05
#1123-d175 @A: 34 33 04 28 | 10
#1124-d175 @A: 01 28 21 15 | 02
#1125-d175 @A: 21 07 11 06 | 01
#1126-d175 @A: 30 21 34 23 | 07
#1127-d175 @A: 15 21 17 06 | 03
#1128-d175 @A: 23 31 27 22 | 06
#1129-d175 @A: 17 22 28 04 | 08
#1130-d175 @A: 17 06 11 22 | 12
#1131-d175 @A: 04 12 17 22 | 04
#1132-d175 @A: 27 12 02 29 | 11
#1133-d175 @A: 09 29 30 23 | 09
#1134-d175 @A: 03 11 27 31 | 05
#1135-d175 @A: 25 11 03 07 | 10
#1136-d175 @A: 03 11 09 34 | 02
#1137-d175 @A: 03 12 11 15 | 01
#1138-d175 @A: 04 23 27 02 | 07
#1139-d175 @A: 05 09 16 28 | 03
#1140-d175 @A: 32 13 05 18 | 06
#1141-d175 @A: 19 04 11 05 | 08
#1142-d175 @A: 08 05 27 10 | 12
#1143-d175 @A: 08 04 32 05 | 04
#1144-d175 @A: 07 33 05 08 | 11
#1145-d175 @A: 15 05 06 08 | 09
#1146-d175 @A: 23 20 05 21 | 05
#1147-d175 @A: 26 07 05 03 | 10
#1148-d175 @A: 05 28 17 21 | 02
#1149-d175 @A: 05 02 30 34 | 01
#1150-d175 @A: 05 28 06 34 | 07
#1151-d175 @A: 05 34 07 09 | 03
#1152-d175 @A: 01 05 11 06 | 06
#1153-d175 @A: 09 05 27 12 | 08
#1154-d175 @A: 08 31 13 16 | 12
#1155-d175 @A: 11 16 20 13 | 04
#1156-d175 @A: 13 28 24 16 | 11
#1157-d175 @A: 07 16 24 19 | 09
#1158-d175 @A: 16 32 25 08 | 05
#1159-d175 @A: 12 16 35 33 | 10
#1160-d175 @A: 16 35 02 04 | 02
#1161-d175 @A: 09 34 16 26 | 01
#1162-d175 @A: 16 06 29 14 | 07
#1163-d175 @A: 01 02 16 17 | 03
#1164-d175 @A: 06 11 16 31 | 06
#1165-d175 @A: 15 28 16 25 | 08
#1166-d175 @A: 16 07 27 01 | 12
#1167-d175 @A: 27 16 30 11 | 04
#1168-d175 @A: 22 13 12 08 | 11
#1169-d175 @A: 18 04 13 02 | 09
#1170-d175 @A: 03 13 32 17 | 05
#1171-d175 @A: 13 30 22 29 | 10
#1172-d175 @A: 13 04 22 30 | 02
#1173-d175 @A: 13 07 34 23 | 01
#1174-d175 @A: 08 14 19 26 | 07
#1175-d175 @A: 21 23 26 19 | 03
#1176-d175 @A: 19 32 27 14 | 06
#1177-d175 @A: 33 30 18 19 | 08
#1178-d175 @A: 19 18 07 22 | 12
#1179-d175 @A: 03 18 27 19 | 04
#1180-d175 @A: 32 23 22 19 | 11
#1181-d175 @A: 19 03 07 34 | 09
#1182-d175 @A: 02 19 25 30 | 05
#1183-d175 @A: 19 06 30 01 | 10
#1184-d175 @A: 01 09 15 19 | 02
#1185-d175 @A: 10 08 04 20 | 01
#1186-d175 @A: 08 32 35 07 | 07
#1187-d175 @A: 15 35 11 08 | 03
#1188-d175 @A: 24 07 26 08 | 06
#1189-d175 @A: 12 08 04 24 | 08
#1190-d175 @A: 08 12 18 32 | 12
#1191-d175 @A: 03 28 18 08 | 04
#1192-d175 @A: 08 32 10 15 | 11
#1193-d175 @A: 08 31 03 33 | 09
#1194-d175 @A: 06 08 09 33 | 05
#1195-d175 @A: 02 08 28 30 | 10
#1196-d175 @A: 01 31 34 08 | 02
#1197-d175 @A: 11 12 09 08 | 01
#1198-d175 @A: 35 32 20 11 | 07
#1199-d175 @A: 27 18 20 31 | 03
#1200-d175 @A: 25 20 01 31 | 06
#1201-d175 @A: 28 20 23 09 | 08
#1202-d175 @A: 15 01 27 20 | 12
#1203-d175 @A: 09 04 35 26 | 04
#1204-d175 @A: 35 18 14 15 | 11
#1205-d175 @A: 35 33 18 31 | 09
#1206-d175 @A: 18 17 35 09 | 05
#1207-d175 @A: 10 22 35 17 | 10
#1208-d175 @A: 35 07 22 21 | 02
#1209-d175 @A: 34 06 35 30 | 01
#1210-d175 @A: 26 14 04 01 | 07
#1211-d175 @A: 11 18 26 21 | 03
#1212-d175 @A: 26 02 12 10 | 06
#1213-d175 @A: 26 11 02 30 | 08
#1214-d175 @A: 27 04 26 28 | 12
#1215-d175 @A: 23 12 26 07 | 04
#1216-d175 @A: 26 25 11 34 | 11
#1217-d175 @A: 01 26 34 23 | 09
#1218-d175 @A: 15 06 25 26 | 05
#1219-d175 @A: 23 11 26 09 | 10
#1220-d175 @A: 24 27 18 12 | 02
#1221-d175 @A: 24 10 27 21 | 01
#1222-d175 @A: 22 24 04 10 | 07
#1223-d175 @A: 33 32 24 15 | 03
#1224-d175 @A: 25 24 32 23 | 06
#1225-d175 @A: 07 33 24 09 | 08
#1226-d175 @A: 31 24 25 02 | 12
#1227-d175 @A: 24 30 28 09 | 04
#1228-d175 @A: 14 10 31 22 | 11
#1229-d175 @A: 27 14 33 21 | 09
#1230-d175 @A: 14 22 04 15 | 05
#1231-d175 @A: 34 07 30 14 | 10
#1232-d175 @A: 09 14 07 06 | 02
#1233-d175 @A: 30 14 27 12 | 01
#1234-d175 @A: 06 15 33 18 | 07
#1235-d175 @A: 29 30 18 21 | 03
#1236-d175 @A: 03 25 18 09 | 06
#1237-d175 @A: 09 31 18 02 | 08
#1238-d175 @A: 01 02 12 18 | 12
#1239-d175 @A: 06 31 17 18 | 04
#1240-d175 @A: 25 27 15 18 | 11
#1241-d175 @A: 17 27 32 10 | 09
#1242-d175 @A: 30 22 10 27 | 05
#1243-d175 @A: 02 06 10 11 | 10
#1244-d175 @A: 10 12 31 23 | 02
#1245-d175 @A: 11 28 10 12 | 01
#1246-d175 @A: 10 27 01 34 | 07
#1247-d175 @A: 33 32 29 09 | 03
#1248-d175 @A: 22 21 25 32 | 06
#1249-d175 @A: 32 11 22 29 | 08
#1250-d175 @A: 04 03 22 32 | 12
#1251-d175 @A: 07 04 29 32 | 04
#1252-d175 @A: 07 02 32 25 | 11
#1253-d175 @A: 11 01 32 30 | 09
#1254-d175 @A: 30 33 29 12 | 05
#1255-d175 @A: 28 02 25 33 | 10
#1256-d175 @A: 01 31 23 33 | 02
#1257-d175 @A: 07 25 33 17 | 01
#1258-d175 @A: 33 06 11 30 | 07
#1259-d175 @A: 11 33 23 25 | 03
#1260-d175 @A: 02 12 06 21 | 06
#1261-d175 @A: 21 11 02 23 | 08
#1262-d175 @A: 07 27 17 21 | 12
#1263-d175 @A: 25 09 21 34 | 04
#1264-d175 @A: 02 22 28 12 | 11
#1265-d175 @A: 22 17 25 31 | 09
#1266-d175 @A: 06 22 15 12 | 05
#1267-d175 @A: 27 03 29 34 | 10
#1268-d175 @A: 03 25 06 29 | 02
#1269-d175 @A: 04 29 17 11 | 01
#1270-d175 @A: 01 09 29 04 | 07
#1271-d175 @A: 03 28 02 06 | 03
#1272-d175 @A: 09 03 02 12 | 06
#1273-d175 @A: 28 11 03 30 | 08
#1274-d175 @A: 01 06 03 07 | 12
#1275-d175 @A: 24 20 05 16 | 04
#1276-d175 @A: 16 05 11 14 | 11
#1277-d175 @A: 01 21 05 16 | 09
#1278-d175 @A: 04 16 05 31 | 05
#1279-d175 @A: 30 13 03 05 | 10
#1280-d175 @A: 19 27 05 29 | 02
#1281-d175 @A: 05 17 08 20 | 01
#1282-d175 @A: 05 18 08 31 | 07
#1283-d175 @A: 05 22 20 35 | 03
#1284-d175 @A: 20 05 32 15 | 06
#1285-d175 @A: 10 25 05 26 | 08
#1286-d175 @A: 05 24 22 10 | 12
#1287-d175 @A: 05 33 23 14 | 04
#1288-d175 @A: 14 05 12 29 | 11
#1289-d175 @A: 06 23 05 10 | 09
#1290-d175 @A: 29 05 21 34 | 05
#1291-d175 @A: 21 27 06 05 | 10
#1292-d175 @A: 05 01 04 22 | 02
#1293-d175 @A: 13 16 12 18 | 01
#1294-d175 @A: 16 14 17 08 | 07
#1295-d175 @A: 25 26 20 16 | 03
#1296-d175 @A: 16 09 20 18 | 06
#1297-d175 @A: 16 31 18 24 | 08
#1298-d175 @A: 24 06 32 16 | 12
#1299-d175 @A: 16 04 24 17 | 04
#1300-d175 @A: 12 24 16 25 | 11
#1301-d175 @A: 32 29 27 16 | 09
#1302-d175 @A: 33 16 21 30 | 05
#1303-d175 @A: 04 16 07 33 | 10
#1304-d175 @A: 28 22 23 16 | 02
#1305-d175 @A: 17 16 30 28 | 01
#1306-d175 @A: 06 01 16 25 | 07
#1307-d175 @A: 16 17 15 27 | 03
#1308-d175 @A: 21 19 14 13 | 06
#1309-d175 @A: 19 13 30 32 | 08
#1310-d175 @A: 30 20 08 13 | 12
#1311-d175 @A: 23 02 08 13 | 04
#1312-d175 @A: 13 35 32 27 | 11
#1313-d175 @A: 13 18 33 09 | 09
#1314-d175 @A: 18 28 13 22 | 05
#1315-d175 @A: 34 10 25 13 | 10
#1316-d175 @A: 22 13 15 32 | 02
#1317-d175 @A: 29 32 31 13 | 01
#1318-d175 @A: 09 13 02 32 | 07
#1319-d175 @A: 13 02 25 12 | 03
#1320-d175 @A: 27 24 19 08 | 06
#1321-d175 @A: 19 25 22 08 | 08
#1322-d175 @A: 33 17 20 19 | 12
#1323-d175 @A: 32 35 15 19 | 04
#1324-d175 @A: 04 19 18 26 | 11
#1325-d175 @A: 06 24 19 10 | 09
#1326-d175 @A: 17 01 19 32 | 05
#1327-d175 @A: 22 21 01 19 | 10
#1328-d175 @A: 31 11 19 28 | 02
#1329-d175 @A: 19 07 06 17 | 01
#1330-d175 @A: 19 07 09 25 | 07
#1331-d175 @A: 14 09 10 08 | 03
#1332-d175 @A: 14 21 23 08 | 06
#1333-d175 @A: 33 10 22 08 | 08
#1334-d175 @A: 10 23 08 03 | 12
#1335-d175 @A: 08 31 22 32 | 04
#1336-d175 @A: 33 08 17 11 | 11
#1337-d175 @A: 08 02 15 01 | 09
#1338-d175 @A: 31 08 04 15 | 05
#1339-d175 @A: 07 08 01 11 | 10
#1340-d175 @A: 35 26 31 20 | 02
#1341-d175 @A: 20 06 24 35 | 01
#1342-d175 @A: 35 33 27 20 | 07
#1343-d175 @A: 35 29 20 34 | 03
#1344-d175 @A: 26 20 01 14 | 06
#1345-d175 @A: 28 18 33 20 | 08
#1346-d175 @A: 27 20 21 03 | 12
#1347-d175 @A: 06 20 03 04 | 04
#1348-d175 @A: 17 23 20 15 | 11
#1349-d175 @A: 24 32 35 09 | 09
#1350-d175 @A: 22 35 25 24 | 05
#1351-d175 @A: 35 14 21 34 | 10
#1352-d175 @A: 01 21 18 35 | 02
#1353-d175 @A: 18 12 07 35 | 01
#1354-d175 @A: 31 35 29 17 | 07
#1355-d175 @A: 07 35 06 02 | 03
#1356-d175 @A: 27 35 23 02 | 06
#1357-d175 @A: 12 35 17 28 | 08
#1358-d175 @A: 34 17 35 27 | 12
#1359-d175 @A: 06 35 23 15 | 04
#1360-d175 @A: 09 25 01 35 | 11
#1361-d175 @A: 26 32 27 24 | 09
#1362-d175 @A: 26 02 04 24 | 05
#1363-d175 @A: 18 26 28 14 | 10
#1364-d175 @A: 14 17 07 26 | 02
#1365-d175 @A: 01 33 26 18 | 01
#1366-d175 @A: 26 18 22 02 | 07
#1367-d175 @A: 21 04 11 26 | 03
#1368-d175 @A: 22 28 26 17 | 06
#1369-d175 @A: 04 26 17 23 | 08
#1370-d175 @A: 14 24 22 09 | 12
#1371-d175 @A: 24 14 03 31 | 04
#1372-d175 @A: 23 03 18 24 | 11
#1373-d175 @A: 32 10 30 24 | 09
#1374-d175 @A: 07 10 17 24 | 05
#1375-d175 @A: 32 24 29 17 | 10
#1376-d175 @A: 22 12 33 24 | 02
#1377-d175 @A: 33 29 24 04 | 01
#1378-d175 @A: 07 23 24 06 | 07
#1379-d175 @A: 29 14 15 32 | 03
#1380-d175 @A: 14 32 23 06 | 06
#1381-d175 @A: 12 21 22 14 | 08
#1382-d175 @A: 28 02 14 31 | 12
#1383-d175 @A: 15 14 11 07 | 04
#1384-d175 @A: 33 12 10 18 | 11
#1385-d175 @A: 10 22 18 09 | 09
#1386-d175 @A: 18 07 32 03 | 05
#1387-d175 @A: 17 18 02 11 | 10
#1388-d175 @A: 17 34 18 15 | 02
#1389-d175 @A: 12 17 23 18 | 01
#1390-d175 @A: 03 21 28 10 | 07
#1391-d175 @A: 22 15 10 28 | 03
#1392-d175 @A: 22 34 12 10 | 06
#1393-d175 @A: 27 28 10 09 | 08
#1394-d175 @A: 07 10 34 11 | 12
#1395-d175 @A: 09 06 12 10 | 04
#1396-d175 @A: 23 01 15 10 | 11
#1397-d175 @A: 12 21 29 32 | 09
#1398-d175 @A: 32 27 30 28 | 05
#1399-d175 @A: 33 03 28 12 | 10
#1400-d175 @A: 23 27 34 33 | 02
#1401-d175 @A: 33 25 30 09 | 01
#1402-d175 @A: 31 21 02 07 | 07
#1403-d175 @A: 09 15 21 11 | 03
#1404-d175 @A: 27 21 01 11 | 06
#1405-d175 @A: 06 29 04 22 | 08
#1406-d175 @A: 28 30 22 01 | 12
#1407-d175 @A: 09 04 22 27 | 04
#1408-d175 @A: 07 29 17 02 | 11
#1409-d175 @A: 06 29 02 30 | 09
#1410-d175 @A: 29 02 09 15 | 05
#1411-d175 @A: 17 29 01 28 | 10
#1412-d175 @A: 02 27 03 17 | 02
#1413-d175 @A: 17 03 34 28 | 01
#1414-d175 @A: 13 07 20 05 | 07
#1415-d175 @A: 19 26 05 28 | 03
#1416-d175 @A: 08 35 05 21 | 06
#1417-d175 @A: 23 26 05 08 | 08
#1418-d175 @A: 34 23 05 35 | 12
#1419-d175 @A: 03 24 05 29 | 04
#1420-d175 @A: 10 15 14 05 | 11
#1421-d175 @A: 05 03 34 18 | 09
#1422-d175 @A: 17 33 05 32 | 05
#1423-d175 @A: 02 29 05 25 | 10
#1424-d175 @A: 05 09 01 02 | 02
#1425-d175 @A: 30 04 05 28 | 01
#1426-d175 @A: 17 05 07 15 | 07
#1427-d175 @A: 27 05 34 11 | 03
#1428-d175 @A: 11 09 17 05 | 06
#1429-d175 @A: 19 29 16 30 | 08
#1430-d175 @A: 33 28 08 16 | 12
#1431-d175 @A: 29 16 08 15 | 04
#1432-d175 @A: 16 35 24 10 | 11
#1433-d175 @A: 32 26 16 12 | 09
#1434-d175 @A: 06 26 16 03 | 05
#1435-d175 @A: 16 14 25 07 | 10
#1436-d175 @A: 04 12 14 16 | 02
#1437-d175 @A: 30 23 10 16 | 01
#1438-d175 @A: 33 29 16 11 | 07
#1439-d175 @A: 22 16 15 07 | 03
#1440-d175 @A: 17 31 16 03 | 06
#1441-d175 @A: 25 11 16 02 | 08
#1442-d175 @A: 09 31 25 16 | 12
#1443-d175 @A: 12 31 30 16 | 04
#1444-d175 @A: 12 06 28 16 | 11
#1445-d175 @A: 07 16 17 34 | 09
#1446-d175 @A: 06 17 16 09 | 05
#1447-d175 @A: 17 16 25 23 | 10
#1448-d175 @A: 19 13 18 23 | 02
#1449-d175 @A: 13 18 08 25 | 01
#1450-d175 @A: 13 28 04 08 | 07
#1451-d175 @A: 13 26 33 21 | 03
#1452-d175 @A: 13 26 03 11 | 06
#1453-d175 @A: 13 14 03 09 | 08
#1454-d175 @A: 13 07 22 33 | 12
#1455-d175 @A: 21 13 22 09 | 04
#1456-d175 @A: 28 13 31 01 | 11
#1457-d175 @A: 27 13 34 15 | 09
#1458-d175 @A: 20 06 08 19 | 05
#1459-d175 @A: 35 19 18 25 | 10
#1460-d175 @A: 27 01 35 19 | 02
#1461-d175 @A: 19 28 24 22 | 01
#1462-d175 @A: 19 24 04 30 | 07
#1463-d175 @A: 28 19 29 33 | 03
#1464-d175 @A: 19 30 21 11 | 06
#1465-d175 @A: 22 12 29 19 | 08
#1466-d175 @A: 29 19 23 07 | 12
#1467-d175 @A: 12 07 30 19 | 04
#1468-d175 @A: 15 06 34 19 | 11
#1469-d175 @A: 08 31 14 35 | 09
#1470-d175 @A: 08 35 34 10 | 05
#1471-d175 @A: 08 01 14 18 | 10
#1472-d175 @A: 09 29 08 21 | 02
#1473-d175 @A: 22 11 28 08 | 01
#1474-d175 @A: 34 12 08 28 | 07
#1475-d175 @A: 34 23 08 15 | 03
#1476-d175 @A: 17 06 08 30 | 06
#1477-d175 @A: 10 20 35 18 | 08
#1478-d175 @A: 03 23 35 20 | 12
#1479-d175 @A: 14 20 03 30 | 04
#1480-d175 @A: 20 14 07 02 | 11
#1481-d175 @A: 20 07 12 10 | 09
#1482-d175 @A: 33 20 34 32 | 05
#1483-d175 @A: 21 32 20 06 | 10
#1484-d175 @A: 12 20 32 22 | 02
#1485-d175 @A: 33 04 22 20 | 01
#1486-d175 @A: 20 34 22 28 | 07
#1487-d175 @A: 27 07 20 22 | 03
#1488-d175 @A: 17 29 06 20 | 06
#1489-d175 @A: 31 20 15 07 | 08
#1490-d175 @A: 17 07 20 01 | 12
#1491-d175 @A: 01 09 20 06 | 04
#1492-d175 @A: 35 29 24 28 | 11
#1493-d175 @A: 24 23 35 30 | 09
#1494-d175 @A: 14 10 35 27 | 05
#1495-d175 @A: 35 32 14 04 | 10
#1496-d175 @A: 03 07 35 14 | 02
#1497-d175 @A: 31 21 35 32 | 01
#1498-d175 @A: 35 32 03 01 | 07
#1499-d175 @A: 30 35 12 02 | 03
#1500-d175 @A: 15 27 35 31 | 06
#1501-d175 @A: 23 11 35 31 | 08
#1502-d175 @A: 30 35 17 15 | 12
#1503-d175 @A: 26 03 24 12 | 04
#1504-d175 @A: 31 24 34 26 | 11
#1505-d175 @A: 09 26 32 22 | 09
#1506-d175 @A: 29 26 21 17 | 05
#1507-d175 @A: 26 02 25 23 | 10
#1508-d175 @A: 26 17 09 15 | 02
#1509-d175 @A: 10 34 24 03 | 01
#1510-d175 @A: 03 30 24 21 | 07
#1511-d175 @A: 24 03 27 04 | 03
#1512-d175 @A: 11 07 28 24 | 06
#1513-d175 @A: 17 24 01 30 | 08
#1514-d175 @A: 11 03 18 14 | 12
#1515-d175 @A: 12 14 31 18 | 04
#1516-d175 @A: 30 17 22 14 | 11
#1517-d175 @A: 25 27 02 14 | 09
#1518-d175 @A: 09 31 14 34 | 05
#1519-d175 @A: 09 01 14 28 | 10
#1520-d175 @A: 25 06 34 14 | 02
#1521-d175 @A: 09 27 14 17 | 01
#1522-d175 @A: 14 15 30 23 | 07
#1523-d175 @A: 12 14 25 01 | 03
#1524-d175 @A: 18 23 33 32 | 06
#1525-d175 @A: 03 33 18 02 | 08
#1526-d175 @A: 12 18 28 09 | 12
#1527-d175 @A: 18 06 07 27 | 04
#1528-d175 @A: 11 06 09 18 | 11
#1529-d175 @A: 18 25 30 12 | 09
#1530-d175 @A: 21 10 33 15 | 05
#1531-d175 @A: 09 23 02 10 | 10
#1532-d175 @A: 10 11 09 31 | 02
#1533-d175 @A: 17 23 10 28 | 01
#1534-d175 @A: 17 10 01 06 | 07
#1535-d175 @A: 04 11 06 10 | 03
#1536-d175 @A: 04 09 33 32 | 06
#1537-d175 @A: 03 27 22 32 | 08
#1538-d175 @A: 34 31 32 25 | 12
#1539-d175 @A: 32 34 11 28 | 04
#1540-d175 @A: 11 22 33 27 | 11
#1541-d175 @A: 31 33 06 28 | 09
#1542-d175 @A: 15 27 12 33 | 05
#1543-d175 @A: 33 01 27 30 | 10
#1544-d175 @A: 06 02 22 09 | 02
#1545-d175 @A: 15 34 11 22 | 01
#1546-d175 @A: 09 17 22 01 | 07
#1547-d175 @A: 31 29 02 04 | 03
#1548-d175 @A: 09 31 29 07 | 06
#1549-d175 @A: 31 12 29 11 | 08
#1550-d175 @A: 27 29 01 25 | 12
#1551-d175 @A: 07 31 03 12 | 04
#1552-d175 @A: 23 12 04 28 | 11
#1553-d175 @A: 34 30 01 04 | 09
#1554-d175 @A: 13 15 01 05 | 05
#1555-d175 @A: 19 06 05 03 | 10
#1556-d175 @A: 28 05 08 29 | 02
#1557-d175 @A: 05 32 26 34 | 01
#1558-d175 @A: 21 26 05 30 | 07
#1559-d175 @A: 31 32 24 05 | 03
#1560-d175 @A: 05 28 24 33 | 06
#1561-d175 @A: 05 21 14 18 | 08
#1562-d175 @A: 14 05 07 04 | 12
#1563-d175 @A: 21 09 05 03 | 04
#1564-d175 @A: 09 25 05 06 | 11
#1565-d175 @A: 11 15 05 30 | 09
#1566-d175 @A: 30 16 24 08 | 05
#1567-d175 @A: 14 30 26 16 | 10
#1568-d175 @A: 11 10 16 26 | 02
#1569-d175 @A: 04 10 26 16 | 01
#1570-d175 @A: 09 16 27 24 | 07
#1571-d175 @A: 25 16 33 18 | 03
#1572-d175 @A: 16 10 33 17 | 06
#1573-d175 @A: 33 16 03 07 | 08
#1574-d175 @A: 06 16 22 21 | 12
#1575-d175 @A: 34 19 13 22 | 04
#1576-d175 @A: 09 06 13 19 | 11
#1577-d175 @A: 35 13 09 08 | 09
#1578-d175 @A: 18 13 20 01 | 05
#1579-d175 @A: 20 31 33 13 | 10
#1580-d175 @A: 13 25 21 20 | 02
#1581-d175 @A: 02 13 03 20 | 01
#1582-d175 @A: 22 10 26 13 | 07
#1583-d175 @A: 26 29 06 13 | 03
#1584-d175 @A: 07 18 13 14 | 06
#1585-d175 @A: 28 34 13 30 | 08
#1586-d175 @A: 09 28 13 25 | 12
#1587-d175 @A: 30 11 13 09 | 04
#1588-d175 @A: 13 12 23 30 | 11
#1589-d175 @A: 21 19 08 04 | 09
#1590-d175 @A: 12 19 08 01 | 05
#1591-d175 @A: 20 02 19 12 | 10
#1592-d175 @A: 04 19 22 35 | 02
#1593-d175 @A: 26 29 19 01 | 01
#1594-d175 @A: 26 25 31 19 | 07
#1595-d175 @A: 19 02 24 14 | 03
#1596-d175 @A: 24 31 19 30 | 06
#1597-d175 @A: 12 17 19 24 | 08
#1598-d175 @A: 15 19 18 10 | 12
#1599-d175 @A: 09 18 21 19 | 04
#1600-d175 @A: 18 31 19 29 | 11
#1601-d175 @A: 19 21 10 25 | 09
#1602-d175 @A: 06 19 28 25 | 05
#1603-d175 @A: 11 01 19 34 | 10
#1604-d175 @A: 08 24 35 33 | 02
#1605-d175 @A: 08 26 10 31 | 01
#1606-d175 @A: 08 29 26 30 | 07
#1607-d175 @A: 24 18 17 08 | 03
#1608-d175 @A: 10 02 08 24 | 06
#1609-d175 @A: 24 23 08 29 | 08
#1610-d175 @A: 33 12 14 08 | 12
#1611-d175 @A: 08 18 33 27 | 04
#1612-d175 @A: 08 18 29 06 | 11
#1613-d175 @A: 32 23 08 17 | 09
#1614-d175 @A: 21 11 31 08 | 05
#1615-d175 @A: 04 02 08 22 | 10
#1616-d175 @A: 12 02 08 31 | 02
#1617-d175 @A: 07 17 08 31 | 01
#1618-d175 @A: 06 23 08 31 | 07
#1619-d175 @A: 14 20 35 12 | 03
#1620-d175 @A: 24 20 26 28 | 06
#1621-d175 @A: 18 20 24 22 | 08
#1622-d175 @A: 24 20 33 01 | 12
#1623-d175 @A: 09 12 20 24 | 04
#1624-d175 @A: 18 20 14 34 | 11
#1625-d175 @A: 20 21 12 18 | 09
#1626-d175 @A: 02 20 18 23 | 05
#1627-d175 @A: 20 30 28 10 | 10
#1628-d175 @A: 33 03 20 09 | 02
#1629-d175 @A: 12 28 20 31 | 01
#1630-d175 @A: 07 28 20 25 | 07
#1631-d175 @A: 11 23 07 20 | 03
#1632-d175 @A: 34 20 17 30 | 06
#1633-d175 @A: 12 23 06 20 | 08
#1634-d175 @A: 35 09 26 33 | 12
#1635-d175 @A: 07 33 35 01 | 04
#1636-d175 @A: 21 27 35 29 | 11
#1637-d175 @A: 06 22 35 29 | 09
#1638-d175 @A: 12 35 22 11 | 05
#1639-d175 @A: 26 10 01 21 | 10
#1640-d175 @A: 26 04 32 29 | 02
#1641-d175 @A: 32 01 02 26 | 01
#1642-d175 @A: 09 26 28 02 | 07
#1643-d175 @A: 28 26 07 30 | 03
#1644-d175 @A: 26 34 28 27 | 06
#1645-d175 @A: 28 26 06 11 | 08
#1646-d175 @A: 15 26 07 34 | 12
#1647-d175 @A: 30 25 17 26 | 04
#1648-d175 @A: 18 24 34 28 | 11
#1649-d175 @A: 24 04 18 01 | 09
#1650-d175 @A: 21 31 24 29 | 05
#1651-d175 @A: 34 17 24 23 | 10
#1652-d175 @A: 32 18 09 14 | 02
#1653-d175 @A: 14 18 29 04 | 01
#1654-d175 @A: 34 11 14 02 | 07
#1655-d175 @A: 15 31 17 14 | 03
#1656-d175 @A: 28 07 12 14 | 06
#1657-d175 @A: 12 18 03 22 | 08
#1658-d175 @A: 34 02 07 18 | 12
#1659-d175 @A: 18 11 01 31 | 04
#1660-d175 @A: 04 27 18 31 | 11
#1661-d175 @A: 15 07 01 18 | 09
#1662-d175 @A: 27 17 18 30 | 05
#1663-d175 @A: 25 01 18 17 | 10
#1664-d175 @A: 23 10 25 07 | 02
#1665-d175 @A: 09 10 30 34 | 01
#1666-d175 @A: 32 02 31 30 | 07
#1667-d175 @A: 32 11 02 15 | 03
#1668-d175 @A: 32 28 31 17 | 06
#1669-d175 @A: 17 15 25 32 | 08
#1670-d175 @A: 23 12 21 33 | 12
#1671-d175 @A: 17 30 02 33 | 04
#1672-d175 @A: 28 33 23 30 | 11
#1673-d175 @A: 23 15 07 33 | 09
#1674-d175 @A: 33 06 27 17 | 05
#1675-d175 @A: 11 33 23 04 | 10
#1676-d175 @A: 22 21 03 17 | 02
#1677-d175 @A: 21 04 25 31 | 01
#1678-d175 @A: 21 12 11 25 | 07
#1679-d175 @A: 01 23 09 21 | 03
#1680-d175 @A: 01 22 31 06 | 06
#1681-d175 @A: 06 22 07 28 | 08
#1682-d175 @A: 12 09 30 22 | 12
#1683-d175 @A: 34 29 12 04 | 04
#1684-d175 @A: 03 02 15 07 | 11
#1685-d175 @A: 03 25 34 15 | 09
#1686-d175 @A: 03 17 15 01 | 05
#1687-d175 @A: 09 07 04 30 | 10
#1688-d175 @A: 34 17 15 04 | 02
#1689-d175 @A: 25 04 27 17 | 01
