#0001-d189 @A: 18 04 32 01 | 02
#0002-d189 @A: 05 32 02 01 | 11
#0003-d189 @A: 17 06 31 32 | 12
#0004-d189 @A: 04 32 16 19 | 08
#0005-d189 @A: 16 32 13 09 | 03
#0006-d189 @A: 33 26 25 32 | 01
#0007-d189 @A: 32 15 03 28 | 07
#0008-d189 @A: 32 26 14 06 | 09
#0009-d189 @A: 14 32 27 33 | 10
#0010-d189 @A: 32 04 29 13 | 04
#0011-d189 @A: 32 04 02 31 | 06
#0012-d189 @A: 10 32 35 24 | 05
#0013-d189 @A: 09 32 33 20 | 02
#0014-d189 @A: 20 22 32 02 | 11
#0015-d189 @A: 32 28 24 20 | 12
#0016-d189 @A: 15 32 13 12 | 08
#0017-d189 @A: 32 24 07 22 | 03
#0018-d189 @A: 23 32 11 13 | 01
#0019-d189 @A: 32 11 24 29 | 07
#0020-d189 @A: 22 28 12 32 | 09
#0021-d189 @A: 22 08 01 06 | 10
#0022-d189 @A: 01 08 07 34 | 04
#0023-d189 @A: 16 08 07 33 | 06
#0024-d189 @A: 08 21 16 29 | 05
#0025-d189 @A: 25 22 08 03 | 02
#0026-d189 @A: 33 25 35 08 | 11
#0027-d189 @A: 18 08 25 27 | 12
#0028-d189 @A: 04 08 20 03 | 08
#0029-d189 @A: 19 10 08 03 | 03
#0030-d189 @A: 08 04 22 14 | 01
#0031-d189 @A: 08 28 27 05 | 07
#0032-d189 @A: 33 08 06 20 | 09
#0033-d189 @A: 21 33 09 08 | 10
#0034-d189 @A: 06 08 19 27 | 04
#0035-d189 @A: 02 27 07 08 | 06
#0036-d189 @A: 34 08 13 22 | 05
#0037-d189 @A: 23 30 08 11 | 02
#0038-d189 @A: 08 29 30 28 | 11
#0039-d189 @A: 02 23 08 22 | 12
#0040-d189 @A: 01 34 25 35 | 08
#0041-d189 @A: 01 25 30 15 | 03
#0042-d189 @A: 25 01 24 27 | 01
#0043-d189 @A: 30 03 01 04 | 07
#0044-d189 @A: 13 01 07 03 | 09
#0045-d189 @A: 35 05 23 01 | 10
#0046-d189 @A: 23 01 15 07 | 04
#0047-d189 @A: 15 13 01 31 | 06
#0048-d189 @A: 29 11 13 01 | 05
#0049-d189 @A: 31 01 10 02 | 02
#0050-d189 @A: 12 33 29 01 | 11
#0051-d189 @A: 16 17 30 31 | 12
#0052-d189 @A: 14 17 25 26 | 08
#0053-d189 @A: 21 26 03 17 | 03
#0054-d189 @A: 27 14 34 17 | 01
#0055-d189 @A: 05 35 17 22 | 07
#0056-d189 @A: 09 22 34 17 | 09
#0057-d189 @A: 10 07 22 17 | 10
#0058-d189 @A: 21 02 17 23 | 04
#0059-d189 @A: 02 17 24 11 | 06
#0060-d189 @A: 02 34 29 17 | 05
#0061-d189 @A: 12 33 24 17 | 02
#0062-d189 @A: 13 07 16 25 | 11
#0063-d189 @A: 09 14 16 06 | 12
#0064-d189 @A: 15 14 31 16 | 08
#0065-d189 @A: 18 16 14 19 | 03
#0066-d189 @A: 04 31 16 05 | 01
#0067-d189 @A: 27 04 24 16 | 07
#0068-d189 @A: 18 12 04 16 | 09
#0069-d189 @A: 07 05 16 23 | 10
#0070-d189 @A: 05 16 28 13 | 04
#0071-d189 @A: 16 27 28 35 | 06
#0072-d189 @A: 20 15 16 07 | 05
#0073-d189 @A: 29 15 22 16 | 02
#0074-d189 @A: 16 27 07 22 | 11
#0075-d189 @A: 23 34 16 29 | 12
#0076-d189 @A: 28 24 12 16 | 08
#0077-d189 @A: 23 04 25 21 | 03
#0078-d189 @A: 25 09 05 19 | 01
#0079-d189 @A: 25 31 05 15 | 07
#0080-d189 @A: 25 21 26 05 | 09
#0081-d189 @A: 20 31 25 21 | 10
#0082-d189 @A: 15 25 09 02 | 04
#0083-d189 @A: 23 15 27 25 | 06
#0084-d189 @A: 13 25 02 06 | 05
#0085-d189 @A: 28 11 25 10 | 02
#0086-d189 @A: 18 25 22 10 | 11
#0087-d189 @A: 10 31 34 25 | 12
#0088-d189 @A: 33 25 10 29 | 08
#0089-d189 @A: 10 25 12 34 | 03
#0090-d189 @A: 35 03 10 14 | 01
#0091-d189 @A: 14 06 03 18 | 07
#0092-d189 @A: 03 05 04 34 | 09
#0093-d189 @A: 05 03 21 23 | 10
#0094-d189 @A: 03 20 33 27 | 04
#0095-d189 @A: 15 03 23 34 | 06
#0096-d189 @A: 13 10 24 03 | 05
#0097-d189 @A: 03 26 30 11 | 02
#0098-d189 @A: 33 11 23 03 | 11
#0099-d189 @A: 14 06 33 04 | 12
#0100-d189 @A: 21 14 18 04 | 08
#0101-d189 @A: 27 14 05 30 | 03
#0102-d189 @A: 34 14 05 12 | 01
#0103-d189 @A: 20 14 09 24 | 07
#0104-d189 @A: 14 02 20 27 | 09
#0105-d189 @A: 14 33 07 09 | 10
#0106-d189 @A: 09 14 27 12 | 04
#0107-d189 @A: 07 06 10 14 | 06
#0108-d189 @A: 14 12 29 06 | 05
#0109-d189 @A: 31 10 14 27 | 02
#0110-d189 @A: 21 14 24 31 | 11
#0111-d189 @A: 14 02 19 29 | 12
#0112-d189 @A: 18 22 14 34 | 08
#0113-d189 @A: 04 12 20 07 | 03
#0114-d189 @A: 04 11 20 19 | 01
#0115-d189 @A: 19 04 09 24 | 07
#0116-d189 @A: 10 15 04 27 | 09
#0117-d189 @A: 31 29 04 10 | 10
#0118-d189 @A: 19 12 04 29 | 04
#0119-d189 @A: 35 09 33 05 | 06
#0120-d189 @A: 35 05 30 18 | 05
#0121-d189 @A: 06 15 10 05 | 02
#0122-d189 @A: 18 07 21 35 | 11
#0123-d189 @A: 35 23 30 19 | 12
#0124-d189 @A: 23 22 35 11 | 08
#0125-d189 @A: 07 28 20 09 | 03
#0126-d189 @A: 27 28 15 20 | 01
#0127-d189 @A: 31 13 20 02 | 07
#0128-d189 @A: 12 02 30 20 | 09
#0129-d189 @A: 11 18 29 20 | 10
#0130-d189 @A: 28 10 20 31 | 04
#0131-d189 @A: 20 29 12 28 | 06
#0132-d189 @A: 09 28 15 23 | 05
#0133-d189 @A: 15 19 10 09 | 02
#0134-d189 @A: 07 09 06 19 | 11
#0135-d189 @A: 13 19 23 09 | 12
#0136-d189 @A: 09 26 28 19 | 08
#0137-d189 @A: 30 15 27 07 | 03
#0138-d189 @A: 27 26 15 18 | 01
#0139-d189 @A: 30 28 11 15 | 07
#0140-d189 @A: 24 13 29 06 | 09
#0141-d189 @A: 12 06 11 34 | 10
#0142-d189 @A: 19 24 28 06 | 04
#0143-d189 @A: 18 33 06 22 | 06
#0144-d189 @A: 29 31 33 06 | 05
#0145-d189 @A: 07 19 33 27 | 02
#0146-d189 @A: 34 07 11 26 | 11
#0147-d189 @A: 27 13 29 21 | 12
#0148-d189 @A: 02 11 13 27 | 08
#0149-d189 @A: 31 27 33 13 | 03
#0150-d189 @A: 13 27 34 24 | 01
#0151-d189 @A: 34 10 19 27 | 07
#0152-d189 @A: 21 13 11 28 | 09
#0153-d189 @A: 19 22 21 18 | 10
#0154-d189 @A: 12 23 11 33 | 04
#0155-d189 @A: 28 23 32 08 | 06
#0156-d189 @A: 17 30 32 01 | 05
#0157-d189 @A: 32 06 16 03 | 02
#0158-d189 @A: 10 16 32 20 | 11
#0159-d189 @A: 21 32 34 16 | 12
#0160-d189 @A: 35 28 32 25 | 08
#0161-d189 @A: 03 04 22 32 | 03
#0162-d189 @A: 32 14 34 04 | 01
#0163-d189 @A: 06 32 05 35 | 07
#0164-d189 @A: 24 05 15 32 | 09
#0165-d189 @A: 29 21 32 20 | 10
#0166-d189 @A: 32 06 29 09 | 04
#0167-d189 @A: 21 09 32 24 | 06
#0168-d189 @A: 32 27 34 15 | 05
#0169-d189 @A: 27 06 02 32 | 02
#0170-d189 @A: 11 06 32 22 | 11
#0171-d189 @A: 27 07 31 32 | 12
#0172-d189 @A: 30 26 32 28 | 08
#0173-d189 @A: 01 29 08 25 | 03
#0174-d189 @A: 33 08 17 03 | 01
#0175-d189 @A: 35 08 17 11 | 07
#0176-d189 @A: 13 16 08 14 | 09
#0177-d189 @A: 03 29 02 08 | 10
#0178-d189 @A: 08 06 30 14 | 04
#0179-d189 @A: 24 04 15 08 | 06
#0180-d189 @A: 09 06 23 08 | 05
#0181-d189 @A: 10 09 27 08 | 02
#0182-d189 @A: 06 28 07 08 | 11
#0183-d189 @A: 13 08 18 02 | 12
#0184-d189 @A: 31 30 08 24 | 08
#0185-d189 @A: 08 19 02 26 | 03
#0186-d189 @A: 01 02 25 33 | 01
#0187-d189 @A: 34 01 27 03 | 07
#0188-d189 @A: 19 21 01 04 | 09
#0189-d189 @A: 15 01 18 09 | 10
#0190-d189 @A: 09 06 24 01 | 04
#0191-d189 @A: 15 27 01 19 | 06
#0192-d189 @A: 27 01 23 06 | 05
#0193-d189 @A: 29 01 07 24 | 02
#0194-d189 @A: 12 01 27 21 | 11
#0195-d189 @A: 01 33 18 31 | 12
#0196-d189 @A: 21 25 17 34 | 08
#0197-d189 @A: 20 14 10 17 | 03
#0198-d189 @A: 15 17 18 14 | 01
#0199-d189 @A: 20 17 33 15 | 07
#0200-d189 @A: 17 27 15 11 | 09
#0201-d189 @A: 28 17 06 27 | 10
#0202-d189 @A: 18 10 11 17 | 04
#0203-d189 @A: 10 19 17 29 | 06
#0204-d189 @A: 10 24 33 17 | 05
#0205-d189 @A: 25 16 20 06 | 02
#0206-d189 @A: 24 03 16 34 | 11
#0207-d189 @A: 11 14 16 34 | 12
#0208-d189 @A: 09 16 35 18 | 08
#0209-d189 @A: 16 10 13 29 | 03
#0210-d189 @A: 03 06 25 33 | 01
#0211-d189 @A: 25 14 21 02 | 07
#0212-d189 @A: 25 05 12 30 | 09
#0213-d189 @A: 07 15 26 25 | 10
#0214-d189 @A: 25 27 21 07 | 04
#0215-d189 @A: 13 29 25 34 | 06
#0216-d189 @A: 25 11 19 23 | 05
#0217-d189 @A: 25 24 33 11 | 02
#0218-d189 @A: 22 26 25 02 | 11
#0219-d189 @A: 26 29 18 25 | 12
#0220-d189 @A: 04 23 03 31 | 08
#0221-d189 @A: 03 05 22 09 | 03
#0222-d189 @A: 03 23 18 35 | 01
#0223-d189 @A: 20 03 30 21 | 07
#0224-d189 @A: 03 27 07 28 | 09
#0225-d189 @A: 13 28 23 03 | 10
#0226-d189 @A: 19 22 03 13 | 04
#0227-d189 @A: 31 10 03 30 | 06
#0228-d189 @A: 11 28 34 03 | 05
#0229-d189 @A: 23 03 28 12 | 02
#0230-d189 @A: 03 22 29 34 | 11
#0231-d189 @A: 33 03 19 34 | 12
#0232-d189 @A: 14 04 10 09 | 08
#0233-d189 @A: 02 14 30 04 | 03
#0234-d189 @A: 35 18 27 14 | 01
#0235-d189 @A: 14 26 02 18 | 07
#0236-d189 @A: 22 31 33 14 | 09
#0237-d189 @A: 04 35 06 19 | 10
#0238-d189 @A: 34 04 12 35 | 04
#0239-d189 @A: 34 04 06 09 | 06
#0240-d189 @A: 27 13 07 04 | 05
#0241-d189 @A: 31 07 22 04 | 02
#0242-d189 @A: 28 10 30 04 | 11
#0243-d189 @A: 34 27 07 05 | 12
#0244-d189 @A: 02 33 05 30 | 08
#0245-d189 @A: 22 11 05 29 | 03
#0246-d189 @A: 24 18 05 02 | 01
#0247-d189 @A: 05 31 24 26 | 07
#0248-d189 @A: 12 05 34 19 | 09
#0249-d189 @A: 35 06 20 24 | 10
#0250-d189 @A: 09 06 22 35 | 04
#0251-d189 @A: 34 07 35 09 | 06
#0252-d189 @A: 21 13 15 35 | 05
#0253-d189 @A: 07 35 02 06 | 02
#0254-d189 @A: 13 18 35 34 | 11
#0255-d189 @A: 35 28 23 10 | 12
#0256-d189 @A: 02 22 35 31 | 08
#0257-d189 @A: 35 24 34 28 | 03
#0258-d189 @A: 15 10 21 20 | 01
#0259-d189 @A: 22 12 20 21 | 07
#0260-d189 @A: 02 20 26 33 | 09
#0261-d189 @A: 31 09 28 33 | 10
#0262-d189 @A: 12 18 34 09 | 04
#0263-d189 @A: 18 21 11 15 | 06
#0264-d189 @A: 11 19 15 13 | 05
#0265-d189 @A: 22 06 24 30 | 02
#0266-d189 @A: 06 23 33 26 | 11
#0267-d189 @A: 29 30 07 13 | 12
#0268-d189 @A: 11 19 10 07 | 08
#0269-d189 @A: 22 18 23 07 | 03
#0270-d189 @A: 24 07 12 23 | 01
#0271-d189 @A: 07 28 26 24 | 07
#0272-d189 @A: 07 24 19 18 | 09
#0273-d189 @A: 29 11 33 27 | 10
#0274-d189 @A: 18 22 27 31 | 04
#0275-d189 @A: 29 21 31 18 | 06
#0276-d189 @A: 31 21 12 34 | 05
#0277-d189 @A: 34 23 13 12 | 02
#0278-d189 @A: 13 24 02 12 | 11
#0279-d189 @A: 12 10 19 22 | 12
#0280-d189 @A: 32 01 12 24 | 08
#0281-d189 @A: 16 24 14 32 | 03
#0282-d189 @A: 27 16 32 11 | 01
#0283-d189 @A: 09 32 31 25 | 07
#0284-d189 @A: 32 15 25 18 | 09
#0285-d189 @A: 34 32 20 03 | 10
#0286-d189 @A: 35 22 32 14 | 04
#0287-d189 @A: 04 32 07 20 | 06
#0288-d189 @A: 05 10 07 32 | 05
#0289-d189 @A: 32 21 33 06 | 02
#0290-d189 @A: 10 32 06 28 | 11
#0291-d189 @A: 10 32 30 11 | 12
#0292-d189 @A: 33 19 28 32 | 08
#0293-d189 @A: 01 17 13 08 | 03
#0294-d189 @A: 17 24 08 16 | 01
#0295-d189 @A: 08 20 17 02 | 07
#0296-d189 @A: 08 19 21 17 | 09
#0297-d189 @A: 28 17 12 08 | 10
#0298-d189 @A: 18 03 15 08 | 04
#0299-d189 @A: 08 04 30 35 | 06
#0300-d189 @A: 08 05 35 10 | 05
#0301-d189 @A: 09 15 30 08 | 02
#0302-d189 @A: 15 06 26 08 | 11
#0303-d189 @A: 31 08 15 33 | 12
#0304-d189 @A: 13 24 08 23 | 08
#0305-d189 @A: 34 08 33 29 | 03
#0306-d189 @A: 01 14 31 17 | 01
#0307-d189 @A: 11 23 01 17 | 07
#0308-d189 @A: 01 06 11 16 | 09
#0309-d189 @A: 24 13 01 16 | 10
#0310-d189 @A: 01 31 03 06 | 04
#0311-d189 @A: 04 33 01 20 | 06
#0312-d189 @A: 04 02 27 01 | 05
#0313-d189 @A: 15 11 01 05 | 02
#0314-d189 @A: 33 35 01 15 | 11
#0315-d189 @A: 30 21 07 01 | 12
#0316-d189 @A: 18 01 19 13 | 08
#0317-d189 @A: 23 24 01 02 | 03
#0318-d189 @A: 29 10 22 01 | 01
#0319-d189 @A: 16 03 17 11 | 07
#0320-d189 @A: 03 25 23 17 | 09
#0321-d189 @A: 33 17 07 25 | 10
#0322-d189 @A: 25 18 13 17 | 04
#0323-d189 @A: 17 09 31 03 | 06
#0324-d189 @A: 03 02 17 15 | 05
#0325-d189 @A: 17 34 10 03 | 02
#0326-d189 @A: 20 11 17 09 | 11
#0327-d189 @A: 13 07 17 20 | 12
#0328-d189 @A: 30 02 17 22 | 08
#0329-d189 @A: 31 17 26 11 | 03
#0330-d189 @A: 17 24 29 28 | 01
#0331-d189 @A: 34 31 33 17 | 07
#0332-d189 @A: 16 24 25 15 | 09
#0333-d189 @A: 03 20 02 16 | 10
#0334-d189 @A: 22 04 35 16 | 04
#0335-d189 @A: 16 21 20 24 | 06
#0336-d189 @A: 24 09 22 16 | 05
#0337-d189 @A: 27 23 16 02 | 02
#0338-d189 @A: 27 16 31 12 | 11
#0339-d189 @A: 16 23 31 19 | 12
#0340-d189 @A: 26 16 22 28 | 08
#0341-d189 @A: 33 34 26 16 | 03
#0342-d189 @A: 04 12 03 25 | 01
#0343-d189 @A: 05 18 03 25 | 07
#0344-d189 @A: 29 25 09 03 | 09
#0345-d189 @A: 04 18 33 25 | 10
#0346-d189 @A: 22 25 21 35 | 04
#0347-d189 @A: 11 25 13 22 | 06
#0348-d189 @A: 23 25 31 30 | 05
#0349-d189 @A: 25 10 19 02 | 02
#0350-d189 @A: 24 25 18 28 | 11
#0351-d189 @A: 24 03 04 26 | 12
#0352-d189 @A: 19 03 12 15 | 08
#0353-d189 @A: 12 21 03 06 | 03
#0354-d189 @A: 33 03 13 29 | 01
#0355-d189 @A: 30 29 24 03 | 07
#0356-d189 @A: 19 18 30 03 | 09
#0357-d189 @A: 23 03 22 24 | 10
#0358-d189 @A: 10 26 33 03 | 04
#0359-d189 @A: 05 14 33 18 | 06
#0360-d189 @A: 15 14 02 22 | 05
#0361-d189 @A: 15 14 12 18 | 02
#0362-d189 @A: 11 26 23 14 | 11
#0363-d189 @A: 15 35 05 04 | 12
#0364-d189 @A: 06 05 11 04 | 08
#0365-d189 @A: 04 20 15 30 | 03
#0366-d189 @A: 18 15 07 04 | 01
#0367-d189 @A: 07 04 06 24 | 07
#0368-d189 @A: 12 11 04 30 | 09
#0369-d189 @A: 02 29 26 04 | 10
#0370-d189 @A: 29 33 04 19 | 04
#0371-d189 @A: 21 05 35 29 | 06
#0372-d189 @A: 09 27 05 31 | 05
#0373-d189 @A: 18 05 13 31 | 02
#0374-d189 @A: 28 11 05 26 | 11
#0375-d189 @A: 34 11 05 33 | 12
#0376-d189 @A: 19 05 28 02 | 08
#0377-d189 @A: 35 09 15 24 | 03
#0378-d189 @A: 23 35 02 13 | 01
#0379-d189 @A: 35 18 33 11 | 07
#0380-d189 @A: 18 35 22 24 | 09
#0381-d189 @A: 20 06 13 27 | 10
#0382-d189 @A: 34 19 13 20 | 04
#0383-d189 @A: 20 11 23 34 | 06
#0384-d189 @A: 23 31 20 33 | 05
#0385-d189 @A: 20 28 34 22 | 02
#0386-d189 @A: 18 34 26 20 | 11
#0387-d189 @A: 29 09 07 27 | 12
#0388-d189 @A: 21 18 26 09 | 08
#0389-d189 @A: 13 09 30 26 | 03
#0390-d189 @A: 30 34 09 31 | 01
#0391-d189 @A: 18 10 09 30 | 07
#0392-d189 @A: 09 33 26 22 | 09
#0393-d189 @A: 15 34 07 31 | 10
#0394-d189 @A: 13 28 24 15 | 04
#0395-d189 @A: 13 18 15 29 | 06
#0396-d189 @A: 15 34 11 29 | 05
#0397-d189 @A: 29 15 28 26 | 02
#0398-d189 @A: 06 19 12 30 | 11
#0399-d189 @A: 11 10 24 06 | 12
#0400-d189 @A: 28 06 29 23 | 08
#0401-d189 @A: 02 29 06 22 | 03
#0402-d189 @A: 19 33 02 06 | 01
#0403-d189 @A: 34 06 24 33 | 07
#0404-d189 @A: 11 30 07 33 | 09
#0405-d189 @A: 10 07 24 30 | 10
#0406-d189 @A: 23 07 24 34 | 04
#0407-d189 @A: 07 33 02 24 | 06
#0408-d189 @A: 31 28 07 18 | 05
#0409-d189 @A: 27 33 22 21 | 02
#0410-d189 @A: 13 27 18 10 | 11
#0411-d189 @A: 02 30 27 28 | 12
#0412-d189 @A: 18 23 27 19 | 08
#0413-d189 @A: 12 21 30 29 | 03
#0414-d189 @A: 28 34 23 21 | 01
#0415-d189 @A: 12 29 23 31 | 07
#0416-d189 @A: 01 19 32 08 | 09
#0417-d189 @A: 33 11 32 08 | 10
#0418-d189 @A: 28 01 32 07 | 04
#0419-d189 @A: 01 31 34 32 | 06
#0420-d189 @A: 32 17 09 18 | 05
#0421-d189 @A: 16 32 12 09 | 02
#0422-d189 @A: 16 02 32 07 | 11
#0423-d189 @A: 25 34 11 32 | 12
#0424-d189 @A: 32 30 14 15 | 08
#0425-d189 @A: 14 12 32 02 | 03
#0426-d189 @A: 04 32 05 28 | 01
#0427-d189 @A: 30 04 32 09 | 07
#0428-d189 @A: 11 35 26 32 | 09
#0429-d189 @A: 32 18 20 06 | 10
#0430-d189 @A: 32 15 22 09 | 04
#0431-d189 @A: 28 32 13 22 | 06
#0432-d189 @A: 32 19 29 30 | 05
#0433-d189 @A: 26 12 32 11 | 02
#0434-d189 @A: 32 29 34 28 | 11
#0435-d189 @A: 18 22 26 32 | 12
#0436-d189 @A: 08 05 01 31 | 08
#0437-d189 @A: 15 34 08 17 | 03
#0438-d189 @A: 09 08 16 19 | 01
#0439-d189 @A: 08 12 16 19 | 07
#0440-d189 @A: 09 03 08 11 | 09
#0441-d189 @A: 26 05 08 14 | 10
#0442-d189 @A: 35 08 14 24 | 04
#0443-d189 @A: 04 10 33 08 | 06
#0444-d189 @A: 20 11 05 08 | 05
#0445-d189 @A: 11 29 06 08 | 02
#0446-d189 @A: 24 06 08 12 | 11
#0447-d189 @A: 26 08 21 07 | 12
#0448-d189 @A: 02 30 10 08 | 08
#0449-d189 @A: 08 18 23 33 | 03
#0450-d189 @A: 01 06 05 17 | 01
#0451-d189 @A: 35 24 17 01 | 07
#0452-d189 @A: 01 10 27 16 | 09
#0453-d189 @A: 31 22 01 16 | 10
#0454-d189 @A: 35 28 01 03 | 04
#0455-d189 @A: 27 01 14 28 | 06
#0456-d189 @A: 04 01 10 07 | 05
#0457-d189 @A: 20 01 15 24 | 02
#0458-d189 @A: 21 20 28 01 | 11
#0459-d189 @A: 01 07 09 31 | 12
#0460-d189 @A: 01 09 33 13 | 08
#0461-d189 @A: 34 09 01 28 | 03
#0462-d189 @A: 15 29 01 02 | 01
#0463-d189 @A: 01 11 24 31 | 07
#0464-d189 @A: 01 24 34 22 | 09
#0465-d189 @A: 01 24 18 26 | 10
#0466-d189 @A: 17 05 24 25 | 04
#0467-d189 @A: 17 03 05 28 | 06
#0468-d189 @A: 17 19 03 35 | 05
#0469-d189 @A: 03 22 06 17 | 02
#0470-d189 @A: 17 27 13 03 | 11
#0471-d189 @A: 17 35 14 12 | 12
#0472-d189 @A: 17 18 22 04 | 08
#0473-d189 @A: 17 34 05 20 | 03
#0474-d189 @A: 06 33 35 17 | 01
#0475-d189 @A: 17 06 15 09 | 07
#0476-d189 @A: 09 12 13 17 | 09
#0477-d189 @A: 07 15 28 17 | 10
#0478-d189 @A: 15 12 10 17 | 04
#0479-d189 @A: 30 18 33 17 | 06
#0480-d189 @A: 23 19 33 17 | 05
#0481-d189 @A: 25 16 29 14 | 02
#0482-d189 @A: 05 11 25 16 | 11
#0483-d189 @A: 18 27 03 16 | 12
#0484-d189 @A: 33 35 16 14 | 08
#0485-d189 @A: 35 24 07 16 | 03
#0486-d189 @A: 16 13 15 27 | 01
#0487-d189 @A: 26 07 16 06 | 07
#0488-d189 @A: 26 11 16 13 | 09
#0489-d189 @A: 13 19 02 16 | 10
#0490-d189 @A: 16 28 23 18 | 04
#0491-d189 @A: 29 02 28 16 | 06
#0492-d189 @A: 22 14 09 25 | 05
#0493-d189 @A: 07 05 25 29 | 02
#0494-d189 @A: 09 25 27 11 | 11
#0495-d189 @A: 29 06 25 15 | 12
#0496-d189 @A: 25 30 22 33 | 08
#0497-d189 @A: 28 02 23 25 | 03
#0498-d189 @A: 14 26 03 20 | 01
#0499-d189 @A: 21 04 03 10 | 07
#0500-d189 @A: 06 03 02 05 | 09
#0501-d189 @A: 06 34 03 35 | 10
#0502-d189 @A: 33 35 03 22 | 04
#0503-d189 @A: 20 11 03 13 | 06
#0504-d189 @A: 19 02 11 03 | 05
#0505-d189 @A: 22 18 11 03 | 02
#0506-d189 @A: 11 10 29 03 | 11
#0507-d189 @A: 19 28 29 03 | 12
#0508-d189 @A: 24 03 33 18 | 08
#0509-d189 @A: 20 05 14 28 | 03
#0510-d189 @A: 20 15 11 14 | 01
#0511-d189 @A: 14 30 29 09 | 07
#0512-d189 @A: 21 14 07 34 | 09
#0513-d189 @A: 22 11 07 14 | 10
#0514-d189 @A: 12 10 14 11 | 04
#0515-d189 @A: 33 23 14 34 | 06
#0516-d189 @A: 19 31 28 14 | 05
#0517-d189 @A: 24 10 14 26 | 02
#0518-d189 @A: 35 10 18 04 | 11
#0519-d189 @A: 20 10 06 04 | 12
#0520-d189 @A: 22 23 04 20 | 08
#0521-d189 @A: 07 04 30 23 | 03
#0522-d189 @A: 13 04 30 19 | 01
#0523-d189 @A: 24 11 04 13 | 07
#0524-d189 @A: 04 18 13 23 | 09
#0525-d189 @A: 02 04 23 34 | 10
#0526-d189 @A: 04 31 34 19 | 04
#0527-d189 @A: 20 19 35 05 | 06
#0528-d189 @A: 20 23 06 05 | 05
#0529-d189 @A: 15 29 33 05 | 02
#0530-d189 @A: 21 05 24 07 | 11
#0531-d189 @A: 02 13 29 05 | 12
#0532-d189 @A: 05 26 02 23 | 08
#0533-d189 @A: 10 05 26 18 | 03
#0534-d189 @A: 10 05 26 12 | 01
#0535-d189 @A: 18 20 15 35 | 07
#0536-d189 @A: 20 10 13 35 | 09
#0537-d189 @A: 35 13 09 27 | 10
#0538-d189 @A: 09 35 10 29 | 04
#0539-d189 @A: 35 15 12 31 | 06
#0540-d189 @A: 34 30 35 29 | 05
#0541-d189 @A: 35 02 33 10 | 02
#0542-d189 @A: 33 35 29 28 | 11
#0543-d189 @A: 26 35 12 29 | 12
#0544-d189 @A: 20 21 23 07 | 08
#0545-d189 @A: 30 20 13 22 | 03
#0546-d189 @A: 30 20 10 23 | 01
#0547-d189 @A: 24 18 20 30 | 07
#0548-d189 @A: 20 33 11 10 | 09
#0549-d189 @A: 23 20 29 02 | 10
#0550-d189 @A: 20 12 31 33 | 04
#0551-d189 @A: 18 27 09 06 | 06
#0552-d189 @A: 07 21 09 10 | 05
#0553-d189 @A: 13 09 28 10 | 02
#0554-d189 @A: 02 23 09 10 | 11
#0555-d189 @A: 15 28 02 34 | 12
#0556-d189 @A: 26 15 28 12 | 08
#0557-d189 @A: 33 11 28 06 | 03
#0558-d189 @A: 28 31 22 06 | 01
#0559-d189 @A: 02 31 07 29 | 07
#0560-d189 @A: 28 19 27 21 | 09
#0561-d189 @A: 23 22 13 27 | 10
#0562-d189 @A: 12 33 21 13 | 04
#0563-d189 @A: 24 21 26 13 | 06
#0564-d189 @A: 11 30 21 19 | 05
#0565-d189 @A: 22 21 11 02 | 02
#0566-d189 @A: 21 24 34 11 | 11
#0567-d189 @A: 30 12 26 22 | 12
#0568-d189 @A: 08 32 07 13 | 08
#0569-d189 @A: 01 20 11 32 | 03
#0570-d189 @A: 10 01 32 15 | 01
#0571-d189 @A: 32 25 02 17 | 07
#0572-d189 @A: 17 32 05 19 | 09
#0573-d189 @A: 16 32 05 26 | 10
#0574-d189 @A: 22 05 32 21 | 04
#0575-d189 @A: 35 29 32 15 | 06
#0576-d189 @A: 02 26 13 32 | 05
#0577-d189 @A: 13 10 31 32 | 02
#0578-d189 @A: 18 32 30 02 | 11
#0579-d189 @A: 22 32 34 30 | 12
#0580-d189 @A: 02 19 34 32 | 08
#0581-d189 @A: 33 18 10 32 | 03
#0582-d189 @A: 32 34 26 24 | 01
#0583-d189 @A: 30 16 01 08 | 07
#0584-d189 @A: 08 01 03 26 | 09
#0585-d189 @A: 02 09 01 08 | 10
#0586-d189 @A: 10 08 28 17 | 04
#0587-d189 @A: 08 16 03 28 | 06
#0588-d189 @A: 26 16 08 04 | 05
#0589-d189 @A: 16 20 08 23 | 02
#0590-d189 @A: 27 08 11 14 | 11
#0591-d189 @A: 08 23 05 19 | 12
#0592-d189 @A: 19 35 15 08 | 08
#0593-d189 @A: 35 13 06 08 | 03
#0594-d189 @A: 08 22 15 20 | 01
#0595-d189 @A: 34 30 08 20 | 07
#0596-d189 @A: 09 08 07 22 | 09
#0597-d189 @A: 02 11 34 08 | 10
#0598-d189 @A: 10 08 23 34 | 04
#0599-d189 @A: 29 18 22 08 | 06
#0600-d189 @A: 26 31 08 34 | 05
#0601-d189 @A: 01 25 10 17 | 02
#0602-d189 @A: 01 05 12 17 | 11
#0603-d189 @A: 01 14 12 25 | 12
#0604-d189 @A: 29 01 21 14 | 08
#0605-d189 @A: 04 01 26 15 | 03
#0606-d189 @A: 04 01 29 06 | 01
#0607-d189 @A: 01 20 18 05 | 07
#0608-d189 @A: 31 20 01 27 | 09
#0609-d189 @A: 15 01 34 21 | 10
#0610-d189 @A: 06 33 07 01 | 04
#0611-d189 @A: 01 28 26 06 | 06
#0612-d189 @A: 23 01 29 30 | 05
#0613-d189 @A: 01 12 22 23 | 02
#0614-d189 @A: 29 18 34 01 | 11
#0615-d189 @A: 16 13 17 35 | 12
#0616-d189 @A: 16 26 17 20 | 08
#0617-d189 @A: 16 02 17 09 | 03
#0618-d189 @A: 17 03 04 14 | 01
#0619-d189 @A: 27 05 17 02 | 07
#0620-d189 @A: 17 28 35 18 | 09
#0621-d189 @A: 17 19 31 15 | 10
#0622-d189 @A: 18 27 17 07 | 04
#0623-d189 @A: 13 02 17 33 | 06
#0624-d189 @A: 11 30 29 17 | 05
#0625-d189 @A: 11 22 17 33 | 02
#0626-d189 @A: 31 17 18 12 | 11
#0627-d189 @A: 23 25 16 35 | 12
#0628-d189 @A: 16 25 33 31 | 08
#0629-d189 @A: 16 14 30 20 | 03
#0630-d189 @A: 12 16 23 14 | 01
#0631-d189 @A: 09 16 29 04 | 07
#0632-d189 @A: 05 33 16 20 | 09
#0633-d189 @A: 12 15 05 16 | 10
#0634-d189 @A: 09 16 26 15 | 04
#0635-d189 @A: 28 16 21 09 | 06
#0636-d189 @A: 16 34 28 06 | 05
#0637-d189 @A: 21 31 16 07 | 02
#0638-d189 @A: 13 07 12 16 | 11
#0639-d189 @A: 11 07 16 29 | 12
#0640-d189 @A: 16 24 26 29 | 08
#0641-d189 @A: 34 25 05 14 | 03
#0642-d189 @A: 23 14 06 25 | 01
#0643-d189 @A: 04 05 10 25 | 07
#0644-d189 @A: 15 34 04 25 | 09
#0645-d189 @A: 25 04 12 24 | 10
#0646-d189 @A: 27 25 19 35 | 04
#0647-d189 @A: 02 25 20 24 | 06
#0648-d189 @A: 27 06 34 25 | 05
#0649-d189 @A: 02 25 30 29 | 02
#0650-d189 @A: 34 25 02 18 | 11
#0651-d189 @A: 05 27 19 03 | 12
#0652-d189 @A: 20 15 03 29 | 08
#0653-d189 @A: 21 03 06 29 | 03
#0654-d189 @A: 06 03 26 19 | 01
#0655-d189 @A: 27 30 03 22 | 07
#0656-d189 @A: 26 03 18 13 | 09
#0657-d189 @A: 03 33 28 30 | 10
#0658-d189 @A: 03 22 02 10 | 04
#0659-d189 @A: 31 33 02 03 | 06
#0660-d189 @A: 35 14 20 23 | 05
#0661-d189 @A: 13 14 34 09 | 02
#0662-d189 @A: 26 31 14 09 | 11
#0663-d189 @A: 14 15 26 21 | 12
#0664-d189 @A: 29 15 14 23 | 08
#0665-d189 @A: 07 14 27 23 | 03
#0666-d189 @A: 30 23 28 14 | 01
#0667-d189 @A: 21 04 20 02 | 07
#0668-d189 @A: 13 33 04 22 | 09
#0669-d189 @A: 02 04 12 23 | 10
#0670-d189 @A: 04 19 10 23 | 04
#0671-d189 @A: 04 18 28 26 | 06
#0672-d189 @A: 05 06 09 26 | 05
#0673-d189 @A: 09 05 21 02 | 02
#0674-d189 @A: 09 23 30 05 | 11
#0675-d189 @A: 21 05 28 15 | 12
#0676-d189 @A: 31 05 12 07 | 08
#0677-d189 @A: 10 05 27 11 | 03
#0678-d189 @A: 13 05 24 22 | 01
#0679-d189 @A: 24 19 05 11 | 07
#0680-d189 @A: 05 31 29 23 | 09
#0681-d189 @A: 28 29 05 10 | 10
#0682-d189 @A: 28 35 02 20 | 04
#0683-d189 @A: 11 35 09 28 | 06
#0684-d189 @A: 29 35 26 07 | 05
#0685-d189 @A: 10 35 22 26 | 02
#0686-d189 @A: 35 19 34 22 | 11
#0687-d189 @A: 20 21 19 09 | 12
#0688-d189 @A: 33 18 20 28 | 08
#0689-d189 @A: 27 12 09 23 | 03
#0690-d189 @A: 24 33 30 09 | 01
#0691-d189 @A: 11 26 10 09 | 07
#0692-d189 @A: 09 23 24 26 | 09
#0693-d189 @A: 06 15 07 13 | 10
#0694-d189 @A: 12 15 06 22 | 04
#0695-d189 @A: 11 23 10 15 | 06
#0696-d189 @A: 15 26 24 11 | 05
#0697-d189 @A: 26 34 10 15 | 02
#0698-d189 @A: 06 23 22 10 | 11
#0699-d189 @A: 23 34 19 06 | 12
#0700-d189 @A: 18 02 10 06 | 08
#0701-d189 @A: 26 06 10 31 | 03
#0702-d189 @A: 11 07 18 13 | 01
#0703-d189 @A: 02 07 23 19 | 07
#0704-d189 @A: 07 33 12 10 | 09
#0705-d189 @A: 18 07 26 33 | 10
#0706-d189 @A: 24 19 30 27 | 04
#0707-d189 @A: 27 24 29 02 | 06
#0708-d189 @A: 13 21 23 31 | 05
#0709-d189 @A: 26 21 22 23 | 02
#0710-d189 @A: 33 23 21 10 | 11
#0711-d189 @A: 33 29 21 02 | 12
#0712-d189 @A: 28 21 10 26 | 08
#0713-d189 @A: 02 31 22 12 | 03
#0714-d189 @A: 08 32 20 35 | 01
#0715-d189 @A: 01 29 16 32 | 07
#0716-d189 @A: 03 01 14 32 | 09
#0717-d189 @A: 32 14 11 17 | 10
#0718-d189 @A: 16 32 23 15 | 04
#0719-d189 @A: 31 32 16 28 | 06
#0720-d189 @A: 32 12 25 18 | 05
#0721-d189 @A: 32 26 03 27 | 02
#0722-d189 @A: 14 32 13 05 | 11
#0723-d189 @A: 28 32 14 18 | 12
#0724-d189 @A: 15 32 11 04 | 08
#0725-d189 @A: 32 21 15 31 | 03
#0726-d189 @A: 30 07 32 06 | 01
#0727-d189 @A: 32 27 12 06 | 07
#0728-d189 @A: 19 27 32 13 | 09
#0729-d189 @A: 32 31 30 33 | 10
#0730-d189 @A: 18 19 11 32 | 04
#0731-d189 @A: 29 14 20 08 | 06
#0732-d189 @A: 04 12 22 08 | 05
#0733-d189 @A: 07 15 05 08 | 02
#0734-d189 @A: 08 18 05 21 | 11
#0735-d189 @A: 08 09 31 35 | 12
#0736-d189 @A: 08 12 31 09 | 08
#0737-d189 @A: 10 18 08 07 | 03
#0738-d189 @A: 28 08 31 13 | 01
#0739-d189 @A: 08 30 26 18 | 07
#0740-d189 @A: 12 33 02 08 | 09
#0741-d189 @A: 34 28 19 08 | 10
#0742-d189 @A: 17 34 01 04 | 04
#0743-d189 @A: 02 01 14 16 | 06
#0744-d189 @A: 20 09 25 01 | 05
#0745-d189 @A: 25 07 01 22 | 02
#0746-d189 @A: 01 25 13 21 | 11
#0747-d189 @A: 15 03 01 22 | 12
#0748-d189 @A: 06 01 14 15 | 08
#0749-d189 @A: 33 01 14 30 | 03
#0750-d189 @A: 34 01 26 05 | 01
#0751-d189 @A: 27 01 29 35 | 07
#0752-d189 @A: 12 35 01 13 | 09
#0753-d189 @A: 22 30 01 26 | 10
#0754-d189 @A: 01 19 11 33 | 04
#0755-d189 @A: 01 26 23 31 | 06
#0756-d189 @A: 28 29 01 31 | 05
#0757-d189 @A: 01 19 10 26 | 02
#0758-d189 @A: 04 17 16 10 | 11
#0759-d189 @A: 17 16 18 34 | 12
#0760-d189 @A: 22 17 29 14 | 08
#0761-d189 @A: 04 29 17 15 | 03
#0762-d189 @A: 11 07 17 04 | 01
#0763-d189 @A: 04 17 26 30 | 07
#0764-d189 @A: 12 17 04 26 | 09
#0765-d189 @A: 30 27 17 35 | 10
#0766-d189 @A: 20 17 27 22 | 04
#0767-d189 @A: 13 30 17 24 | 06
#0768-d189 @A: 23 30 17 12 | 05
#0769-d189 @A: 18 21 16 25 | 02
#0770-d189 @A: 16 05 30 03 | 11
#0771-d189 @A: 23 16 09 03 | 12
#0772-d189 @A: 16 21 03 13 | 08
#0773-d189 @A: 31 29 03 16 | 03
#0774-d189 @A: 26 27 16 14 | 01
#0775-d189 @A: 18 04 16 06 | 07
#0776-d189 @A: 16 30 23 22 | 09
#0777-d189 @A: 16 24 28 30 | 10
#0778-d189 @A: 11 31 10 16 | 04
#0779-d189 @A: 10 22 34 16 | 06
#0780-d189 @A: 03 25 14 30 | 05
#0781-d189 @A: 35 25 20 03 | 02
#0782-d189 @A: 25 14 35 31 | 11
#0783-d189 @A: 07 25 24 14 | 12
#0784-d189 @A: 13 14 27 25 | 08
#0785-d189 @A: 05 25 20 22 | 03
#0786-d189 @A: 10 35 25 30 | 01
#0787-d189 @A: 34 25 07 20 | 07
#0788-d189 @A: 09 25 34 24 | 09
#0789-d189 @A: 12 26 25 09 | 10
#0790-d189 @A: 03 15 33 14 | 04
#0791-d189 @A: 04 03 19 07 | 06
#0792-d189 @A: 35 03 11 24 | 05
#0793-d189 @A: 06 28 03 20 | 02
#0794-d189 @A: 20 03 22 07 | 11
#0795-d189 @A: 19 20 03 31 | 12
#0796-d189 @A: 33 03 07 21 | 08
#0797-d189 @A: 03 11 29 12 | 03
#0798-d189 @A: 26 28 03 02 | 01
#0799-d189 @A: 04 28 35 14 | 07
#0800-d189 @A: 13 14 04 15 | 09
#0801-d189 @A: 19 27 14 04 | 10
#0802-d189 @A: 15 09 14 05 | 04
#0803-d189 @A: 19 35 09 14 | 06
#0804-d189 @A: 29 35 14 06 | 05
#0805-d189 @A: 14 13 35 07 | 02
#0806-d189 @A: 24 14 15 27 | 11
#0807-d189 @A: 14 06 13 21 | 12
#0808-d189 @A: 26 33 28 14 | 08
#0809-d189 @A: 22 14 19 26 | 03
#0810-d189 @A: 12 14 22 24 | 01
#0811-d189 @A: 33 29 24 14 | 07
#0812-d189 @A: 10 19 14 33 | 09
#0813-d189 @A: 04 33 05 07 | 10
#0814-d189 @A: 23 04 27 05 | 04
#0815-d189 @A: 35 24 04 21 | 06
#0816-d189 @A: 04 09 15 31 | 05
#0817-d189 @A: 30 31 18 04 | 02
#0818-d189 @A: 34 26 04 22 | 11
#0819-d189 @A: 33 31 04 24 | 12
#0820-d189 @A: 15 02 05 20 | 08
#0821-d189 @A: 30 05 28 06 | 03
#0822-d189 @A: 05 10 31 21 | 01
#0823-d189 @A: 30 05 26 29 | 07
#0824-d189 @A: 10 05 23 24 | 09
#0825-d189 @A: 19 31 33 05 | 10
#0826-d189 @A: 05 34 29 24 | 04
#0827-d189 @A: 26 21 20 35 | 06
#0828-d189 @A: 06 11 30 35 | 05
#0829-d189 @A: 27 34 35 33 | 02
#0830-d189 @A: 13 11 35 31 | 11
#0831-d189 @A: 30 12 10 35 | 12
#0832-d189 @A: 24 35 30 26 | 08
#0833-d189 @A: 23 34 35 31 | 03
#0834-d189 @A: 02 18 35 29 | 01
#0835-d189 @A: 35 19 24 02 | 07
#0836-d189 @A: 09 02 20 06 | 09
#0837-d189 @A: 20 31 22 29 | 10
#0838-d189 @A: 33 20 22 19 | 04
#0839-d189 @A: 11 09 13 06 | 06
#0840-d189 @A: 21 09 07 12 | 05
#0841-d189 @A: 27 09 26 02 | 02
#0842-d189 @A: 13 09 24 02 | 11
#0843-d189 @A: 31 13 29 09 | 12
#0844-d189 @A: 33 09 18 19 | 08
#0845-d189 @A: 09 24 19 12 | 03
#0846-d189 @A: 02 15 13 30 | 01
#0847-d189 @A: 31 30 29 15 | 07
#0848-d189 @A: 34 15 30 24 | 09
#0849-d189 @A: 31 22 15 11 | 10
#0850-d189 @A: 18 02 15 23 | 04
#0851-d189 @A: 24 15 31 23 | 06
#0852-d189 @A: 33 22 15 24 | 05
#0853-d189 @A: 06 27 24 31 | 02
#0854-d189 @A: 30 31 06 02 | 11
#0855-d189 @A: 34 06 29 10 | 12
#0856-d189 @A: 19 13 21 07 | 08
#0857-d189 @A: 12 18 07 22 | 03
#0858-d189 @A: 30 27 12 13 | 01
#0859-d189 @A: 27 11 34 22 | 07
#0860-d189 @A: 23 26 27 34 | 09
#0861-d189 @A: 10 27 33 28 | 10
#0862-d189 @A: 26 29 27 22 | 04
#0863-d189 @A: 19 27 31 29 | 06
#0864-d189 @A: 12 27 24 26 | 05
#0865-d189 @A: 29 23 21 19 | 02
#0866-d189 @A: 19 21 12 23 | 11
#0867-d189 @A: 15 32 08 02 | 12
#0868-d189 @A: 08 32 30 12 | 08
#0869-d189 @A: 23 01 25 32 | 03
#0870-d189 @A: 17 23 20 32 | 01
#0871-d189 @A: 32 18 03 21 | 07
#0872-d189 @A: 24 03 32 02 | 09
#0873-d189 @A: 29 32 14 07 | 10
#0874-d189 @A: 04 33 35 32 | 04
#0875-d189 @A: 32 04 23 06 | 06
#0876-d189 @A: 20 26 32 15 | 05
#0877-d189 @A: 15 07 32 33 | 02
#0878-d189 @A: 32 22 23 31 | 11
#0879-d189 @A: 33 22 29 32 | 12
#0880-d189 @A: 02 35 08 16 | 08
#0881-d189 @A: 16 08 10 06 | 03
#0882-d189 @A: 19 14 08 25 | 01
#0883-d189 @A: 13 03 05 08 | 07
#0884-d189 @A: 21 08 31 03 | 09
#0885-d189 @A: 05 04 02 08 | 10
#0886-d189 @A: 28 09 04 08 | 04
#0887-d189 @A: 33 05 08 24 | 06
#0888-d189 @A: 35 08 27 22 | 05
#0889-d189 @A: 29 24 09 08 | 02
#0890-d189 @A: 02 08 06 21 | 11
#0891-d189 @A: 30 21 22 08 | 12
#0892-d189 @A: 31 08 19 11 | 08
#0893-d189 @A: 10 26 08 29 | 03
#0894-d189 @A: 24 08 18 34 | 01
#0895-d189 @A: 16 01 17 15 | 07
#0896-d189 @A: 33 01 28 17 | 09
#0897-d189 @A: 01 05 03 29 | 10
#0898-d189 @A: 03 12 30 01 | 04
#0899-d189 @A: 20 01 07 14 | 06
#0900-d189 @A: 01 04 22 05 | 05
#0901-d189 @A: 05 21 01 33 | 02
#0902-d189 @A: 35 01 10 06 | 11
#0903-d189 @A: 20 19 02 01 | 12
#0904-d189 @A: 09 01 02 12 | 08
#0905-d189 @A: 27 07 26 01 | 03
#0906-d189 @A: 01 21 11 10 | 01
#0907-d189 @A: 19 31 01 30 | 07
#0908-d189 @A: 06 16 23 17 | 09
#0909-d189 @A: 27 31 17 25 | 10
#0910-d189 @A: 06 17 24 14 | 04
#0911-d189 @A: 17 28 20 04 | 06
#0912-d189 @A: 26 17 35 15 | 05
#0913-d189 @A: 35 07 23 17 | 02
#0914-d189 @A: 10 21 17 35 | 11
#0915-d189 @A: 29 17 09 33 | 12
#0916-d189 @A: 07 17 06 34 | 08
#0917-d189 @A: 06 17 29 26 | 03
#0918-d189 @A: 13 17 11 34 | 01
#0919-d189 @A: 23 17 30 34 | 07
#0920-d189 @A: 28 26 34 17 | 09
#0921-d189 @A: 17 22 26 24 | 10
#0922-d189 @A: 14 22 03 16 | 04
#0923-d189 @A: 14 04 16 23 | 06
#0924-d189 @A: 10 16 21 14 | 05
#0925-d189 @A: 24 16 06 05 | 02
#0926-d189 @A: 16 09 30 07 | 11
#0927-d189 @A: 27 33 16 06 | 12
#0928-d189 @A: 16 11 23 24 | 08
#0929-d189 @A: 16 10 28 19 | 03
#0930-d189 @A: 26 12 10 16 | 01
#0931-d189 @A: 24 16 18 10 | 07
#0932-d189 @A: 33 16 24 19 | 09
#0933-d189 @A: 13 03 31 25 | 10
#0934-d189 @A: 25 03 26 34 | 04
#0935-d189 @A: 09 06 28 25 | 06
#0936-d189 @A: 30 21 25 09 | 05
#0937-d189 @A: 27 28 22 25 | 02
#0938-d189 @A: 18 25 11 30 | 11
#0939-d189 @A: 25 23 24 29 | 12
#0940-d189 @A: 29 27 03 14 | 08
#0941-d189 @A: 09 33 04 03 | 03
#0942-d189 @A: 03 05 15 26 | 01
#0943-d189 @A: 21 34 09 03 | 07
#0944-d189 @A: 15 06 03 11 | 09
#0945-d189 @A: 18 07 29 03 | 10
#0946-d189 @A: 21 22 28 03 | 04
#0947-d189 @A: 03 02 30 23 | 06
#0948-d189 @A: 18 10 28 03 | 05
#0949-d189 @A: 29 05 14 04 | 02
#0950-d189 @A: 18 12 21 14 | 11
#0951-d189 @A: 28 11 29 14 | 12
#0952-d189 @A: 09 20 26 04 | 08
#0953-d189 @A: 04 27 20 18 | 03
#0954-d189 @A: 15 04 27 12 | 01
#0955-d189 @A: 21 04 06 26 | 07
#0956-d189 @A: 04 28 27 29 | 09
#0957-d189 @A: 04 26 31 13 | 10
#0958-d189 @A: 29 11 23 04 | 04
#0959-d189 @A: 04 02 28 33 | 06
#0960-d189 @A: 07 09 13 05 | 05
#0961-d189 @A: 12 13 05 22 | 02
#0962-d189 @A: 05 22 30 31 | 11
#0963-d189 @A: 10 30 05 34 | 12
#0964-d189 @A: 02 22 05 34 | 08
#0965-d189 @A: 26 35 06 27 | 03
#0966-d189 @A: 30 35 33 13 | 01
#0967-d189 @A: 29 11 19 35 | 07
#0968-d189 @A: 12 20 09 10 | 09
#0969-d189 @A: 23 13 20 15 | 10
#0970-d189 @A: 29 06 07 20 | 04
#0971-d189 @A: 20 30 19 28 | 06
#0972-d189 @A: 22 11 20 24 | 05
#0973-d189 @A: 31 24 34 20 | 02
#0974-d189 @A: 29 21 15 09 | 11
#0975-d189 @A: 02 09 29 11 | 12
#0976-d189 @A: 09 22 23 29 | 08
#0977-d189 @A: 02 09 22 28 | 03
#0978-d189 @A: 28 29 18 09 | 01
#0979-d189 @A: 21 15 27 06 | 07
#0980-d189 @A: 33 06 30 15 | 09
#0981-d189 @A: 02 15 21 07 | 10
#0982-d189 @A: 15 23 26 30 | 04
#0983-d189 @A: 31 23 18 06 | 06
#0984-d189 @A: 12 10 02 06 | 05
#0985-d189 @A: 33 28 12 06 | 02
#0986-d189 @A: 12 27 28 07 | 11
#0987-d189 @A: 07 19 22 30 | 12
#0988-d189 @A: 23 07 33 29 | 08
#0989-d189 @A: 31 33 10 07 | 03
#0990-d189 @A: 21 10 27 02 | 01
#0991-d189 @A: 23 27 30 33 | 07
#0992-d189 @A: 13 33 21 18 | 09
#0993-d189 @A: 24 33 28 21 | 10
#0994-d189 @A: 31 22 21 34 | 04
#0995-d189 @A: 17 08 22 32 | 06
#0996-d189 @A: 32 25 08 04 | 05
#0997-d189 @A: 29 08 32 05 | 02
#0998-d189 @A: 34 32 06 08 | 11
#0999-d189 @A: 09 35 01 32 | 12
#1000-d189 @A: 27 22 01 32 | 08
#1001-d189 @A: 32 33 01 24 | 03
#1002-d189 @A: 16 33 17 32 | 01
#1003-d189 @A: 13 17 32 15 | 07
#1004-d189 @A: 32 22 25 16 | 09
#1005-d189 @A: 03 07 25 32 | 10
#1006-d189 @A: 32 30 25 05 | 04
#1007-d189 @A: 33 03 05 32 | 06
#1008-d189 @A: 09 11 05 32 | 05
#1009-d189 @A: 05 23 34 32 | 02
#1010-d189 @A: 21 35 32 12 | 11
#1011-d189 @A: 34 07 32 18 | 12
#1012-d189 @A: 13 32 21 30 | 08
#1013-d189 @A: 10 32 29 02 | 03
#1014-d189 @A: 22 19 32 10 | 01
#1015-d189 @A: 15 08 28 01 | 07
#1016-d189 @A: 08 17 25 09 | 09
#1017-d189 @A: 11 08 16 15 | 10
#1018-d189 @A: 13 15 25 08 | 04
#1019-d189 @A: 26 25 08 23 | 06
#1020-d189 @A: 31 02 08 25 | 05
#1021-d189 @A: 24 10 25 08 | 02
#1022-d189 @A: 14 33 02 08 | 11
#1023-d189 @A: 35 08 28 26 | 12
#1024-d189 @A: 20 31 18 08 | 08
#1025-d189 @A: 07 08 12 29 | 03
#1026-d189 @A: 26 21 12 08 | 01
#1027-d189 @A: 11 08 10 13 | 07
#1028-d189 @A: 03 01 18 17 | 09
#1029-d189 @A: 17 01 22 19 | 10
#1030-d189 @A: 34 20 16 01 | 04
#1031-d189 @A: 20 01 03 23 | 06
#1032-d189 @A: 04 01 24 14 | 05
#1033-d189 @A: 09 01 04 23 | 02
#1034-d189 @A: 05 13 01 27 | 11
#1035-d189 @A: 12 20 01 18 | 12
#1036-d189 @A: 06 02 34 01 | 08
#1037-d189 @A: 30 11 34 01 | 03
#1038-d189 @A: 02 18 01 22 | 01
#1039-d189 @A: 01 10 24 28 | 07
#1040-d189 @A: 19 04 17 25 | 09
#1041-d189 @A: 25 06 17 11 | 10
#1042-d189 @A: 13 17 28 14 | 04
#1043-d189 @A: 30 17 19 14 | 06
#1044-d189 @A: 04 02 17 06 | 05
#1045-d189 @A: 05 17 15 23 | 02
#1046-d189 @A: 31 35 17 20 | 11
#1047-d189 @A: 06 21 17 30 | 12
#1048-d189 @A: 13 26 17 19 | 08
#1049-d189 @A: 26 16 03 35 | 03
#1050-d189 @A: 28 14 07 16 | 01
#1051-d189 @A: 16 04 07 34 | 07
#1052-d189 @A: 04 16 33 21 | 09
#1053-d189 @A: 06 16 35 31 | 10
#1054-d189 @A: 35 21 11 16 | 04
#1055-d189 @A: 33 16 12 35 | 06
#1056-d189 @A: 20 18 22 16 | 05
#1057-d189 @A: 02 21 26 16 | 02
#1058-d189 @A: 12 16 02 21 | 11
#1059-d189 @A: 16 30 18 13 | 12
#1060-d189 @A: 10 33 16 30 | 08
#1061-d189 @A: 27 03 02 25 | 03
#1062-d189 @A: 03 21 24 25 | 01
#1063-d189 @A: 04 29 20 25 | 07
#1064-d189 @A: 13 09 25 04 | 09
#1065-d189 @A: 04 26 25 27 | 10
#1066-d189 @A: 05 27 33 25 | 04
#1067-d189 @A: 05 25 23 13 | 06
#1068-d189 @A: 25 07 06 31 | 05
#1069-d189 @A: 19 25 13 33 | 02
#1070-d189 @A: 14 28 03 09 | 11
#1071-d189 @A: 14 03 02 13 | 12
#1072-d189 @A: 04 11 27 03 | 08
#1073-d189 @A: 03 35 05 31 | 03
#1074-d189 @A: 27 03 09 24 | 01
#1075-d189 @A: 27 03 15 31 | 07
#1076-d189 @A: 06 03 07 23 | 09
#1077-d189 @A: 31 03 26 22 | 10
#1078-d189 @A: 12 31 24 03 | 04
#1079-d189 @A: 20 31 14 04 | 06
#1080-d189 @A: 26 04 14 07 | 05
#1081-d189 @A: 06 05 14 31 | 02
#1082-d189 @A: 31 02 14 23 | 11
#1083-d189 @A: 24 23 18 14 | 12
#1084-d189 @A: 10 28 34 14 | 08
#1085-d189 @A: 14 28 12 19 | 03
#1086-d189 @A: 26 14 12 31 | 01
#1087-d189 @A: 14 29 18 10 | 07
#1088-d189 @A: 21 04 05 30 | 09
#1089-d189 @A: 04 23 35 26 | 10
#1090-d189 @A: 15 33 23 04 | 04
#1091-d189 @A: 28 31 04 11 | 06
#1092-d189 @A: 04 24 10 34 | 05
#1093-d189 @A: 07 35 28 05 | 02
#1094-d189 @A: 06 12 05 20 | 11
#1095-d189 @A: 20 07 30 05 | 12
#1096-d189 @A: 15 05 22 27 | 08
#1097-d189 @A: 05 12 24 21 | 03
#1098-d189 @A: 13 19 10 05 | 01
#1099-d189 @A: 11 05 23 18 | 07
#1100-d189 @A: 05 11 02 31 | 09
#1101-d189 @A: 22 18 28 05 | 10
#1102-d189 @A: 09 22 35 12 | 04
#1103-d189 @A: 19 33 21 35 | 06
#1104-d189 @A: 06 31 20 15 | 05
#1105-d189 @A: 07 11 20 31 | 02
#1106-d189 @A: 11 20 27 12 | 11
#1107-d189 @A: 19 12 13 20 | 12
#1108-d189 @A: 20 31 30 26 | 08
#1109-d189 @A: 26 20 28 23 | 03
#1110-d189 @A: 15 07 11 09 | 01
#1111-d189 @A: 33 27 15 09 | 07
#1112-d189 @A: 30 19 09 02 | 09
#1113-d189 @A: 23 11 31 09 | 10
#1114-d189 @A: 09 34 19 11 | 04
#1115-d189 @A: 24 15 10 02 | 06
#1116-d189 @A: 15 12 24 29 | 05
#1117-d189 @A: 07 27 06 11 | 02
#1118-d189 @A: 06 26 34 13 | 11
#1119-d189 @A: 19 10 06 30 | 12
#1120-d189 @A: 18 06 34 30 | 08
#1121-d189 @A: 06 11 02 23 | 03
#1122-d189 @A: 24 13 31 07 | 01
#1123-d189 @A: 30 26 02 07 | 07
#1124-d189 @A: 02 28 10 07 | 09
#1125-d189 @A: 34 19 29 07 | 10
#1126-d189 @A: 27 10 30 26 | 04
#1127-d189 @A: 24 28 27 11 | 06
#1128-d189 @A: 27 34 28 18 | 05
#1129-d189 @A: 26 30 33 21 | 02
#1130-d189 @A: 26 11 21 29 | 11
#1131-d189 @A: 12 18 30 33 | 12
#1132-d189 @A: 31 14 08 32 | 08
#1133-d189 @A: 08 21 32 10 | 03
#1134-d189 @A: 01 06 13 32 | 01
#1135-d189 @A: 35 34 17 32 | 07
#1136-d189 @A: 25 29 27 32 | 09
#1137-d189 @A: 03 20 12 32 | 10
#1138-d189 @A: 11 31 32 03 | 04
#1139-d189 @A: 04 21 27 32 | 06
#1140-d189 @A: 35 27 23 32 | 05
#1141-d189 @A: 35 18 32 31 | 02
#1142-d189 @A: 27 20 32 30 | 11
#1143-d189 @A: 32 09 34 10 | 12
#1144-d189 @A: 15 32 06 19 | 08
#1145-d189 @A: 32 23 24 30 | 03
#1146-d189 @A: 32 11 02 28 | 01
#1147-d189 @A: 20 10 08 01 | 07
#1148-d189 @A: 01 24 08 21 | 09
#1149-d189 @A: 17 08 26 27 | 10
#1150-d189 @A: 08 29 17 31 | 04
#1151-d189 @A: 08 34 16 25 | 06
#1152-d189 @A: 03 08 34 12 | 05
#1153-d189 @A: 07 04 29 08 | 02
#1154-d189 @A: 07 20 08 19 | 11
#1155-d189 @A: 08 24 26 20 | 12
#1156-d189 @A: 08 23 21 15 | 08
#1157-d189 @A: 08 13 33 26 | 03
#1158-d189 @A: 11 28 18 08 | 01
#1159-d189 @A: 08 19 24 22 | 07
#1160-d189 @A: 21 27 01 17 | 09
#1161-d189 @A: 01 16 05 09 | 10
#1162-d189 @A: 25 01 31 04 | 04
#1163-d189 @A: 01 05 25 28 | 06
#1164-d189 @A: 01 09 11 14 | 05
#1165-d189 @A: 01 35 20 22 | 02
#1166-d189 @A: 11 07 35 01 | 11
#1167-d189 @A: 30 02 35 01 | 12
#1168-d189 @A: 29 19 09 01 | 08
#1169-d189 @A: 21 06 18 01 | 03
#1170-d189 @A: 01 11 27 18 | 01
#1171-d189 @A: 01 30 10 13 | 07
#1172-d189 @A: 13 01 23 34 | 09
#1173-d189 @A: 12 01 34 28 | 10
#1174-d189 @A: 01 12 19 31 | 04
#1175-d189 @A: 12 16 17 06 | 06
#1176-d189 @A: 17 22 21 16 | 05
#1177-d189 @A: 31 21 04 17 | 02
#1178-d189 @A: 17 11 05 21 | 11
#1179-d189 @A: 17 18 21 20 | 12
#1180-d189 @A: 27 19 17 09 | 08
#1181-d189 @A: 13 06 10 17 | 03
#1182-d189 @A: 13 17 23 29 | 01
#1183-d189 @A: 19 17 28 11 | 07
#1184-d189 @A: 17 22 23 28 | 09
#1185-d189 @A: 18 17 02 19 | 10
#1186-d189 @A: 17 22 34 12 | 04
#1187-d189 @A: 10 16 07 03 | 06
#1188-d189 @A: 21 05 27 16 | 05
#1189-d189 @A: 29 20 16 35 | 02
#1190-d189 @A: 09 16 20 31 | 11
#1191-d189 @A: 16 27 20 19 | 12
#1192-d189 @A: 15 33 16 28 | 08
#1193-d189 @A: 16 23 13 33 | 03
#1194-d189 @A: 16 19 26 30 | 01
#1195-d189 @A: 02 16 22 33 | 07
#1196-d189 @A: 12 29 34 16 | 09
#1197-d189 @A: 15 25 10 03 | 10
#1198-d189 @A: 30 25 24 04 | 04
#1199-d189 @A: 26 09 25 35 | 06
#1200-d189 @A: 25 24 13 35 | 05
#1201-d189 @A: 35 23 25 12 | 02
#1202-d189 @A: 19 15 25 20 | 11
#1203-d189 @A: 20 10 27 25 | 12
#1204-d189 @A: 33 25 15 21 | 08
#1205-d189 @A: 28 25 12 21 | 03
#1206-d189 @A: 25 24 31 22 | 01
#1207-d189 @A: 18 25 31 19 | 07
#1208-d189 @A: 26 19 25 24 | 09
#1209-d189 @A: 14 03 31 07 | 10
#1210-d189 @A: 13 06 04 03 | 04
#1211-d189 @A: 03 05 20 10 | 06
#1212-d189 @A: 35 02 09 03 | 05
#1213-d189 @A: 30 15 03 35 | 02
#1214-d189 @A: 18 03 09 20 | 11
#1215-d189 @A: 10 06 27 03 | 12
#1216-d189 @A: 07 05 02 14 | 08
#1217-d189 @A: 05 22 23 14 | 03
#1218-d189 @A: 21 14 30 35 | 01
#1219-d189 @A: 21 14 27 09 | 07
#1220-d189 @A: 15 19 14 07 | 09
#1221-d189 @A: 22 06 27 14 | 10
#1222-d189 @A: 14 19 06 11 | 04
#1223-d189 @A: 29 26 14 13 | 06
#1224-d189 @A: 11 10 14 02 | 05
#1225-d189 @A: 14 34 31 29 | 02
#1226-d189 @A: 24 05 20 04 | 11
#1227-d189 @A: 20 35 34 04 | 12
#1228-d189 @A: 04 02 35 11 | 08
#1229-d189 @A: 12 04 28 09 | 03
#1230-d189 @A: 15 22 04 21 | 01
#1231-d189 @A: 28 04 21 07 | 07
#1232-d189 @A: 26 33 11 04 | 09
#1233-d189 @A: 24 04 22 02 | 10
#1234-d189 @A: 04 18 29 24 | 04
#1235-d189 @A: 26 35 05 13 | 06
#1236-d189 @A: 05 27 26 20 | 05
#1237-d189 @A: 13 34 15 05 | 02
#1238-d189 @A: 05 06 13 33 | 11
#1239-d189 @A: 05 22 06 19 | 12
#1240-d189 @A: 27 35 11 20 | 08
#1241-d189 @A: 07 12 35 06 | 03
#1242-d189 @A: 35 21 06 28 | 01
#1243-d189 @A: 07 30 31 35 | 07
#1244-d189 @A: 13 19 35 28 | 09
#1245-d189 @A: 28 35 22 30 | 10
#1246-d189 @A: 15 20 09 34 | 04
#1247-d189 @A: 22 20 10 09 | 06
#1248-d189 @A: 10 07 20 26 | 05
#1249-d189 @A: 34 20 21 33 | 02
#1250-d189 @A: 11 02 20 30 | 11
#1251-d189 @A: 20 19 26 29 | 12
#1252-d189 @A: 12 09 33 15 | 08
#1253-d189 @A: 09 02 34 33 | 03
#1254-d189 @A: 22 31 19 09 | 01
#1255-d189 @A: 29 09 26 34 | 07
#1256-d189 @A: 13 22 15 26 | 09
#1257-d189 @A: 10 22 28 15 | 10
#1258-d189 @A: 30 06 13 23 | 04
#1259-d189 @A: 06 28 13 18 | 06
#1260-d189 @A: 02 24 06 26 | 05
#1261-d189 @A: 23 13 07 26 | 02
#1262-d189 @A: 07 34 28 30 | 11
#1263-d189 @A: 12 02 07 19 | 12
#1264-d189 @A: 18 24 27 21 | 08
#1265-d189 @A: 27 23 28 31 | 03
#1266-d189 @A: 10 29 27 23 | 01
#1267-d189 @A: 13 02 21 34 | 07
#1268-d189 @A: 21 30 28 31 | 09
#1269-d189 @A: 11 33 31 21 | 10
#1270-d189 @A: 21 24 29 22 | 04
#1271-d189 @A: 12 31 11 13 | 06
#1272-d189 @A: 28 12 10 31 | 05
#1273-d189 @A: 18 16 08 32 | 02
#1274-d189 @A: 08 26 09 32 | 11
#1275-d189 @A: 32 29 03 17 | 12
#1276-d189 @A: 32 10 17 27 | 08
#1277-d189 @A: 17 32 21 28 | 03
#1278-d189 @A: 12 29 17 32 | 01
#1279-d189 @A: 32 25 19 21 | 07
#1280-d189 @A: 09 19 03 32 | 09
#1281-d189 @A: 04 31 12 32 | 10
#1282-d189 @A: 05 23 12 32 | 04
#1283-d189 @A: 07 23 09 32 | 06
#1284-d189 @A: 28 09 32 27 | 05
#1285-d189 @A: 11 21 07 32 | 02
#1286-d189 @A: 13 32 24 18 | 11
#1287-d189 @A: 02 33 32 23 | 12
#1288-d189 @A: 31 26 29 32 | 08
#1289-d189 @A: 08 35 01 18 | 03
#1290-d189 @A: 10 01 08 12 | 01
#1291-d189 @A: 14 17 08 07 | 07
#1292-d189 @A: 25 07 08 30 | 09
#1293-d189 @A: 11 21 08 25 | 10
#1294-d189 @A: 08 06 24 03 | 04
#1295-d189 @A: 14 20 12 08 | 06
#1296-d189 @A: 08 04 34 27 | 05
#1297-d189 @A: 05 18 08 12 | 02
#1298-d189 @A: 21 08 27 20 | 11
#1299-d189 @A: 13 08 29 19 | 12
#1300-d189 @A: 02 24 08 28 | 08
#1301-d189 @A: 29 20 17 01 | 03
#1302-d189 @A: 26 01 09 17 | 01
#1303-d189 @A: 01 16 07 18 | 07
#1304-d189 @A: 23 16 21 01 | 09
#1305-d189 @A: 03 01 25 11 | 10
#1306-d189 @A: 14 01 18 25 | 04
#1307-d189 @A: 13 14 01 22 | 06
#1308-d189 @A: 35 13 04 01 | 05
#1309-d189 @A: 04 01 06 12 | 02
#1310-d189 @A: 19 07 01 05 | 11
#1311-d189 @A: 30 01 06 20 | 12
#1312-d189 @A: 01 26 11 02 | 08
#1313-d189 @A: 22 23 33 01 | 03
#1314-d189 @A: 10 23 01 18 | 01
#1315-d189 @A: 34 01 33 10 | 07
#1316-d189 @A: 16 05 14 17 | 09
#1317-d189 @A: 17 24 20 03 | 10
#1318-d189 @A: 14 17 02 35 | 04
#1319-d189 @A: 17 05 31 07 | 06
#1320-d189 @A: 30 28 17 09 | 05
#1321-d189 @A: 17 31 22 13 | 02
#1322-d189 @A: 31 02 28 17 | 11
#1323-d189 @A: 17 26 02 10 | 12
#1324-d189 @A: 03 15 04 16 | 08
#1325-d189 @A: 03 22 16 12 | 03
#1326-d189 @A: 15 05 16 18 | 01
#1327-d189 @A: 34 19 15 16 | 07
#1328-d189 @A: 34 02 16 30 | 09
#1329-d189 @A: 31 16 12 30 | 10
#1330-d189 @A: 19 11 16 22 | 04
#1331-d189 @A: 33 18 29 16 | 06
#1332-d189 @A: 11 14 25 04 | 05
#1333-d189 @A: 33 20 25 14 | 02
#1334-d189 @A: 22 25 06 04 | 11
#1335-d189 @A: 02 25 05 35 | 12
#1336-d189 @A: 35 11 25 15 | 08
#1337-d189 @A: 25 18 35 06 | 03
#1338-d189 @A: 26 20 11 25 | 01
#1339-d189 @A: 09 18 07 25 | 07
#1340-d189 @A: 30 25 26 06 | 09
#1341-d189 @A: 12 06 25 31 | 10
#1342-d189 @A: 25 11 07 02 | 04
#1343-d189 @A: 28 19 07 25 | 06
#1344-d189 @A: 26 25 10 13 | 05
#1345-d189 @A: 29 11 31 25 | 02
#1346-d189 @A: 25 12 19 11 | 11
#1347-d189 @A: 25 34 22 23 | 12
#1348-d189 @A: 22 29 25 19 | 08
#1349-d189 @A: 04 29 35 03 | 03
#1350-d189 @A: 03 11 07 05 | 01
#1351-d189 @A: 35 03 21 27 | 07
#1352-d189 @A: 02 12 03 35 | 09
#1353-d189 @A: 15 07 03 24 | 10
#1354-d189 @A: 19 21 15 03 | 04
#1355-d189 @A: 12 27 10 03 | 06
#1356-d189 @A: 30 34 13 03 | 05
#1357-d189 @A: 03 29 23 26 | 02
#1358-d189 @A: 31 03 34 18 | 11
#1359-d189 @A: 05 21 19 14 | 12
#1360-d189 @A: 14 20 06 34 | 08
#1361-d189 @A: 14 20 18 13 | 03
#1362-d189 @A: 30 07 14 18 | 01
#1363-d189 @A: 13 14 33 11 | 07
#1364-d189 @A: 13 14 10 23 | 09
#1365-d189 @A: 10 30 22 14 | 10
#1366-d189 @A: 34 14 24 02 | 04
#1367-d189 @A: 09 04 05 18 | 06
#1368-d189 @A: 05 33 12 04 | 05
#1369-d189 @A: 04 27 09 22 | 02
#1370-d189 @A: 09 21 11 04 | 11
#1371-d189 @A: 15 04 02 19 | 12
#1372-d189 @A: 29 04 21 34 | 08
#1373-d189 @A: 13 02 10 04 | 03
#1374-d189 @A: 04 13 28 34 | 01
#1375-d189 @A: 22 10 11 04 | 07
#1376-d189 @A: 09 05 29 20 | 09
#1377-d189 @A: 30 19 15 05 | 10
#1378-d189 @A: 06 21 34 05 | 04
#1379-d189 @A: 13 05 11 30 | 06
#1380-d189 @A: 10 33 22 05 | 05
#1381-d189 @A: 05 19 34 18 | 02
#1382-d189 @A: 24 12 20 35 | 11
#1383-d189 @A: 35 23 21 09 | 12
#1384-d189 @A: 35 10 07 27 | 08
#1385-d189 @A: 11 35 34 10 | 03
#1386-d189 @A: 28 12 35 02 | 01
#1387-d189 @A: 26 35 18 19 | 07
#1388-d189 @A: 20 26 22 06 | 09
#1389-d189 @A: 20 29 33 30 | 10
#1390-d189 @A: 10 19 20 18 | 04
#1391-d189 @A: 20 19 12 26 | 06
#1392-d189 @A: 10 33 09 06 | 05
#1393-d189 @A: 18 22 13 09 | 02
#1394-d189 @A: 09 11 24 18 | 11
#1395-d189 @A: 11 02 33 15 | 12
#1396-d189 @A: 31 10 18 15 | 08
#1397-d189 @A: 15 19 24 29 | 03
#1398-d189 @A: 34 15 33 18 | 01
#1399-d189 @A: 33 15 26 19 | 07
#1400-d189 @A: 06 13 31 19 | 09
#1401-d189 @A: 34 11 31 06 | 10
#1402-d189 @A: 26 18 06 11 | 04
#1403-d189 @A: 02 13 22 07 | 06
#1404-d189 @A: 33 28 07 13 | 05
#1405-d189 @A: 22 29 07 28 | 02
#1406-d189 @A: 30 31 27 11 | 11
#1407-d189 @A: 19 11 26 27 | 12
#1408-d189 @A: 12 27 18 02 | 08
#1409-d189 @A: 22 27 12 29 | 03
#1410-d189 @A: 33 24 26 27 | 01
#1411-d189 @A: 21 30 02 24 | 07
#1412-d189 @A: 02 31 19 21 | 09
#1413-d189 @A: 21 19 34 26 | 10
#1414-d189 @A: 13 12 24 10 | 04
#1415-d189 @A: 12 18 11 24 | 06
#1416-d189 @A: 17 32 04 24 | 05
#1417-d189 @A: 26 32 07 17 | 02
#1418-d189 @A: 32 30 16 35 | 11
#1419-d189 @A: 06 25 24 32 | 12
#1420-d189 @A: 13 35 32 03 | 08
#1421-d189 @A: 19 14 32 20 | 03
#1422-d189 @A: 09 32 02 14 | 01
#1423-d189 @A: 14 32 21 23 | 07
#1424-d189 @A: 26 32 04 10 | 09
#1425-d189 @A: 35 02 21 32 | 10
#1426-d189 @A: 34 07 12 32 | 04
#1427-d189 @A: 29 18 32 23 | 06
#1428-d189 @A: 23 12 32 10 | 05
#1429-d189 @A: 23 26 19 32 | 02
#1430-d189 @A: 33 32 12 19 | 11
#1431-d189 @A: 11 08 01 04 | 12
#1432-d189 @A: 08 33 27 01 | 08
#1433-d189 @A: 30 17 08 05 | 03
#1434-d189 @A: 08 18 17 06 | 01
#1435-d189 @A: 27 16 31 08 | 07
#1436-d189 @A: 05 06 08 25 | 09
#1437-d189 @A: 34 14 03 08 | 10
#1438-d189 @A: 27 23 08 03 | 04
#1439-d189 @A: 21 13 08 04 | 06
#1440-d189 @A: 34 35 21 08 | 05
#1441-d189 @A: 35 23 29 08 | 02
#1442-d189 @A: 08 29 27 15 | 11
#1443-d189 @A: 08 23 15 12 | 12
#1444-d189 @A: 08 07 24 11 | 08
#1445-d189 @A: 08 19 30 33 | 03
#1446-d189 @A: 08 26 22 11 | 01
#1447-d189 @A: 22 08 33 28 | 07
#1448-d189 @A: 25 01 16 26 | 09
#1449-d189 @A: 03 16 01 33 | 10
#1450-d189 @A: 12 16 01 11 | 04
#1451-d189 @A: 01 19 24 03 | 06
#1452-d189 @A: 10 14 01 05 | 05
#1453-d189 @A: 19 34 01 14 | 02
#1454-d189 @A: 21 01 31 35 | 11
#1455-d189 @A: 20 13 26 01 | 12
#1456-d189 @A: 21 09 22 01 | 08
#1457-d189 @A: 13 01 28 02 | 03
#1458-d189 @A: 30 01 18 28 | 01
#1459-d189 @A: 28 19 01 23 | 07
#1460-d189 @A: 29 01 33 26 | 09
#1461-d189 @A: 07 19 17 16 | 10
#1462-d189 @A: 20 25 17 30 | 04
#1463-d189 @A: 17 15 22 25 | 06
#1464-d189 @A: 12 25 17 02 | 05
#1465-d189 @A: 12 03 17 07 | 02
#1466-d189 @A: 17 05 13 04 | 11
#1467-d189 @A: 09 04 35 17 | 12
#1468-d189 @A: 09 05 17 10 | 08
#1469-d189 @A: 05 18 17 29 | 03
#1470-d189 @A: 06 20 19 17 | 01
#1471-d189 @A: 09 07 17 24 | 07
#1472-d189 @A: 17 24 15 21 | 09
#1473-d189 @A: 17 15 30 10 | 10
#1474-d189 @A: 27 23 17 24 | 04
#1475-d189 @A: 25 19 03 16 | 06
#1476-d189 @A: 27 16 25 30 | 05
#1477-d189 @A: 04 16 20 13 | 02
#1478-d189 @A: 04 16 30 11 | 11
#1479-d189 @A: 16 34 05 35 | 12
#1480-d189 @A: 29 19 16 05 | 08
#1481-d189 @A: 28 11 20 16 | 03
#1482-d189 @A: 15 02 16 06 | 01
#1483-d189 @A: 19 21 16 06 | 07
#1484-d189 @A: 10 16 26 23 | 09
#1485-d189 @A: 31 02 24 16 | 10
#1486-d189 @A: 16 31 18 26 | 04
#1487-d189 @A: 28 14 15 25 | 06
#1488-d189 @A: 10 25 06 21 | 05
#1489-d189 @A: 25 23 10 07 | 02
#1490-d189 @A: 25 13 29 12 | 11
#1491-d189 @A: 19 30 34 25 | 12
#1492-d189 @A: 34 33 25 28 | 08
#1493-d189 @A: 22 12 33 25 | 03
#1494-d189 @A: 11 03 21 14 | 01
#1495-d189 @A: 33 14 12 03 | 07
#1496-d189 @A: 02 03 18 04 | 09
#1497-d189 @A: 05 03 12 09 | 10
#1498-d189 @A: 30 09 06 03 | 04
#1499-d189 @A: 09 26 07 03 | 06
#1500-d189 @A: 04 12 14 13 | 05
#1501-d189 @A: 11 05 35 14 | 02
#1502-d189 @A: 14 30 12 07 | 11
#1503-d189 @A: 31 13 30 14 | 12
#1504-d189 @A: 24 11 30 14 | 08
#1505-d189 @A: 14 24 28 22 | 03
#1506-d189 @A: 26 19 05 04 | 01
#1507-d189 @A: 09 02 07 04 | 07
#1508-d189 @A: 28 15 04 06 | 09
#1509-d189 @A: 06 30 27 04 | 10
#1510-d189 @A: 04 34 33 30 | 04
#1511-d189 @A: 22 04 28 19 | 06
#1512-d189 @A: 13 05 21 20 | 05
#1513-d189 @A: 06 27 05 29 | 02
#1514-d189 @A: 07 05 26 22 | 11
#1515-d189 @A: 05 23 33 28 | 12
#1516-d189 @A: 29 05 12 02 | 08
#1517-d189 @A: 31 34 05 28 | 03
#1518-d189 @A: 09 30 20 35 | 01
#1519-d189 @A: 20 07 33 35 | 07
#1520-d189 @A: 22 07 35 15 | 09
#1521-d189 @A: 13 35 22 29 | 10
#1522-d189 @A: 10 19 35 31 | 04
#1523-d189 @A: 31 33 35 26 | 06
#1524-d189 @A: 06 11 21 20 | 05
#1525-d189 @A: 07 20 18 02 | 02
#1526-d189 @A: 20 28 29 13 | 11
#1527-d189 @A: 23 19 20 24 | 12
#1528-d189 @A: 24 10 20 29 | 08
#1529-d189 @A: 09 12 30 06 | 03
#1530-d189 @A: 22 09 30 11 | 01
#1531-d189 @A: 18 34 09 23 | 07
#1532-d189 @A: 10 24 09 31 | 09
#1533-d189 @A: 15 22 06 34 | 10
#1534-d189 @A: 24 18 06 15 | 04
#1535-d189 @A: 10 33 13 15 | 06
#1536-d189 @A: 12 15 30 28 | 05
#1537-d189 @A: 02 12 11 15 | 02
#1538-d189 @A: 23 19 22 15 | 11
#1539-d189 @A: 26 31 02 15 | 12
#1540-d189 @A: 15 18 28 19 | 08
#1541-d189 @A: 13 26 06 12 | 03
#1542-d189 @A: 12 18 06 23 | 01
#1543-d189 @A: 29 06 18 19 | 07
#1544-d189 @A: 11 07 22 12 | 09
#1545-d189 @A: 27 34 21 30 | 10
#1546-d189 @A: 27 31 34 02 | 04
#1547-d189 @A: 33 27 02 18 | 06
#1548-d189 @A: 27 34 33 12 | 05
#1549-d189 @A: 34 18 21 10 | 02
#1550-d189 @A: 21 24 10 19 | 11
#1551-d189 @A: 13 28 12 18 | 12
#1552-d189 @A: 30 24 12 34 | 08
#1553-d189 @A: 33 26 12 23 | 03
#1554-d189 @A: 30 32 03 08 | 01
#1555-d189 @A: 32 27 24 08 | 07
#1556-d189 @A: 26 01 21 32 | 09
#1557-d189 @A: 10 25 14 32 | 10
#1558-d189 @A: 20 25 13 32 | 04
#1559-d189 @A: 23 32 10 03 | 06
#1560-d189 @A: 05 31 20 32 | 05
#1561-d189 @A: 05 32 18 27 | 02
#1562-d189 @A: 35 19 32 07 | 11
#1563-d189 @A: 34 33 32 13 | 12
#1564-d189 @A: 31 32 19 24 | 08
#1565-d189 @A: 08 14 01 23 | 03
#1566-d189 @A: 23 08 17 04 | 01
#1567-d189 @A: 05 22 16 08 | 07
#1568-d189 @A: 20 08 25 28 | 09
#1569-d189 @A: 08 12 27 25 | 10
#1570-d189 @A: 03 07 35 08 | 04
#1571-d189 @A: 12 03 13 08 | 06
#1572-d189 @A: 09 08 18 14 | 05
#1573-d189 @A: 15 14 08 10 | 02
#1574-d189 @A: 08 14 28 21 | 11
#1575-d189 @A: 31 06 04 08 | 12
#1576-d189 @A: 08 04 18 19 | 08
#1577-d189 @A: 34 09 08 05 | 03
#1578-d189 @A: 12 11 35 08 | 01
#1579-d189 @A: 09 13 20 08 | 07
#1580-d189 @A: 07 31 23 08 | 09
#1581-d189 @A: 08 27 13 30 | 10
#1582-d189 @A: 22 08 31 10 | 04
#1583-d189 @A: 07 17 01 02 | 06
#1584-d189 @A: 01 28 04 16 | 05
#1585-d189 @A: 16 35 01 19 | 02
#1586-d189 @A: 01 25 06 19 | 11
#1587-d189 @A: 10 03 09 01 | 12
#1588-d189 @A: 02 01 03 21 | 08
#1589-d189 @A: 35 26 14 01 | 03
#1590-d189 @A: 24 30 05 01 | 01
#1591-d189 @A: 30 01 27 09 | 07
#1592-d189 @A: 01 12 15 21 | 09
#1593-d189 @A: 12 26 07 01 | 10
#1594-d189 @A: 22 11 28 01 | 04
#1595-d189 @A: 25 16 28 17 | 06
#1596-d189 @A: 17 29 16 27 | 05
#1597-d189 @A: 17 25 29 35 | 02
#1598-d189 @A: 07 30 17 03 | 11
#1599-d189 @A: 09 14 23 17 | 12
#1600-d189 @A: 14 33 17 21 | 08
#1601-d189 @A: 17 27 04 33 | 03
#1602-d189 @A: 05 17 33 26 | 01
#1603-d189 @A: 17 12 20 23 | 07
#1604-d189 @A: 09 13 21 17 | 09
#1605-d189 @A: 07 21 17 29 | 10
#1606-d189 @A: 12 19 17 27 | 04
#1607-d189 @A: 21 17 12 11 | 06
#1608-d189 @A: 23 10 17 31 | 05
#1609-d189 @A: 23 18 17 26 | 02
#1610-d189 @A: 31 18 24 17 | 11
#1611-d189 @A: 17 19 34 24 | 12
#1612-d189 @A: 04 16 25 02 | 08
#1613-d189 @A: 25 20 12 16 | 03
#1614-d189 @A: 16 10 25 09 | 01
#1615-d189 @A: 05 02 10 16 | 07
#1616-d189 @A: 16 10 15 35 | 09
#1617-d189 @A: 09 27 16 34 | 10
#1618-d189 @A: 09 16 11 33 | 04
#1619-d189 @A: 16 21 30 15 | 06
#1620-d189 @A: 13 06 16 22 | 05
#1621-d189 @A: 06 16 30 29 | 02
#1622-d189 @A: 31 16 34 13 | 11
#1623-d189 @A: 02 11 16 18 | 12
#1624-d189 @A: 04 25 03 28 | 08
#1625-d189 @A: 25 35 04 07 | 03
#1626-d189 @A: 18 23 20 25 | 01
#1627-d189 @A: 23 33 25 09 | 07
#1628-d189 @A: 25 07 15 12 | 09
#1629-d189 @A: 21 28 25 29 | 10
#1630-d189 @A: 13 30 25 28 | 04
#1631-d189 @A: 26 31 25 28 | 06
#1632-d189 @A: 24 05 03 14 | 05
#1633-d189 @A: 14 23 03 19 | 02
#1634-d189 @A: 15 03 09 13 | 11
#1635-d189 @A: 03 07 34 02 | 12
#1636-d189 @A: 03 24 31 28 | 08
#1637-d189 @A: 03 12 26 18 | 03
#1638-d189 @A: 15 35 34 14 | 01
#1639-d189 @A: 22 20 14 21 | 07
#1640-d189 @A: 06 02 28 14 | 09
#1641-d189 @A: 24 13 14 19 | 10
#1642-d189 @A: 26 30 34 14 | 04
#1643-d189 @A: 18 14 11 31 | 06
#1644-d189 @A: 04 35 31 27 | 05
#1645-d189 @A: 21 12 04 10 | 02
#1646-d189 @A: 22 29 04 30 | 11
#1647-d189 @A: 34 11 04 18 | 12
#1648-d189 @A: 04 23 28 24 | 08
#1649-d189 @A: 35 24 27 05 | 03
#1650-d189 @A: 05 35 12 27 | 01
#1651-d189 @A: 28 05 24 09 | 07
#1652-d189 @A: 18 07 05 06 | 09
#1653-d189 @A: 11 12 28 05 | 10
#1654-d189 @A: 35 15 23 06 | 04
#1655-d189 @A: 15 35 27 02 | 06
#1656-d189 @A: 35 15 28 31 | 05
#1657-d189 @A: 24 33 23 35 | 02
#1658-d189 @A: 35 02 26 34 | 11
#1659-d189 @A: 31 29 24 35 | 12
#1660-d189 @A: 12 19 18 35 | 08
#1661-d189 @A: 23 20 09 27 | 03
#1662-d189 @A: 20 12 15 34 | 01
#1663-d189 @A: 27 07 24 20 | 07
#1664-d189 @A: 29 27 34 20 | 09
#1665-d189 @A: 13 20 24 33 | 10
#1666-d189 @A: 34 02 20 10 | 04
#1667-d189 @A: 31 09 06 21 | 06
#1668-d189 @A: 29 11 12 09 | 05
#1669-d189 @A: 09 02 18 31 | 02
#1670-d189 @A: 15 07 10 29 | 11
#1671-d189 @A: 18 22 15 30 | 12
#1672-d189 @A: 07 22 06 21 | 08
#1673-d189 @A: 23 21 06 24 | 03
#1674-d189 @A: 34 07 13 10 | 01
#1675-d189 @A: 11 28 23 07 | 07
#1676-d189 @A: 34 33 07 22 | 09
#1677-d189 @A: 19 07 26 31 | 10
#1678-d189 @A: 23 21 11 27 | 04
#1679-d189 @A: 21 31 26 27 | 06
#1680-d189 @A: 13 27 28 26 | 05
#1681-d189 @A: 18 29 27 30 | 02
#1682-d189 @A: 19 02 27 22 | 11
#1683-d189 @A: 27 24 22 10 | 12
#1684-d189 @A: 13 10 22 21 | 08
#1685-d189 @A: 18 23 30 21 | 03
#1686-d189 @A: 21 30 29 10 | 01
#1687-d189 @A: 21 18 02 28 | 07
#1688-d189 @A: 34 26 12 02 | 09
#1689-d189 @A: 18 10 29 12 | 10
