#0001-d194 @A: 23 15 35 04 | 02
#0002-d194 @A: 34 35 11 05 | 09
#0003-d194 @A: 19 18 29 35 | 11
#0004-d194 @A: 02 35 31 33 | 10
#0005-d194 @A: 29 35 07 02 | 01
#0006-d194 @A: 35 15 02 22 | 03
#0007-d194 @A: 35 29 12 31 | 07
#0008-d194 @A: 35 31 27 26 | 12
#0009-d194 @A: 14 28 16 35 | 04
#0010-d194 @A: 35 10 22 20 | 06
#0011-d194 @A: 35 12 07 22 | 05
#0012-d194 @A: 16 33 35 30 | 08
#0013-d194 @A: 07 25 35 15 | 02
#0014-d194 @A: 18 30 35 13 | 09
#0015-d194 @A: 35 30 27 12 | 11
#0016-d194 @A: 04 20 02 01 | 10
#0017-d194 @A: 31 27 01 04 | 01
#0018-d194 @A: 21 22 01 04 | 03
#0019-d194 @A: 20 01 05 11 | 07
#0020-d194 @A: 07 19 01 32 | 12
#0021-d194 @A: 19 10 01 06 | 04
#0022-d194 @A: 01 31 24 32 | 06
#0023-d194 @A: 29 20 01 32 | 05
#0024-d194 @A: 01 18 10 28 | 08
#0025-d194 @A: 34 10 07 01 | 02
#0026-d194 @A: 12 08 22 01 | 09
#0027-d194 @A: 03 01 07 27 | 11
#0028-d194 @A: 13 15 27 01 | 10
#0029-d194 @A: 25 21 06 01 | 01
#0030-d194 @A: 15 01 25 24 | 03
#0031-d194 @A: 05 22 19 04 | 07
#0032-d194 @A: 31 05 04 15 | 12
#0033-d194 @A: 19 27 04 02 | 04
#0034-d194 @A: 04 07 19 25 | 06
#0035-d194 @A: 02 31 04 30 | 05
#0036-d194 @A: 31 04 20 28 | 08
#0037-d194 @A: 18 31 04 17 | 02
#0038-d194 @A: 04 32 33 29 | 09
#0039-d194 @A: 03 29 04 23 | 11
#0040-d194 @A: 04 27 24 28 | 10
#0041-d194 @A: 04 30 33 10 | 01
#0042-d194 @A: 25 04 22 29 | 03
#0043-d194 @A: 26 13 04 17 | 07
#0044-d194 @A: 17 04 16 14 | 12
#0045-d194 @A: 33 26 27 04 | 04
#0046-d194 @A: 30 04 25 11 | 06
#0047-d194 @A: 12 08 04 14 | 05
#0048-d194 @A: 15 06 14 04 | 08
#0049-d194 @A: 29 05 27 19 | 02
#0050-d194 @A: 12 34 19 05 | 09
#0051-d194 @A: 02 05 07 15 | 11
#0052-d194 @A: 05 13 31 33 | 10
#0053-d194 @A: 22 32 05 15 | 01
#0054-d194 @A: 30 05 33 23 | 03
#0055-d194 @A: 05 28 17 18 | 07
#0056-d194 @A: 05 11 29 10 | 12
#0057-d194 @A: 05 03 29 22 | 04
#0058-d194 @A: 13 05 08 24 | 06
#0059-d194 @A: 03 13 15 05 | 05
#0060-d194 @A: 05 15 09 06 | 08
#0061-d194 @A: 02 34 29 19 | 02
#0062-d194 @A: 17 02 18 19 | 09
#0063-d194 @A: 10 19 32 03 | 11
#0064-d194 @A: 21 19 33 32 | 10
#0065-d194 @A: 19 18 16 32 | 01
#0066-d194 @A: 16 28 26 19 | 03
#0067-d194 @A: 34 10 19 11 | 07
#0068-d194 @A: 34 27 19 33 | 12
#0069-d194 @A: 16 11 19 33 | 04
#0070-d194 @A: 07 19 24 11 | 06
#0071-d194 @A: 08 19 25 30 | 05
#0072-d194 @A: 21 19 20 06 | 08
#0073-d194 @A: 32 02 29 03 | 02
#0074-d194 @A: 10 33 02 23 | 09
#0075-d194 @A: 20 29 02 23 | 11
#0076-d194 @A: 29 16 02 11 | 10
#0077-d194 @A: 16 02 17 13 | 01
#0078-d194 @A: 14 03 02 13 | 03
#0079-d194 @A: 09 18 02 06 | 07
#0080-d194 @A: 11 09 15 02 | 12
#0081-d194 @A: 23 31 30 26 | 04
#0082-d194 @A: 12 31 10 06 | 06
#0083-d194 @A: 16 03 33 31 | 05
#0084-d194 @A: 11 31 03 06 | 08
#0085-d194 @A: 31 20 24 14 | 02
#0086-d194 @A: 27 33 32 23 | 09
#0087-d194 @A: 09 26 32 23 | 11
#0088-d194 @A: 32 24 12 28 | 10
#0089-d194 @A: 03 32 17 33 | 01
#0090-d194 @A: 32 16 17 26 | 03
#0091-d194 @A: 26 18 11 32 | 07
#0092-d194 @A: 12 16 15 32 | 12
#0093-d194 @A: 09 07 25 32 | 04
#0094-d194 @A: 09 14 32 27 | 06
#0095-d194 @A: 23 09 27 28 | 05
#0096-d194 @A: 23 16 25 10 | 08
#0097-d194 @A: 17 27 29 23 | 02
#0098-d194 @A: 29 22 23 13 | 09
#0099-d194 @A: 23 11 25 03 | 11
#0100-d194 @A: 24 11 23 09 | 10
#0101-d194 @A: 24 23 18 25 | 01
#0102-d194 @A: 28 26 10 25 | 03
#0103-d194 @A: 25 21 17 28 | 07
#0104-d194 @A: 24 16 28 34 | 12
#0105-d194 @A: 24 28 06 14 | 04
#0106-d194 @A: 10 17 29 13 | 06
#0107-d194 @A: 09 03 10 16 | 05
#0108-d194 @A: 24 10 27 06 | 08
#0109-d194 @A: 25 10 14 15 | 02
#0110-d194 @A: 17 12 18 29 | 09
#0111-d194 @A: 22 12 24 29 | 11
#0112-d194 @A: 20 21 07 29 | 10
#0113-d194 @A: 08 27 29 21 | 01
#0114-d194 @A: 11 24 29 25 | 03
#0115-d194 @A: 18 16 17 33 | 07
#0116-d194 @A: 16 17 12 33 | 12
#0117-d194 @A: 27 17 15 16 | 04
#0118-d194 @A: 17 13 07 27 | 06
#0119-d194 @A: 25 07 17 06 | 05
#0120-d194 @A: 21 07 18 17 | 08
#0121-d194 @A: 13 22 20 11 | 02
#0122-d194 @A: 18 08 22 30 | 09
#0123-d194 @A: 27 21 22 12 | 11
#0124-d194 @A: 13 08 34 07 | 10
#0125-d194 @A: 03 34 27 08 | 01
#0126-d194 @A: 24 34 08 09 | 03
#0127-d194 @A: 34 15 20 09 | 07
#0128-d194 @A: 09 07 33 16 | 12
#0129-d194 @A: 12 14 33 30 | 04
#0130-d194 @A: 09 06 08 33 | 06
#0131-d194 @A: 11 33 06 20 | 05
#0132-d194 @A: 09 26 13 25 | 08
#0133-d194 @A: 27 30 26 09 | 02
#0134-d194 @A: 18 25 14 26 | 09
#0135-d194 @A: 14 16 18 07 | 11
#0136-d194 @A: 03 15 16 07 | 10
#0137-d194 @A: 20 09 16 08 | 01
#0138-d194 @A: 16 11 06 09 | 03
#0139-d194 @A: 27 21 16 18 | 07
#0140-d194 @A: 18 12 25 07 | 12
#0141-d194 @A: 13 03 12 15 | 04
#0142-d194 @A: 02 23 35 01 | 06
#0143-d194 @A: 04 35 02 08 | 05
#0144-d194 @A: 30 32 35 05 | 08
#0145-d194 @A: 05 23 35 25 | 02
#0146-d194 @A: 35 15 21 32 | 09
#0147-d194 @A: 23 13 35 17 | 11
#0148-d194 @A: 06 11 23 35 | 10
#0149-d194 @A: 29 28 35 11 | 01
#0150-d194 @A: 10 15 35 11 | 03
#0151-d194 @A: 35 16 20 29 | 07
#0152-d194 @A: 25 17 16 35 | 12
#0153-d194 @A: 22 35 33 03 | 04
#0154-d194 @A: 21 34 18 35 | 06
#0155-d194 @A: 16 13 35 07 | 05
#0156-d194 @A: 09 27 35 08 | 08
#0157-d194 @A: 35 09 12 03 | 02
#0158-d194 @A: 01 04 17 06 | 09
#0159-d194 @A: 03 05 31 01 | 11
#0160-d194 @A: 28 05 13 01 | 10
#0161-d194 @A: 01 14 19 28 | 01
#0162-d194 @A: 21 02 29 01 | 03
#0163-d194 @A: 07 16 01 23 | 07
#0164-d194 @A: 16 01 10 24 | 12
#0165-d194 @A: 29 03 34 01 | 04
#0166-d194 @A: 33 01 29 09 | 06
#0167-d194 @A: 13 01 29 24 | 05
#0168-d194 @A: 16 06 34 01 | 08
#0169-d194 @A: 30 25 01 33 | 02
#0170-d194 @A: 15 01 33 18 | 09
#0171-d194 @A: 07 01 13 26 | 11
#0172-d194 @A: 14 01 16 13 | 10
#0173-d194 @A: 01 27 12 16 | 01
#0174-d194 @A: 26 05 16 04 | 03
#0175-d194 @A: 30 04 19 12 | 07
#0176-d194 @A: 04 22 02 13 | 12
#0177-d194 @A: 11 34 04 31 | 04
#0178-d194 @A: 07 04 33 31 | 06
#0179-d194 @A: 31 04 26 24 | 05
#0180-d194 @A: 30 04 32 17 | 08
#0181-d194 @A: 26 21 32 04 | 02
#0182-d194 @A: 04 20 09 17 | 09
#0183-d194 @A: 22 08 33 04 | 11
#0184-d194 @A: 22 11 04 07 | 10
#0185-d194 @A: 06 24 04 34 | 01
#0186-d194 @A: 03 04 20 27 | 03
#0187-d194 @A: 32 05 28 19 | 07
#0188-d194 @A: 10 20 02 05 | 12
#0189-d194 @A: 31 05 32 23 | 04
#0190-d194 @A: 22 20 23 05 | 06
#0191-d194 @A: 08 33 05 10 | 05
#0192-d194 @A: 34 05 18 07 | 08
#0193-d194 @A: 16 05 06 08 | 02
#0194-d194 @A: 05 03 30 14 | 09
#0195-d194 @A: 05 24 12 14 | 11
#0196-d194 @A: 14 25 05 27 | 10
#0197-d194 @A: 23 06 02 19 | 01
#0198-d194 @A: 08 10 19 02 | 03
#0199-d194 @A: 19 12 29 02 | 07
#0200-d194 @A: 31 32 19 14 | 12
#0201-d194 @A: 31 19 10 27 | 04
#0202-d194 @A: 31 07 16 19 | 06
#0203-d194 @A: 11 22 19 32 | 05
#0204-d194 @A: 19 25 26 23 | 08
#0205-d194 @A: 28 19 22 12 | 02
#0206-d194 @A: 28 08 19 33 | 09
#0207-d194 @A: 07 19 27 30 | 11
#0208-d194 @A: 03 07 19 08 | 10
#0209-d194 @A: 09 06 07 19 | 01
#0210-d194 @A: 06 15 19 30 | 03
#0211-d194 @A: 19 06 14 03 | 07
#0212-d194 @A: 21 14 19 27 | 12
#0213-d194 @A: 02 21 31 23 | 04
#0214-d194 @A: 22 28 11 02 | 06
#0215-d194 @A: 02 29 24 33 | 05
#0216-d194 @A: 34 02 17 21 | 08
#0217-d194 @A: 16 03 22 02 | 02
#0218-d194 @A: 07 24 20 02 | 09
#0219-d194 @A: 31 32 10 18 | 11
#0220-d194 @A: 17 23 03 31 | 10
#0221-d194 @A: 22 27 31 28 | 01
#0222-d194 @A: 15 31 20 33 | 03
#0223-d194 @A: 14 13 31 26 | 07
#0224-d194 @A: 07 21 08 31 | 12
#0225-d194 @A: 15 31 27 07 | 04
#0226-d194 @A: 30 31 03 08 | 06
#0227-d194 @A: 31 20 08 27 | 05
#0228-d194 @A: 18 23 32 17 | 08
#0229-d194 @A: 23 07 32 22 | 02
#0230-d194 @A: 06 28 32 33 | 09
#0231-d194 @A: 24 07 17 32 | 11
#0232-d194 @A: 33 08 32 26 | 10
#0233-d194 @A: 07 27 32 20 | 01
#0234-d194 @A: 28 12 23 03 | 03
#0235-d194 @A: 10 27 08 23 | 07
#0236-d194 @A: 23 24 34 17 | 12
#0237-d194 @A: 12 23 17 21 | 04
#0238-d194 @A: 23 07 21 24 | 06
#0239-d194 @A: 23 13 14 20 | 05
#0240-d194 @A: 28 15 13 10 | 08
#0241-d194 @A: 34 27 28 17 | 02
#0242-d194 @A: 24 21 28 11 | 09
#0243-d194 @A: 28 24 15 09 | 11
#0244-d194 @A: 10 34 25 29 | 10
#0245-d194 @A: 16 10 07 22 | 01
#0246-d194 @A: 34 27 26 10 | 03
#0247-d194 @A: 07 21 09 10 | 07
#0248-d194 @A: 06 03 18 10 | 12
#0249-d194 @A: 21 03 10 20 | 04
#0250-d194 @A: 10 09 15 27 | 06
#0251-d194 @A: 22 16 29 18 | 05
#0252-d194 @A: 18 08 13 29 | 08
#0253-d194 @A: 27 29 11 13 | 02
#0254-d194 @A: 11 18 29 21 | 09
#0255-d194 @A: 33 30 22 17 | 11
#0256-d194 @A: 08 12 26 17 | 10
#0257-d194 @A: 30 09 24 17 | 01
#0258-d194 @A: 08 06 18 17 | 03
#0259-d194 @A: 20 08 14 17 | 07
#0260-d194 @A: 03 09 15 17 | 12
#0261-d194 @A: 26 16 22 34 | 04
#0262-d194 @A: 22 26 33 13 | 06
#0263-d194 @A: 22 24 06 21 | 05
#0264-d194 @A: 14 22 21 18 | 08
#0265-d194 @A: 20 09 22 25 | 02
#0266-d194 @A: 13 15 34 24 | 09
#0267-d194 @A: 13 34 09 12 | 11
#0268-d194 @A: 20 33 13 07 | 10
#0269-d194 @A: 30 13 33 03 | 01
#0270-d194 @A: 33 08 12 25 | 03
#0271-d194 @A: 06 33 12 09 | 07
#0272-d194 @A: 21 33 27 25 | 12
#0273-d194 @A: 26 13 27 18 | 04
#0274-d194 @A: 03 20 26 30 | 06
#0275-d194 @A: 20 18 26 08 | 05
#0276-d194 @A: 16 13 09 30 | 08
#0277-d194 @A: 20 16 13 12 | 02
#0278-d194 @A: 16 27 03 13 | 09
#0279-d194 @A: 14 06 16 30 | 11
#0280-d194 @A: 27 08 14 16 | 10
#0281-d194 @A: 16 24 09 27 | 01
#0282-d194 @A: 12 11 20 08 | 03
#0283-d194 @A: 01 35 22 06 | 07
#0284-d194 @A: 35 01 18 16 | 12
#0285-d194 @A: 35 30 29 04 | 04
#0286-d194 @A: 35 07 34 04 | 06
#0287-d194 @A: 04 35 12 25 | 05
#0288-d194 @A: 05 31 20 35 | 08
#0289-d194 @A: 24 10 35 05 | 02
#0290-d194 @A: 16 35 05 21 | 09
#0291-d194 @A: 05 35 20 12 | 11
#0292-d194 @A: 35 02 14 19 | 10
#0293-d194 @A: 02 35 26 20 | 01
#0294-d194 @A: 31 35 24 29 | 03
#0295-d194 @A: 17 35 31 09 | 07
#0296-d194 @A: 20 33 35 32 | 12
#0297-d194 @A: 35 28 23 21 | 04
#0298-d194 @A: 35 06 16 10 | 06
#0299-d194 @A: 26 12 34 35 | 05
#0300-d194 @A: 25 20 35 30 | 08
#0301-d194 @A: 25 27 35 24 | 02
#0302-d194 @A: 05 01 07 04 | 09
#0303-d194 @A: 19 01 11 26 | 11
#0304-d194 @A: 02 11 01 06 | 10
#0305-d194 @A: 34 01 31 25 | 01
#0306-d194 @A: 01 12 23 14 | 03
#0307-d194 @A: 17 28 01 24 | 07
#0308-d194 @A: 01 21 26 28 | 12
#0309-d194 @A: 20 08 01 10 | 04
#0310-d194 @A: 01 34 08 17 | 06
#0311-d194 @A: 11 17 01 12 | 05
#0312-d194 @A: 21 09 24 01 | 08
#0313-d194 @A: 34 28 04 05 | 02
#0314-d194 @A: 09 14 04 05 | 09
#0315-d194 @A: 19 16 08 04 | 11
#0316-d194 @A: 17 02 29 04 | 10
#0317-d194 @A: 25 31 04 09 | 01
#0318-d194 @A: 32 23 25 04 | 03
#0319-d194 @A: 28 04 32 18 | 07
#0320-d194 @A: 03 28 16 04 | 12
#0321-d194 @A: 29 16 04 21 | 04
#0322-d194 @A: 17 12 04 06 | 06
#0323-d194 @A: 26 08 34 04 | 05
#0324-d194 @A: 04 03 20 12 | 08
#0325-d194 @A: 16 19 14 05 | 02
#0326-d194 @A: 28 05 25 02 | 09
#0327-d194 @A: 08 05 17 32 | 11
#0328-d194 @A: 32 05 14 20 | 10
#0329-d194 @A: 28 07 23 05 | 01
#0330-d194 @A: 05 06 34 23 | 03
#0331-d194 @A: 28 05 27 03 | 07
#0332-d194 @A: 10 15 21 05 | 12
#0333-d194 @A: 07 20 05 08 | 04
#0334-d194 @A: 12 05 13 08 | 06
#0335-d194 @A: 05 25 06 30 | 05
#0336-d194 @A: 20 05 18 09 | 08
#0337-d194 @A: 30 28 19 02 | 02
#0338-d194 @A: 23 19 34 15 | 09
#0339-d194 @A: 09 20 28 19 | 11
#0340-d194 @A: 19 14 15 29 | 10
#0341-d194 @A: 24 26 19 17 | 01
#0342-d194 @A: 17 19 03 30 | 03
#0343-d194 @A: 17 19 14 25 | 07
#0344-d194 @A: 24 22 19 09 | 12
#0345-d194 @A: 07 14 34 19 | 04
#0346-d194 @A: 18 19 07 20 | 06
#0347-d194 @A: 08 24 19 20 | 05
#0348-d194 @A: 19 20 27 25 | 08
#0349-d194 @A: 27 19 24 03 | 02
#0350-d194 @A: 08 32 02 34 | 09
#0351-d194 @A: 26 02 23 27 | 11
#0352-d194 @A: 28 02 07 08 | 10
#0353-d194 @A: 22 29 02 09 | 01
#0354-d194 @A: 30 02 17 26 | 03
#0355-d194 @A: 33 27 22 02 | 07
#0356-d194 @A: 22 12 33 02 | 12
#0357-d194 @A: 26 02 16 33 | 04
#0358-d194 @A: 11 21 27 02 | 06
#0359-d194 @A: 02 03 14 12 | 05
#0360-d194 @A: 32 31 15 34 | 08
#0361-d194 @A: 31 26 20 32 | 02
#0362-d194 @A: 07 34 31 23 | 09
#0363-d194 @A: 14 31 10 03 | 11
#0364-d194 @A: 29 22 31 20 | 10
#0365-d194 @A: 21 31 29 34 | 01
#0366-d194 @A: 32 28 22 17 | 03
#0367-d194 @A: 26 22 25 32 | 07
#0368-d194 @A: 22 20 08 32 | 12
#0369-d194 @A: 06 32 22 14 | 04
#0370-d194 @A: 32 34 14 26 | 06
#0371-d194 @A: 20 12 34 32 | 05
#0372-d194 @A: 18 30 12 32 | 08
#0373-d194 @A: 27 06 15 32 | 02
#0374-d194 @A: 32 21 03 27 | 09
#0375-d194 @A: 28 22 10 23 | 11
#0376-d194 @A: 18 15 23 10 | 10
#0377-d194 @A: 29 06 16 23 | 01
#0378-d194 @A: 23 33 15 22 | 03
#0379-d194 @A: 26 22 23 12 | 07
#0380-d194 @A: 14 23 16 22 | 12
#0381-d194 @A: 23 03 13 24 | 04
#0382-d194 @A: 30 18 14 23 | 06
#0383-d194 @A: 21 08 23 25 | 05
#0384-d194 @A: 10 27 07 28 | 08
#0385-d194 @A: 08 17 28 13 | 02
#0386-d194 @A: 03 28 22 20 | 09
#0387-d194 @A: 34 14 09 28 | 11
#0388-d194 @A: 14 12 28 07 | 10
#0389-d194 @A: 18 13 28 24 | 01
#0390-d194 @A: 24 30 03 28 | 03
#0391-d194 @A: 25 15 06 28 | 07
#0392-d194 @A: 18 28 21 20 | 12
#0393-d194 @A: 18 28 15 27 | 04
#0394-d194 @A: 09 28 24 12 | 06
#0395-d194 @A: 10 29 26 30 | 05
#0396-d194 @A: 12 29 10 25 | 08
#0397-d194 @A: 25 10 22 17 | 02
#0398-d194 @A: 08 22 10 34 | 09
#0399-d194 @A: 20 10 30 09 | 11
#0400-d194 @A: 15 06 20 10 | 10
#0401-d194 @A: 06 25 09 10 | 01
#0402-d194 @A: 29 34 11 22 | 03
#0403-d194 @A: 34 16 29 30 | 07
#0404-d194 @A: 26 29 25 33 | 12
#0405-d194 @A: 16 08 29 33 | 04
#0406-d194 @A: 15 13 25 29 | 06
#0407-d194 @A: 18 29 06 24 | 05
#0408-d194 @A: 29 14 03 09 | 08
#0409-d194 @A: 26 34 17 15 | 02
#0410-d194 @A: 16 34 17 11 | 09
#0411-d194 @A: 07 17 08 09 | 11
#0412-d194 @A: 20 24 30 22 | 10
#0413-d194 @A: 06 08 22 15 | 01
#0414-d194 @A: 22 27 21 20 | 03
#0415-d194 @A: 09 21 15 22 | 07
#0416-d194 @A: 03 22 24 15 | 12
#0417-d194 @A: 34 13 18 09 | 04
#0418-d194 @A: 15 08 34 11 | 06
#0419-d194 @A: 09 13 33 14 | 05
#0420-d194 @A: 33 14 08 15 | 08
#0421-d194 @A: 21 33 15 11 | 02
#0422-d194 @A: 18 03 33 11 | 09
#0423-d194 @A: 12 33 03 18 | 11
#0424-d194 @A: 26 11 03 07 | 10
#0425-d194 @A: 15 06 26 03 | 01
#0426-d194 @A: 09 26 11 20 | 03
#0427-d194 @A: 16 03 30 11 | 07
#0428-d194 @A: 16 30 20 27 | 12
#0429-d194 @A: 20 15 16 11 | 04
#0430-d194 @A: 24 08 12 07 | 06
#0431-d194 @A: 12 25 06 07 | 05
#0432-d194 @A: 25 12 13 24 | 08
#0433-d194 @A: 12 08 30 03 | 02
#0434-d194 @A: 12 11 14 06 | 09
#0435-d194 @A: 06 12 24 27 | 11
#0436-d194 @A: 18 12 11 21 | 10
#0437-d194 @A: 05 35 01 14 | 01
#0438-d194 @A: 12 01 13 35 | 03
#0439-d194 @A: 01 08 21 35 | 07
#0440-d194 @A: 22 04 18 35 | 12
#0441-d194 @A: 35 05 09 28 | 04
#0442-d194 @A: 35 05 18 26 | 06
#0443-d194 @A: 19 34 35 31 | 05
#0444-d194 @A: 35 32 19 25 | 08
#0445-d194 @A: 28 35 02 13 | 02
#0446-d194 @A: 35 07 10 31 | 09
#0447-d194 @A: 35 25 31 06 | 11
#0448-d194 @A: 27 35 34 32 | 10
#0449-d194 @A: 18 28 33 35 | 01
#0450-d194 @A: 10 16 12 35 | 03
#0451-d194 @A: 35 29 27 22 | 07
#0452-d194 @A: 14 25 35 33 | 12
#0453-d194 @A: 35 33 12 24 | 04
#0454-d194 @A: 35 18 08 12 | 06
#0455-d194 @A: 12 01 04 18 | 05
#0456-d194 @A: 02 01 17 05 | 08
#0457-d194 @A: 08 01 05 23 | 02
#0458-d194 @A: 09 02 32 01 | 09
#0459-d194 @A: 01 17 30 31 | 11
#0460-d194 @A: 01 07 31 12 | 10
#0461-d194 @A: 31 06 01 20 | 01
#0462-d194 @A: 30 32 01 26 | 03
#0463-d194 @A: 01 16 21 32 | 07
#0464-d194 @A: 01 24 26 23 | 12
#0465-d194 @A: 01 15 11 29 | 04
#0466-d194 @A: 03 01 11 22 | 06
#0467-d194 @A: 14 01 09 25 | 05
#0468-d194 @A: 04 09 02 34 | 08
#0469-d194 @A: 04 23 08 17 | 02
#0470-d194 @A: 10 22 04 03 | 09
#0471-d194 @A: 10 13 06 04 | 11
#0472-d194 @A: 12 15 29 04 | 10
#0473-d194 @A: 17 34 04 25 | 01
#0474-d194 @A: 04 21 24 12 | 03
#0475-d194 @A: 24 04 20 15 | 07
#0476-d194 @A: 02 05 27 32 | 12
#0477-d194 @A: 02 05 12 06 | 04
#0478-d194 @A: 28 21 05 31 | 06
#0479-d194 @A: 31 14 34 05 | 05
#0480-d194 @A: 16 10 18 05 | 08
#0481-d194 @A: 22 16 25 05 | 02
#0482-d194 @A: 05 24 34 33 | 09
#0483-d194 @A: 08 09 03 05 | 11
#0484-d194 @A: 18 27 06 05 | 10
#0485-d194 @A: 25 21 05 20 | 01
#0486-d194 @A: 11 03 05 24 | 03
#0487-d194 @A: 15 11 12 05 | 07
#0488-d194 @A: 32 02 20 19 | 12
#0489-d194 @A: 19 31 06 29 | 04
#0490-d194 @A: 15 28 22 19 | 06
#0491-d194 @A: 28 07 21 19 | 05
#0492-d194 @A: 19 18 06 28 | 08
#0493-d194 @A: 19 09 26 29 | 02
#0494-d194 @A: 19 29 30 21 | 09
#0495-d194 @A: 22 13 19 16 | 11
#0496-d194 @A: 19 21 03 22 | 10
#0497-d194 @A: 22 14 19 20 | 01
#0498-d194 @A: 13 19 07 15 | 03
#0499-d194 @A: 19 13 08 14 | 07
#0500-d194 @A: 27 13 09 19 | 12
#0501-d194 @A: 18 19 09 21 | 04
#0502-d194 @A: 19 27 12 18 | 06
#0503-d194 @A: 33 25 02 32 | 05
#0504-d194 @A: 29 02 28 14 | 08
#0505-d194 @A: 28 17 09 02 | 02
#0506-d194 @A: 13 12 28 02 | 09
#0507-d194 @A: 07 10 25 02 | 11
#0508-d194 @A: 15 02 29 08 | 10
#0509-d194 @A: 12 02 11 34 | 01
#0510-d194 @A: 21 20 02 16 | 03
#0511-d194 @A: 06 27 14 02 | 07
#0512-d194 @A: 18 03 02 20 | 12
#0513-d194 @A: 32 12 03 31 | 04
#0514-d194 @A: 23 06 31 15 | 06
#0515-d194 @A: 27 25 23 31 | 05
#0516-d194 @A: 13 31 22 10 | 08
#0517-d194 @A: 30 10 25 31 | 02
#0518-d194 @A: 31 10 15 08 | 09
#0519-d194 @A: 34 31 30 22 | 11
#0520-d194 @A: 31 34 12 16 | 10
#0521-d194 @A: 24 06 33 31 | 01
#0522-d194 @A: 16 14 31 21 | 03
#0523-d194 @A: 31 24 21 30 | 07
#0524-d194 @A: 14 30 15 31 | 12
#0525-d194 @A: 12 20 30 31 | 04
#0526-d194 @A: 11 29 32 23 | 06
#0527-d194 @A: 23 12 32 07 | 05
#0528-d194 @A: 29 32 28 21 | 08
#0529-d194 @A: 14 28 32 08 | 02
#0530-d194 @A: 24 10 32 22 | 09
#0531-d194 @A: 14 29 32 16 | 11
#0532-d194 @A: 17 32 12 26 | 10
#0533-d194 @A: 32 18 34 33 | 01
#0534-d194 @A: 15 13 33 32 | 03
#0535-d194 @A: 14 18 13 32 | 07
#0536-d194 @A: 30 06 18 32 | 12
#0537-d194 @A: 32 08 03 24 | 04
#0538-d194 @A: 11 32 20 24 | 06
#0539-d194 @A: 34 28 23 30 | 05
#0540-d194 @A: 23 17 25 09 | 08
#0541-d194 @A: 23 06 22 09 | 02
#0542-d194 @A: 23 33 14 11 | 09
#0543-d194 @A: 21 26 20 23 | 11
#0544-d194 @A: 23 24 30 15 | 10
#0545-d194 @A: 25 20 15 23 | 01
#0546-d194 @A: 28 16 10 20 | 03
#0547-d194 @A: 28 20 26 34 | 07
#0548-d194 @A: 28 34 07 03 | 12
#0549-d194 @A: 28 26 33 24 | 04
#0550-d194 @A: 27 14 28 33 | 06
#0551-d194 @A: 25 28 16 12 | 05
#0552-d194 @A: 03 28 06 13 | 08
#0553-d194 @A: 27 13 28 20 | 02
#0554-d194 @A: 06 30 11 28 | 09
#0555-d194 @A: 20 28 14 30 | 11
#0556-d194 @A: 25 18 28 08 | 10
#0557-d194 @A: 33 10 29 03 | 01
#0558-d194 @A: 22 33 14 10 | 03
#0559-d194 @A: 10 34 12 33 | 07
#0560-d194 @A: 33 10 27 20 | 12
#0561-d194 @A: 24 18 10 30 | 04
#0562-d194 @A: 03 30 15 10 | 06
#0563-d194 @A: 18 17 29 14 | 05
#0564-d194 @A: 12 30 29 26 | 08
#0565-d194 @A: 29 11 07 06 | 02
#0566-d194 @A: 07 25 29 03 | 09
#0567-d194 @A: 29 03 20 13 | 11
#0568-d194 @A: 09 29 08 25 | 10
#0569-d194 @A: 11 20 14 29 | 01
#0570-d194 @A: 24 15 29 27 | 03
#0571-d194 @A: 17 15 07 14 | 07
#0572-d194 @A: 17 21 15 20 | 12
#0573-d194 @A: 22 33 11 24 | 04
#0574-d194 @A: 22 07 30 09 | 06
#0575-d194 @A: 22 09 14 08 | 05
#0576-d194 @A: 08 22 11 25 | 08
#0577-d194 @A: 30 26 33 34 | 02
#0578-d194 @A: 25 34 26 11 | 09
#0579-d194 @A: 08 25 34 16 | 11
#0580-d194 @A: 14 20 33 21 | 10
#0581-d194 @A: 26 16 07 20 | 01
#0582-d194 @A: 24 26 16 13 | 03
#0583-d194 @A: 30 26 11 13 | 07
#0584-d194 @A: 26 21 25 30 | 12
#0585-d194 @A: 14 16 09 15 | 04
#0586-d194 @A: 16 15 24 18 | 06
#0587-d194 @A: 17 27 01 35 | 05
#0588-d194 @A: 35 33 07 01 | 08
#0589-d194 @A: 06 28 04 35 | 02
#0590-d194 @A: 35 02 05 06 | 09
#0591-d194 @A: 13 35 10 19 | 11
#0592-d194 @A: 19 35 17 12 | 10
#0593-d194 @A: 35 22 08 19 | 01
#0594-d194 @A: 16 35 19 24 | 03
#0595-d194 @A: 35 15 02 12 | 07
#0596-d194 @A: 31 30 11 35 | 12
#0597-d194 @A: 23 32 35 24 | 04
#0598-d194 @A: 28 07 32 35 | 06
#0599-d194 @A: 35 16 32 08 | 05
#0600-d194 @A: 26 28 15 35 | 08
#0601-d194 @A: 13 35 26 29 | 02
#0602-d194 @A: 14 17 22 35 | 09
#0603-d194 @A: 17 26 21 35 | 11
#0604-d194 @A: 35 13 24 14 | 10
#0605-d194 @A: 14 03 35 20 | 01
#0606-d194 @A: 15 14 35 27 | 03
#0607-d194 @A: 09 35 25 11 | 07
#0608-d194 @A: 19 04 01 13 | 12
#0609-d194 @A: 04 01 32 08 | 04
#0610-d194 @A: 03 26 04 01 | 06
#0611-d194 @A: 01 27 26 05 | 05
#0612-d194 @A: 05 01 09 16 | 08
#0613-d194 @A: 01 18 19 34 | 02
#0614-d194 @A: 19 03 33 01 | 09
#0615-d194 @A: 02 01 28 34 | 11
#0616-d194 @A: 01 31 23 29 | 10
#0617-d194 @A: 28 01 31 07 | 01
#0618-d194 @A: 31 01 15 22 | 03
#0619-d194 @A: 32 27 28 01 | 07
#0620-d194 @A: 01 23 34 11 | 12
#0621-d194 @A: 20 23 33 01 | 04
#0622-d194 @A: 12 30 10 01 | 06
#0623-d194 @A: 14 01 22 29 | 05
#0624-d194 @A: 01 34 27 22 | 08
#0625-d194 @A: 01 33 21 34 | 02
#0626-d194 @A: 18 06 13 01 | 09
#0627-d194 @A: 06 24 01 30 | 11
#0628-d194 @A: 04 05 27 17 | 10
#0629-d194 @A: 19 04 23 21 | 01
#0630-d194 @A: 04 19 28 17 | 03
#0631-d194 @A: 19 30 34 04 | 07
#0632-d194 @A: 04 33 15 19 | 12
#0633-d194 @A: 18 19 04 26 | 04
#0634-d194 @A: 04 14 19 11 | 06
#0635-d194 @A: 28 04 21 02 | 05
#0636-d194 @A: 22 27 23 04 | 08
#0637-d194 @A: 07 17 04 03 | 02
#0638-d194 @A: 22 04 16 24 | 09
#0639-d194 @A: 12 04 16 22 | 11
#0640-d194 @A: 04 07 20 30 | 10
#0641-d194 @A: 27 14 04 13 | 01
#0642-d194 @A: 09 08 04 21 | 03
#0643-d194 @A: 03 04 08 14 | 07
#0644-d194 @A: 14 20 04 18 | 12
#0645-d194 @A: 23 05 18 19 | 04
#0646-d194 @A: 17 06 05 19 | 06
#0647-d194 @A: 05 32 06 10 | 05
#0648-d194 @A: 28 05 30 16 | 08
#0649-d194 @A: 05 10 26 13 | 02
#0650-d194 @A: 34 22 05 17 | 09
#0651-d194 @A: 07 17 12 05 | 11
#0652-d194 @A: 18 13 05 22 | 10
#0653-d194 @A: 18 05 12 22 | 01
#0654-d194 @A: 20 05 34 27 | 03
#0655-d194 @A: 21 30 05 09 | 07
#0656-d194 @A: 19 02 11 03 | 12
#0657-d194 @A: 11 31 19 20 | 04
#0658-d194 @A: 26 32 19 27 | 06
#0659-d194 @A: 30 32 19 24 | 05
#0660-d194 @A: 23 03 16 19 | 08
#0661-d194 @A: 17 19 29 11 | 02
#0662-d194 @A: 19 21 17 16 | 09
#0663-d194 @A: 06 13 24 19 | 11
#0664-d194 @A: 20 15 03 19 | 10
#0665-d194 @A: 02 17 31 20 | 01
#0666-d194 @A: 32 06 16 02 | 03
#0667-d194 @A: 28 18 23 02 | 07
#0668-d194 @A: 07 23 02 17 | 12
#0669-d194 @A: 02 03 26 28 | 04
#0670-d194 @A: 02 10 09 26 | 06
#0671-d194 @A: 02 20 34 22 | 05
#0672-d194 @A: 02 09 21 33 | 08
#0673-d194 @A: 14 07 30 02 | 02
#0674-d194 @A: 13 15 30 02 | 09
#0675-d194 @A: 20 02 30 11 | 11
#0676-d194 @A: 24 02 14 08 | 10
#0677-d194 @A: 08 02 25 20 | 01
#0678-d194 @A: 20 10 31 23 | 03
#0679-d194 @A: 31 22 09 16 | 07
#0680-d194 @A: 09 31 22 12 | 12
#0681-d194 @A: 31 33 21 26 | 04
#0682-d194 @A: 24 31 07 13 | 06
#0683-d194 @A: 08 31 06 13 | 05
#0684-d194 @A: 18 31 14 06 | 08
#0685-d194 @A: 15 31 18 21 | 02
#0686-d194 @A: 31 11 25 12 | 09
#0687-d194 @A: 23 32 13 06 | 11
#0688-d194 @A: 32 10 28 30 | 10
#0689-d194 @A: 32 15 07 29 | 01
#0690-d194 @A: 08 32 11 06 | 03
#0691-d194 @A: 25 32 24 06 | 07
#0692-d194 @A: 03 23 28 33 | 12
#0693-d194 @A: 10 29 23 24 | 04
#0694-d194 @A: 17 22 11 23 | 06
#0695-d194 @A: 23 34 16 27 | 05
#0696-d194 @A: 16 23 18 12 | 08
#0697-d194 @A: 28 29 17 20 | 02
#0698-d194 @A: 14 28 26 22 | 09
#0699-d194 @A: 24 28 22 07 | 11
#0700-d194 @A: 28 06 20 07 | 10
#0701-d194 @A: 15 07 11 28 | 01
#0702-d194 @A: 08 03 28 21 | 03
#0703-d194 @A: 06 12 28 20 | 07
#0704-d194 @A: 03 28 11 09 | 12
#0705-d194 @A: 24 20 25 28 | 04
#0706-d194 @A: 16 10 29 27 | 06
#0707-d194 @A: 17 14 34 10 | 05
#0708-d194 @A: 06 10 22 26 | 08
#0709-d194 @A: 22 10 11 12 | 02
#0710-d194 @A: 34 21 16 10 | 09
#0711-d194 @A: 33 16 15 10 | 11
#0712-d194 @A: 26 10 03 24 | 10
#0713-d194 @A: 08 13 10 09 | 01
#0714-d194 @A: 10 20 13 24 | 03
#0715-d194 @A: 10 20 12 27 | 07
#0716-d194 @A: 10 09 12 15 | 12
#0717-d194 @A: 29 08 07 22 | 04
#0718-d194 @A: 14 29 16 12 | 06
#0719-d194 @A: 29 30 15 20 | 05
#0720-d194 @A: 22 03 17 12 | 08
#0721-d194 @A: 34 13 12 17 | 02
#0722-d194 @A: 18 34 17 03 | 09
#0723-d194 @A: 26 27 06 17 | 11
#0724-d194 @A: 27 30 18 17 | 10
#0725-d194 @A: 24 15 08 17 | 01
#0726-d194 @A: 17 06 24 03 | 03
#0727-d194 @A: 30 22 12 06 | 07
#0728-d194 @A: 09 11 34 07 | 12
#0729-d194 @A: 27 24 07 34 | 04
#0730-d194 @A: 14 18 08 34 | 06
#0731-d194 @A: 34 12 15 08 | 05
#0732-d194 @A: 03 20 34 11 | 08
#0733-d194 @A: 18 33 07 24 | 02
#0734-d194 @A: 06 25 03 33 | 09
#0735-d194 @A: 06 07 26 30 | 11
#0736-d194 @A: 07 14 26 08 | 10
#0737-d194 @A: 24 26 11 06 | 01
#0738-d194 @A: 25 06 26 20 | 03
#0739-d194 @A: 12 27 26 25 | 07
#0740-d194 @A: 21 30 07 16 | 12
#0741-d194 @A: 16 12 07 03 | 04
#0742-d194 @A: 27 35 04 16 | 06
#0743-d194 @A: 07 05 22 35 | 05
#0744-d194 @A: 23 19 35 09 | 08
#0745-d194 @A: 35 19 06 33 | 02
#0746-d194 @A: 02 35 10 21 | 09
#0747-d194 @A: 17 11 02 35 | 11
#0748-d194 @A: 23 14 31 35 | 10
#0749-d194 @A: 35 09 29 32 | 01
#0750-d194 @A: 35 06 32 12 | 03
#0751-d194 @A: 23 08 34 35 | 07
#0752-d194 @A: 25 35 21 29 | 12
#0753-d194 @A: 33 35 13 34 | 04
#0754-d194 @A: 06 34 26 35 | 06
#0755-d194 @A: 13 27 21 35 | 05
#0756-d194 @A: 04 23 01 30 | 08
#0757-d194 @A: 01 18 05 21 | 02
#0758-d194 @A: 01 20 19 16 | 09
#0759-d194 @A: 09 01 12 19 | 11
#0760-d194 @A: 13 02 33 01 | 10
#0761-d194 @A: 01 27 08 02 | 01
#0762-d194 @A: 31 10 33 01 | 03
#0763-d194 @A: 01 12 29 32 | 07
#0764-d194 @A: 13 32 01 34 | 12
#0765-d194 @A: 06 03 01 32 | 04
#0766-d194 @A: 10 01 23 13 | 06
#0767-d194 @A: 01 28 15 16 | 05
#0768-d194 @A: 17 33 14 01 | 08
#0769-d194 @A: 17 18 01 26 | 02
#0770-d194 @A: 10 05 25 04 | 09
#0771-d194 @A: 32 12 04 02 | 11
#0772-d194 @A: 16 31 04 06 | 10
#0773-d194 @A: 32 24 04 09 | 01
#0774-d194 @A: 28 30 22 04 | 03
#0775-d194 @A: 34 04 18 10 | 07
#0776-d194 @A: 04 29 27 07 | 12
#0777-d194 @A: 04 21 27 34 | 04
#0778-d194 @A: 13 30 04 24 | 06
#0779-d194 @A: 04 11 18 06 | 05
#0780-d194 @A: 04 24 14 25 | 08
#0781-d194 @A: 15 11 04 03 | 02
#0782-d194 @A: 04 03 24 18 | 09
#0783-d194 @A: 02 23 09 05 | 11
#0784-d194 @A: 05 18 31 24 | 10
#0785-d194 @A: 05 28 10 14 | 01
#0786-d194 @A: 05 33 17 25 | 03
#0787-d194 @A: 20 17 03 05 | 07
#0788-d194 @A: 05 12 26 09 | 12
#0789-d194 @A: 12 30 16 05 | 04
#0790-d194 @A: 05 11 18 08 | 06
#0791-d194 @A: 06 05 21 11 | 05
#0792-d194 @A: 33 02 07 19 | 08
#0793-d194 @A: 13 26 02 19 | 02
#0794-d194 @A: 19 08 32 12 | 09
#0795-d194 @A: 19 23 07 29 | 11
#0796-d194 @A: 23 17 19 20 | 10
#0797-d194 @A: 13 19 30 23 | 01
#0798-d194 @A: 19 23 15 12 | 03
#0799-d194 @A: 10 19 22 18 | 07
#0800-d194 @A: 10 12 03 19 | 12
#0801-d194 @A: 19 33 12 07 | 04
#0802-d194 @A: 19 09 11 08 | 06
#0803-d194 @A: 19 27 08 18 | 05
#0804-d194 @A: 23 31 12 02 | 08
#0805-d194 @A: 26 07 32 02 | 02
#0806-d194 @A: 15 02 03 23 | 09
#0807-d194 @A: 10 02 06 28 | 11
#0808-d194 @A: 16 28 27 02 | 10
#0809-d194 @A: 15 02 10 34 | 01
#0810-d194 @A: 02 06 17 22 | 03
#0811-d194 @A: 17 08 03 02 | 07
#0812-d194 @A: 02 22 08 26 | 12
#0813-d194 @A: 02 20 09 14 | 04
#0814-d194 @A: 20 02 27 15 | 06
#0815-d194 @A: 32 31 17 21 | 05
#0816-d194 @A: 11 31 32 33 | 08
#0817-d194 @A: 23 31 18 16 | 02
#0818-d194 @A: 34 31 06 28 | 09
#0819-d194 @A: 31 17 06 10 | 11
#0820-d194 @A: 26 17 25 31 | 10
#0821-d194 @A: 31 13 30 27 | 01
#0822-d194 @A: 03 13 31 21 | 03
#0823-d194 @A: 31 18 20 30 | 07
#0824-d194 @A: 15 03 25 31 | 12
#0825-d194 @A: 26 28 32 13 | 04
#0826-d194 @A: 24 34 32 29 | 06
#0827-d194 @A: 32 21 06 34 | 05
#0828-d194 @A: 20 21 30 32 | 08
#0829-d194 @A: 11 30 32 15 | 02
#0830-d194 @A: 21 14 32 25 | 09
#0831-d194 @A: 24 21 18 32 | 11
#0832-d194 @A: 13 28 23 16 | 10
#0833-d194 @A: 10 23 26 11 | 01
#0834-d194 @A: 12 23 33 29 | 03
#0835-d194 @A: 33 17 23 06 | 07
#0836-d194 @A: 13 07 23 09 | 12
#0837-d194 @A: 08 30 20 23 | 04
#0838-d194 @A: 25 14 23 06 | 06
#0839-d194 @A: 23 20 27 06 | 05
#0840-d194 @A: 28 14 07 25 | 08
#0841-d194 @A: 30 15 28 08 | 02
#0842-d194 @A: 21 15 28 14 | 09
#0843-d194 @A: 29 15 22 10 | 11
#0844-d194 @A: 17 10 12 14 | 10
#0845-d194 @A: 07 20 14 10 | 01
#0846-d194 @A: 10 18 14 27 | 03
#0847-d194 @A: 33 29 21 17 | 07
#0848-d194 @A: 33 11 30 29 | 12
#0849-d194 @A: 33 29 15 06 | 04
#0850-d194 @A: 29 06 13 30 | 06
#0851-d194 @A: 27 09 29 20 | 05
#0852-d194 @A: 26 17 03 22 | 08
#0853-d194 @A: 08 21 17 22 | 02
#0854-d194 @A: 26 33 20 17 | 09
#0855-d194 @A: 17 06 13 09 | 11
#0856-d194 @A: 25 17 27 08 | 10
#0857-d194 @A: 22 25 15 34 | 01
#0858-d194 @A: 33 22 06 16 | 03
#0859-d194 @A: 22 07 25 21 | 07
#0860-d194 @A: 13 14 15 22 | 12
#0861-d194 @A: 07 12 34 27 | 04
#0862-d194 @A: 21 34 30 03 | 06
#0863-d194 @A: 15 27 34 30 | 05
#0864-d194 @A: 03 34 06 09 | 08
#0865-d194 @A: 34 21 14 11 | 02
#0866-d194 @A: 14 15 03 34 | 09
#0867-d194 @A: 27 34 18 11 | 11
#0868-d194 @A: 03 33 26 09 | 10
#0869-d194 @A: 08 07 27 33 | 01
#0870-d194 @A: 09 27 11 33 | 03
#0871-d194 @A: 26 16 09 21 | 07
#0872-d194 @A: 16 14 26 03 | 12
#0873-d194 @A: 25 26 16 15 | 04
#0874-d194 @A: 07 25 26 24 | 06
#0875-d194 @A: 27 08 26 24 | 05
#0876-d194 @A: 12 24 26 03 | 08
#0877-d194 @A: 07 06 16 24 | 02
#0878-d194 @A: 25 03 16 21 | 09
#0879-d194 @A: 25 09 16 18 | 11
#0880-d194 @A: 12 27 13 14 | 10
#0881-d194 @A: 18 12 14 09 | 01
#0882-d194 @A: 28 20 01 35 | 03
#0883-d194 @A: 35 01 24 34 | 07
#0884-d194 @A: 17 10 35 04 | 12
#0885-d194 @A: 33 21 04 35 | 04
#0886-d194 @A: 35 26 04 14 | 06
#0887-d194 @A: 35 07 17 19 | 05
#0888-d194 @A: 35 06 32 17 | 08
#0889-d194 @A: 35 27 23 18 | 02
#0890-d194 @A: 10 25 18 35 | 09
#0891-d194 @A: 35 24 26 22 | 11
#0892-d194 @A: 35 11 33 26 | 10
#0893-d194 @A: 07 24 03 35 | 01
#0894-d194 @A: 30 06 21 35 | 03
#0895-d194 @A: 11 01 28 04 | 07
#0896-d194 @A: 25 01 16 04 | 12
#0897-d194 @A: 01 10 05 30 | 04
#0898-d194 @A: 05 15 34 01 | 06
#0899-d194 @A: 27 01 19 23 | 05
#0900-d194 @A: 01 08 29 19 | 08
#0901-d194 @A: 02 14 01 31 | 02
#0902-d194 @A: 28 01 23 06 | 09
#0903-d194 @A: 23 21 17 01 | 11
#0904-d194 @A: 15 01 12 28 | 10
#0905-d194 @A: 26 10 14 01 | 01
#0906-d194 @A: 01 29 26 16 | 03
#0907-d194 @A: 25 29 01 27 | 07
#0908-d194 @A: 01 09 34 26 | 12
#0909-d194 @A: 09 20 01 07 | 04
#0910-d194 @A: 01 08 14 06 | 06
#0911-d194 @A: 14 20 15 01 | 05
#0912-d194 @A: 20 03 24 01 | 08
#0913-d194 @A: 29 04 20 05 | 02
#0914-d194 @A: 04 08 05 30 | 09
#0915-d194 @A: 15 04 02 32 | 11
#0916-d194 @A: 14 23 04 28 | 10
#0917-d194 @A: 04 07 23 10 | 01
#0918-d194 @A: 12 23 04 34 | 03
#0919-d194 @A: 18 04 23 33 | 07
#0920-d194 @A: 26 07 28 04 | 12
#0921-d194 @A: 04 13 28 25 | 04
#0922-d194 @A: 13 34 04 29 | 06
#0923-d194 @A: 15 04 17 22 | 05
#0924-d194 @A: 04 20 22 06 | 08
#0925-d194 @A: 20 13 08 04 | 02
#0926-d194 @A: 09 04 30 03 | 09
#0927-d194 @A: 21 25 18 04 | 11
#0928-d194 @A: 05 02 08 31 | 10
#0929-d194 @A: 05 02 29 13 | 01
#0930-d194 @A: 32 18 05 29 | 03
#0931-d194 @A: 32 05 16 03 | 07
#0932-d194 @A: 26 05 17 09 | 12
#0933-d194 @A: 14 05 24 17 | 04
#0934-d194 @A: 07 05 13 25 | 06
#0935-d194 @A: 07 05 27 09 | 05
#0936-d194 @A: 25 11 15 05 | 08
#0937-d194 @A: 19 31 02 09 | 02
#0938-d194 @A: 15 16 02 19 | 09
#0939-d194 @A: 32 17 19 34 | 11
#0940-d194 @A: 33 19 13 17 | 10
#0941-d194 @A: 26 34 19 03 | 01
#0942-d194 @A: 11 12 19 26 | 03
#0943-d194 @A: 16 19 12 06 | 07
#0944-d194 @A: 25 19 13 21 | 12
#0945-d194 @A: 19 15 27 11 | 04
#0946-d194 @A: 19 20 24 12 | 06
#0947-d194 @A: 18 15 25 19 | 05
#0948-d194 @A: 23 13 25 02 | 08
#0949-d194 @A: 25 12 23 02 | 02
#0950-d194 @A: 17 02 27 10 | 09
#0951-d194 @A: 18 02 33 08 | 11
#0952-d194 @A: 03 25 30 02 | 10
#0953-d194 @A: 02 25 21 15 | 01
#0954-d194 @A: 14 02 25 11 | 03
#0955-d194 @A: 31 03 22 32 | 07
#0956-d194 @A: 16 31 30 32 | 12
#0957-d194 @A: 06 31 32 07 | 04
#0958-d194 @A: 31 11 28 10 | 06
#0959-d194 @A: 17 14 28 31 | 05
#0960-d194 @A: 16 26 31 10 | 08
#0961-d194 @A: 29 31 14 33 | 02
#0962-d194 @A: 13 16 29 31 | 09
#0963-d194 @A: 17 24 16 31 | 11
#0964-d194 @A: 07 14 09 31 | 10
#0965-d194 @A: 09 31 06 30 | 01
#0966-d194 @A: 12 31 21 08 | 03
#0967-d194 @A: 27 11 14 31 | 07
#0968-d194 @A: 28 32 20 23 | 12
#0969-d194 @A: 32 16 27 22 | 04
#0970-d194 @A: 34 07 16 32 | 06
#0971-d194 @A: 13 33 12 32 | 05
#0972-d194 @A: 27 13 24 32 | 08
#0973-d194 @A: 20 18 32 15 | 02
#0974-d194 @A: 29 26 23 15 | 09
#0975-d194 @A: 11 13 23 15 | 11
#0976-d194 @A: 03 06 21 23 | 10
#0977-d194 @A: 09 14 21 23 | 01
#0978-d194 @A: 20 23 18 11 | 03
#0979-d194 @A: 20 12 23 09 | 07
#0980-d194 @A: 33 10 28 21 | 12
#0981-d194 @A: 09 22 28 13 | 04
#0982-d194 @A: 11 12 28 33 | 06
#0983-d194 @A: 28 18 16 11 | 05
#0984-d194 @A: 30 28 12 21 | 08
#0985-d194 @A: 30 28 25 09 | 02
#0986-d194 @A: 08 27 28 06 | 09
#0987-d194 @A: 07 10 15 24 | 11
#0988-d194 @A: 10 06 21 12 | 10
#0989-d194 @A: 14 24 10 09 | 01
#0990-d194 @A: 11 10 18 09 | 03
#0991-d194 @A: 20 24 26 29 | 07
#0992-d194 @A: 03 29 11 08 | 12
#0993-d194 @A: 17 22 20 16 | 04
#0994-d194 @A: 17 11 07 20 | 06
#0995-d194 @A: 17 06 20 30 | 05
#0996-d194 @A: 34 22 14 12 | 08
#0997-d194 @A: 22 20 33 18 | 02
#0998-d194 @A: 25 22 06 18 | 09
#0999-d194 @A: 22 27 18 24 | 11
#1000-d194 @A: 21 15 07 34 | 10
#1001-d194 @A: 21 34 08 20 | 01
#1002-d194 @A: 06 34 14 20 | 03
#1003-d194 @A: 03 21 34 12 | 07
#1004-d194 @A: 34 24 25 03 | 12
#1005-d194 @A: 06 13 27 33 | 04
#1006-d194 @A: 33 25 18 13 | 06
#1007-d194 @A: 33 03 14 24 | 05
#1008-d194 @A: 15 27 03 33 | 08
#1009-d194 @A: 08 16 30 26 | 02
#1010-d194 @A: 09 26 14 06 | 09
#1011-d194 @A: 26 15 24 21 | 11
#1012-d194 @A: 16 30 24 25 | 10
#1013-d194 @A: 09 16 12 08 | 01
#1014-d194 @A: 15 12 21 07 | 03
#1015-d194 @A: 25 15 30 12 | 07
#1016-d194 @A: 12 18 20 15 | 12
#1017-d194 @A: 04 01 35 09 | 04
#1018-d194 @A: 18 31 35 08 | 06
#1019-d194 @A: 35 32 10 14 | 05
#1020-d194 @A: 35 22 25 28 | 08
#1021-d194 @A: 28 24 35 08 | 02
#1022-d194 @A: 29 35 03 17 | 09
#1023-d194 @A: 35 08 33 17 | 11
#1024-d194 @A: 22 35 16 11 | 10
#1025-d194 @A: 03 16 34 35 | 01
#1026-d194 @A: 35 25 13 08 | 03
#1027-d194 @A: 13 03 11 35 | 07
#1028-d194 @A: 15 08 35 20 | 12
#1029-d194 @A: 21 20 35 24 | 04
#1030-d194 @A: 33 24 04 01 | 06
#1031-d194 @A: 06 01 05 29 | 05
#1032-d194 @A: 19 01 31 21 | 08
#1033-d194 @A: 17 01 09 19 | 02
#1034-d194 @A: 02 03 01 10 | 09
#1035-d194 @A: 28 30 01 29 | 11
#1036-d194 @A: 28 22 33 01 | 10
#1037-d194 @A: 25 03 28 01 | 01
#1038-d194 @A: 10 11 01 17 | 03
#1039-d194 @A: 01 07 17 29 | 07
#1040-d194 @A: 25 01 12 34 | 12
#1041-d194 @A: 30 01 13 08 | 04
#1042-d194 @A: 01 13 25 11 | 06
#1043-d194 @A: 30 15 21 01 | 05
#1044-d194 @A: 08 01 24 18 | 08
#1045-d194 @A: 01 14 03 21 | 02
#1046-d194 @A: 14 18 01 11 | 09
#1047-d194 @A: 01 20 18 27 | 11
#1048-d194 @A: 02 24 04 10 | 10
#1049-d194 @A: 23 13 04 31 | 01
#1050-d194 @A: 31 14 04 22 | 03
#1051-d194 @A: 27 04 10 32 | 07
#1052-d194 @A: 04 16 32 20 | 12
#1053-d194 @A: 03 04 32 13 | 04
#1054-d194 @A: 26 23 04 06 | 06
#1055-d194 @A: 10 08 04 28 | 05
#1056-d194 @A: 21 17 24 04 | 08
#1057-d194 @A: 04 22 26 09 | 02
#1058-d194 @A: 12 27 04 33 | 09
#1059-d194 @A: 07 24 08 04 | 11
#1060-d194 @A: 04 27 09 18 | 10
#1061-d194 @A: 21 05 02 19 | 01
#1062-d194 @A: 05 19 30 31 | 03
#1063-d194 @A: 02 33 03 05 | 07
#1064-d194 @A: 10 09 31 05 | 12
#1065-d194 @A: 05 17 11 31 | 04
#1066-d194 @A: 05 22 31 06 | 06
#1067-d194 @A: 05 33 31 12 | 05
#1068-d194 @A: 17 10 05 23 | 08
#1069-d194 @A: 05 23 03 26 | 02
#1070-d194 @A: 15 23 05 14 | 09
#1071-d194 @A: 30 17 05 29 | 11
#1072-d194 @A: 08 12 29 05 | 10
#1073-d194 @A: 05 21 13 17 | 01
#1074-d194 @A: 33 05 21 22 | 03
#1075-d194 @A: 25 05 08 26 | 07
#1076-d194 @A: 07 05 24 30 | 12
#1077-d194 @A: 30 05 27 11 | 04
#1078-d194 @A: 15 30 18 05 | 06
#1079-d194 @A: 12 25 05 03 | 05
#1080-d194 @A: 31 12 19 14 | 08
#1081-d194 @A: 25 19 28 34 | 02
#1082-d194 @A: 33 10 19 25 | 09
#1083-d194 @A: 33 29 22 19 | 11
#1084-d194 @A: 19 24 34 21 | 10
#1085-d194 @A: 14 30 09 19 | 01
#1086-d194 @A: 19 18 14 24 | 03
#1087-d194 @A: 10 31 29 02 | 07
#1088-d194 @A: 28 02 20 33 | 12
#1089-d194 @A: 02 06 29 25 | 04
#1090-d194 @A: 15 33 17 02 | 06
#1091-d194 @A: 33 34 02 11 | 05
#1092-d194 @A: 02 09 08 30 | 08
#1093-d194 @A: 09 30 12 02 | 02
#1094-d194 @A: 06 15 02 24 | 09
#1095-d194 @A: 15 14 18 02 | 11
#1096-d194 @A: 12 02 18 24 | 10
#1097-d194 @A: 25 28 32 31 | 01
#1098-d194 @A: 31 32 29 27 | 03
#1099-d194 @A: 30 28 33 31 | 07
#1100-d194 @A: 17 29 15 31 | 12
#1101-d194 @A: 29 26 31 03 | 04
#1102-d194 @A: 09 29 31 11 | 06
#1103-d194 @A: 17 31 27 33 | 05
#1104-d194 @A: 22 33 31 25 | 08
#1105-d194 @A: 09 27 31 34 | 02
#1106-d194 @A: 03 20 31 07 | 09
#1107-d194 @A: 25 07 18 31 | 11
#1108-d194 @A: 03 31 27 18 | 10
#1109-d194 @A: 32 10 34 20 | 01
#1110-d194 @A: 32 12 22 15 | 03
#1111-d194 @A: 32 25 16 11 | 07
#1112-d194 @A: 32 13 11 07 | 12
#1113-d194 @A: 18 09 32 03 | 04
#1114-d194 @A: 23 29 28 25 | 06
#1115-d194 @A: 28 26 23 08 | 05
#1116-d194 @A: 22 18 23 26 | 08
#1117-d194 @A: 08 23 03 22 | 02
#1118-d194 @A: 23 33 34 25 | 09
#1119-d194 @A: 23 21 16 33 | 11
#1120-d194 @A: 07 06 23 18 | 10
#1121-d194 @A: 07 14 03 23 | 01
#1122-d194 @A: 29 28 34 12 | 03
#1123-d194 @A: 28 22 16 21 | 07
#1124-d194 @A: 21 30 28 27 | 12
#1125-d194 @A: 30 10 11 07 | 04
#1126-d194 @A: 08 06 10 07 | 06
#1127-d194 @A: 10 30 14 08 | 05
#1128-d194 @A: 10 21 18 08 | 08
#1129-d194 @A: 10 11 14 06 | 02
#1130-d194 @A: 24 17 22 29 | 09
#1131-d194 @A: 21 22 26 29 | 11
#1132-d194 @A: 29 18 03 30 | 10
#1133-d194 @A: 03 27 29 06 | 01
#1134-d194 @A: 06 11 15 17 | 03
#1135-d194 @A: 24 17 12 15 | 07
#1136-d194 @A: 03 22 14 25 | 12
#1137-d194 @A: 03 22 09 27 | 04
#1138-d194 @A: 16 33 34 14 | 06
#1139-d194 @A: 07 20 25 34 | 05
#1140-d194 @A: 34 24 11 30 | 08
#1141-d194 @A: 34 12 30 24 | 02
#1142-d194 @A: 14 12 33 15 | 09
#1143-d194 @A: 26 07 27 21 | 11
#1144-d194 @A: 15 26 07 18 | 10
#1145-d194 @A: 26 08 11 21 | 01
#1146-d194 @A: 27 20 14 26 | 03
#1147-d194 @A: 27 26 25 03 | 07
#1148-d194 @A: 08 16 13 15 | 12
#1149-d194 @A: 13 06 16 25 | 04
#1150-d194 @A: 03 12 08 27 | 06
#1151-d194 @A: 01 35 11 32 | 05
#1152-d194 @A: 01 10 35 29 | 08
#1153-d194 @A: 31 04 35 32 | 02
#1154-d194 @A: 04 35 11 24 | 09
#1155-d194 @A: 05 33 35 27 | 11
#1156-d194 @A: 11 35 21 19 | 10
#1157-d194 @A: 03 28 35 31 | 01
#1158-d194 @A: 16 35 31 15 | 03
#1159-d194 @A: 13 22 35 32 | 07
#1160-d194 @A: 29 35 06 14 | 12
#1161-d194 @A: 14 35 30 34 | 04
#1162-d194 @A: 33 15 35 24 | 06
#1163-d194 @A: 07 09 26 35 | 05
#1164-d194 @A: 08 11 14 35 | 08
#1165-d194 @A: 06 35 09 24 | 02
#1166-d194 @A: 27 20 35 11 | 09
#1167-d194 @A: 10 04 15 01 | 11
#1168-d194 @A: 21 12 05 01 | 10
#1169-d194 @A: 24 02 19 01 | 01
#1170-d194 @A: 01 08 31 26 | 03
#1171-d194 @A: 01 32 14 23 | 07
#1172-d194 @A: 17 01 20 25 | 12
#1173-d194 @A: 20 01 34 30 | 04
#1174-d194 @A: 01 07 18 30 | 06
#1175-d194 @A: 07 08 25 01 | 05
#1176-d194 @A: 06 15 07 01 | 08
#1177-d194 @A: 15 08 01 03 | 02
#1178-d194 @A: 19 04 03 31 | 09
#1179-d194 @A: 02 04 26 25 | 11
#1180-d194 @A: 31 13 12 04 | 10
#1181-d194 @A: 32 04 22 34 | 01
#1182-d194 @A: 04 09 28 33 | 03
#1183-d194 @A: 11 10 16 04 | 07
#1184-d194 @A: 04 15 16 34 | 12
#1185-d194 @A: 18 16 04 30 | 04
#1186-d194 @A: 07 13 18 04 | 06
#1187-d194 @A: 19 33 09 05 | 05
#1188-d194 @A: 12 05 32 10 | 08
#1189-d194 @A: 23 21 05 29 | 02
#1190-d194 @A: 05 13 23 27 | 09
#1191-d194 @A: 05 29 28 24 | 11
#1192-d194 @A: 05 28 08 22 | 10
#1193-d194 @A: 06 26 05 28 | 01
#1194-d194 @A: 05 09 29 34 | 03
#1195-d194 @A: 05 07 29 33 | 07
#1196-d194 @A: 05 16 29 15 | 12
#1197-d194 @A: 16 17 07 05 | 04
#1198-d194 @A: 33 18 14 05 | 06
#1199-d194 @A: 23 19 22 31 | 05
#1200-d194 @A: 28 19 13 31 | 08
#1201-d194 @A: 33 19 31 18 | 02
#1202-d194 @A: 19 08 32 23 | 09
#1203-d194 @A: 14 10 23 19 | 11
#1204-d194 @A: 28 24 10 19 | 10
#1205-d194 @A: 29 28 03 19 | 01
#1206-d194 @A: 22 19 34 06 | 03
#1207-d194 @A: 09 19 34 16 | 07
#1208-d194 @A: 30 11 19 18 | 12
#1209-d194 @A: 19 03 25 09 | 04
#1210-d194 @A: 31 22 18 02 | 06
#1211-d194 @A: 02 24 32 28 | 05
#1212-d194 @A: 32 02 11 10 | 08
#1213-d194 @A: 23 14 02 34 | 02
#1214-d194 @A: 26 02 24 34 | 09
#1215-d194 @A: 27 13 34 02 | 11
#1216-d194 @A: 30 06 02 33 | 10
#1217-d194 @A: 02 11 13 08 | 01
#1218-d194 @A: 03 02 21 24 | 03
#1219-d194 @A: 18 11 24 02 | 07
#1220-d194 @A: 31 32 09 08 | 12
#1221-d194 @A: 28 08 31 16 | 04
#1222-d194 @A: 22 31 07 17 | 06
#1223-d194 @A: 31 18 13 11 | 05
#1224-d194 @A: 15 13 31 09 | 08
#1225-d194 @A: 09 32 17 10 | 02
#1226-d194 @A: 33 10 32 07 | 09
#1227-d194 @A: 17 32 20 13 | 11
#1228-d194 @A: 17 11 32 27 | 10
#1229-d194 @A: 32 16 33 24 | 01
#1230-d194 @A: 11 32 03 14 | 03
#1231-d194 @A: 32 14 24 15 | 07
#1232-d194 @A: 25 32 14 12 | 12
#1233-d194 @A: 32 12 27 11 | 04
#1234-d194 @A: 03 20 32 25 | 06
#1235-d194 @A: 23 34 09 10 | 05
#1236-d194 @A: 10 24 23 12 | 08
#1237-d194 @A: 14 29 23 08 | 02
#1238-d194 @A: 16 17 23 30 | 09
#1239-d194 @A: 16 24 20 23 | 11
#1240-d194 @A: 25 30 07 23 | 10
#1241-d194 @A: 08 23 24 06 | 01
#1242-d194 @A: 28 10 03 17 | 03
#1243-d194 @A: 26 27 28 29 | 07
#1244-d194 @A: 06 16 28 17 | 12
#1245-d194 @A: 13 30 07 28 | 04
#1246-d194 @A: 09 18 07 28 | 06
#1247-d194 @A: 29 21 10 06 | 05
#1248-d194 @A: 10 07 17 26 | 08
#1249-d194 @A: 17 08 10 16 | 02
#1250-d194 @A: 17 10 21 30 | 09
#1251-d194 @A: 07 03 10 13 | 11
#1252-d194 @A: 11 10 25 20 | 10
#1253-d194 @A: 13 09 29 21 | 01
#1254-d194 @A: 24 29 21 14 | 03
#1255-d194 @A: 21 03 15 29 | 07
#1256-d194 @A: 03 12 11 29 | 12
#1257-d194 @A: 18 25 29 20 | 04
#1258-d194 @A: 29 09 12 27 | 06
#1259-d194 @A: 09 22 17 18 | 05
#1260-d194 @A: 03 17 13 25 | 08
#1261-d194 @A: 17 11 08 30 | 02
#1262-d194 @A: 12 30 17 20 | 09
#1263-d194 @A: 25 15 17 30 | 11
#1264-d194 @A: 03 17 27 14 | 10
#1265-d194 @A: 14 07 22 27 | 01
#1266-d194 @A: 12 22 21 13 | 03
#1267-d194 @A: 15 06 18 34 | 07
#1268-d194 @A: 06 27 25 34 | 12
#1269-d194 @A: 07 33 25 11 | 04
#1270-d194 @A: 13 24 33 21 | 06
#1271-d194 @A: 27 33 24 30 | 05
#1272-d194 @A: 20 08 03 33 | 08
#1273-d194 @A: 25 15 09 33 | 02
#1274-d194 @A: 11 26 16 27 | 09
#1275-d194 @A: 30 26 14 24 | 11
#1276-d194 @A: 26 11 14 15 | 10
#1277-d194 @A: 08 24 16 21 | 01
#1278-d194 @A: 14 20 16 25 | 03
#1279-d194 @A: 35 20 04 19 | 07
#1280-d194 @A: 04 25 03 35 | 12
#1281-d194 @A: 05 29 08 35 | 04
#1282-d194 @A: 19 30 26 35 | 06
#1283-d194 @A: 02 30 24 35 | 05
#1284-d194 @A: 23 07 35 20 | 08
#1285-d194 @A: 15 30 09 35 | 02
#1286-d194 @A: 03 35 08 06 | 09
#1287-d194 @A: 01 29 18 04 | 11
#1288-d194 @A: 32 01 05 33 | 10
#1289-d194 @A: 19 30 01 22 | 01
#1290-d194 @A: 07 01 02 22 | 03
#1291-d194 @A: 18 23 03 01 | 07
#1292-d194 @A: 09 01 08 28 | 12
#1293-d194 @A: 10 21 01 27 | 04
#1294-d194 @A: 26 06 33 01 | 06
#1295-d194 @A: 20 21 13 01 | 05
#1296-d194 @A: 09 01 30 11 | 08
#1297-d194 @A: 01 12 03 06 | 02
#1298-d194 @A: 24 01 27 11 | 09
#1299-d194 @A: 05 04 32 11 | 11
#1300-d194 @A: 04 19 06 32 | 10
#1301-d194 @A: 23 11 04 02 | 01
#1302-d194 @A: 33 02 04 14 | 03
#1303-d194 @A: 04 16 09 23 | 07
#1304-d194 @A: 21 06 07 04 | 12
#1305-d194 @A: 14 04 30 21 | 04
#1306-d194 @A: 08 04 15 18 | 06
#1307-d194 @A: 11 20 04 21 | 05
#1308-d194 @A: 12 11 09 04 | 08
#1309-d194 @A: 15 04 25 27 | 02
#1310-d194 @A: 19 10 05 07 | 09
#1311-d194 @A: 19 05 11 13 | 11
#1312-d194 @A: 05 24 19 15 | 10
#1313-d194 @A: 05 14 22 02 | 01
#1314-d194 @A: 05 24 02 16 | 03
#1315-d194 @A: 31 05 27 16 | 07
#1316-d194 @A: 32 05 25 34 | 12
#1317-d194 @A: 24 32 26 05 | 04
#1318-d194 @A: 12 23 05 27 | 06
#1319-d194 @A: 10 03 34 05 | 05
#1320-d194 @A: 29 26 14 05 | 08
#1321-d194 @A: 22 30 26 05 | 02
#1322-d194 @A: 22 05 11 09 | 09
#1323-d194 @A: 16 34 05 13 | 11
#1324-d194 @A: 05 13 06 14 | 10
#1325-d194 @A: 05 24 20 06 | 01
#1326-d194 @A: 21 05 24 27 | 03
#1327-d194 @A: 31 26 15 19 | 07
#1328-d194 @A: 29 10 19 20 | 12
#1329-d194 @A: 19 15 10 17 | 04
#1330-d194 @A: 25 16 19 29 | 06
#1331-d194 @A: 34 19 20 13 | 05
#1332-d194 @A: 20 30 33 19 | 08
#1333-d194 @A: 21 15 19 08 | 02
#1334-d194 @A: 19 25 11 06 | 09
#1335-d194 @A: 02 30 23 32 | 11
#1336-d194 @A: 32 02 17 14 | 10
#1337-d194 @A: 23 22 24 02 | 01
#1338-d194 @A: 23 08 02 16 | 03
#1339-d194 @A: 10 13 02 18 | 07
#1340-d194 @A: 25 17 24 02 | 12
#1341-d194 @A: 12 02 17 27 | 04
#1342-d194 @A: 34 07 06 02 | 06
#1343-d194 @A: 21 12 02 16 | 05
#1344-d194 @A: 20 12 02 07 | 08
#1345-d194 @A: 13 02 24 09 | 02
#1346-d194 @A: 30 18 21 02 | 09
#1347-d194 @A: 25 27 02 09 | 11
#1348-d194 @A: 24 31 28 23 | 10
#1349-d194 @A: 17 31 34 13 | 01
#1350-d194 @A: 11 31 26 22 | 03
#1351-d194 @A: 34 18 26 31 | 07
#1352-d194 @A: 12 26 18 31 | 12
#1353-d194 @A: 25 14 08 31 | 04
#1354-d194 @A: 27 31 21 06 | 06
#1355-d194 @A: 21 31 20 09 | 05
#1356-d194 @A: 27 31 15 12 | 08
#1357-d194 @A: 03 34 23 32 | 02
#1358-d194 @A: 23 15 32 16 | 09
#1359-d194 @A: 06 32 29 26 | 11
#1360-d194 @A: 30 32 14 33 | 10
#1361-d194 @A: 13 32 21 08 | 01
#1362-d194 @A: 32 09 12 21 | 03
#1363-d194 @A: 17 23 26 14 | 07
#1364-d194 @A: 22 23 21 34 | 12
#1365-d194 @A: 07 33 26 23 | 04
#1366-d194 @A: 23 09 18 08 | 06
#1367-d194 @A: 23 15 21 27 | 05
#1368-d194 @A: 09 23 20 03 | 08
#1369-d194 @A: 09 29 10 28 | 02
#1370-d194 @A: 22 29 28 06 | 09
#1371-d194 @A: 29 28 08 34 | 11
#1372-d194 @A: 28 18 22 34 | 10
#1373-d194 @A: 28 08 20 11 | 01
#1374-d194 @A: 06 09 21 28 | 03
#1375-d194 @A: 29 10 18 07 | 07
#1376-d194 @A: 17 10 20 18 | 12
#1377-d194 @A: 34 33 10 06 | 04
#1378-d194 @A: 13 30 34 10 | 06
#1379-d194 @A: 26 10 18 33 | 05
#1380-d194 @A: 11 33 13 10 | 08
#1381-d194 @A: 10 25 27 13 | 02
#1382-d194 @A: 24 10 21 25 | 09
#1383-d194 @A: 34 29 17 06 | 11
#1384-d194 @A: 34 27 14 29 | 10
#1385-d194 @A: 16 29 24 03 | 01
#1386-d194 @A: 14 13 29 07 | 03
#1387-d194 @A: 24 29 07 09 | 07
#1388-d194 @A: 24 30 29 08 | 12
#1389-d194 @A: 12 20 29 21 | 04
#1390-d194 @A: 09 18 29 15 | 06
#1391-d194 @A: 17 14 06 21 | 05
#1392-d194 @A: 21 27 17 09 | 08
#1393-d194 @A: 14 17 11 09 | 02
#1394-d194 @A: 11 17 25 18 | 09
#1395-d194 @A: 22 15 27 26 | 11
#1396-d194 @A: 22 06 13 07 | 10
#1397-d194 @A: 07 15 20 22 | 01
#1398-d194 @A: 22 03 18 07 | 03
#1399-d194 @A: 30 11 22 14 | 07
#1400-d194 @A: 22 25 30 27 | 12
#1401-d194 @A: 22 15 18 11 | 04
#1402-d194 @A: 34 25 13 14 | 06
#1403-d194 @A: 06 30 34 08 | 05
#1404-d194 @A: 34 18 06 12 | 08
#1405-d194 @A: 21 33 12 26 | 02
#1406-d194 @A: 14 33 07 06 | 09
#1407-d194 @A: 07 03 21 33 | 11
#1408-d194 @A: 08 26 13 03 | 10
#1409-d194 @A: 13 21 06 26 | 01
#1410-d194 @A: 26 03 18 21 | 03
#1411-d194 @A: 14 26 12 20 | 07
#1412-d194 @A: 09 26 18 24 | 12
#1413-d194 @A: 08 07 16 11 | 04
#1414-d194 @A: 16 13 21 11 | 06
#1415-d194 @A: 08 16 03 18 | 05
#1416-d194 @A: 06 20 03 16 | 08
#1417-d194 @A: 16 24 11 12 | 02
#1418-d194 @A: 12 11 07 30 | 09
#1419-d194 @A: 01 26 25 35 | 11
#1420-d194 @A: 25 35 34 02 | 10
#1421-d194 @A: 03 02 35 27 | 01
#1422-d194 @A: 22 35 21 31 | 03
#1423-d194 @A: 03 35 10 23 | 07
#1424-d194 @A: 33 35 23 29 | 12
#1425-d194 @A: 35 16 23 26 | 04
#1426-d194 @A: 35 10 28 34 | 06
#1427-d194 @A: 26 08 35 10 | 05
#1428-d194 @A: 30 27 35 10 | 08
#1429-d194 @A: 18 24 17 35 | 02
#1430-d194 @A: 35 34 09 22 | 09
#1431-d194 @A: 35 27 06 07 | 11
#1432-d194 @A: 11 35 18 07 | 10
#1433-d194 @A: 35 18 14 09 | 01
#1434-d194 @A: 04 34 14 01 | 03
#1435-d194 @A: 22 05 24 01 | 07
#1436-d194 @A: 01 02 15 26 | 12
#1437-d194 @A: 26 12 01 02 | 04
#1438-d194 @A: 31 16 11 01 | 06
#1439-d194 @A: 31 18 09 01 | 05
#1440-d194 @A: 24 31 12 01 | 08
#1441-d194 @A: 32 10 25 01 | 02
#1442-d194 @A: 01 32 17 15 | 09
#1443-d194 @A: 01 22 17 13 | 11
#1444-d194 @A: 03 01 17 16 | 10
#1445-d194 @A: 01 08 16 22 | 01
#1446-d194 @A: 01 33 27 16 | 03
#1447-d194 @A: 12 01 33 20 | 07
#1448-d194 @A: 11 01 07 21 | 12
#1449-d194 @A: 07 14 01 24 | 04
#1450-d194 @A: 27 30 01 14 | 06
#1451-d194 @A: 01 09 27 06 | 05
#1452-d194 @A: 05 18 02 04 | 08
#1453-d194 @A: 23 24 04 05 | 02
#1454-d194 @A: 05 04 12 28 | 09
#1455-d194 @A: 05 04 21 03 | 11
#1456-d194 @A: 10 09 19 04 | 10
#1457-d194 @A: 24 04 29 19 | 01
#1458-d194 @A: 16 02 04 07 | 03
#1459-d194 @A: 34 20 04 23 | 07
#1460-d194 @A: 28 04 29 15 | 12
#1461-d194 @A: 04 29 14 10 | 04
#1462-d194 @A: 10 20 04 26 | 06
#1463-d194 @A: 06 04 09 29 | 05
#1464-d194 @A: 13 33 16 04 | 08
#1465-d194 @A: 09 04 15 07 | 02
#1466-d194 @A: 27 08 11 04 | 09
#1467-d194 @A: 19 05 26 20 | 11
#1468-d194 @A: 05 02 26 11 | 10
#1469-d194 @A: 05 29 25 31 | 01
#1470-d194 @A: 05 31 26 07 | 03
#1471-d194 @A: 07 05 21 32 | 07
#1472-d194 @A: 09 32 05 13 | 12
#1473-d194 @A: 16 11 23 05 | 04
#1474-d194 @A: 28 15 05 20 | 06
#1475-d194 @A: 33 26 05 15 | 05
#1476-d194 @A: 06 03 05 07 | 08
#1477-d194 @A: 05 14 21 08 | 02
#1478-d194 @A: 05 15 27 08 | 09
#1479-d194 @A: 05 18 03 25 | 11
#1480-d194 @A: 25 22 19 02 | 10
#1481-d194 @A: 32 13 29 19 | 01
#1482-d194 @A: 19 09 32 15 | 03
#1483-d194 @A: 24 33 23 19 | 07
#1484-d194 @A: 10 19 26 21 | 12
#1485-d194 @A: 27 17 22 19 | 04
#1486-d194 @A: 07 26 19 22 | 06
#1487-d194 @A: 33 14 19 26 | 05
#1488-d194 @A: 08 26 06 19 | 08
#1489-d194 @A: 27 19 16 06 | 02
#1490-d194 @A: 13 12 19 11 | 09
#1491-d194 @A: 03 18 19 13 | 11
#1492-d194 @A: 32 31 02 13 | 10
#1493-d194 @A: 15 02 31 28 | 01
#1494-d194 @A: 03 02 34 31 | 03
#1495-d194 @A: 31 26 06 02 | 07
#1496-d194 @A: 02 16 31 25 | 12
#1497-d194 @A: 10 02 30 22 | 04
#1498-d194 @A: 16 14 10 02 | 06
#1499-d194 @A: 26 29 18 02 | 05
#1500-d194 @A: 02 27 30 29 | 08
#1501-d194 @A: 16 02 34 18 | 02
#1502-d194 @A: 18 27 07 02 | 09
#1503-d194 @A: 20 02 13 06 | 11
#1504-d194 @A: 23 08 31 11 | 10
#1505-d194 @A: 18 29 31 28 | 01
#1506-d194 @A: 31 28 26 09 | 03
#1507-d194 @A: 31 08 24 22 | 07
#1508-d194 @A: 34 31 16 20 | 12
#1509-d194 @A: 20 31 25 13 | 04
#1510-d194 @A: 11 31 25 21 | 06
#1511-d194 @A: 24 11 31 15 | 05
#1512-d194 @A: 09 03 31 24 | 08
#1513-d194 @A: 28 32 11 34 | 02
#1514-d194 @A: 15 03 32 28 | 09
#1515-d194 @A: 10 15 32 26 | 11
#1516-d194 @A: 32 13 16 10 | 10
#1517-d194 @A: 32 34 09 30 | 01
#1518-d194 @A: 03 30 07 32 | 03
#1519-d194 @A: 08 07 18 32 | 07
#1520-d194 @A: 30 08 32 27 | 12
#1521-d194 @A: 08 32 15 25 | 04
#1522-d194 @A: 06 09 32 20 | 06
#1523-d194 @A: 17 23 28 15 | 05
#1524-d194 @A: 18 23 34 29 | 08
#1525-d194 @A: 23 30 29 09 | 02
#1526-d194 @A: 23 26 34 13 | 09
#1527-d194 @A: 27 03 23 30 | 11
#1528-d194 @A: 24 14 23 27 | 10
#1529-d194 @A: 12 26 28 10 | 01
#1530-d194 @A: 29 13 33 28 | 03
#1531-d194 @A: 17 33 07 28 | 07
#1532-d194 @A: 17 26 11 28 | 12
#1533-d194 @A: 28 33 15 34 | 04
#1534-d194 @A: 33 28 16 25 | 06
#1535-d194 @A: 11 28 13 14 | 05
#1536-d194 @A: 11 25 28 27 | 08
#1537-d194 @A: 10 24 17 33 | 02
#1538-d194 @A: 21 13 14 10 | 09
#1539-d194 @A: 13 18 10 12 | 11
#1540-d194 @A: 08 10 24 11 | 10
#1541-d194 @A: 10 25 03 08 | 01
#1542-d194 @A: 26 29 07 34 | 03
#1543-d194 @A: 29 07 09 12 | 07
#1544-d194 @A: 25 14 30 29 | 12
#1545-d194 @A: 08 29 06 20 | 04
#1546-d194 @A: 17 33 34 09 | 06
#1547-d194 @A: 18 17 13 15 | 05
#1548-d194 @A: 12 25 17 09 | 08
#1549-d194 @A: 34 22 24 14 | 02
#1550-d194 @A: 22 30 15 16 | 09
#1551-d194 @A: 21 30 13 22 | 11
#1552-d194 @A: 22 13 08 27 | 10
#1553-d194 @A: 25 24 13 22 | 01
#1554-d194 @A: 22 30 03 06 | 03
#1555-d194 @A: 27 22 11 06 | 07
#1556-d194 @A: 22 12 20 25 | 12
#1557-d194 @A: 18 30 25 34 | 04
#1558-d194 @A: 15 30 07 33 | 06
#1559-d194 @A: 25 33 24 08 | 05
#1560-d194 @A: 06 21 18 33 | 08
#1561-d194 @A: 09 33 20 24 | 02
#1562-d194 @A: 26 16 18 06 | 09
#1563-d194 @A: 26 15 12 06 | 11
#1564-d194 @A: 18 20 13 16 | 10
#1565-d194 @A: 15 16 06 21 | 01
#1566-d194 @A: 24 14 16 11 | 03
#1567-d194 @A: 01 35 19 15 | 07
#1568-d194 @A: 13 01 31 35 | 12
#1569-d194 @A: 01 03 35 30 | 04
#1570-d194 @A: 04 05 35 13 | 06
#1571-d194 @A: 19 03 35 05 | 05
#1572-d194 @A: 15 05 35 17 | 08
#1573-d194 @A: 35 28 19 27 | 02
#1574-d194 @A: 02 18 35 32 | 09
#1575-d194 @A: 35 09 02 16 | 11
#1576-d194 @A: 26 03 32 35 | 10
#1577-d194 @A: 35 30 23 22 | 01
#1578-d194 @A: 23 12 35 11 | 03
#1579-d194 @A: 28 30 35 17 | 07
#1580-d194 @A: 08 35 28 12 | 12
#1581-d194 @A: 09 33 10 35 | 04
#1582-d194 @A: 34 15 35 29 | 06
#1583-d194 @A: 34 35 17 20 | 05
#1584-d194 @A: 07 35 08 30 | 08
#1585-d194 @A: 14 35 07 21 | 02
#1586-d194 @A: 06 35 13 15 | 09
#1587-d194 @A: 35 13 20 09 | 11
#1588-d194 @A: 18 06 20 35 | 10
#1589-d194 @A: 35 21 14 12 | 01
#1590-d194 @A: 21 35 09 03 | 03
#1591-d194 @A: 35 03 18 15 | 07
#1592-d194 @A: 01 05 19 25 | 12
#1593-d194 @A: 16 30 02 01 | 04
#1594-d194 @A: 18 02 25 01 | 06
#1595-d194 @A: 22 01 32 18 | 05
#1596-d194 @A: 22 25 01 23 | 08
#1597-d194 @A: 01 09 15 23 | 02
#1598-d194 @A: 09 22 10 01 | 09
#1599-d194 @A: 01 20 26 22 | 11
#1600-d194 @A: 01 33 08 11 | 10
#1601-d194 @A: 03 09 01 13 | 01
#1602-d194 @A: 04 05 33 06 | 03
#1603-d194 @A: 03 02 04 06 | 07
#1604-d194 @A: 04 10 31 21 | 12
#1605-d194 @A: 04 29 08 31 | 04
#1606-d194 @A: 04 14 07 32 | 06
#1607-d194 @A: 12 10 07 04 | 05
#1608-d194 @A: 26 04 11 29 | 08
#1609-d194 @A: 17 11 04 33 | 02
#1610-d194 @A: 34 04 33 03 | 09
#1611-d194 @A: 04 20 33 25 | 11
#1612-d194 @A: 12 16 26 04 | 10
#1613-d194 @A: 30 26 04 15 | 01
#1614-d194 @A: 15 13 21 04 | 03
#1615-d194 @A: 09 04 11 13 | 07
#1616-d194 @A: 27 04 06 30 | 12
#1617-d194 @A: 04 08 06 25 | 04
#1618-d194 @A: 05 19 08 34 | 06
#1619-d194 @A: 05 30 34 02 | 05
#1620-d194 @A: 11 05 28 33 | 08
#1621-d194 @A: 05 10 27 22 | 02
#1622-d194 @A: 26 21 34 05 | 09
#1623-d194 @A: 05 16 20 33 | 11
#1624-d194 @A: 07 11 05 14 | 10
#1625-d194 @A: 20 30 05 13 | 01
#1626-d194 @A: 05 24 09 25 | 03
#1627-d194 @A: 17 31 19 08 | 07
#1628-d194 @A: 31 19 25 24 | 12
#1629-d194 @A: 11 23 19 28 | 04
#1630-d194 @A: 10 30 16 19 | 06
#1631-d194 @A: 19 25 12 21 | 05
#1632-d194 @A: 31 07 02 11 | 08
#1633-d194 @A: 24 31 02 27 | 02
#1634-d194 @A: 32 02 21 22 | 09
#1635-d194 @A: 08 10 12 02 | 11
#1636-d194 @A: 02 14 26 21 | 10
#1637-d194 @A: 02 07 21 13 | 01
#1638-d194 @A: 03 09 07 02 | 03
#1639-d194 @A: 21 06 02 08 | 07
#1640-d194 @A: 23 09 33 31 | 12
#1641-d194 @A: 31 12 17 28 | 04
#1642-d194 @A: 24 31 34 10 | 06
#1643-d194 @A: 30 29 07 31 | 05
#1644-d194 @A: 08 34 33 31 | 08
#1645-d194 @A: 32 23 10 21 | 02
#1646-d194 @A: 16 28 09 32 | 09
#1647-d194 @A: 32 10 08 29 | 11
#1648-d194 @A: 17 25 32 29 | 10
#1649-d194 @A: 32 29 30 22 | 01
#1650-d194 @A: 09 33 22 32 | 03
#1651-d194 @A: 32 13 30 25 | 07
#1652-d194 @A: 32 21 09 11 | 12
#1653-d194 @A: 25 27 32 18 | 04
#1654-d194 @A: 30 10 23 06 | 06
#1655-d194 @A: 13 33 23 08 | 05
#1656-d194 @A: 23 07 08 15 | 08
#1657-d194 @A: 11 23 07 27 | 02
#1658-d194 @A: 30 12 13 23 | 09
#1659-d194 @A: 21 18 13 23 | 11
#1660-d194 @A: 11 23 21 30 | 10
#1661-d194 @A: 12 08 06 23 | 01
#1662-d194 @A: 28 07 16 29 | 03
#1663-d194 @A: 34 13 28 21 | 07
#1664-d194 @A: 28 26 30 18 | 12
#1665-d194 @A: 03 14 18 28 | 04
#1666-d194 @A: 28 12 27 18 | 06
#1667-d194 @A: 22 11 10 21 | 05
#1668-d194 @A: 27 10 11 03 | 08
#1669-d194 @A: 17 08 26 29 | 02
#1670-d194 @A: 17 09 16 29 | 09
#1671-d194 @A: 29 33 20 34 | 11
#1672-d194 @A: 27 33 18 29 | 10
#1673-d194 @A: 13 12 06 29 | 01
#1674-d194 @A: 34 07 30 17 | 03
#1675-d194 @A: 14 30 17 13 | 07
#1676-d194 @A: 24 17 11 13 | 12
#1677-d194 @A: 11 03 17 21 | 04
#1678-d194 @A: 24 20 17 27 | 06
#1679-d194 @A: 07 34 22 33 | 05
#1680-d194 @A: 03 22 34 13 | 08
#1681-d194 @A: 06 13 11 34 | 02
#1682-d194 @A: 21 09 34 25 | 09
#1683-d194 @A: 34 24 20 18 | 11
#1684-d194 @A: 21 08 33 30 | 10
#1685-d194 @A: 09 30 33 18 | 01
#1686-d194 @A: 12 26 13 07 | 03
#1687-d194 @A: 20 15 13 26 | 07
#1688-d194 @A: 26 15 09 08 | 12
#1689-d194 @A: 25 07 27 16 | 04
