#0001-d201 @A: 33 24 35 22 | 09
#0002-d201 @A: 22 24 08 03 | 02
#0003-d201 @A: 20 01 22 24 | 10
#0004-d201 @A: 04 35 09 24 | 06
#0005-d201 @A: 24 33 21 16 | 12
#0006-d201 @A: 33 24 03 30 | 03
#0007-d201 @A: 28 13 11 24 | 11
#0008-d201 @A: 24 17 11 03 | 08
#0009-d201 @A: 02 24 17 27 | 05
#0010-d201 @A: 28 09 26 24 | 04
#0011-d201 @A: 28 14 07 24 | 01
#0012-d201 @A: 13 21 24 17 | 07
#0013-d201 @A: 02 24 32 21 | 09
#0014-d201 @A: 15 17 24 14 | 02
#0015-d201 @A: 24 23 08 05 | 10
#0016-d201 @A: 24 30 17 07 | 06
#0017-d201 @A: 31 24 05 17 | 12
#0018-d201 @A: 18 24 16 17 | 03
#0019-d201 @A: 32 18 24 31 | 11
#0020-d201 @A: 07 13 02 24 | 08
#0021-d201 @A: 24 19 02 06 | 05
#0022-d201 @A: 07 24 19 29 | 04
#0023-d201 @A: 25 15 03 34 | 01
#0024-d201 @A: 17 29 25 34 | 07
#0025-d201 @A: 34 25 14 01 | 09
#0026-d201 @A: 22 12 25 01 | 02
#0027-d201 @A: 20 14 25 33 | 10
#0028-d201 @A: 25 33 35 07 | 06
#0029-d201 @A: 28 25 16 15 | 12
#0030-d201 @A: 14 10 25 15 | 03
#0031-d201 @A: 25 32 26 16 | 11
#0032-d201 @A: 25 05 02 08 | 08
#0033-d201 @A: 13 25 09 08 | 05
#0034-d201 @A: 20 23 25 30 | 04
#0035-d201 @A: 01 25 10 18 | 01
#0036-d201 @A: 32 13 18 25 | 07
#0037-d201 @A: 16 25 03 06 | 09
#0038-d201 @A: 06 25 35 19 | 02
#0039-d201 @A: 01 25 07 13 | 10
#0040-d201 @A: 01 33 22 34 | 06
#0041-d201 @A: 04 31 34 11 | 12
#0042-d201 @A: 33 15 32 34 | 03
#0043-d201 @A: 34 08 02 28 | 11
#0044-d201 @A: 35 20 34 28 | 08
#0045-d201 @A: 34 19 23 08 | 05
#0046-d201 @A: 34 17 32 30 | 04
#0047-d201 @A: 20 17 14 34 | 01
#0048-d201 @A: 34 18 23 10 | 07
#0049-d201 @A: 34 02 23 16 | 09
#0050-d201 @A: 12 34 23 07 | 02
#0051-d201 @A: 05 10 22 33 | 10
#0052-d201 @A: 09 22 31 33 | 06
#0053-d201 @A: 22 33 07 20 | 12
#0054-d201 @A: 19 11 22 15 | 03
#0055-d201 @A: 16 27 19 22 | 11
#0056-d201 @A: 03 22 28 13 | 08
#0057-d201 @A: 17 10 22 21 | 05
#0058-d201 @A: 23 08 22 31 | 04
#0059-d201 @A: 03 20 22 09 | 01
#0060-d201 @A: 09 23 22 17 | 07
#0061-d201 @A: 03 22 14 07 | 09
#0062-d201 @A: 23 04 27 33 | 02
#0063-d201 @A: 29 30 33 04 | 10
#0064-d201 @A: 04 03 33 17 | 06
#0065-d201 @A: 08 04 02 11 | 12
#0066-d201 @A: 03 20 11 04 | 03
#0067-d201 @A: 26 04 23 15 | 11
#0068-d201 @A: 26 07 04 08 | 08
#0069-d201 @A: 19 04 30 32 | 05
#0070-d201 @A: 04 12 32 05 | 04
#0071-d201 @A: 04 06 10 18 | 01
#0072-d201 @A: 35 16 32 04 | 07
#0073-d201 @A: 10 01 07 04 | 09
#0074-d201 @A: 06 32 04 31 | 02
#0075-d201 @A: 15 33 11 26 | 10
#0076-d201 @A: 33 18 07 11 | 06
#0077-d201 @A: 28 10 33 27 | 12
#0078-d201 @A: 33 18 15 29 | 03
#0079-d201 @A: 17 33 12 14 | 11
#0080-d201 @A: 31 19 33 18 | 08
#0081-d201 @A: 02 33 32 13 | 05
#0082-d201 @A: 33 35 19 01 | 04
#0083-d201 @A: 27 11 31 30 | 01
#0084-d201 @A: 28 32 11 21 | 07
#0085-d201 @A: 30 11 18 08 | 09
#0086-d201 @A: 08 11 09 06 | 02
#0087-d201 @A: 05 14 17 11 | 10
#0088-d201 @A: 16 10 06 11 | 06
#0089-d201 @A: 01 11 10 23 | 12
#0090-d201 @A: 35 07 11 31 | 03
#0091-d201 @A: 27 23 02 30 | 11
#0092-d201 @A: 06 27 16 32 | 08
#0093-d201 @A: 27 02 31 32 | 05
#0094-d201 @A: 13 14 29 27 | 04
#0095-d201 @A: 27 23 29 31 | 01
#0096-d201 @A: 19 15 28 05 | 07
#0097-d201 @A: 01 26 28 05 | 09
#0098-d201 @A: 28 14 26 09 | 02
#0099-d201 @A: 17 06 28 05 | 10
#0100-d201 @A: 32 10 28 03 | 06
#0101-d201 @A: 19 02 01 28 | 12
#0102-d201 @A: 35 28 06 23 | 03
#0103-d201 @A: 21 05 02 26 | 11
#0104-d201 @A: 16 09 21 26 | 08
#0105-d201 @A: 30 32 18 21 | 05
#0106-d201 @A: 10 20 26 15 | 04
#0107-d201 @A: 15 01 18 26 | 01
#0108-d201 @A: 19 17 31 15 | 07
#0109-d201 @A: 19 02 15 16 | 09
#0110-d201 @A: 08 01 14 26 | 02
#0111-d201 @A: 17 01 26 30 | 10
#0112-d201 @A: 14 20 10 26 | 06
#0113-d201 @A: 20 26 32 23 | 12
#0114-d201 @A: 02 10 32 26 | 03
#0115-d201 @A: 26 10 13 29 | 11
#0116-d201 @A: 06 12 02 26 | 08
#0117-d201 @A: 31 26 02 07 | 05
#0118-d201 @A: 32 26 01 35 | 04
#0119-d201 @A: 26 03 19 01 | 01
#0120-d201 @A: 30 08 23 17 | 07
#0121-d201 @A: 08 18 10 05 | 09
#0122-d201 @A: 08 02 14 20 | 02
#0123-d201 @A: 18 08 13 03 | 10
#0124-d201 @A: 16 08 32 07 | 06
#0125-d201 @A: 08 31 29 16 | 12
#0126-d201 @A: 08 35 01 02 | 03
#0127-d201 @A: 32 03 08 02 | 11
#0128-d201 @A: 06 03 30 20 | 08
#0129-d201 @A: 12 18 30 29 | 05
#0130-d201 @A: 14 06 12 30 | 04
#0131-d201 @A: 12 30 03 19 | 01
#0132-d201 @A: 05 17 09 13 | 07
#0133-d201 @A: 10 32 07 05 | 09
#0134-d201 @A: 05 10 01 29 | 02
#0135-d201 @A: 13 23 35 05 | 10
#0136-d201 @A: 05 14 31 12 | 06
#0137-d201 @A: 23 05 19 03 | 12
#0138-d201 @A: 32 31 05 29 | 03
#0139-d201 @A: 19 16 09 13 | 11
#0140-d201 @A: 10 09 19 01 | 08
#0141-d201 @A: 19 02 09 35 | 05
#0142-d201 @A: 07 09 12 03 | 04
#0143-d201 @A: 03 20 01 18 | 01
#0144-d201 @A: 20 23 31 10 | 07
#0145-d201 @A: 02 03 20 19 | 09
#0146-d201 @A: 32 01 19 20 | 02
#0147-d201 @A: 23 13 29 17 | 10
#0148-d201 @A: 03 04 24 25 | 06
#0149-d201 @A: 25 24 32 05 | 12
#0150-d201 @A: 04 24 34 23 | 03
#0151-d201 @A: 34 02 24 33 | 11
#0152-d201 @A: 22 07 05 24 | 08
#0153-d201 @A: 08 24 14 04 | 05
#0154-d201 @A: 14 24 03 33 | 04
#0155-d201 @A: 24 12 30 11 | 01
#0156-d201 @A: 21 24 27 18 | 07
#0157-d201 @A: 35 24 27 14 | 09
#0158-d201 @A: 03 12 27 24 | 02
#0159-d201 @A: 24 28 35 07 | 10
#0160-d201 @A: 26 21 24 07 | 06
#0161-d201 @A: 01 09 21 24 | 12
#0162-d201 @A: 15 10 24 06 | 03
#0163-d201 @A: 24 26 12 29 | 11
#0164-d201 @A: 24 05 20 35 | 08
#0165-d201 @A: 24 09 32 03 | 05
#0166-d201 @A: 24 16 23 19 | 04
#0167-d201 @A: 10 03 24 19 | 01
#0168-d201 @A: 14 02 24 01 | 07
#0169-d201 @A: 27 25 02 34 | 09
#0170-d201 @A: 22 11 31 25 | 02
#0171-d201 @A: 22 02 25 28 | 10
#0172-d201 @A: 25 04 28 06 | 06
#0173-d201 @A: 11 33 13 25 | 12
#0174-d201 @A: 33 25 26 12 | 03
#0175-d201 @A: 33 18 30 25 | 11
#0176-d201 @A: 25 28 11 26 | 08
#0177-d201 @A: 25 29 15 27 | 05
#0178-d201 @A: 08 03 27 25 | 04
#0179-d201 @A: 35 21 28 25 | 01
#0180-d201 @A: 26 06 29 25 | 07
#0181-d201 @A: 25 17 31 08 | 09
#0182-d201 @A: 06 31 18 25 | 02
#0183-d201 @A: 23 16 25 12 | 10
#0184-d201 @A: 31 25 16 19 | 06
#0185-d201 @A: 10 19 07 25 | 12
#0186-d201 @A: 09 22 34 35 | 03
#0187-d201 @A: 34 04 33 06 | 11
#0188-d201 @A: 33 34 05 19 | 08
#0189-d201 @A: 18 09 34 11 | 05
#0190-d201 @A: 27 21 34 01 | 04
#0191-d201 @A: 27 34 16 31 | 01
#0192-d201 @A: 34 19 32 27 | 07
#0193-d201 @A: 34 15 18 28 | 09
#0194-d201 @A: 21 17 34 31 | 02
#0195-d201 @A: 01 34 05 15 | 10
#0196-d201 @A: 16 26 05 34 | 06
#0197-d201 @A: 34 18 07 30 | 12
#0198-d201 @A: 10 17 34 01 | 03
#0199-d201 @A: 18 16 34 01 | 11
#0200-d201 @A: 32 34 18 02 | 08
#0201-d201 @A: 33 22 06 27 | 05
#0202-d201 @A: 33 21 22 29 | 04
#0203-d201 @A: 17 32 22 33 | 01
#0204-d201 @A: 01 22 32 11 | 07
#0205-d201 @A: 27 22 23 13 | 09
#0206-d201 @A: 22 18 21 28 | 02
#0207-d201 @A: 08 15 22 28 | 10
#0208-d201 @A: 21 22 32 26 | 06
#0209-d201 @A: 21 07 09 22 | 12
#0210-d201 @A: 03 21 22 23 | 03
#0211-d201 @A: 22 16 20 15 | 11
#0212-d201 @A: 22 02 14 26 | 08
#0213-d201 @A: 08 14 22 18 | 05
#0214-d201 @A: 22 30 20 10 | 04
#0215-d201 @A: 10 22 13 31 | 01
#0216-d201 @A: 33 04 09 18 | 07
#0217-d201 @A: 28 11 30 04 | 09
#0218-d201 @A: 04 27 17 01 | 02
#0219-d201 @A: 14 27 02 04 | 10
#0220-d201 @A: 10 12 04 26 | 06
#0221-d201 @A: 04 05 19 17 | 12
#0222-d201 @A: 04 14 07 16 | 03
#0223-d201 @A: 04 02 29 10 | 11
#0224-d201 @A: 03 23 04 31 | 08
#0225-d201 @A: 15 33 28 09 | 05
#0226-d201 @A: 15 33 06 08 | 04
#0227-d201 @A: 33 15 13 17 | 01
#0228-d201 @A: 20 26 33 01 | 07
#0229-d201 @A: 30 06 33 09 | 09
#0230-d201 @A: 03 10 16 33 | 02
#0231-d201 @A: 31 13 16 33 | 10
#0232-d201 @A: 33 10 19 14 | 06
#0233-d201 @A: 08 12 27 11 | 12
#0234-d201 @A: 28 15 23 11 | 03
#0235-d201 @A: 11 32 05 15 | 11
#0236-d201 @A: 11 30 32 02 | 08
#0237-d201 @A: 02 18 11 12 | 05
#0238-d201 @A: 19 10 11 35 | 04
#0239-d201 @A: 28 07 26 27 | 01
#0240-d201 @A: 28 27 20 19 | 07
#0241-d201 @A: 35 27 28 16 | 09
#0242-d201 @A: 21 15 27 10 | 02
#0243-d201 @A: 27 21 19 17 | 10
#0244-d201 @A: 14 32 21 27 | 06
#0245-d201 @A: 19 15 08 27 | 12
#0246-d201 @A: 27 09 05 01 | 03
#0247-d201 @A: 10 31 18 27 | 11
#0248-d201 @A: 23 19 35 27 | 08
#0249-d201 @A: 27 06 13 19 | 05
#0250-d201 @A: 07 06 14 27 | 04
#0251-d201 @A: 23 01 27 03 | 01
#0252-d201 @A: 21 16 17 28 | 07
#0253-d201 @A: 28 31 14 21 | 09
#0254-d201 @A: 06 19 28 21 | 02
#0255-d201 @A: 28 20 15 07 | 10
#0256-d201 @A: 14 20 30 28 | 06
#0257-d201 @A: 28 02 16 09 | 12
#0258-d201 @A: 23 17 32 28 | 03
#0259-d201 @A: 32 06 13 28 | 11
#0260-d201 @A: 15 20 21 29 | 08
#0261-d201 @A: 18 06 15 21 | 05
#0262-d201 @A: 26 30 35 21 | 04
#0263-d201 @A: 21 26 06 20 | 01
#0264-d201 @A: 17 26 21 18 | 07
#0265-d201 @A: 06 05 08 21 | 09
#0266-d201 @A: 09 20 32 21 | 02
#0267-d201 @A: 20 21 01 10 | 10
#0268-d201 @A: 18 21 14 13 | 06
#0269-d201 @A: 19 18 21 01 | 12
#0270-d201 @A: 21 07 13 16 | 03
#0271-d201 @A: 13 35 32 21 | 11
#0272-d201 @A: 21 32 29 23 | 08
#0273-d201 @A: 14 01 21 06 | 05
#0274-d201 @A: 03 15 26 30 | 04
#0275-d201 @A: 15 09 35 05 | 01
#0276-d201 @A: 15 09 06 23 | 07
#0277-d201 @A: 32 15 07 02 | 09
#0278-d201 @A: 13 26 05 06 | 02
#0279-d201 @A: 14 12 23 26 | 10
#0280-d201 @A: 17 01 08 09 | 06
#0281-d201 @A: 31 32 08 35 | 12
#0282-d201 @A: 23 08 32 06 | 03
#0283-d201 @A: 06 31 30 19 | 11
#0284-d201 @A: 07 02 05 03 | 08
#0285-d201 @A: 32 16 12 09 | 05
#0286-d201 @A: 14 10 13 09 | 04
#0287-d201 @A: 02 13 03 09 | 01
#0288-d201 @A: 09 23 19 32 | 07
#0289-d201 @A: 20 16 31 02 | 09
#0290-d201 @A: 23 35 20 29 | 02
#0291-d201 @A: 06 29 20 14 | 10
#0292-d201 @A: 31 14 17 18 | 06
#0293-d201 @A: 14 23 17 16 | 12
#0294-d201 @A: 17 31 01 02 | 03
#0295-d201 @A: 03 32 17 01 | 11
#0296-d201 @A: 01 19 29 17 | 08
#0297-d201 @A: 14 12 07 01 | 05
#0298-d201 @A: 29 20 25 24 | 04
#0299-d201 @A: 17 01 24 25 | 01
#0300-d201 @A: 24 01 34 30 | 07
#0301-d201 @A: 29 31 34 24 | 09
#0302-d201 @A: 22 12 24 17 | 02
#0303-d201 @A: 24 05 06 27 | 10
#0304-d201 @A: 18 30 14 24 | 06
#0305-d201 @A: 32 12 24 23 | 12
#0306-d201 @A: 01 13 24 19 | 03
#0307-d201 @A: 22 34 18 25 | 11
#0308-d201 @A: 09 25 32 34 | 08
#0309-d201 @A: 25 20 06 22 | 05
#0310-d201 @A: 04 25 07 20 | 04
#0311-d201 @A: 25 33 15 31 | 01
#0312-d201 @A: 25 17 33 10 | 07
#0313-d201 @A: 30 25 02 17 | 09
#0314-d201 @A: 12 25 05 09 | 02
#0315-d201 @A: 25 23 10 05 | 10
#0316-d201 @A: 17 06 25 09 | 06
#0317-d201 @A: 09 25 02 07 | 12
#0318-d201 @A: 35 18 25 03 | 03
#0319-d201 @A: 16 02 25 10 | 11
#0320-d201 @A: 05 34 22 21 | 08
#0321-d201 @A: 34 28 07 33 | 05
#0322-d201 @A: 34 28 11 16 | 04
#0323-d201 @A: 23 21 34 11 | 01
#0324-d201 @A: 26 09 34 27 | 07
#0325-d201 @A: 30 34 27 05 | 09
#0326-d201 @A: 34 14 28 05 | 02
#0327-d201 @A: 16 09 17 34 | 10
#0328-d201 @A: 35 06 10 34 | 06
#0329-d201 @A: 34 29 32 13 | 12
#0330-d201 @A: 04 05 22 14 | 03
#0331-d201 @A: 22 07 16 04 | 11
#0332-d201 @A: 22 26 29 11 | 08
#0333-d201 @A: 11 22 09 14 | 05
#0334-d201 @A: 27 05 29 22 | 04
#0335-d201 @A: 01 21 08 22 | 01
#0336-d201 @A: 35 20 22 21 | 07
#0337-d201 @A: 29 22 09 08 | 09
#0338-d201 @A: 07 02 22 01 | 02
#0339-d201 @A: 07 22 35 12 | 10
#0340-d201 @A: 22 13 14 32 | 06
#0341-d201 @A: 29 31 22 01 | 12
#0342-d201 @A: 11 19 04 33 | 03
#0343-d201 @A: 04 08 01 33 | 11
#0344-d201 @A: 28 05 04 03 | 08
#0345-d201 @A: 04 10 28 16 | 05
#0346-d201 @A: 15 21 04 32 | 04
#0347-d201 @A: 04 15 05 07 | 01
#0348-d201 @A: 04 09 29 15 | 07
#0349-d201 @A: 31 14 15 04 | 09
#0350-d201 @A: 17 26 04 29 | 02
#0351-d201 @A: 12 04 08 17 | 10
#0352-d201 @A: 29 04 12 16 | 06
#0353-d201 @A: 28 33 11 14 | 12
#0354-d201 @A: 33 06 20 28 | 03
#0355-d201 @A: 33 30 26 19 | 11
#0356-d201 @A: 19 12 33 09 | 08
#0357-d201 @A: 16 02 07 33 | 05
#0358-d201 @A: 19 32 33 16 | 04
#0359-d201 @A: 03 12 33 29 | 01
#0360-d201 @A: 32 07 01 33 | 07
#0361-d201 @A: 23 06 03 33 | 09
#0362-d201 @A: 05 28 18 11 | 02
#0363-d201 @A: 11 21 10 09 | 10
#0364-d201 @A: 15 14 35 11 | 06
#0365-d201 @A: 10 18 11 26 | 12
#0366-d201 @A: 30 29 11 09 | 03
#0367-d201 @A: 11 03 09 23 | 11
#0368-d201 @A: 18 13 11 19 | 08
#0369-d201 @A: 02 14 12 11 | 05
#0370-d201 @A: 13 29 02 11 | 04
#0371-d201 @A: 11 07 29 12 | 01
#0372-d201 @A: 11 29 03 31 | 07
#0373-d201 @A: 27 03 17 28 | 09
#0374-d201 @A: 29 26 08 27 | 02
#0375-d201 @A: 27 07 06 08 | 10
#0376-d201 @A: 18 17 27 05 | 06
#0377-d201 @A: 35 05 12 27 | 12
#0378-d201 @A: 27 29 02 03 | 03
#0379-d201 @A: 29 17 28 15 | 11
#0380-d201 @A: 13 30 17 28 | 08
#0381-d201 @A: 30 19 28 35 | 05
#0382-d201 @A: 31 28 07 29 | 04
#0383-d201 @A: 15 08 21 31 | 01
#0384-d201 @A: 15 16 03 21 | 07
#0385-d201 @A: 18 23 35 21 | 09
#0386-d201 @A: 16 35 31 21 | 02
#0387-d201 @A: 35 10 07 21 | 10
#0388-d201 @A: 21 12 31 02 | 06
#0389-d201 @A: 13 01 31 21 | 12
#0390-d201 @A: 15 31 09 26 | 03
#0391-d201 @A: 26 15 14 29 | 11
#0392-d201 @A: 03 17 15 09 | 08
#0393-d201 @A: 10 15 02 13 | 05
#0394-d201 @A: 03 29 15 13 | 04
#0395-d201 @A: 07 23 15 29 | 01
#0396-d201 @A: 02 26 01 16 | 07
#0397-d201 @A: 32 07 29 26 | 09
#0398-d201 @A: 08 10 09 30 | 02
#0399-d201 @A: 08 07 17 05 | 10
#0400-d201 @A: 18 02 19 08 | 06
#0401-d201 @A: 08 23 10 14 | 12
#0402-d201 @A: 13 19 07 08 | 03
#0403-d201 @A: 29 08 14 19 | 11
#0404-d201 @A: 18 19 10 30 | 08
#0405-d201 @A: 29 01 30 35 | 05
#0406-d201 @A: 03 01 07 30 | 04
#0407-d201 @A: 23 30 19 29 | 01
#0408-d201 @A: 29 17 02 05 | 07
#0409-d201 @A: 23 32 05 01 | 09
#0410-d201 @A: 06 18 09 02 | 02
#0411-d201 @A: 17 23 18 20 | 10
#0412-d201 @A: 02 18 20 13 | 06
#0413-d201 @A: 07 18 31 20 | 12
#0414-d201 @A: 20 35 14 03 | 03
#0415-d201 @A: 14 31 20 32 | 11
#0416-d201 @A: 02 16 17 03 | 08
#0417-d201 @A: 23 16 17 01 | 05
#0418-d201 @A: 31 17 35 23 | 04
#0419-d201 @A: 07 13 32 17 | 01
#0420-d201 @A: 23 07 03 17 | 07
#0421-d201 @A: 14 23 03 01 | 09
#0422-d201 @A: 24 21 25 23 | 02
#0423-d201 @A: 24 26 15 25 | 10
#0424-d201 @A: 33 24 09 11 | 06
#0425-d201 @A: 28 27 32 24 | 12
#0426-d201 @A: 09 27 23 24 | 03
#0427-d201 @A: 21 08 24 10 | 11
#0428-d201 @A: 21 30 24 29 | 08
#0429-d201 @A: 26 05 24 03 | 05
#0430-d201 @A: 35 24 26 13 | 04
#0431-d201 @A: 24 29 08 17 | 01
#0432-d201 @A: 24 07 09 20 | 07
#0433-d201 @A: 17 10 24 09 | 09
#0434-d201 @A: 24 13 29 09 | 02
#0435-d201 @A: 02 03 23 24 | 10
#0436-d201 @A: 13 06 03 24 | 06
#0437-d201 @A: 19 31 14 24 | 12
#0438-d201 @A: 21 07 25 34 | 03
#0439-d201 @A: 07 22 23 25 | 11
#0440-d201 @A: 25 04 15 35 | 08
#0441-d201 @A: 33 19 25 27 | 05
#0442-d201 @A: 25 08 10 11 | 04
#0443-d201 @A: 03 21 25 17 | 01
#0444-d201 @A: 30 25 15 19 | 07
#0445-d201 @A: 25 26 17 20 | 09
#0446-d201 @A: 25 07 08 14 | 02
#0447-d201 @A: 29 14 25 05 | 10
#0448-d201 @A: 09 29 25 10 | 06
#0449-d201 @A: 07 12 18 25 | 12
#0450-d201 @A: 06 25 07 32 | 03
#0451-d201 @A: 34 31 22 12 | 11
#0452-d201 @A: 04 27 35 34 | 08
#0453-d201 @A: 34 20 01 04 | 05
#0454-d201 @A: 34 33 14 27 | 04
#0455-d201 @A: 15 11 12 34 | 01
#0456-d201 @A: 13 11 34 30 | 07
#0457-d201 @A: 27 12 20 34 | 09
#0458-d201 @A: 27 23 34 17 | 02
#0459-d201 @A: 02 15 21 34 | 10
#0460-d201 @A: 18 20 34 21 | 06
#0461-d201 @A: 34 21 16 29 | 12
#0462-d201 @A: 29 34 05 08 | 03
#0463-d201 @A: 08 16 20 34 | 11
#0464-d201 @A: 05 31 34 09 | 08
#0465-d201 @A: 04 22 08 35 | 05
#0466-d201 @A: 13 04 17 22 | 04
#0467-d201 @A: 30 13 22 33 | 01
#0468-d201 @A: 22 27 15 35 | 07
#0469-d201 @A: 06 28 14 22 | 09
#0470-d201 @A: 22 31 15 05 | 02
#0471-d201 @A: 15 22 12 03 | 10
#0472-d201 @A: 18 22 23 02 | 06
#0473-d201 @A: 14 22 02 16 | 12
#0474-d201 @A: 10 29 35 22 | 03
#0475-d201 @A: 22 10 19 12 | 11
#0476-d201 @A: 02 03 06 22 | 08
#0477-d201 @A: 06 13 29 22 | 05
#0478-d201 @A: 21 10 04 33 | 04
#0479-d201 @A: 26 14 33 04 | 01
#0480-d201 @A: 11 06 15 04 | 07
#0481-d201 @A: 09 04 11 01 | 09
#0482-d201 @A: 04 07 23 11 | 02
#0483-d201 @A: 12 27 04 09 | 10
#0484-d201 @A: 19 27 04 03 | 06
#0485-d201 @A: 28 21 04 07 | 12
#0486-d201 @A: 20 04 05 31 | 03
#0487-d201 @A: 18 05 13 04 | 11
#0488-d201 @A: 35 04 17 14 | 08
#0489-d201 @A: 04 16 02 13 | 05
#0490-d201 @A: 01 29 04 03 | 04
#0491-d201 @A: 33 11 27 16 | 01
#0492-d201 @A: 27 13 08 33 | 07
#0493-d201 @A: 27 17 33 35 | 09
#0494-d201 @A: 09 30 33 14 | 02
#0495-d201 @A: 33 05 09 07 | 10
#0496-d201 @A: 02 09 01 33 | 06
#0497-d201 @A: 33 14 18 23 | 12
#0498-d201 @A: 10 33 07 23 | 03
#0499-d201 @A: 27 05 03 11 | 11
#0500-d201 @A: 27 11 10 17 | 08
#0501-d201 @A: 11 28 06 29 | 05
#0502-d201 @A: 13 21 08 11 | 04
#0503-d201 @A: 21 11 02 17 | 01
#0504-d201 @A: 30 11 16 15 | 07
#0505-d201 @A: 16 11 08 05 | 09
#0506-d201 @A: 12 11 20 09 | 02
#0507-d201 @A: 11 14 20 01 | 10
#0508-d201 @A: 16 03 19 11 | 06
#0509-d201 @A: 14 07 11 29 | 12
#0510-d201 @A: 28 27 12 15 | 03
#0511-d201 @A: 26 30 27 10 | 11
#0512-d201 @A: 27 26 05 32 | 08
#0513-d201 @A: 35 26 20 27 | 05
#0514-d201 @A: 20 08 27 14 | 04
#0515-d201 @A: 27 18 08 32 | 01
#0516-d201 @A: 19 30 27 09 | 07
#0517-d201 @A: 30 13 27 35 | 09
#0518-d201 @A: 29 17 27 07 | 02
#0519-d201 @A: 27 17 14 03 | 10
#0520-d201 @A: 10 27 03 07 | 06
#0521-d201 @A: 12 01 32 27 | 12
#0522-d201 @A: 14 10 28 16 | 03
#0523-d201 @A: 29 17 14 21 | 11
#0524-d201 @A: 06 21 07 29 | 08
#0525-d201 @A: 09 13 15 30 | 05
#0526-d201 @A: 15 30 35 20 | 04
#0527-d201 @A: 18 17 30 15 | 01
#0528-d201 @A: 15 16 13 12 | 07
#0529-d201 @A: 10 15 32 01 | 09
#0530-d201 @A: 12 01 15 02 | 02
#0531-d201 @A: 01 15 19 07 | 10
#0532-d201 @A: 16 26 12 19 | 06
#0533-d201 @A: 19 02 29 26 | 12
#0534-d201 @A: 13 07 26 23 | 03
#0535-d201 @A: 14 26 07 31 | 11
#0536-d201 @A: 26 01 23 29 | 08
#0537-d201 @A: 26 19 06 23 | 05
#0538-d201 @A: 02 30 08 12 | 04
#0539-d201 @A: 35 18 08 29 | 01
#0540-d201 @A: 19 16 35 08 | 07
#0541-d201 @A: 10 01 08 06 | 09
#0542-d201 @A: 12 23 08 03 | 02
#0543-d201 @A: 08 31 03 19 | 10
#0544-d201 @A: 16 30 31 05 | 06
#0545-d201 @A: 35 17 09 30 | 12
#0546-d201 @A: 30 10 03 17 | 03
#0547-d201 @A: 18 06 13 30 | 11
#0548-d201 @A: 30 35 14 10 | 08
#0549-d201 @A: 29 07 30 02 | 05
#0550-d201 @A: 07 05 18 19 | 04
#0551-d201 @A: 18 32 06 05 | 01
#0552-d201 @A: 02 32 05 19 | 07
#0553-d201 @A: 10 03 18 09 | 09
#0554-d201 @A: 02 32 09 29 | 02
#0555-d201 @A: 14 19 09 35 | 10
#0556-d201 @A: 20 17 32 16 | 06
#0557-d201 @A: 20 16 18 14 | 12
#0558-d201 @A: 19 20 10 06 | 03
#0559-d201 @A: 02 32 06 20 | 11
#0560-d201 @A: 32 10 29 17 | 08
#0561-d201 @A: 17 14 02 19 | 05
#0562-d201 @A: 03 35 17 12 | 04
#0563-d201 @A: 24 16 25 11 | 01
#0564-d201 @A: 24 35 30 25 | 07
#0565-d201 @A: 25 24 12 02 | 09
#0566-d201 @A: 22 24 34 16 | 02
#0567-d201 @A: 34 03 28 24 | 10
#0568-d201 @A: 22 24 11 23 | 06
#0569-d201 @A: 22 28 24 29 | 12
#0570-d201 @A: 05 04 24 11 | 03
#0571-d201 @A: 24 12 04 07 | 11
#0572-d201 @A: 24 33 06 31 | 08
#0573-d201 @A: 21 31 11 24 | 05
#0574-d201 @A: 20 06 24 11 | 04
#0575-d201 @A: 30 24 28 10 | 01
#0576-d201 @A: 01 24 06 28 | 07
#0577-d201 @A: 20 03 21 24 | 09
#0578-d201 @A: 23 30 24 15 | 02
#0579-d201 @A: 01 24 29 15 | 10
#0580-d201 @A: 05 14 24 20 | 06
#0581-d201 @A: 24 19 18 20 | 12
#0582-d201 @A: 18 24 13 12 | 03
#0583-d201 @A: 24 16 01 10 | 11
#0584-d201 @A: 24 10 23 29 | 08
#0585-d201 @A: 24 32 06 29 | 05
#0586-d201 @A: 25 08 35 34 | 04
#0587-d201 @A: 25 31 20 34 | 01
#0588-d201 @A: 29 25 22 04 | 07
#0589-d201 @A: 10 25 04 30 | 09
#0590-d201 @A: 31 04 09 25 | 02
#0591-d201 @A: 18 25 11 21 | 10
#0592-d201 @A: 27 30 25 01 | 06
#0593-d201 @A: 28 25 05 07 | 12
#0594-d201 @A: 21 31 25 29 | 03
#0595-d201 @A: 25 20 05 19 | 11
#0596-d201 @A: 09 03 01 25 | 08
#0597-d201 @A: 10 32 35 25 | 05
#0598-d201 @A: 10 06 13 25 | 04
#0599-d201 @A: 25 13 23 03 | 01
#0600-d201 @A: 06 23 01 25 | 07
#0601-d201 @A: 23 32 25 31 | 09
#0602-d201 @A: 22 28 32 34 | 02
#0603-d201 @A: 02 26 11 34 | 10
#0604-d201 @A: 34 06 27 15 | 06
#0605-d201 @A: 10 08 34 27 | 12
#0606-d201 @A: 21 03 34 26 | 03
#0607-d201 @A: 10 34 30 21 | 11
#0608-d201 @A: 34 19 09 21 | 08
#0609-d201 @A: 17 12 34 26 | 05
#0610-d201 @A: 26 35 34 19 | 04
#0611-d201 @A: 07 34 09 08 | 01
#0612-d201 @A: 18 08 31 34 | 07
#0613-d201 @A: 02 05 20 34 | 09
#0614-d201 @A: 16 12 34 03 | 02
#0615-d201 @A: 12 02 19 34 | 10
#0616-d201 @A: 11 22 12 21 | 06
#0617-d201 @A: 22 14 27 15 | 12
#0618-d201 @A: 22 05 16 17 | 03
#0619-d201 @A: 22 09 13 01 | 11
#0620-d201 @A: 02 22 29 20 | 08
#0621-d201 @A: 18 19 22 06 | 05
#0622-d201 @A: 23 29 22 12 | 04
#0623-d201 @A: 12 06 22 32 | 01
#0624-d201 @A: 03 29 22 07 | 07
#0625-d201 @A: 04 33 28 35 | 09
#0626-d201 @A: 21 04 09 02 | 02
#0627-d201 @A: 04 15 01 30 | 10
#0628-d201 @A: 04 08 16 09 | 06
#0629-d201 @A: 12 04 31 30 | 12
#0630-d201 @A: 04 23 30 13 | 03
#0631-d201 @A: 18 19 35 04 | 11
#0632-d201 @A: 03 35 04 10 | 08
#0633-d201 @A: 02 04 01 06 | 05
#0634-d201 @A: 04 29 35 07 | 04
#0635-d201 @A: 19 04 12 01 | 01
#0636-d201 @A: 12 29 14 04 | 07
#0637-d201 @A: 28 33 13 05 | 09
#0638-d201 @A: 33 15 21 35 | 02
#0639-d201 @A: 21 13 26 33 | 10
#0640-d201 @A: 08 19 21 33 | 06
#0641-d201 @A: 33 20 15 19 | 12
#0642-d201 @A: 26 10 06 33 | 03
#0643-d201 @A: 01 05 17 33 | 11
#0644-d201 @A: 10 33 01 12 | 08
#0645-d201 @A: 35 03 32 33 | 05
#0646-d201 @A: 12 07 06 33 | 04
#0647-d201 @A: 03 35 11 28 | 01
#0648-d201 @A: 14 08 21 11 | 07
#0649-d201 @A: 08 11 35 15 | 09
#0650-d201 @A: 15 11 02 03 | 02
#0651-d201 @A: 14 30 19 11 | 10
#0652-d201 @A: 11 06 05 19 | 06
#0653-d201 @A: 32 09 11 35 | 12
#0654-d201 @A: 06 03 18 11 | 03
#0655-d201 @A: 16 31 11 12 | 11
#0656-d201 @A: 28 01 27 08 | 08
#0657-d201 @A: 06 28 09 27 | 05
#0658-d201 @A: 21 27 12 26 | 04
#0659-d201 @A: 27 31 08 09 | 01
#0660-d201 @A: 30 03 14 27 | 07
#0661-d201 @A: 12 23 27 10 | 09
#0662-d201 @A: 19 27 12 07 | 02
#0663-d201 @A: 02 13 28 26 | 10
#0664-d201 @A: 29 09 05 28 | 06
#0665-d201 @A: 09 18 28 20 | 12
#0666-d201 @A: 35 28 29 13 | 03
#0667-d201 @A: 28 19 23 14 | 11
#0668-d201 @A: 07 21 03 18 | 08
#0669-d201 @A: 10 13 21 23 | 05
#0670-d201 @A: 10 21 19 29 | 04
#0671-d201 @A: 02 06 35 21 | 01
#0672-d201 @A: 12 19 21 35 | 07
#0673-d201 @A: 29 15 30 08 | 09
#0674-d201 @A: 10 15 18 07 | 02
#0675-d201 @A: 18 12 19 15 | 10
#0676-d201 @A: 16 01 15 14 | 06
#0677-d201 @A: 14 12 35 15 | 12
#0678-d201 @A: 14 03 19 15 | 03
#0679-d201 @A: 35 26 03 09 | 11
#0680-d201 @A: 13 26 18 16 | 08
#0681-d201 @A: 23 26 12 18 | 05
#0682-d201 @A: 26 35 14 16 | 04
#0683-d201 @A: 23 31 16 26 | 01
#0684-d201 @A: 12 26 07 01 | 07
#0685-d201 @A: 05 16 08 14 | 09
#0686-d201 @A: 31 01 08 05 | 02
#0687-d201 @A: 13 16 10 08 | 10
#0688-d201 @A: 30 03 05 29 | 06
#0689-d201 @A: 35 18 16 30 | 12
#0690-d201 @A: 18 31 30 01 | 03
#0691-d201 @A: 30 31 29 13 | 11
#0692-d201 @A: 05 10 12 31 | 08
#0693-d201 @A: 09 19 17 18 | 05
#0694-d201 @A: 12 18 09 31 | 04
#0695-d201 @A: 09 29 02 14 | 01
#0696-d201 @A: 09 35 23 07 | 07
#0697-d201 @A: 31 32 09 13 | 09
#0698-d201 @A: 03 23 20 16 | 02
#0699-d201 @A: 20 32 12 03 | 10
#0700-d201 @A: 31 03 18 17 | 06
#0701-d201 @A: 18 06 17 29 | 12
#0702-d201 @A: 17 07 35 19 | 03
#0703-d201 @A: 05 18 34 24 | 11
#0704-d201 @A: 06 34 24 17 | 08
#0705-d201 @A: 24 07 32 34 | 05
#0706-d201 @A: 23 20 33 24 | 04
#0707-d201 @A: 11 02 24 01 | 01
#0708-d201 @A: 19 24 26 27 | 07
#0709-d201 @A: 24 05 09 16 | 09
#0710-d201 @A: 31 24 16 07 | 02
#0711-d201 @A: 35 24 12 10 | 10
#0712-d201 @A: 24 13 12 14 | 06
#0713-d201 @A: 13 31 24 23 | 12
#0714-d201 @A: 12 30 25 34 | 03
#0715-d201 @A: 09 25 22 27 | 11
#0716-d201 @A: 13 04 21 25 | 08
#0717-d201 @A: 27 16 05 25 | 05
#0718-d201 @A: 28 30 29 25 | 04
#0719-d201 @A: 28 32 20 25 | 01
#0720-d201 @A: 31 01 28 25 | 07
#0721-d201 @A: 25 15 01 21 | 09
#0722-d201 @A: 25 26 21 10 | 02
#0723-d201 @A: 22 34 14 21 | 10
#0724-d201 @A: 28 34 12 04 | 06
#0725-d201 @A: 34 08 04 21 | 12
#0726-d201 @A: 33 27 34 03 | 03
#0727-d201 @A: 34 33 13 09 | 11
#0728-d201 @A: 07 11 34 05 | 08
#0729-d201 @A: 27 18 13 34 | 05
#0730-d201 @A: 19 28 17 34 | 04
#0731-d201 @A: 34 15 26 13 | 01
#0732-d201 @A: 09 15 34 10 | 07
#0733-d201 @A: 14 35 08 34 | 09
#0734-d201 @A: 06 12 05 34 | 02
#0735-d201 @A: 06 13 16 34 | 10
#0736-d201 @A: 10 31 34 19 | 06
#0737-d201 @A: 31 34 13 02 | 12
#0738-d201 @A: 32 12 34 14 | 03
#0739-d201 @A: 07 22 11 08 | 11
#0740-d201 @A: 22 26 09 18 | 08
#0741-d201 @A: 30 22 08 05 | 05
#0742-d201 @A: 22 30 01 14 | 04
#0743-d201 @A: 05 01 18 22 | 01
#0744-d201 @A: 22 19 31 02 | 07
#0745-d201 @A: 35 23 22 32 | 09
#0746-d201 @A: 01 35 06 22 | 02
#0747-d201 @A: 13 11 04 27 | 10
#0748-d201 @A: 11 04 29 32 | 06
#0749-d201 @A: 28 02 04 27 | 12
#0750-d201 @A: 30 04 27 07 | 03
#0751-d201 @A: 04 01 21 35 | 11
#0752-d201 @A: 05 35 04 30 | 08
#0753-d201 @A: 18 30 04 20 | 05
#0754-d201 @A: 04 16 05 23 | 04
#0755-d201 @A: 04 17 06 35 | 01
#0756-d201 @A: 04 16 03 18 | 07
#0757-d201 @A: 04 13 10 19 | 09
#0758-d201 @A: 02 19 07 04 | 02
#0759-d201 @A: 13 04 31 35 | 10
#0760-d201 @A: 06 04 14 01 | 06
#0761-d201 @A: 08 33 28 18 | 12
#0762-d201 @A: 29 28 33 16 | 03
#0763-d201 @A: 03 28 31 33 | 11
#0764-d201 @A: 14 15 02 33 | 08
#0765-d201 @A: 26 03 02 33 | 05
#0766-d201 @A: 10 08 33 20 | 04
#0767-d201 @A: 02 33 08 31 | 01
#0768-d201 @A: 33 35 10 09 | 07
#0769-d201 @A: 23 32 18 33 | 09
#0770-d201 @A: 33 12 35 02 | 02
#0771-d201 @A: 33 13 03 01 | 10
#0772-d201 @A: 31 33 01 23 | 06
#0773-d201 @A: 27 23 11 20 | 12
#0774-d201 @A: 21 26 11 01 | 03
#0775-d201 @A: 29 10 15 11 | 11
#0776-d201 @A: 11 30 26 23 | 08
#0777-d201 @A: 09 11 13 26 | 05
#0778-d201 @A: 11 32 08 17 | 04
#0779-d201 @A: 05 11 30 10 | 01
#0780-d201 @A: 11 23 18 31 | 07
#0781-d201 @A: 29 18 11 01 | 09
#0782-d201 @A: 10 03 13 11 | 02
#0783-d201 @A: 14 28 27 18 | 10
#0784-d201 @A: 16 20 27 21 | 06
#0785-d201 @A: 08 27 16 23 | 12
#0786-d201 @A: 20 30 27 29 | 03
#0787-d201 @A: 27 23 05 14 | 11
#0788-d201 @A: 01 20 27 07 | 08
#0789-d201 @A: 18 27 23 06 | 05
#0790-d201 @A: 18 27 29 19 | 04
#0791-d201 @A: 10 01 35 27 | 01
#0792-d201 @A: 27 01 10 14 | 07
#0793-d201 @A: 12 31 06 27 | 09
#0794-d201 @A: 27 07 32 23 | 02
#0795-d201 @A: 08 21 03 28 | 10
#0796-d201 @A: 28 03 20 26 | 06
#0797-d201 @A: 05 12 30 28 | 12
#0798-d201 @A: 13 28 09 07 | 03
#0799-d201 @A: 16 31 32 28 | 11
#0800-d201 @A: 06 12 03 28 | 08
#0801-d201 @A: 28 32 19 07 | 05
#0802-d201 @A: 21 12 15 09 | 04
#0803-d201 @A: 20 21 14 15 | 01
#0804-d201 @A: 18 21 09 08 | 07
#0805-d201 @A: 21 17 35 08 | 09
#0806-d201 @A: 09 03 05 21 | 02
#0807-d201 @A: 10 02 03 21 | 10
#0808-d201 @A: 10 21 12 06 | 06
#0809-d201 @A: 29 03 21 35 | 12
#0810-d201 @A: 01 03 06 21 | 03
#0811-d201 @A: 29 26 15 05 | 11
#0812-d201 @A: 12 26 15 35 | 08
#0813-d201 @A: 08 20 15 18 | 05
#0814-d201 @A: 12 08 15 10 | 04
#0815-d201 @A: 29 16 06 15 | 01
#0816-d201 @A: 08 26 30 32 | 07
#0817-d201 @A: 10 26 09 07 | 09
#0818-d201 @A: 31 29 18 26 | 02
#0819-d201 @A: 26 16 06 07 | 10
#0820-d201 @A: 19 06 14 26 | 06
#0821-d201 @A: 35 03 08 07 | 12
#0822-d201 @A: 06 08 19 12 | 03
#0823-d201 @A: 30 05 17 20 | 11
#0824-d201 @A: 13 05 14 30 | 08
#0825-d201 @A: 18 23 30 03 | 05
#0826-d201 @A: 02 30 16 06 | 04
#0827-d201 @A: 23 16 07 30 | 01
#0828-d201 @A: 06 10 29 30 | 07
#0829-d201 @A: 03 13 31 05 | 09
#0830-d201 @A: 09 02 31 23 | 02
#0831-d201 @A: 13 09 03 14 | 10
#0832-d201 @A: 01 31 14 09 | 06
#0833-d201 @A: 02 17 20 10 | 12
#0834-d201 @A: 10 12 29 20 | 03
#0835-d201 @A: 20 07 12 02 | 11
#0836-d201 @A: 20 13 35 19 | 08
#0837-d201 @A: 01 31 12 20 | 05
#0838-d201 @A: 18 07 17 02 | 04
#0839-d201 @A: 17 10 31 07 | 01
#0840-d201 @A: 19 13 03 17 | 07
#0841-d201 @A: 32 14 17 07 | 09
#0842-d201 @A: 29 18 35 14 | 02
#0843-d201 @A: 35 13 14 07 | 10
#0844-d201 @A: 30 18 22 24 | 06
#0845-d201 @A: 04 24 16 15 | 12
#0846-d201 @A: 04 20 10 24 | 03
#0847-d201 @A: 33 29 24 05 | 11
#0848-d201 @A: 24 08 19 11 | 08
#0849-d201 @A: 27 24 15 13 | 05
#0850-d201 @A: 26 06 24 30 | 04
#0851-d201 @A: 24 16 26 20 | 01
#0852-d201 @A: 26 23 17 24 | 07
#0853-d201 @A: 08 20 12 24 | 09
#0854-d201 @A: 24 32 14 09 | 02
#0855-d201 @A: 29 03 24 18 | 10
#0856-d201 @A: 23 07 24 06 | 06
#0857-d201 @A: 21 25 05 33 | 12
#0858-d201 @A: 27 25 06 21 | 03
#0859-d201 @A: 31 25 35 27 | 11
#0860-d201 @A: 08 21 25 32 | 08
#0861-d201 @A: 05 15 25 18 | 05
#0862-d201 @A: 18 26 25 08 | 04
#0863-d201 @A: 08 16 30 25 | 01
#0864-d201 @A: 02 30 14 25 | 07
#0865-d201 @A: 35 25 16 01 | 09
#0866-d201 @A: 02 25 01 32 | 02
#0867-d201 @A: 22 34 08 06 | 10
#0868-d201 @A: 02 34 22 10 | 06
#0869-d201 @A: 19 13 22 34 | 12
#0870-d201 @A: 02 17 04 34 | 03
#0871-d201 @A: 34 07 04 13 | 11
#0872-d201 @A: 33 21 34 12 | 08
#0873-d201 @A: 31 34 28 26 | 05
#0874-d201 @A: 07 26 34 20 | 04
#0875-d201 @A: 34 14 31 23 | 01
#0876-d201 @A: 04 22 28 01 | 07
#0877-d201 @A: 06 04 22 26 | 09
#0878-d201 @A: 32 03 04 22 | 02
#0879-d201 @A: 35 11 22 30 | 10
#0880-d201 @A: 17 31 22 27 | 06
#0881-d201 @A: 27 18 22 12 | 12
#0882-d201 @A: 22 15 07 26 | 03
#0883-d201 @A: 31 22 26 30 | 11
#0884-d201 @A: 22 17 26 03 | 08
#0885-d201 @A: 22 19 07 30 | 05
#0886-d201 @A: 32 22 10 18 | 04
#0887-d201 @A: 22 07 13 18 | 01
#0888-d201 @A: 31 03 22 16 | 07
#0889-d201 @A: 22 10 03 01 | 09
#0890-d201 @A: 07 31 22 32 | 02
#0891-d201 @A: 21 11 16 04 | 10
#0892-d201 @A: 27 04 26 16 | 06
#0893-d201 @A: 05 21 04 29 | 12
#0894-d201 @A: 08 03 04 15 | 03
#0895-d201 @A: 15 04 20 12 | 11
#0896-d201 @A: 26 04 20 19 | 08
#0897-d201 @A: 04 06 05 09 | 05
#0898-d201 @A: 09 13 20 04 | 04
#0899-d201 @A: 17 04 07 09 | 01
#0900-d201 @A: 04 14 32 23 | 07
#0901-d201 @A: 11 21 03 33 | 09
#0902-d201 @A: 33 14 21 16 | 02
#0903-d201 @A: 33 26 17 07 | 10
#0904-d201 @A: 16 05 06 33 | 06
#0905-d201 @A: 33 16 18 12 | 12
#0906-d201 @A: 11 29 27 21 | 03
#0907-d201 @A: 11 27 01 15 | 11
#0908-d201 @A: 08 11 31 28 | 08
#0909-d201 @A: 21 30 06 11 | 05
#0910-d201 @A: 11 26 31 20 | 04
#0911-d201 @A: 07 16 11 01 | 01
#0912-d201 @A: 17 16 27 15 | 07
#0913-d201 @A: 27 08 20 17 | 09
#0914-d201 @A: 01 27 19 31 | 02
#0915-d201 @A: 28 15 10 35 | 10
#0916-d201 @A: 26 28 16 30 | 06
#0917-d201 @A: 07 08 30 28 | 12
#0918-d201 @A: 18 28 01 35 | 03
#0919-d201 @A: 12 01 16 28 | 11
#0920-d201 @A: 16 07 28 03 | 08
#0921-d201 @A: 02 10 28 23 | 05
#0922-d201 @A: 14 35 02 28 | 04
#0923-d201 @A: 23 03 28 29 | 01
#0924-d201 @A: 12 21 30 17 | 07
#0925-d201 @A: 21 14 09 07 | 09
#0926-d201 @A: 14 12 21 10 | 02
#0927-d201 @A: 21 32 12 07 | 10
#0928-d201 @A: 08 05 13 15 | 06
#0929-d201 @A: 12 05 17 15 | 12
#0930-d201 @A: 20 09 01 15 | 03
#0931-d201 @A: 32 20 31 15 | 11
#0932-d201 @A: 23 13 18 15 | 08
#0933-d201 @A: 10 03 31 15 | 05
#0934-d201 @A: 15 03 23 35 | 04
#0935-d201 @A: 15 12 32 29 | 01
#0936-d201 @A: 31 07 15 06 | 07
#0937-d201 @A: 12 26 08 09 | 09
#0938-d201 @A: 08 20 02 26 | 02
#0939-d201 @A: 13 01 08 26 | 10
#0940-d201 @A: 26 23 05 09 | 06
#0941-d201 @A: 20 26 18 05 | 12
#0942-d201 @A: 02 09 17 26 | 03
#0943-d201 @A: 17 26 14 13 | 11
#0944-d201 @A: 35 16 10 26 | 08
#0945-d201 @A: 26 13 32 12 | 05
#0946-d201 @A: 19 26 31 13 | 04
#0947-d201 @A: 06 03 32 26 | 01
#0948-d201 @A: 30 20 31 08 | 07
#0949-d201 @A: 32 23 30 10 | 09
#0950-d201 @A: 30 02 35 03 | 02
#0951-d201 @A: 32 12 35 30 | 10
#0952-d201 @A: 23 29 30 14 | 06
#0953-d201 @A: 05 19 16 14 | 12
#0954-d201 @A: 14 05 32 10 | 03
#0955-d201 @A: 06 02 05 31 | 11
#0956-d201 @A: 05 23 07 31 | 08
#0957-d201 @A: 09 18 23 16 | 05
#0958-d201 @A: 29 09 16 01 | 04
#0959-d201 @A: 09 06 10 32 | 01
#0960-d201 @A: 06 09 31 03 | 07
#0961-d201 @A: 06 16 01 20 | 09
#0962-d201 @A: 06 20 29 31 | 02
#0963-d201 @A: 13 17 10 35 | 10
#0964-d201 @A: 01 12 06 17 | 06
#0965-d201 @A: 10 18 07 14 | 12
#0966-d201 @A: 12 18 14 03 | 03
#0967-d201 @A: 14 02 06 31 | 11
#0968-d201 @A: 32 35 06 14 | 08
#0969-d201 @A: 25 09 24 18 | 05
#0970-d201 @A: 35 21 24 34 | 04
#0971-d201 @A: 22 24 14 23 | 01
#0972-d201 @A: 27 04 24 29 | 07
#0973-d201 @A: 18 08 24 04 | 09
#0974-d201 @A: 32 24 17 04 | 02
#0975-d201 @A: 17 19 33 24 | 10
#0976-d201 @A: 11 15 18 24 | 06
#0977-d201 @A: 11 24 26 32 | 12
#0978-d201 @A: 11 24 10 07 | 03
#0979-d201 @A: 27 24 35 08 | 11
#0980-d201 @A: 28 12 24 21 | 08
#0981-d201 @A: 17 24 28 20 | 05
#0982-d201 @A: 05 19 24 30 | 04
#0983-d201 @A: 31 30 24 09 | 01
#0984-d201 @A: 24 18 01 07 | 07
#0985-d201 @A: 32 24 16 13 | 09
#0986-d201 @A: 25 33 34 23 | 02
#0987-d201 @A: 16 21 22 25 | 10
#0988-d201 @A: 25 04 33 32 | 06
#0989-d201 @A: 05 25 04 01 | 12
#0990-d201 @A: 19 14 25 04 | 03
#0991-d201 @A: 03 20 25 33 | 11
#0992-d201 @A: 05 29 25 11 | 08
#0993-d201 @A: 11 25 17 07 | 05
#0994-d201 @A: 25 14 13 28 | 04
#0995-d201 @A: 19 03 25 28 | 01
#0996-d201 @A: 25 21 20 12 | 07
#0997-d201 @A: 21 19 25 02 | 09
#0998-d201 @A: 32 25 15 17 | 02
#0999-d201 @A: 25 30 13 26 | 10
#1000-d201 @A: 25 23 08 29 | 06
#1001-d201 @A: 25 30 05 06 | 12
#1002-d201 @A: 07 29 16 25 | 03
#1003-d201 @A: 17 22 34 20 | 11
#1004-d201 @A: 34 15 19 04 | 08
#1005-d201 @A: 04 26 32 34 | 05
#1006-d201 @A: 34 10 05 04 | 04
#1007-d201 @A: 34 04 18 29 | 01
#1008-d201 @A: 30 33 16 34 | 07
#1009-d201 @A: 17 18 34 33 | 09
#1010-d201 @A: 19 34 29 11 | 02
#1011-d201 @A: 34 01 28 09 | 10
#1012-d201 @A: 15 34 20 23 | 06
#1013-d201 @A: 29 34 30 26 | 12
#1014-d201 @A: 26 18 34 06 | 03
#1015-d201 @A: 30 08 34 03 | 11
#1016-d201 @A: 08 32 34 12 | 08
#1017-d201 @A: 32 05 35 34 | 05
#1018-d201 @A: 12 13 34 10 | 04
#1019-d201 @A: 35 34 02 29 | 01
#1020-d201 @A: 35 03 13 34 | 07
#1021-d201 @A: 31 07 34 03 | 09
#1022-d201 @A: 19 34 07 14 | 02
#1023-d201 @A: 34 03 29 06 | 10
#1024-d201 @A: 11 22 10 04 | 06
#1025-d201 @A: 14 22 33 35 | 12
#1026-d201 @A: 28 27 22 11 | 03
#1027-d201 @A: 27 20 22 32 | 11
#1028-d201 @A: 22 12 28 26 | 08
#1029-d201 @A: 15 13 22 21 | 05
#1030-d201 @A: 22 17 15 01 | 04
#1031-d201 @A: 22 08 10 26 | 01
#1032-d201 @A: 12 08 22 16 | 07
#1033-d201 @A: 22 08 13 32 | 09
#1034-d201 @A: 19 20 14 22 | 02
#1035-d201 @A: 04 33 02 15 | 10
#1036-d201 @A: 26 05 33 04 | 06
#1037-d201 @A: 28 20 29 04 | 12
#1038-d201 @A: 09 14 04 18 | 03
#1039-d201 @A: 04 07 14 20 | 11
#1040-d201 @A: 18 02 04 31 | 08
#1041-d201 @A: 19 04 16 06 | 05
#1042-d201 @A: 02 04 12 03 | 04
#1043-d201 @A: 07 04 06 03 | 01
#1044-d201 @A: 11 01 33 30 | 07
#1045-d201 @A: 11 29 17 33 | 09
#1046-d201 @A: 32 33 06 11 | 02
#1047-d201 @A: 09 29 27 33 | 10
#1048-d201 @A: 01 33 21 28 | 06
#1049-d201 @A: 15 05 03 33 | 12
#1050-d201 @A: 33 08 05 12 | 03
#1051-d201 @A: 14 06 08 33 | 11
#1052-d201 @A: 01 06 33 18 | 08
#1053-d201 @A: 02 11 27 19 | 05
#1054-d201 @A: 26 17 11 16 | 04
#1055-d201 @A: 20 11 08 29 | 01
#1056-d201 @A: 19 17 30 11 | 07
#1057-d201 @A: 05 17 23 11 | 09
#1058-d201 @A: 11 14 10 23 | 02
#1059-d201 @A: 21 30 27 08 | 10
#1060-d201 @A: 15 32 27 30 | 06
#1061-d201 @A: 27 15 03 20 | 12
#1062-d201 @A: 03 18 26 27 | 03
#1063-d201 @A: 02 27 09 20 | 11
#1064-d201 @A: 27 17 32 09 | 08
#1065-d201 @A: 03 16 09 27 | 05
#1066-d201 @A: 09 16 27 14 | 04
#1067-d201 @A: 02 27 16 12 | 01
#1068-d201 @A: 16 13 01 27 | 07
#1069-d201 @A: 06 27 01 29 | 09
#1070-d201 @A: 28 31 09 21 | 02
#1071-d201 @A: 28 06 02 15 | 10
#1072-d201 @A: 26 28 35 17 | 06
#1073-d201 @A: 10 28 19 26 | 12
#1074-d201 @A: 32 05 08 28 | 03
#1075-d201 @A: 28 08 09 35 | 11
#1076-d201 @A: 12 09 17 28 | 08
#1077-d201 @A: 29 10 28 18 | 05
#1078-d201 @A: 10 31 28 06 | 04
#1079-d201 @A: 32 35 28 02 | 01
#1080-d201 @A: 28 01 23 07 | 07
#1081-d201 @A: 23 19 28 31 | 09
#1082-d201 @A: 23 05 20 21 | 02
#1083-d201 @A: 31 21 18 05 | 10
#1084-d201 @A: 14 23 35 21 | 06
#1085-d201 @A: 12 23 01 21 | 12
#1086-d201 @A: 15 08 02 17 | 03
#1087-d201 @A: 08 23 15 01 | 11
#1088-d201 @A: 15 07 12 30 | 08
#1089-d201 @A: 05 10 16 15 | 05
#1090-d201 @A: 16 31 18 15 | 04
#1091-d201 @A: 19 23 10 15 | 01
#1092-d201 @A: 03 15 06 19 | 07
#1093-d201 @A: 17 26 19 08 | 09
#1094-d201 @A: 20 26 09 29 | 02
#1095-d201 @A: 19 08 30 01 | 10
#1096-d201 @A: 09 05 18 30 | 06
#1097-d201 @A: 01 09 30 23 | 12
#1098-d201 @A: 16 30 12 10 | 03
#1099-d201 @A: 29 16 32 30 | 11
#1100-d201 @A: 13 19 02 30 | 08
#1101-d201 @A: 30 07 35 06 | 05
#1102-d201 @A: 06 23 30 12 | 04
#1103-d201 @A: 03 31 30 32 | 01
#1104-d201 @A: 05 35 16 07 | 07
#1105-d201 @A: 05 13 16 29 | 09
#1106-d201 @A: 02 12 23 05 | 02
#1107-d201 @A: 12 05 07 13 | 10
#1108-d201 @A: 09 35 31 29 | 06
#1109-d201 @A: 19 03 29 09 | 12
#1110-d201 @A: 20 12 19 17 | 03
#1111-d201 @A: 20 17 07 06 | 11
#1112-d201 @A: 29 20 17 03 | 08
#1113-d201 @A: 20 02 23 01 | 05
#1114-d201 @A: 10 19 17 16 | 04
#1115-d201 @A: 23 19 17 02 | 01
#1116-d201 @A: 17 06 19 32 | 07
#1117-d201 @A: 14 32 02 18 | 09
#1118-d201 @A: 19 25 34 24 | 02
#1119-d201 @A: 25 24 10 31 | 10
#1120-d201 @A: 15 08 34 24 | 06
#1121-d201 @A: 20 24 13 34 | 12
#1122-d201 @A: 29 24 34 14 | 03
#1123-d201 @A: 33 24 12 15 | 11
#1124-d201 @A: 20 31 27 24 | 08
#1125-d201 @A: 28 16 24 08 | 05
#1126-d201 @A: 26 08 31 24 | 04
#1127-d201 @A: 13 30 24 08 | 01
#1128-d201 @A: 08 24 09 02 | 07
#1129-d201 @A: 18 24 35 06 | 09
#1130-d201 @A: 16 06 12 24 | 02
#1131-d201 @A: 02 24 31 35 | 10
#1132-d201 @A: 24 23 01 35 | 06
#1133-d201 @A: 04 25 34 16 | 12
#1134-d201 @A: 04 18 25 27 | 03
#1135-d201 @A: 33 25 02 06 | 11
#1136-d201 @A: 01 29 25 33 | 08
#1137-d201 @A: 03 25 11 30 | 05
#1138-d201 @A: 11 19 25 01 | 04
#1139-d201 @A: 11 14 25 32 | 01
#1140-d201 @A: 25 15 13 20 | 07
#1141-d201 @A: 25 02 23 15 | 09
#1142-d201 @A: 25 05 31 26 | 02
#1143-d201 @A: 25 09 26 19 | 10
#1144-d201 @A: 25 31 07 30 | 06
#1145-d201 @A: 25 16 18 20 | 12
#1146-d201 @A: 25 19 18 23 | 03
#1147-d201 @A: 35 31 25 14 | 11
#1148-d201 @A: 13 29 19 25 | 08
#1149-d201 @A: 25 03 29 32 | 05
#1150-d201 @A: 22 26 23 34 | 04
#1151-d201 @A: 08 34 26 33 | 01
#1152-d201 @A: 20 29 34 33 | 07
#1153-d201 @A: 33 31 35 34 | 09
#1154-d201 @A: 05 34 23 28 | 02
#1155-d201 @A: 19 30 34 20 | 10
#1156-d201 @A: 14 34 30 17 | 06
#1157-d201 @A: 03 18 34 19 | 12
#1158-d201 @A: 10 34 29 07 | 03
#1159-d201 @A: 01 07 35 34 | 11
#1160-d201 @A: 19 34 01 06 | 08
#1161-d201 @A: 04 27 21 22 | 05
#1162-d201 @A: 22 02 33 11 | 04
#1163-d201 @A: 19 22 28 33 | 01
#1164-d201 @A: 09 11 16 22 | 07
#1165-d201 @A: 09 28 10 22 | 09
#1166-d201 @A: 22 16 28 06 | 02
#1167-d201 @A: 22 19 26 05 | 10
#1168-d201 @A: 22 20 12 05 | 06
#1169-d201 @A: 23 06 22 05 | 12
#1170-d201 @A: 16 18 29 22 | 03
#1171-d201 @A: 10 23 16 22 | 11
#1172-d201 @A: 16 02 22 32 | 08
#1173-d201 @A: 07 06 22 10 | 05
#1174-d201 @A: 14 22 29 31 | 04
#1175-d201 @A: 16 20 33 04 | 01
#1176-d201 @A: 11 18 17 04 | 07
#1177-d201 @A: 28 26 04 18 | 09
#1178-d201 @A: 23 08 04 28 | 02
#1179-d201 @A: 03 04 30 21 | 10
#1180-d201 @A: 21 20 17 04 | 06
#1181-d201 @A: 26 04 09 30 | 12
#1182-d201 @A: 01 04 18 23 | 03
#1183-d201 @A: 29 19 31 04 | 11
#1184-d201 @A: 11 12 28 33 | 08
#1185-d201 @A: 32 27 21 33 | 05
#1186-d201 @A: 27 30 33 12 | 04
#1187-d201 @A: 27 33 05 02 | 01
#1188-d201 @A: 32 28 33 30 | 07
#1189-d201 @A: 31 21 20 33 | 09
#1190-d201 @A: 06 17 21 33 | 02
#1191-d201 @A: 02 33 21 18 | 10
#1192-d201 @A: 01 33 15 16 | 06
#1193-d201 @A: 31 32 12 33 | 12
#1194-d201 @A: 03 07 19 33 | 03
#1195-d201 @A: 06 11 26 27 | 11
#1196-d201 @A: 07 11 27 09 | 08
#1197-d201 @A: 15 21 11 07 | 05
#1198-d201 @A: 31 15 13 11 | 04
#1199-d201 @A: 09 02 05 11 | 01
#1200-d201 @A: 16 11 02 35 | 07
#1201-d201 @A: 35 11 13 01 | 09
#1202-d201 @A: 23 21 28 27 | 02
#1203-d201 @A: 27 05 31 28 | 10
#1204-d201 @A: 27 21 05 07 | 06
#1205-d201 @A: 35 27 09 21 | 12
#1206-d201 @A: 21 13 27 02 | 03
#1207-d201 @A: 07 18 27 16 | 11
#1208-d201 @A: 27 02 10 06 | 08
#1209-d201 @A: 32 27 35 29 | 05
#1210-d201 @A: 27 19 14 12 | 04
#1211-d201 @A: 03 13 32 27 | 01
#1212-d201 @A: 30 15 28 21 | 07
#1213-d201 @A: 21 10 05 28 | 09
#1214-d201 @A: 28 15 26 32 | 02
#1215-d201 @A: 20 13 28 08 | 10
#1216-d201 @A: 23 20 12 28 | 06
#1217-d201 @A: 01 17 28 14 | 12
#1218-d201 @A: 03 02 18 28 | 03
#1219-d201 @A: 28 18 31 13 | 11
#1220-d201 @A: 23 28 16 13 | 08
#1221-d201 @A: 13 01 28 10 | 05
#1222-d201 @A: 21 26 05 14 | 04
#1223-d201 @A: 32 21 17 05 | 01
#1224-d201 @A: 21 17 29 09 | 07
#1225-d201 @A: 10 21 18 16 | 09
#1226-d201 @A: 31 19 21 07 | 02
#1227-d201 @A: 19 32 21 03 | 10
#1228-d201 @A: 09 05 15 14 | 06
#1229-d201 @A: 18 02 35 15 | 12
#1230-d201 @A: 15 32 03 18 | 03
#1231-d201 @A: 32 13 19 15 | 11
#1232-d201 @A: 15 23 14 06 | 08
#1233-d201 @A: 30 20 26 12 | 05
#1234-d201 @A: 02 18 30 26 | 04
#1235-d201 @A: 17 26 05 10 | 01
#1236-d201 @A: 17 32 31 26 | 07
#1237-d201 @A: 10 31 26 01 | 09
#1238-d201 @A: 02 23 26 35 | 02
#1239-d201 @A: 03 17 06 08 | 10
#1240-d201 @A: 16 18 06 08 | 06
#1241-d201 @A: 10 23 35 08 | 12
#1242-d201 @A: 35 12 08 13 | 03
#1243-d201 @A: 06 08 13 31 | 11
#1244-d201 @A: 05 13 32 30 | 08
#1245-d201 @A: 16 30 09 20 | 05
#1246-d201 @A: 14 16 12 30 | 04
#1247-d201 @A: 30 16 13 03 | 01
#1248-d201 @A: 02 01 10 30 | 07
#1249-d201 @A: 29 05 07 20 | 09
#1250-d201 @A: 18 05 23 29 | 02
#1251-d201 @A: 05 03 16 32 | 10
#1252-d201 @A: 03 01 35 05 | 06
#1253-d201 @A: 05 01 35 14 | 12
#1254-d201 @A: 20 31 17 13 | 03
#1255-d201 @A: 20 12 16 35 | 11
#1256-d201 @A: 16 20 19 29 | 08
#1257-d201 @A: 06 20 23 13 | 05
#1258-d201 @A: 23 07 19 20 | 04
#1259-d201 @A: 10 18 12 17 | 01
#1260-d201 @A: 17 32 18 35 | 07
#1261-d201 @A: 17 13 01 18 | 09
#1262-d201 @A: 16 35 17 29 | 02
#1263-d201 @A: 14 06 13 16 | 10
#1264-d201 @A: 14 29 32 16 | 06
#1265-d201 @A: 10 02 14 31 | 12
#1266-d201 @A: 03 29 14 10 | 03
#1267-d201 @A: 07 02 14 23 | 11
#1268-d201 @A: 24 28 25 33 | 08
#1269-d201 @A: 07 27 25 24 | 05
#1270-d201 @A: 04 24 31 22 | 04
#1271-d201 @A: 22 27 10 24 | 01
#1272-d201 @A: 22 21 19 24 | 07
#1273-d201 @A: 24 13 04 33 | 09
#1274-d201 @A: 10 32 24 33 | 02
#1275-d201 @A: 26 24 11 14 | 10
#1276-d201 @A: 35 11 24 29 | 06
#1277-d201 @A: 09 24 15 19 | 12
#1278-d201 @A: 05 13 10 24 | 03
#1279-d201 @A: 34 26 01 25 | 11
#1280-d201 @A: 19 22 17 25 | 08
#1281-d201 @A: 09 25 16 33 | 05
#1282-d201 @A: 11 27 25 32 | 04
#1283-d201 @A: 09 15 11 25 | 01
#1284-d201 @A: 25 10 27 20 | 07
#1285-d201 @A: 17 25 12 27 | 09
#1286-d201 @A: 17 28 25 18 | 02
#1287-d201 @A: 03 26 25 07 | 10
#1288-d201 @A: 17 06 14 25 | 06
#1289-d201 @A: 10 25 03 12 | 12
#1290-d201 @A: 25 02 03 31 | 03
#1291-d201 @A: 25 32 19 12 | 11
#1292-d201 @A: 30 04 22 34 | 08
#1293-d201 @A: 22 27 07 34 | 05
#1294-d201 @A: 11 08 34 01 | 04
#1295-d201 @A: 34 35 17 11 | 01
#1296-d201 @A: 28 06 34 30 | 07
#1297-d201 @A: 14 34 15 18 | 09
#1298-d201 @A: 34 23 35 30 | 02
#1299-d201 @A: 09 06 34 20 | 10
#1300-d201 @A: 03 20 10 34 | 06
#1301-d201 @A: 34 32 16 10 | 12
#1302-d201 @A: 34 02 13 14 | 03
#1303-d201 @A: 01 03 02 34 | 11
#1304-d201 @A: 34 31 32 01 | 08
#1305-d201 @A: 12 04 33 22 | 05
#1306-d201 @A: 04 02 05 22 | 04
#1307-d201 @A: 20 22 04 23 | 01
#1308-d201 @A: 27 22 08 02 | 07
#1309-d201 @A: 22 03 27 30 | 09
#1310-d201 @A: 35 28 05 22 | 02
#1311-d201 @A: 31 06 21 22 | 10
#1312-d201 @A: 02 22 15 09 | 06
#1313-d201 @A: 16 22 30 01 | 12
#1314-d201 @A: 17 35 02 22 | 03
#1315-d201 @A: 22 02 13 12 | 11
#1316-d201 @A: 29 19 22 32 | 08
#1317-d201 @A: 11 14 13 04 | 05
#1318-d201 @A: 06 20 04 27 | 04
#1319-d201 @A: 27 04 32 10 | 01
#1320-d201 @A: 28 14 04 03 | 07
#1321-d201 @A: 21 31 26 04 | 09
#1322-d201 @A: 23 04 21 19 | 02
#1323-d201 @A: 20 32 04 08 | 10
#1324-d201 @A: 04 10 08 31 | 06
#1325-d201 @A: 04 32 18 07 | 12
#1326-d201 @A: 04 01 13 32 | 03
#1327-d201 @A: 33 31 05 11 | 11
#1328-d201 @A: 35 11 20 33 | 08
#1329-d201 @A: 33 27 26 31 | 05
#1330-d201 @A: 27 18 20 33 | 04
#1331-d201 @A: 33 26 28 23 | 01
#1332-d201 @A: 17 28 33 02 | 07
#1333-d201 @A: 33 21 23 09 | 09
#1334-d201 @A: 30 33 23 05 | 02
#1335-d201 @A: 17 31 30 33 | 10
#1336-d201 @A: 35 05 33 18 | 06
#1337-d201 @A: 20 17 33 09 | 12
#1338-d201 @A: 35 23 16 33 | 03
#1339-d201 @A: 29 31 10 33 | 11
#1340-d201 @A: 33 19 23 13 | 08
#1341-d201 @A: 14 13 31 33 | 05
#1342-d201 @A: 33 32 14 01 | 04
#1343-d201 @A: 33 19 06 29 | 01
#1344-d201 @A: 28 20 10 11 | 07
#1345-d201 @A: 19 07 26 11 | 09
#1346-d201 @A: 31 11 17 09 | 02
#1347-d201 @A: 11 31 02 10 | 10
#1348-d201 @A: 11 32 12 10 | 06
#1349-d201 @A: 06 11 23 02 | 12
#1350-d201 @A: 06 35 12 11 | 03
#1351-d201 @A: 13 06 07 11 | 11
#1352-d201 @A: 11 23 13 32 | 08
#1353-d201 @A: 11 07 03 32 | 05
#1354-d201 @A: 11 31 06 01 | 04
#1355-d201 @A: 27 31 21 03 | 01
#1356-d201 @A: 26 27 15 02 | 07
#1357-d201 @A: 02 35 07 27 | 09
#1358-d201 @A: 27 03 35 06 | 02
#1359-d201 @A: 12 29 27 13 | 10
#1360-d201 @A: 20 21 02 28 | 06
#1361-d201 @A: 08 28 26 06 | 12
#1362-d201 @A: 28 08 10 17 | 03
#1363-d201 @A: 09 28 30 03 | 11
#1364-d201 @A: 28 30 02 31 | 08
#1365-d201 @A: 06 28 18 07 | 05
#1366-d201 @A: 28 10 12 07 | 04
#1367-d201 @A: 16 02 08 21 | 01
#1368-d201 @A: 12 29 21 08 | 07
#1369-d201 @A: 13 29 18 21 | 09
#1370-d201 @A: 16 32 21 01 | 02
#1371-d201 @A: 31 21 10 32 | 10
#1372-d201 @A: 21 02 07 23 | 06
#1373-d201 @A: 21 03 13 12 | 12
#1374-d201 @A: 07 14 15 30 | 03
#1375-d201 @A: 20 06 15 05 | 11
#1376-d201 @A: 09 07 16 15 | 08
#1377-d201 @A: 35 15 13 07 | 05
#1378-d201 @A: 15 31 35 01 | 04
#1379-d201 @A: 26 07 18 35 | 01
#1380-d201 @A: 14 31 30 08 | 07
#1381-d201 @A: 08 20 23 09 | 09
#1382-d201 @A: 18 07 08 23 | 02
#1383-d201 @A: 16 08 03 01 | 10
#1384-d201 @A: 29 08 03 10 | 06
#1385-d201 @A: 08 31 12 07 | 12
#1386-d201 @A: 08 07 29 01 | 03
#1387-d201 @A: 10 20 05 09 | 11
#1388-d201 @A: 05 18 16 02 | 08
#1389-d201 @A: 03 05 18 12 | 05
#1390-d201 @A: 01 16 19 05 | 04
#1391-d201 @A: 10 05 02 35 | 01
#1392-d201 @A: 06 10 05 03 | 07
#1393-d201 @A: 06 07 05 01 | 09
#1394-d201 @A: 09 12 20 14 | 02
#1395-d201 @A: 19 09 31 20 | 10
#1396-d201 @A: 31 09 16 10 | 06
#1397-d201 @A: 06 09 16 35 | 12
#1398-d201 @A: 17 07 16 12 | 03
#1399-d201 @A: 31 06 17 16 | 11
#1400-d201 @A: 06 10 23 17 | 08
#1401-d201 @A: 31 17 29 12 | 05
#1402-d201 @A: 31 16 03 14 | 04
#1403-d201 @A: 01 14 19 13 | 01
#1404-d201 @A: 25 24 13 22 | 07
#1405-d201 @A: 16 25 14 24 | 09
#1406-d201 @A: 27 34 24 11 | 02
#1407-d201 @A: 24 10 26 34 | 10
#1408-d201 @A: 12 34 24 09 | 06
#1409-d201 @A: 19 24 04 28 | 12
#1410-d201 @A: 30 02 04 24 | 03
#1411-d201 @A: 24 33 01 27 | 11
#1412-d201 @A: 18 33 24 26 | 08
#1413-d201 @A: 24 16 30 27 | 05
#1414-d201 @A: 24 05 28 02 | 04
#1415-d201 @A: 23 24 18 28 | 01
#1416-d201 @A: 15 24 05 21 | 07
#1417-d201 @A: 20 24 02 15 | 09
#1418-d201 @A: 24 17 15 35 | 02
#1419-d201 @A: 20 30 24 32 | 10
#1420-d201 @A: 10 24 18 02 | 06
#1421-d201 @A: 16 03 35 24 | 12
#1422-d201 @A: 10 24 06 14 | 03
#1423-d201 @A: 19 35 24 32 | 11
#1424-d201 @A: 24 31 12 19 | 08
#1425-d201 @A: 34 10 25 28 | 05
#1426-d201 @A: 34 05 13 25 | 04
#1427-d201 @A: 25 08 33 22 | 01
#1428-d201 @A: 30 25 32 22 | 07
#1429-d201 @A: 11 12 04 25 | 09
#1430-d201 @A: 25 20 02 11 | 02
#1431-d201 @A: 25 18 11 14 | 10
#1432-d201 @A: 23 35 25 11 | 06
#1433-d201 @A: 27 26 25 23 | 12
#1434-d201 @A: 25 27 26 14 | 03
#1435-d201 @A: 25 21 30 09 | 11
#1436-d201 @A: 07 08 15 25 | 08
#1437-d201 @A: 25 15 06 12 | 05
#1438-d201 @A: 25 17 16 13 | 04
#1439-d201 @A: 29 25 18 02 | 01
#1440-d201 @A: 25 35 13 02 | 07
#1441-d201 @A: 34 22 29 15 | 09
#1442-d201 @A: 03 34 09 04 | 02
#1443-d201 @A: 11 34 32 20 | 10
#1444-d201 @A: 14 11 34 16 | 06
#1445-d201 @A: 27 28 29 34 | 12
#1446-d201 @A: 06 34 32 21 | 03
#1447-d201 @A: 30 15 34 31 | 11
#1448-d201 @A: 34 15 16 35 | 08
#1449-d201 @A: 13 17 08 34 | 05
#1450-d201 @A: 30 34 02 09 | 04
#1451-d201 @A: 03 17 34 05 | 01
#1452-d201 @A: 29 34 09 23 | 07
#1453-d201 @A: 14 34 06 09 | 09
#1454-d201 @A: 16 07 19 34 | 02
#1455-d201 @A: 07 06 34 02 | 10
#1456-d201 @A: 19 09 22 04 | 06
#1457-d201 @A: 23 15 33 22 | 12
#1458-d201 @A: 33 16 22 26 | 03
#1459-d201 @A: 33 18 03 22 | 11
#1460-d201 @A: 26 01 27 22 | 08
#1461-d201 @A: 20 31 28 22 | 05
#1462-d201 @A: 17 22 07 28 | 04
#1463-d201 @A: 20 13 22 26 | 01
#1464-d201 @A: 17 22 18 08 | 07
#1465-d201 @A: 22 09 30 12 | 09
#1466-d201 @A: 35 22 31 18 | 02
#1467-d201 @A: 19 01 23 22 | 10
#1468-d201 @A: 07 04 33 31 | 06
#1469-d201 @A: 04 26 11 35 | 12
#1470-d201 @A: 04 31 27 15 | 03
#1471-d201 @A: 05 04 08 27 | 11
#1472-d201 @A: 13 28 04 15 | 08
#1473-d201 @A: 28 09 32 04 | 05
#1474-d201 @A: 31 17 04 28 | 04
#1475-d201 @A: 30 21 04 14 | 01
#1476-d201 @A: 15 04 10 17 | 07
#1477-d201 @A: 03 13 26 04 | 09
#1478-d201 @A: 04 13 29 08 | 02
#1479-d201 @A: 16 17 04 30 | 10
#1480-d201 @A: 35 20 04 02 | 06
#1481-d201 @A: 13 04 12 06 | 12
#1482-d201 @A: 23 04 29 06 | 03
#1483-d201 @A: 27 33 15 07 | 11
#1484-d201 @A: 03 08 33 09 | 08
#1485-d201 @A: 33 02 30 20 | 05
#1486-d201 @A: 05 33 07 14 | 04
#1487-d201 @A: 33 12 13 20 | 01
#1488-d201 @A: 17 33 12 23 | 07
#1489-d201 @A: 35 27 18 11 | 09
#1490-d201 @A: 19 11 28 09 | 02
#1491-d201 @A: 01 17 28 11 | 10
#1492-d201 @A: 28 11 02 07 | 06
#1493-d201 @A: 11 05 35 21 | 12
#1494-d201 @A: 19 11 21 20 | 03
#1495-d201 @A: 20 17 15 11 | 11
#1496-d201 @A: 03 08 26 11 | 08
#1497-d201 @A: 11 05 26 12 | 05
#1498-d201 @A: 30 20 11 07 | 04
#1499-d201 @A: 11 20 05 01 | 01
#1500-d201 @A: 11 13 20 16 | 07
#1501-d201 @A: 16 11 29 23 | 09
#1502-d201 @A: 11 12 03 01 | 02
#1503-d201 @A: 27 13 26 17 | 10
#1504-d201 @A: 20 05 27 13 | 06
#1505-d201 @A: 09 13 27 10 | 12
#1506-d201 @A: 29 27 16 10 | 03
#1507-d201 @A: 32 14 28 15 | 11
#1508-d201 @A: 28 14 08 12 | 08
#1509-d201 @A: 19 29 28 08 | 05
#1510-d201 @A: 05 28 20 16 | 04
#1511-d201 @A: 19 16 28 18 | 01
#1512-d201 @A: 18 12 32 28 | 07
#1513-d201 @A: 13 19 12 28 | 09
#1514-d201 @A: 21 08 26 23 | 02
#1515-d201 @A: 16 19 30 21 | 10
#1516-d201 @A: 31 23 30 21 | 06
#1517-d201 @A: 16 21 05 12 | 12
#1518-d201 @A: 06 13 09 21 | 03
#1519-d201 @A: 07 01 17 21 | 11
#1520-d201 @A: 21 01 29 02 | 08
#1521-d201 @A: 08 26 15 16 | 05
#1522-d201 @A: 06 15 26 17 | 04
#1523-d201 @A: 09 15 32 08 | 01
#1524-d201 @A: 15 19 35 29 | 07
#1525-d201 @A: 06 15 13 01 | 09
#1526-d201 @A: 19 26 32 18 | 02
#1527-d201 @A: 19 14 18 26 | 10
#1528-d201 @A: 26 03 16 29 | 06
#1529-d201 @A: 12 26 31 03 | 12
#1530-d201 @A: 09 05 19 08 | 03
#1531-d201 @A: 05 20 03 08 | 11
#1532-d201 @A: 08 20 06 35 | 08
#1533-d201 @A: 08 12 01 18 | 05
#1534-d201 @A: 32 19 08 10 | 04
#1535-d201 @A: 02 23 08 13 | 01
#1536-d201 @A: 07 09 32 30 | 07
#1537-d201 @A: 10 31 30 35 | 09
#1538-d201 @A: 30 10 13 07 | 02
#1539-d201 @A: 13 30 01 12 | 10
#1540-d201 @A: 05 06 18 14 | 06
#1541-d201 @A: 05 13 01 02 | 12
#1542-d201 @A: 03 05 02 14 | 03
#1543-d201 @A: 35 05 19 31 | 11
#1544-d201 @A: 12 05 29 19 | 08
#1545-d201 @A: 09 35 01 12 | 05
#1546-d201 @A: 07 09 19 06 | 04
#1547-d201 @A: 20 18 06 12 | 01
#1548-d201 @A: 20 32 29 18 | 07
#1549-d201 @A: 32 13 20 10 | 09
#1550-d201 @A: 32 35 07 20 | 02
#1551-d201 @A: 07 20 03 13 | 10
#1552-d201 @A: 17 12 02 32 | 06
#1553-d201 @A: 29 18 01 14 | 12
#1554-d201 @A: 24 25 06 08 | 03
#1555-d201 @A: 32 24 22 15 | 11
#1556-d201 @A: 24 02 22 26 | 08
#1557-d201 @A: 06 22 09 24 | 05
#1558-d201 @A: 06 21 04 24 | 04
#1559-d201 @A: 24 26 04 01 | 01
#1560-d201 @A: 07 24 08 33 | 07
#1561-d201 @A: 15 31 24 28 | 09
#1562-d201 @A: 24 14 21 02 | 02
#1563-d201 @A: 24 15 07 03 | 10
#1564-d201 @A: 24 32 01 08 | 06
#1565-d201 @A: 05 12 01 24 | 12
#1566-d201 @A: 29 16 24 02 | 03
#1567-d201 @A: 01 31 24 03 | 11
#1568-d201 @A: 11 06 25 34 | 08
#1569-d201 @A: 10 15 25 22 | 05
#1570-d201 @A: 22 25 35 26 | 04
#1571-d201 @A: 22 03 25 05 | 01
#1572-d201 @A: 14 12 25 22 | 07
#1573-d201 @A: 26 25 02 04 | 09
#1574-d201 @A: 04 08 25 19 | 02
#1575-d201 @A: 25 17 04 23 | 10
#1576-d201 @A: 25 13 27 28 | 06
#1577-d201 @A: 28 25 12 08 | 12
#1578-d201 @A: 25 23 28 09 | 03
#1579-d201 @A: 14 21 25 03 | 11
#1580-d201 @A: 01 25 20 08 | 08
#1581-d201 @A: 05 25 17 35 | 05
#1582-d201 @A: 25 09 35 20 | 04
#1583-d201 @A: 23 25 09 14 | 01
#1584-d201 @A: 12 35 25 29 | 07
#1585-d201 @A: 13 31 12 25 | 09
#1586-d201 @A: 03 34 11 22 | 02
#1587-d201 @A: 34 10 14 04 | 10
#1588-d201 @A: 11 10 33 34 | 06
#1589-d201 @A: 34 28 21 13 | 12
#1590-d201 @A: 17 34 15 07 | 03
#1591-d201 @A: 34 03 26 14 | 11
#1592-d201 @A: 12 18 34 35 | 08
#1593-d201 @A: 29 34 12 01 | 05
#1594-d201 @A: 23 13 34 01 | 04
#1595-d201 @A: 31 06 34 23 | 01
#1596-d201 @A: 23 34 03 32 | 07
#1597-d201 @A: 04 15 18 22 | 09
#1598-d201 @A: 11 22 13 05 | 02
#1599-d201 @A: 11 18 22 20 | 10
#1600-d201 @A: 06 22 11 17 | 06
#1601-d201 @A: 23 28 22 30 | 12
#1602-d201 @A: 02 21 30 22 | 03
#1603-d201 @A: 15 06 22 30 | 11
#1604-d201 @A: 08 19 22 20 | 08
#1605-d201 @A: 17 29 22 30 | 05
#1606-d201 @A: 05 22 09 32 | 04
#1607-d201 @A: 22 17 14 10 | 01
#1608-d201 @A: 22 13 16 35 | 07
#1609-d201 @A: 22 19 03 35 | 09
#1610-d201 @A: 21 12 18 04 | 02
#1611-d201 @A: 04 06 30 08 | 10
#1612-d201 @A: 09 10 23 04 | 06
#1613-d201 @A: 31 16 01 04 | 12
#1614-d201 @A: 23 04 32 02 | 03
#1615-d201 @A: 12 04 23 35 | 11
#1616-d201 @A: 23 08 11 33 | 08
#1617-d201 @A: 14 29 28 33 | 05
#1618-d201 @A: 07 30 21 33 | 04
#1619-d201 @A: 15 30 33 10 | 01
#1620-d201 @A: 26 09 32 33 | 07
#1621-d201 @A: 26 29 35 33 | 09
#1622-d201 @A: 33 30 35 08 | 02
#1623-d201 @A: 08 16 17 33 | 10
#1624-d201 @A: 29 32 08 33 | 06
#1625-d201 @A: 32 33 05 20 | 12
#1626-d201 @A: 10 18 13 33 | 03
#1627-d201 @A: 10 33 19 02 | 11
#1628-d201 @A: 33 02 29 23 | 08
#1629-d201 @A: 06 33 13 35 | 05
#1630-d201 @A: 07 33 13 29 | 04
#1631-d201 @A: 14 31 11 27 | 01
#1632-d201 @A: 17 12 11 13 | 07
#1633-d201 @A: 16 32 11 18 | 09
#1634-d201 @A: 23 11 12 19 | 02
#1635-d201 @A: 19 31 32 11 | 10
#1636-d201 @A: 03 06 14 11 | 06
#1637-d201 @A: 18 27 30 28 | 12
#1638-d201 @A: 15 27 23 05 | 03
#1639-d201 @A: 27 15 09 18 | 11
#1640-d201 @A: 17 06 30 27 | 08
#1641-d201 @A: 27 05 10 19 | 05
#1642-d201 @A: 02 18 27 01 | 04
#1643-d201 @A: 27 13 07 31 | 01
#1644-d201 @A: 21 29 28 26 | 07
#1645-d201 @A: 28 15 01 03 | 09
#1646-d201 @A: 20 28 01 30 | 02
#1647-d201 @A: 29 12 02 28 | 10
#1648-d201 @A: 12 28 35 31 | 06
#1649-d201 @A: 32 28 29 01 | 12
#1650-d201 @A: 15 26 19 21 | 03
#1651-d201 @A: 23 15 21 17 | 11
#1652-d201 @A: 21 20 07 08 | 08
#1653-d201 @A: 05 21 30 01 | 05
#1654-d201 @A: 30 20 21 13 | 04
#1655-d201 @A: 13 21 19 05 | 01
#1656-d201 @A: 23 06 16 21 | 07
#1657-d201 @A: 19 21 14 32 | 09
#1658-d201 @A: 15 08 13 14 | 02
#1659-d201 @A: 15 05 02 30 | 10
#1660-d201 @A: 15 23 16 32 | 06
#1661-d201 @A: 29 15 02 31 | 12
#1662-d201 @A: 32 06 15 35 | 03
#1663-d201 @A: 31 12 23 15 | 11
#1664-d201 @A: 26 08 35 05 | 08
#1665-d201 @A: 05 07 26 30 | 05
#1666-d201 @A: 32 14 30 26 | 04
#1667-d201 @A: 26 06 01 09 | 01
#1668-d201 @A: 26 10 23 03 | 07
#1669-d201 @A: 26 06 31 35 | 09
#1670-d201 @A: 14 08 09 17 | 02
#1671-d201 @A: 07 08 02 10 | 10
#1672-d201 @A: 06 29 02 08 | 06
#1673-d201 @A: 14 08 03 32 | 12
#1674-d201 @A: 32 01 30 06 | 03
#1675-d201 @A: 06 35 29 05 | 11
#1676-d201 @A: 35 18 09 13 | 08
#1677-d201 @A: 09 07 18 29 | 05
#1678-d201 @A: 18 09 01 32 | 04
#1679-d201 @A: 02 12 09 10 | 01
#1680-d201 @A: 09 13 23 12 | 07
#1681-d201 @A: 06 12 09 29 | 09
#1682-d201 @A: 07 01 31 09 | 02
#1683-d201 @A: 35 20 17 01 | 10
#1684-d201 @A: 18 10 35 20 | 06
#1685-d201 @A: 07 16 20 10 | 12
#1686-d201 @A: 20 35 31 03 | 03
#1687-d201 @A: 20 14 13 23 | 11
#1688-d201 @A: 29 20 13 01 | 08
#1689-d201 @A: 13 02 17 06 | 05
