#0001-d221 @A: 19 06 20 03 | 11
#0002-d221 @A: 29 30 20 19 | 03
#0003-d221 @A: 18 13 20 30 | 12
#0004-d221 @A: 04 34 20 22 | 08
#0005-d221 @A: 29 32 22 20 | 02
#0006-d221 @A: 22 17 07 20 | 04
#0007-d221 @A: 31 06 05 20 | 07
#0008-d221 @A: 25 20 05 01 | 01
#0009-d221 @A: 01 20 02 31 | 09
#0010-d221 @A: 28 02 21 20 | 06
#0011-d221 @A: 30 15 14 20 | 05
#0012-d221 @A: 04 11 20 06 | 10
#0013-d221 @A: 06 15 20 08 | 11
#0014-d221 @A: 20 30 31 08 | 03
#0015-d221 @A: 20 09 07 06 | 12
#0016-d221 @A: 18 20 06 01 | 08
#0017-d221 @A: 34 30 20 23 | 02
#0018-d221 @A: 26 29 17 20 | 04
#0019-d221 @A: 34 11 20 25 | 07
#0020-d221 @A: 17 20 16 21 | 01
#0021-d221 @A: 20 17 12 15 | 09
#0022-d221 @A: 20 26 21 35 | 06
#0023-d221 @A: 18 15 11 20 | 05
#0024-d221 @A: 10 27 13 34 | 10
#0025-d221 @A: 35 23 22 10 | 11
#0026-d221 @A: 10 05 35 04 | 03
#0027-d221 @A: 07 05 10 12 | 12
#0028-d221 @A: 03 10 25 02 | 08
#0029-d221 @A: 32 31 14 10 | 02
#0030-d221 @A: 10 04 17 12 | 04
#0031-d221 @A: 10 35 18 06 | 07
#0032-d221 @A: 30 12 10 28 | 01
#0033-d221 @A: 12 15 10 01 | 09
#0034-d221 @A: 02 13 19 31 | 06
#0035-d221 @A: 01 19 07 13 | 05
#0036-d221 @A: 35 02 19 22 | 10
#0037-d221 @A: 19 31 05 14 | 11
#0038-d221 @A: 05 25 30 19 | 03
#0039-d221 @A: 05 35 19 21 | 12
#0040-d221 @A: 01 19 02 21 | 08
#0041-d221 @A: 07 16 19 14 | 02
#0042-d221 @A: 19 09 14 25 | 04
#0043-d221 @A: 19 04 01 18 | 07
#0044-d221 @A: 19 01 12 06 | 01
#0045-d221 @A: 31 19 30 01 | 09
#0046-d221 @A: 23 07 19 15 | 06
#0047-d221 @A: 23 19 11 28 | 05
#0048-d221 @A: 34 19 29 03 | 10
#0049-d221 @A: 29 16 21 19 | 11
#0050-d221 @A: 19 34 33 15 | 03
#0051-d221 @A: 12 19 26 33 | 12
#0052-d221 @A: 02 05 13 26 | 08
#0053-d221 @A: 13 25 02 04 | 02
#0054-d221 @A: 13 02 28 08 | 04
#0055-d221 @A: 13 34 15 24 | 07
#0056-d221 @A: 04 23 26 13 | 01
#0057-d221 @A: 13 07 32 25 | 09
#0058-d221 @A: 18 09 13 35 | 06
#0059-d221 @A: 09 25 28 13 | 05
#0060-d221 @A: 05 29 23 22 | 10
#0061-d221 @A: 14 26 24 22 | 11
#0062-d221 @A: 16 14 22 23 | 03
#0063-d221 @A: 18 22 30 04 | 12
#0064-d221 @A: 18 12 34 22 | 08
#0065-d221 @A: 25 22 17 33 | 02
#0066-d221 @A: 04 17 06 05 | 04
#0067-d221 @A: 23 05 09 08 | 07
#0068-d221 @A: 32 12 05 15 | 01
#0069-d221 @A: 17 05 29 33 | 09
#0070-d221 @A: 05 12 29 11 | 06
#0071-d221 @A: 03 05 15 29 | 05
#0072-d221 @A: 33 15 21 05 | 10
#0073-d221 @A: 18 03 09 05 | 11
#0074-d221 @A: 11 31 05 15 | 03
#0075-d221 @A: 14 28 02 27 | 12
#0076-d221 @A: 29 21 02 14 | 08
#0077-d221 @A: 24 02 25 23 | 02
#0078-d221 @A: 32 06 02 29 | 04
#0079-d221 @A: 23 31 02 11 | 07
#0080-d221 @A: 29 09 34 02 | 01
#0081-d221 @A: 02 35 21 18 | 09
#0082-d221 @A: 15 35 03 02 | 06
#0083-d221 @A: 08 01 33 14 | 05
#0084-d221 @A: 14 18 03 07 | 10
#0085-d221 @A: 31 17 18 14 | 11
#0086-d221 @A: 24 35 27 12 | 03
#0087-d221 @A: 06 24 34 08 | 12
#0088-d221 @A: 33 24 07 32 | 08
#0089-d221 @A: 06 24 23 31 | 02
#0090-d221 @A: 24 06 07 12 | 04
#0091-d221 @A: 24 17 15 35 | 07
#0092-d221 @A: 16 26 24 28 | 01
#0093-d221 @A: 04 01 11 27 | 09
#0094-d221 @A: 08 12 30 27 | 06
#0095-d221 @A: 03 01 18 27 | 05
#0096-d221 @A: 27 21 29 11 | 10
#0097-d221 @A: 12 29 33 27 | 11
#0098-d221 @A: 28 11 27 09 | 03
#0099-d221 @A: 08 07 17 04 | 12
#0100-d221 @A: 29 04 08 03 | 08
#0101-d221 @A: 12 08 04 28 | 02
#0102-d221 @A: 32 28 04 06 | 04
#0103-d221 @A: 23 11 08 30 | 07
#0104-d221 @A: 21 08 23 31 | 01
#0105-d221 @A: 09 11 07 08 | 09
#0106-d221 @A: 08 31 34 28 | 06
#0107-d221 @A: 08 03 17 35 | 05
#0108-d221 @A: 21 11 26 08 | 10
#0109-d221 @A: 32 03 16 29 | 11
#0110-d221 @A: 18 09 32 34 | 03
#0111-d221 @A: 16 11 31 32 | 12
#0112-d221 @A: 06 11 03 23 | 08
#0113-d221 @A: 06 18 33 17 | 02
#0114-d221 @A: 06 11 16 15 | 04
#0115-d221 @A: 28 07 18 30 | 07
#0116-d221 @A: 17 28 03 30 | 01
#0117-d221 @A: 30 21 03 12 | 09
#0118-d221 @A: 25 23 07 35 | 06
#0119-d221 @A: 31 23 29 17 | 05
#0120-d221 @A: 31 16 23 18 | 10
#0121-d221 @A: 18 25 23 15 | 11
#0122-d221 @A: 07 01 33 35 | 03
#0123-d221 @A: 33 26 29 07 | 12
#0124-d221 @A: 18 11 25 07 | 08
#0125-d221 @A: 07 35 12 09 | 02
#0126-d221 @A: 28 34 01 21 | 04
#0127-d221 @A: 31 11 12 03 | 07
#0128-d221 @A: 10 07 28 20 | 01
#0129-d221 @A: 02 14 20 19 | 09
#0130-d221 @A: 20 04 19 32 | 06
#0131-d221 @A: 13 26 08 20 | 05
#0132-d221 @A: 11 20 12 13 | 10
#0133-d221 @A: 24 33 20 02 | 11
#0134-d221 @A: 08 09 02 20 | 03
#0135-d221 @A: 20 23 24 08 | 12
#0136-d221 @A: 01 20 24 07 | 08
#0137-d221 @A: 31 20 27 07 | 02
#0138-d221 @A: 20 11 01 08 | 04
#0139-d221 @A: 32 20 03 09 | 07
#0140-d221 @A: 20 17 34 03 | 01
#0141-d221 @A: 13 10 12 16 | 09
#0142-d221 @A: 09 10 22 05 | 06
#0143-d221 @A: 10 22 01 11 | 05
#0144-d221 @A: 10 28 30 02 | 10
#0145-d221 @A: 03 06 14 10 | 11
#0146-d221 @A: 24 10 11 23 | 03
#0147-d221 @A: 24 10 33 12 | 12
#0148-d221 @A: 04 10 15 16 | 08
#0149-d221 @A: 30 10 35 08 | 02
#0150-d221 @A: 08 18 31 10 | 04
#0151-d221 @A: 32 10 26 30 | 07
#0152-d221 @A: 15 10 01 23 | 01
#0153-d221 @A: 10 34 21 03 | 09
#0154-d221 @A: 10 16 09 25 | 06
#0155-d221 @A: 22 19 30 17 | 05
#0156-d221 @A: 05 17 19 02 | 10
#0157-d221 @A: 33 19 23 05 | 11
#0158-d221 @A: 14 19 28 24 | 03
#0159-d221 @A: 24 26 32 19 | 12
#0160-d221 @A: 31 19 27 08 | 08
#0161-d221 @A: 19 23 25 27 | 02
#0162-d221 @A: 21 19 32 12 | 04
#0163-d221 @A: 18 19 17 28 | 07
#0164-d221 @A: 28 09 19 33 | 01
#0165-d221 @A: 22 13 29 04 | 09
#0166-d221 @A: 29 13 16 14 | 06
#0167-d221 @A: 24 13 29 27 | 05
#0168-d221 @A: 23 17 24 13 | 10
#0169-d221 @A: 29 13 12 32 | 11
#0170-d221 @A: 13 06 23 16 | 03
#0171-d221 @A: 28 13 29 34 | 12
#0172-d221 @A: 17 09 29 13 | 08
#0173-d221 @A: 13 29 15 25 | 02
#0174-d221 @A: 26 13 18 03 | 04
#0175-d221 @A: 21 09 13 11 | 07
#0176-d221 @A: 18 31 13 28 | 01
#0177-d221 @A: 02 29 01 22 | 09
#0178-d221 @A: 12 02 33 22 | 06
#0179-d221 @A: 22 01 14 03 | 05
#0180-d221 @A: 24 17 34 22 | 10
#0181-d221 @A: 24 22 31 12 | 11
#0182-d221 @A: 11 27 22 25 | 03
#0183-d221 @A: 22 11 33 06 | 12
#0184-d221 @A: 26 22 07 21 | 08
#0185-d221 @A: 17 22 15 29 | 02
#0186-d221 @A: 18 22 25 26 | 04
#0187-d221 @A: 26 03 22 15 | 07
#0188-d221 @A: 22 25 03 16 | 01
#0189-d221 @A: 28 22 35 25 | 09
#0190-d221 @A: 14 08 35 05 | 06
#0191-d221 @A: 05 24 04 23 | 05
#0192-d221 @A: 32 05 29 24 | 10
#0193-d221 @A: 32 05 16 30 | 11
#0194-d221 @A: 05 01 34 32 | 03
#0195-d221 @A: 03 26 05 23 | 12
#0196-d221 @A: 25 29 05 35 | 08
#0197-d221 @A: 26 17 05 25 | 02
#0198-d221 @A: 12 33 35 05 | 04
#0199-d221 @A: 15 06 27 02 | 07
#0200-d221 @A: 12 21 04 02 | 01
#0201-d221 @A: 11 06 02 08 | 09
#0202-d221 @A: 32 02 07 28 | 06
#0203-d221 @A: 02 21 09 23 | 05
#0204-d221 @A: 02 07 12 03 | 10
#0205-d221 @A: 34 11 28 02 | 11
#0206-d221 @A: 15 02 11 26 | 03
#0207-d221 @A: 02 15 18 33 | 12
#0208-d221 @A: 03 14 32 24 | 08
#0209-d221 @A: 14 04 08 26 | 02
#0210-d221 @A: 04 14 25 32 | 04
#0211-d221 @A: 30 11 14 04 | 07
#0212-d221 @A: 14 08 09 30 | 01
#0213-d221 @A: 14 15 32 18 | 09
#0214-d221 @A: 23 26 14 07 | 06
#0215-d221 @A: 14 28 25 29 | 05
#0216-d221 @A: 35 09 14 26 | 10
#0217-d221 @A: 24 04 28 01 | 11
#0218-d221 @A: 08 30 24 03 | 03
#0219-d221 @A: 26 33 08 24 | 12
#0220-d221 @A: 18 24 15 29 | 08
#0221-d221 @A: 18 24 34 31 | 02
#0222-d221 @A: 09 24 17 31 | 04
#0223-d221 @A: 16 15 31 24 | 07
#0224-d221 @A: 08 27 26 30 | 01
#0225-d221 @A: 11 35 27 06 | 09
#0226-d221 @A: 27 33 09 21 | 06
#0227-d221 @A: 31 06 04 08 | 05
#0228-d221 @A: 09 11 34 04 | 10
#0229-d221 @A: 17 04 25 11 | 11
#0230-d221 @A: 03 04 09 17 | 03
#0231-d221 @A: 18 08 17 23 | 12
#0232-d221 @A: 23 03 15 08 | 08
#0233-d221 @A: 01 12 33 08 | 02
#0234-d221 @A: 26 15 16 08 | 04
#0235-d221 @A: 18 35 08 26 | 07
#0236-d221 @A: 11 12 16 08 | 01
#0237-d221 @A: 17 32 29 30 | 09
#0238-d221 @A: 31 01 15 32 | 06
#0239-d221 @A: 32 09 12 31 | 05
#0240-d221 @A: 30 07 06 01 | 10
#0241-d221 @A: 34 21 29 06 | 11
#0242-d221 @A: 17 16 34 06 | 03
#0243-d221 @A: 21 18 15 06 | 12
#0244-d221 @A: 26 34 29 30 | 08
#0245-d221 @A: 29 28 11 30 | 02
#0246-d221 @A: 34 30 21 18 | 04
#0247-d221 @A: 28 34 30 33 | 07
#0248-d221 @A: 17 15 31 30 | 01
#0249-d221 @A: 30 11 16 26 | 09
#0250-d221 @A: 21 15 28 30 | 06
#0251-d221 @A: 30 12 35 16 | 05
#0252-d221 @A: 26 15 23 29 | 10
#0253-d221 @A: 29 35 16 23 | 11
#0254-d221 @A: 12 23 28 26 | 03
#0255-d221 @A: 34 31 11 07 | 12
#0256-d221 @A: 03 07 34 15 | 08
#0257-d221 @A: 26 07 15 09 | 02
#0258-d221 @A: 12 07 31 21 | 04
#0259-d221 @A: 33 03 07 28 | 07
#0260-d221 @A: 01 15 26 33 | 01
#0261-d221 @A: 26 01 03 35 | 09
#0262-d221 @A: 11 28 33 01 | 06
#0263-d221 @A: 34 35 12 31 | 05
#0264-d221 @A: 09 34 28 12 | 10
#0265-d221 @A: 12 03 25 33 | 11
#0266-d221 @A: 05 10 24 20 | 03
#0267-d221 @A: 20 21 06 10 | 12
#0268-d221 @A: 20 30 10 09 | 08
#0269-d221 @A: 19 15 20 01 | 02
#0270-d221 @A: 35 19 20 28 | 04
#0271-d221 @A: 12 28 20 19 | 07
#0272-d221 @A: 02 30 22 20 | 01
#0273-d221 @A: 20 01 22 09 | 09
#0274-d221 @A: 05 20 28 30 | 06
#0275-d221 @A: 20 04 29 02 | 05
#0276-d221 @A: 21 20 14 32 | 10
#0277-d221 @A: 24 20 17 06 | 11
#0278-d221 @A: 24 29 11 20 | 03
#0279-d221 @A: 17 01 20 23 | 12
#0280-d221 @A: 35 18 20 34 | 08
#0281-d221 @A: 20 25 16 35 | 02
#0282-d221 @A: 31 20 33 15 | 04
#0283-d221 @A: 10 32 21 19 | 07
#0284-d221 @A: 28 01 19 10 | 01
#0285-d221 @A: 16 13 10 03 | 09
#0286-d221 @A: 22 10 21 04 | 06
#0287-d221 @A: 10 32 22 25 | 05
#0288-d221 @A: 07 18 10 22 | 10
#0289-d221 @A: 10 02 18 01 | 11
#0290-d221 @A: 14 34 10 30 | 03
#0291-d221 @A: 10 30 24 18 | 12
#0292-d221 @A: 32 08 10 29 | 08
#0293-d221 @A: 10 32 28 11 | 02
#0294-d221 @A: 15 30 06 10 | 04
#0295-d221 @A: 16 29 18 10 | 07
#0296-d221 @A: 09 17 21 10 | 01
#0297-d221 @A: 35 21 12 10 | 09
#0298-d221 @A: 33 10 31 11 | 06
#0299-d221 @A: 15 13 19 32 | 05
#0300-d221 @A: 22 19 31 23 | 10
#0301-d221 @A: 19 22 26 01 | 11
#0302-d221 @A: 24 02 34 19 | 03
#0303-d221 @A: 19 02 03 32 | 12
#0304-d221 @A: 17 32 14 19 | 08
#0305-d221 @A: 33 14 29 19 | 02
#0306-d221 @A: 14 19 35 34 | 04
#0307-d221 @A: 19 30 11 24 | 07
#0308-d221 @A: 18 19 23 32 | 01
#0309-d221 @A: 34 17 09 19 | 09
#0310-d221 @A: 03 25 15 19 | 06
#0311-d221 @A: 19 31 15 28 | 05
#0312-d221 @A: 26 22 30 13 | 10
#0313-d221 @A: 25 24 05 13 | 11
#0314-d221 @A: 14 31 06 13 | 03
#0315-d221 @A: 32 27 13 03 | 12
#0316-d221 @A: 27 11 31 13 | 08
#0317-d221 @A: 13 34 04 07 | 02
#0318-d221 @A: 26 12 13 08 | 04
#0319-d221 @A: 32 13 34 16 | 07
#0320-d221 @A: 13 33 28 15 | 01
#0321-d221 @A: 35 13 12 28 | 09
#0322-d221 @A: 32 22 03 05 | 06
#0323-d221 @A: 18 14 22 06 | 05
#0324-d221 @A: 22 04 33 24 | 10
#0325-d221 @A: 26 27 23 22 | 11
#0326-d221 @A: 22 04 06 03 | 03
#0327-d221 @A: 07 04 16 22 | 12
#0328-d221 @A: 32 08 18 22 | 08
#0329-d221 @A: 32 16 22 01 | 02
#0330-d221 @A: 01 06 34 22 | 04
#0331-d221 @A: 30 16 22 09 | 07
#0332-d221 @A: 26 33 34 22 | 01
#0333-d221 @A: 11 26 09 22 | 09
#0334-d221 @A: 14 02 34 05 | 06
#0335-d221 @A: 05 32 14 33 | 05
#0336-d221 @A: 21 01 14 05 | 10
#0337-d221 @A: 24 11 08 05 | 11
#0338-d221 @A: 21 05 27 04 | 03
#0339-d221 @A: 05 27 34 12 | 12
#0340-d221 @A: 07 05 06 26 | 08
#0341-d221 @A: 21 34 11 05 | 02
#0342-d221 @A: 11 17 05 18 | 04
#0343-d221 @A: 16 21 05 26 | 07
#0344-d221 @A: 33 26 09 05 | 01
#0345-d221 @A: 05 09 31 21 | 09
#0346-d221 @A: 15 25 05 28 | 06
#0347-d221 @A: 02 14 03 04 | 05
#0348-d221 @A: 02 14 26 25 | 10
#0349-d221 @A: 35 24 32 02 | 11
#0350-d221 @A: 02 04 01 07 | 03
#0351-d221 @A: 26 02 16 29 | 12
#0352-d221 @A: 21 02 15 16 | 08
#0353-d221 @A: 11 33 02 09 | 02
#0354-d221 @A: 34 14 21 24 | 04
#0355-d221 @A: 32 14 12 07 | 07
#0356-d221 @A: 21 16 30 14 | 01
#0357-d221 @A: 17 03 14 21 | 09
#0358-d221 @A: 11 14 31 03 | 06
#0359-d221 @A: 08 24 28 27 | 05
#0360-d221 @A: 24 17 01 32 | 10
#0361-d221 @A: 24 16 06 30 | 11
#0362-d221 @A: 23 34 26 24 | 03
#0363-d221 @A: 16 24 11 07 | 12
#0364-d221 @A: 24 21 26 09 | 08
#0365-d221 @A: 09 24 15 33 | 02
#0366-d221 @A: 33 30 27 25 | 04
#0367-d221 @A: 29 17 27 34 | 07
#0368-d221 @A: 29 27 18 31 | 01
#0369-d221 @A: 11 33 27 17 | 09
#0370-d221 @A: 31 33 16 27 | 06
#0371-d221 @A: 09 04 32 23 | 05
#0372-d221 @A: 06 23 04 33 | 10
#0373-d221 @A: 06 01 04 29 | 11
#0374-d221 @A: 34 15 04 28 | 03
#0375-d221 @A: 33 28 04 31 | 12
#0376-d221 @A: 12 08 32 03 | 08
#0377-d221 @A: 33 08 15 30 | 02
#0378-d221 @A: 23 26 01 08 | 04
#0379-d221 @A: 35 28 29 08 | 07
#0380-d221 @A: 08 34 15 18 | 01
#0381-d221 @A: 17 08 11 31 | 09
#0382-d221 @A: 18 08 03 16 | 06
#0383-d221 @A: 06 03 25 32 | 05
#0384-d221 @A: 30 32 12 34 | 10
#0385-d221 @A: 21 32 34 25 | 11
#0386-d221 @A: 06 33 30 12 | 03
#0387-d221 @A: 31 28 06 30 | 12
#0388-d221 @A: 33 28 35 06 | 08
#0389-d221 @A: 06 03 15 09 | 02
#0390-d221 @A: 29 31 16 30 | 04
#0391-d221 @A: 17 12 09 30 | 07
#0392-d221 @A: 09 30 26 25 | 01
#0393-d221 @A: 25 35 21 30 | 09
#0394-d221 @A: 09 25 23 11 | 06
#0395-d221 @A: 01 17 07 26 | 05
#0396-d221 @A: 25 34 07 28 | 10
#0397-d221 @A: 28 07 21 11 | 11
#0398-d221 @A: 07 28 15 35 | 03
#0399-d221 @A: 26 18 29 01 | 12
#0400-d221 @A: 15 01 16 03 | 08
#0401-d221 @A: 01 20 03 10 | 02
#0402-d221 @A: 20 34 10 12 | 04
#0403-d221 @A: 35 10 17 20 | 07
#0404-d221 @A: 16 20 10 26 | 01
#0405-d221 @A: 19 05 20 26 | 09
#0406-d221 @A: 20 19 24 31 | 06
#0407-d221 @A: 18 20 09 19 | 05
#0408-d221 @A: 20 13 02 11 | 10
#0409-d221 @A: 17 20 14 13 | 11
#0410-d221 @A: 09 20 17 05 | 03
#0411-d221 @A: 01 26 14 20 | 12
#0412-d221 @A: 12 20 21 14 | 08
#0413-d221 @A: 14 16 31 20 | 02
#0414-d221 @A: 27 30 20 04 | 04
#0415-d221 @A: 06 27 20 28 | 07
#0416-d221 @A: 04 23 25 20 | 01
#0417-d221 @A: 32 23 26 20 | 09
#0418-d221 @A: 20 07 30 12 | 06
#0419-d221 @A: 09 20 31 23 | 05
#0420-d221 @A: 29 20 15 21 | 10
#0421-d221 @A: 25 31 20 17 | 11
#0422-d221 @A: 25 18 28 20 | 03
#0423-d221 @A: 10 19 05 11 | 12
#0424-d221 @A: 35 13 02 10 | 08
#0425-d221 @A: 24 13 26 10 | 02
#0426-d221 @A: 10 31 13 30 | 04
#0427-d221 @A: 22 08 26 10 | 07
#0428-d221 @A: 01 17 05 10 | 01
#0429-d221 @A: 21 10 11 02 | 09
#0430-d221 @A: 28 10 14 04 | 06
#0431-d221 @A: 28 29 10 26 | 05
#0432-d221 @A: 34 10 17 26 | 10
#0433-d221 @A: 18 10 33 03 | 11
#0434-d221 @A: 15 10 18 09 | 03
#0435-d221 @A: 09 10 28 31 | 12
#0436-d221 @A: 25 19 13 33 | 08
#0437-d221 @A: 19 22 14 21 | 02
#0438-d221 @A: 19 16 22 24 | 04
#0439-d221 @A: 08 09 19 22 | 07
#0440-d221 @A: 23 03 19 24 | 01
#0441-d221 @A: 33 04 08 19 | 09
#0442-d221 @A: 19 04 07 11 | 06
#0443-d221 @A: 19 30 32 28 | 05
#0444-d221 @A: 32 19 09 16 | 10
#0445-d221 @A: 19 21 06 11 | 11
#0446-d221 @A: 34 16 19 31 | 03
#0447-d221 @A: 35 19 31 18 | 12
#0448-d221 @A: 09 31 22 13 | 08
#0449-d221 @A: 02 13 14 24 | 02
#0450-d221 @A: 04 14 13 21 | 04
#0451-d221 @A: 24 18 13 01 | 07
#0452-d221 @A: 04 13 31 16 | 01
#0453-d221 @A: 32 30 06 13 | 09
#0454-d221 @A: 32 29 01 13 | 06
#0455-d221 @A: 13 01 06 28 | 05
#0456-d221 @A: 06 03 34 13 | 10
#0457-d221 @A: 29 03 13 30 | 11
#0458-d221 @A: 13 12 25 07 | 03
#0459-d221 @A: 13 15 26 31 | 12
#0460-d221 @A: 13 21 31 25 | 08
#0461-d221 @A: 31 13 12 18 | 02
#0462-d221 @A: 22 27 05 17 | 04
#0463-d221 @A: 02 06 22 24 | 07
#0464-d221 @A: 11 24 32 22 | 01
#0465-d221 @A: 03 22 21 27 | 09
#0466-d221 @A: 08 04 11 22 | 06
#0467-d221 @A: 31 04 22 32 | 05
#0468-d221 @A: 08 22 01 28 | 10
#0469-d221 @A: 15 30 22 23 | 11
#0470-d221 @A: 22 31 21 17 | 03
#0471-d221 @A: 22 35 15 09 | 12
#0472-d221 @A: 05 14 18 04 | 08
#0473-d221 @A: 07 29 05 14 | 02
#0474-d221 @A: 05 09 24 06 | 04
#0475-d221 @A: 28 05 24 12 | 07
#0476-d221 @A: 05 26 27 29 | 01
#0477-d221 @A: 04 05 25 07 | 09
#0478-d221 @A: 15 08 05 17 | 06
#0479-d221 @A: 14 06 35 02 | 05
#0480-d221 @A: 24 21 31 02 | 10
#0481-d221 @A: 24 15 28 02 | 11
#0482-d221 @A: 02 27 33 32 | 03
#0483-d221 @A: 06 34 02 04 | 12
#0484-d221 @A: 23 33 08 02 | 08
#0485-d221 @A: 25 18 02 08 | 02
#0486-d221 @A: 06 01 02 25 | 04
#0487-d221 @A: 30 02 12 01 | 07
#0488-d221 @A: 33 02 31 17 | 01
#0489-d221 @A: 03 17 02 11 | 09
#0490-d221 @A: 02 28 18 16 | 06
#0491-d221 @A: 31 02 18 09 | 05
#0492-d221 @A: 31 28 02 35 | 10
#0493-d221 @A: 24 14 30 35 | 11
#0494-d221 @A: 09 14 27 12 | 03
#0495-d221 @A: 14 04 09 06 | 12
#0496-d221 @A: 07 14 06 28 | 08
#0497-d221 @A: 34 14 23 31 | 02
#0498-d221 @A: 12 31 01 14 | 04
#0499-d221 @A: 29 14 03 26 | 07
#0500-d221 @A: 31 26 14 28 | 01
#0501-d221 @A: 15 21 14 31 | 09
#0502-d221 @A: 27 34 01 24 | 06
#0503-d221 @A: 31 04 03 24 | 05
#0504-d221 @A: 28 03 24 09 | 10
#0505-d221 @A: 29 27 15 04 | 11
#0506-d221 @A: 15 08 27 07 | 03
#0507-d221 @A: 06 27 30 03 | 12
#0508-d221 @A: 26 15 27 21 | 08
#0509-d221 @A: 27 18 25 35 | 02
#0510-d221 @A: 32 11 03 04 | 04
#0511-d221 @A: 04 35 25 01 | 07
#0512-d221 @A: 29 11 04 33 | 01
#0513-d221 @A: 35 26 04 28 | 09
#0514-d221 @A: 25 04 28 21 | 06
#0515-d221 @A: 32 08 03 33 | 05
#0516-d221 @A: 08 30 18 06 | 10
#0517-d221 @A: 16 08 11 29 | 11
#0518-d221 @A: 33 17 28 08 | 03
#0519-d221 @A: 32 23 17 06 | 12
#0520-d221 @A: 32 34 03 31 | 08
#0521-d221 @A: 31 06 34 33 | 02
#0522-d221 @A: 12 06 21 17 | 04
#0523-d221 @A: 31 21 06 26 | 07
#0524-d221 @A: 06 26 25 33 | 01
#0525-d221 @A: 06 15 25 35 | 09
#0526-d221 @A: 16 30 35 17 | 06
#0527-d221 @A: 18 17 30 09 | 05
#0528-d221 @A: 30 35 26 15 | 10
#0529-d221 @A: 31 33 35 30 | 11
#0530-d221 @A: 07 01 21 03 | 03
#0531-d221 @A: 03 29 31 07 | 12
#0532-d221 @A: 09 33 07 17 | 08
#0533-d221 @A: 07 03 26 11 | 02
#0534-d221 @A: 18 07 33 31 | 04
#0535-d221 @A: 21 28 12 29 | 07
#0536-d221 @A: 18 11 12 26 | 01
#0537-d221 @A: 21 13 05 20 | 09
#0538-d221 @A: 05 33 20 22 | 06
#0539-d221 @A: 28 20 14 22 | 05
#0540-d221 @A: 20 08 22 03 | 10
#0541-d221 @A: 23 20 22 21 | 11
#0542-d221 @A: 20 22 18 16 | 03
#0543-d221 @A: 05 23 02 20 | 12
#0544-d221 @A: 06 16 20 02 | 08
#0545-d221 @A: 20 17 02 18 | 02
#0546-d221 @A: 27 20 16 24 | 04
#0547-d221 @A: 26 20 24 30 | 07
#0548-d221 @A: 27 32 20 17 | 01
#0549-d221 @A: 28 20 32 01 | 09
#0550-d221 @A: 16 15 20 34 | 06
#0551-d221 @A: 26 33 20 18 | 05
#0552-d221 @A: 12 35 20 25 | 10
#0553-d221 @A: 15 02 19 10 | 11
#0554-d221 @A: 06 19 10 16 | 03
#0555-d221 @A: 10 13 05 32 | 12
#0556-d221 @A: 13 11 18 10 | 08
#0557-d221 @A: 25 12 22 10 | 02
#0558-d221 @A: 24 33 14 10 | 04
#0559-d221 @A: 10 32 16 24 | 07
#0560-d221 @A: 27 08 17 10 | 01
#0561-d221 @A: 26 25 10 27 | 09
#0562-d221 @A: 10 33 32 23 | 06
#0563-d221 @A: 29 10 34 07 | 05
#0564-d221 @A: 01 34 33 10 | 10
#0565-d221 @A: 33 29 10 09 | 11
#0566-d221 @A: 18 28 34 10 | 03
#0567-d221 @A: 35 10 33 16 | 12
#0568-d221 @A: 25 33 10 28 | 08
#0569-d221 @A: 04 22 19 25 | 02
#0570-d221 @A: 04 02 19 16 | 04
#0571-d221 @A: 26 19 02 08 | 07
#0572-d221 @A: 16 30 15 19 | 01
#0573-d221 @A: 19 35 17 25 | 09
#0574-d221 @A: 27 05 28 13 | 06
#0575-d221 @A: 14 12 13 04 | 05
#0576-d221 @A: 13 26 14 32 | 10
#0577-d221 @A: 13 04 24 32 | 11
#0578-d221 @A: 11 24 13 06 | 03
#0579-d221 @A: 01 04 13 03 | 12
#0580-d221 @A: 09 13 33 32 | 08
#0581-d221 @A: 17 07 06 13 | 02
#0582-d221 @A: 16 30 13 07 | 04
#0583-d221 @A: 28 16 11 13 | 07
#0584-d221 @A: 13 03 11 25 | 01
#0585-d221 @A: 05 26 04 22 | 09
#0586-d221 @A: 08 05 22 12 | 06
#0587-d221 @A: 03 22 02 23 | 05
#0588-d221 @A: 31 22 07 02 | 10
#0589-d221 @A: 14 22 12 26 | 11
#0590-d221 @A: 25 07 08 22 | 03
#0591-d221 @A: 16 35 06 22 | 12
#0592-d221 @A: 22 25 09 06 | 08
#0593-d221 @A: 29 23 12 22 | 02
#0594-d221 @A: 22 34 29 31 | 04
#0595-d221 @A: 35 34 03 22 | 07
#0596-d221 @A: 15 12 03 22 | 01
#0597-d221 @A: 05 17 24 14 | 09
#0598-d221 @A: 24 05 30 33 | 06
#0599-d221 @A: 26 05 24 01 | 05
#0600-d221 @A: 06 12 05 23 | 10
#0601-d221 @A: 05 30 07 09 | 11
#0602-d221 @A: 05 17 21 23 | 03
#0603-d221 @A: 05 29 16 34 | 12
#0604-d221 @A: 17 03 16 05 | 08
#0605-d221 @A: 05 03 12 09 | 02
#0606-d221 @A: 14 02 32 16 | 04
#0607-d221 @A: 02 31 30 14 | 07
#0608-d221 @A: 24 07 02 17 | 01
#0609-d221 @A: 02 01 24 03 | 09
#0610-d221 @A: 12 32 27 02 | 06
#0611-d221 @A: 02 32 31 08 | 05
#0612-d221 @A: 02 01 09 32 | 10
#0613-d221 @A: 02 11 12 17 | 11
#0614-d221 @A: 16 03 31 02 | 03
#0615-d221 @A: 14 01 24 31 | 12
#0616-d221 @A: 06 17 08 14 | 08
#0617-d221 @A: 14 01 15 06 | 02
#0618-d221 @A: 30 03 14 23 | 04
#0619-d221 @A: 30 12 14 11 | 07
#0620-d221 @A: 14 18 25 16 | 01
#0621-d221 @A: 15 25 33 14 | 09
#0622-d221 @A: 31 32 27 24 | 06
#0623-d221 @A: 24 07 26 27 | 05
#0624-d221 @A: 01 24 21 08 | 10
#0625-d221 @A: 06 24 18 32 | 11
#0626-d221 @A: 24 06 07 03 | 03
#0627-d221 @A: 21 24 06 25 | 12
#0628-d221 @A: 23 24 30 28 | 08
#0629-d221 @A: 09 01 24 11 | 02
#0630-d221 @A: 24 29 34 25 | 04
#0631-d221 @A: 16 24 29 09 | 07
#0632-d221 @A: 03 34 16 24 | 01
#0633-d221 @A: 08 25 04 27 | 09
#0634-d221 @A: 26 32 34 27 | 06
#0635-d221 @A: 27 09 23 07 | 05
#0636-d221 @A: 07 27 17 03 | 10
#0637-d221 @A: 27 31 26 17 | 11
#0638-d221 @A: 27 09 25 31 | 03
#0639-d221 @A: 08 04 28 30 | 12
#0640-d221 @A: 01 04 08 15 | 08
#0641-d221 @A: 32 29 04 07 | 02
#0642-d221 @A: 16 06 04 18 | 04
#0643-d221 @A: 04 17 30 34 | 07
#0644-d221 @A: 18 34 04 23 | 01
#0645-d221 @A: 35 04 11 16 | 09
#0646-d221 @A: 15 04 03 33 | 06
#0647-d221 @A: 04 31 15 25 | 05
#0648-d221 @A: 25 08 29 09 | 10
#0649-d221 @A: 03 08 21 09 | 11
#0650-d221 @A: 33 32 29 31 | 03
#0651-d221 @A: 07 31 15 06 | 12
#0652-d221 @A: 21 17 06 35 | 08
#0653-d221 @A: 30 18 26 31 | 02
#0654-d221 @A: 09 03 30 11 | 04
#0655-d221 @A: 25 29 01 23 | 07
#0656-d221 @A: 28 09 26 23 | 01
#0657-d221 @A: 12 25 21 23 | 09
#0658-d221 @A: 12 35 03 23 | 06
#0659-d221 @A: 28 31 23 25 | 05
#0660-d221 @A: 29 01 07 11 | 10
#0661-d221 @A: 18 29 35 07 | 11
#0662-d221 @A: 17 25 15 07 | 03
#0663-d221 @A: 07 09 31 16 | 12
#0664-d221 @A: 33 11 07 12 | 08
#0665-d221 @A: 07 12 28 15 | 02
#0666-d221 @A: 33 03 29 01 | 04
#0667-d221 @A: 34 11 12 01 | 07
#0668-d221 @A: 18 25 01 21 | 01
#0669-d221 @A: 02 10 20 34 | 09
#0670-d221 @A: 07 20 19 33 | 06
#0671-d221 @A: 13 20 35 22 | 05
#0672-d221 @A: 04 09 13 20 | 10
#0673-d221 @A: 20 14 33 04 | 11
#0674-d221 @A: 14 20 25 08 | 03
#0675-d221 @A: 32 20 34 24 | 12
#0676-d221 @A: 27 09 26 20 | 08
#0677-d221 @A: 15 04 20 17 | 02
#0678-d221 @A: 08 07 34 20 | 04
#0679-d221 @A: 20 16 09 11 | 07
#0680-d221 @A: 03 33 25 20 | 01
#0681-d221 @A: 20 28 09 15 | 09
#0682-d221 @A: 19 26 10 14 | 06
#0683-d221 @A: 17 24 10 19 | 05
#0684-d221 @A: 19 27 18 10 | 10
#0685-d221 @A: 07 35 10 19 | 11
#0686-d221 @A: 14 02 10 09 | 03
#0687-d221 @A: 12 14 10 08 | 12
#0688-d221 @A: 32 09 10 27 | 08
#0689-d221 @A: 31 12 10 27 | 02
#0690-d221 @A: 08 33 10 06 | 04
#0691-d221 @A: 17 29 10 03 | 07
#0692-d221 @A: 10 21 29 31 | 01
#0693-d221 @A: 10 34 15 31 | 09
#0694-d221 @A: 15 21 10 25 | 06
#0695-d221 @A: 05 19 03 13 | 05
#0696-d221 @A: 05 29 19 01 | 10
#0697-d221 @A: 19 27 02 11 | 11
#0698-d221 @A: 02 30 19 18 | 03
#0699-d221 @A: 23 29 19 02 | 12
#0700-d221 @A: 19 02 09 07 | 08
#0701-d221 @A: 25 02 19 28 | 02
#0702-d221 @A: 14 06 30 19 | 04
#0703-d221 @A: 06 15 24 19 | 07
#0704-d221 @A: 04 27 26 19 | 01
#0705-d221 @A: 19 07 27 29 | 09
#0706-d221 @A: 04 03 30 19 | 06
#0707-d221 @A: 19 12 31 08 | 05
#0708-d221 @A: 06 07 19 25 | 10
#0709-d221 @A: 34 01 19 23 | 11
#0710-d221 @A: 19 12 07 01 | 03
#0711-d221 @A: 26 25 19 16 | 12
#0712-d221 @A: 33 11 03 19 | 08
#0713-d221 @A: 08 22 15 13 | 02
#0714-d221 @A: 12 22 13 30 | 04
#0715-d221 @A: 13 22 18 34 | 07
#0716-d221 @A: 05 04 11 13 | 01
#0717-d221 @A: 27 09 08 13 | 09
#0718-d221 @A: 13 34 30 01 | 06
#0719-d221 @A: 23 33 03 13 | 05
#0720-d221 @A: 28 07 26 13 | 10
#0721-d221 @A: 35 21 13 29 | 11
#0722-d221 @A: 17 34 13 11 | 03
#0723-d221 @A: 34 35 13 31 | 12
#0724-d221 @A: 21 28 17 13 | 08
#0725-d221 @A: 25 16 13 17 | 02
#0726-d221 @A: 17 13 31 03 | 04
#0727-d221 @A: 31 22 05 01 | 07
#0728-d221 @A: 04 15 22 02 | 01
#0729-d221 @A: 21 08 02 22 | 09
#0730-d221 @A: 22 23 09 24 | 06
#0731-d221 @A: 31 22 27 06 | 05
#0732-d221 @A: 22 28 30 27 | 10
#0733-d221 @A: 22 28 04 23 | 11
#0734-d221 @A: 16 17 08 22 | 03
#0735-d221 @A: 07 12 18 22 | 12
#0736-d221 @A: 09 22 34 21 | 08
#0737-d221 @A: 28 34 22 16 | 02
#0738-d221 @A: 22 03 33 09 | 04
#0739-d221 @A: 05 35 27 07 | 07
#0740-d221 @A: 31 32 05 23 | 01
#0741-d221 @A: 32 28 09 05 | 09
#0742-d221 @A: 11 30 05 06 | 06
#0743-d221 @A: 06 05 15 23 | 05
#0744-d221 @A: 21 05 25 03 | 10
#0745-d221 @A: 27 02 01 26 | 11
#0746-d221 @A: 02 29 08 17 | 03
#0747-d221 @A: 09 06 02 26 | 12
#0748-d221 @A: 06 02 12 25 | 08
#0749-d221 @A: 30 02 23 26 | 02
#0750-d221 @A: 30 02 07 03 | 04
#0751-d221 @A: 25 02 29 33 | 07
#0752-d221 @A: 25 34 02 31 | 01
#0753-d221 @A: 09 17 02 16 | 09
#0754-d221 @A: 02 18 12 28 | 06
#0755-d221 @A: 14 31 27 35 | 05
#0756-d221 @A: 08 14 07 21 | 10
#0757-d221 @A: 06 14 11 26 | 11
#0758-d221 @A: 07 33 30 14 | 03
#0759-d221 @A: 15 14 17 26 | 12
#0760-d221 @A: 16 14 17 11 | 08
#0761-d221 @A: 03 17 14 12 | 02
#0762-d221 @A: 33 18 35 14 | 04
#0763-d221 @A: 03 14 15 28 | 07
#0764-d221 @A: 06 24 04 27 | 01
#0765-d221 @A: 09 08 04 24 | 09
#0766-d221 @A: 03 01 24 12 | 06
#0767-d221 @A: 09 25 18 24 | 05
#0768-d221 @A: 30 32 27 15 | 10
#0769-d221 @A: 23 27 01 28 | 11
#0770-d221 @A: 27 12 28 01 | 03
#0771-d221 @A: 27 17 16 15 | 12
#0772-d221 @A: 17 27 12 16 | 08
#0773-d221 @A: 27 25 16 21 | 02
#0774-d221 @A: 28 31 27 21 | 04
#0775-d221 @A: 21 04 16 08 | 07
#0776-d221 @A: 04 30 23 21 | 01
#0777-d221 @A: 01 04 16 30 | 09
#0778-d221 @A: 29 35 04 34 | 06
#0779-d221 @A: 04 18 29 17 | 05
#0780-d221 @A: 04 33 16 34 | 10
#0781-d221 @A: 21 15 09 04 | 11
#0782-d221 @A: 11 04 15 12 | 03
#0783-d221 @A: 04 31 25 12 | 12
#0784-d221 @A: 01 08 35 09 | 08
#0785-d221 @A: 08 29 12 25 | 02
#0786-d221 @A: 08 35 25 33 | 04
#0787-d221 @A: 32 17 11 12 | 07
#0788-d221 @A: 06 29 30 23 | 01
#0789-d221 @A: 06 31 17 01 | 09
#0790-d221 @A: 06 28 34 09 | 06
#0791-d221 @A: 25 03 34 30 | 05
#0792-d221 @A: 31 03 21 30 | 10
#0793-d221 @A: 25 30 16 28 | 11
#0794-d221 @A: 18 03 30 15 | 03
#0795-d221 @A: 12 16 07 23 | 12
#0796-d221 @A: 29 18 23 28 | 08
#0797-d221 @A: 11 16 33 23 | 02
#0798-d221 @A: 31 35 23 15 | 04
#0799-d221 @A: 01 18 35 17 | 07
#0800-d221 @A: 09 18 01 33 | 01
#0801-d221 @A: 26 29 12 09 | 09
#0802-d221 @A: 32 15 20 10 | 06
#0803-d221 @A: 19 20 08 17 | 05
#0804-d221 @A: 20 23 19 16 | 10
#0805-d221 @A: 31 20 32 13 | 11
#0806-d221 @A: 13 03 07 20 | 03
#0807-d221 @A: 27 05 20 34 | 12
#0808-d221 @A: 03 26 20 02 | 08
#0809-d221 @A: 27 01 20 33 | 02
#0810-d221 @A: 03 16 20 30 | 04
#0811-d221 @A: 35 29 20 09 | 07
#0812-d221 @A: 20 28 26 34 | 01
#0813-d221 @A: 20 34 21 31 | 09
#0814-d221 @A: 12 03 19 10 | 06
#0815-d221 @A: 17 13 04 10 | 05
#0816-d221 @A: 10 14 22 29 | 10
#0817-d221 @A: 10 33 05 02 | 11
#0818-d221 @A: 25 14 05 10 | 03
#0819-d221 @A: 29 10 05 06 | 12
#0820-d221 @A: 10 03 05 28 | 08
#0821-d221 @A: 12 02 10 09 | 02
#0822-d221 @A: 07 10 17 14 | 04
#0823-d221 @A: 16 01 10 14 | 07
#0824-d221 @A: 09 07 10 24 | 01
#0825-d221 @A: 10 24 35 03 | 09
#0826-d221 @A: 10 31 25 24 | 06
#0827-d221 @A: 10 07 04 33 | 05
#0828-d221 @A: 10 11 25 29 | 10
#0829-d221 @A: 09 11 35 10 | 11
#0830-d221 @A: 22 19 32 27 | 03
#0831-d221 @A: 19 08 05 32 | 12
#0832-d221 @A: 08 23 19 14 | 08
#0833-d221 @A: 04 19 29 12 | 02
#0834-d221 @A: 01 08 19 16 | 04
#0835-d221 @A: 33 19 32 01 | 07
#0836-d221 @A: 26 07 30 19 | 01
#0837-d221 @A: 07 31 17 19 | 09
#0838-d221 @A: 34 19 26 11 | 06
#0839-d221 @A: 19 18 25 12 | 05
#0840-d221 @A: 35 12 11 19 | 10
#0841-d221 @A: 35 09 19 03 | 11
#0842-d221 @A: 17 13 22 02 | 03
#0843-d221 @A: 27 14 22 13 | 12
#0844-d221 @A: 35 01 13 14 | 08
#0845-d221 @A: 13 30 24 21 | 02
#0846-d221 @A: 12 15 13 24 | 04
#0847-d221 @A: 29 23 13 08 | 07
#0848-d221 @A: 30 11 15 13 | 01
#0849-d221 @A: 31 23 13 07 | 09
#0850-d221 @A: 26 11 13 29 | 06
#0851-d221 @A: 29 13 33 18 | 05
#0852-d221 @A: 35 17 13 33 | 10
#0853-d221 @A: 13 18 16 21 | 11
#0854-d221 @A: 15 16 13 09 | 03
#0855-d221 @A: 33 09 13 12 | 12
#0856-d221 @A: 22 21 24 05 | 08
#0857-d221 @A: 14 22 02 33 | 02
#0858-d221 @A: 35 22 04 14 | 04
#0859-d221 @A: 22 08 34 14 | 07
#0860-d221 @A: 08 22 24 29 | 01
#0861-d221 @A: 06 12 27 22 | 09
#0862-d221 @A: 12 35 22 04 | 06
#0863-d221 @A: 06 07 29 22 | 05
#0864-d221 @A: 11 34 22 30 | 10
#0865-d221 @A: 22 21 12 01 | 11
#0866-d221 @A: 22 25 21 29 | 03
#0867-d221 @A: 18 29 05 02 | 12
#0868-d221 @A: 01 33 05 04 | 08
#0869-d221 @A: 05 01 08 18 | 02
#0870-d221 @A: 05 17 07 32 | 04
#0871-d221 @A: 35 05 01 06 | 07
#0872-d221 @A: 34 33 35 05 | 01
#0873-d221 @A: 25 34 09 05 | 09
#0874-d221 @A: 05 25 31 18 | 06
#0875-d221 @A: 14 02 11 07 | 05
#0876-d221 @A: 12 14 35 02 | 10
#0877-d221 @A: 21 02 27 30 | 11
#0878-d221 @A: 28 02 04 17 | 03
#0879-d221 @A: 30 02 08 16 | 12
#0880-d221 @A: 01 34 02 08 | 08
#0881-d221 @A: 30 06 17 02 | 02
#0882-d221 @A: 25 15 02 30 | 04
#0883-d221 @A: 33 01 02 16 | 07
#0884-d221 @A: 29 11 35 02 | 01
#0885-d221 @A: 27 18 14 30 | 09
#0886-d221 @A: 33 27 14 26 | 06
#0887-d221 @A: 35 14 23 32 | 05
#0888-d221 @A: 25 06 23 14 | 10
#0889-d221 @A: 33 23 17 14 | 11
#0890-d221 @A: 09 14 11 18 | 03
#0891-d221 @A: 35 24 27 23 | 12
#0892-d221 @A: 32 08 24 15 | 08
#0893-d221 @A: 12 23 08 24 | 02
#0894-d221 @A: 24 18 23 33 | 04
#0895-d221 @A: 24 12 34 17 | 07
#0896-d221 @A: 24 16 18 17 | 01
#0897-d221 @A: 12 24 21 26 | 09
#0898-d221 @A: 24 25 26 03 | 06
#0899-d221 @A: 24 11 15 21 | 05
#0900-d221 @A: 11 24 31 28 | 10
#0901-d221 @A: 27 32 04 35 | 11
#0902-d221 @A: 32 08 27 11 | 03
#0903-d221 @A: 27 21 08 06 | 12
#0904-d221 @A: 16 01 06 27 | 08
#0905-d221 @A: 34 25 27 06 | 02
#0906-d221 @A: 07 30 27 11 | 04
#0907-d221 @A: 09 34 03 27 | 07
#0908-d221 @A: 09 17 35 27 | 01
#0909-d221 @A: 33 35 03 27 | 09
#0910-d221 @A: 15 27 28 18 | 06
#0911-d221 @A: 06 30 26 04 | 05
#0912-d221 @A: 25 16 29 04 | 10
#0913-d221 @A: 33 04 26 17 | 11
#0914-d221 @A: 06 09 08 32 | 03
#0915-d221 @A: 26 08 07 32 | 12
#0916-d221 @A: 17 21 08 34 | 08
#0917-d221 @A: 08 09 33 16 | 02
#0918-d221 @A: 16 31 08 35 | 04
#0919-d221 @A: 07 06 32 35 | 07
#0920-d221 @A: 26 16 32 06 | 01
#0921-d221 @A: 07 30 32 31 | 09
#0922-d221 @A: 26 33 11 32 | 06
#0923-d221 @A: 18 16 32 35 | 05
#0924-d221 @A: 03 28 32 18 | 10
#0925-d221 @A: 35 32 31 25 | 11
#0926-d221 @A: 34 30 35 06 | 03
#0927-d221 @A: 29 35 06 03 | 12
#0928-d221 @A: 18 06 26 28 | 08
#0929-d221 @A: 09 06 21 16 | 02
#0930-d221 @A: 31 06 03 18 | 04
#0931-d221 @A: 31 26 30 12 | 07
#0932-d221 @A: 35 11 30 18 | 01
#0933-d221 @A: 23 17 35 34 | 09
#0934-d221 @A: 15 09 17 23 | 06
#0935-d221 @A: 07 01 31 28 | 05
#0936-d221 @A: 34 12 29 07 | 10
#0937-d221 @A: 21 34 07 16 | 11
#0938-d221 @A: 11 17 07 35 | 03
#0939-d221 @A: 09 03 07 25 | 12
#0940-d221 @A: 29 17 01 16 | 08
#0941-d221 @A: 28 29 15 01 | 02
#0942-d221 @A: 01 17 25 34 | 04
#0943-d221 @A: 11 34 03 01 | 07
#0944-d221 @A: 33 25 01 31 | 01
#0945-d221 @A: 26 15 35 12 | 09
#0946-d221 @A: 20 21 27 19 | 06
#0947-d221 @A: 08 05 29 20 | 05
#0948-d221 @A: 15 07 20 02 | 10
#0949-d221 @A: 35 14 20 07 | 11
#0950-d221 @A: 20 01 21 04 | 03
#0951-d221 @A: 25 06 30 20 | 12
#0952-d221 @A: 12 20 29 06 | 08
#0953-d221 @A: 17 33 30 20 | 02
#0954-d221 @A: 29 01 34 20 | 04
#0955-d221 @A: 20 03 11 21 | 07
#0956-d221 @A: 11 33 20 35 | 01
#0957-d221 @A: 10 22 28 13 | 09
#0958-d221 @A: 15 10 13 07 | 06
#0959-d221 @A: 10 02 16 22 | 05
#0960-d221 @A: 10 18 21 05 | 10
#0961-d221 @A: 10 24 01 29 | 11
#0962-d221 @A: 06 10 23 27 | 03
#0963-d221 @A: 06 10 01 26 | 12
#0964-d221 @A: 06 12 10 26 | 08
#0965-d221 @A: 11 34 10 16 | 02
#0966-d221 @A: 13 24 19 09 | 04
#0967-d221 @A: 19 12 13 27 | 07
#0968-d221 @A: 19 35 13 16 | 01
#0969-d221 @A: 29 19 28 22 | 09
#0970-d221 @A: 19 04 05 09 | 06
#0971-d221 @A: 19 29 04 24 | 05
#0972-d221 @A: 27 01 19 35 | 10
#0973-d221 @A: 28 27 34 19 | 11
#0974-d221 @A: 34 30 19 08 | 03
#0975-d221 @A: 08 19 25 21 | 12
#0976-d221 @A: 06 19 31 32 | 08
#0977-d221 @A: 19 23 30 35 | 02
#0978-d221 @A: 17 19 03 01 | 04
#0979-d221 @A: 19 18 21 03 | 07
#0980-d221 @A: 31 09 19 11 | 01
#0981-d221 @A: 13 23 25 22 | 09
#0982-d221 @A: 07 11 13 22 | 06
#0983-d221 @A: 21 13 12 05 | 05
#0984-d221 @A: 21 13 02 06 | 10
#0985-d221 @A: 33 30 13 02 | 11
#0986-d221 @A: 12 13 23 02 | 03
#0987-d221 @A: 02 07 13 29 | 12
#0988-d221 @A: 14 13 34 25 | 08
#0989-d221 @A: 24 35 13 07 | 02
#0990-d221 @A: 17 13 27 01 | 04
#0991-d221 @A: 04 06 13 15 | 07
#0992-d221 @A: 01 31 13 08 | 01
#0993-d221 @A: 12 17 13 01 | 09
#0994-d221 @A: 26 13 09 34 | 06
#0995-d221 @A: 13 03 15 21 | 05
#0996-d221 @A: 35 22 18 05 | 10
#0997-d221 @A: 27 22 34 02 | 11
#0998-d221 @A: 32 30 14 22 | 03
#0999-d221 @A: 07 27 01 22 | 12
#1000-d221 @A: 25 22 01 30 | 08
#1001-d221 @A: 29 35 22 26 | 02
#1002-d221 @A: 15 31 18 22 | 04
#1003-d221 @A: 11 31 35 22 | 07
#1004-d221 @A: 08 04 05 02 | 01
#1005-d221 @A: 02 05 30 35 | 09
#1006-d221 @A: 21 07 05 02 | 06
#1007-d221 @A: 24 05 07 15 | 05
#1008-d221 @A: 08 27 05 33 | 10
#1009-d221 @A: 05 06 27 18 | 11
#1010-d221 @A: 15 34 30 05 | 03
#1011-d221 @A: 25 05 23 16 | 12
#1012-d221 @A: 05 33 07 16 | 08
#1013-d221 @A: 05 35 11 03 | 02
#1014-d221 @A: 14 08 15 02 | 04
#1015-d221 @A: 18 14 23 02 | 07
#1016-d221 @A: 01 14 17 02 | 01
#1017-d221 @A: 03 02 27 08 | 09
#1018-d221 @A: 30 32 34 02 | 06
#1019-d221 @A: 28 23 02 06 | 05
#1020-d221 @A: 33 02 03 21 | 10
#1021-d221 @A: 25 09 35 02 | 11
#1022-d221 @A: 18 24 08 14 | 03
#1023-d221 @A: 29 06 24 14 | 12
#1024-d221 @A: 23 27 21 14 | 08
#1025-d221 @A: 01 14 25 27 | 02
#1026-d221 @A: 31 14 07 04 | 04
#1027-d221 @A: 14 01 07 32 | 07
#1028-d221 @A: 09 01 23 14 | 01
#1029-d221 @A: 16 14 34 26 | 09
#1030-d221 @A: 34 15 14 09 | 06
#1031-d221 @A: 21 14 18 26 | 05
#1032-d221 @A: 14 11 25 21 | 10
#1033-d221 @A: 14 03 09 16 | 11
#1034-d221 @A: 24 27 17 30 | 03
#1035-d221 @A: 07 24 04 18 | 12
#1036-d221 @A: 24 08 31 07 | 08
#1037-d221 @A: 24 16 32 12 | 02
#1038-d221 @A: 06 24 01 33 | 04
#1039-d221 @A: 01 16 23 24 | 07
#1040-d221 @A: 29 24 26 31 | 01
#1041-d221 @A: 26 11 24 17 | 09
#1042-d221 @A: 06 27 33 07 | 06
#1043-d221 @A: 31 27 30 23 | 05
#1044-d221 @A: 27 21 35 34 | 10
#1045-d221 @A: 17 21 18 27 | 11
#1046-d221 @A: 27 28 03 26 | 03
#1047-d221 @A: 03 27 15 31 | 12
#1048-d221 @A: 03 27 12 15 | 08
#1049-d221 @A: 32 08 04 34 | 02
#1050-d221 @A: 33 30 04 32 | 04
#1051-d221 @A: 23 04 12 30 | 07
#1052-d221 @A: 03 04 23 07 | 01
#1053-d221 @A: 01 04 31 23 | 09
#1054-d221 @A: 34 12 03 04 | 06
#1055-d221 @A: 31 17 04 35 | 05
#1056-d221 @A: 21 18 33 04 | 10
#1057-d221 @A: 04 21 31 11 | 11
#1058-d221 @A: 09 16 04 28 | 03
#1059-d221 @A: 08 29 26 06 | 12
#1060-d221 @A: 08 34 12 21 | 08
#1061-d221 @A: 26 09 08 17 | 02
#1062-d221 @A: 08 11 15 25 | 04
#1063-d221 @A: 03 31 08 25 | 07
#1064-d221 @A: 26 12 32 07 | 01
#1065-d221 @A: 11 29 18 32 | 09
#1066-d221 @A: 09 31 32 26 | 06
#1067-d221 @A: 18 32 31 21 | 05
#1068-d221 @A: 28 16 06 29 | 10
#1069-d221 @A: 11 29 06 31 | 11
#1070-d221 @A: 31 35 06 09 | 03
#1071-d221 @A: 30 15 12 29 | 12
#1072-d221 @A: 28 30 35 09 | 08
#1073-d221 @A: 11 35 23 26 | 02
#1074-d221 @A: 23 03 16 21 | 04
#1075-d221 @A: 33 09 23 35 | 07
#1076-d221 @A: 17 07 21 29 | 01
#1077-d221 @A: 29 07 28 09 | 09
#1078-d221 @A: 21 35 31 07 | 06
#1079-d221 @A: 16 35 07 03 | 05
#1080-d221 @A: 35 01 31 29 | 10
#1081-d221 @A: 17 01 21 33 | 11
#1082-d221 @A: 28 01 09 17 | 03
#1083-d221 @A: 29 18 17 12 | 12
#1084-d221 @A: 10 20 25 19 | 08
#1085-d221 @A: 14 20 10 18 | 02
#1086-d221 @A: 23 20 10 29 | 04
#1087-d221 @A: 19 34 20 13 | 07
#1088-d221 @A: 22 15 20 27 | 01
#1089-d221 @A: 04 05 20 16 | 09
#1090-d221 @A: 18 32 20 05 | 06
#1091-d221 @A: 20 31 05 12 | 05
#1092-d221 @A: 09 20 14 24 | 10
#1093-d221 @A: 14 23 20 11 | 11
#1094-d221 @A: 20 21 18 24 | 03
#1095-d221 @A: 20 04 28 03 | 12
#1096-d221 @A: 20 07 21 30 | 08
#1097-d221 @A: 07 18 23 20 | 02
#1098-d221 @A: 28 33 23 20 | 04
#1099-d221 @A: 18 03 29 20 | 07
#1100-d221 @A: 20 25 15 26 | 01
#1101-d221 @A: 19 13 29 10 | 09
#1102-d221 @A: 01 13 25 10 | 06
#1103-d221 @A: 05 10 07 31 | 05
#1104-d221 @A: 02 31 10 06 | 10
#1105-d221 @A: 02 07 10 26 | 11
#1106-d221 @A: 02 12 29 10 | 03
#1107-d221 @A: 24 10 21 27 | 12
#1108-d221 @A: 04 26 11 10 | 08
#1109-d221 @A: 15 08 28 10 | 02
#1110-d221 @A: 34 06 32 10 | 04
#1111-d221 @A: 30 17 11 10 | 07
#1112-d221 @A: 23 21 10 07 | 01
#1113-d221 @A: 23 10 31 03 | 09
#1114-d221 @A: 10 35 34 25 | 06
#1115-d221 @A: 33 17 15 10 | 05
#1116-d221 @A: 16 10 21 28 | 10
#1117-d221 @A: 13 22 06 19 | 11
#1118-d221 @A: 13 19 26 17 | 03
#1119-d221 @A: 19 15 05 22 | 12
#1120-d221 @A: 17 12 22 19 | 08
#1121-d221 @A: 19 22 18 33 | 02
#1122-d221 @A: 14 12 19 05 | 04
#1123-d221 @A: 19 14 01 11 | 07
#1124-d221 @A: 07 24 21 19 | 01
#1125-d221 @A: 25 19 24 01 | 09
#1126-d221 @A: 19 06 27 17 | 06
#1127-d221 @A: 08 28 19 06 | 05
#1128-d221 @A: 29 35 32 19 | 10
#1129-d221 @A: 19 25 32 11 | 11
#1130-d221 @A: 21 09 19 30 | 03
#1131-d221 @A: 12 15 19 23 | 12
#1132-d221 @A: 19 17 15 21 | 08
#1133-d221 @A: 19 33 35 26 | 02
#1134-d221 @A: 11 16 18 19 | 04
#1135-d221 @A: 28 19 03 16 | 07
#1136-d221 @A: 11 19 15 35 | 01
#1137-d221 @A: 03 22 13 24 | 09
#1138-d221 @A: 13 17 30 05 | 06
#1139-d221 @A: 05 13 23 35 | 05
#1140-d221 @A: 13 05 01 09 | 10
#1141-d221 @A: 13 02 09 03 | 11
#1142-d221 @A: 15 13 35 27 | 03
#1143-d221 @A: 30 04 35 13 | 12
#1144-d221 @A: 08 33 07 13 | 08
#1145-d221 @A: 34 13 21 33 | 02
#1146-d221 @A: 35 25 13 26 | 04
#1147-d221 @A: 28 22 06 05 | 07
#1148-d221 @A: 02 22 11 18 | 01
#1149-d221 @A: 22 07 24 28 | 09
#1150-d221 @A: 01 24 22 35 | 06
#1151-d221 @A: 08 35 22 27 | 05
#1152-d221 @A: 06 15 32 22 | 10
#1153-d221 @A: 28 22 33 32 | 11
#1154-d221 @A: 22 33 29 30 | 03
#1155-d221 @A: 01 22 23 18 | 12
#1156-d221 @A: 11 23 22 17 | 08
#1157-d221 @A: 03 11 29 22 | 02
#1158-d221 @A: 05 24 16 02 | 04
#1159-d221 @A: 02 05 32 11 | 07
#1160-d221 @A: 14 16 05 06 | 01
#1161-d221 @A: 05 27 11 23 | 09
#1162-d221 @A: 05 03 34 04 | 06
#1163-d221 @A: 03 05 07 08 | 05
#1164-d221 @A: 05 08 21 28 | 10
#1165-d221 @A: 01 30 03 05 | 11
#1166-d221 @A: 11 09 29 05 | 03
#1167-d221 @A: 28 17 35 05 | 12
#1168-d221 @A: 31 28 16 05 | 08
#1169-d221 @A: 24 04 11 02 | 02
#1170-d221 @A: 02 24 30 29 | 04
#1171-d221 @A: 02 26 18 24 | 07
#1172-d221 @A: 04 02 21 32 | 01
#1173-d221 @A: 02 01 30 11 | 09
#1174-d221 @A: 02 07 16 23 | 06
#1175-d221 @A: 15 17 34 02 | 05
#1176-d221 @A: 21 34 26 02 | 10
#1177-d221 @A: 31 15 02 12 | 11
#1178-d221 @A: 24 14 07 25 | 03
#1179-d221 @A: 08 14 31 29 | 12
#1180-d221 @A: 32 29 14 09 | 08
#1181-d221 @A: 23 12 14 34 | 02
#1182-d221 @A: 14 15 16 35 | 04
#1183-d221 @A: 28 14 33 12 | 07
#1184-d221 @A: 03 14 25 35 | 01
#1185-d221 @A: 21 17 04 24 | 09
#1186-d221 @A: 09 12 24 04 | 06
#1187-d221 @A: 33 34 24 11 | 05
#1188-d221 @A: 34 09 35 24 | 10
#1189-d221 @A: 28 24 21 33 | 11
#1190-d221 @A: 18 24 28 35 | 03
#1191-d221 @A: 11 25 24 12 | 12
#1192-d221 @A: 04 27 07 12 | 08
#1193-d221 @A: 09 27 06 29 | 02
#1194-d221 @A: 16 27 30 34 | 04
#1195-d221 @A: 27 28 29 33 | 07
#1196-d221 @A: 03 27 29 25 | 01
#1197-d221 @A: 26 27 18 11 | 09
#1198-d221 @A: 27 21 12 11 | 06
#1199-d221 @A: 16 03 11 27 | 05
#1200-d221 @A: 26 04 01 32 | 10
#1201-d221 @A: 21 06 07 04 | 11
#1202-d221 @A: 12 04 21 16 | 03
#1203-d221 @A: 15 04 35 18 | 12
#1204-d221 @A: 32 23 08 16 | 08
#1205-d221 @A: 32 25 01 08 | 02
#1206-d221 @A: 08 07 16 06 | 04
#1207-d221 @A: 08 21 29 18 | 07
#1208-d221 @A: 28 08 26 25 | 01
#1209-d221 @A: 18 08 33 11 | 09
#1210-d221 @A: 35 18 12 08 | 06
#1211-d221 @A: 06 12 35 32 | 05
#1212-d221 @A: 32 01 23 12 | 10
#1213-d221 @A: 29 26 25 32 | 11
#1214-d221 @A: 34 28 32 35 | 03
#1215-d221 @A: 21 17 32 11 | 12
#1216-d221 @A: 25 17 09 32 | 08
#1217-d221 @A: 15 33 35 32 | 02
#1218-d221 @A: 11 09 15 32 | 04
#1219-d221 @A: 30 09 33 06 | 07
#1220-d221 @A: 16 34 12 06 | 01
#1221-d221 @A: 16 03 33 06 | 09
#1222-d221 @A: 25 31 06 16 | 06
#1223-d221 @A: 30 29 15 09 | 05
#1224-d221 @A: 30 18 33 16 | 10
#1225-d221 @A: 03 29 23 09 | 11
#1226-d221 @A: 34 16 23 09 | 03
#1227-d221 @A: 25 34 33 23 | 12
#1228-d221 @A: 23 03 34 28 | 08
#1229-d221 @A: 15 01 18 07 | 02
#1230-d221 @A: 15 29 07 16 | 04
#1231-d221 @A: 34 07 18 17 | 07
#1232-d221 @A: 34 35 26 07 | 01
#1233-d221 @A: 28 16 17 07 | 09
#1234-d221 @A: 01 15 35 34 | 06
#1235-d221 @A: 16 26 01 09 | 05
#1236-d221 @A: 01 35 28 16 | 10
#1237-d221 @A: 17 35 26 12 | 11
#1238-d221 @A: 10 11 20 27 | 03
#1239-d221 @A: 13 28 20 24 | 12
#1240-d221 @A: 20 29 06 13 | 08
#1241-d221 @A: 13 16 20 01 | 02
#1242-d221 @A: 32 20 12 22 | 04
#1243-d221 @A: 02 20 27 35 | 07
#1244-d221 @A: 03 15 24 20 | 01
#1245-d221 @A: 20 35 08 32 | 09
#1246-d221 @A: 16 20 07 32 | 06
#1247-d221 @A: 35 23 20 06 | 05
#1248-d221 @A: 12 09 20 23 | 10
#1249-d221 @A: 33 16 20 29 | 11
#1250-d221 @A: 20 11 26 31 | 03
#1251-d221 @A: 20 09 21 25 | 12
#1252-d221 @A: 19 10 34 22 | 08
#1253-d221 @A: 10 04 31 19 | 02
#1254-d221 @A: 10 19 08 03 | 04
#1255-d221 @A: 30 10 19 33 | 07
#1256-d221 @A: 06 10 09 13 | 01
#1257-d221 @A: 10 27 33 22 | 09
#1258-d221 @A: 22 06 10 17 | 06
#1259-d221 @A: 05 16 08 10 | 05
#1260-d221 @A: 05 15 10 26 | 10
#1261-d221 @A: 11 10 08 14 | 11
#1262-d221 @A: 10 35 14 21 | 03
#1263-d221 @A: 10 03 04 27 | 12
#1264-d221 @A: 01 27 31 10 | 08
#1265-d221 @A: 04 01 09 10 | 02
#1266-d221 @A: 03 32 10 07 | 04
#1267-d221 @A: 07 06 10 11 | 07
#1268-d221 @A: 10 17 16 31 | 01
#1269-d221 @A: 10 25 18 17 | 09
#1270-d221 @A: 03 10 26 09 | 06
#1271-d221 @A: 10 15 03 11 | 05
#1272-d221 @A: 27 19 13 30 | 10
#1273-d221 @A: 13 11 08 19 | 11
#1274-d221 @A: 05 19 18 24 | 03
#1275-d221 @A: 27 19 05 16 | 12
#1276-d221 @A: 33 02 06 19 | 08
#1277-d221 @A: 19 33 24 27 | 02
#1278-d221 @A: 09 19 15 27 | 04
#1279-d221 @A: 29 19 08 15 | 07
#1280-d221 @A: 19 32 07 34 | 01
#1281-d221 @A: 06 23 19 26 | 09
#1282-d221 @A: 09 26 19 29 | 06
#1283-d221 @A: 05 13 06 33 | 05
#1284-d221 @A: 13 05 18 07 | 10
#1285-d221 @A: 13 23 02 34 | 11
#1286-d221 @A: 08 24 16 13 | 03
#1287-d221 @A: 06 27 26 13 | 12
#1288-d221 @A: 23 13 18 27 | 08
#1289-d221 @A: 08 18 04 13 | 02
#1290-d221 @A: 25 08 13 30 | 04
#1291-d221 @A: 28 32 23 13 | 07
#1292-d221 @A: 12 03 06 13 | 01
#1293-d221 @A: 13 23 09 30 | 09
#1294-d221 @A: 13 11 23 01 | 06
#1295-d221 @A: 28 35 13 03 | 05
#1296-d221 @A: 05 02 25 22 | 10
#1297-d221 @A: 05 22 11 14 | 11
#1298-d221 @A: 22 05 34 07 | 03
#1299-d221 @A: 22 14 31 25 | 12
#1300-d221 @A: 18 24 22 27 | 08
#1301-d221 @A: 22 17 04 01 | 02
#1302-d221 @A: 23 06 08 22 | 04
#1303-d221 @A: 08 31 22 33 | 07
#1304-d221 @A: 35 22 30 07 | 01
#1305-d221 @A: 17 03 22 18 | 09
#1306-d221 @A: 22 16 26 31 | 06
#1307-d221 @A: 16 21 11 22 | 05
#1308-d221 @A: 33 22 16 15 | 10
#1309-d221 @A: 16 12 22 28 | 11
#1310-d221 @A: 28 23 05 14 | 03
#1311-d221 @A: 27 03 05 24 | 12
#1312-d221 @A: 05 34 28 24 | 08
#1313-d221 @A: 05 28 29 04 | 02
#1314-d221 @A: 05 26 04 12 | 04
#1315-d221 @A: 31 05 26 08 | 07
#1316-d221 @A: 32 05 26 35 | 01
#1317-d221 @A: 21 30 29 05 | 09
#1318-d221 @A: 12 18 05 30 | 06
#1319-d221 @A: 12 01 16 05 | 05
#1320-d221 @A: 34 26 18 05 | 10
#1321-d221 @A: 12 25 17 05 | 11
#1322-d221 @A: 35 05 16 09 | 03
#1323-d221 @A: 25 27 02 07 | 12
#1324-d221 @A: 02 26 04 31 | 08
#1325-d221 @A: 02 35 33 04 | 02
#1326-d221 @A: 02 01 23 35 | 04
#1327-d221 @A: 34 18 02 03 | 07
#1328-d221 @A: 35 02 17 26 | 01
#1329-d221 @A: 24 15 14 23 | 09
#1330-d221 @A: 24 12 14 29 | 06
#1331-d221 @A: 34 14 27 07 | 05
#1332-d221 @A: 14 23 29 04 | 10
#1333-d221 @A: 31 12 14 06 | 11
#1334-d221 @A: 28 34 17 14 | 03
#1335-d221 @A: 03 33 14 34 | 12
#1336-d221 @A: 33 09 31 14 | 08
#1337-d221 @A: 15 14 18 12 | 02
#1338-d221 @A: 35 14 11 28 | 04
#1339-d221 @A: 24 25 04 30 | 07
#1340-d221 @A: 26 15 24 04 | 01
#1341-d221 @A: 24 06 26 35 | 09
#1342-d221 @A: 29 28 24 17 | 06
#1343-d221 @A: 35 29 24 33 | 05
#1344-d221 @A: 35 24 16 21 | 10
#1345-d221 @A: 25 16 33 24 | 11
#1346-d221 @A: 27 16 23 04 | 03
#1347-d221 @A: 31 34 04 27 | 12
#1348-d221 @A: 23 34 27 08 | 08
#1349-d221 @A: 27 29 32 23 | 02
#1350-d221 @A: 16 32 28 27 | 04
#1351-d221 @A: 33 15 23 27 | 07
#1352-d221 @A: 09 18 16 27 | 01
#1353-d221 @A: 25 12 09 27 | 09
#1354-d221 @A: 23 35 08 04 | 06
#1355-d221 @A: 32 33 12 04 | 05
#1356-d221 @A: 15 23 11 04 | 10
#1357-d221 @A: 04 35 07 09 | 11
#1358-d221 @A: 26 04 29 21 | 03
#1359-d221 @A: 04 31 29 09 | 12
#1360-d221 @A: 25 26 04 34 | 08
#1361-d221 @A: 08 30 29 07 | 02
#1362-d221 @A: 28 07 08 23 | 04
#1363-d221 @A: 09 18 28 08 | 07
#1364-d221 @A: 09 15 08 31 | 01
#1365-d221 @A: 01 32 11 06 | 09
#1366-d221 @A: 35 30 32 03 | 06
#1367-d221 @A: 23 07 11 32 | 05
#1368-d221 @A: 03 32 23 01 | 10
#1369-d221 @A: 17 32 28 31 | 11
#1370-d221 @A: 21 32 26 03 | 03
#1371-d221 @A: 32 25 18 33 | 12
#1372-d221 @A: 28 12 25 32 | 08
#1373-d221 @A: 17 06 11 09 | 02
#1374-d221 @A: 06 11 25 28 | 04
#1375-d221 @A: 30 17 23 07 | 07
#1376-d221 @A: 21 11 33 30 | 01
#1377-d221 @A: 34 29 23 11 | 09
#1378-d221 @A: 17 23 26 16 | 06
#1379-d221 @A: 28 21 23 35 | 05
#1380-d221 @A: 23 33 31 12 | 10
#1381-d221 @A: 03 23 35 18 | 11
#1382-d221 @A: 16 01 07 25 | 03
#1383-d221 @A: 34 31 26 01 | 12
#1384-d221 @A: 31 11 01 18 | 08
#1385-d221 @A: 09 25 15 01 | 02
#1386-d221 @A: 28 12 29 03 | 04
#1387-d221 @A: 33 34 12 15 | 07
#1388-d221 @A: 13 33 20 10 | 01
#1389-d221 @A: 04 08 20 10 | 09
#1390-d221 @A: 13 25 27 20 | 06
#1391-d221 @A: 22 20 06 26 | 05
#1392-d221 @A: 20 35 15 05 | 10
#1393-d221 @A: 25 32 20 02 | 11
#1394-d221 @A: 14 20 29 27 | 03
#1395-d221 @A: 20 04 35 24 | 12
#1396-d221 @A: 27 03 23 20 | 08
#1397-d221 @A: 12 20 26 27 | 02
#1398-d221 @A: 26 04 20 07 | 04
#1399-d221 @A: 20 01 12 04 | 07
#1400-d221 @A: 08 20 33 21 | 01
#1401-d221 @A: 28 16 20 08 | 09
#1402-d221 @A: 35 30 01 20 | 06
#1403-d221 @A: 07 25 29 20 | 05
#1404-d221 @A: 31 29 20 28 | 10
#1405-d221 @A: 20 34 09 33 | 11
#1406-d221 @A: 20 28 17 11 | 03
#1407-d221 @A: 12 03 20 26 | 12
#1408-d221 @A: 16 33 20 12 | 08
#1409-d221 @A: 13 14 10 23 | 02
#1410-d221 @A: 24 10 15 22 | 04
#1411-d221 @A: 08 24 02 10 | 07
#1412-d221 @A: 02 29 10 27 | 01
#1413-d221 @A: 10 04 34 24 | 09
#1414-d221 @A: 24 10 28 06 | 06
#1415-d221 @A: 27 28 10 35 | 05
#1416-d221 @A: 06 25 04 10 | 10
#1417-d221 @A: 23 25 08 10 | 11
#1418-d221 @A: 08 07 01 10 | 03
#1419-d221 @A: 10 23 16 30 | 12
#1420-d221 @A: 10 30 25 07 | 08
#1421-d221 @A: 10 01 30 21 | 02
#1422-d221 @A: 18 26 10 23 | 04
#1423-d221 @A: 10 33 21 26 | 07
#1424-d221 @A: 31 35 10 26 | 01
#1425-d221 @A: 28 04 13 19 | 09
#1426-d221 @A: 23 13 19 21 | 06
#1427-d221 @A: 19 03 22 07 | 05
#1428-d221 @A: 19 07 28 05 | 10
#1429-d221 @A: 12 19 02 34 | 11
#1430-d221 @A: 30 24 12 19 | 03
#1431-d221 @A: 35 19 04 06 | 12
#1432-d221 @A: 17 23 19 04 | 08
#1433-d221 @A: 34 21 19 04 | 02
#1434-d221 @A: 25 31 29 19 | 04
#1435-d221 @A: 25 19 34 18 | 07
#1436-d221 @A: 15 18 19 26 | 01
#1437-d221 @A: 19 16 09 12 | 09
#1438-d221 @A: 33 22 13 01 | 06
#1439-d221 @A: 31 29 13 05 | 05
#1440-d221 @A: 16 27 13 02 | 10
#1441-d221 @A: 14 08 13 03 | 11
#1442-d221 @A: 13 30 28 14 | 03
#1443-d221 @A: 07 14 13 09 | 12
#1444-d221 @A: 13 11 33 14 | 08
#1445-d221 @A: 07 13 21 27 | 02
#1446-d221 @A: 11 35 32 13 | 04
#1447-d221 @A: 13 06 25 18 | 07
#1448-d221 @A: 21 01 13 26 | 01
#1449-d221 @A: 15 17 13 18 | 09
#1450-d221 @A: 26 33 13 16 | 06
#1451-d221 @A: 05 22 30 08 | 05
#1452-d221 @A: 22 28 02 09 | 10
#1453-d221 @A: 22 32 07 09 | 11
#1454-d221 @A: 21 06 22 30 | 03
#1455-d221 @A: 21 15 22 01 | 12
#1456-d221 @A: 26 22 28 17 | 08
#1457-d221 @A: 33 21 35 22 | 02
#1458-d221 @A: 28 18 21 22 | 04
#1459-d221 @A: 22 11 09 12 | 07
#1460-d221 @A: 22 11 28 15 | 01
#1461-d221 @A: 02 31 27 05 | 09
#1462-d221 @A: 03 05 02 06 | 06
#1463-d221 @A: 02 01 05 28 | 05
#1464-d221 @A: 05 15 09 02 | 10
#1465-d221 @A: 14 05 27 09 | 11
#1466-d221 @A: 30 14 26 05 | 03
#1467-d221 @A: 25 05 32 27 | 12
#1468-d221 @A: 05 04 31 30 | 08
#1469-d221 @A: 05 21 06 32 | 02
#1470-d221 @A: 05 30 23 18 | 04
#1471-d221 @A: 05 01 07 23 | 07
#1472-d221 @A: 05 16 01 11 | 01
#1473-d221 @A: 31 17 34 05 | 09
#1474-d221 @A: 18 15 05 16 | 06
#1475-d221 @A: 33 25 05 11 | 05
#1476-d221 @A: 31 03 05 33 | 10
#1477-d221 @A: 02 18 27 04 | 11
#1478-d221 @A: 02 23 27 17 | 03
#1479-d221 @A: 04 09 02 30 | 12
#1480-d221 @A: 32 23 15 02 | 08
#1481-d221 @A: 18 02 07 06 | 02
#1482-d221 @A: 33 02 34 07 | 04
#1483-d221 @A: 29 31 15 02 | 07
#1484-d221 @A: 04 14 27 17 | 01
#1485-d221 @A: 32 08 28 14 | 09
#1486-d221 @A: 06 33 14 21 | 06
#1487-d221 @A: 28 01 14 18 | 05
#1488-d221 @A: 17 35 14 29 | 10
#1489-d221 @A: 29 15 14 11 | 11
#1490-d221 @A: 21 14 28 09 | 03
#1491-d221 @A: 15 25 27 24 | 12
#1492-d221 @A: 25 24 08 17 | 08
#1493-d221 @A: 24 09 32 30 | 02
#1494-d221 @A: 23 21 32 24 | 04
#1495-d221 @A: 29 24 23 07 | 07
#1496-d221 @A: 03 17 33 24 | 01
#1497-d221 @A: 08 01 29 27 | 09
#1498-d221 @A: 32 27 21 01 | 06
#1499-d221 @A: 27 30 09 01 | 05
#1500-d221 @A: 27 29 35 30 | 10
#1501-d221 @A: 25 17 28 27 | 11
#1502-d221 @A: 27 35 26 16 | 03
#1503-d221 @A: 30 04 15 07 | 12
#1504-d221 @A: 18 04 26 09 | 08
#1505-d221 @A: 03 21 35 04 | 02
#1506-d221 @A: 33 25 09 04 | 04
#1507-d221 @A: 08 01 06 03 | 07
#1508-d221 @A: 12 09 06 08 | 01
#1509-d221 @A: 11 35 34 08 | 09
#1510-d221 @A: 08 35 21 15 | 06
#1511-d221 @A: 11 03 28 08 | 05
#1512-d221 @A: 12 08 25 15 | 10
#1513-d221 @A: 25 30 23 32 | 11
#1514-d221 @A: 15 07 32 21 | 03
#1515-d221 @A: 15 29 34 32 | 12
#1516-d221 @A: 32 18 26 17 | 08
#1517-d221 @A: 23 34 06 07 | 02
#1518-d221 @A: 01 21 06 23 | 04
#1519-d221 @A: 15 06 29 33 | 07
#1520-d221 @A: 18 06 34 11 | 01
#1521-d221 @A: 03 26 06 17 | 09
#1522-d221 @A: 06 15 28 17 | 06
#1523-d221 @A: 12 15 16 06 | 05
#1524-d221 @A: 01 23 33 30 | 10
#1525-d221 @A: 26 30 28 01 | 11
#1526-d221 @A: 25 29 30 18 | 03
#1527-d221 @A: 31 09 30 34 | 12
#1528-d221 @A: 30 12 25 34 | 08
#1529-d221 @A: 21 26 30 17 | 02
#1530-d221 @A: 23 15 34 21 | 04
#1531-d221 @A: 17 33 12 23 | 07
#1532-d221 @A: 17 23 03 25 | 01
#1533-d221 @A: 23 25 21 26 | 09
#1534-d221 @A: 33 31 23 26 | 06
#1535-d221 @A: 15 28 16 23 | 05
#1536-d221 @A: 07 25 31 26 | 10
#1537-d221 @A: 07 25 21 33 | 11
#1538-d221 @A: 33 11 15 07 | 03
#1539-d221 @A: 21 29 01 09 | 12
#1540-d221 @A: 01 11 26 25 | 08
#1541-d221 @A: 25 26 01 12 | 02
#1542-d221 @A: 16 21 01 31 | 04
#1543-d221 @A: 35 01 11 21 | 07
#1544-d221 @A: 03 01 28 25 | 01
#1545-d221 @A: 17 31 12 28 | 09
#1546-d221 @A: 18 21 33 12 | 06
#1547-d221 @A: 21 15 09 12 | 05
#1548-d221 @A: 20 31 22 10 | 10
#1549-d221 @A: 22 19 20 11 | 11
#1550-d221 @A: 20 23 13 15 | 03
#1551-d221 @A: 22 25 20 24 | 12
#1552-d221 @A: 14 05 03 20 | 08
#1553-d221 @A: 20 11 05 07 | 02
#1554-d221 @A: 12 20 02 08 | 04
#1555-d221 @A: 34 20 14 06 | 07
#1556-d221 @A: 20 12 18 24 | 01
#1557-d221 @A: 08 20 18 27 | 09
#1558-d221 @A: 18 20 04 31 | 06
#1559-d221 @A: 32 33 20 06 | 05
#1560-d221 @A: 11 30 20 32 | 10
#1561-d221 @A: 03 35 20 31 | 11
#1562-d221 @A: 23 10 19 09 | 03
#1563-d221 @A: 21 13 10 08 | 12
#1564-d221 @A: 22 30 03 10 | 08
#1565-d221 @A: 10 27 05 30 | 02
#1566-d221 @A: 34 10 23 05 | 04
#1567-d221 @A: 02 23 10 04 | 07
#1568-d221 @A: 10 02 17 32 | 01
#1569-d221 @A: 10 14 27 15 | 09
#1570-d221 @A: 07 10 27 16 | 06
#1571-d221 @A: 18 04 32 10 | 05
#1572-d221 @A: 10 04 30 29 | 10
#1573-d221 @A: 34 10 08 09 | 11
#1574-d221 @A: 01 10 35 32 | 03
#1575-d221 @A: 32 12 10 18 | 12
#1576-d221 @A: 17 10 23 28 | 08
#1577-d221 @A: 23 12 11 10 | 02
#1578-d221 @A: 29 15 35 10 | 04
#1579-d221 @A: 14 18 19 13 | 07
#1580-d221 @A: 05 34 19 06 | 01
#1581-d221 @A: 03 19 14 27 | 09
#1582-d221 @A: 15 04 19 14 | 06
#1583-d221 @A: 24 35 08 19 | 05
#1584-d221 @A: 07 19 08 18 | 10
#1585-d221 @A: 06 19 01 09 | 11
#1586-d221 @A: 06 29 18 19 | 03
#1587-d221 @A: 29 17 19 11 | 12
#1588-d221 @A: 17 16 19 33 | 08
#1589-d221 @A: 28 26 21 19 | 02
#1590-d221 @A: 26 31 19 03 | 04
#1591-d221 @A: 33 19 31 21 | 07
#1592-d221 @A: 05 13 16 22 | 01
#1593-d221 @A: 22 32 21 13 | 09
#1594-d221 @A: 14 13 15 05 | 06
#1595-d221 @A: 13 05 34 08 | 05
#1596-d221 @A: 13 32 02 18 | 10
#1597-d221 @A: 01 02 13 15 | 11
#1598-d221 @A: 24 33 31 13 | 03
#1599-d221 @A: 04 13 33 27 | 12
#1600-d221 @A: 08 32 13 17 | 08
#1601-d221 @A: 08 13 06 35 | 02
#1602-d221 @A: 12 13 34 26 | 04
#1603-d221 @A: 22 02 26 32 | 07
#1604-d221 @A: 07 14 22 15 | 01
#1605-d221 @A: 09 17 14 22 | 09
#1606-d221 @A: 22 30 24 31 | 06
#1607-d221 @A: 27 22 09 04 | 05
#1608-d221 @A: 27 16 22 29 | 10
#1609-d221 @A: 32 23 22 34 | 11
#1610-d221 @A: 35 22 32 17 | 03
#1611-d221 @A: 07 22 33 23 | 12
#1612-d221 @A: 18 22 29 09 | 08
#1613-d221 @A: 34 25 15 22 | 02
#1614-d221 @A: 28 22 31 03 | 04
#1615-d221 @A: 05 02 12 24 | 07
#1616-d221 @A: 31 05 24 35 | 01
#1617-d221 @A: 01 15 05 27 | 09
#1618-d221 @A: 04 15 05 32 | 06
#1619-d221 @A: 06 08 25 05 | 05
#1620-d221 @A: 11 05 26 28 | 10
#1621-d221 @A: 05 18 33 28 | 11
#1622-d221 @A: 24 09 27 02 | 03
#1623-d221 @A: 02 07 08 35 | 12
#1624-d221 @A: 03 28 02 29 | 08
#1625-d221 @A: 34 35 02 16 | 02
#1626-d221 @A: 02 21 17 25 | 04
#1627-d221 @A: 12 26 16 02 | 07
#1628-d221 @A: 33 02 28 26 | 01
#1629-d221 @A: 02 16 11 25 | 09
#1630-d221 @A: 11 27 14 24 | 06
#1631-d221 @A: 14 24 04 16 | 05
#1632-d221 @A: 27 14 08 16 | 10
#1633-d221 @A: 14 32 06 27 | 11
#1634-d221 @A: 34 01 04 14 | 03
#1635-d221 @A: 14 32 34 11 | 12
#1636-d221 @A: 01 14 30 29 | 08
#1637-d221 @A: 14 17 30 25 | 02
#1638-d221 @A: 18 34 29 14 | 04
#1639-d221 @A: 33 16 14 28 | 07
#1640-d221 @A: 14 12 25 16 | 01
#1641-d221 @A: 32 24 25 28 | 09
#1642-d221 @A: 24 30 34 07 | 06
#1643-d221 @A: 24 15 01 30 | 05
#1644-d221 @A: 03 29 24 21 | 10
#1645-d221 @A: 24 18 03 11 | 11
#1646-d221 @A: 24 25 11 35 | 03
#1647-d221 @A: 28 07 04 27 | 12
#1648-d221 @A: 07 18 32 27 | 08
#1649-d221 @A: 27 18 23 12 | 02
#1650-d221 @A: 18 34 27 33 | 04
#1651-d221 @A: 34 11 27 15 | 07
#1652-d221 @A: 32 17 04 16 | 01
#1653-d221 @A: 06 12 18 04 | 09
#1654-d221 @A: 26 04 16 03 | 06
#1655-d221 @A: 11 28 18 04 | 05
#1656-d221 @A: 25 03 04 18 | 10
#1657-d221 @A: 21 30 08 32 | 11
#1658-d221 @A: 30 01 08 17 | 03
#1659-d221 @A: 12 08 07 17 | 12
#1660-d221 @A: 08 33 29 34 | 08
#1661-d221 @A: 26 08 03 34 | 02
#1662-d221 @A: 25 08 16 34 | 04
#1663-d221 @A: 32 01 30 18 | 07
#1664-d221 @A: 29 28 32 21 | 01
#1665-d221 @A: 17 32 33 34 | 09
#1666-d221 @A: 32 03 17 15 | 06
#1667-d221 @A: 32 26 15 28 | 05
#1668-d221 @A: 33 21 32 16 | 10
#1669-d221 @A: 21 09 32 35 | 11
#1670-d221 @A: 25 15 16 32 | 03
#1671-d221 @A: 09 18 06 23 | 12
#1672-d221 @A: 17 29 06 25 | 08
#1673-d221 @A: 26 15 06 34 | 02
#1674-d221 @A: 28 03 21 06 | 04
#1675-d221 @A: 11 28 12 06 | 07
#1676-d221 @A: 33 30 03 26 | 01
#1677-d221 @A: 25 11 30 31 | 09
#1678-d221 @A: 29 23 21 33 | 06
#1679-d221 @A: 11 23 18 21 | 05
#1680-d221 @A: 01 09 34 07 | 10
#1681-d221 @A: 07 18 16 26 | 11
#1682-d221 @A: 09 07 21 18 | 03
#1683-d221 @A: 35 29 12 01 | 12
#1684-d221 @A: 16 01 34 18 | 08
#1685-d221 @A: 01 15 17 11 | 02
#1686-d221 @A: 09 18 12 01 | 04
#1687-d221 @A: 09 03 01 31 | 07
#1688-d221 @A: 31 29 16 12 | 01
#1689-d221 @A: 16 03 18 12 | 09
