#0001-d169 @A: 28 21 31 11 | 03
#0002-d169 @A: 13 21 07 04 | 06
#0003-d169 @A: 19 05 21 30 | 11
#0004-d169 @A: 21 34 27 30 | 02
#0005-d169 @A: 05 21 04 01 | 04
#0006-d169 @A: 22 19 07 21 | 10
#0007-d169 @A: 26 21 04 22 | 07
#0008-d169 @A: 27 25 21 01 | 05
#0009-d169 @A: 01 21 03 32 | 12
#0010-d169 @A: 33 03 21 14 | 08
#0011-d169 @A: 33 16 02 21 | 01
#0012-d169 @A: 14 25 35 21 | 09
#0013-d169 @A: 15 28 31 22 | 03
#0014-d169 @A: 10 12 31 02 | 06
#0015-d169 @A: 32 31 30 11 | 11
#0016-d169 @A: 30 31 19 03 | 02
#0017-d169 @A: 32 31 02 05 | 04
#0018-d169 @A: 26 31 03 06 | 10
#0019-d169 @A: 31 07 17 28 | 07
#0020-d169 @A: 11 25 07 31 | 05
#0021-d169 @A: 32 31 01 07 | 12
#0022-d169 @A: 12 22 19 31 | 08
#0023-d169 @A: 20 11 01 31 | 01
#0024-d169 @A: 08 31 12 32 | 09
#0025-d169 @A: 31 28 25 16 | 03
#0026-d169 @A: 13 05 15 04 | 06
#0027-d169 @A: 13 08 15 22 | 11
#0028-d169 @A: 09 10 13 05 | 02
#0029-d169 @A: 16 13 10 07 | 04
#0030-d169 @A: 22 13 30 27 | 10
#0031-d169 @A: 23 30 25 13 | 07
#0032-d169 @A: 35 13 06 29 | 05
#0033-d169 @A: 17 35 14 13 | 12
#0034-d169 @A: 13 19 24 29 | 08
#0035-d169 @A: 08 29 13 23 | 01
#0036-d169 @A: 26 03 13 22 | 09
#0037-d169 @A: 22 28 12 13 | 03
#0038-d169 @A: 13 26 28 14 | 06
#0039-d169 @A: 02 35 13 19 | 11
#0040-d169 @A: 03 14 13 24 | 02
#0041-d169 @A: 04 18 20 13 | 04
#0042-d169 @A: 15 01 10 33 | 10
#0043-d169 @A: 30 15 05 20 | 07
#0044-d169 @A: 30 09 19 15 | 05
#0045-d169 @A: 28 11 15 05 | 12
#0046-d169 @A: 29 02 15 06 | 08
#0047-d169 @A: 16 15 06 32 | 01
#0048-d169 @A: 33 08 15 06 | 09
#0049-d169 @A: 35 03 15 07 | 03
#0050-d169 @A: 15 35 29 11 | 06
#0051-d169 @A: 15 19 25 27 | 11
#0052-d169 @A: 11 15 16 19 | 02
#0053-d169 @A: 23 26 15 16 | 04
#0054-d169 @A: 24 14 32 15 | 10
#0055-d169 @A: 12 24 15 16 | 07
#0056-d169 @A: 15 28 35 18 | 05
#0057-d169 @A: 06 05 33 10 | 12
#0058-d169 @A: 10 06 07 20 | 08
#0059-d169 @A: 06 16 19 10 | 01
#0060-d169 @A: 04 12 10 06 | 09
#0061-d169 @A: 10 34 29 26 | 03
#0062-d169 @A: 10 08 19 24 | 06
#0063-d169 @A: 10 12 35 03 | 11
#0064-d169 @A: 20 10 25 24 | 02
#0065-d169 @A: 16 10 08 28 | 04
#0066-d169 @A: 10 34 28 25 | 10
#0067-d169 @A: 25 09 12 10 | 07
#0068-d169 @A: 30 11 06 16 | 05
#0069-d169 @A: 06 01 28 30 | 12
#0070-d169 @A: 11 30 34 17 | 08
#0071-d169 @A: 12 23 29 30 | 01
#0072-d169 @A: 30 20 29 02 | 09
#0073-d169 @A: 30 11 22 12 | 03
#0074-d169 @A: 24 30 23 27 | 06
#0075-d169 @A: 19 30 01 23 | 11
#0076-d169 @A: 30 24 02 12 | 02
#0077-d169 @A: 18 05 29 06 | 04
#0078-d169 @A: 17 07 05 14 | 10
#0079-d169 @A: 19 24 05 17 | 07
#0080-d169 @A: 28 27 29 05 | 05
#0081-d169 @A: 01 29 23 05 | 12
#0082-d169 @A: 25 27 23 05 | 08
#0083-d169 @A: 18 05 32 25 | 01
#0084-d169 @A: 20 28 03 05 | 09
#0085-d169 @A: 24 08 18 05 | 03
#0086-d169 @A: 06 17 12 01 | 06
#0087-d169 @A: 06 27 29 12 | 11
#0088-d169 @A: 32 14 06 27 | 02
#0089-d169 @A: 06 19 18 26 | 04
#0090-d169 @A: 32 06 12 25 | 10
#0091-d169 @A: 18 06 02 24 | 07
#0092-d169 @A: 06 09 08 25 | 05
#0093-d169 @A: 17 07 20 23 | 12
#0094-d169 @A: 07 12 29 26 | 08
#0095-d169 @A: 07 01 25 29 | 01
#0096-d169 @A: 14 07 29 02 | 09
#0097-d169 @A: 04 20 32 07 | 03
#0098-d169 @A: 33 07 08 03 | 06
#0099-d169 @A: 19 17 29 16 | 11
#0100-d169 @A: 29 17 23 02 | 02
#0101-d169 @A: 22 17 11 28 | 04
#0102-d169 @A: 28 17 12 16 | 10
#0103-d169 @A: 25 17 04 28 | 07
#0104-d169 @A: 14 08 17 25 | 05
#0105-d169 @A: 23 29 09 14 | 12
#0106-d169 @A: 09 28 29 18 | 08
#0107-d169 @A: 12 01 22 27 | 01
#0108-d169 @A: 24 22 34 19 | 09
#0109-d169 @A: 28 03 22 24 | 03
#0110-d169 @A: 20 18 27 28 | 06
#0111-d169 @A: 20 08 27 33 | 11
#0112-d169 @A: 14 26 11 33 | 02
#0113-d169 @A: 04 25 26 11 | 04
#0114-d169 @A: 01 04 24 11 | 10
#0115-d169 @A: 28 03 11 32 | 07
#0116-d169 @A: 08 11 04 32 | 05
#0117-d169 @A: 33 11 03 04 | 12
#0118-d169 @A: 20 12 11 33 | 08
#0119-d169 @A: 28 18 25 11 | 01
#0120-d169 @A: 34 12 32 26 | 09
#0121-d169 @A: 25 32 26 08 | 03
#0122-d169 @A: 14 12 20 26 | 06
#0123-d169 @A: 32 12 19 01 | 11
#0124-d169 @A: 19 16 32 09 | 02
#0125-d169 @A: 08 33 19 16 | 04
#0126-d169 @A: 19 33 09 14 | 10
#0127-d169 @A: 35 09 19 04 | 07
#0128-d169 @A: 23 01 35 34 | 05
#0129-d169 @A: 14 23 33 24 | 12
#0130-d169 @A: 23 16 20 34 | 08
#0131-d169 @A: 18 23 08 20 | 01
#0132-d169 @A: 01 34 20 32 | 09
#0133-d169 @A: 09 32 02 01 | 03
#0134-d169 @A: 03 04 02 09 | 06
#0135-d169 @A: 08 20 34 02 | 11
#0136-d169 @A: 02 08 18 04 | 02
#0137-d169 @A: 31 21 30 07 | 04
#0138-d169 @A: 31 25 21 23 | 10
#0139-d169 @A: 30 28 15 21 | 07
#0140-d169 @A: 26 25 30 21 | 05
#0141-d169 @A: 24 14 21 30 | 12
#0142-d169 @A: 04 21 30 02 | 08
#0143-d169 @A: 22 33 21 28 | 01
#0144-d169 @A: 21 27 33 11 | 09
#0145-d169 @A: 12 21 32 23 | 03
#0146-d169 @A: 35 21 28 32 | 06
#0147-d169 @A: 21 12 28 14 | 11
#0148-d169 @A: 08 09 21 33 | 02
#0149-d169 @A: 31 15 32 13 | 04
#0150-d169 @A: 06 20 31 13 | 10
#0151-d169 @A: 31 03 15 17 | 07
#0152-d169 @A: 29 24 15 31 | 05
#0153-d169 @A: 23 31 30 04 | 12
#0154-d169 @A: 23 30 02 31 | 08
#0155-d169 @A: 14 06 31 05 | 01
#0156-d169 @A: 24 27 31 05 | 09
#0157-d169 @A: 31 08 19 07 | 03
#0158-d169 @A: 19 27 33 31 | 06
#0159-d169 @A: 09 27 31 01 | 11
#0160-d169 @A: 31 25 27 08 | 02
#0161-d169 @A: 09 31 32 35 | 04
#0162-d169 @A: 16 08 31 03 | 10
#0163-d169 @A: 09 12 03 31 | 07
#0164-d169 @A: 16 12 14 31 | 05
#0165-d169 @A: 31 25 33 12 | 12
#0166-d169 @A: 30 13 18 15 | 08
#0167-d169 @A: 13 12 33 15 | 01
#0168-d169 @A: 18 13 23 10 | 09
#0169-d169 @A: 28 13 09 30 | 03
#0170-d169 @A: 13 05 23 14 | 06
#0171-d169 @A: 05 01 13 28 | 11
#0172-d169 @A: 13 02 26 07 | 02
#0173-d169 @A: 01 17 09 13 | 04
#0174-d169 @A: 29 13 28 03 | 10
#0175-d169 @A: 28 02 27 13 | 07
#0176-d169 @A: 12 23 11 13 | 05
#0177-d169 @A: 13 35 03 33 | 12
#0178-d169 @A: 12 09 24 13 | 08
#0179-d169 @A: 28 13 25 20 | 01
#0180-d169 @A: 18 08 33 13 | 09
#0181-d169 @A: 13 09 34 04 | 03
#0182-d169 @A: 12 35 13 18 | 06
#0183-d169 @A: 14 10 15 04 | 11
#0184-d169 @A: 30 26 15 24 | 02
#0185-d169 @A: 06 07 05 15 | 04
#0186-d169 @A: 03 05 15 19 | 10
#0187-d169 @A: 22 07 16 15 | 07
#0188-d169 @A: 16 29 04 15 | 05
#0189-d169 @A: 22 15 32 19 | 12
#0190-d169 @A: 23 15 24 11 | 08
#0191-d169 @A: 11 18 03 15 | 01
#0192-d169 @A: 20 02 15 03 | 09
#0193-d169 @A: 35 04 15 20 | 03
#0194-d169 @A: 15 08 25 16 | 06
#0195-d169 @A: 10 30 18 27 | 11
#0196-d169 @A: 10 14 05 25 | 02
#0197-d169 @A: 35 10 06 23 | 04
#0198-d169 @A: 10 22 32 07 | 10
#0199-d169 @A: 17 14 29 10 | 07
#0200-d169 @A: 22 29 10 08 | 05
#0201-d169 @A: 29 10 01 24 | 12
#0202-d169 @A: 33 08 10 11 | 08
#0203-d169 @A: 09 23 10 26 | 01
#0204-d169 @A: 02 19 32 10 | 09
#0205-d169 @A: 32 23 30 06 | 03
#0206-d169 @A: 25 02 07 30 | 06
#0207-d169 @A: 04 20 22 30 | 11
#0208-d169 @A: 26 28 32 30 | 02
#0209-d169 @A: 30 08 14 32 | 04
#0210-d169 @A: 09 12 30 32 | 10
#0211-d169 @A: 30 04 24 03 | 07
#0212-d169 @A: 33 25 30 34 | 05
#0213-d169 @A: 08 12 33 30 | 12
#0214-d169 @A: 28 29 05 02 | 08
#0215-d169 @A: 05 11 08 22 | 01
#0216-d169 @A: 32 05 11 27 | 09
#0217-d169 @A: 23 11 34 05 | 03
#0218-d169 @A: 08 32 09 05 | 06
#0219-d169 @A: 09 16 03 05 | 11
#0220-d169 @A: 05 16 02 20 | 02
#0221-d169 @A: 05 18 33 28 | 04
#0222-d169 @A: 05 28 09 34 | 10
#0223-d169 @A: 05 04 18 16 | 07
#0224-d169 @A: 06 08 07 17 | 05
#0225-d169 @A: 06 23 17 03 | 12
#0226-d169 @A: 23 27 01 06 | 08
#0227-d169 @A: 33 11 06 28 | 01
#0228-d169 @A: 20 24 35 06 | 09
#0229-d169 @A: 20 04 25 06 | 03
#0230-d169 @A: 06 08 14 34 | 06
#0231-d169 @A: 07 01 03 17 | 11
#0232-d169 @A: 22 03 11 07 | 02
#0233-d169 @A: 07 27 34 11 | 04
#0234-d169 @A: 28 19 27 07 | 10
#0235-d169 @A: 23 33 07 27 | 07
#0236-d169 @A: 11 18 23 07 | 05
#0237-d169 @A: 17 26 20 22 | 12
#0238-d169 @A: 17 01 14 26 | 08
#0239-d169 @A: 26 03 16 17 | 01
#0240-d169 @A: 34 18 17 01 | 09
#0241-d169 @A: 32 17 28 08 | 03
#0242-d169 @A: 17 14 24 09 | 06
#0243-d169 @A: 25 24 17 12 | 11
#0244-d169 @A: 16 29 24 27 | 02
#0245-d169 @A: 29 16 11 34 | 04
#0246-d169 @A: 32 29 09 03 | 10
#0247-d169 @A: 04 32 14 29 | 07
#0248-d169 @A: 16 03 33 29 | 05
#0249-d169 @A: 35 03 25 29 | 12
#0250-d169 @A: 24 20 29 33 | 08
#0251-d169 @A: 20 16 29 18 | 01
#0252-d169 @A: 20 01 19 22 | 09
#0253-d169 @A: 22 28 04 19 | 03
#0254-d169 @A: 02 09 27 11 | 06
#0255-d169 @A: 27 26 18 09 | 11
#0256-d169 @A: 01 18 27 19 | 02
#0257-d169 @A: 33 04 32 27 | 04
#0258-d169 @A: 12 03 28 27 | 10
#0259-d169 @A: 34 20 24 27 | 07
#0260-d169 @A: 12 27 33 34 | 05
#0261-d169 @A: 14 02 04 27 | 12
#0262-d169 @A: 03 11 16 02 | 08
#0263-d169 @A: 11 34 03 08 | 01
#0264-d169 @A: 09 28 24 11 | 09
#0265-d169 @A: 24 11 25 35 | 03
#0266-d169 @A: 11 20 34 25 | 06
#0267-d169 @A: 16 28 11 14 | 11
#0268-d169 @A: 25 26 14 09 | 02
#0269-d169 @A: 19 16 23 02 | 04
#0270-d169 @A: 32 04 19 24 | 10
#0271-d169 @A: 03 33 19 12 | 07
#0272-d169 @A: 02 33 23 08 | 05
#0273-d169 @A: 16 01 34 03 | 12
#0274-d169 @A: 01 04 12 33 | 08
#0275-d169 @A: 14 02 34 01 | 01
#0276-d169 @A: 14 12 01 35 | 09
#0277-d169 @A: 31 21 17 08 | 03
#0278-d169 @A: 15 21 03 13 | 06
#0279-d169 @A: 10 09 15 21 | 11
#0280-d169 @A: 25 07 15 21 | 02
#0281-d169 @A: 20 21 15 22 | 04
#0282-d169 @A: 26 21 34 15 | 10
#0283-d169 @A: 15 35 21 19 | 07
#0284-d169 @A: 21 01 16 15 | 05
#0285-d169 @A: 25 21 10 06 | 12
#0286-d169 @A: 21 11 20 10 | 08
#0287-d169 @A: 10 24 21 23 | 01
#0288-d169 @A: 10 21 16 34 | 09
#0289-d169 @A: 21 12 22 06 | 03
#0290-d169 @A: 09 29 07 21 | 06
#0291-d169 @A: 07 32 21 08 | 11
#0292-d169 @A: 27 17 21 24 | 02
#0293-d169 @A: 04 23 21 17 | 04
#0294-d169 @A: 21 29 01 02 | 10
#0295-d169 @A: 21 29 25 18 | 07
#0296-d169 @A: 09 22 27 21 | 05
#0297-d169 @A: 27 21 20 19 | 12
#0298-d169 @A: 23 11 21 14 | 08
#0299-d169 @A: 14 02 19 21 | 01
#0300-d169 @A: 21 04 32 25 | 09
#0301-d169 @A: 08 12 21 03 | 03
#0302-d169 @A: 21 08 28 18 | 06
#0303-d169 @A: 31 08 15 34 | 11
#0304-d169 @A: 10 35 07 31 | 02
#0305-d169 @A: 31 04 11 05 | 04
#0306-d169 @A: 05 12 31 18 | 10
#0307-d169 @A: 05 31 02 14 | 07
#0308-d169 @A: 06 11 18 31 | 05
#0309-d169 @A: 31 18 17 29 | 12
#0310-d169 @A: 01 31 14 29 | 08
#0311-d169 @A: 24 31 02 29 | 01
#0312-d169 @A: 29 20 31 08 | 09
#0313-d169 @A: 32 31 22 27 | 03
#0314-d169 @A: 27 31 18 23 | 06
#0315-d169 @A: 31 26 23 12 | 11
#0316-d169 @A: 26 02 31 25 | 02
#0317-d169 @A: 31 35 01 02 | 04
#0318-d169 @A: 32 25 31 20 | 10
#0319-d169 @A: 14 07 15 13 | 07
#0320-d169 @A: 02 17 15 13 | 05
#0321-d169 @A: 16 13 09 15 | 12
#0322-d169 @A: 34 33 10 13 | 08
#0323-d169 @A: 24 13 30 05 | 01
#0324-d169 @A: 13 01 32 30 | 09
#0325-d169 @A: 17 24 13 11 | 03
#0326-d169 @A: 34 22 23 13 | 06
#0327-d169 @A: 13 01 16 22 | 11
#0328-d169 @A: 34 11 13 32 | 02
#0329-d169 @A: 24 13 23 04 | 04
#0330-d169 @A: 12 13 20 16 | 10
#0331-d169 @A: 30 15 16 10 | 07
#0332-d169 @A: 17 25 30 15 | 05
#0333-d169 @A: 14 30 01 15 | 12
#0334-d169 @A: 23 05 32 15 | 08
#0335-d169 @A: 01 15 07 34 | 01
#0336-d169 @A: 28 15 23 17 | 09
#0337-d169 @A: 27 23 15 12 | 03
#0338-d169 @A: 27 15 32 02 | 06
#0339-d169 @A: 14 27 33 15 | 11
#0340-d169 @A: 26 15 18 32 | 02
#0341-d169 @A: 19 23 15 04 | 04
#0342-d169 @A: 18 19 15 33 | 10
#0343-d169 @A: 14 15 09 34 | 07
#0344-d169 @A: 34 25 15 04 | 05
#0345-d169 @A: 07 10 19 14 | 12
#0346-d169 @A: 11 18 10 29 | 08
#0347-d169 @A: 01 34 10 19 | 01
#0348-d169 @A: 03 10 25 16 | 09
#0349-d169 @A: 34 03 10 02 | 03
#0350-d169 @A: 08 10 02 14 | 06
#0351-d169 @A: 25 08 10 35 | 11
#0352-d169 @A: 30 05 11 18 | 02
#0353-d169 @A: 14 30 07 11 | 04
#0354-d169 @A: 30 09 17 23 | 10
#0355-d169 @A: 32 30 29 25 | 07
#0356-d169 @A: 26 11 30 08 | 05
#0357-d169 @A: 26 14 23 30 | 12
#0358-d169 @A: 23 30 33 16 | 08
#0359-d169 @A: 03 16 32 30 | 01
#0360-d169 @A: 14 12 03 30 | 09
#0361-d169 @A: 28 14 04 30 | 03
#0362-d169 @A: 05 35 22 06 | 06
#0363-d169 @A: 08 29 07 05 | 11
#0364-d169 @A: 26 17 28 05 | 02
#0365-d169 @A: 03 11 05 29 | 04
#0366-d169 @A: 32 24 22 05 | 10
#0367-d169 @A: 22 05 12 34 | 07
#0368-d169 @A: 09 05 01 19 | 05
#0369-d169 @A: 03 33 23 05 | 12
#0370-d169 @A: 20 35 05 08 | 08
#0371-d169 @A: 07 06 34 22 | 01
#0372-d169 @A: 17 19 06 28 | 09
#0373-d169 @A: 06 01 03 29 | 03
#0374-d169 @A: 28 22 06 23 | 06
#0375-d169 @A: 35 06 01 11 | 11
#0376-d169 @A: 06 04 11 02 | 02
#0377-d169 @A: 19 01 06 14 | 04
#0378-d169 @A: 32 34 03 06 | 10
#0379-d169 @A: 28 18 24 06 | 07
#0380-d169 @A: 06 24 08 16 | 05
#0381-d169 @A: 28 04 06 35 | 12
#0382-d169 @A: 35 12 06 33 | 08
#0383-d169 @A: 24 07 28 29 | 01
#0384-d169 @A: 07 16 04 35 | 09
#0385-d169 @A: 17 25 29 23 | 03
#0386-d169 @A: 17 32 27 19 | 06
#0387-d169 @A: 26 17 11 18 | 11
#0388-d169 @A: 17 16 33 04 | 02
#0389-d169 @A: 17 04 35 18 | 04
#0390-d169 @A: 20 29 11 26 | 10
#0391-d169 @A: 20 12 03 29 | 07
#0392-d169 @A: 04 29 28 08 | 05
#0393-d169 @A: 28 35 14 29 | 12
#0394-d169 @A: 04 35 29 12 | 08
#0395-d169 @A: 11 22 14 27 | 01
#0396-d169 @A: 16 23 11 22 | 09
#0397-d169 @A: 22 03 20 18 | 03
#0398-d169 @A: 03 22 04 25 | 06
#0399-d169 @A: 22 20 35 16 | 11
#0400-d169 @A: 22 16 34 18 | 02
#0401-d169 @A: 02 35 12 22 | 04
#0402-d169 @A: 28 34 04 27 | 10
#0403-d169 @A: 34 09 16 27 | 07
#0404-d169 @A: 08 16 04 27 | 05
#0405-d169 @A: 11 01 23 26 | 12
#0406-d169 @A: 12 11 24 32 | 08
#0407-d169 @A: 11 25 03 14 | 01
#0408-d169 @A: 26 25 18 24 | 09
#0409-d169 @A: 26 33 09 04 | 03
#0410-d169 @A: 18 32 19 14 | 06
#0411-d169 @A: 02 19 09 18 | 11
#0412-d169 @A: 02 23 28 04 | 02
#0413-d169 @A: 01 03 20 04 | 04
#0414-d169 @A: 28 33 24 01 | 10
#0415-d169 @A: 01 24 08 35 | 07
#0416-d169 @A: 01 16 25 09 | 05
#0417-d169 @A: 34 04 08 01 | 12
#0418-d169 @A: 21 02 31 03 | 08
#0419-d169 @A: 13 21 24 22 | 01
#0420-d169 @A: 35 13 01 21 | 09
#0421-d169 @A: 21 22 18 10 | 03
#0422-d169 @A: 21 02 27 10 | 06
#0423-d169 @A: 10 21 01 14 | 11
#0424-d169 @A: 32 29 05 21 | 02
#0425-d169 @A: 24 21 34 05 | 04
#0426-d169 @A: 06 21 07 14 | 10
#0427-d169 @A: 29 06 33 21 | 07
#0428-d169 @A: 04 34 21 29 | 05
#0429-d169 @A: 32 11 21 02 | 12
#0430-d169 @A: 26 18 21 16 | 08
#0431-d169 @A: 23 34 19 21 | 01
#0432-d169 @A: 35 03 16 21 | 09
#0433-d169 @A: 24 21 28 16 | 03
#0434-d169 @A: 24 21 35 02 | 06
#0435-d169 @A: 12 20 21 35 | 11
#0436-d169 @A: 16 12 09 21 | 02
#0437-d169 @A: 21 35 08 34 | 04
#0438-d169 @A: 09 04 18 21 | 10
#0439-d169 @A: 08 13 30 31 | 07
#0440-d169 @A: 19 13 14 31 | 05
#0441-d169 @A: 31 09 13 23 | 12
#0442-d169 @A: 31 10 14 30 | 08
#0443-d169 @A: 05 16 31 10 | 01
#0444-d169 @A: 31 29 10 28 | 09
#0445-d169 @A: 30 31 18 25 | 03
#0446-d169 @A: 31 14 17 27 | 06
#0447-d169 @A: 31 17 19 11 | 11
#0448-d169 @A: 16 31 23 17 | 02
#0449-d169 @A: 04 22 31 34 | 04
#0450-d169 @A: 04 24 16 31 | 10
#0451-d169 @A: 15 13 11 10 | 07
#0452-d169 @A: 10 13 32 25 | 05
#0453-d169 @A: 32 19 05 13 | 12
#0454-d169 @A: 22 19 06 13 | 08
#0455-d169 @A: 13 06 11 26 | 01
#0456-d169 @A: 13 07 19 18 | 09
#0457-d169 @A: 26 13 16 35 | 03
#0458-d169 @A: 13 03 19 01 | 06
#0459-d169 @A: 13 14 20 32 | 11
#0460-d169 @A: 08 15 30 29 | 02
#0461-d169 @A: 33 15 11 30 | 04
#0462-d169 @A: 15 29 05 12 | 10
#0463-d169 @A: 05 15 22 25 | 07
#0464-d169 @A: 01 09 15 06 | 05
#0465-d169 @A: 07 26 15 28 | 12
#0466-d169 @A: 07 04 15 33 | 08
#0467-d169 @A: 15 04 08 17 | 01
#0468-d169 @A: 15 17 09 35 | 09
#0469-d169 @A: 14 26 15 19 | 03
#0470-d169 @A: 23 25 20 15 | 06
#0471-d169 @A: 15 24 02 01 | 11
#0472-d169 @A: 04 15 34 02 | 02
#0473-d169 @A: 14 25 12 15 | 04
#0474-d169 @A: 10 30 32 19 | 10
#0475-d169 @A: 23 04 10 05 | 07
#0476-d169 @A: 01 05 10 32 | 05
#0477-d169 @A: 07 10 34 17 | 12
#0478-d169 @A: 19 17 10 20 | 08
#0479-d169 @A: 17 16 32 10 | 01
#0480-d169 @A: 12 10 17 08 | 09
#0481-d169 @A: 22 10 33 04 | 03
#0482-d169 @A: 10 11 28 26 | 06
#0483-d169 @A: 24 33 10 12 | 11
#0484-d169 @A: 20 35 18 10 | 02
#0485-d169 @A: 10 09 04 08 | 04
#0486-d169 @A: 18 02 10 35 | 10
#0487-d169 @A: 30 07 24 06 | 07
#0488-d169 @A: 33 07 30 26 | 05
#0489-d169 @A: 19 30 04 27 | 12
#0490-d169 @A: 11 35 30 19 | 08
#0491-d169 @A: 30 01 16 08 | 01
#0492-d169 @A: 28 08 03 30 | 09
#0493-d169 @A: 09 08 18 30 | 03
#0494-d169 @A: 05 20 34 07 | 06
#0495-d169 @A: 35 05 25 07 | 11
#0496-d169 @A: 09 22 05 23 | 02
#0497-d169 @A: 27 03 05 26 | 04
#0498-d169 @A: 11 26 05 24 | 10
#0499-d169 @A: 23 16 05 19 | 07
#0500-d169 @A: 23 05 02 18 | 05
#0501-d169 @A: 05 24 04 33 | 12
#0502-d169 @A: 25 34 02 05 | 08
#0503-d169 @A: 27 11 06 17 | 01
#0504-d169 @A: 17 04 09 06 | 09
#0505-d169 @A: 29 22 20 06 | 03
#0506-d169 @A: 25 22 27 06 | 06
#0507-d169 @A: 09 19 27 06 | 11
#0508-d169 @A: 24 06 26 12 | 02
#0509-d169 @A: 08 02 06 26 | 04
#0510-d169 @A: 34 23 06 18 | 10
#0511-d169 @A: 08 35 32 06 | 07
#0512-d169 @A: 24 06 03 25 | 05
#0513-d169 @A: 34 23 07 29 | 12
#0514-d169 @A: 29 07 35 20 | 08
#0515-d169 @A: 22 07 01 28 | 01
#0516-d169 @A: 19 26 25 07 | 09
#0517-d169 @A: 23 03 07 26 | 03
#0518-d169 @A: 19 07 16 01 | 06
#0519-d169 @A: 23 16 08 07 | 11
#0520-d169 @A: 24 35 07 09 | 02
#0521-d169 @A: 07 02 28 20 | 04
#0522-d169 @A: 22 17 35 23 | 10
#0523-d169 @A: 32 17 01 22 | 07
#0524-d169 @A: 11 17 14 32 | 05
#0525-d169 @A: 03 11 12 17 | 12
#0526-d169 @A: 17 28 35 20 | 08
#0527-d169 @A: 34 25 35 17 | 01
#0528-d169 @A: 14 17 12 04 | 09
#0529-d169 @A: 27 29 33 26 | 03
#0530-d169 @A: 23 18 29 19 | 06
#0531-d169 @A: 08 29 35 19 | 11
#0532-d169 @A: 16 32 12 29 | 02
#0533-d169 @A: 09 04 29 24 | 04
#0534-d169 @A: 16 14 29 25 | 10
#0535-d169 @A: 29 34 09 35 | 07
#0536-d169 @A: 27 22 26 28 | 05
#0537-d169 @A: 27 18 02 22 | 12
#0538-d169 @A: 01 22 11 18 | 08
#0539-d169 @A: 23 14 08 22 | 01
#0540-d169 @A: 25 24 33 22 | 09
#0541-d169 @A: 34 09 22 20 | 03
#0542-d169 @A: 11 27 08 01 | 06
#0543-d169 @A: 26 34 01 27 | 11
#0544-d169 @A: 14 27 34 03 | 02
#0545-d169 @A: 35 24 18 27 | 04
#0546-d169 @A: 27 24 04 25 | 10
#0547-d169 @A: 19 01 11 28 | 07
#0548-d169 @A: 33 34 24 11 | 05
#0549-d169 @A: 18 16 33 11 | 12
#0550-d169 @A: 11 08 16 35 | 08
#0551-d169 @A: 24 26 14 02 | 01
#0552-d169 @A: 08 26 16 20 | 09
#0553-d169 @A: 26 09 28 12 | 03
#0554-d169 @A: 08 34 09 26 | 06
#0555-d169 @A: 12 14 08 19 | 11
#0556-d169 @A: 28 24 32 23 | 02
#0557-d169 @A: 32 18 23 04 | 04
#0558-d169 @A: 20 23 09 03 | 10
#0559-d169 @A: 03 35 18 23 | 07
#0560-d169 @A: 35 14 23 20 | 05
#0561-d169 @A: 24 09 01 34 | 12
#0562-d169 @A: 01 25 24 14 | 08
#0563-d169 @A: 16 04 28 01 | 01
#0564-d169 @A: 01 35 18 16 | 09
#0565-d169 @A: 25 18 12 01 | 03
#0566-d169 @A: 24 32 34 02 | 06
#0567-d169 @A: 32 02 25 18 | 11
#0568-d169 @A: 27 35 21 31 | 02
#0569-d169 @A: 19 31 21 32 | 04
#0570-d169 @A: 13 11 21 18 | 10
#0571-d169 @A: 25 21 09 13 | 07
#0572-d169 @A: 18 21 05 20 | 05
#0573-d169 @A: 06 21 03 11 | 12
#0574-d169 @A: 21 06 23 09 | 08
#0575-d169 @A: 24 11 21 07 | 01
#0576-d169 @A: 01 21 07 23 | 09
#0577-d169 @A: 11 08 21 29 | 03
#0578-d169 @A: 19 29 21 12 | 06
#0579-d169 @A: 01 28 29 21 | 11
#0580-d169 @A: 08 21 25 24 | 02
#0581-d169 @A: 34 21 20 33 | 04
#0582-d169 @A: 21 33 18 12 | 10
#0583-d169 @A: 21 12 02 09 | 07
#0584-d169 @A: 18 02 13 31 | 05
#0585-d169 @A: 15 31 07 20 | 12
#0586-d169 @A: 17 05 32 31 | 08
#0587-d169 @A: 05 31 01 34 | 01
#0588-d169 @A: 31 24 23 06 | 09
#0589-d169 @A: 06 16 01 31 | 03
#0590-d169 @A: 33 02 07 31 | 06
#0591-d169 @A: 29 35 16 31 | 11
#0592-d169 @A: 31 35 25 22 | 02
#0593-d169 @A: 31 28 01 26 | 04
#0594-d169 @A: 01 35 19 31 | 10
#0595-d169 @A: 33 31 20 28 | 07
#0596-d169 @A: 31 28 12 35 | 05
#0597-d169 @A: 04 31 33 08 | 12
#0598-d169 @A: 13 06 15 34 | 08
#0599-d169 @A: 24 10 13 02 | 01
#0600-d169 @A: 03 05 02 13 | 09
#0601-d169 @A: 06 33 13 32 | 03
#0602-d169 @A: 07 13 17 33 | 06
#0603-d169 @A: 07 13 08 26 | 11
#0604-d169 @A: 25 11 22 13 | 02
#0605-d169 @A: 11 04 27 13 | 04
#0606-d169 @A: 12 08 27 13 | 10
#0607-d169 @A: 01 14 13 11 | 07
#0608-d169 @A: 32 13 08 24 | 05
#0609-d169 @A: 13 09 33 20 | 12
#0610-d169 @A: 14 33 25 13 | 08
#0611-d169 @A: 02 34 13 12 | 01
#0612-d169 @A: 08 04 13 14 | 09
#0613-d169 @A: 05 10 15 24 | 03
#0614-d169 @A: 15 10 18 07 | 06
#0615-d169 @A: 15 10 27 28 | 11
#0616-d169 @A: 06 35 15 30 | 02
#0617-d169 @A: 30 04 32 15 | 04
#0618-d169 @A: 19 02 05 15 | 10
#0619-d169 @A: 29 15 18 01 | 07
#0620-d169 @A: 12 22 26 15 | 05
#0621-d169 @A: 15 26 27 11 | 12
#0622-d169 @A: 26 35 15 08 | 08
#0623-d169 @A: 15 09 18 25 | 01
#0624-d169 @A: 05 30 12 10 | 09
#0625-d169 @A: 01 10 04 30 | 03
#0626-d169 @A: 34 10 11 06 | 06
#0627-d169 @A: 17 18 10 28 | 11
#0628-d169 @A: 10 12 23 22 | 02
#0629-d169 @A: 03 01 11 10 | 04
#0630-d169 @A: 10 12 14 11 | 10
#0631-d169 @A: 10 12 26 01 | 07
#0632-d169 @A: 03 28 10 14 | 05
#0633-d169 @A: 10 14 08 20 | 12
#0634-d169 @A: 09 14 35 10 | 08
#0635-d169 @A: 30 14 17 06 | 01
#0636-d169 @A: 17 30 18 07 | 09
#0637-d169 @A: 29 30 26 04 | 03
#0638-d169 @A: 30 01 29 33 | 06
#0639-d169 @A: 20 09 27 30 | 11
#0640-d169 @A: 16 20 28 30 | 02
#0641-d169 @A: 35 33 28 30 | 04
#0642-d169 @A: 16 14 09 30 | 10
#0643-d169 @A: 05 06 08 23 | 07
#0644-d169 @A: 07 24 05 23 | 05
#0645-d169 @A: 35 05 11 17 | 12
#0646-d169 @A: 27 19 05 35 | 08
#0647-d169 @A: 05 25 11 19 | 01
#0648-d169 @A: 24 03 35 05 | 09
#0649-d169 @A: 03 05 25 08 | 03
#0650-d169 @A: 26 09 06 07 | 06
#0651-d169 @A: 17 29 24 06 | 11
#0652-d169 @A: 14 06 02 17 | 02
#0653-d169 @A: 14 06 11 29 | 04
#0654-d169 @A: 04 03 19 06 | 10
#0655-d169 @A: 18 33 03 06 | 07
#0656-d169 @A: 34 04 24 06 | 05
#0657-d169 @A: 06 34 20 28 | 12
#0658-d169 @A: 09 20 06 14 | 08
#0659-d169 @A: 16 18 06 14 | 01
#0660-d169 @A: 26 07 18 22 | 09
#0661-d169 @A: 07 24 27 01 | 03
#0662-d169 @A: 11 20 09 07 | 06
#0663-d169 @A: 03 07 32 12 | 11
#0664-d169 @A: 32 18 07 28 | 02
#0665-d169 @A: 07 14 28 20 | 04
#0666-d169 @A: 35 29 32 17 | 10
#0667-d169 @A: 29 04 17 03 | 07
#0668-d169 @A: 26 35 17 27 | 05
#0669-d169 @A: 17 25 32 33 | 12
#0670-d169 @A: 03 17 08 35 | 08
#0671-d169 @A: 02 16 24 17 | 01
#0672-d169 @A: 09 16 17 20 | 09
#0673-d169 @A: 12 09 29 01 | 03
#0674-d169 @A: 20 22 32 11 | 06
#0675-d169 @A: 33 22 35 26 | 11
#0676-d169 @A: 33 01 22 02 | 02
#0677-d169 @A: 16 08 32 22 | 04
#0678-d169 @A: 14 12 32 22 | 10
#0679-d169 @A: 32 22 02 12 | 07
#0680-d169 @A: 14 24 22 20 | 05
#0681-d169 @A: 28 35 09 22 | 12
#0682-d169 @A: 16 22 02 08 | 08
#0683-d169 @A: 12 22 04 18 | 01
#0684-d169 @A: 28 35 27 23 | 09
#0685-d169 @A: 20 35 25 27 | 03
#0686-d169 @A: 35 08 27 14 | 06
#0687-d169 @A: 18 32 11 09 | 11
#0688-d169 @A: 24 03 11 16 | 02
#0689-d169 @A: 35 28 11 34 | 04
#0690-d169 @A: 08 25 11 02 | 10
#0691-d169 @A: 11 14 09 04 | 07
#0692-d169 @A: 19 23 24 26 | 05
#0693-d169 @A: 01 26 20 25 | 12
#0694-d169 @A: 26 28 08 33 | 08
#0695-d169 @A: 18 28 04 26 | 01
#0696-d169 @A: 14 19 16 03 | 09
#0697-d169 @A: 20 24 16 19 | 03
#0698-d169 @A: 01 32 23 08 | 06
#0699-d169 @A: 23 28 16 03 | 11
#0700-d169 @A: 24 08 23 09 | 02
#0701-d169 @A: 25 08 23 28 | 04
#0702-d169 @A: 23 02 35 25 | 10
#0703-d169 @A: 01 03 24 12 | 07
#0704-d169 @A: 01 08 03 02 | 05
#0705-d169 @A: 14 01 33 34 | 12
#0706-d169 @A: 21 14 31 26 | 08
#0707-d169 @A: 23 21 33 13 | 01
#0708-d169 @A: 06 15 21 24 | 09
#0709-d169 @A: 27 04 15 21 | 03
#0710-d169 @A: 26 21 10 05 | 06
#0711-d169 @A: 35 21 17 10 | 11
#0712-d169 @A: 32 22 21 30 | 02
#0713-d169 @A: 04 30 21 11 | 04
#0714-d169 @A: 01 21 12 30 | 10
#0715-d169 @A: 11 22 21 35 | 07
#0716-d169 @A: 11 09 19 21 | 05
#0717-d169 @A: 24 19 01 21 | 12
#0718-d169 @A: 14 21 19 04 | 08
#0719-d169 @A: 21 28 03 04 | 01
#0720-d169 @A: 21 02 20 18 | 09
#0721-d169 @A: 21 14 08 16 | 03
#0722-d169 @A: 33 35 21 04 | 06
#0723-d169 @A: 24 31 07 13 | 11
#0724-d169 @A: 26 31 15 04 | 02
#0725-d169 @A: 35 23 15 31 | 04
#0726-d169 @A: 18 16 31 15 | 10
#0727-d169 @A: 32 31 10 06 | 07
#0728-d169 @A: 11 24 31 10 | 05
#0729-d169 @A: 26 18 10 31 | 12
#0730-d169 @A: 23 31 10 34 | 08
#0731-d169 @A: 31 24 30 01 | 01
#0732-d169 @A: 05 26 31 25 | 09
#0733-d169 @A: 20 31 05 23 | 03
#0734-d169 @A: 08 22 06 31 | 06
#0735-d169 @A: 03 07 29 31 | 11
#0736-d169 @A: 07 23 31 14 | 02
#0737-d169 @A: 18 31 09 07 | 04
#0738-d169 @A: 17 01 31 04 | 10
#0739-d169 @A: 12 31 20 17 | 07
#0740-d169 @A: 31 32 26 29 | 05
#0741-d169 @A: 34 31 27 02 | 12
#0742-d169 @A: 31 34 19 20 | 08
#0743-d169 @A: 24 18 31 32 | 01
#0744-d169 @A: 31 28 32 04 | 09
#0745-d169 @A: 31 20 03 24 | 03
#0746-d169 @A: 03 35 04 31 | 06
#0747-d169 @A: 31 18 08 35 | 11
#0748-d169 @A: 06 04 13 30 | 02
#0749-d169 @A: 30 13 16 17 | 04
#0750-d169 @A: 30 13 29 14 | 10
#0751-d169 @A: 13 12 26 30 | 07
#0752-d169 @A: 08 17 05 13 | 05
#0753-d169 @A: 13 27 05 18 | 12
#0754-d169 @A: 07 29 13 32 | 08
#0755-d169 @A: 01 12 07 13 | 01
#0756-d169 @A: 17 20 13 29 | 09
#0757-d169 @A: 08 13 11 28 | 03
#0758-d169 @A: 01 23 13 02 | 06
#0759-d169 @A: 08 03 13 20 | 11
#0760-d169 @A: 28 13 33 04 | 02
#0761-d169 @A: 02 16 14 13 | 04
#0762-d169 @A: 29 15 32 10 | 10
#0763-d169 @A: 08 10 15 23 | 07
#0764-d169 @A: 15 28 02 30 | 05
#0765-d169 @A: 12 06 03 15 | 12
#0766-d169 @A: 22 15 27 24 | 08
#0767-d169 @A: 01 32 15 27 | 01
#0768-d169 @A: 16 27 15 03 | 09
#0769-d169 @A: 12 15 11 34 | 03
#0770-d169 @A: 15 11 18 02 | 06
#0771-d169 @A: 33 15 14 02 | 11
#0772-d169 @A: 10 11 05 07 | 02
#0773-d169 @A: 18 10 01 06 | 04
#0774-d169 @A: 10 29 09 02 | 10
#0775-d169 @A: 33 10 32 26 | 07
#0776-d169 @A: 10 28 23 20 | 05
#0777-d169 @A: 04 10 16 20 | 12
#0778-d169 @A: 05 30 03 06 | 08
#0779-d169 @A: 05 27 30 08 | 01
#0780-d169 @A: 05 32 30 34 | 09
#0781-d169 @A: 33 30 27 06 | 03
#0782-d169 @A: 20 06 30 26 | 06
#0783-d169 @A: 07 32 30 27 | 11
#0784-d169 @A: 04 07 30 09 | 02
#0785-d169 @A: 18 30 22 23 | 04
#0786-d169 @A: 01 34 22 30 | 10
#0787-d169 @A: 30 28 22 25 | 07
#0788-d169 @A: 12 24 30 20 | 05
#0789-d169 @A: 20 33 30 14 | 12
#0790-d169 @A: 12 28 30 18 | 08
#0791-d169 @A: 07 05 32 26 | 01
#0792-d169 @A: 27 04 05 22 | 09
#0793-d169 @A: 05 27 01 14 | 03
#0794-d169 @A: 20 05 26 19 | 06
#0795-d169 @A: 05 16 01 33 | 11
#0796-d169 @A: 33 05 12 32 | 02
#0797-d169 @A: 02 05 24 08 | 04
#0798-d169 @A: 18 27 07 06 | 10
#0799-d169 @A: 02 06 19 03 | 07
#0800-d169 @A: 09 16 06 35 | 05
#0801-d169 @A: 34 35 06 02 | 12
#0802-d169 @A: 35 18 25 06 | 08
#0803-d169 @A: 28 35 07 08 | 01
#0804-d169 @A: 16 33 12 07 | 09
#0805-d169 @A: 25 09 34 07 | 03
#0806-d169 @A: 09 07 08 12 | 06
#0807-d169 @A: 08 02 07 12 | 11
#0808-d169 @A: 08 29 17 01 | 02
#0809-d169 @A: 22 02 17 26 | 04
#0810-d169 @A: 01 17 27 28 | 10
#0811-d169 @A: 17 11 09 08 | 07
#0812-d169 @A: 14 19 17 23 | 05
#0813-d169 @A: 17 35 19 33 | 12
#0814-d169 @A: 17 01 25 02 | 08
#0815-d169 @A: 32 24 03 17 | 01
#0816-d169 @A: 04 17 32 34 | 09
#0817-d169 @A: 20 24 17 04 | 03
#0818-d169 @A: 34 28 17 24 | 06
#0819-d169 @A: 28 17 02 08 | 11
#0820-d169 @A: 17 08 16 18 | 02
#0821-d169 @A: 35 02 18 17 | 04
#0822-d169 @A: 09 19 29 22 | 10
#0823-d169 @A: 29 16 22 28 | 07
#0824-d169 @A: 23 11 28 29 | 05
#0825-d169 @A: 26 28 29 19 | 12
#0826-d169 @A: 01 29 26 16 | 08
#0827-d169 @A: 26 24 03 29 | 01
#0828-d169 @A: 01 04 19 29 | 09
#0829-d169 @A: 02 28 29 16 | 03
#0830-d169 @A: 29 18 35 33 | 06
#0831-d169 @A: 29 25 08 34 | 11
#0832-d169 @A: 08 26 22 19 | 02
#0833-d169 @A: 01 14 22 09 | 04
#0834-d169 @A: 03 22 35 34 | 10
#0835-d169 @A: 27 23 26 04 | 07
#0836-d169 @A: 33 09 35 27 | 05
#0837-d169 @A: 18 34 25 27 | 12
#0838-d169 @A: 26 09 11 03 | 08
#0839-d169 @A: 20 18 24 11 | 01
#0840-d169 @A: 35 14 11 18 | 09
#0841-d169 @A: 32 16 26 04 | 03
#0842-d169 @A: 26 25 33 03 | 06
#0843-d169 @A: 26 03 12 02 | 11
#0844-d169 @A: 35 04 24 26 | 02
#0845-d169 @A: 09 35 26 20 | 04
#0846-d169 @A: 12 25 16 26 | 10
#0847-d169 @A: 35 34 26 18 | 07
#0848-d169 @A: 23 09 19 12 | 05
#0849-d169 @A: 33 24 19 02 | 12
#0850-d169 @A: 20 04 19 33 | 08
#0851-d169 @A: 25 09 28 19 | 01
#0852-d169 @A: 34 18 09 19 | 09
#0853-d169 @A: 12 34 19 35 | 03
#0854-d169 @A: 24 34 23 03 | 06
#0855-d169 @A: 25 16 24 23 | 11
#0856-d169 @A: 20 12 23 04 | 02
#0857-d169 @A: 23 25 09 35 | 04
#0858-d169 @A: 35 09 01 03 | 10
#0859-d169 @A: 28 01 34 12 | 07
#0860-d169 @A: 02 04 16 32 | 05
#0861-d169 @A: 02 09 24 20 | 12
#0862-d169 @A: 14 35 28 02 | 08
#0863-d169 @A: 04 10 31 21 | 01
#0864-d169 @A: 09 31 21 24 | 09
#0865-d169 @A: 21 19 16 13 | 03
#0866-d169 @A: 15 21 14 29 | 06
#0867-d169 @A: 15 21 08 02 | 11
#0868-d169 @A: 07 21 12 10 | 02
#0869-d169 @A: 21 08 23 30 | 04
#0870-d169 @A: 06 21 17 32 | 10
#0871-d169 @A: 35 21 06 26 | 07
#0872-d169 @A: 28 21 34 07 | 05
#0873-d169 @A: 25 34 21 12 | 12
#0874-d169 @A: 13 28 31 27 | 08
#0875-d169 @A: 31 01 25 13 | 01
#0876-d169 @A: 12 30 31 06 | 09
#0877-d169 @A: 30 28 31 34 | 03
#0878-d169 @A: 31 05 19 29 | 06
#0879-d169 @A: 31 20 26 27 | 11
#0880-d169 @A: 19 31 23 28 | 02
#0881-d169 @A: 33 31 32 14 | 04
#0882-d169 @A: 31 25 03 34 | 10
#0883-d169 @A: 31 02 09 28 | 07
#0884-d169 @A: 14 09 31 08 | 05
#0885-d169 @A: 20 15 13 24 | 12
#0886-d169 @A: 35 30 10 13 | 08
#0887-d169 @A: 28 06 10 13 | 01
#0888-d169 @A: 30 03 13 11 | 09
#0889-d169 @A: 13 07 05 03 | 03
#0890-d169 @A: 05 20 13 22 | 06
#0891-d169 @A: 25 07 13 06 | 11
#0892-d169 @A: 13 01 08 06 | 02
#0893-d169 @A: 11 13 07 35 | 04
#0894-d169 @A: 32 13 22 35 | 10
#0895-d169 @A: 26 13 27 25 | 07
#0896-d169 @A: 27 13 16 14 | 05
#0897-d169 @A: 09 19 13 26 | 12
#0898-d169 @A: 19 23 35 13 | 08
#0899-d169 @A: 35 04 13 25 | 01
#0900-d169 @A: 15 23 34 30 | 09
#0901-d169 @A: 05 15 01 35 | 03
#0902-d169 @A: 32 07 17 15 | 06
#0903-d169 @A: 35 15 07 02 | 11
#0904-d169 @A: 17 11 15 20 | 02
#0905-d169 @A: 34 17 19 15 | 04
#0906-d169 @A: 01 24 17 15 | 10
#0907-d169 @A: 22 33 15 23 | 07
#0908-d169 @A: 01 04 22 15 | 05
#0909-d169 @A: 20 22 02 15 | 12
#0910-d169 @A: 01 15 26 03 | 08
#0911-d169 @A: 12 23 15 02 | 01
#0912-d169 @A: 28 15 33 03 | 09
#0913-d169 @A: 20 09 15 12 | 03
#0914-d169 @A: 04 15 12 28 | 06
#0915-d169 @A: 33 25 15 35 | 11
#0916-d169 @A: 09 15 02 25 | 02
#0917-d169 @A: 10 22 30 26 | 04
#0918-d169 @A: 10 23 03 30 | 10
#0919-d169 @A: 05 03 10 17 | 07
#0920-d169 @A: 10 05 33 02 | 05
#0921-d169 @A: 05 08 34 10 | 12
#0922-d169 @A: 10 27 06 26 | 08
#0923-d169 @A: 06 02 10 20 | 01
#0924-d169 @A: 04 10 26 07 | 09
#0925-d169 @A: 26 25 17 10 | 03
#0926-d169 @A: 17 10 23 01 | 06
#0927-d169 @A: 23 29 16 10 | 11
#0928-d169 @A: 10 01 22 25 | 02
#0929-d169 @A: 10 09 27 24 | 04
#0930-d169 @A: 32 11 10 23 | 10
#0931-d169 @A: 35 19 26 10 | 07
#0932-d169 @A: 26 10 16 14 | 05
#0933-d169 @A: 12 10 32 28 | 12
#0934-d169 @A: 18 10 24 34 | 08
#0935-d169 @A: 23 07 35 30 | 01
#0936-d169 @A: 30 03 17 02 | 09
#0937-d169 @A: 11 30 01 09 | 03
#0938-d169 @A: 18 26 01 30 | 06
#0939-d169 @A: 30 03 26 35 | 11
#0940-d169 @A: 34 30 02 26 | 02
#0941-d169 @A: 19 34 06 05 | 04
#0942-d169 @A: 05 07 12 19 | 10
#0943-d169 @A: 07 18 05 01 | 07
#0944-d169 @A: 20 11 05 14 | 05
#0945-d169 @A: 05 04 12 03 | 12
#0946-d169 @A: 20 25 33 05 | 08
#0947-d169 @A: 16 05 34 25 | 01
#0948-d169 @A: 34 33 35 05 | 09
#0949-d169 @A: 34 05 14 04 | 03
#0950-d169 @A: 12 05 14 09 | 06
#0951-d169 @A: 12 06 23 07 | 11
#0952-d169 @A: 19 29 32 06 | 02
#0953-d169 @A: 06 35 34 27 | 04
#0954-d169 @A: 24 06 32 09 | 10
#0955-d169 @A: 08 04 06 18 | 07
#0956-d169 @A: 07 22 17 25 | 05
#0957-d169 @A: 07 17 19 09 | 12
#0958-d169 @A: 29 07 18 04 | 08
#0959-d169 @A: 07 01 26 35 | 01
#0960-d169 @A: 02 07 18 01 | 09
#0961-d169 @A: 07 09 03 14 | 03
#0962-d169 @A: 07 16 20 25 | 06
#0963-d169 @A: 11 16 01 17 | 11
#0964-d169 @A: 04 19 17 26 | 02
#0965-d169 @A: 17 32 12 18 | 04
#0966-d169 @A: 17 33 28 14 | 10
#0967-d169 @A: 29 01 22 35 | 07
#0968-d169 @A: 29 33 02 27 | 05
#0969-d169 @A: 33 11 29 19 | 12
#0970-d169 @A: 33 12 14 29 | 08
#0971-d169 @A: 25 33 04 29 | 01
#0972-d169 @A: 29 12 18 34 | 09
#0973-d169 @A: 12 04 29 02 | 03
#0974-d169 @A: 22 14 11 02 | 06
#0975-d169 @A: 04 08 24 22 | 11
#0976-d169 @A: 12 20 22 25 | 02
#0977-d169 @A: 08 12 22 35 | 04
#0978-d169 @A: 22 35 14 04 | 10
#0979-d169 @A: 23 11 27 09 | 07
#0980-d169 @A: 33 16 28 27 | 05
#0981-d169 @A: 04 23 35 11 | 12
#0982-d169 @A: 11 16 25 32 | 08
#0983-d169 @A: 28 24 11 02 | 01
#0984-d169 @A: 33 26 01 19 | 09
#0985-d169 @A: 26 24 16 09 | 03
#0986-d169 @A: 24 26 34 14 | 06
#0987-d169 @A: 19 20 32 35 | 11
#0988-d169 @A: 18 03 25 19 | 02
#0989-d169 @A: 24 35 19 14 | 04
#0990-d169 @A: 23 18 28 01 | 10
#0991-d169 @A: 09 23 32 34 | 07
#0992-d169 @A: 03 25 23 12 | 05
#0993-d169 @A: 23 35 24 12 | 12
#0994-d169 @A: 25 23 18 33 | 08
#0995-d169 @A: 14 01 28 32 | 01
#0996-d169 @A: 28 25 03 01 | 09
#0997-d169 @A: 21 13 31 12 | 03
#0998-d169 @A: 34 31 06 21 | 06
#0999-d169 @A: 21 29 13 27 | 11
#1000-d169 @A: 15 08 05 21 | 02
#1001-d169 @A: 27 32 10 21 | 04
#1002-d169 @A: 06 30 18 21 | 10
#1003-d169 @A: 09 30 35 21 | 07
#1004-d169 @A: 21 09 17 05 | 05
#1005-d169 @A: 05 14 21 22 | 12
#1006-d169 @A: 27 21 12 05 | 08
#1007-d169 @A: 28 05 21 25 | 01
#1008-d169 @A: 06 20 01 21 | 09
#1009-d169 @A: 02 06 28 21 | 03
#1010-d169 @A: 16 21 17 07 | 06
#1011-d169 @A: 27 03 21 07 | 11
#1012-d169 @A: 02 34 07 21 | 02
#1013-d169 @A: 21 29 26 17 | 04
#1014-d169 @A: 22 21 25 16 | 10
#1015-d169 @A: 26 21 27 08 | 07
#1016-d169 @A: 01 21 34 11 | 05
#1017-d169 @A: 19 03 26 21 | 12
#1018-d169 @A: 21 24 32 20 | 08
#1019-d169 @A: 24 21 04 12 | 01
#1020-d169 @A: 21 04 08 20 | 09
#1021-d169 @A: 30 27 31 15 | 03
#1022-d169 @A: 27 31 10 12 | 06
#1023-d169 @A: 31 01 10 08 | 11
#1024-d169 @A: 27 31 06 04 | 02
#1025-d169 @A: 11 12 29 31 | 04
#1026-d169 @A: 35 34 31 14 | 10
#1027-d169 @A: 17 13 15 26 | 07
#1028-d169 @A: 13 10 26 24 | 05
#1029-d169 @A: 04 02 22 13 | 12
#1030-d169 @A: 32 27 13 09 | 08
#1031-d169 @A: 19 08 13 25 | 01
#1032-d169 @A: 16 13 33 24 | 09
#1033-d169 @A: 28 13 18 34 | 03
#1034-d169 @A: 13 16 08 34 | 06
#1035-d169 @A: 09 35 08 13 | 11
#1036-d169 @A: 15 12 19 10 | 02
#1037-d169 @A: 15 10 34 03 | 04
#1038-d169 @A: 12 15 07 30 | 10
#1039-d169 @A: 03 15 22 30 | 07
#1040-d169 @A: 28 06 15 29 | 05
#1041-d169 @A: 29 07 27 15 | 12
#1042-d169 @A: 15 20 29 19 | 08
#1043-d169 @A: 19 08 15 01 | 01
#1044-d169 @A: 15 12 35 32 | 09
#1045-d169 @A: 15 20 18 34 | 03
#1046-d169 @A: 28 34 15 16 | 06
#1047-d169 @A: 08 15 12 18 | 11
#1048-d169 @A: 02 30 10 22 | 02
#1049-d169 @A: 25 11 10 30 | 04
#1050-d169 @A: 34 10 09 30 | 10
#1051-d169 @A: 20 05 10 27 | 07
#1052-d169 @A: 04 10 29 27 | 05
#1053-d169 @A: 10 16 24 22 | 12
#1054-d169 @A: 33 27 10 25 | 08
#1055-d169 @A: 23 19 10 33 | 01
#1056-d169 @A: 28 10 35 01 | 09
#1057-d169 @A: 03 10 18 09 | 03
#1058-d169 @A: 10 34 04 35 | 06
#1059-d169 @A: 05 30 07 02 | 11
#1060-d169 @A: 07 30 08 22 | 02
#1061-d169 @A: 33 22 17 30 | 04
#1062-d169 @A: 12 17 27 30 | 10
#1063-d169 @A: 14 30 19 22 | 07
#1064-d169 @A: 27 03 30 01 | 05
#1065-d169 @A: 02 30 27 35 | 12
#1066-d169 @A: 24 32 33 30 | 08
#1067-d169 @A: 08 34 30 24 | 01
#1068-d169 @A: 06 05 01 24 | 09
#1069-d169 @A: 06 28 05 32 | 03
#1070-d169 @A: 12 20 05 06 | 06
#1071-d169 @A: 28 05 04 07 | 11
#1072-d169 @A: 05 20 29 04 | 02
#1073-d169 @A: 05 24 14 16 | 04
#1074-d169 @A: 35 05 16 28 | 10
#1075-d169 @A: 05 02 04 35 | 07
#1076-d169 @A: 07 06 11 32 | 05
#1077-d169 @A: 28 03 07 06 | 12
#1078-d169 @A: 17 33 20 06 | 08
#1079-d169 @A: 22 33 06 01 | 01
#1080-d169 @A: 25 06 23 11 | 09
#1081-d169 @A: 19 06 20 23 | 03
#1082-d169 @A: 28 06 08 12 | 06
#1083-d169 @A: 34 16 12 06 | 11
#1084-d169 @A: 06 33 34 09 | 02
#1085-d169 @A: 12 35 07 17 | 04
#1086-d169 @A: 23 19 07 32 | 10
#1087-d169 @A: 07 25 08 04 | 07
#1088-d169 @A: 18 07 14 25 | 05
#1089-d169 @A: 08 17 27 22 | 12
#1090-d169 @A: 18 24 23 17 | 08
#1091-d169 @A: 24 35 16 17 | 01
#1092-d169 @A: 14 17 16 34 | 09
#1093-d169 @A: 11 34 29 02 | 03
#1094-d169 @A: 29 32 24 34 | 06
#1095-d169 @A: 29 28 32 20 | 11
#1096-d169 @A: 08 03 14 29 | 02
#1097-d169 @A: 08 12 29 24 | 04
#1098-d169 @A: 29 35 08 02 | 10
#1099-d169 @A: 18 09 24 22 | 07
#1100-d169 @A: 16 22 14 33 | 05
#1101-d169 @A: 22 12 33 09 | 12
#1102-d169 @A: 01 19 27 02 | 08
#1103-d169 @A: 03 32 27 35 | 01
#1104-d169 @A: 25 32 28 27 | 09
#1105-d169 @A: 12 14 24 27 | 03
#1106-d169 @A: 03 19 23 11 | 06
#1107-d169 @A: 33 11 32 35 | 11
#1108-d169 @A: 08 24 14 11 | 02
#1109-d169 @A: 12 04 16 11 | 04
#1110-d169 @A: 34 04 18 11 | 10
#1111-d169 @A: 32 26 20 03 | 07
#1112-d169 @A: 35 32 26 14 | 05
#1113-d169 @A: 32 26 35 02 | 12
#1114-d169 @A: 03 26 14 04 | 08
#1115-d169 @A: 28 26 18 02 | 01
#1116-d169 @A: 26 16 33 34 | 09
#1117-d169 @A: 28 33 19 32 | 03
#1118-d169 @A: 19 32 34 25 | 06
#1119-d169 @A: 20 19 12 28 | 11
#1120-d169 @A: 09 08 20 19 | 02
#1121-d169 @A: 20 23 01 24 | 04
#1122-d169 @A: 23 09 33 01 | 10
#1123-d169 @A: 25 23 01 04 | 07
#1124-d169 @A: 20 33 32 23 | 05
#1125-d169 @A: 23 04 08 03 | 12
#1126-d169 @A: 28 14 34 23 | 08
#1127-d169 @A: 09 23 14 02 | 01
#1128-d169 @A: 09 20 18 01 | 09
#1129-d169 @A: 25 28 32 02 | 03
#1130-d169 @A: 33 02 03 35 | 06
#1131-d169 @A: 02 12 18 33 | 11
#1132-d169 @A: 21 05 03 31 | 02
#1133-d169 @A: 02 21 22 05 | 04
#1134-d169 @A: 05 11 16 21 | 10
#1135-d169 @A: 35 21 07 18 | 07
#1136-d169 @A: 17 19 18 21 | 05
#1137-d169 @A: 01 21 17 33 | 12
#1138-d169 @A: 17 20 21 02 | 08
#1139-d169 @A: 03 18 21 24 | 01
#1140-d169 @A: 31 10 03 13 | 09
#1141-d169 @A: 34 13 31 17 | 03
#1142-d169 @A: 26 13 33 31 | 06
#1143-d169 @A: 15 05 31 09 | 11
#1144-d169 @A: 15 31 06 19 | 02
#1145-d169 @A: 31 17 26 30 | 04
#1146-d169 @A: 35 30 20 31 | 10
#1147-d169 @A: 33 31 07 06 | 07
#1148-d169 @A: 02 31 06 22 | 05
#1149-d169 @A: 22 09 26 31 | 12
#1150-d169 @A: 01 23 22 31 | 08
#1151-d169 @A: 02 31 11 20 | 01
#1152-d169 @A: 16 19 31 26 | 09
#1153-d169 @A: 24 19 31 25 | 03
#1154-d169 @A: 02 31 08 19 | 06
#1155-d169 @A: 01 31 33 03 | 11
#1156-d169 @A: 12 34 31 24 | 02
#1157-d169 @A: 04 14 31 25 | 04
#1158-d169 @A: 15 35 27 13 | 10
#1159-d169 @A: 10 12 29 13 | 07
#1160-d169 @A: 13 20 01 10 | 05
#1161-d169 @A: 07 34 13 30 | 12
#1162-d169 @A: 16 05 29 13 | 08
#1163-d169 @A: 06 13 17 18 | 01
#1164-d169 @A: 06 12 13 14 | 09
#1165-d169 @A: 02 32 13 29 | 03
#1166-d169 @A: 13 04 26 01 | 06
#1167-d169 @A: 18 13 32 03 | 11
#1168-d169 @A: 16 13 04 03 | 02
#1169-d169 @A: 34 24 25 13 | 04
#1170-d169 @A: 02 08 13 09 | 10
#1171-d169 @A: 10 26 15 20 | 07
#1172-d169 @A: 15 05 27 34 | 05
#1173-d169 @A: 06 04 15 11 | 12
#1174-d169 @A: 07 15 19 24 | 08
#1175-d169 @A: 17 29 33 15 | 01
#1176-d169 @A: 15 22 17 14 | 09
#1177-d169 @A: 29 23 03 15 | 03
#1178-d169 @A: 28 15 09 32 | 06
#1179-d169 @A: 03 08 24 15 | 11
#1180-d169 @A: 35 34 24 15 | 02
#1181-d169 @A: 18 04 15 24 | 04
#1182-d169 @A: 10 17 24 30 | 10
#1183-d169 @A: 29 20 30 10 | 07
#1184-d169 @A: 05 10 29 35 | 05
#1185-d169 @A: 23 10 07 25 | 12
#1186-d169 @A: 10 11 17 02 | 08
#1187-d169 @A: 27 34 22 10 | 01
#1188-d169 @A: 27 10 35 11 | 09
#1189-d169 @A: 23 14 10 27 | 03
#1190-d169 @A: 09 10 20 32 | 06
#1191-d169 @A: 10 34 20 12 | 11
#1192-d169 @A: 09 33 10 28 | 02
#1193-d169 @A: 14 30 05 35 | 04
#1194-d169 @A: 03 07 25 30 | 10
#1195-d169 @A: 01 17 30 35 | 07
#1196-d169 @A: 17 30 32 20 | 05
#1197-d169 @A: 30 35 29 27 | 12
#1198-d169 @A: 30 19 11 02 | 08
#1199-d169 @A: 20 18 19 30 | 01
#1200-d169 @A: 16 02 01 30 | 09
#1201-d169 @A: 35 30 32 18 | 03
#1202-d169 @A: 20 03 34 30 | 06
#1203-d169 @A: 18 16 30 24 | 11
#1204-d169 @A: 34 30 14 18 | 02
#1205-d169 @A: 27 09 05 07 | 04
#1206-d169 @A: 22 16 26 05 | 10
#1207-d169 @A: 05 23 26 18 | 07
#1208-d169 @A: 26 01 08 05 | 05
#1209-d169 @A: 05 01 26 02 | 12
#1210-d169 @A: 19 08 05 04 | 08
#1211-d169 @A: 04 05 35 32 | 01
#1212-d169 @A: 33 05 14 08 | 09
#1213-d169 @A: 16 07 06 29 | 03
#1214-d169 @A: 12 06 11 19 | 06
#1215-d169 @A: 11 08 20 06 | 11
#1216-d169 @A: 26 23 06 33 | 02
#1217-d169 @A: 06 26 28 16 | 04
#1218-d169 @A: 06 03 16 20 | 10
#1219-d169 @A: 12 09 18 06 | 07
#1220-d169 @A: 22 24 12 07 | 05
#1221-d169 @A: 26 07 27 14 | 12
#1222-d169 @A: 16 27 02 07 | 08
#1223-d169 @A: 19 11 07 04 | 01
#1224-d169 @A: 11 07 23 02 | 09
#1225-d169 @A: 01 14 08 07 | 03
#1226-d169 @A: 32 24 25 07 | 06
#1227-d169 @A: 09 33 32 07 | 11
#1228-d169 @A: 25 07 33 28 | 02
#1229-d169 @A: 22 12 29 17 | 04
#1230-d169 @A: 17 27 03 20 | 10
#1231-d169 @A: 33 02 32 17 | 07
#1232-d169 @A: 24 33 17 08 | 05
#1233-d169 @A: 29 11 22 04 | 12
#1234-d169 @A: 01 20 29 27 | 08
#1235-d169 @A: 29 35 23 26 | 01
#1236-d169 @A: 16 27 22 19 | 09
#1237-d169 @A: 22 34 26 11 | 03
#1238-d169 @A: 02 22 23 24 | 06
#1239-d169 @A: 04 22 09 16 | 11
#1240-d169 @A: 33 34 08 22 | 02
#1241-d169 @A: 18 22 25 08 | 04
#1242-d169 @A: 27 19 11 24 | 10
#1243-d169 @A: 11 12 18 27 | 07
#1244-d169 @A: 24 26 32 27 | 05
#1245-d169 @A: 18 32 16 27 | 12
#1246-d169 @A: 24 27 03 33 | 08
#1247-d169 @A: 19 18 11 08 | 01
#1248-d169 @A: 20 18 26 33 | 09
#1249-d169 @A: 34 04 20 26 | 03
#1250-d169 @A: 04 02 20 26 | 06
#1251-d169 @A: 26 25 28 35 | 11
#1252-d169 @A: 14 08 26 18 | 02
#1253-d169 @A: 09 03 24 19 | 04
#1254-d169 @A: 20 25 19 14 | 10
#1255-d169 @A: 20 02 19 25 | 07
#1256-d169 @A: 02 19 12 28 | 05
#1257-d169 @A: 02 23 32 03 | 12
#1258-d169 @A: 33 12 23 28 | 08
#1259-d169 @A: 09 23 16 18 | 01
#1260-d169 @A: 08 33 23 35 | 09
#1261-d169 @A: 24 16 01 32 | 03
#1262-d169 @A: 01 33 18 32 | 06
#1263-d169 @A: 16 01 14 20 | 11
#1264-d169 @A: 01 25 33 08 | 02
#1265-d169 @A: 03 02 14 25 | 04
#1266-d169 @A: 15 33 31 21 | 10
#1267-d169 @A: 18 01 21 31 | 07
#1268-d169 @A: 08 13 10 21 | 05
#1269-d169 @A: 13 32 26 21 | 12
#1270-d169 @A: 02 21 25 13 | 08
#1271-d169 @A: 21 33 10 30 | 01
#1272-d169 @A: 21 17 03 30 | 09
#1273-d169 @A: 27 21 06 28 | 03
#1274-d169 @A: 04 16 06 21 | 06
#1275-d169 @A: 27 21 14 18 | 11
#1276-d169 @A: 28 21 23 26 | 02
#1277-d169 @A: 19 33 21 25 | 04
#1278-d169 @A: 16 32 21 33 | 10
#1279-d169 @A: 34 21 03 09 | 07
#1280-d169 @A: 20 21 09 28 | 05
#1281-d169 @A: 05 31 13 35 | 12
#1282-d169 @A: 13 22 18 31 | 08
#1283-d169 @A: 11 16 13 31 | 01
#1284-d169 @A: 31 05 33 30 | 09
#1285-d169 @A: 22 30 16 31 | 03
#1286-d169 @A: 05 31 22 07 | 06
#1287-d169 @A: 27 34 31 29 | 11
#1288-d169 @A: 27 03 11 31 | 02
#1289-d169 @A: 26 35 11 31 | 04
#1290-d169 @A: 31 09 11 34 | 10
#1291-d169 @A: 28 31 18 03 | 07
#1292-d169 @A: 28 14 24 31 | 05
#1293-d169 @A: 31 33 18 34 | 12
#1294-d169 @A: 25 15 29 13 | 08
#1295-d169 @A: 15 23 13 01 | 01
#1296-d169 @A: 13 10 27 17 | 09
#1297-d169 @A: 02 30 06 13 | 03
#1298-d169 @A: 26 05 34 13 | 06
#1299-d169 @A: 13 06 27 24 | 11
#1300-d169 @A: 06 16 13 23 | 02
#1301-d169 @A: 13 09 06 03 | 04
#1302-d169 @A: 28 07 13 23 | 10
#1303-d169 @A: 04 17 13 22 | 07
#1304-d169 @A: 33 22 29 13 | 05
#1305-d169 @A: 19 13 34 27 | 12
#1306-d169 @A: 13 03 23 27 | 08
#1307-d169 @A: 13 19 11 20 | 01
#1308-d169 @A: 26 23 20 13 | 09
#1309-d169 @A: 16 13 18 25 | 03
#1310-d169 @A: 33 26 05 15 | 06
#1311-d169 @A: 26 06 15 25 | 11
#1312-d169 @A: 07 23 15 09 | 02
#1313-d169 @A: 15 26 29 09 | 04
#1314-d169 @A: 15 28 01 20 | 10
#1315-d169 @A: 32 03 25 15 | 07
#1316-d169 @A: 24 09 15 33 | 05
#1317-d169 @A: 08 30 10 06 | 12
#1318-d169 @A: 09 10 06 29 | 08
#1319-d169 @A: 14 06 24 10 | 01
#1320-d169 @A: 33 29 10 07 | 09
#1321-d169 @A: 08 27 10 07 | 03
#1322-d169 @A: 22 09 17 10 | 06
#1323-d169 @A: 23 34 02 10 | 11
#1324-d169 @A: 04 24 10 28 | 02
#1325-d169 @A: 05 30 29 22 | 04
#1326-d169 @A: 05 01 25 30 | 10
#1327-d169 @A: 30 22 06 09 | 07
#1328-d169 @A: 30 07 19 29 | 05
#1329-d169 @A: 30 24 11 29 | 12
#1330-d169 @A: 30 19 26 34 | 08
#1331-d169 @A: 30 24 28 19 | 01
#1332-d169 @A: 09 30 33 03 | 09
#1333-d169 @A: 30 16 25 04 | 03
#1334-d169 @A: 30 33 18 04 | 06
#1335-d169 @A: 02 30 09 33 | 11
#1336-d169 @A: 35 04 30 08 | 02
#1337-d169 @A: 30 25 35 12 | 04
#1338-d169 @A: 11 06 05 09 | 10
#1339-d169 @A: 17 18 05 22 | 07
#1340-d169 @A: 12 05 11 02 | 05
#1341-d169 @A: 12 05 26 35 | 12
#1342-d169 @A: 35 18 09 05 | 08
#1343-d169 @A: 25 05 04 09 | 01
#1344-d169 @A: 35 19 06 07 | 09
#1345-d169 @A: 06 01 07 04 | 03
#1346-d169 @A: 34 17 26 06 | 06
#1347-d169 @A: 26 29 06 08 | 11
#1348-d169 @A: 06 27 23 02 | 02
#1349-d169 @A: 18 20 32 06 | 04
#1350-d169 @A: 06 28 25 14 | 10
#1351-d169 @A: 29 07 11 17 | 07
#1352-d169 @A: 04 17 07 27 | 05
#1353-d169 @A: 09 07 02 17 | 12
#1354-d169 @A: 27 35 22 07 | 08
#1355-d169 @A: 19 22 07 02 | 01
#1356-d169 @A: 34 35 32 07 | 09
#1357-d169 @A: 02 24 03 07 | 03
#1358-d169 @A: 18 07 34 08 | 06
#1359-d169 @A: 07 34 14 12 | 11
#1360-d169 @A: 17 19 03 22 | 02
#1361-d169 @A: 23 34 27 17 | 04
#1362-d169 @A: 27 16 17 25 | 10
#1363-d169 @A: 17 23 33 11 | 07
#1364-d169 @A: 17 23 08 26 | 05
#1365-d169 @A: 09 32 26 17 | 12
#1366-d169 @A: 33 17 26 12 | 08
#1367-d169 @A: 20 08 17 34 | 01
#1368-d169 @A: 18 25 20 17 | 09
#1369-d169 @A: 22 29 23 24 | 03
#1370-d169 @A: 18 29 27 08 | 06
#1371-d169 @A: 25 20 09 29 | 11
#1372-d169 @A: 33 28 29 34 | 02
#1373-d169 @A: 29 08 16 09 | 04
#1374-d169 @A: 20 22 23 27 | 10
#1375-d169 @A: 35 19 22 18 | 07
#1376-d169 @A: 22 09 32 25 | 05
#1377-d169 @A: 22 16 12 03 | 12
#1378-d169 @A: 08 09 22 03 | 08
#1379-d169 @A: 22 08 20 28 | 01
#1380-d169 @A: 22 34 25 14 | 09
#1381-d169 @A: 02 26 27 03 | 03
#1382-d169 @A: 23 08 19 27 | 06
#1383-d169 @A: 27 23 20 02 | 11
#1384-d169 @A: 34 27 08 32 | 02
#1385-d169 @A: 04 27 18 03 | 04
#1386-d169 @A: 27 24 28 08 | 10
#1387-d169 @A: 27 28 09 14 | 07
#1388-d169 @A: 16 35 27 12 | 05
#1389-d169 @A: 02 11 33 26 | 12
#1390-d169 @A: 09 25 33 11 | 08
#1391-d169 @A: 18 12 03 26 | 01
#1392-d169 @A: 28 35 19 03 | 09
#1393-d169 @A: 19 24 18 12 | 03
#1394-d169 @A: 16 18 28 19 | 06
#1395-d169 @A: 04 02 33 19 | 11
#1396-d169 @A: 35 16 32 23 | 02
#1397-d169 @A: 14 23 25 32 | 04
#1398-d169 @A: 34 08 23 12 | 10
#1399-d169 @A: 35 01 32 25 | 07
#1400-d169 @A: 01 03 18 08 | 05
#1401-d169 @A: 35 20 33 01 | 12
#1402-d169 @A: 20 12 01 08 | 08
#1403-d169 @A: 01 12 20 02 | 01
#1404-d169 @A: 28 09 01 08 | 09
#1405-d169 @A: 22 31 21 29 | 03
#1406-d169 @A: 21 31 20 16 | 06
#1407-d169 @A: 20 13 21 30 | 11
#1408-d169 @A: 06 21 13 05 | 02
#1409-d169 @A: 17 21 13 28 | 04
#1410-d169 @A: 21 12 15 17 | 10
#1411-d169 @A: 15 32 11 21 | 07
#1412-d169 @A: 16 30 21 29 | 05
#1413-d169 @A: 20 07 26 21 | 12
#1414-d169 @A: 22 21 34 17 | 08
#1415-d169 @A: 17 21 11 25 | 01
#1416-d169 @A: 17 21 14 20 | 09
#1417-d169 @A: 21 22 01 08 | 03
#1418-d169 @A: 21 12 11 26 | 06
#1419-d169 @A: 02 23 21 26 | 11
#1420-d169 @A: 09 26 21 01 | 02
#1421-d169 @A: 24 21 33 26 | 04
#1422-d169 @A: 21 34 18 32 | 10
#1423-d169 @A: 03 25 20 21 | 07
#1424-d169 @A: 29 31 04 13 | 05
#1425-d169 @A: 31 02 15 16 | 12
#1426-d169 @A: 31 10 20 22 | 08
#1427-d169 @A: 19 09 31 10 | 01
#1428-d169 @A: 30 29 31 09 | 09
#1429-d169 @A: 25 29 06 31 | 03
#1430-d169 @A: 31 28 06 09 | 06
#1431-d169 @A: 34 31 07 26 | 11
#1432-d169 @A: 07 31 12 04 | 02
#1433-d169 @A: 33 31 22 11 | 04
#1434-d169 @A: 14 31 22 03 | 10
#1435-d169 @A: 26 24 31 08 | 07
#1436-d169 @A: 04 18 19 31 | 05
#1437-d169 @A: 35 33 24 31 | 12
#1438-d169 @A: 31 20 18 14 | 08
#1439-d169 @A: 33 31 16 09 | 01
#1440-d169 @A: 14 22 13 10 | 09
#1441-d169 @A: 33 19 30 13 | 03
#1442-d169 @A: 05 25 13 12 | 06
#1443-d169 @A: 12 19 17 13 | 11
#1444-d169 @A: 17 13 32 23 | 02
#1445-d169 @A: 03 13 17 25 | 04
#1446-d169 @A: 09 29 13 11 | 10
#1447-d169 @A: 13 01 34 29 | 07
#1448-d169 @A: 11 01 02 13 | 05
#1449-d169 @A: 16 28 13 32 | 12
#1450-d169 @A: 13 32 04 12 | 08
#1451-d169 @A: 03 13 34 12 | 01
#1452-d169 @A: 28 35 13 24 | 09
#1453-d169 @A: 20 33 02 13 | 03
#1454-d169 @A: 20 13 34 35 | 06
#1455-d169 @A: 14 13 18 09 | 11
#1456-d169 @A: 22 15 35 10 | 02
#1457-d169 @A: 15 02 26 10 | 04
#1458-d169 @A: 18 05 14 15 | 10
#1459-d169 @A: 27 15 06 20 | 07
#1460-d169 @A: 15 06 23 14 | 05
#1461-d169 @A: 07 15 11 08 | 12
#1462-d169 @A: 09 15 08 27 | 08
#1463-d169 @A: 11 01 15 25 | 01
#1464-d169 @A: 32 34 33 15 | 09
#1465-d169 @A: 09 03 15 04 | 03
#1466-d169 @A: 28 24 25 15 | 06
#1467-d169 @A: 14 08 28 15 | 11
#1468-d169 @A: 10 07 30 28 | 02
#1469-d169 @A: 05 18 10 19 | 04
#1470-d169 @A: 03 22 10 06 | 10
#1471-d169 @A: 07 01 09 10 | 07
#1472-d169 @A: 07 24 03 10 | 05
#1473-d169 @A: 07 04 10 02 | 12
#1474-d169 @A: 17 10 04 11 | 08
#1475-d169 @A: 29 25 10 19 | 01
#1476-d169 @A: 19 10 11 22 | 09
#1477-d169 @A: 03 10 26 08 | 03
#1478-d169 @A: 03 10 32 04 | 06
#1479-d169 @A: 24 32 10 35 | 11
#1480-d169 @A: 34 32 14 10 | 02
#1481-d169 @A: 33 03 20 10 | 04
#1482-d169 @A: 16 05 30 07 | 10
#1483-d169 @A: 26 30 09 05 | 07
#1484-d169 @A: 17 28 30 29 | 05
#1485-d169 @A: 30 08 19 17 | 12
#1486-d169 @A: 16 30 26 27 | 08
#1487-d169 @A: 30 09 24 25 | 01
#1488-d169 @A: 12 34 04 30 | 09
#1489-d169 @A: 30 18 14 02 | 03
#1490-d169 @A: 16 06 27 05 | 06
#1491-d169 @A: 04 06 26 05 | 11
#1492-d169 @A: 33 27 05 17 | 02
#1493-d169 @A: 05 02 27 17 | 04
#1494-d169 @A: 12 05 23 17 | 10
#1495-d169 @A: 33 22 19 05 | 07
#1496-d169 @A: 01 03 22 05 | 05
#1497-d169 @A: 05 01 12 11 | 12
#1498-d169 @A: 32 14 05 03 | 08
#1499-d169 @A: 20 24 09 05 | 01
#1500-d169 @A: 02 06 32 07 | 09
#1501-d169 @A: 06 04 32 22 | 03
#1502-d169 @A: 08 27 06 03 | 06
#1503-d169 @A: 34 01 25 06 | 11
#1504-d169 @A: 25 06 33 16 | 02
#1505-d169 @A: 02 12 16 06 | 04
#1506-d169 @A: 33 14 06 04 | 10
#1507-d169 @A: 33 07 22 20 | 07
#1508-d169 @A: 33 11 01 07 | 05
#1509-d169 @A: 11 28 12 07 | 12
#1510-d169 @A: 07 34 33 19 | 08
#1511-d169 @A: 16 07 32 14 | 01
#1512-d169 @A: 18 07 33 24 | 09
#1513-d169 @A: 07 14 04 24 | 03
#1514-d169 @A: 12 07 20 18 | 06
#1515-d169 @A: 07 09 28 16 | 11
#1516-d169 @A: 35 14 33 07 | 02
#1517-d169 @A: 19 25 01 17 | 04
#1518-d169 @A: 02 19 17 34 | 10
#1519-d169 @A: 17 09 18 33 | 07
#1520-d169 @A: 14 02 17 12 | 05
#1521-d169 @A: 02 29 22 25 | 12
#1522-d169 @A: 11 25 29 27 | 08
#1523-d169 @A: 19 27 29 14 | 01
#1524-d169 @A: 02 19 29 26 | 09
#1525-d169 @A: 03 29 18 02 | 03
#1526-d169 @A: 20 29 34 14 | 06
#1527-d169 @A: 27 18 22 33 | 11
#1528-d169 @A: 26 22 23 32 | 02
#1529-d169 @A: 28 32 34 22 | 04
#1530-d169 @A: 20 11 27 16 | 10
#1531-d169 @A: 19 27 12 26 | 07
#1532-d169 @A: 09 25 03 27 | 05
#1533-d169 @A: 08 24 02 27 | 12
#1534-d169 @A: 27 12 04 09 | 08
#1535-d169 @A: 02 27 12 25 | 01
#1536-d169 @A: 11 19 32 26 | 09
#1537-d169 @A: 11 19 14 34 | 03
#1538-d169 @A: 28 11 20 04 | 06
#1539-d169 @A: 16 35 02 11 | 11
#1540-d169 @A: 08 11 25 12 | 02
#1541-d169 @A: 28 34 03 26 | 04
#1542-d169 @A: 24 26 20 28 | 10
#1543-d169 @A: 26 02 09 16 | 07
#1544-d169 @A: 08 04 26 12 | 05
#1545-d169 @A: 16 34 04 19 | 12
#1546-d169 @A: 03 14 23 01 | 08
#1547-d169 @A: 23 16 01 12 | 01
#1548-d169 @A: 09 28 23 04 | 09
#1549-d169 @A: 23 14 16 04 | 03
#1550-d169 @A: 09 32 01 04 | 06
#1551-d169 @A: 14 32 02 20 | 11
#1552-d169 @A: 24 04 02 25 | 02
#1553-d169 @A: 35 20 02 09 | 04
#1554-d169 @A: 18 34 02 16 | 10
#1555-d169 @A: 34 21 14 13 | 07
#1556-d169 @A: 21 15 18 23 | 05
#1557-d169 @A: 03 21 10 29 | 12
#1558-d169 @A: 19 21 10 28 | 08
#1559-d169 @A: 21 33 07 05 | 01
#1560-d169 @A: 05 23 21 35 | 09
#1561-d169 @A: 06 21 08 19 | 03
#1562-d169 @A: 29 21 23 20 | 06
#1563-d169 @A: 35 29 24 21 | 11
#1564-d169 @A: 22 23 03 21 | 02
#1565-d169 @A: 21 23 16 27 | 04
#1566-d169 @A: 32 14 21 09 | 10
#1567-d169 @A: 10 31 25 15 | 07
#1568-d169 @A: 14 11 15 31 | 05
#1569-d169 @A: 01 12 31 15 | 12
#1570-d169 @A: 10 17 33 31 | 08
#1571-d169 @A: 28 05 31 08 | 01
#1572-d169 @A: 17 06 35 31 | 09
#1573-d169 @A: 31 27 07 16 | 03
#1574-d169 @A: 17 22 31 24 | 06
#1575-d169 @A: 31 17 09 25 | 11
#1576-d169 @A: 04 02 17 31 | 02
#1577-d169 @A: 33 31 29 23 | 04
#1578-d169 @A: 23 11 31 08 | 10
#1579-d169 @A: 23 31 32 03 | 07
#1580-d169 @A: 16 34 32 31 | 05
#1581-d169 @A: 04 20 09 31 | 12
#1582-d169 @A: 19 13 28 15 | 08
#1583-d169 @A: 13 19 04 10 | 01
#1584-d169 @A: 05 33 11 13 | 09
#1585-d169 @A: 09 22 07 13 | 03
#1586-d169 @A: 07 27 13 20 | 06
#1587-d169 @A: 29 18 26 13 | 11
#1588-d169 @A: 13 01 27 33 | 02
#1589-d169 @A: 24 18 13 01 | 04
#1590-d169 @A: 15 17 10 06 | 10
#1591-d169 @A: 17 05 16 15 | 07
#1592-d169 @A: 06 15 18 22 | 05
#1593-d169 @A: 18 27 17 15 | 12
#1594-d169 @A: 29 22 34 15 | 08
#1595-d169 @A: 15 09 22 11 | 01
#1596-d169 @A: 15 32 08 20 | 09
#1597-d169 @A: 03 14 15 20 | 03
#1598-d169 @A: 16 33 20 15 | 06
#1599-d169 @A: 14 15 35 16 | 11
#1600-d169 @A: 05 28 10 22 | 02
#1601-d169 @A: 10 19 03 27 | 04
#1602-d169 @A: 01 10 27 16 | 10
#1603-d169 @A: 10 09 11 16 | 07
#1604-d169 @A: 01 02 28 10 | 05
#1605-d169 @A: 08 18 10 32 | 12
#1606-d169 @A: 10 33 16 35 | 08
#1607-d169 @A: 18 16 12 10 | 01
#1608-d169 @A: 16 02 10 25 | 09
#1609-d169 @A: 18 14 10 33 | 03
#1610-d169 @A: 25 10 18 04 | 06
#1611-d169 @A: 04 05 30 17 | 11
#1612-d169 @A: 23 28 30 05 | 02
#1613-d169 @A: 34 30 06 29 | 04
#1614-d169 @A: 25 19 30 06 | 10
#1615-d169 @A: 07 01 20 30 | 07
#1616-d169 @A: 29 03 18 30 | 05
#1617-d169 @A: 22 30 24 35 | 12
#1618-d169 @A: 11 28 27 30 | 08
#1619-d169 @A: 25 27 30 14 | 01
#1620-d169 @A: 20 11 23 30 | 09
#1621-d169 @A: 12 16 30 19 | 03
#1622-d169 @A: 30 08 32 02 | 06
#1623-d169 @A: 08 20 25 30 | 11
#1624-d169 @A: 30 34 16 35 | 02
#1625-d169 @A: 17 25 05 06 | 04
#1626-d169 @A: 02 06 05 09 | 10
#1627-d169 @A: 17 34 29 05 | 07
#1628-d169 @A: 20 01 17 05 | 05
#1629-d169 @A: 05 26 14 29 | 12
#1630-d169 @A: 05 29 24 25 | 08
#1631-d169 @A: 09 33 05 29 | 01
#1632-d169 @A: 28 14 05 19 | 09
#1633-d169 @A: 16 32 05 20 | 03
#1634-d169 @A: 34 03 05 18 | 06
#1635-d169 @A: 12 24 28 05 | 11
#1636-d169 @A: 05 08 16 12 | 02
#1637-d169 @A: 06 16 22 17 | 04
#1638-d169 @A: 06 29 23 04 | 10
#1639-d169 @A: 24 11 06 22 | 07
#1640-d169 @A: 14 06 26 22 | 05
#1641-d169 @A: 32 01 06 26 | 12
#1642-d169 @A: 19 24 33 06 | 08
#1643-d169 @A: 04 02 01 06 | 01
#1644-d169 @A: 03 35 14 06 | 09
#1645-d169 @A: 33 25 02 06 | 03
#1646-d169 @A: 17 24 07 26 | 06
#1647-d169 @A: 29 14 07 22 | 11
#1648-d169 @A: 04 07 23 22 | 02
#1649-d169 @A: 27 12 25 07 | 04
#1650-d169 @A: 07 26 11 16 | 10
#1651-d169 @A: 20 03 19 07 | 07
#1652-d169 @A: 18 16 03 07 | 05
#1653-d169 @A: 04 07 34 03 | 12
#1654-d169 @A: 24 08 20 07 | 08
#1655-d169 @A: 16 34 24 07 | 01
#1656-d169 @A: 29 09 17 27 | 09
#1657-d169 @A: 09 17 03 28 | 03
#1658-d169 @A: 34 03 17 33 | 06
#1659-d169 @A: 17 14 03 18 | 11
#1660-d169 @A: 09 17 12 34 | 02
#1661-d169 @A: 27 22 03 29 | 04
#1662-d169 @A: 26 22 25 29 | 10
#1663-d169 @A: 32 18 29 22 | 07
#1664-d169 @A: 29 27 32 23 | 05
#1665-d169 @A: 01 11 29 32 | 12
#1666-d169 @A: 34 03 29 19 | 08
#1667-d169 @A: 33 29 08 32 | 01
#1668-d169 @A: 29 18 24 14 | 09
#1669-d169 @A: 25 12 28 29 | 03
#1670-d169 @A: 24 01 22 26 | 06
#1671-d169 @A: 22 23 19 25 | 11
#1672-d169 @A: 22 33 03 32 | 02
#1673-d169 @A: 22 03 02 28 | 04
#1674-d169 @A: 28 14 22 18 | 10
#1675-d169 @A: 09 34 22 02 | 07
#1676-d169 @A: 35 27 01 04 | 05
#1677-d169 @A: 20 12 27 32 | 12
#1678-d169 @A: 20 14 04 27 | 08
#1679-d169 @A: 03 35 11 20 | 01
#1680-d169 @A: 09 12 35 11 | 09
#1681-d169 @A: 23 26 25 34 | 03
#1682-d169 @A: 08 03 32 19 | 06
#1683-d169 @A: 34 28 19 08 | 11
#1684-d169 @A: 19 16 35 25 | 02
#1685-d169 @A: 04 19 25 12 | 04
#1686-d169 @A: 23 34 33 04 | 10
#1687-d169 @A: 18 14 12 23 | 07
#1688-d169 @A: 18 14 04 01 | 05
#1689-d169 @A: 33 02 34 28 | 12
