#0001-d184 @A: 18 11 30 01 | 05
#0002-d184 @A: 10 18 07 01 | 06
#0003-d184 @A: 18 17 19 22 | 03
#0004-d184 @A: 02 29 17 18 | 09
#0005-d184 @A: 18 30 17 12 | 08
#0006-d184 @A: 26 11 05 18 | 10
#0007-d184 @A: 23 13 11 18 | 02
#0008-d184 @A: 27 18 15 10 | 01
#0009-d184 @A: 03 18 05 22 | 07
#0010-d184 @A: 28 14 25 18 | 11
#0011-d184 @A: 28 18 16 19 | 04
#0012-d184 @A: 18 28 29 21 | 12
#0013-d184 @A: 03 24 29 18 | 05
#0014-d184 @A: 25 31 32 18 | 06
#0015-d184 @A: 26 18 16 04 | 03
#0016-d184 @A: 18 25 13 02 | 09
#0017-d184 @A: 23 22 04 18 | 08
#0018-d184 @A: 30 31 08 18 | 10
#0019-d184 @A: 33 06 12 18 | 02
#0020-d184 @A: 17 20 01 22 | 01
#0021-d184 @A: 20 13 01 10 | 07
#0022-d184 @A: 11 20 17 24 | 11
#0023-d184 @A: 20 17 13 30 | 04
#0024-d184 @A: 04 11 10 20 | 12
#0025-d184 @A: 20 19 08 05 | 05
#0026-d184 @A: 09 07 20 06 | 06
#0027-d184 @A: 19 03 20 33 | 03
#0028-d184 @A: 20 30 31 03 | 09
#0029-d184 @A: 35 31 20 19 | 08
#0030-d184 @A: 20 16 30 26 | 10
#0031-d184 @A: 15 35 20 04 | 02
#0032-d184 @A: 17 10 01 12 | 01
#0033-d184 @A: 27 34 03 01 | 07
#0034-d184 @A: 01 02 24 27 | 11
#0035-d184 @A: 01 35 22 27 | 04
#0036-d184 @A: 19 01 04 05 | 12
#0037-d184 @A: 12 15 01 05 | 05
#0038-d184 @A: 01 10 28 04 | 06
#0039-d184 @A: 01 24 14 19 | 03
#0040-d184 @A: 01 19 12 35 | 09
#0041-d184 @A: 01 25 26 06 | 08
#0042-d184 @A: 26 01 07 34 | 10
#0043-d184 @A: 35 15 01 25 | 02
#0044-d184 @A: 25 01 21 12 | 01
#0045-d184 @A: 30 16 22 01 | 07
#0046-d184 @A: 33 01 29 21 | 11
#0047-d184 @A: 21 08 01 24 | 04
#0048-d184 @A: 27 12 17 07 | 12
#0049-d184 @A: 23 05 17 10 | 05
#0050-d184 @A: 05 26 17 04 | 06
#0051-d184 @A: 15 17 21 28 | 03
#0052-d184 @A: 03 13 14 17 | 09
#0053-d184 @A: 29 35 03 17 | 08
#0054-d184 @A: 17 14 32 16 | 10
#0055-d184 @A: 02 17 04 14 | 02
#0056-d184 @A: 16 22 34 17 | 01
#0057-d184 @A: 16 07 24 17 | 07
#0058-d184 @A: 23 17 21 34 | 11
#0059-d184 @A: 11 14 27 12 | 04
#0060-d184 @A: 05 14 11 07 | 12
#0061-d184 @A: 06 35 28 11 | 05
#0062-d184 @A: 14 11 24 35 | 06
#0063-d184 @A: 08 11 14 04 | 03
#0064-d184 @A: 26 11 35 33 | 09
#0065-d184 @A: 26 23 11 34 | 08
#0066-d184 @A: 11 30 25 16 | 10
#0067-d184 @A: 13 02 12 11 | 02
#0068-d184 @A: 33 11 07 22 | 01
#0069-d184 @A: 11 06 15 29 | 07
#0070-d184 @A: 11 21 33 15 | 11
#0071-d184 @A: 04 11 29 34 | 04
#0072-d184 @A: 29 12 21 11 | 12
#0073-d184 @A: 35 05 27 24 | 05
#0074-d184 @A: 09 32 04 27 | 06
#0075-d184 @A: 19 27 09 23 | 03
#0076-d184 @A: 30 27 10 25 | 09
#0077-d184 @A: 19 03 27 16 | 08
#0078-d184 @A: 31 27 25 29 | 10
#0079-d184 @A: 30 35 23 27 | 02
#0080-d184 @A: 24 16 27 06 | 01
#0081-d184 @A: 04 27 21 07 | 07
#0082-d184 @A: 24 27 23 08 | 11
#0083-d184 @A: 19 05 25 24 | 04
#0084-d184 @A: 19 33 05 12 | 12
#0085-d184 @A: 33 21 26 05 | 05
#0086-d184 @A: 06 13 07 05 | 06
#0087-d184 @A: 05 12 21 08 | 03
#0088-d184 @A: 34 09 03 19 | 09
#0089-d184 @A: 02 19 09 24 | 08
#0090-d184 @A: 33 09 16 26 | 10
#0091-d184 @A: 12 09 08 35 | 02
#0092-d184 @A: 09 15 13 22 | 01
#0093-d184 @A: 09 06 16 22 | 07
#0094-d184 @A: 07 09 29 16 | 11
#0095-d184 @A: 09 08 13 16 | 04
#0096-d184 @A: 09 08 21 07 | 12
#0097-d184 @A: 09 24 29 21 | 05
#0098-d184 @A: 33 26 28 03 | 06
#0099-d184 @A: 28 21 31 03 | 03
#0100-d184 @A: 32 19 28 13 | 09
#0101-d184 @A: 32 28 26 34 | 08
#0102-d184 @A: 35 32 16 28 | 10
#0103-d184 @A: 28 25 23 35 | 02
#0104-d184 @A: 23 02 28 30 | 01
#0105-d184 @A: 22 28 04 06 | 07
#0106-d184 @A: 15 28 29 23 | 11
#0107-d184 @A: 24 23 28 31 | 04
#0108-d184 @A: 23 21 28 08 | 12
#0109-d184 @A: 32 03 06 10 | 05
#0110-d184 @A: 14 10 15 25 | 06
#0111-d184 @A: 22 10 25 32 | 03
#0112-d184 @A: 10 26 02 30 | 09
#0113-d184 @A: 07 22 30 10 | 08
#0114-d184 @A: 08 10 22 13 | 10
#0115-d184 @A: 16 06 10 34 | 02
#0116-d184 @A: 13 30 10 31 | 01
#0117-d184 @A: 32 22 02 03 | 07
#0118-d184 @A: 25 12 03 26 | 11
#0119-d184 @A: 29 03 25 02 | 04
#0120-d184 @A: 23 03 15 04 | 12
#0121-d184 @A: 16 34 29 03 | 05
#0122-d184 @A: 08 07 14 25 | 06
#0123-d184 @A: 34 14 30 02 | 03
#0124-d184 @A: 14 13 22 07 | 09
#0125-d184 @A: 14 34 33 22 | 08
#0126-d184 @A: 14 30 04 13 | 10
#0127-d184 @A: 32 07 21 02 | 02
#0128-d184 @A: 15 07 33 32 | 01
#0129-d184 @A: 08 19 26 24 | 07
#0130-d184 @A: 16 04 13 19 | 11
#0131-d184 @A: 19 33 06 21 | 04
#0132-d184 @A: 02 26 16 25 | 12
#0133-d184 @A: 21 26 16 08 | 05
#0134-d184 @A: 12 26 08 31 | 06
#0135-d184 @A: 07 26 33 06 | 03
#0136-d184 @A: 06 26 30 13 | 09
#0137-d184 @A: 34 24 26 06 | 08
#0138-d184 @A: 25 23 02 12 | 10
#0139-d184 @A: 31 25 21 22 | 02
#0140-d184 @A: 25 23 31 16 | 01
#0141-d184 @A: 29 16 25 33 | 07
#0142-d184 @A: 25 31 34 24 | 11
#0143-d184 @A: 08 25 06 21 | 04
#0144-d184 @A: 06 23 29 02 | 12
#0145-d184 @A: 15 29 35 30 | 05
#0146-d184 @A: 35 06 15 21 | 06
#0147-d184 @A: 30 12 31 13 | 03
#0148-d184 @A: 05 15 18 20 | 09
#0149-d184 @A: 18 13 20 09 | 08
#0150-d184 @A: 01 17 18 15 | 10
#0151-d184 @A: 35 01 18 21 | 02
#0152-d184 @A: 18 17 05 30 | 01
#0153-d184 @A: 17 34 18 03 | 07
#0154-d184 @A: 18 28 11 33 | 11
#0155-d184 @A: 18 07 24 05 | 04
#0156-d184 @A: 18 21 26 09 | 12
#0157-d184 @A: 32 18 28 15 | 05
#0158-d184 @A: 02 14 18 15 | 06
#0159-d184 @A: 24 32 35 18 | 03
#0160-d184 @A: 34 29 32 18 | 09
#0161-d184 @A: 06 18 26 35 | 08
#0162-d184 @A: 25 18 34 12 | 10
#0163-d184 @A: 18 22 06 34 | 02
#0164-d184 @A: 18 15 16 29 | 01
#0165-d184 @A: 31 21 33 18 | 07
#0166-d184 @A: 32 17 27 20 | 11
#0167-d184 @A: 17 09 25 20 | 04
#0168-d184 @A: 20 14 31 11 | 12
#0169-d184 @A: 19 16 11 20 | 05
#0170-d184 @A: 12 11 33 20 | 06
#0171-d184 @A: 06 03 20 27 | 03
#0172-d184 @A: 20 05 34 09 | 09
#0173-d184 @A: 05 22 10 20 | 08
#0174-d184 @A: 26 20 24 05 | 10
#0175-d184 @A: 28 19 24 20 | 02
#0176-d184 @A: 25 30 20 28 | 01
#0177-d184 @A: 10 35 08 20 | 07
#0178-d184 @A: 20 03 26 22 | 11
#0179-d184 @A: 35 03 34 20 | 04
#0180-d184 @A: 20 02 35 14 | 12
#0181-d184 @A: 22 20 29 16 | 05
#0182-d184 @A: 07 22 08 20 | 06
#0183-d184 @A: 20 15 21 08 | 03
#0184-d184 @A: 33 24 04 20 | 09
#0185-d184 @A: 20 30 06 34 | 08
#0186-d184 @A: 01 11 14 34 | 10
#0187-d184 @A: 27 01 07 06 | 02
#0188-d184 @A: 15 28 01 05 | 01
#0189-d184 @A: 09 01 21 03 | 07
#0190-d184 @A: 14 09 25 01 | 11
#0191-d184 @A: 28 35 01 33 | 04
#0192-d184 @A: 33 01 25 10 | 12
#0193-d184 @A: 15 01 03 07 | 05
#0194-d184 @A: 23 01 34 32 | 06
#0195-d184 @A: 01 35 02 12 | 03
#0196-d184 @A: 07 24 01 31 | 09
#0197-d184 @A: 30 11 02 17 | 08
#0198-d184 @A: 15 17 25 05 | 10
#0199-d184 @A: 17 05 22 02 | 02
#0200-d184 @A: 17 19 09 08 | 01
#0201-d184 @A: 35 17 13 28 | 07
#0202-d184 @A: 28 12 17 21 | 11
#0203-d184 @A: 10 19 17 31 | 04
#0204-d184 @A: 10 17 35 16 | 12
#0205-d184 @A: 33 17 32 02 | 05
#0206-d184 @A: 32 04 17 34 | 06
#0207-d184 @A: 06 17 30 32 | 03
#0208-d184 @A: 17 19 25 23 | 09
#0209-d184 @A: 22 17 21 33 | 08
#0210-d184 @A: 15 16 17 30 | 10
#0211-d184 @A: 29 16 17 08 | 02
#0212-d184 @A: 33 17 24 34 | 01
#0213-d184 @A: 05 11 28 19 | 07
#0214-d184 @A: 16 28 15 11 | 11
#0215-d184 @A: 10 12 11 19 | 04
#0216-d184 @A: 31 10 11 25 | 12
#0217-d184 @A: 21 19 32 11 | 05
#0218-d184 @A: 07 31 11 02 | 06
#0219-d184 @A: 21 22 11 16 | 03
#0220-d184 @A: 08 11 07 16 | 09
#0221-d184 @A: 11 30 34 31 | 08
#0222-d184 @A: 05 27 19 29 | 10
#0223-d184 @A: 27 14 30 28 | 02
#0224-d184 @A: 14 27 19 33 | 01
#0225-d184 @A: 26 30 27 19 | 07
#0226-d184 @A: 27 35 06 19 | 11
#0227-d184 @A: 34 26 02 27 | 04
#0228-d184 @A: 13 24 27 04 | 12
#0229-d184 @A: 27 08 33 13 | 05
#0230-d184 @A: 05 09 13 25 | 06
#0231-d184 @A: 24 05 21 28 | 03
#0232-d184 @A: 13 03 10 05 | 09
#0233-d184 @A: 05 14 29 10 | 08
#0234-d184 @A: 22 14 16 05 | 10
#0235-d184 @A: 26 35 05 30 | 02
#0236-d184 @A: 05 12 29 02 | 01
#0237-d184 @A: 05 31 22 23 | 07
#0238-d184 @A: 15 05 13 29 | 11
#0239-d184 @A: 30 05 12 16 | 04
#0240-d184 @A: 29 07 05 04 | 12
#0241-d184 @A: 24 06 08 05 | 05
#0242-d184 @A: 23 09 28 03 | 06
#0243-d184 @A: 33 28 09 02 | 03
#0244-d184 @A: 03 33 09 32 | 09
#0245-d184 @A: 30 15 09 32 | 08
#0246-d184 @A: 31 25 09 02 | 10
#0247-d184 @A: 09 33 22 24 | 02
#0248-d184 @A: 09 07 33 30 | 01
#0249-d184 @A: 28 06 10 12 | 07
#0250-d184 @A: 26 14 28 29 | 11
#0251-d184 @A: 34 28 35 30 | 04
#0252-d184 @A: 24 04 07 28 | 12
#0253-d184 @A: 29 30 13 28 | 05
#0254-d184 @A: 03 10 25 23 | 06
#0255-d184 @A: 12 10 03 02 | 03
#0256-d184 @A: 07 10 19 14 | 09
#0257-d184 @A: 32 02 13 10 | 08
#0258-d184 @A: 19 10 29 26 | 10
#0259-d184 @A: 26 10 15 23 | 02
#0260-d184 @A: 03 07 14 23 | 01
#0261-d184 @A: 32 03 31 35 | 07
#0262-d184 @A: 16 23 32 03 | 11
#0263-d184 @A: 19 25 03 04 | 04
#0264-d184 @A: 03 22 16 13 | 12
#0265-d184 @A: 07 03 22 31 | 05
#0266-d184 @A: 03 08 33 21 | 06
#0267-d184 @A: 16 25 13 14 | 03
#0268-d184 @A: 25 29 21 14 | 09
#0269-d184 @A: 23 22 30 14 | 08
#0270-d184 @A: 33 14 24 31 | 10
#0271-d184 @A: 08 34 21 14 | 02
#0272-d184 @A: 16 32 26 22 | 01
#0273-d184 @A: 32 12 35 25 | 07
#0274-d184 @A: 04 08 22 32 | 11
#0275-d184 @A: 30 16 32 12 | 04
#0276-d184 @A: 32 23 21 33 | 12
#0277-d184 @A: 26 19 12 04 | 05
#0278-d184 @A: 29 30 19 25 | 06
#0279-d184 @A: 19 04 21 22 | 03
#0280-d184 @A: 23 12 15 19 | 09
#0281-d184 @A: 19 29 16 31 | 08
#0282-d184 @A: 16 07 19 06 | 10
#0283-d184 @A: 07 29 24 19 | 02
#0284-d184 @A: 30 19 23 21 | 01
#0285-d184 @A: 35 31 26 24 | 07
#0286-d184 @A: 34 22 26 21 | 11
#0287-d184 @A: 04 26 15 24 | 04
#0288-d184 @A: 04 08 06 26 | 12
#0289-d184 @A: 23 22 25 06 | 05
#0290-d184 @A: 22 25 13 24 | 06
#0291-d184 @A: 07 25 21 15 | 03
#0292-d184 @A: 30 07 13 25 | 09
#0293-d184 @A: 02 35 29 07 | 08
#0294-d184 @A: 22 29 02 08 | 10
#0295-d184 @A: 16 24 23 02 | 02
#0296-d184 @A: 02 16 34 04 | 01
#0297-d184 @A: 35 34 29 08 | 07
#0298-d184 @A: 34 12 24 15 | 11
#0299-d184 @A: 12 06 16 31 | 04
#0300-d184 @A: 18 02 24 20 | 12
#0301-d184 @A: 16 18 20 06 | 05
#0302-d184 @A: 18 01 24 06 | 06
#0303-d184 @A: 18 10 17 33 | 03
#0304-d184 @A: 17 31 14 18 | 09
#0305-d184 @A: 27 14 22 18 | 08
#0306-d184 @A: 04 05 28 18 | 10
#0307-d184 @A: 18 33 05 32 | 02
#0308-d184 @A: 09 14 18 33 | 01
#0309-d184 @A: 34 18 08 25 | 07
#0310-d184 @A: 04 34 15 18 | 11
#0311-d184 @A: 18 31 12 29 | 04
#0312-d184 @A: 30 23 34 18 | 12
#0313-d184 @A: 20 11 03 07 | 05
#0314-d184 @A: 23 27 14 20 | 06
#0315-d184 @A: 22 20 12 05 | 03
#0316-d184 @A: 29 05 33 20 | 09
#0317-d184 @A: 26 28 13 20 | 08
#0318-d184 @A: 23 10 20 02 | 10
#0319-d184 @A: 31 10 33 20 | 02
#0320-d184 @A: 02 20 04 03 | 01
#0321-d184 @A: 20 12 03 16 | 07
#0322-d184 @A: 23 21 03 20 | 11
#0323-d184 @A: 24 20 26 12 | 04
#0324-d184 @A: 22 20 33 30 | 12
#0325-d184 @A: 23 30 20 15 | 05
#0326-d184 @A: 29 17 27 01 | 06
#0327-d184 @A: 11 01 23 28 | 03
#0328-d184 @A: 26 01 11 16 | 09
#0329-d184 @A: 27 05 16 01 | 08
#0330-d184 @A: 01 09 27 12 | 10
#0331-d184 @A: 33 05 24 01 | 02
#0332-d184 @A: 04 09 22 01 | 01
#0333-d184 @A: 06 28 01 14 | 07
#0334-d184 @A: 10 01 14 08 | 11
#0335-d184 @A: 01 12 03 22 | 04
#0336-d184 @A: 26 01 15 14 | 12
#0337-d184 @A: 32 15 02 01 | 05
#0338-d184 @A: 19 02 33 01 | 06
#0339-d184 @A: 01 23 26 21 | 03
#0340-d184 @A: 31 01 22 34 | 09
#0341-d184 @A: 29 31 08 01 | 08
#0342-d184 @A: 07 13 01 29 | 10
#0343-d184 @A: 12 13 01 33 | 02
#0344-d184 @A: 17 11 10 09 | 01
#0345-d184 @A: 04 11 35 17 | 07
#0346-d184 @A: 27 28 17 33 | 11
#0347-d184 @A: 05 28 09 17 | 04
#0348-d184 @A: 09 17 26 24 | 12
#0349-d184 @A: 28 06 17 02 | 05
#0350-d184 @A: 07 10 02 17 | 06
#0351-d184 @A: 17 06 10 21 | 03
#0352-d184 @A: 33 14 17 26 | 09
#0353-d184 @A: 17 31 12 14 | 08
#0354-d184 @A: 29 04 17 25 | 10
#0355-d184 @A: 35 31 17 07 | 02
#0356-d184 @A: 23 17 33 16 | 01
#0357-d184 @A: 30 07 17 34 | 07
#0358-d184 @A: 12 17 34 04 | 11
#0359-d184 @A: 08 13 24 17 | 04
#0360-d184 @A: 24 17 06 29 | 12
#0361-d184 @A: 11 05 03 21 | 05
#0362-d184 @A: 05 30 13 11 | 06
#0363-d184 @A: 11 34 10 03 | 03
#0364-d184 @A: 24 11 26 10 | 09
#0365-d184 @A: 03 13 11 26 | 08
#0366-d184 @A: 25 24 11 03 | 10
#0367-d184 @A: 19 07 11 26 | 02
#0368-d184 @A: 33 19 11 34 | 01
#0369-d184 @A: 03 27 14 05 | 07
#0370-d184 @A: 22 27 05 13 | 11
#0371-d184 @A: 10 04 27 14 | 04
#0372-d184 @A: 04 27 03 35 | 12
#0373-d184 @A: 27 08 25 32 | 05
#0374-d184 @A: 27 13 12 26 | 06
#0375-d184 @A: 35 23 12 27 | 03
#0376-d184 @A: 16 15 27 08 | 09
#0377-d184 @A: 33 16 27 31 | 08
#0378-d184 @A: 27 30 13 16 | 10
#0379-d184 @A: 31 27 30 24 | 02
#0380-d184 @A: 04 27 06 12 | 01
#0381-d184 @A: 10 05 09 24 | 07
#0382-d184 @A: 32 05 04 10 | 11
#0383-d184 @A: 10 05 16 25 | 04
#0384-d184 @A: 04 05 03 06 | 12
#0385-d184 @A: 05 24 30 15 | 05
#0386-d184 @A: 05 34 13 08 | 06
#0387-d184 @A: 29 06 05 21 | 03
#0388-d184 @A: 28 09 35 08 | 09
#0389-d184 @A: 09 07 25 10 | 08
#0390-d184 @A: 08 10 06 09 | 10
#0391-d184 @A: 12 09 02 32 | 02
#0392-d184 @A: 09 34 32 22 | 01
#0393-d184 @A: 19 35 09 21 | 07
#0394-d184 @A: 04 25 16 09 | 11
#0395-d184 @A: 04 15 09 29 | 04
#0396-d184 @A: 09 33 06 29 | 12
#0397-d184 @A: 28 03 16 07 | 05
#0398-d184 @A: 14 19 15 28 | 06
#0399-d184 @A: 28 04 32 02 | 03
#0400-d184 @A: 28 21 35 26 | 09
#0401-d184 @A: 04 33 23 28 | 08
#0402-d184 @A: 28 34 04 21 | 10
#0403-d184 @A: 30 10 15 21 | 02
#0404-d184 @A: 10 21 07 31 | 01
#0405-d184 @A: 08 04 10 23 | 07
#0406-d184 @A: 23 03 26 35 | 11
#0407-d184 @A: 08 34 03 22 | 04
#0408-d184 @A: 34 30 03 15 | 12
#0409-d184 @A: 08 16 06 03 | 05
#0410-d184 @A: 13 34 31 03 | 06
#0411-d184 @A: 02 26 14 22 | 03
#0412-d184 @A: 06 22 24 14 | 09
#0413-d184 @A: 06 12 14 13 | 08
#0414-d184 @A: 30 32 16 07 | 10
#0415-d184 @A: 04 21 06 32 | 02
#0416-d184 @A: 04 26 34 19 | 01
#0417-d184 @A: 21 08 19 02 | 07
#0418-d184 @A: 19 07 22 15 | 11
#0419-d184 @A: 06 19 29 22 | 04
#0420-d184 @A: 34 19 15 24 | 12
#0421-d184 @A: 25 34 23 15 | 05
#0422-d184 @A: 25 12 31 24 | 06
#0423-d184 @A: 07 25 06 24 | 03
#0424-d184 @A: 34 33 25 30 | 09
#0425-d184 @A: 25 24 33 08 | 08
#0426-d184 @A: 07 35 13 33 | 10
#0427-d184 @A: 22 07 24 12 | 02
#0428-d184 @A: 12 29 22 24 | 01
#0429-d184 @A: 24 12 18 01 | 07
#0430-d184 @A: 18 11 17 06 | 11
#0431-d184 @A: 24 28 17 18 | 04
#0432-d184 @A: 25 07 11 18 | 12
#0433-d184 @A: 16 11 18 02 | 05
#0434-d184 @A: 33 27 35 18 | 06
#0435-d184 @A: 02 05 18 21 | 03
#0436-d184 @A: 29 18 05 31 | 09
#0437-d184 @A: 10 22 09 18 | 08
#0438-d184 @A: 18 09 31 35 | 10
#0439-d184 @A: 02 18 28 35 | 02
#0440-d184 @A: 19 06 18 25 | 01
#0441-d184 @A: 22 12 18 19 | 07
#0442-d184 @A: 26 15 18 25 | 11
#0443-d184 @A: 04 24 25 18 | 04
#0444-d184 @A: 35 22 15 18 | 12
#0445-d184 @A: 21 30 13 18 | 05
#0446-d184 @A: 34 18 21 24 | 06
#0447-d184 @A: 30 20 27 01 | 03
#0448-d184 @A: 01 32 20 07 | 09
#0449-d184 @A: 01 20 24 35 | 08
#0450-d184 @A: 01 20 12 29 | 10
#0451-d184 @A: 20 17 16 03 | 02
#0452-d184 @A: 17 20 29 23 | 01
#0453-d184 @A: 29 26 11 20 | 07
#0454-d184 @A: 27 22 19 20 | 11
#0455-d184 @A: 25 15 20 27 | 04
#0456-d184 @A: 20 16 35 27 | 12
#0457-d184 @A: 20 05 16 32 | 05
#0458-d184 @A: 20 07 30 05 | 06
#0459-d184 @A: 04 09 20 28 | 03
#0460-d184 @A: 07 10 28 20 | 09
#0461-d184 @A: 29 10 03 20 | 08
#0462-d184 @A: 20 24 06 10 | 10
#0463-d184 @A: 04 14 19 20 | 02
#0464-d184 @A: 14 25 33 20 | 01
#0465-d184 @A: 20 31 26 32 | 07
#0466-d184 @A: 23 20 25 26 | 11
#0467-d184 @A: 20 15 16 31 | 04
#0468-d184 @A: 15 20 06 33 | 12
#0469-d184 @A: 06 31 08 20 | 05
#0470-d184 @A: 23 24 20 07 | 06
#0471-d184 @A: 11 33 03 01 | 03
#0472-d184 @A: 11 31 35 01 | 09
#0473-d184 @A: 05 25 01 22 | 08
#0474-d184 @A: 01 33 34 09 | 10
#0475-d184 @A: 28 01 21 19 | 02
#0476-d184 @A: 01 02 07 28 | 01
#0477-d184 @A: 01 10 19 16 | 07
#0478-d184 @A: 10 02 01 22 | 11
#0479-d184 @A: 22 07 23 01 | 04
#0480-d184 @A: 16 15 34 01 | 12
#0481-d184 @A: 15 08 23 01 | 05
#0482-d184 @A: 01 04 21 15 | 06
#0483-d184 @A: 12 31 01 04 | 03
#0484-d184 @A: 12 30 06 01 | 09
#0485-d184 @A: 30 27 03 17 | 08
#0486-d184 @A: 17 05 13 32 | 10
#0487-d184 @A: 30 09 17 04 | 02
#0488-d184 @A: 28 07 26 17 | 01
#0489-d184 @A: 14 19 06 17 | 07
#0490-d184 @A: 06 22 17 07 | 11
#0491-d184 @A: 31 04 23 17 | 04
#0492-d184 @A: 24 19 11 27 | 12
#0493-d184 @A: 11 09 26 32 | 05
#0494-d184 @A: 09 23 25 11 | 06
#0495-d184 @A: 21 02 11 09 | 03
#0496-d184 @A: 04 11 03 28 | 09
#0497-d184 @A: 34 11 25 28 | 08
#0498-d184 @A: 11 29 03 19 | 10
#0499-d184 @A: 25 14 11 19 | 02
#0500-d184 @A: 29 13 11 16 | 01
#0501-d184 @A: 11 23 08 31 | 07
#0502-d184 @A: 23 24 11 12 | 11
#0503-d184 @A: 21 11 08 13 | 04
#0504-d184 @A: 27 03 13 09 | 12
#0505-d184 @A: 27 25 24 09 | 05
#0506-d184 @A: 28 27 29 10 | 06
#0507-d184 @A: 08 27 28 06 | 03
#0508-d184 @A: 10 03 27 07 | 09
#0509-d184 @A: 27 10 22 31 | 08
#0510-d184 @A: 31 27 02 19 | 10
#0511-d184 @A: 22 27 26 07 | 02
#0512-d184 @A: 27 25 23 33 | 01
#0513-d184 @A: 27 22 15 23 | 07
#0514-d184 @A: 30 22 34 27 | 11
#0515-d184 @A: 15 06 04 27 | 04
#0516-d184 @A: 23 31 27 07 | 12
#0517-d184 @A: 31 04 27 34 | 05
#0518-d184 @A: 21 09 14 05 | 06
#0519-d184 @A: 12 09 06 05 | 03
#0520-d184 @A: 28 32 05 06 | 09
#0521-d184 @A: 05 02 33 10 | 08
#0522-d184 @A: 05 03 19 15 | 10
#0523-d184 @A: 30 14 05 19 | 02
#0524-d184 @A: 05 14 13 33 | 01
#0525-d184 @A: 05 15 26 32 | 07
#0526-d184 @A: 05 34 35 32 | 11
#0527-d184 @A: 23 05 35 04 | 04
#0528-d184 @A: 08 16 05 04 | 12
#0529-d184 @A: 07 21 23 05 | 05
#0530-d184 @A: 32 02 35 09 | 06
#0531-d184 @A: 09 23 33 13 | 03
#0532-d184 @A: 03 28 02 13 | 09
#0533-d184 @A: 25 07 32 28 | 08
#0534-d184 @A: 12 02 28 19 | 10
#0535-d184 @A: 21 22 13 28 | 02
#0536-d184 @A: 22 10 14 35 | 01
#0537-d184 @A: 32 23 10 24 | 07
#0538-d184 @A: 06 26 10 22 | 11
#0539-d184 @A: 30 23 10 29 | 04
#0540-d184 @A: 30 24 34 10 | 12
#0541-d184 @A: 34 08 33 10 | 05
#0542-d184 @A: 16 26 15 03 | 06
#0543-d184 @A: 21 30 03 25 | 03
#0544-d184 @A: 06 24 31 03 | 09
#0545-d184 @A: 33 07 03 24 | 08
#0546-d184 @A: 35 12 04 14 | 10
#0547-d184 @A: 14 07 12 15 | 02
#0548-d184 @A: 14 33 06 04 | 01
#0549-d184 @A: 29 14 33 08 | 07
#0550-d184 @A: 26 06 29 32 | 11
#0551-d184 @A: 32 35 21 08 | 04
#0552-d184 @A: 04 32 15 16 | 12
#0553-d184 @A: 24 08 32 16 | 05
#0554-d184 @A: 06 32 13 23 | 06
#0555-d184 @A: 13 32 04 33 | 03
#0556-d184 @A: 32 30 34 21 | 09
#0557-d184 @A: 35 25 26 04 | 08
#0558-d184 @A: 26 30 24 22 | 10
#0559-d184 @A: 12 33 15 26 | 02
#0560-d184 @A: 29 16 26 24 | 01
#0561-d184 @A: 24 21 07 26 | 07
#0562-d184 @A: 06 26 23 12 | 11
#0563-d184 @A: 16 15 25 06 | 04
#0564-d184 @A: 02 35 21 13 | 12
#0565-d184 @A: 33 21 16 02 | 05
#0566-d184 @A: 07 24 30 02 | 06
#0567-d184 @A: 13 02 08 04 | 03
#0568-d184 @A: 04 30 02 12 | 09
#0569-d184 @A: 02 12 06 34 | 08
#0570-d184 @A: 31 23 35 34 | 10
#0571-d184 @A: 35 33 12 31 | 02
#0572-d184 @A: 13 35 08 30 | 01
#0573-d184 @A: 07 13 04 12 | 07
#0574-d184 @A: 21 18 32 20 | 11
#0575-d184 @A: 25 18 21 17 | 04
#0576-d184 @A: 04 18 11 27 | 12
#0577-d184 @A: 18 08 19 27 | 05
#0578-d184 @A: 24 27 26 18 | 06
#0579-d184 @A: 05 18 34 14 | 03
#0580-d184 @A: 05 08 35 18 | 09
#0581-d184 @A: 32 09 07 18 | 08
#0582-d184 @A: 23 28 18 10 | 10
#0583-d184 @A: 31 18 10 12 | 02
#0584-d184 @A: 18 03 07 35 | 01
#0585-d184 @A: 18 21 14 19 | 07
#0586-d184 @A: 19 18 33 26 | 11
#0587-d184 @A: 07 18 02 26 | 04
#0588-d184 @A: 26 18 12 02 | 12
#0589-d184 @A: 18 22 02 33 | 05
#0590-d184 @A: 22 07 18 21 | 06
#0591-d184 @A: 08 29 06 18 | 03
#0592-d184 @A: 20 34 19 17 | 09
#0593-d184 @A: 31 20 02 05 | 08
#0594-d184 @A: 09 20 12 14 | 10
#0595-d184 @A: 35 28 20 22 | 02
#0596-d184 @A: 20 13 03 32 | 01
#0597-d184 @A: 06 20 26 14 | 07
#0598-d184 @A: 13 12 20 32 | 11
#0599-d184 @A: 35 20 26 07 | 04
#0600-d184 @A: 20 22 13 23 | 12
#0601-d184 @A: 13 24 15 20 | 05
#0602-d184 @A: 04 06 20 23 | 06
#0603-d184 @A: 04 20 13 29 | 03
#0604-d184 @A: 30 20 29 21 | 09
#0605-d184 @A: 02 01 35 17 | 08
#0606-d184 @A: 10 01 32 11 | 10
#0607-d184 @A: 01 25 11 08 | 02
#0608-d184 @A: 27 04 01 25 | 01
#0609-d184 @A: 02 01 34 05 | 07
#0610-d184 @A: 09 28 24 01 | 11
#0611-d184 @A: 01 35 13 03 | 04
#0612-d184 @A: 13 01 25 32 | 12
#0613-d184 @A: 01 13 21 31 | 05
#0614-d184 @A: 28 17 29 11 | 06
#0615-d184 @A: 13 11 15 17 | 03
#0616-d184 @A: 03 17 09 12 | 09
#0617-d184 @A: 17 09 29 14 | 08
#0618-d184 @A: 34 02 09 17 | 10
#0619-d184 @A: 30 10 17 08 | 02
#0620-d184 @A: 17 32 35 22 | 01
#0621-d184 @A: 17 19 29 12 | 07
#0622-d184 @A: 30 31 22 17 | 11
#0623-d184 @A: 17 15 31 34 | 04
#0624-d184 @A: 13 31 29 17 | 12
#0625-d184 @A: 07 17 13 23 | 05
#0626-d184 @A: 27 11 16 10 | 06
#0627-d184 @A: 11 27 03 31 | 03
#0628-d184 @A: 04 05 11 09 | 09
#0629-d184 @A: 05 04 12 11 | 08
#0630-d184 @A: 10 13 28 11 | 10
#0631-d184 @A: 14 22 28 11 | 02
#0632-d184 @A: 06 14 10 11 | 01
#0633-d184 @A: 03 11 02 23 | 07
#0634-d184 @A: 06 16 32 11 | 11
#0635-d184 @A: 34 11 15 07 | 04
#0636-d184 @A: 12 34 30 11 | 12
#0637-d184 @A: 27 28 23 05 | 05
#0638-d184 @A: 31 27 28 35 | 06
#0639-d184 @A: 24 12 27 28 | 03
#0640-d184 @A: 10 27 32 33 | 09
#0641-d184 @A: 32 27 03 21 | 08
#0642-d184 @A: 27 15 03 29 | 10
#0643-d184 @A: 07 19 27 32 | 02
#0644-d184 @A: 27 35 26 29 | 01
#0645-d184 @A: 35 02 25 27 | 07
#0646-d184 @A: 33 27 15 34 | 11
#0647-d184 @A: 03 30 05 28 | 04
#0648-d184 @A: 08 05 28 07 | 12
#0649-d184 @A: 03 05 31 08 | 05
#0650-d184 @A: 26 19 05 16 | 06
#0651-d184 @A: 06 30 22 05 | 03
#0652-d184 @A: 16 15 05 21 | 09
#0653-d184 @A: 29 09 28 32 | 08
#0654-d184 @A: 21 09 28 25 | 10
#0655-d184 @A: 33 35 09 10 | 02
#0656-d184 @A: 33 09 25 19 | 01
#0657-d184 @A: 04 19 07 09 | 07
#0658-d184 @A: 21 30 09 22 | 11
#0659-d184 @A: 23 31 09 15 | 04
#0660-d184 @A: 29 09 12 16 | 12
#0661-d184 @A: 09 12 24 04 | 05
#0662-d184 @A: 30 34 13 09 | 06
#0663-d184 @A: 03 10 28 19 | 03
#0664-d184 @A: 28 14 10 24 | 09
#0665-d184 @A: 03 24 35 28 | 08
#0666-d184 @A: 28 08 14 02 | 10
#0667-d184 @A: 35 14 28 07 | 02
#0668-d184 @A: 19 33 07 28 | 01
#0669-d184 @A: 24 25 26 28 | 07
#0670-d184 @A: 15 28 25 31 | 11
#0671-d184 @A: 12 28 35 29 | 04
#0672-d184 @A: 13 16 23 28 | 12
#0673-d184 @A: 28 12 31 07 | 05
#0674-d184 @A: 13 24 28 06 | 06
#0675-d184 @A: 30 12 33 28 | 03
#0676-d184 @A: 35 07 32 10 | 09
#0677-d184 @A: 04 02 19 10 | 08
#0678-d184 @A: 10 08 26 25 | 10
#0679-d184 @A: 33 26 04 10 | 02
#0680-d184 @A: 02 34 25 10 | 01
#0681-d184 @A: 22 24 04 10 | 07
#0682-d184 @A: 29 31 10 24 | 11
#0683-d184 @A: 13 34 10 23 | 04
#0684-d184 @A: 07 19 03 02 | 12
#0685-d184 @A: 03 34 04 33 | 05
#0686-d184 @A: 24 03 08 04 | 06
#0687-d184 @A: 13 21 06 03 | 03
#0688-d184 @A: 30 03 12 21 | 09
#0689-d184 @A: 33 08 03 12 | 08
#0690-d184 @A: 19 34 32 14 | 10
#0691-d184 @A: 22 33 14 12 | 02
#0692-d184 @A: 14 15 29 31 | 01
#0693-d184 @A: 08 24 14 15 | 07
#0694-d184 @A: 21 23 14 31 | 11
#0695-d184 @A: 23 32 19 31 | 04
#0696-d184 @A: 29 35 32 25 | 12
#0697-d184 @A: 31 32 07 29 | 05
#0698-d184 @A: 06 34 32 07 | 06
#0699-d184 @A: 29 32 24 13 | 03
#0700-d184 @A: 23 12 21 19 | 09
#0701-d184 @A: 30 26 29 34 | 08
#0702-d184 @A: 26 08 33 30 | 10
#0703-d184 @A: 22 25 35 33 | 02
#0704-d184 @A: 07 33 31 25 | 01
#0705-d184 @A: 13 08 23 25 | 07
#0706-d184 @A: 08 04 25 12 | 11
#0707-d184 @A: 31 16 35 02 | 04
#0708-d184 @A: 02 06 15 31 | 12
#0709-d184 @A: 33 02 15 24 | 05
#0710-d184 @A: 30 16 06 02 | 06
#0711-d184 @A: 35 22 12 06 | 03
#0712-d184 @A: 35 16 15 33 | 09
#0713-d184 @A: 06 35 16 13 | 08
#0714-d184 @A: 16 34 24 35 | 10
#0715-d184 @A: 07 23 08 35 | 02
#0716-d184 @A: 33 21 34 35 | 01
#0717-d184 @A: 22 13 12 16 | 07
#0718-d184 @A: 20 25 22 18 | 11
#0719-d184 @A: 22 26 01 18 | 04
#0720-d184 @A: 25 01 23 18 | 12
#0721-d184 @A: 32 18 11 22 | 05
#0722-d184 @A: 25 27 18 05 | 06
#0723-d184 @A: 21 27 06 18 | 03
#0724-d184 @A: 10 18 06 05 | 09
#0725-d184 @A: 18 12 05 14 | 08
#0726-d184 @A: 16 13 18 05 | 10
#0727-d184 @A: 18 09 06 02 | 02
#0728-d184 @A: 13 14 18 10 | 01
#0729-d184 @A: 19 18 10 24 | 07
#0730-d184 @A: 14 18 06 32 | 11
#0731-d184 @A: 26 14 18 08 | 04
#0732-d184 @A: 14 23 24 18 | 12
#0733-d184 @A: 18 32 04 19 | 05
#0734-d184 @A: 18 24 15 31 | 06
#0735-d184 @A: 06 07 18 31 | 03
#0736-d184 @A: 04 18 31 13 | 09
#0737-d184 @A: 29 30 18 07 | 08
#0738-d184 @A: 15 01 20 11 | 10
#0739-d184 @A: 07 20 17 14 | 02
#0740-d184 @A: 20 26 08 17 | 01
#0741-d184 @A: 28 20 15 03 | 07
#0742-d184 @A: 28 32 20 23 | 11
#0743-d184 @A: 20 06 28 29 | 04
#0744-d184 @A: 32 20 34 10 | 12
#0745-d184 @A: 25 19 10 20 | 05
#0746-d184 @A: 16 25 20 24 | 06
#0747-d184 @A: 20 15 02 22 | 03
#0748-d184 @A: 22 20 24 31 | 09
#0749-d184 @A: 22 06 20 21 | 08
#0750-d184 @A: 29 07 20 15 | 10
#0751-d184 @A: 07 04 20 31 | 02
#0752-d184 @A: 07 20 06 12 | 01
#0753-d184 @A: 20 33 07 21 | 07
#0754-d184 @A: 01 17 14 30 | 11
#0755-d184 @A: 01 27 13 28 | 04
#0756-d184 @A: 26 27 01 33 | 12
#0757-d184 @A: 01 13 05 26 | 05
#0758-d184 @A: 01 35 30 09 | 06
#0759-d184 @A: 26 01 28 30 | 03
#0760-d184 @A: 21 10 34 01 | 09
#0761-d184 @A: 01 25 16 03 | 08
#0762-d184 @A: 13 02 14 01 | 10
#0763-d184 @A: 01 14 21 22 | 02
#0764-d184 @A: 08 19 01 32 | 01
#0765-d184 @A: 32 04 01 35 | 07
#0766-d184 @A: 07 01 21 16 | 11
#0767-d184 @A: 01 33 06 16 | 04
#0768-d184 @A: 31 33 23 01 | 12
#0769-d184 @A: 04 06 01 31 | 05
#0770-d184 @A: 26 17 31 11 | 06
#0771-d184 @A: 26 17 12 11 | 03
#0772-d184 @A: 09 17 03 07 | 09
#0773-d184 @A: 17 10 03 04 | 08
#0774-d184 @A: 17 34 14 10 | 10
#0775-d184 @A: 32 10 29 17 | 02
#0776-d184 @A: 03 26 17 06 | 01
#0777-d184 @A: 03 17 25 31 | 07
#0778-d184 @A: 17 35 15 26 | 11
#0779-d184 @A: 07 27 28 11 | 04
#0780-d184 @A: 11 25 22 27 | 12
#0781-d184 @A: 35 22 11 05 | 05
#0782-d184 @A: 11 09 31 12 | 06
#0783-d184 @A: 08 28 26 11 | 03
#0784-d184 @A: 08 11 28 12 | 09
#0785-d184 @A: 02 35 10 11 | 08
#0786-d184 @A: 11 32 13 14 | 10
#0787-d184 @A: 33 14 02 11 | 02
#0788-d184 @A: 11 19 35 15 | 01
#0789-d184 @A: 11 23 19 06 | 07
#0790-d184 @A: 04 22 26 11 | 11
#0791-d184 @A: 04 02 25 11 | 04
#0792-d184 @A: 35 07 11 21 | 12
#0793-d184 @A: 09 27 05 15 | 05
#0794-d184 @A: 30 05 32 27 | 06
#0795-d184 @A: 24 27 15 28 | 03
#0796-d184 @A: 27 03 08 26 | 09
#0797-d184 @A: 13 14 35 27 | 08
#0798-d184 @A: 27 31 14 08 | 10
#0799-d184 @A: 19 25 27 21 | 02
#0800-d184 @A: 25 26 13 27 | 01
#0801-d184 @A: 25 27 16 07 | 07
#0802-d184 @A: 30 05 09 02 | 11
#0803-d184 @A: 09 22 05 07 | 04
#0804-d184 @A: 29 35 28 05 | 12
#0805-d184 @A: 12 10 32 05 | 05
#0806-d184 @A: 07 03 05 32 | 06
#0807-d184 @A: 14 05 08 32 | 03
#0808-d184 @A: 25 31 26 05 | 09
#0809-d184 @A: 29 05 16 30 | 08
#0810-d184 @A: 04 05 24 31 | 10
#0811-d184 @A: 21 13 05 04 | 02
#0812-d184 @A: 03 10 09 16 | 01
#0813-d184 @A: 09 32 14 24 | 07
#0814-d184 @A: 16 09 19 14 | 11
#0815-d184 @A: 32 25 06 09 | 04
#0816-d184 @A: 08 09 15 25 | 12
#0817-d184 @A: 24 35 13 09 | 05
#0818-d184 @A: 34 21 09 15 | 06
#0819-d184 @A: 31 21 09 16 | 03
#0820-d184 @A: 23 09 16 30 | 09
#0821-d184 @A: 33 04 21 09 | 08
#0822-d184 @A: 09 12 21 13 | 10
#0823-d184 @A: 30 08 09 29 | 02
#0824-d184 @A: 10 08 28 32 | 01
#0825-d184 @A: 21 28 33 10 | 07
#0826-d184 @A: 24 33 32 28 | 11
#0827-d184 @A: 28 19 04 35 | 04
#0828-d184 @A: 15 22 28 33 | 12
#0829-d184 @A: 16 24 28 22 | 05
#0830-d184 @A: 15 12 28 16 | 06
#0831-d184 @A: 30 28 06 33 | 03
#0832-d184 @A: 06 30 19 10 | 09
#0833-d184 @A: 10 25 35 24 | 08
#0834-d184 @A: 10 22 33 29 | 10
#0835-d184 @A: 33 10 13 06 | 02
#0836-d184 @A: 33 10 34 12 | 01
#0837-d184 @A: 03 30 13 24 | 07
#0838-d184 @A: 26 14 21 04 | 11
#0839-d184 @A: 14 13 31 06 | 04
#0840-d184 @A: 23 08 06 14 | 12
#0841-d184 @A: 35 30 32 19 | 05
#0842-d184 @A: 22 21 32 15 | 06
#0843-d184 @A: 33 31 32 22 | 03
#0844-d184 @A: 32 13 22 30 | 09
#0845-d184 @A: 16 34 33 32 | 08
#0846-d184 @A: 04 31 30 32 | 10
#0847-d184 @A: 32 31 24 21 | 02
#0848-d184 @A: 25 02 19 15 | 01
#0849-d184 @A: 33 22 19 16 | 07
#0850-d184 @A: 16 07 12 19 | 11
#0851-d184 @A: 19 07 31 08 | 04
#0852-d184 @A: 34 19 07 23 | 12
#0853-d184 @A: 04 23 19 29 | 05
#0854-d184 @A: 19 24 06 04 | 06
#0855-d184 @A: 33 19 30 24 | 03
#0856-d184 @A: 26 21 29 13 | 09
#0857-d184 @A: 22 25 15 30 | 08
#0858-d184 @A: 25 22 08 16 | 10
#0859-d184 @A: 30 06 31 25 | 02
#0860-d184 @A: 02 13 23 31 | 01
#0861-d184 @A: 02 04 30 21 | 07
#0862-d184 @A: 29 34 33 02 | 11
#0863-d184 @A: 02 06 24 21 | 04
#0864-d184 @A: 02 24 12 21 | 12
#0865-d184 @A: 35 34 22 07 | 05
#0866-d184 @A: 22 24 21 35 | 06
#0867-d184 @A: 31 35 15 08 | 03
#0868-d184 @A: 04 35 34 13 | 09
#0869-d184 @A: 08 04 33 35 | 08
#0870-d184 @A: 24 33 29 35 | 10
#0871-d184 @A: 29 13 12 23 | 02
#0872-d184 @A: 29 12 33 04 | 01
#0873-d184 @A: 29 30 12 08 | 07
#0874-d184 @A: 01 20 33 18 | 11
#0875-d184 @A: 34 18 26 20 | 04
#0876-d184 @A: 14 16 18 01 | 12
#0877-d184 @A: 17 07 18 27 | 05
#0878-d184 @A: 21 10 11 18 | 06
#0879-d184 @A: 35 11 18 34 | 03
#0880-d184 @A: 09 29 18 27 | 09
#0881-d184 @A: 27 18 23 03 | 08
#0882-d184 @A: 27 18 16 34 | 10
#0883-d184 @A: 18 03 04 09 | 02
#0884-d184 @A: 18 06 28 03 | 01
#0885-d184 @A: 19 18 13 35 | 07
#0886-d184 @A: 29 26 18 23 | 11
#0887-d184 @A: 23 15 18 21 | 04
#0888-d184 @A: 23 07 18 16 | 12
#0889-d184 @A: 21 20 05 01 | 05
#0890-d184 @A: 01 08 03 20 | 06
#0891-d184 @A: 23 19 20 01 | 03
#0892-d184 @A: 20 01 06 02 | 09
#0893-d184 @A: 17 20 02 21 | 08
#0894-d184 @A: 30 11 20 35 | 10
#0895-d184 @A: 20 03 25 05 | 02
#0896-d184 @A: 35 05 20 13 | 01
#0897-d184 @A: 09 20 14 30 | 07
#0898-d184 @A: 09 20 32 08 | 11
#0899-d184 @A: 31 12 19 20 | 04
#0900-d184 @A: 02 20 33 26 | 12
#0901-d184 @A: 21 25 20 35 | 05
#0902-d184 @A: 30 12 25 20 | 06
#0903-d184 @A: 34 22 20 04 | 03
#0904-d184 @A: 17 01 07 25 | 09
#0905-d184 @A: 23 06 17 01 | 08
#0906-d184 @A: 01 13 11 04 | 10
#0907-d184 @A: 08 27 01 09 | 02
#0908-d184 @A: 01 05 31 14 | 01
#0909-d184 @A: 10 29 01 09 | 07
#0910-d184 @A: 01 04 14 03 | 11
#0911-d184 @A: 13 22 19 01 | 04
#0912-d184 @A: 24 23 29 01 | 12
#0913-d184 @A: 30 01 21 06 | 05
#0914-d184 @A: 01 30 08 34 | 06
#0915-d184 @A: 23 17 11 27 | 03
#0916-d184 @A: 14 17 11 21 | 09
#0917-d184 @A: 05 17 31 27 | 08
#0918-d184 @A: 17 22 09 23 | 10
#0919-d184 @A: 17 03 28 32 | 02
#0920-d184 @A: 23 17 28 14 | 01
#0921-d184 @A: 10 13 25 17 | 07
#0922-d184 @A: 17 32 12 22 | 11
#0923-d184 @A: 17 15 23 32 | 04
#0924-d184 @A: 02 17 19 16 | 12
#0925-d184 @A: 22 17 13 04 | 05
#0926-d184 @A: 24 23 30 17 | 06
#0927-d184 @A: 24 34 11 05 | 03
#0928-d184 @A: 06 03 09 11 | 09
#0929-d184 @A: 11 09 34 16 | 08
#0930-d184 @A: 35 11 03 16 | 10
#0931-d184 @A: 22 11 19 02 | 02
#0932-d184 @A: 26 02 11 06 | 01
#0933-d184 @A: 12 11 25 22 | 07
#0934-d184 @A: 11 08 15 22 | 11
#0935-d184 @A: 11 04 31 15 | 04
#0936-d184 @A: 31 16 24 11 | 12
#0937-d184 @A: 31 33 11 13 | 05
#0938-d184 @A: 21 24 11 30 | 06
#0939-d184 @A: 27 02 21 28 | 03
#0940-d184 @A: 29 27 02 14 | 09
#0941-d184 @A: 21 27 16 14 | 08
#0942-d184 @A: 23 26 27 32 | 10
#0943-d184 @A: 27 32 21 12 | 02
#0944-d184 @A: 27 21 15 26 | 01
#0945-d184 @A: 23 04 27 02 | 07
#0946-d184 @A: 15 27 31 13 | 11
#0947-d184 @A: 27 06 30 29 | 04
#0948-d184 @A: 29 27 34 12 | 12
#0949-d184 @A: 26 08 09 05 | 05
#0950-d184 @A: 31 05 34 19 | 06
#0951-d184 @A: 26 02 29 05 | 03
#0952-d184 @A: 06 33 34 05 | 09
#0953-d184 @A: 06 28 26 09 | 08
#0954-d184 @A: 10 04 31 09 | 10
#0955-d184 @A: 12 09 10 34 | 02
#0956-d184 @A: 04 14 09 35 | 01
#0957-d184 @A: 08 14 22 09 | 07
#0958-d184 @A: 31 19 30 09 | 11
#0959-d184 @A: 09 07 13 31 | 04
#0960-d184 @A: 10 28 31 02 | 12
#0961-d184 @A: 16 28 14 33 | 05
#0962-d184 @A: 19 23 26 28 | 06
#0963-d184 @A: 22 28 08 31 | 03
#0964-d184 @A: 07 28 21 30 | 09
#0965-d184 @A: 24 30 08 28 | 08
#0966-d184 @A: 03 24 10 02 | 10
#0967-d184 @A: 14 10 12 26 | 02
#0968-d184 @A: 14 21 02 10 | 01
#0969-d184 @A: 35 10 23 19 | 07
#0970-d184 @A: 35 10 12 24 | 11
#0971-d184 @A: 15 34 10 29 | 04
#0972-d184 @A: 21 10 16 23 | 12
#0973-d184 @A: 14 08 19 03 | 05
#0974-d184 @A: 26 24 14 03 | 06
#0975-d184 @A: 03 29 32 30 | 03
#0976-d184 @A: 03 19 22 35 | 09
#0977-d184 @A: 03 12 13 19 | 08
#0978-d184 @A: 23 33 22 03 | 10
#0979-d184 @A: 29 14 32 12 | 02
#0980-d184 @A: 34 12 19 14 | 01
#0981-d184 @A: 02 24 25 14 | 07
#0982-d184 @A: 14 25 31 35 | 11
#0983-d184 @A: 29 16 14 06 | 04
#0984-d184 @A: 34 23 04 14 | 12
#0985-d184 @A: 29 23 14 13 | 05
#0986-d184 @A: 08 26 32 02 | 06
#0987-d184 @A: 02 12 31 32 | 03
#0988-d184 @A: 08 07 32 13 | 09
#0989-d184 @A: 30 32 23 08 | 08
#0990-d184 @A: 25 19 35 07 | 10
#0991-d184 @A: 13 15 19 30 | 02
#0992-d184 @A: 04 33 31 19 | 01
#0993-d184 @A: 19 31 24 13 | 07
#0994-d184 @A: 22 21 12 26 | 11
#0995-d184 @A: 13 07 15 26 | 04
#0996-d184 @A: 34 26 15 08 | 12
#0997-d184 @A: 26 16 31 07 | 05
#0998-d184 @A: 31 29 04 26 | 06
#0999-d184 @A: 13 31 08 26 | 03
#1000-d184 @A: 33 31 26 34 | 09
#1001-d184 @A: 22 25 04 07 | 08
#1002-d184 @A: 04 33 15 25 | 10
#1003-d184 @A: 15 25 29 24 | 02
#1004-d184 @A: 34 06 25 04 | 01
#1005-d184 @A: 02 15 34 35 | 07
#1006-d184 @A: 22 15 12 02 | 11
#1007-d184 @A: 34 02 21 31 | 04
#1008-d184 @A: 04 07 02 33 | 12
#1009-d184 @A: 02 08 34 23 | 05
#1010-d184 @A: 13 33 30 02 | 06
#1011-d184 @A: 35 16 23 22 | 03
#1012-d184 @A: 12 35 15 30 | 09
#1013-d184 @A: 07 35 30 06 | 08
#1014-d184 @A: 34 13 35 12 | 10
#1015-d184 @A: 18 03 32 01 | 02
#1016-d184 @A: 01 04 18 02 | 01
#1017-d184 @A: 13 01 34 18 | 07
#1018-d184 @A: 18 19 31 11 | 11
#1019-d184 @A: 32 27 13 18 | 04
#1020-d184 @A: 19 09 15 18 | 12
#1021-d184 @A: 18 16 32 10 | 05
#1022-d184 @A: 31 34 10 18 | 06
#1023-d184 @A: 35 14 30 18 | 03
#1024-d184 @A: 23 32 18 02 | 09
#1025-d184 @A: 08 18 22 24 | 08
#1026-d184 @A: 18 15 13 06 | 10
#1027-d184 @A: 18 12 16 21 | 02
#1028-d184 @A: 12 04 23 18 | 01
#1029-d184 @A: 14 01 29 20 | 07
#1030-d184 @A: 31 28 20 17 | 11
#1031-d184 @A: 17 10 15 20 | 04
#1032-d184 @A: 20 11 33 32 | 12
#1033-d184 @A: 27 09 20 33 | 05
#1034-d184 @A: 12 20 02 27 | 06
#1035-d184 @A: 12 34 05 20 | 03
#1036-d184 @A: 16 09 20 02 | 09
#1037-d184 @A: 22 20 32 14 | 08
#1038-d184 @A: 15 20 14 34 | 10
#1039-d184 @A: 20 24 30 32 | 02
#1040-d184 @A: 21 19 20 26 | 01
#1041-d184 @A: 31 13 25 20 | 07
#1042-d184 @A: 08 25 29 20 | 11
#1043-d184 @A: 30 08 20 04 | 04
#1044-d184 @A: 07 01 11 09 | 12
#1045-d184 @A: 01 12 11 16 | 05
#1046-d184 @A: 23 27 01 10 | 06
#1047-d184 @A: 01 10 05 30 | 03
#1048-d184 @A: 01 32 09 16 | 09
#1049-d184 @A: 26 12 01 28 | 08
#1050-d184 @A: 29 25 01 28 | 10
#1051-d184 @A: 10 01 03 31 | 02
#1052-d184 @A: 01 19 35 34 | 01
#1053-d184 @A: 01 08 33 22 | 07
#1054-d184 @A: 31 30 01 15 | 11
#1055-d184 @A: 23 13 01 30 | 04
#1056-d184 @A: 29 04 30 01 | 12
#1057-d184 @A: 05 16 17 11 | 05
#1058-d184 @A: 11 17 03 22 | 06
#1059-d184 @A: 11 34 17 08 | 03
#1060-d184 @A: 04 27 17 19 | 09
#1061-d184 @A: 27 17 06 25 | 08
#1062-d184 @A: 08 17 22 27 | 10
#1063-d184 @A: 16 28 17 25 | 02
#1064-d184 @A: 17 08 28 04 | 01
#1065-d184 @A: 03 19 17 21 | 07
#1066-d184 @A: 02 15 17 03 | 11
#1067-d184 @A: 08 35 17 14 | 04
#1068-d184 @A: 24 19 17 35 | 12
#1069-d184 @A: 08 17 02 25 | 05
#1070-d184 @A: 24 31 02 17 | 06
#1071-d184 @A: 33 12 02 17 | 03
#1072-d184 @A: 06 16 17 04 | 09
#1073-d184 @A: 13 21 16 17 | 08
#1074-d184 @A: 31 08 17 21 | 10
#1075-d184 @A: 21 07 17 29 | 02
#1076-d184 @A: 12 06 17 24 | 01
#1077-d184 @A: 27 11 26 14 | 07
#1078-d184 @A: 11 27 13 06 | 11
#1079-d184 @A: 29 35 11 09 | 04
#1080-d184 @A: 32 11 30 28 | 12
#1081-d184 @A: 11 02 32 34 | 05
#1082-d184 @A: 30 11 15 26 | 06
#1083-d184 @A: 35 12 11 07 | 03
#1084-d184 @A: 11 22 34 13 | 09
#1085-d184 @A: 11 24 07 13 | 08
#1086-d184 @A: 11 08 06 30 | 10
#1087-d184 @A: 08 27 10 05 | 02
#1088-d184 @A: 27 07 09 35 | 01
#1089-d184 @A: 22 27 32 28 | 07
#1090-d184 @A: 12 27 15 10 | 11
#1091-d184 @A: 27 30 08 21 | 04
#1092-d184 @A: 21 27 24 33 | 12
#1093-d184 @A: 05 29 09 03 | 05
#1094-d184 @A: 09 23 05 32 | 06
#1095-d184 @A: 15 14 35 05 | 03
#1096-d184 @A: 05 02 24 32 | 09
#1097-d184 @A: 02 05 19 13 | 08
#1098-d184 @A: 33 35 19 05 | 10
#1099-d184 @A: 06 05 31 16 | 02
#1100-d184 @A: 12 13 05 24 | 01
#1101-d184 @A: 14 09 31 03 | 07
#1102-d184 @A: 08 12 19 09 | 11
#1103-d184 @A: 09 26 12 30 | 04
#1104-d184 @A: 08 31 24 09 | 12
#1105-d184 @A: 07 09 24 34 | 05
#1106-d184 @A: 06 24 30 09 | 06
#1107-d184 @A: 28 14 21 32 | 03
#1108-d184 @A: 08 28 25 19 | 09
#1109-d184 @A: 28 06 31 19 | 08
#1110-d184 @A: 28 02 26 15 | 10
#1111-d184 @A: 30 28 15 04 | 02
#1112-d184 @A: 32 30 14 10 | 01
#1113-d184 @A: 31 15 32 10 | 07
#1114-d184 @A: 10 34 22 19 | 11
#1115-d184 @A: 29 16 10 02 | 04
#1116-d184 @A: 07 06 10 15 | 12
#1117-d184 @A: 10 31 08 16 | 05
#1118-d184 @A: 10 24 33 16 | 06
#1119-d184 @A: 23 10 06 31 | 03
#1120-d184 @A: 08 07 24 10 | 09
#1121-d184 @A: 03 14 02 16 | 08
#1122-d184 @A: 21 14 35 03 | 10
#1123-d184 @A: 32 26 03 04 | 02
#1124-d184 @A: 03 23 19 13 | 01
#1125-d184 @A: 26 07 25 03 | 07
#1126-d184 @A: 25 03 35 08 | 11
#1127-d184 @A: 06 22 15 03 | 04
#1128-d184 @A: 12 29 15 03 | 12
#1129-d184 @A: 16 30 33 03 | 05
#1130-d184 @A: 29 03 23 31 | 06
#1131-d184 @A: 04 14 29 32 | 03
#1132-d184 @A: 19 14 13 26 | 09
#1133-d184 @A: 14 26 30 25 | 08
#1134-d184 @A: 07 14 15 16 | 10
#1135-d184 @A: 30 15 06 14 | 02
#1136-d184 @A: 14 31 16 34 | 01
#1137-d184 @A: 19 32 29 33 | 07
#1138-d184 @A: 15 32 34 13 | 11
#1139-d184 @A: 06 15 24 32 | 04
#1140-d184 @A: 34 12 08 32 | 12
#1141-d184 @A: 26 19 25 22 | 05
#1142-d184 @A: 22 15 31 26 | 06
#1143-d184 @A: 23 06 26 16 | 03
#1144-d184 @A: 21 31 06 26 | 09
#1145-d184 @A: 30 04 07 26 | 08
#1146-d184 @A: 26 13 04 23 | 10
#1147-d184 @A: 33 25 06 02 | 02
#1148-d184 @A: 22 34 25 29 | 01
#1149-d184 @A: 23 07 25 29 | 07
#1150-d184 @A: 07 25 12 33 | 11
#1151-d184 @A: 02 35 04 06 | 04
#1152-d184 @A: 02 21 23 22 | 12
#1153-d184 @A: 07 02 34 13 | 05
#1154-d184 @A: 07 35 15 24 | 06
#1155-d184 @A: 21 29 35 23 | 03
#1156-d184 @A: 08 23 22 12 | 09
#1157-d184 @A: 06 08 15 12 | 08
#1158-d184 @A: 11 20 18 08 | 10
#1159-d184 @A: 03 14 20 18 | 02
#1160-d184 @A: 19 20 07 18 | 01
#1161-d184 @A: 01 31 18 27 | 07
#1162-d184 @A: 17 09 18 16 | 11
#1163-d184 @A: 05 18 19 23 | 04
#1164-d184 @A: 09 18 28 34 | 12
#1165-d184 @A: 10 29 18 25 | 05
#1166-d184 @A: 19 18 30 03 | 06
#1167-d184 @A: 18 16 21 03 | 03
#1168-d184 @A: 18 13 08 03 | 09
#1169-d184 @A: 31 18 22 16 | 08
#1170-d184 @A: 15 18 33 30 | 10
#1171-d184 @A: 13 33 18 24 | 02
#1172-d184 @A: 16 01 20 28 | 01
#1173-d184 @A: 20 01 34 25 | 07
#1174-d184 @A: 05 06 17 20 | 11
#1175-d184 @A: 20 33 35 17 | 04
#1176-d184 @A: 20 28 21 11 | 12
#1177-d184 @A: 29 27 20 24 | 05
#1178-d184 @A: 20 14 05 28 | 06
#1179-d184 @A: 09 10 21 20 | 03
#1180-d184 @A: 29 20 19 09 | 09
#1181-d184 @A: 20 04 12 28 | 08
#1182-d184 @A: 02 19 20 30 | 10
#1183-d184 @A: 20 16 21 04 | 02
#1184-d184 @A: 20 29 31 34 | 01
#1185-d184 @A: 21 17 01 32 | 07
#1186-d184 @A: 04 17 33 01 | 11
#1187-d184 @A: 27 32 14 01 | 04
#1188-d184 @A: 19 01 27 15 | 12
#1189-d184 @A: 29 05 01 32 | 05
#1190-d184 @A: 01 05 07 35 | 06
#1191-d184 @A: 01 19 06 03 | 03
#1192-d184 @A: 01 31 02 26 | 09
#1193-d184 @A: 08 26 01 35 | 08
#1194-d184 @A: 01 06 29 34 | 10
#1195-d184 @A: 16 17 26 27 | 02
#1196-d184 @A: 09 31 32 17 | 01
#1197-d184 @A: 17 35 09 06 | 07
#1198-d184 @A: 35 30 25 17 | 11
#1199-d184 @A: 17 12 16 35 | 04
#1200-d184 @A: 22 17 15 24 | 12
#1201-d184 @A: 17 07 15 04 | 05
#1202-d184 @A: 13 06 34 17 | 06
#1203-d184 @A: 11 05 33 27 | 03
#1204-d184 @A: 32 29 11 27 | 09
#1205-d184 @A: 15 14 09 11 | 08
#1206-d184 @A: 13 11 19 09 | 10
#1207-d184 @A: 10 22 23 11 | 02
#1208-d184 @A: 30 03 14 11 | 01
#1209-d184 @A: 11 03 12 06 | 07
#1210-d184 @A: 23 16 14 11 | 11
#1211-d184 @A: 11 15 32 25 | 04
#1212-d184 @A: 30 04 19 11 | 12
#1213-d184 @A: 25 13 11 35 | 05
#1214-d184 @A: 27 05 12 28 | 06
#1215-d184 @A: 07 05 27 02 | 03
#1216-d184 @A: 27 21 05 34 | 09
#1217-d184 @A: 09 27 28 16 | 08
#1218-d184 @A: 09 06 14 27 | 10
#1219-d184 @A: 19 13 27 10 | 02
#1220-d184 @A: 27 33 03 02 | 01
#1221-d184 @A: 24 03 27 22 | 07
#1222-d184 @A: 27 34 14 25 | 11
#1223-d184 @A: 27 24 14 07 | 04
#1224-d184 @A: 25 19 27 12 | 12
#1225-d184 @A: 12 33 27 16 | 05
#1226-d184 @A: 27 21 23 13 | 06
#1227-d184 @A: 27 33 30 04 | 03
#1228-d184 @A: 22 05 28 26 | 09
#1229-d184 @A: 28 05 31 13 | 08
#1230-d184 @A: 10 35 05 31 | 10
#1231-d184 @A: 24 03 16 05 | 02
#1232-d184 @A: 14 25 05 04 | 01
#1233-d184 @A: 34 15 22 05 | 07
#1234-d184 @A: 05 06 23 15 | 11
#1235-d184 @A: 16 33 05 07 | 04
#1236-d184 @A: 05 34 23 16 | 12
#1237-d184 @A: 08 29 23 05 | 05
#1238-d184 @A: 09 13 14 28 | 06
#1239-d184 @A: 07 28 09 15 | 03
#1240-d184 @A: 14 23 09 10 | 09
#1241-d184 @A: 09 26 30 03 | 08
#1242-d184 @A: 09 03 02 08 | 10
#1243-d184 @A: 09 23 29 34 | 02
#1244-d184 @A: 04 06 13 09 | 01
#1245-d184 @A: 08 29 03 28 | 07
#1246-d184 @A: 10 21 03 22 | 11
#1247-d184 @A: 31 26 14 10 | 04
#1248-d184 @A: 26 10 34 35 | 12
#1249-d184 @A: 16 07 10 13 | 05
#1250-d184 @A: 10 04 16 30 | 06
#1251-d184 @A: 10 08 21 29 | 03
#1252-d184 @A: 12 10 29 21 | 09
#1253-d184 @A: 04 03 32 12 | 08
#1254-d184 @A: 24 34 23 03 | 10
#1255-d184 @A: 29 03 13 33 | 02
#1256-d184 @A: 02 31 14 32 | 01
#1257-d184 @A: 14 33 35 32 | 07
#1258-d184 @A: 33 14 15 23 | 11
#1259-d184 @A: 07 34 14 29 | 04
#1260-d184 @A: 13 24 14 34 | 12
#1261-d184 @A: 19 06 02 32 | 05
#1262-d184 @A: 25 33 26 32 | 06
#1263-d184 @A: 26 12 15 32 | 03
#1264-d184 @A: 22 29 32 23 | 09
#1265-d184 @A: 19 13 25 34 | 08
#1266-d184 @A: 19 24 23 22 | 10
#1267-d184 @A: 19 08 22 30 | 02
#1268-d184 @A: 15 19 16 23 | 01
#1269-d184 @A: 15 31 21 19 | 07
#1270-d184 @A: 16 21 24 19 | 11
#1271-d184 @A: 13 21 07 19 | 04
#1272-d184 @A: 19 13 08 29 | 12
#1273-d184 @A: 26 12 07 29 | 05
#1274-d184 @A: 23 26 24 33 | 06
#1275-d184 @A: 34 25 16 21 | 03
#1276-d184 @A: 31 04 08 25 | 09
#1277-d184 @A: 02 35 22 30 | 08
#1278-d184 @A: 02 16 07 22 | 10
#1279-d184 @A: 31 22 02 04 | 02
#1280-d184 @A: 22 24 02 34 | 01
#1281-d184 @A: 02 15 08 30 | 07
#1282-d184 @A: 02 30 29 31 | 11
#1283-d184 @A: 02 31 08 33 | 04
#1284-d184 @A: 08 02 12 07 | 12
#1285-d184 @A: 22 31 13 35 | 05
#1286-d184 @A: 04 35 16 07 | 06
#1287-d184 @A: 04 35 31 21 | 03
#1288-d184 @A: 24 06 23 35 | 09
#1289-d184 @A: 24 35 04 30 | 08
#1290-d184 @A: 16 08 12 24 | 10
#1291-d184 @A: 21 31 12 06 | 02
#1292-d184 @A: 27 18 20 28 | 01
#1293-d184 @A: 05 09 01 18 | 07
#1294-d184 @A: 18 08 28 01 | 11
#1295-d184 @A: 23 35 18 17 | 04
#1296-d184 @A: 14 11 29 18 | 12
#1297-d184 @A: 08 27 12 18 | 05
#1298-d184 @A: 12 07 18 09 | 06
#1299-d184 @A: 09 08 23 18 | 03
#1300-d184 @A: 12 18 13 28 | 09
#1301-d184 @A: 32 30 26 18 | 08
#1302-d184 @A: 29 13 18 22 | 10
#1303-d184 @A: 16 24 18 30 | 02
#1304-d184 @A: 33 18 23 06 | 01
#1305-d184 @A: 06 04 30 18 | 07
#1306-d184 @A: 18 04 29 33 | 11
#1307-d184 @A: 04 20 01 26 | 04
#1308-d184 @A: 23 20 17 12 | 12
#1309-d184 @A: 11 05 20 23 | 05
#1310-d184 @A: 27 20 02 08 | 06
#1311-d184 @A: 31 20 21 27 | 03
#1312-d184 @A: 03 24 20 09 | 09
#1313-d184 @A: 13 14 20 08 | 08
#1314-d184 @A: 20 32 04 25 | 10
#1315-d184 @A: 32 02 29 20 | 02
#1316-d184 @A: 32 06 20 35 | 01
#1317-d184 @A: 20 35 21 12 | 07
#1318-d184 @A: 16 20 07 34 | 11
#1319-d184 @A: 13 01 17 09 | 04
#1320-d184 @A: 26 17 10 01 | 12
#1321-d184 @A: 11 24 22 01 | 05
#1322-d184 @A: 28 01 22 03 | 06
#1323-d184 @A: 10 35 01 06 | 03
#1324-d184 @A: 01 23 14 35 | 09
#1325-d184 @A: 01 33 14 07 | 08
#1326-d184 @A: 19 01 25 31 | 10
#1327-d184 @A: 30 19 01 07 | 02
#1328-d184 @A: 25 01 02 21 | 01
#1329-d184 @A: 30 24 01 25 | 07
#1330-d184 @A: 22 01 15 29 | 11
#1331-d184 @A: 08 04 07 01 | 04
#1332-d184 @A: 17 25 33 11 | 12
#1333-d184 @A: 27 15 17 14 | 05
#1334-d184 @A: 17 27 13 02 | 06
#1335-d184 @A: 05 17 07 19 | 03
#1336-d184 @A: 34 05 29 17 | 09
#1337-d184 @A: 17 15 33 09 | 08
#1338-d184 @A: 30 19 17 28 | 10
#1339-d184 @A: 08 17 03 23 | 02
#1340-d184 @A: 33 17 19 13 | 01
#1341-d184 @A: 25 17 26 34 | 07
#1342-d184 @A: 29 26 22 17 | 11
#1343-d184 @A: 30 21 17 26 | 04
#1344-d184 @A: 31 17 12 15 | 12
#1345-d184 @A: 31 06 33 17 | 05
#1346-d184 @A: 35 11 27 08 | 06
#1347-d184 @A: 08 11 02 05 | 03
#1348-d184 @A: 11 31 28 09 | 09
#1349-d184 @A: 11 24 28 02 | 08
#1350-d184 @A: 07 29 11 10 | 10
#1351-d184 @A: 32 04 11 24 | 02
#1352-d184 @A: 11 29 22 30 | 01
#1353-d184 @A: 29 21 11 31 | 07
#1354-d184 @A: 23 30 11 07 | 11
#1355-d184 @A: 21 23 11 04 | 04
#1356-d184 @A: 21 34 11 06 | 12
#1357-d184 @A: 06 33 11 24 | 05
#1358-d184 @A: 26 05 27 06 | 06
#1359-d184 @A: 09 31 27 26 | 03
#1360-d184 @A: 09 22 02 27 | 09
#1361-d184 @A: 27 34 28 19 | 08
#1362-d184 @A: 32 02 16 27 | 10
#1363-d184 @A: 27 32 35 15 | 02
#1364-d184 @A: 27 32 24 34 | 01
#1365-d184 @A: 04 27 22 16 | 07
#1366-d184 @A: 29 23 27 16 | 11
#1367-d184 @A: 27 07 08 34 | 04
#1368-d184 @A: 06 19 09 05 | 12
#1369-d184 @A: 05 35 09 16 | 05
#1370-d184 @A: 25 33 28 05 | 06
#1371-d184 @A: 16 05 02 28 | 03
#1372-d184 @A: 19 05 10 21 | 09
#1373-d184 @A: 34 03 26 05 | 08
#1374-d184 @A: 02 03 05 35 | 10
#1375-d184 @A: 35 12 26 05 | 02
#1376-d184 @A: 05 04 33 22 | 01
#1377-d184 @A: 22 21 08 05 | 07
#1378-d184 @A: 21 30 31 05 | 11
#1379-d184 @A: 19 09 10 32 | 04
#1380-d184 @A: 14 34 26 09 | 12
#1381-d184 @A: 02 09 14 07 | 05
#1382-d184 @A: 21 09 13 32 | 06
#1383-d184 @A: 26 09 04 02 | 03
#1384-d184 @A: 35 22 09 26 | 09
#1385-d184 @A: 08 34 09 04 | 08
#1386-d184 @A: 28 12 34 03 | 10
#1387-d184 @A: 28 34 06 15 | 02
#1388-d184 @A: 28 31 30 16 | 01
#1389-d184 @A: 07 28 34 31 | 07
#1390-d184 @A: 28 31 33 29 | 11
#1391-d184 @A: 23 07 06 28 | 04
#1392-d184 @A: 30 35 10 03 | 12
#1393-d184 @A: 13 25 12 10 | 05
#1394-d184 @A: 10 15 22 16 | 06
#1395-d184 @A: 10 04 22 12 | 03
#1396-d184 @A: 34 04 10 07 | 09
#1397-d184 @A: 03 19 24 32 | 08
#1398-d184 @A: 34 03 32 25 | 10
#1399-d184 @A: 31 03 26 19 | 02
#1400-d184 @A: 03 13 25 15 | 01
#1401-d184 @A: 33 15 31 03 | 07
#1402-d184 @A: 13 07 03 04 | 11
#1403-d184 @A: 03 08 30 07 | 04
#1404-d184 @A: 30 23 03 06 | 12
#1405-d184 @A: 23 32 14 25 | 05
#1406-d184 @A: 14 16 12 02 | 06
#1407-d184 @A: 14 04 15 22 | 03
#1408-d184 @A: 14 31 30 07 | 09
#1409-d184 @A: 26 32 13 35 | 08
#1410-d184 @A: 32 07 22 24 | 10
#1411-d184 @A: 21 32 16 29 | 02
#1412-d184 @A: 08 34 31 32 | 01
#1413-d184 @A: 08 06 33 32 | 07
#1414-d184 @A: 26 19 35 02 | 11
#1415-d184 @A: 16 19 08 35 | 04
#1416-d184 @A: 19 34 16 30 | 12
#1417-d184 @A: 23 33 08 19 | 05
#1418-d184 @A: 19 08 06 34 | 06
#1419-d184 @A: 02 24 13 26 | 03
#1420-d184 @A: 22 33 26 13 | 09
#1421-d184 @A: 06 02 08 07 | 08
#1422-d184 @A: 31 35 30 33 | 10
#1423-d184 @A: 12 34 22 31 | 02
#1424-d184 @A: 15 21 04 12 | 01
#1425-d184 @A: 20 04 17 18 | 07
#1426-d184 @A: 26 13 17 18 | 11
#1427-d184 @A: 18 09 24 11 | 04
#1428-d184 @A: 28 22 30 18 | 12
#1429-d184 @A: 08 10 02 18 | 05
#1430-d184 @A: 35 18 04 10 | 06
#1431-d184 @A: 31 18 02 03 | 03
#1432-d184 @A: 12 35 18 03 | 09
#1433-d184 @A: 34 19 18 02 | 08
#1434-d184 @A: 18 35 25 16 | 10
#1435-d184 @A: 33 18 34 07 | 02
#1436-d184 @A: 04 08 18 21 | 01
#1437-d184 @A: 22 20 09 11 | 07
#1438-d184 @A: 27 20 13 07 | 11
#1439-d184 @A: 35 23 20 09 | 04
#1440-d184 @A: 28 34 20 02 | 12
#1441-d184 @A: 33 20 28 08 | 05
#1442-d184 @A: 01 19 17 11 | 06
#1443-d184 @A: 01 17 08 05 | 03
#1444-d184 @A: 03 01 24 17 | 09
#1445-d184 @A: 01 02 11 29 | 08
#1446-d184 @A: 01 24 15 10 | 10
#1447-d184 @A: 08 01 14 12 | 02
#1448-d184 @A: 08 01 02 16 | 01
#1449-d184 @A: 04 16 01 23 | 07
#1450-d184 @A: 16 24 01 13 | 11
#1451-d184 @A: 01 08 13 06 | 04
#1452-d184 @A: 17 32 07 11 | 12
#1453-d184 @A: 24 27 10 17 | 05
#1454-d184 @A: 27 17 34 35 | 06
#1455-d184 @A: 17 05 33 03 | 03
#1456-d184 @A: 17 14 24 05 | 09
#1457-d184 @A: 22 14 25 17 | 08
#1458-d184 @A: 32 17 19 26 | 10
#1459-d184 @A: 32 24 17 25 | 02
#1460-d184 @A: 19 15 29 17 | 01
#1461-d184 @A: 06 17 15 08 | 07
#1462-d184 @A: 08 17 07 33 | 11
#1463-d184 @A: 12 08 13 17 | 04
#1464-d184 @A: 29 33 30 17 | 12
#1465-d184 @A: 15 02 27 11 | 05
#1466-d184 @A: 29 11 25 05 | 06
#1467-d184 @A: 09 08 33 11 | 03
#1468-d184 @A: 10 08 19 11 | 09
#1469-d184 @A: 11 32 23 35 | 08
#1470-d184 @A: 11 26 25 21 | 10
#1471-d184 @A: 11 06 22 31 | 02
#1472-d184 @A: 15 24 11 23 | 01
#1473-d184 @A: 13 12 15 11 | 07
#1474-d184 @A: 11 06 04 07 | 11
#1475-d184 @A: 29 24 08 11 | 04
#1476-d184 @A: 27 09 10 34 | 12
#1477-d184 @A: 04 27 28 26 | 05
#1478-d184 @A: 06 27 33 22 | 06
#1479-d184 @A: 15 27 07 30 | 03
#1480-d184 @A: 34 27 23 06 | 09
#1481-d184 @A: 34 13 29 27 | 08
#1482-d184 @A: 31 05 33 09 | 10
#1483-d184 @A: 23 26 14 05 | 02
#1484-d184 @A: 05 19 32 22 | 01
#1485-d184 @A: 32 05 25 21 | 07
#1486-d184 @A: 02 25 05 23 | 11
#1487-d184 @A: 30 05 08 25 | 04
#1488-d184 @A: 04 15 02 05 | 12
#1489-d184 @A: 29 24 22 05 | 05
#1490-d184 @A: 15 07 31 05 | 06
#1491-d184 @A: 05 23 24 13 | 03
#1492-d184 @A: 33 30 05 23 | 09
#1493-d184 @A: 05 04 34 30 | 08
#1494-d184 @A: 19 09 28 22 | 10
#1495-d184 @A: 26 13 10 09 | 02
#1496-d184 @A: 03 09 25 22 | 01
#1497-d184 @A: 09 07 26 23 | 07
#1498-d184 @A: 35 34 25 09 | 11
#1499-d184 @A: 15 25 12 09 | 04
#1500-d184 @A: 09 22 31 29 | 12
#1501-d184 @A: 15 09 24 16 | 05
#1502-d184 @A: 21 23 09 06 | 06
#1503-d184 @A: 33 09 23 12 | 03
#1504-d184 @A: 26 10 28 16 | 09
#1505-d184 @A: 03 28 34 14 | 08
#1506-d184 @A: 28 25 14 12 | 10
#1507-d184 @A: 31 04 28 14 | 02
#1508-d184 @A: 28 25 04 13 | 01
#1509-d184 @A: 22 29 28 07 | 07
#1510-d184 @A: 08 28 15 13 | 11
#1511-d184 @A: 28 04 29 16 | 04
#1512-d184 @A: 16 06 28 21 | 12
#1513-d184 @A: 16 28 08 34 | 05
#1514-d184 @A: 28 13 34 33 | 06
#1515-d184 @A: 24 28 34 29 | 03
#1516-d184 @A: 33 10 14 03 | 09
#1517-d184 @A: 10 15 03 08 | 08
#1518-d184 @A: 10 19 15 33 | 10
#1519-d184 @A: 13 10 29 35 | 02
#1520-d184 @A: 23 07 33 10 | 01
#1521-d184 @A: 04 29 06 10 | 07
#1522-d184 @A: 03 14 32 15 | 11
#1523-d184 @A: 06 14 25 03 | 04
#1524-d184 @A: 02 03 34 06 | 12
#1525-d184 @A: 04 30 22 03 | 05
#1526-d184 @A: 04 16 31 03 | 06
#1527-d184 @A: 12 03 07 23 | 03
#1528-d184 @A: 07 03 06 29 | 09
#1529-d184 @A: 14 19 23 02 | 08
#1530-d184 @A: 34 06 35 14 | 10
#1531-d184 @A: 24 30 14 29 | 02
#1532-d184 @A: 21 30 14 33 | 01
#1533-d184 @A: 14 21 12 33 | 07
#1534-d184 @A: 32 25 16 19 | 11
#1535-d184 @A: 12 33 24 32 | 04
#1536-d184 @A: 08 22 26 23 | 12
#1537-d184 @A: 15 29 26 33 | 05
#1538-d184 @A: 34 16 26 13 | 06
#1539-d184 @A: 26 34 12 16 | 03
#1540-d184 @A: 23 26 31 30 | 09
#1541-d184 @A: 26 29 07 08 | 08
#1542-d184 @A: 23 24 21 25 | 10
#1543-d184 @A: 29 06 13 25 | 02
#1544-d184 @A: 21 13 33 25 | 01
#1545-d184 @A: 13 16 02 15 | 07
#1546-d184 @A: 04 24 29 02 | 11
#1547-d184 @A: 35 22 06 08 | 04
#1548-d184 @A: 15 35 23 13 | 12
#1549-d184 @A: 34 12 21 07 | 05
#1550-d184 @A: 20 30 10 18 | 06
#1551-d184 @A: 20 35 18 29 | 03
#1552-d184 @A: 18 15 12 20 | 09
#1553-d184 @A: 31 23 18 20 | 08
#1554-d184 @A: 19 29 01 18 | 10
#1555-d184 @A: 32 18 17 08 | 02
#1556-d184 @A: 15 03 11 18 | 01
#1557-d184 @A: 11 18 12 32 | 07
#1558-d184 @A: 18 27 02 30 | 11
#1559-d184 @A: 25 30 18 09 | 04
#1560-d184 @A: 18 28 26 31 | 12
#1561-d184 @A: 07 28 13 18 | 05
#1562-d184 @A: 26 10 18 03 | 06
#1563-d184 @A: 33 25 18 03 | 03
#1564-d184 @A: 14 18 04 07 | 09
#1565-d184 @A: 08 15 07 18 | 08
#1566-d184 @A: 33 16 18 08 | 10
#1567-d184 @A: 01 31 20 09 | 02
#1568-d184 @A: 20 11 27 34 | 01
#1569-d184 @A: 06 11 25 20 | 07
#1570-d184 @A: 02 11 20 13 | 11
#1571-d184 @A: 20 04 27 05 | 04
#1572-d184 @A: 20 10 27 26 | 12
#1573-d184 @A: 26 20 09 15 | 05
#1574-d184 @A: 10 14 20 16 | 06
#1575-d184 @A: 20 10 08 12 | 03
#1576-d184 @A: 20 14 21 24 | 09
#1577-d184 @A: 32 20 19 15 | 08
#1578-d184 @A: 19 13 20 06 | 10
#1579-d184 @A: 07 20 25 02 | 02
#1580-d184 @A: 08 23 20 16 | 01
#1581-d184 @A: 13 20 16 33 | 07
#1582-d184 @A: 33 20 34 23 | 11
#1583-d184 @A: 21 34 13 20 | 04
#1584-d184 @A: 08 34 20 24 | 12
#1585-d184 @A: 17 34 01 28 | 05
#1586-d184 @A: 01 31 16 17 | 06
#1587-d184 @A: 27 11 21 01 | 03
#1588-d184 @A: 05 01 06 11 | 09
#1589-d184 @A: 23 05 03 01 | 08
#1590-d184 @A: 19 26 09 01 | 10
#1591-d184 @A: 23 01 09 02 | 02
#1592-d184 @A: 01 06 09 15 | 01
#1593-d184 @A: 31 32 28 01 | 07
#1594-d184 @A: 26 03 29 01 | 11
#1595-d184 @A: 03 01 30 02 | 04
#1596-d184 @A: 24 32 01 26 | 12
#1597-d184 @A: 01 06 22 32 | 05
#1598-d184 @A: 07 32 12 01 | 06
#1599-d184 @A: 01 30 33 32 | 03
#1600-d184 @A: 01 35 16 29 | 09
#1601-d184 @A: 13 15 01 33 | 08
#1602-d184 @A: 01 12 34 23 | 10
#1603-d184 @A: 04 01 24 34 | 02
#1604-d184 @A: 09 17 27 21 | 01
#1605-d184 @A: 05 17 12 25 | 07
#1606-d184 @A: 05 21 17 35 | 11
#1607-d184 @A: 28 22 17 10 | 04
#1608-d184 @A: 23 02 17 26 | 12
#1609-d184 @A: 21 17 04 24 | 05
#1610-d184 @A: 30 11 27 09 | 06
#1611-d184 @A: 05 10 15 11 | 03
#1612-d184 @A: 11 31 32 05 | 09
#1613-d184 @A: 33 30 10 11 | 08
#1614-d184 @A: 11 08 32 03 | 10
#1615-d184 @A: 11 04 16 33 | 02
#1616-d184 @A: 29 11 23 33 | 01
#1617-d184 @A: 03 27 25 28 | 07
#1618-d184 @A: 02 10 06 27 | 11
#1619-d184 @A: 21 27 35 10 | 04
#1620-d184 @A: 12 03 27 31 | 12
#1621-d184 @A: 06 27 32 31 | 05
#1622-d184 @A: 27 22 30 12 | 06
#1623-d184 @A: 21 22 27 29 | 03
#1624-d184 @A: 27 29 07 33 | 09
#1625-d184 @A: 27 29 04 08 | 08
#1626-d184 @A: 05 28 10 34 | 10
#1627-d184 @A: 07 26 10 05 | 02
#1628-d184 @A: 12 03 07 05 | 01
#1629-d184 @A: 02 06 05 14 | 07
#1630-d184 @A: 05 35 06 25 | 11
#1631-d184 @A: 07 34 05 25 | 04
#1632-d184 @A: 33 08 05 15 | 12
#1633-d184 @A: 12 31 05 23 | 05
#1634-d184 @A: 30 09 10 28 | 06
#1635-d184 @A: 12 22 28 09 | 03
#1636-d184 @A: 02 09 15 10 | 09
#1637-d184 @A: 03 09 35 15 | 08
#1638-d184 @A: 25 29 26 09 | 10
#1639-d184 @A: 29 09 02 13 | 02
#1640-d184 @A: 09 06 34 31 | 01
#1641-d184 @A: 24 04 09 23 | 07
#1642-d184 @A: 10 25 28 06 | 11
#1643-d184 @A: 28 15 10 35 | 04
#1644-d184 @A: 12 32 28 23 | 12
#1645-d184 @A: 29 28 02 19 | 05
#1646-d184 @A: 22 25 02 28 | 06
#1647-d184 @A: 34 23 22 28 | 03
#1648-d184 @A: 10 21 32 26 | 09
#1649-d184 @A: 25 10 21 04 | 08
#1650-d184 @A: 04 15 10 13 | 10
#1651-d184 @A: 23 10 16 12 | 02
#1652-d184 @A: 30 12 07 10 | 01
#1653-d184 @A: 13 21 24 10 | 07
#1654-d184 @A: 29 14 22 03 | 11
#1655-d184 @A: 12 24 14 03 | 04
#1656-d184 @A: 26 02 03 21 | 12
#1657-d184 @A: 06 33 03 35 | 05
#1658-d184 @A: 24 03 15 21 | 06
#1659-d184 @A: 21 07 03 34 | 03
#1660-d184 @A: 03 21 04 29 | 09
#1661-d184 @A: 26 14 07 32 | 08
#1662-d184 @A: 29 14 19 35 | 10
#1663-d184 @A: 31 14 22 19 | 02
#1664-d184 @A: 26 16 35 14 | 01
#1665-d184 @A: 13 14 15 21 | 07
#1666-d184 @A: 24 04 16 14 | 11
#1667-d184 @A: 30 14 08 16 | 04
#1668-d184 @A: 21 07 14 06 | 12
#1669-d184 @A: 14 12 23 30 | 05
#1670-d184 @A: 19 06 12 32 | 06
#1671-d184 @A: 25 30 02 32 | 03
#1672-d184 @A: 15 32 08 29 | 09
#1673-d184 @A: 31 16 13 32 | 08
#1674-d184 @A: 32 04 23 07 | 10
#1675-d184 @A: 15 26 19 06 | 02
#1676-d184 @A: 19 15 04 08 | 01
#1677-d184 @A: 19 12 24 30 | 07
#1678-d184 @A: 29 21 19 34 | 11
#1679-d184 @A: 04 25 12 16 | 04
#1680-d184 @A: 04 25 30 23 | 12
#1681-d184 @A: 06 25 12 29 | 05
#1682-d184 @A: 23 02 35 33 | 06
#1683-d184 @A: 35 24 08 02 | 03
#1684-d184 @A: 06 02 22 13 | 09
#1685-d184 @A: 02 15 23 07 | 08
#1686-d184 @A: 15 29 21 02 | 10
#1687-d184 @A: 29 22 04 35 | 02
#1688-d184 @A: 35 30 21 16 | 01
#1689-d184 @A: 31 06 35 29 | 07
