#0001-d111 @A: 29 25 35 11 | 11
#0002-d111 @A: 25 29 24 15 | 05
#0003-d111 @A: 25 02 27 29 | 02
#0004-d111 @A: 17 33 23 29 | 07
#0005-d111 @A: 30 33 29 24 | 03
#0006-d111 @A: 29 20 17 28 | 08
#0007-d111 @A: 31 29 19 30 | 12
#0008-d111 @A: 29 26 22 11 | 04
#0009-d111 @A: 02 23 15 29 | 01
#0010-d111 @A: 32 24 29 26 | 10
#0011-d111 @A: 32 29 27 30 | 06
#0012-d111 @A: 07 29 32 09 | 09
#0013-d111 @A: 11 19 29 13 | 11
#0014-d111 @A: 10 28 29 05 | 05
#0015-d111 @A: 29 24 05 03 | 02
#0016-d111 @A: 26 29 15 13 | 07
#0017-d111 @A: 29 26 07 14 | 03
#0018-d111 @A: 29 35 17 26 | 08
#0019-d111 @A: 29 01 07 17 | 12
#0020-d111 @A: 15 18 12 25 | 04
#0021-d111 @A: 32 25 07 18 | 01
#0022-d111 @A: 03 25 18 27 | 10
#0023-d111 @A: 12 09 04 25 | 06
#0024-d111 @A: 12 25 13 32 | 09
#0025-d111 @A: 33 25 15 02 | 11
#0026-d111 @A: 25 22 32 20 | 05
#0027-d111 @A: 05 04 20 25 | 02
#0028-d111 @A: 06 11 25 04 | 07
#0029-d111 @A: 25 14 10 04 | 03
#0030-d111 @A: 11 05 32 25 | 08
#0031-d111 @A: 21 32 25 14 | 12
#0032-d111 @A: 35 25 15 32 | 04
#0033-d111 @A: 21 25 11 10 | 01
#0034-d111 @A: 03 16 24 25 | 10
#0035-d111 @A: 07 25 19 24 | 06
#0036-d111 @A: 35 19 25 27 | 09
#0037-d111 @A: 25 26 05 24 | 11
#0038-d111 @A: 02 18 33 08 | 05
#0039-d111 @A: 06 22 08 18 | 02
#0040-d111 @A: 08 24 18 27 | 07
#0041-d111 @A: 08 31 33 10 | 03
#0042-d111 @A: 28 08 26 33 | 08
#0043-d111 @A: 28 11 08 14 | 12
#0044-d111 @A: 27 08 11 09 | 04
#0045-d111 @A: 30 08 28 07 | 01
#0046-d111 @A: 27 01 08 02 | 10
#0047-d111 @A: 26 13 08 30 | 06
#0048-d111 @A: 26 08 21 03 | 09
#0049-d111 @A: 21 01 15 08 | 11
#0050-d111 @A: 09 13 10 08 | 05
#0051-d111 @A: 02 07 08 21 | 02
#0052-d111 @A: 08 14 21 34 | 07
#0053-d111 @A: 34 35 08 30 | 03
#0054-d111 @A: 08 02 34 06 | 08
#0055-d111 @A: 02 22 12 18 | 12
#0056-d111 @A: 12 24 30 18 | 04
#0057-d111 @A: 18 13 33 20 | 01
#0058-d111 @A: 33 18 31 35 | 10
#0059-d111 @A: 18 22 31 20 | 06
#0060-d111 @A: 10 31 23 18 | 09
#0061-d111 @A: 06 31 24 18 | 11
#0062-d111 @A: 27 18 31 34 | 05
#0063-d111 @A: 05 18 22 04 | 02
#0064-d111 @A: 18 11 23 22 | 07
#0065-d111 @A: 27 18 14 32 | 03
#0066-d111 @A: 11 26 18 17 | 08
#0067-d111 @A: 28 02 26 18 | 12
#0068-d111 @A: 18 05 01 06 | 04
#0069-d111 @A: 07 03 14 18 | 01
#0070-d111 @A: 05 19 33 12 | 10
#0071-d111 @A: 07 12 20 32 | 06
#0072-d111 @A: 22 14 16 12 | 09
#0073-d111 @A: 27 04 24 12 | 11
#0074-d111 @A: 04 12 02 07 | 05
#0075-d111 @A: 12 32 11 21 | 02
#0076-d111 @A: 30 28 09 12 | 07
#0077-d111 @A: 16 03 27 12 | 03
#0078-d111 @A: 34 12 02 26 | 08
#0079-d111 @A: 17 35 09 12 | 12
#0080-d111 @A: 22 20 33 10 | 04
#0081-d111 @A: 01 33 31 22 | 01
#0082-d111 @A: 33 34 24 04 | 10
#0083-d111 @A: 05 02 35 33 | 06
#0084-d111 @A: 21 33 02 06 | 09
#0085-d111 @A: 35 30 33 14 | 11
#0086-d111 @A: 15 31 20 04 | 05
#0087-d111 @A: 05 20 22 16 | 02
#0088-d111 @A: 22 14 07 20 | 07
#0089-d111 @A: 01 20 15 23 | 03
#0090-d111 @A: 23 13 14 20 | 08
#0091-d111 @A: 27 26 20 32 | 12
#0092-d111 @A: 05 20 06 26 | 04
#0093-d111 @A: 20 02 21 26 | 01
#0094-d111 @A: 05 22 31 28 | 10
#0095-d111 @A: 04 03 27 31 | 06
#0096-d111 @A: 31 23 32 13 | 09
#0097-d111 @A: 01 31 32 28 | 11
#0098-d111 @A: 32 27 31 09 | 05
#0099-d111 @A: 26 19 31 10 | 02
#0100-d111 @A: 31 05 13 02 | 07
#0101-d111 @A: 31 30 15 34 | 03
#0102-d111 @A: 23 22 02 14 | 08
#0103-d111 @A: 22 16 02 32 | 12
#0104-d111 @A: 19 14 22 28 | 04
#0105-d111 @A: 22 27 02 10 | 01
#0106-d111 @A: 06 22 35 09 | 10
#0107-d111 @A: 17 04 19 23 | 06
#0108-d111 @A: 26 19 32 04 | 09
#0109-d111 @A: 27 04 07 11 | 11
#0110-d111 @A: 28 04 30 34 | 05
#0111-d111 @A: 04 03 09 16 | 02
#0112-d111 @A: 02 04 01 24 | 07
#0113-d111 @A: 01 05 26 04 | 03
#0114-d111 @A: 04 09 26 21 | 08
#0115-d111 @A: 21 04 13 30 | 12
#0116-d111 @A: 23 27 03 34 | 04
#0117-d111 @A: 30 23 01 03 | 01
#0118-d111 @A: 23 21 15 30 | 10
#0119-d111 @A: 32 09 11 02 | 06
#0120-d111 @A: 32 06 28 10 | 09
#0121-d111 @A: 19 32 21 01 | 11
#0122-d111 @A: 13 07 30 32 | 05
#0123-d111 @A: 35 30 32 03 | 02
#0124-d111 @A: 16 10 28 09 | 07
#0125-d111 @A: 01 28 26 17 | 03
#0126-d111 @A: 17 28 06 07 | 08
#0127-d111 @A: 30 14 16 03 | 12
#0128-d111 @A: 07 02 19 17 | 04
#0129-d111 @A: 07 15 34 19 | 01
#0130-d111 @A: 19 03 06 30 | 10
#0131-d111 @A: 17 27 03 24 | 06
#0132-d111 @A: 09 34 24 27 | 09
#0133-d111 @A: 24 26 10 05 | 11
#0134-d111 @A: 03 06 02 24 | 05
#0135-d111 @A: 13 21 27 05 | 02
#0136-d111 @A: 17 26 27 21 | 07
#0137-d111 @A: 35 13 27 09 | 03
#0138-d111 @A: 35 34 10 13 | 08
#0139-d111 @A: 29 25 12 14 | 12
#0140-d111 @A: 28 08 29 02 | 04
#0141-d111 @A: 29 12 18 34 | 01
#0142-d111 @A: 28 29 33 14 | 10
#0143-d111 @A: 20 32 06 29 | 06
#0144-d111 @A: 20 29 32 10 | 09
#0145-d111 @A: 13 27 31 29 | 11
#0146-d111 @A: 30 23 28 29 | 05
#0147-d111 @A: 32 11 34 29 | 02
#0148-d111 @A: 28 29 32 35 | 07
#0149-d111 @A: 29 17 32 15 | 03
#0150-d111 @A: 11 27 29 15 | 08
#0151-d111 @A: 29 06 24 28 | 12
#0152-d111 @A: 24 16 10 29 | 04
#0153-d111 @A: 21 29 24 19 | 01
#0154-d111 @A: 15 21 03 29 | 10
#0155-d111 @A: 25 18 26 04 | 06
#0156-d111 @A: 25 33 34 23 | 09
#0157-d111 @A: 33 25 32 17 | 11
#0158-d111 @A: 07 21 33 25 | 05
#0159-d111 @A: 20 25 28 14 | 02
#0160-d111 @A: 27 21 25 20 | 07
#0161-d111 @A: 04 17 24 25 | 03
#0162-d111 @A: 25 23 35 17 | 08
#0163-d111 @A: 25 28 21 34 | 12
#0164-d111 @A: 16 10 15 25 | 04
#0165-d111 @A: 27 25 35 10 | 01
#0166-d111 @A: 26 02 25 07 | 10
#0167-d111 @A: 14 13 34 25 | 06
#0168-d111 @A: 17 15 25 07 | 09
#0169-d111 @A: 17 06 03 25 | 11
#0170-d111 @A: 25 06 34 30 | 05
#0171-d111 @A: 12 08 18 28 | 02
#0172-d111 @A: 16 04 18 08 | 07
#0173-d111 @A: 08 32 18 30 | 03
#0174-d111 @A: 18 08 13 01 | 08
#0175-d111 @A: 33 08 31 14 | 12
#0176-d111 @A: 21 33 08 22 | 04
#0177-d111 @A: 11 33 08 32 | 01
#0178-d111 @A: 08 03 20 15 | 10
#0179-d111 @A: 31 08 22 15 | 06
#0180-d111 @A: 22 05 23 08 | 09
#0181-d111 @A: 08 05 24 04 | 11
#0182-d111 @A: 04 26 08 15 | 05
#0183-d111 @A: 23 09 32 08 | 02
#0184-d111 @A: 32 27 08 17 | 07
#0185-d111 @A: 08 32 05 35 | 03
#0186-d111 @A: 07 08 10 11 | 08
#0187-d111 @A: 17 01 09 08 | 12
#0188-d111 @A: 09 30 02 08 | 04
#0189-d111 @A: 27 06 33 18 | 01
#0190-d111 @A: 20 19 26 18 | 10
#0191-d111 @A: 18 24 05 20 | 06
#0192-d111 @A: 31 15 18 16 | 09
#0193-d111 @A: 32 10 13 18 | 11
#0194-d111 @A: 10 02 28 18 | 05
#0195-d111 @A: 16 35 18 30 | 02
#0196-d111 @A: 13 18 05 30 | 07
#0197-d111 @A: 21 13 02 18 | 03
#0198-d111 @A: 13 18 34 03 | 08
#0199-d111 @A: 18 17 21 07 | 12
#0200-d111 @A: 23 33 13 12 | 04
#0201-d111 @A: 28 20 12 22 | 01
#0202-d111 @A: 20 06 12 15 | 10
#0203-d111 @A: 12 31 26 32 | 06
#0204-d111 @A: 11 16 31 12 | 09
#0205-d111 @A: 31 12 14 03 | 11
#0206-d111 @A: 22 11 12 30 | 05
#0207-d111 @A: 04 12 14 28 | 02
#0208-d111 @A: 12 15 23 19 | 07
#0209-d111 @A: 26 12 16 30 | 03
#0210-d111 @A: 06 12 16 17 | 08
#0211-d111 @A: 30 12 19 01 | 12
#0212-d111 @A: 26 03 12 35 | 04
#0213-d111 @A: 02 12 35 13 | 01
#0214-d111 @A: 22 33 20 17 | 10
#0215-d111 @A: 05 21 20 33 | 06
#0216-d111 @A: 33 03 04 11 | 09
#0217-d111 @A: 28 11 33 07 | 11
#0218-d111 @A: 16 33 17 11 | 05
#0219-d111 @A: 15 33 06 11 | 02
#0220-d111 @A: 16 27 02 33 | 07
#0221-d111 @A: 10 17 33 27 | 03
#0222-d111 @A: 13 26 21 33 | 08
#0223-d111 @A: 03 01 33 10 | 12
#0224-d111 @A: 07 17 13 33 | 04
#0225-d111 @A: 09 33 13 06 | 01
#0226-d111 @A: 33 35 07 09 | 10
#0227-d111 @A: 35 21 17 33 | 06
#0228-d111 @A: 23 26 28 20 | 09
#0229-d111 @A: 30 05 34 20 | 11
#0230-d111 @A: 17 20 26 34 | 05
#0231-d111 @A: 20 03 14 26 | 02
#0232-d111 @A: 20 01 14 09 | 07
#0233-d111 @A: 09 15 20 13 | 03
#0234-d111 @A: 21 15 20 10 | 08
#0235-d111 @A: 22 35 19 31 | 12
#0236-d111 @A: 22 26 31 07 | 04
#0237-d111 @A: 04 31 16 21 | 01
#0238-d111 @A: 31 07 24 32 | 10
#0239-d111 @A: 31 01 17 30 | 06
#0240-d111 @A: 31 30 07 03 | 09
#0241-d111 @A: 35 14 31 07 | 11
#0242-d111 @A: 34 31 35 17 | 05
#0243-d111 @A: 35 31 15 02 | 02
#0244-d111 @A: 04 34 10 22 | 07
#0245-d111 @A: 23 22 06 32 | 03
#0246-d111 @A: 35 23 22 13 | 08
#0247-d111 @A: 06 23 10 22 | 12
#0248-d111 @A: 19 10 32 22 | 04
#0249-d111 @A: 32 14 22 24 | 01
#0250-d111 @A: 22 16 24 26 | 10
#0251-d111 @A: 22 05 35 21 | 06
#0252-d111 @A: 13 04 11 26 | 09
#0253-d111 @A: 04 05 02 03 | 11
#0254-d111 @A: 01 04 21 07 | 05
#0255-d111 @A: 17 07 04 03 | 02
#0256-d111 @A: 02 04 30 17 | 07
#0257-d111 @A: 32 01 24 23 | 03
#0258-d111 @A: 27 23 35 32 | 08
#0259-d111 @A: 27 16 17 23 | 12
#0260-d111 @A: 19 23 30 35 | 04
#0261-d111 @A: 17 03 05 23 | 01
#0262-d111 @A: 11 28 32 06 | 10
#0263-d111 @A: 30 32 05 17 | 06
#0264-d111 @A: 01 34 32 02 | 09
#0265-d111 @A: 17 14 32 34 | 11
#0266-d111 @A: 06 15 32 21 | 05
#0267-d111 @A: 14 32 02 03 | 02
#0268-d111 @A: 27 35 14 11 | 07
#0269-d111 @A: 11 05 13 03 | 03
#0270-d111 @A: 26 01 09 11 | 08
#0271-d111 @A: 01 30 11 10 | 12
#0272-d111 @A: 06 34 11 07 | 04
#0273-d111 @A: 27 01 28 14 | 01
#0274-d111 @A: 21 26 28 30 | 10
#0275-d111 @A: 26 15 28 06 | 06
#0276-d111 @A: 15 07 02 28 | 09
#0277-d111 @A: 34 28 15 09 | 11
#0278-d111 @A: 19 27 09 16 | 05
#0279-d111 @A: 14 09 16 34 | 02
#0280-d111 @A: 34 06 09 19 | 07
#0281-d111 @A: 15 24 03 26 | 03
#0282-d111 @A: 14 13 24 03 | 08
#0283-d111 @A: 07 30 24 15 | 12
#0284-d111 @A: 30 09 24 10 | 04
#0285-d111 @A: 27 17 05 01 | 01
#0286-d111 @A: 27 03 26 01 | 10
#0287-d111 @A: 01 27 06 15 | 06
#0288-d111 @A: 05 10 07 15 | 09
#0289-d111 @A: 10 07 35 06 | 11
#0290-d111 @A: 13 33 08 29 | 05
#0291-d111 @A: 02 32 29 12 | 02
#0292-d111 @A: 33 05 29 32 | 07
#0293-d111 @A: 03 29 20 11 | 03
#0294-d111 @A: 27 29 14 20 | 08
#0295-d111 @A: 13 29 20 02 | 12
#0296-d111 @A: 24 31 34 29 | 04
#0297-d111 @A: 29 22 17 04 | 01
#0298-d111 @A: 29 10 27 23 | 10
#0299-d111 @A: 11 09 28 29 | 06
#0300-d111 @A: 17 11 29 24 | 09
#0301-d111 @A: 28 29 34 19 | 11
#0302-d111 @A: 19 06 29 10 | 05
#0303-d111 @A: 21 09 13 29 | 02
#0304-d111 @A: 10 29 09 17 | 07
#0305-d111 @A: 34 09 30 29 | 03
#0306-d111 @A: 06 15 35 29 | 08
#0307-d111 @A: 12 26 08 25 | 12
#0308-d111 @A: 08 20 25 35 | 04
#0309-d111 @A: 27 15 08 25 | 01
#0310-d111 @A: 25 32 30 31 | 10
#0311-d111 @A: 25 31 17 27 | 06
#0312-d111 @A: 25 16 30 01 | 09
#0313-d111 @A: 25 19 01 15 | 11
#0314-d111 @A: 07 25 01 06 | 05
#0315-d111 @A: 25 13 06 02 | 02
#0316-d111 @A: 25 07 34 10 | 07
#0317-d111 @A: 25 30 09 14 | 03
#0318-d111 @A: 34 17 18 08 | 08
#0319-d111 @A: 10 01 12 08 | 12
#0320-d111 @A: 04 33 17 08 | 04
#0321-d111 @A: 35 23 08 31 | 01
#0322-d111 @A: 35 08 04 06 | 10
#0323-d111 @A: 10 08 23 05 | 06
#0324-d111 @A: 16 08 32 26 | 09
#0325-d111 @A: 24 28 08 03 | 11
#0326-d111 @A: 35 19 24 08 | 05
#0327-d111 @A: 10 08 30 34 | 02
#0328-d111 @A: 28 04 13 18 | 07
#0329-d111 @A: 32 18 19 05 | 03
#0330-d111 @A: 05 10 18 11 | 08
#0331-d111 @A: 28 18 24 01 | 12
#0332-d111 @A: 17 18 24 16 | 04
#0333-d111 @A: 15 24 13 18 | 01
#0334-d111 @A: 18 05 34 07 | 10
#0335-d111 @A: 01 18 09 34 | 06
#0336-d111 @A: 21 10 18 14 | 09
#0337-d111 @A: 33 12 04 01 | 11
#0338-d111 @A: 14 12 32 09 | 05
#0339-d111 @A: 07 16 28 12 | 02
#0340-d111 @A: 13 09 12 26 | 07
#0341-d111 @A: 12 26 07 06 | 03
#0342-d111 @A: 14 20 04 33 | 08
#0343-d111 @A: 22 28 06 33 | 12
#0344-d111 @A: 33 30 19 04 | 04
#0345-d111 @A: 03 23 33 24 | 01
#0346-d111 @A: 32 33 01 35 | 10
#0347-d111 @A: 06 33 16 24 | 06
#0348-d111 @A: 01 07 33 19 | 09
#0349-d111 @A: 33 13 19 02 | 11
#0350-d111 @A: 05 09 01 33 | 05
#0351-d111 @A: 20 05 07 31 | 02
#0352-d111 @A: 30 20 22 23 | 07
#0353-d111 @A: 22 34 11 20 | 03
#0354-d111 @A: 23 04 20 21 | 08
#0355-d111 @A: 20 11 10 04 | 12
#0356-d111 @A: 30 28 32 20 | 04
#0357-d111 @A: 20 05 11 28 | 01
#0358-d111 @A: 16 20 24 02 | 10
#0359-d111 @A: 03 16 35 20 | 06
#0360-d111 @A: 24 20 09 26 | 09
#0361-d111 @A: 26 20 01 35 | 11
#0362-d111 @A: 05 31 11 06 | 05
#0363-d111 @A: 31 35 21 11 | 02
#0364-d111 @A: 15 05 31 03 | 07
#0365-d111 @A: 01 21 14 31 | 03
#0366-d111 @A: 34 31 03 02 | 08
#0367-d111 @A: 22 04 19 34 | 12
#0368-d111 @A: 22 13 04 24 | 04
#0369-d111 @A: 21 24 23 22 | 01
#0370-d111 @A: 22 27 17 19 | 10
#0371-d111 @A: 09 05 34 22 | 06
#0372-d111 @A: 22 34 01 35 | 09
#0373-d111 @A: 32 04 24 35 | 11
#0374-d111 @A: 24 11 04 21 | 05
#0375-d111 @A: 19 14 04 16 | 02
#0376-d111 @A: 19 15 27 04 | 07
#0377-d111 @A: 21 04 10 19 | 03
#0378-d111 @A: 09 10 04 05 | 08
#0379-d111 @A: 35 04 10 02 | 12
#0380-d111 @A: 03 14 04 06 | 04
#0381-d111 @A: 23 09 19 28 | 01
#0382-d111 @A: 28 23 07 24 | 10
#0383-d111 @A: 23 05 27 28 | 06
#0384-d111 @A: 13 21 06 23 | 09
#0385-d111 @A: 07 21 23 09 | 11
#0386-d111 @A: 02 35 23 09 | 05
#0387-d111 @A: 23 06 03 09 | 02
#0388-d111 @A: 28 24 32 17 | 07
#0389-d111 @A: 26 21 35 32 | 03
#0390-d111 @A: 09 32 06 17 | 08
#0391-d111 @A: 30 21 09 32 | 12
#0392-d111 @A: 01 28 19 11 | 04
#0393-d111 @A: 27 30 11 28 | 01
#0394-d111 @A: 11 28 17 13 | 10
#0395-d111 @A: 11 16 14 24 | 06
#0396-d111 @A: 03 11 01 06 | 09
#0397-d111 @A: 28 14 16 15 | 11
#0398-d111 @A: 19 26 24 28 | 05
#0399-d111 @A: 21 19 28 06 | 02
#0400-d111 @A: 13 01 28 02 | 07
#0401-d111 @A: 03 28 09 13 | 03
#0402-d111 @A: 16 26 05 13 | 08
#0403-d111 @A: 35 05 06 16 | 12
#0404-d111 @A: 10 16 05 35 | 04
#0405-d111 @A: 16 07 21 26 | 01
#0406-d111 @A: 16 13 17 30 | 10
#0407-d111 @A: 07 16 02 10 | 06
#0408-d111 @A: 19 06 02 05 | 09
#0409-d111 @A: 26 35 19 07 | 11
#0410-d111 @A: 09 19 10 01 | 05
#0411-d111 @A: 07 30 19 21 | 02
#0412-d111 @A: 02 14 24 05 | 07
#0413-d111 @A: 07 14 34 24 | 03
#0414-d111 @A: 17 24 14 06 | 08
#0415-d111 @A: 01 09 07 27 | 12
#0416-d111 @A: 03 13 27 10 | 04
#0417-d111 @A: 15 10 14 01 | 01
#0418-d111 @A: 29 13 32 18 | 10
#0419-d111 @A: 09 12 33 29 | 06
#0420-d111 @A: 29 12 01 24 | 09
#0421-d111 @A: 31 35 29 16 | 11
#0422-d111 @A: 22 10 29 21 | 05
#0423-d111 @A: 23 29 07 27 | 02
#0424-d111 @A: 34 29 16 27 | 07
#0425-d111 @A: 19 15 29 09 | 03
#0426-d111 @A: 05 35 07 29 | 08
#0427-d111 @A: 14 01 29 03 | 12
#0428-d111 @A: 02 30 07 29 | 04
#0429-d111 @A: 25 08 22 01 | 01
#0430-d111 @A: 32 08 25 02 | 10
#0431-d111 @A: 25 31 18 19 | 06
#0432-d111 @A: 25 01 18 23 | 09
#0433-d111 @A: 18 17 25 02 | 11
#0434-d111 @A: 16 12 25 02 | 05
#0435-d111 @A: 07 20 25 30 | 02
#0436-d111 @A: 20 03 02 25 | 07
#0437-d111 @A: 25 32 09 28 | 03
#0438-d111 @A: 25 11 27 34 | 08
#0439-d111 @A: 05 25 34 35 | 12
#0440-d111 @A: 26 14 25 35 | 04
#0441-d111 @A: 25 02 09 21 | 01
#0442-d111 @A: 25 03 09 15 | 10
#0443-d111 @A: 08 18 23 15 | 06
#0444-d111 @A: 22 17 08 12 | 09
#0445-d111 @A: 14 19 08 12 | 11
#0446-d111 @A: 33 08 09 19 | 05
#0447-d111 @A: 23 17 20 08 | 02
#0448-d111 @A: 01 31 11 08 | 07
#0449-d111 @A: 08 22 28 35 | 03
#0450-d111 @A: 07 22 08 24 | 08
#0451-d111 @A: 32 14 08 04 | 12
#0452-d111 @A: 05 08 34 11 | 04
#0453-d111 @A: 30 11 03 08 | 01
#0454-d111 @A: 28 19 08 13 | 10
#0455-d111 @A: 16 08 14 27 | 06
#0456-d111 @A: 07 06 16 08 | 09
#0457-d111 @A: 17 08 14 26 | 11
#0458-d111 @A: 15 08 17 02 | 05
#0459-d111 @A: 07 11 12 18 | 02
#0460-d111 @A: 02 06 20 18 | 07
#0461-d111 @A: 31 18 07 23 | 03
#0462-d111 @A: 18 24 04 07 | 08
#0463-d111 @A: 01 04 18 27 | 12
#0464-d111 @A: 09 24 32 18 | 04
#0465-d111 @A: 11 18 15 19 | 01
#0466-d111 @A: 18 15 27 28 | 10
#0467-d111 @A: 21 03 18 28 | 06
#0468-d111 @A: 13 18 07 27 | 09
#0469-d111 @A: 05 26 15 18 | 11
#0470-d111 @A: 18 35 05 03 | 05
#0471-d111 @A: 26 30 18 01 | 02
#0472-d111 @A: 12 32 33 10 | 07
#0473-d111 @A: 12 20 11 13 | 03
#0474-d111 @A: 05 20 27 12 | 08
#0475-d111 @A: 30 03 12 04 | 12
#0476-d111 @A: 12 17 28 34 | 04
#0477-d111 @A: 07 12 24 13 | 01
#0478-d111 @A: 12 05 02 30 | 10
#0479-d111 @A: 13 12 15 01 | 06
#0480-d111 @A: 13 12 30 06 | 09
#0481-d111 @A: 12 09 34 07 | 11
#0482-d111 @A: 15 20 33 27 | 05
#0483-d111 @A: 31 33 13 16 | 02
#0484-d111 @A: 26 33 10 04 | 07
#0485-d111 @A: 35 33 16 26 | 03
#0486-d111 @A: 30 05 06 33 | 08
#0487-d111 @A: 33 02 17 01 | 12
#0488-d111 @A: 26 11 20 16 | 04
#0489-d111 @A: 19 28 15 20 | 01
#0490-d111 @A: 10 20 17 13 | 10
#0491-d111 @A: 30 03 20 17 | 06
#0492-d111 @A: 17 14 02 20 | 09
#0493-d111 @A: 06 03 20 34 | 11
#0494-d111 @A: 17 23 31 22 | 05
#0495-d111 @A: 31 03 24 22 | 02
#0496-d111 @A: 10 22 05 31 | 07
#0497-d111 @A: 31 05 19 23 | 03
#0498-d111 @A: 15 31 09 17 | 08
#0499-d111 @A: 31 10 03 17 | 12
#0500-d111 @A: 34 21 09 31 | 04
#0501-d111 @A: 21 30 06 31 | 01
#0502-d111 @A: 22 24 09 11 | 10
#0503-d111 @A: 26 10 01 22 | 06
#0504-d111 @A: 30 09 26 22 | 09
#0505-d111 @A: 22 17 15 13 | 11
#0506-d111 @A: 17 09 22 03 | 05
#0507-d111 @A: 11 15 17 04 | 02
#0508-d111 @A: 16 04 34 05 | 07
#0509-d111 @A: 13 01 04 14 | 03
#0510-d111 @A: 34 09 02 04 | 08
#0511-d111 @A: 15 35 21 04 | 12
#0512-d111 @A: 15 06 04 30 | 04
#0513-d111 @A: 32 23 14 28 | 01
#0514-d111 @A: 23 15 32 16 | 10
#0515-d111 @A: 23 05 02 32 | 06
#0516-d111 @A: 16 23 19 07 | 09
#0517-d111 @A: 13 05 07 23 | 11
#0518-d111 @A: 32 17 19 11 | 05
#0519-d111 @A: 32 27 16 01 | 02
#0520-d111 @A: 24 32 01 10 | 07
#0521-d111 @A: 17 13 35 32 | 03
#0522-d111 @A: 11 02 27 19 | 08
#0523-d111 @A: 14 09 05 11 | 12
#0524-d111 @A: 05 21 11 30 | 04
#0525-d111 @A: 06 10 11 14 | 01
#0526-d111 @A: 03 11 15 10 | 10
#0527-d111 @A: 27 19 28 07 | 06
#0528-d111 @A: 26 28 14 09 | 09
#0529-d111 @A: 07 10 28 01 | 11
#0530-d111 @A: 28 07 35 21 | 05
#0531-d111 @A: 06 28 34 14 | 02
#0532-d111 @A: 06 21 01 16 | 07
#0533-d111 @A: 14 01 35 16 | 03
#0534-d111 @A: 15 07 35 16 | 08
#0535-d111 @A: 16 17 09 21 | 12
#0536-d111 @A: 19 10 17 24 | 04
#0537-d111 @A: 19 05 01 14 | 01
#0538-d111 @A: 02 26 15 19 | 10
#0539-d111 @A: 34 19 13 30 | 06
#0540-d111 @A: 10 07 19 03 | 09
#0541-d111 @A: 34 02 19 10 | 11
#0542-d111 @A: 26 34 24 13 | 05
#0543-d111 @A: 21 30 03 24 | 02
#0544-d111 @A: 15 24 35 10 | 07
#0545-d111 @A: 27 14 13 26 | 03
#0546-d111 @A: 27 07 03 21 | 08
#0547-d111 @A: 21 06 09 27 | 12
#0548-d111 @A: 26 35 10 09 | 04
#0549-d111 @A: 08 07 29 04 | 01
#0550-d111 @A: 08 01 29 32 | 10
#0551-d111 @A: 21 29 08 06 | 06
#0552-d111 @A: 15 29 18 22 | 09
#0553-d111 @A: 20 12 29 16 | 11
#0554-d111 @A: 03 29 12 22 | 05
#0555-d111 @A: 22 28 01 29 | 02
#0556-d111 @A: 22 21 29 07 | 07
#0557-d111 @A: 29 15 28 04 | 03
#0558-d111 @A: 28 29 16 03 | 08
#0559-d111 @A: 05 29 26 27 | 12
#0560-d111 @A: 34 07 29 13 | 04
#0561-d111 @A: 07 06 03 29 | 01
#0562-d111 @A: 04 25 21 08 | 10
#0563-d111 @A: 16 09 25 08 | 06
#0564-d111 @A: 11 33 25 18 | 09
#0565-d111 @A: 35 25 24 18 | 11
#0566-d111 @A: 12 25 28 01 | 05
#0567-d111 @A: 34 12 25 19 | 02
#0568-d111 @A: 16 33 04 25 | 07
#0569-d111 @A: 10 25 24 33 | 03
#0570-d111 @A: 20 13 25 24 | 08
#0571-d111 @A: 25 20 06 10 | 12
#0572-d111 @A: 23 31 15 25 | 04
#0573-d111 @A: 21 25 16 22 | 01
#0574-d111 @A: 25 19 30 22 | 10
#0575-d111 @A: 34 22 25 02 | 06
#0576-d111 @A: 03 13 04 25 | 09
#0577-d111 @A: 25 13 27 28 | 11
#0578-d111 @A: 25 34 26 03 | 05
#0579-d111 @A: 03 25 35 07 | 02
#0580-d111 @A: 02 25 35 30 | 07
#0581-d111 @A: 33 08 05 27 | 03
#0582-d111 @A: 19 20 08 05 | 08
#0583-d111 @A: 27 20 07 08 | 12
#0584-d111 @A: 24 08 17 31 | 04
#0585-d111 @A: 26 34 08 31 | 01
#0586-d111 @A: 11 08 22 13 | 10
#0587-d111 @A: 08 22 03 27 | 06
#0588-d111 @A: 34 28 23 08 | 09
#0589-d111 @A: 21 23 08 27 | 11
#0590-d111 @A: 27 08 10 24 | 05
#0591-d111 @A: 05 14 03 08 | 02
#0592-d111 @A: 08 34 03 01 | 07
#0593-d111 @A: 14 13 02 08 | 03
#0594-d111 @A: 06 17 08 10 | 08
#0595-d111 @A: 33 18 12 17 | 12
#0596-d111 @A: 14 12 06 18 | 04
#0597-d111 @A: 05 18 33 14 | 01
#0598-d111 @A: 18 03 20 23 | 10
#0599-d111 @A: 31 17 18 05 | 06
#0600-d111 @A: 18 26 03 31 | 09
#0601-d111 @A: 17 32 18 22 | 11
#0602-d111 @A: 18 22 28 30 | 05
#0603-d111 @A: 18 22 21 27 | 02
#0604-d111 @A: 35 10 22 18 | 07
#0605-d111 @A: 21 18 32 23 | 03
#0606-d111 @A: 17 14 23 18 | 08
#0607-d111 @A: 06 18 11 09 | 12
#0608-d111 @A: 26 13 06 18 | 04
#0609-d111 @A: 07 01 18 15 | 01
#0610-d111 @A: 02 18 14 01 | 10
#0611-d111 @A: 06 30 18 07 | 06
#0612-d111 @A: 16 12 32 33 | 09
#0613-d111 @A: 12 21 33 34 | 11
#0614-d111 @A: 23 20 35 12 | 05
#0615-d111 @A: 14 12 20 24 | 02
#0616-d111 @A: 12 30 20 21 | 07
#0617-d111 @A: 31 12 35 24 | 03
#0618-d111 @A: 19 04 12 13 | 08
#0619-d111 @A: 32 23 30 12 | 12
#0620-d111 @A: 12 27 28 26 | 04
#0621-d111 @A: 12 21 24 10 | 01
#0622-d111 @A: 15 21 12 07 | 10
#0623-d111 @A: 12 02 14 15 | 06
#0624-d111 @A: 07 33 24 20 | 09
#0625-d111 @A: 05 22 11 33 | 11
#0626-d111 @A: 33 09 32 04 | 05
#0627-d111 @A: 23 33 11 35 | 02
#0628-d111 @A: 01 23 33 28 | 07
#0629-d111 @A: 16 14 33 23 | 03
#0630-d111 @A: 16 30 33 28 | 08
#0631-d111 @A: 17 19 33 03 | 12
#0632-d111 @A: 05 33 10 30 | 04
#0633-d111 @A: 05 33 03 34 | 01
#0634-d111 @A: 09 33 34 26 | 10
#0635-d111 @A: 31 20 21 19 | 06
#0636-d111 @A: 13 27 20 04 | 09
#0637-d111 @A: 20 32 14 11 | 11
#0638-d111 @A: 20 06 11 27 | 05
#0639-d111 @A: 13 07 20 26 | 02
#0640-d111 @A: 01 03 07 20 | 07
#0641-d111 @A: 30 20 06 09 | 03
#0642-d111 @A: 34 20 02 35 | 08
#0643-d111 @A: 16 22 31 34 | 12
#0644-d111 @A: 11 31 04 28 | 04
#0645-d111 @A: 31 04 24 26 | 01
#0646-d111 @A: 31 15 11 32 | 10
#0647-d111 @A: 13 31 28 30 | 06
#0648-d111 @A: 19 02 31 16 | 09
#0649-d111 @A: 09 16 31 24 | 11
#0650-d111 @A: 31 27 06 19 | 05
#0651-d111 @A: 15 31 26 01 | 02
#0652-d111 @A: 31 09 03 35 | 07
#0653-d111 @A: 15 09 10 31 | 03
#0654-d111 @A: 04 01 22 16 | 08
#0655-d111 @A: 22 35 03 04 | 12
#0656-d111 @A: 27 15 23 22 | 04
#0657-d111 @A: 01 30 13 22 | 01
#0658-d111 @A: 02 22 01 09 | 10
#0659-d111 @A: 13 22 02 03 | 06
#0660-d111 @A: 35 14 17 22 | 09
#0661-d111 @A: 05 11 19 04 | 11
#0662-d111 @A: 19 24 06 04 | 05
#0663-d111 @A: 04 09 35 19 | 02
#0664-d111 @A: 09 06 04 07 | 07
#0665-d111 @A: 10 15 32 23 | 03
#0666-d111 @A: 23 13 17 02 | 08
#0667-d111 @A: 30 14 23 07 | 12
#0668-d111 @A: 15 23 06 17 | 04
#0669-d111 @A: 03 14 23 35 | 01
#0670-d111 @A: 07 16 11 32 | 10
#0671-d111 @A: 11 13 32 24 | 06
#0672-d111 @A: 16 21 28 32 | 09
#0673-d111 @A: 28 13 32 05 | 11
#0674-d111 @A: 16 24 32 05 | 05
#0675-d111 @A: 24 15 32 19 | 02
#0676-d111 @A: 32 06 30 24 | 07
#0677-d111 @A: 09 05 32 26 | 03
#0678-d111 @A: 15 05 34 32 | 08
#0679-d111 @A: 32 13 01 06 | 12
#0680-d111 @A: 13 34 32 21 | 04
#0681-d111 @A: 07 32 02 06 | 01
#0682-d111 @A: 32 34 10 21 | 10
#0683-d111 @A: 16 27 11 21 | 06
#0684-d111 @A: 11 16 05 01 | 09
#0685-d111 @A: 07 35 11 24 | 11
#0686-d111 @A: 35 03 17 11 | 05
#0687-d111 @A: 19 28 16 05 | 02
#0688-d111 @A: 34 02 05 28 | 07
#0689-d111 @A: 35 26 13 28 | 03
#0690-d111 @A: 06 30 28 01 | 08
#0691-d111 @A: 16 26 10 03 | 12
#0692-d111 @A: 03 15 16 17 | 04
#0693-d111 @A: 03 26 09 19 | 01
#0694-d111 @A: 17 19 15 35 | 10
#0695-d111 @A: 14 24 09 21 | 06
#0696-d111 @A: 09 24 15 02 | 09
#0697-d111 @A: 27 30 03 13 | 11
#0698-d111 @A: 02 35 27 17 | 05
#0699-d111 @A: 27 30 21 14 | 02
#0700-d111 @A: 27 06 21 10 | 07
#0701-d111 @A: 14 02 06 27 | 03
#0702-d111 @A: 05 01 21 10 | 08
#0703-d111 @A: 05 06 13 10 | 12
#0704-d111 @A: 01 34 13 10 | 04
#0705-d111 @A: 09 07 10 21 | 01
#0706-d111 @A: 25 10 29 26 | 10
#0707-d111 @A: 26 18 29 08 | 06
#0708-d111 @A: 08 11 23 29 | 09
#0709-d111 @A: 29 05 18 28 | 11
#0710-d111 @A: 30 29 18 10 | 05
#0711-d111 @A: 29 19 12 07 | 02
#0712-d111 @A: 34 20 04 29 | 07
#0713-d111 @A: 20 35 29 24 | 03
#0714-d111 @A: 22 27 24 29 | 08
#0715-d111 @A: 01 16 09 29 | 12
#0716-d111 @A: 14 06 19 29 | 04
#0717-d111 @A: 34 26 21 29 | 01
#0718-d111 @A: 03 29 09 02 | 10
#0719-d111 @A: 31 33 03 25 | 06
#0720-d111 @A: 33 05 28 25 | 09
#0721-d111 @A: 25 10 05 20 | 11
#0722-d111 @A: 31 32 25 10 | 05
#0723-d111 @A: 31 34 07 25 | 02
#0724-d111 @A: 22 25 10 09 | 07
#0725-d111 @A: 25 04 02 23 | 03
#0726-d111 @A: 26 25 32 06 | 08
#0727-d111 @A: 28 26 25 11 | 12
#0728-d111 @A: 11 24 25 02 | 04
#0729-d111 @A: 28 25 24 30 | 01
#0730-d111 @A: 19 21 13 25 | 10
#0731-d111 @A: 25 13 15 05 | 06
#0732-d111 @A: 07 13 25 09 | 09
#0733-d111 @A: 08 16 01 12 | 11
#0734-d111 @A: 08 12 05 15 | 05
#0735-d111 @A: 05 08 09 31 | 02
#0736-d111 @A: 03 08 31 06 | 07
#0737-d111 @A: 09 22 08 04 | 03
#0738-d111 @A: 19 02 22 08 | 08
#0739-d111 @A: 08 24 16 13 | 12
#0740-d111 @A: 10 21 03 08 | 04
#0741-d111 @A: 18 16 13 12 | 01
#0742-d111 @A: 22 33 03 18 | 10
#0743-d111 @A: 18 15 20 32 | 06
#0744-d111 @A: 20 18 28 07 | 09
#0745-d111 @A: 31 13 11 18 | 11
#0746-d111 @A: 04 21 18 19 | 05
#0747-d111 @A: 23 18 02 27 | 02
#0748-d111 @A: 09 02 18 19 | 07
#0749-d111 @A: 34 10 15 18 | 03
#0750-d111 @A: 33 07 22 12 | 08
#0751-d111 @A: 24 12 26 33 | 12
#0752-d111 @A: 12 31 09 20 | 04
#0753-d111 @A: 13 31 12 22 | 01
#0754-d111 @A: 12 28 21 31 | 10
#0755-d111 @A: 01 12 06 31 | 06
#0756-d111 @A: 12 13 10 31 | 09
#0757-d111 @A: 05 22 12 32 | 11
#0758-d111 @A: 04 17 12 05 | 05
#0759-d111 @A: 12 02 23 28 | 02
#0760-d111 @A: 17 12 27 11 | 07
#0761-d111 @A: 03 21 13 12 | 03
#0762-d111 @A: 15 12 17 10 | 08
#0763-d111 @A: 12 14 30 34 | 12
#0764-d111 @A: 12 15 03 34 | 04
#0765-d111 @A: 31 26 20 33 | 01
#0766-d111 @A: 06 04 33 31 | 10
#0767-d111 @A: 07 33 27 31 | 06
#0768-d111 @A: 19 33 14 11 | 09
#0769-d111 @A: 11 33 10 35 | 11
#0770-d111 @A: 33 28 35 19 | 05
#0771-d111 @A: 33 28 24 13 | 02
#0772-d111 @A: 07 33 02 03 | 07
#0773-d111 @A: 34 33 06 17 | 03
#0774-d111 @A: 20 31 16 14 | 08
#0775-d111 @A: 31 01 27 20 | 12
#0776-d111 @A: 04 22 20 06 | 04
#0777-d111 @A: 04 09 11 20 | 01
#0778-d111 @A: 05 32 01 20 | 10
#0779-d111 @A: 11 20 35 19 | 06
#0780-d111 @A: 03 27 20 28 | 09
#0781-d111 @A: 30 26 20 15 | 11
#0782-d111 @A: 10 01 30 20 | 05
#0783-d111 @A: 07 34 21 20 | 02
#0784-d111 @A: 06 14 21 20 | 07
#0785-d111 @A: 02 31 11 22 | 03
#0786-d111 @A: 14 31 22 27 | 08
#0787-d111 @A: 31 28 03 19 | 12
#0788-d111 @A: 01 16 31 03 | 04
#0789-d111 @A: 14 31 27 10 | 01
#0790-d111 @A: 01 31 35 13 | 10
#0791-d111 @A: 02 01 31 10 | 06
#0792-d111 @A: 31 13 14 15 | 09
#0793-d111 @A: 14 31 02 30 | 11
#0794-d111 @A: 23 04 28 22 | 05
#0795-d111 @A: 07 22 01 23 | 02
#0796-d111 @A: 22 06 11 16 | 07
#0797-d111 @A: 05 19 24 22 | 03
#0798-d111 @A: 13 22 07 06 | 08
#0799-d111 @A: 14 22 30 15 | 12
#0800-d111 @A: 14 23 04 26 | 04
#0801-d111 @A: 16 32 13 04 | 01
#0802-d111 @A: 32 10 16 04 | 10
#0803-d111 @A: 16 35 04 11 | 06
#0804-d111 @A: 17 35 04 01 | 09
#0805-d111 @A: 10 04 17 01 | 11
#0806-d111 @A: 21 03 04 34 | 05
#0807-d111 @A: 32 19 23 34 | 02
#0808-d111 @A: 11 23 16 09 | 07
#0809-d111 @A: 24 16 23 35 | 03
#0810-d111 @A: 01 16 23 26 | 08
#0811-d111 @A: 24 23 19 02 | 12
#0812-d111 @A: 06 24 23 34 | 04
#0813-d111 @A: 01 23 02 06 | 01
#0814-d111 @A: 17 07 23 10 | 10
#0815-d111 @A: 32 28 02 27 | 06
#0816-d111 @A: 03 05 10 32 | 09
#0817-d111 @A: 26 32 10 07 | 11
#0818-d111 @A: 32 15 03 13 | 05
#0819-d111 @A: 34 28 11 24 | 02
#0820-d111 @A: 28 16 26 34 | 07
#0821-d111 @A: 35 10 28 17 | 03
#0822-d111 @A: 03 28 35 34 | 08
#0823-d111 @A: 24 01 16 19 | 12
#0824-d111 @A: 15 05 16 30 | 04
#0825-d111 @A: 07 16 34 03 | 01
#0826-d111 @A: 06 34 16 15 | 10
#0827-d111 @A: 24 19 03 34 | 06
#0828-d111 @A: 05 07 09 19 | 09
#0829-d111 @A: 09 19 30 17 | 11
#0830-d111 @A: 17 14 21 19 | 05
#0831-d111 @A: 27 24 21 35 | 02
#0832-d111 @A: 03 24 09 07 | 07
#0833-d111 @A: 05 07 27 06 | 03
#0834-d111 @A: 01 21 34 27 | 08
#0835-d111 @A: 35 27 30 01 | 12
#0836-d111 @A: 15 06 26 10 | 04
#0837-d111 @A: 03 29 08 25 | 01
#0838-d111 @A: 29 16 25 06 | 10
#0839-d111 @A: 29 25 34 01 | 06
#0840-d111 @A: 29 17 13 25 | 09
#0841-d111 @A: 29 09 24 08 | 11
#0842-d111 @A: 29 19 35 18 | 05
#0843-d111 @A: 29 18 24 02 | 02
#0844-d111 @A: 29 17 18 27 | 07
#0845-d111 @A: 04 35 29 12 | 03
#0846-d111 @A: 12 28 13 29 | 08
#0847-d111 @A: 33 29 20 19 | 12
#0848-d111 @A: 35 29 34 33 | 04
#0849-d111 @A: 33 29 14 10 | 01
#0850-d111 @A: 22 09 20 29 | 10
#0851-d111 @A: 29 04 31 05 | 06
#0852-d111 @A: 31 17 14 29 | 09
#0853-d111 @A: 19 29 22 32 | 11
#0854-d111 @A: 29 35 22 02 | 05
#0855-d111 @A: 29 04 23 16 | 02
#0856-d111 @A: 11 04 29 01 | 07
#0857-d111 @A: 14 24 04 29 | 03
#0858-d111 @A: 29 23 03 19 | 08
#0859-d111 @A: 11 02 29 06 | 12
#0860-d111 @A: 05 09 17 29 | 04
#0861-d111 @A: 03 26 30 29 | 01
#0862-d111 @A: 15 30 29 01 | 10
#0863-d111 @A: 02 10 29 13 | 06
#0864-d111 @A: 06 25 08 19 | 09
#0865-d111 @A: 25 12 11 03 | 11
#0866-d111 @A: 25 28 02 31 | 05
#0867-d111 @A: 25 27 14 04 | 02
#0868-d111 @A: 11 25 23 21 | 07
#0869-d111 @A: 10 01 23 25 | 03
#0870-d111 @A: 11 16 13 25 | 08
#0871-d111 @A: 30 15 11 25 | 12
#0872-d111 @A: 25 13 28 10 | 04
#0873-d111 @A: 19 25 14 02 | 01
#0874-d111 @A: 01 25 26 13 | 10
#0875-d111 @A: 34 08 20 12 | 06
#0876-d111 @A: 08 12 31 07 | 09
#0877-d111 @A: 20 08 22 26 | 11
#0878-d111 @A: 30 04 08 20 | 05
#0879-d111 @A: 20 02 08 11 | 02
#0880-d111 @A: 08 21 16 20 | 07
#0881-d111 @A: 32 19 31 08 | 03
#0882-d111 @A: 08 04 03 19 | 08
#0883-d111 @A: 30 08 23 24 | 12
#0884-d111 @A: 24 21 32 08 | 04
#0885-d111 @A: 14 10 08 32 | 01
#0886-d111 @A: 17 11 06 08 | 10
#0887-d111 @A: 30 01 05 08 | 06
#0888-d111 @A: 34 08 13 09 | 09
#0889-d111 @A: 30 21 17 08 | 11
#0890-d111 @A: 08 15 14 35 | 05
#0891-d111 @A: 27 12 18 09 | 02
#0892-d111 @A: 33 18 24 21 | 07
#0893-d111 @A: 10 18 07 33 | 03
#0894-d111 @A: 19 01 18 22 | 08
#0895-d111 @A: 32 18 34 28 | 12
#0896-d111 @A: 32 03 18 16 | 04
#0897-d111 @A: 04 12 06 23 | 01
#0898-d111 @A: 12 32 34 04 | 10
#0899-d111 @A: 23 12 16 21 | 06
#0900-d111 @A: 12 17 24 23 | 09
#0901-d111 @A: 12 23 10 34 | 11
#0902-d111 @A: 32 01 17 12 | 05
#0903-d111 @A: 26 19 12 11 | 02
#0904-d111 @A: 12 09 11 15 | 07
#0905-d111 @A: 34 12 13 05 | 03
#0906-d111 @A: 05 21 12 06 | 08
#0907-d111 @A: 15 26 12 17 | 12
#0908-d111 @A: 02 06 12 09 | 04
#0909-d111 @A: 12 30 06 10 | 01
#0910-d111 @A: 31 33 34 32 | 10
#0911-d111 @A: 19 33 31 15 | 06
#0912-d111 @A: 32 30 33 22 | 09
#0913-d111 @A: 33 09 22 16 | 11
#0914-d111 @A: 04 33 27 35 | 05
#0915-d111 @A: 21 19 16 33 | 02
#0916-d111 @A: 06 26 03 33 | 07
#0917-d111 @A: 01 03 33 13 | 03
#0918-d111 @A: 21 30 01 33 | 08
#0919-d111 @A: 15 13 30 33 | 12
#0920-d111 @A: 33 10 34 09 | 04
#0921-d111 @A: 03 14 33 21 | 01
#0922-d111 @A: 15 35 03 33 | 10
#0923-d111 @A: 20 01 22 24 | 06
#0924-d111 @A: 15 22 35 20 | 09
#0925-d111 @A: 20 16 07 04 | 11
#0926-d111 @A: 24 23 27 20 | 05
#0927-d111 @A: 20 28 16 01 | 02
#0928-d111 @A: 07 06 19 20 | 07
#0929-d111 @A: 20 13 35 30 | 03
#0930-d111 @A: 31 11 10 24 | 08
#0931-d111 @A: 31 24 28 15 | 12
#0932-d111 @A: 31 07 17 16 | 04
#0933-d111 @A: 16 10 31 30 | 01
#0934-d111 @A: 19 13 24 31 | 10
#0935-d111 @A: 21 15 31 27 | 06
#0936-d111 @A: 34 05 31 01 | 09
#0937-d111 @A: 31 34 06 13 | 11
#0938-d111 @A: 11 19 07 22 | 05
#0939-d111 @A: 27 09 22 28 | 02
#0940-d111 @A: 28 22 03 07 | 07
#0941-d111 @A: 27 35 22 16 | 03
#0942-d111 @A: 09 19 21 22 | 08
#0943-d111 @A: 24 30 22 17 | 12
#0944-d111 @A: 26 05 03 22 | 04
#0945-d111 @A: 07 05 22 02 | 01
#0946-d111 @A: 17 22 26 02 | 10
#0947-d111 @A: 21 14 26 22 | 06
#0948-d111 @A: 26 22 34 06 | 09
#0949-d111 @A: 22 06 14 01 | 11
#0950-d111 @A: 13 07 22 10 | 05
#0951-d111 @A: 15 07 22 09 | 02
#0952-d111 @A: 10 22 30 03 | 07
#0953-d111 @A: 04 24 23 15 | 03
#0954-d111 @A: 27 04 30 23 | 08
#0955-d111 @A: 16 02 04 28 | 12
#0956-d111 @A: 04 24 09 28 | 04
#0957-d111 @A: 04 06 28 05 | 01
#0958-d111 @A: 34 07 26 04 | 10
#0959-d111 @A: 13 11 23 27 | 06
#0960-d111 @A: 21 23 28 17 | 09
#0961-d111 @A: 21 23 10 28 | 11
#0962-d111 @A: 14 19 23 27 | 05
#0963-d111 @A: 06 14 05 23 | 02
#0964-d111 @A: 06 26 23 30 | 07
#0965-d111 @A: 07 35 06 23 | 03
#0966-d111 @A: 23 35 34 21 | 08
#0967-d111 @A: 19 07 14 32 | 12
#0968-d111 @A: 21 32 05 07 | 04
#0969-d111 @A: 32 01 26 07 | 01
#0970-d111 @A: 32 02 13 26 | 10
#0971-d111 @A: 09 34 03 32 | 06
#0972-d111 @A: 30 02 15 32 | 09
#0973-d111 @A: 16 11 34 02 | 11
#0974-d111 @A: 30 24 19 11 | 05
#0975-d111 @A: 01 02 35 11 | 02
#0976-d111 @A: 06 11 30 35 | 07
#0977-d111 @A: 05 07 26 28 | 03
#0978-d111 @A: 17 28 15 05 | 08
#0979-d111 @A: 28 14 30 05 | 12
#0980-d111 @A: 28 10 26 17 | 04
#0981-d111 @A: 01 21 28 09 | 01
#0982-d111 @A: 02 14 21 28 | 10
#0983-d111 @A: 21 16 05 03 | 06
#0984-d111 @A: 26 16 06 14 | 09
#0985-d111 @A: 16 13 09 02 | 11
#0986-d111 @A: 17 19 34 05 | 05
#0987-d111 @A: 02 07 24 27 | 02
#0988-d111 @A: 17 05 35 24 | 07
#0989-d111 @A: 21 24 17 13 | 03
#0990-d111 @A: 15 03 27 02 | 08
#0991-d111 @A: 02 10 17 21 | 12
#0992-d111 @A: 07 29 28 25 | 04
#0993-d111 @A: 12 30 29 08 | 01
#0994-d111 @A: 29 20 08 31 | 10
#0995-d111 @A: 18 01 29 31 | 06
#0996-d111 @A: 29 21 18 16 | 09
#0997-d111 @A: 12 11 29 05 | 11
#0998-d111 @A: 29 27 06 12 | 05
#0999-d111 @A: 20 29 01 21 | 02
#1000-d111 @A: 29 11 07 31 | 07
#1001-d111 @A: 29 30 05 22 | 03
#1002-d111 @A: 11 30 16 29 | 08
#1003-d111 @A: 21 28 29 27 | 12
#1004-d111 @A: 29 16 17 02 | 04
#1005-d111 @A: 06 09 26 29 | 01
#1006-d111 @A: 35 29 10 01 | 10
#1007-d111 @A: 35 21 29 30 | 06
#1008-d111 @A: 14 29 02 34 | 09
#1009-d111 @A: 08 17 28 25 | 11
#1010-d111 @A: 20 34 25 18 | 05
#1011-d111 @A: 25 13 22 18 | 02
#1012-d111 @A: 12 25 21 24 | 07
#1013-d111 @A: 24 33 25 14 | 03
#1014-d111 @A: 20 11 25 01 | 08
#1015-d111 @A: 24 23 25 09 | 12
#1016-d111 @A: 05 09 25 06 | 04
#1017-d111 @A: 21 15 26 25 | 01
#1018-d111 @A: 09 25 35 01 | 10
#1019-d111 @A: 18 10 04 08 | 06
#1020-d111 @A: 35 08 12 33 | 09
#1021-d111 @A: 11 08 12 04 | 11
#1022-d111 @A: 12 23 03 08 | 05
#1023-d111 @A: 30 08 22 16 | 02
#1024-d111 @A: 16 22 10 08 | 07
#1025-d111 @A: 02 05 08 26 | 03
#1026-d111 @A: 35 21 13 08 | 08
#1027-d111 @A: 09 06 08 15 | 12
#1028-d111 @A: 12 05 23 18 | 04
#1029-d111 @A: 18 12 35 32 | 01
#1030-d111 @A: 19 18 12 03 | 10
#1031-d111 @A: 18 01 16 33 | 06
#1032-d111 @A: 18 02 32 31 | 09
#1033-d111 @A: 18 04 14 30 | 11
#1034-d111 @A: 05 16 02 18 | 05
#1035-d111 @A: 18 24 14 19 | 02
#1036-d111 @A: 18 07 35 02 | 07
#1037-d111 @A: 18 15 35 09 | 03
#1038-d111 @A: 30 31 12 33 | 08
#1039-d111 @A: 09 10 12 20 | 12
#1040-d111 @A: 31 12 23 34 | 04
#1041-d111 @A: 34 12 27 22 | 01
#1042-d111 @A: 12 27 32 15 | 10
#1043-d111 @A: 34 11 12 01 | 06
#1044-d111 @A: 06 03 28 12 | 09
#1045-d111 @A: 12 21 19 27 | 11
#1046-d111 @A: 12 21 01 02 | 05
#1047-d111 @A: 07 17 12 30 | 02
#1048-d111 @A: 05 33 24 31 | 07
#1049-d111 @A: 32 19 06 33 | 03
#1050-d111 @A: 33 14 13 32 | 08
#1051-d111 @A: 16 05 07 33 | 12
#1052-d111 @A: 07 26 33 30 | 04
#1053-d111 @A: 01 15 34 33 | 01
#1054-d111 @A: 33 17 14 15 | 10
#1055-d111 @A: 30 09 03 33 | 06
#1056-d111 @A: 32 31 35 20 | 09
#1057-d111 @A: 03 20 31 13 | 11
#1058-d111 @A: 24 32 20 34 | 05
#1059-d111 @A: 20 32 21 03 | 02
#1060-d111 @A: 11 24 15 20 | 07
#1061-d111 @A: 20 16 13 19 | 03
#1062-d111 @A: 19 20 27 34 | 08
#1063-d111 @A: 02 24 10 20 | 12
#1064-d111 @A: 09 05 20 03 | 04
#1065-d111 @A: 01 20 13 34 | 01
#1066-d111 @A: 04 30 31 22 | 10
#1067-d111 @A: 21 32 31 22 | 06
#1068-d111 @A: 23 11 03 31 | 09
#1069-d111 @A: 23 28 06 31 | 11
#1070-d111 @A: 27 31 23 26 | 05
#1071-d111 @A: 32 16 06 31 | 02
#1072-d111 @A: 14 28 31 10 | 07
#1073-d111 @A: 02 31 21 24 | 03
#1074-d111 @A: 31 01 02 07 | 08
#1075-d111 @A: 17 02 06 31 | 12
#1076-d111 @A: 11 04 14 22 | 04
#1077-d111 @A: 35 11 32 22 | 01
#1078-d111 @A: 11 22 17 10 | 10
#1079-d111 @A: 15 22 11 03 | 06
#1080-d111 @A: 22 15 19 16 | 09
#1081-d111 @A: 04 03 23 32 | 11
#1082-d111 @A: 15 04 05 09 | 05
#1083-d111 @A: 21 14 05 04 | 02
#1084-d111 @A: 02 06 26 04 | 07
#1085-d111 @A: 04 30 01 09 | 03
#1086-d111 @A: 10 07 04 30 | 08
#1087-d111 @A: 09 17 14 04 | 12
#1088-d111 @A: 17 04 06 21 | 04
#1089-d111 @A: 05 09 30 23 | 01
#1090-d111 @A: 17 26 23 09 | 10
#1091-d111 @A: 23 34 02 07 | 06
#1092-d111 @A: 09 27 10 32 | 09
#1093-d111 @A: 15 32 26 14 | 11
#1094-d111 @A: 17 21 02 32 | 05
#1095-d111 @A: 11 07 15 05 | 02
#1096-d111 @A: 11 07 14 21 | 07
#1097-d111 @A: 11 14 30 17 | 03
#1098-d111 @A: 05 28 03 01 | 08
#1099-d111 @A: 07 01 34 28 | 12
#1100-d111 @A: 28 30 17 35 | 04
#1101-d111 @A: 16 15 26 09 | 01
#1102-d111 @A: 02 16 26 03 | 10
#1103-d111 @A: 10 17 16 34 | 06
#1104-d111 @A: 02 35 21 16 | 09
#1105-d111 @A: 01 06 19 35 | 11
#1106-d111 @A: 09 14 19 13 | 05
#1107-d111 @A: 13 05 09 24 | 02
#1108-d111 @A: 07 26 24 17 | 07
#1109-d111 @A: 30 01 34 24 | 03
#1110-d111 @A: 35 01 24 03 | 08
#1111-d111 @A: 24 14 10 07 | 12
#1112-d111 @A: 35 30 24 09 | 04
#1113-d111 @A: 34 27 35 26 | 01
#1114-d111 @A: 06 27 17 13 | 10
#1115-d111 @A: 30 21 13 10 | 06
#1116-d111 @A: 25 04 29 30 | 09
#1117-d111 @A: 19 29 05 25 | 11
#1118-d111 @A: 07 29 33 18 | 05
#1119-d111 @A: 18 14 11 29 | 02
#1120-d111 @A: 23 12 29 26 | 07
#1121-d111 @A: 11 12 10 29 | 03
#1122-d111 @A: 29 23 31 09 | 08
#1123-d111 @A: 32 31 03 29 | 12
#1124-d111 @A: 26 31 29 28 | 04
#1125-d111 @A: 35 23 29 01 | 01
#1126-d111 @A: 24 07 29 16 | 10
#1127-d111 @A: 05 29 13 01 | 06
#1128-d111 @A: 05 29 21 02 | 09
#1129-d111 @A: 17 29 34 03 | 11
#1130-d111 @A: 29 09 14 35 | 05
#1131-d111 @A: 08 25 30 33 | 02
#1132-d111 @A: 11 08 07 25 | 07
#1133-d111 @A: 08 25 34 24 | 03
#1134-d111 @A: 02 08 10 25 | 08
#1135-d111 @A: 25 18 14 16 | 12
#1136-d111 @A: 10 18 17 25 | 04
#1137-d111 @A: 12 20 17 25 | 01
#1138-d111 @A: 22 25 35 12 | 10
#1139-d111 @A: 12 25 27 30 | 06
#1140-d111 @A: 33 25 19 26 | 09
#1141-d111 @A: 35 13 33 25 | 11
#1142-d111 @A: 20 06 31 25 | 05
#1143-d111 @A: 25 09 31 22 | 02
#1144-d111 @A: 25 35 04 31 | 07
#1145-d111 @A: 26 22 23 25 | 03
#1146-d111 @A: 28 22 15 25 | 08
#1147-d111 @A: 32 25 04 01 | 12
#1148-d111 @A: 05 25 16 23 | 04
#1149-d111 @A: 23 06 25 27 | 01
#1150-d111 @A: 03 25 19 32 | 10
#1151-d111 @A: 24 32 25 27 | 06
#1152-d111 @A: 09 11 25 19 | 09
#1153-d111 @A: 07 05 25 14 | 11
#1154-d111 @A: 05 25 17 21 | 05
#1155-d111 @A: 03 25 30 05 | 02
#1156-d111 @A: 01 25 21 03 | 07
#1157-d111 @A: 09 17 34 25 | 03
#1158-d111 @A: 14 20 18 08 | 08
#1159-d111 @A: 08 11 35 18 | 12
#1160-d111 @A: 20 24 06 08 | 04
#1161-d111 @A: 02 31 04 08 | 01
#1162-d111 @A: 28 08 31 16 | 10
#1163-d111 @A: 08 22 32 34 | 06
#1164-d111 @A: 01 04 08 28 | 09
#1165-d111 @A: 04 34 08 27 | 11
#1166-d111 @A: 23 08 26 07 | 05
#1167-d111 @A: 28 15 32 08 | 02
#1168-d111 @A: 16 15 11 08 | 07
#1169-d111 @A: 28 08 21 05 | 03
#1170-d111 @A: 08 15 30 19 | 08
#1171-d111 @A: 08 35 10 19 | 12
#1172-d111 @A: 08 01 14 24 | 04
#1173-d111 @A: 06 05 13 08 | 01
#1174-d111 @A: 08 09 26 35 | 10
#1175-d111 @A: 08 13 17 03 | 06
#1176-d111 @A: 18 26 21 12 | 09
#1177-d111 @A: 33 30 18 23 | 11
#1178-d111 @A: 32 26 18 33 | 05
#1179-d111 @A: 09 18 33 28 | 02
#1180-d111 @A: 20 18 17 04 | 07
#1181-d111 @A: 30 09 18 31 | 03
#1182-d111 @A: 18 22 26 35 | 08
#1183-d111 @A: 18 09 23 04 | 12
#1184-d111 @A: 06 16 18 19 | 04
#1185-d111 @A: 18 13 10 26 | 01
#1186-d111 @A: 17 18 35 06 | 10
#1187-d111 @A: 21 34 18 06 | 06
#1188-d111 @A: 12 02 33 11 | 09
#1189-d111 @A: 20 12 04 26 | 11
#1190-d111 @A: 12 17 19 31 | 05
#1191-d111 @A: 02 31 27 12 | 02
#1192-d111 @A: 12 24 15 22 | 07
#1193-d111 @A: 10 12 04 28 | 03
#1194-d111 @A: 12 19 28 32 | 08
#1195-d111 @A: 03 12 24 32 | 12
#1196-d111 @A: 05 24 28 12 | 04
#1197-d111 @A: 27 35 12 07 | 01
#1198-d111 @A: 27 12 10 07 | 10
#1199-d111 @A: 33 22 24 35 | 06
#1200-d111 @A: 23 07 04 33 | 09
#1201-d111 @A: 33 23 26 02 | 11
#1202-d111 @A: 28 03 33 32 | 05
#1203-d111 @A: 24 02 33 32 | 02
#1204-d111 @A: 33 24 01 11 | 07
#1205-d111 @A: 34 33 11 13 | 03
#1206-d111 @A: 28 19 33 10 | 08
#1207-d111 @A: 17 30 33 27 | 12
#1208-d111 @A: 31 11 20 17 | 04
#1209-d111 @A: 22 02 27 20 | 01
#1210-d111 @A: 22 21 20 13 | 10
#1211-d111 @A: 03 04 24 20 | 06
#1212-d111 @A: 34 09 23 20 | 09
#1213-d111 @A: 27 20 16 30 | 11
#1214-d111 @A: 20 10 16 27 | 05
#1215-d111 @A: 20 19 24 17 | 02
#1216-d111 @A: 20 17 07 35 | 07
#1217-d111 @A: 15 20 21 17 | 03
#1218-d111 @A: 15 14 20 34 | 08
#1219-d111 @A: 31 14 34 04 | 12
#1220-d111 @A: 28 31 09 07 | 04
#1221-d111 @A: 26 13 31 17 | 01
#1222-d111 @A: 31 35 06 26 | 10
#1223-d111 @A: 35 31 21 10 | 06
#1224-d111 @A: 26 22 27 04 | 09
#1225-d111 @A: 22 32 28 26 | 11
#1226-d111 @A: 32 22 27 07 | 05
#1227-d111 @A: 03 32 22 01 | 02
#1228-d111 @A: 19 13 26 22 | 07
#1229-d111 @A: 14 05 22 13 | 03
#1230-d111 @A: 06 22 05 17 | 08
#1231-d111 @A: 34 15 22 21 | 12
#1232-d111 @A: 15 22 06 02 | 04
#1233-d111 @A: 34 11 23 04 | 01
#1234-d111 @A: 04 05 35 23 | 10
#1235-d111 @A: 24 30 04 16 | 06
#1236-d111 @A: 02 27 21 04 | 09
#1237-d111 @A: 26 35 30 04 | 11
#1238-d111 @A: 07 17 23 32 | 05
#1239-d111 @A: 11 28 15 23 | 02
#1240-d111 @A: 19 23 06 11 | 07
#1241-d111 @A: 11 23 30 02 | 03
#1242-d111 @A: 23 07 03 15 | 08
#1243-d111 @A: 10 23 30 35 | 12
#1244-d111 @A: 03 11 32 27 | 04
#1245-d111 @A: 19 32 16 30 | 01
#1246-d111 @A: 19 32 02 35 | 10
#1247-d111 @A: 34 32 30 26 | 06
#1248-d111 @A: 14 01 30 32 | 09
#1249-d111 @A: 35 03 10 32 | 11
#1250-d111 @A: 11 10 28 34 | 05
#1251-d111 @A: 11 05 26 35 | 02
#1252-d111 @A: 11 06 26 21 | 07
#1253-d111 @A: 11 01 15 14 | 03
#1254-d111 @A: 11 13 07 02 | 08
#1255-d111 @A: 27 16 24 28 | 12
#1256-d111 @A: 14 28 24 35 | 04
#1257-d111 @A: 01 28 35 15 | 01
#1258-d111 @A: 30 10 15 28 | 10
#1259-d111 @A: 01 16 07 13 | 06
#1260-d111 @A: 01 17 16 34 | 09
#1261-d111 @A: 10 06 01 16 | 11
#1262-d111 @A: 03 16 06 13 | 05
#1263-d111 @A: 16 07 09 30 | 02
#1264-d111 @A: 16 30 34 21 | 07
#1265-d111 @A: 19 05 26 30 | 03
#1266-d111 @A: 01 19 03 02 | 08
#1267-d111 @A: 19 14 34 35 | 12
#1268-d111 @A: 03 15 14 19 | 04
#1269-d111 @A: 05 34 24 21 | 01
#1270-d111 @A: 01 24 26 21 | 10
#1271-d111 @A: 13 35 06 24 | 06
#1272-d111 @A: 21 07 06 24 | 09
#1273-d111 @A: 26 15 07 27 | 11
#1274-d111 @A: 10 27 26 30 | 05
#1275-d111 @A: 27 17 07 14 | 02
#1276-d111 @A: 34 07 27 30 | 07
#1277-d111 @A: 05 17 10 14 | 03
#1278-d111 @A: 02 09 03 10 | 08
#1279-d111 @A: 29 25 09 18 | 12
#1280-d111 @A: 25 29 22 33 | 04
#1281-d111 @A: 08 19 17 29 | 01
#1282-d111 @A: 08 29 15 34 | 10
#1283-d111 @A: 18 29 20 30 | 06
#1284-d111 @A: 21 12 29 17 | 09
#1285-d111 @A: 16 29 15 33 | 11
#1286-d111 @A: 05 29 23 20 | 05
#1287-d111 @A: 07 29 20 15 | 02
#1288-d111 @A: 29 07 10 31 | 07
#1289-d111 @A: 04 29 02 19 | 03
#1290-d111 @A: 29 03 10 34 | 08
#1291-d111 @A: 23 25 14 08 | 12
#1292-d111 @A: 25 06 18 28 | 04
#1293-d111 @A: 20 25 09 33 | 01
#1294-d111 @A: 25 24 31 01 | 10
#1295-d111 @A: 22 25 07 04 | 06
#1296-d111 @A: 17 11 25 22 | 09
#1297-d111 @A: 03 25 14 22 | 11
#1298-d111 @A: 25 04 28 19 | 05
#1299-d111 @A: 23 03 28 25 | 02
#1300-d111 @A: 16 19 17 25 | 07
#1301-d111 @A: 30 26 25 17 | 03
#1302-d111 @A: 25 01 14 17 | 08
#1303-d111 @A: 08 21 18 31 | 12
#1304-d111 @A: 18 08 09 03 | 04
#1305-d111 @A: 08 06 32 12 | 01
#1306-d111 @A: 12 08 13 27 | 10
#1307-d111 @A: 08 19 01 23 | 06
#1308-d111 @A: 32 08 07 03 | 09
#1309-d111 @A: 10 08 27 28 | 11
#1310-d111 @A: 27 26 08 19 | 05
#1311-d111 @A: 14 07 08 09 | 02
#1312-d111 @A: 06 30 14 08 | 07
#1313-d111 @A: 03 08 35 02 | 03
#1314-d111 @A: 12 20 01 18 | 08
#1315-d111 @A: 20 09 18 16 | 12
#1316-d111 @A: 19 10 18 20 | 04
#1317-d111 @A: 14 22 18 09 | 01
#1318-d111 @A: 04 11 02 18 | 10
#1319-d111 @A: 24 18 26 23 | 06
#1320-d111 @A: 34 30 18 11 | 09
#1321-d111 @A: 18 27 26 16 | 11
#1322-d111 @A: 24 03 18 10 | 05
#1323-d111 @A: 18 21 05 09 | 02
#1324-d111 @A: 01 17 03 18 | 07
#1325-d111 @A: 01 35 21 18 | 03
#1326-d111 @A: 14 13 18 35 | 08
#1327-d111 @A: 30 18 15 17 | 12
#1328-d111 @A: 21 14 15 18 | 04
#1329-d111 @A: 20 12 02 19 | 01
#1330-d111 @A: 22 09 12 23 | 10
#1331-d111 @A: 34 16 24 12 | 06
#1332-d111 @A: 12 14 26 05 | 09
#1333-d111 @A: 26 12 21 10 | 11
#1334-d111 @A: 21 35 14 12 | 05
#1335-d111 @A: 06 34 12 35 | 02
#1336-d111 @A: 33 21 31 23 | 07
#1337-d111 @A: 13 05 33 04 | 03
#1338-d111 @A: 33 23 09 27 | 08
#1339-d111 @A: 15 23 05 33 | 12
#1340-d111 @A: 33 26 27 11 | 04
#1341-d111 @A: 28 27 33 34 | 01
#1342-d111 @A: 33 21 16 10 | 10
#1343-d111 @A: 33 09 02 14 | 06
#1344-d111 @A: 31 23 02 20 | 09
#1345-d111 @A: 31 20 34 28 | 11
#1346-d111 @A: 34 20 31 10 | 05
#1347-d111 @A: 19 20 01 04 | 02
#1348-d111 @A: 11 23 20 07 | 07
#1349-d111 @A: 10 20 23 07 | 03
#1350-d111 @A: 05 35 20 14 | 08
#1351-d111 @A: 20 02 07 09 | 12
#1352-d111 @A: 04 31 17 32 | 04
#1353-d111 @A: 13 09 04 31 | 01
#1354-d111 @A: 31 32 14 05 | 10
#1355-d111 @A: 27 31 24 11 | 06
#1356-d111 @A: 31 35 30 05 | 09
#1357-d111 @A: 04 32 15 22 | 11
#1358-d111 @A: 22 09 32 13 | 05
#1359-d111 @A: 16 28 22 17 | 02
#1360-d111 @A: 22 28 13 34 | 07
#1361-d111 @A: 22 30 27 06 | 03
#1362-d111 @A: 34 07 17 22 | 08
#1363-d111 @A: 22 30 34 03 | 12
#1364-d111 @A: 07 28 04 32 | 04
#1365-d111 @A: 04 27 16 06 | 01
#1366-d111 @A: 23 10 11 09 | 10
#1367-d111 @A: 23 13 16 28 | 06
#1368-d111 @A: 16 23 19 10 | 09
#1369-d111 @A: 19 26 21 23 | 11
#1370-d111 @A: 05 23 21 01 | 05
#1371-d111 @A: 23 10 02 26 | 02
#1372-d111 @A: 27 13 19 32 | 07
#1373-d111 @A: 32 01 15 09 | 03
#1374-d111 @A: 10 17 30 32 | 08
#1375-d111 @A: 28 03 11 02 | 12
#1376-d111 @A: 11 10 26 16 | 04
#1377-d111 @A: 21 13 11 01 | 01
#1378-d111 @A: 07 11 30 01 | 10
#1379-d111 @A: 13 09 11 30 | 06
#1380-d111 @A: 11 14 13 06 | 09
#1381-d111 @A: 02 15 21 11 | 11
#1382-d111 @A: 16 06 09 28 | 05
#1383-d111 @A: 30 28 19 02 | 02
#1384-d111 @A: 28 13 07 14 | 07
#1385-d111 @A: 06 35 28 02 | 03
#1386-d111 @A: 15 02 16 01 | 08
#1387-d111 @A: 34 35 13 16 | 12
#1388-d111 @A: 05 27 19 03 | 04
#1389-d111 @A: 06 17 26 19 | 01
#1390-d111 @A: 06 15 19 13 | 10
#1391-d111 @A: 17 15 01 24 | 06
#1392-d111 @A: 09 24 06 01 | 09
#1393-d111 @A: 34 35 24 15 | 11
#1394-d111 @A: 03 06 35 27 | 05
#1395-d111 @A: 05 02 15 10 | 02
#1396-d111 @A: 29 03 18 04 | 07
#1397-d111 @A: 02 29 31 33 | 03
#1398-d111 @A: 33 04 29 26 | 08
#1399-d111 @A: 33 01 29 06 | 12
#1400-d111 @A: 22 23 34 29 | 04
#1401-d111 @A: 29 16 22 13 | 01
#1402-d111 @A: 32 29 04 21 | 10
#1403-d111 @A: 04 13 29 06 | 06
#1404-d111 @A: 29 23 14 21 | 09
#1405-d111 @A: 16 32 14 29 | 11
#1406-d111 @A: 26 29 02 01 | 05
#1407-d111 @A: 14 13 29 30 | 02
#1408-d111 @A: 13 35 29 03 | 07
#1409-d111 @A: 08 18 05 25 | 03
#1410-d111 @A: 31 08 13 25 | 08
#1411-d111 @A: 21 30 18 25 | 12
#1412-d111 @A: 05 31 12 25 | 04
#1413-d111 @A: 20 19 25 23 | 01
#1414-d111 @A: 20 16 25 15 | 10
#1415-d111 @A: 14 25 11 31 | 06
#1416-d111 @A: 25 31 16 26 | 09
#1417-d111 @A: 24 25 06 22 | 11
#1418-d111 @A: 25 15 04 34 | 05
#1419-d111 @A: 07 25 16 27 | 02
#1420-d111 @A: 19 30 25 10 | 07
#1421-d111 @A: 25 09 27 26 | 03
#1422-d111 @A: 02 25 01 05 | 08
#1423-d111 @A: 06 35 21 25 | 12
#1424-d111 @A: 18 19 07 08 | 04
#1425-d111 @A: 21 08 09 12 | 01
#1426-d111 @A: 33 06 08 23 | 10
#1427-d111 @A: 16 03 33 08 | 06
#1428-d111 @A: 20 13 32 08 | 09
#1429-d111 @A: 09 20 08 28 | 11
#1430-d111 @A: 26 20 08 10 | 05
#1431-d111 @A: 31 30 08 27 | 02
#1432-d111 @A: 08 23 13 04 | 07
#1433-d111 @A: 23 16 08 02 | 03
#1434-d111 @A: 11 26 24 08 | 08
#1435-d111 @A: 19 16 34 08 | 12
#1436-d111 @A: 04 12 18 31 | 04
#1437-d111 @A: 18 16 10 12 | 01
#1438-d111 @A: 34 33 19 18 | 10
#1439-d111 @A: 35 27 20 18 | 06
#1440-d111 @A: 28 31 18 14 | 09
#1441-d111 @A: 34 22 24 18 | 11
#1442-d111 @A: 04 35 34 18 | 05
#1443-d111 @A: 13 23 19 18 | 02
#1444-d111 @A: 11 03 24 18 | 07
#1445-d111 @A: 05 11 18 27 | 03
#1446-d111 @A: 17 28 19 18 | 08
#1447-d111 @A: 09 07 26 18 | 12
#1448-d111 @A: 18 02 15 34 | 04
#1449-d111 @A: 06 15 03 18 | 01
#1450-d111 @A: 20 33 03 12 | 10
#1451-d111 @A: 12 27 33 14 | 06
#1452-d111 @A: 22 26 01 12 | 09
#1453-d111 @A: 15 16 04 12 | 11
#1454-d111 @A: 12 11 28 35 | 05
#1455-d111 @A: 19 12 24 09 | 02
#1456-d111 @A: 12 05 35 01 | 07
#1457-d111 @A: 07 03 12 05 | 03
#1458-d111 @A: 14 01 07 12 | 08
#1459-d111 @A: 12 03 01 09 | 12
#1460-d111 @A: 12 02 17 03 | 04
#1461-d111 @A: 12 35 30 15 | 01
#1462-d111 @A: 10 12 02 35 | 10
#1463-d111 @A: 23 20 32 33 | 06
#1464-d111 @A: 28 33 31 17 | 09
#1465-d111 @A: 22 02 33 04 | 11
#1466-d111 @A: 33 22 26 15 | 05
#1467-d111 @A: 21 04 33 28 | 02
#1468-d111 @A: 13 10 33 23 | 07
#1469-d111 @A: 21 32 27 33 | 03
#1470-d111 @A: 07 33 32 15 | 08
#1471-d111 @A: 24 19 27 33 | 12
#1472-d111 @A: 17 33 05 26 | 04
#1473-d111 @A: 26 14 33 01 | 01
#1474-d111 @A: 33 15 09 21 | 10
#1475-d111 @A: 34 33 02 30 | 06
#1476-d111 @A: 30 20 24 31 | 09
#1477-d111 @A: 02 20 32 04 | 11
#1478-d111 @A: 04 28 35 20 | 05
#1479-d111 @A: 16 20 06 23 | 02
#1480-d111 @A: 32 20 17 16 | 07
#1481-d111 @A: 32 09 20 19 | 03
#1482-d111 @A: 24 20 28 21 | 08
#1483-d111 @A: 20 28 13 06 | 12
#1484-d111 @A: 03 10 28 20 | 04
#1485-d111 @A: 27 09 20 17 | 01
#1486-d111 @A: 02 20 05 15 | 10
#1487-d111 @A: 20 01 06 17 | 06
#1488-d111 @A: 20 35 09 21 | 09
#1489-d111 @A: 35 20 14 10 | 11
#1490-d111 @A: 23 04 31 01 | 05
#1491-d111 @A: 04 19 31 07 | 02
#1492-d111 @A: 31 10 04 06 | 07
#1493-d111 @A: 19 11 34 31 | 03
#1494-d111 @A: 26 11 31 30 | 08
#1495-d111 @A: 31 26 19 14 | 12
#1496-d111 @A: 01 09 31 19 | 04
#1497-d111 @A: 09 06 31 14 | 01
#1498-d111 @A: 23 22 16 03 | 10
#1499-d111 @A: 22 28 21 11 | 06
#1500-d111 @A: 01 11 27 22 | 09
#1501-d111 @A: 22 02 28 24 | 11
#1502-d111 @A: 24 28 22 10 | 05
#1503-d111 @A: 35 07 30 22 | 02
#1504-d111 @A: 22 02 30 21 | 07
#1505-d111 @A: 03 21 22 06 | 03
#1506-d111 @A: 32 27 05 04 | 08
#1507-d111 @A: 28 03 26 04 | 12
#1508-d111 @A: 26 17 04 16 | 04
#1509-d111 @A: 10 27 15 04 | 01
#1510-d111 @A: 01 15 04 03 | 10
#1511-d111 @A: 13 04 35 07 | 06
#1512-d111 @A: 11 05 24 23 | 09
#1513-d111 @A: 14 23 01 34 | 11
#1514-d111 @A: 15 13 34 23 | 05
#1515-d111 @A: 09 14 23 15 | 02
#1516-d111 @A: 23 03 21 02 | 07
#1517-d111 @A: 14 23 03 10 | 03
#1518-d111 @A: 09 32 16 35 | 08
#1519-d111 @A: 27 06 32 34 | 12
#1520-d111 @A: 26 03 32 17 | 04
#1521-d111 @A: 07 35 32 34 | 01
#1522-d111 @A: 06 14 35 32 | 10
#1523-d111 @A: 11 16 19 03 | 06
#1524-d111 @A: 10 11 27 19 | 09
#1525-d111 @A: 05 17 11 02 | 11
#1526-d111 @A: 07 11 26 03 | 05
#1527-d111 @A: 11 03 09 21 | 02
#1528-d111 @A: 28 05 09 35 | 07
#1529-d111 @A: 09 17 28 02 | 03
#1530-d111 @A: 28 03 30 15 | 08
#1531-d111 @A: 14 17 05 16 | 12
#1532-d111 @A: 06 16 02 30 | 04
#1533-d111 @A: 13 19 05 35 | 01
#1534-d111 @A: 34 26 01 19 | 10
#1535-d111 @A: 03 19 07 13 | 06
#1536-d111 @A: 03 19 35 21 | 09
#1537-d111 @A: 06 26 24 27 | 11
#1538-d111 @A: 27 13 24 01 | 05
#1539-d111 @A: 24 27 14 15 | 02
#1540-d111 @A: 01 05 24 07 | 07
#1541-d111 @A: 15 24 05 06 | 03
#1542-d111 @A: 24 26 14 30 | 08
#1543-d111 @A: 35 02 24 26 | 12
#1544-d111 @A: 13 02 30 24 | 04
#1545-d111 @A: 17 34 02 24 | 01
#1546-d111 @A: 14 27 34 05 | 10
#1547-d111 @A: 34 27 05 10 | 06
#1548-d111 @A: 26 30 27 02 | 09
#1549-d111 @A: 34 17 27 15 | 11
#1550-d111 @A: 14 27 03 09 | 05
#1551-d111 @A: 10 30 02 14 | 02
#1552-d111 @A: 26 25 20 29 | 07
#1553-d111 @A: 31 29 21 25 | 03
#1554-d111 @A: 29 32 23 25 | 08
#1555-d111 @A: 29 22 14 08 | 12
#1556-d111 @A: 16 05 08 29 | 04
#1557-d111 @A: 08 29 27 35 | 01
#1558-d111 @A: 10 15 08 29 | 10
#1559-d111 @A: 23 29 18 06 | 06
#1560-d111 @A: 12 29 15 31 | 09
#1561-d111 @A: 11 33 21 29 | 11
#1562-d111 @A: 33 27 29 03 | 05
#1563-d111 @A: 31 29 22 06 | 02
#1564-d111 @A: 27 29 04 09 | 07
#1565-d111 @A: 10 13 04 29 | 03
#1566-d111 @A: 29 23 24 13 | 08
#1567-d111 @A: 16 29 26 19 | 12
#1568-d111 @A: 19 01 27 29 | 04
#1569-d111 @A: 05 06 34 29 | 01
#1570-d111 @A: 05 14 29 15 | 10
#1571-d111 @A: 29 06 30 17 | 06
#1572-d111 @A: 12 06 33 25 | 09
#1573-d111 @A: 25 23 07 12 | 11
#1574-d111 @A: 03 10 25 12 | 05
#1575-d111 @A: 33 25 01 27 | 02
#1576-d111 @A: 22 05 25 27 | 07
#1577-d111 @A: 30 25 23 13 | 03
#1578-d111 @A: 32 25 34 16 | 08
#1579-d111 @A: 25 28 35 16 | 12
#1580-d111 @A: 06 25 15 14 | 04
#1581-d111 @A: 02 12 08 24 | 01
#1582-d111 @A: 20 01 33 08 | 10
#1583-d111 @A: 24 33 08 15 | 06
#1584-d111 @A: 07 34 08 33 | 09
#1585-d111 @A: 11 21 08 19 | 11
#1586-d111 @A: 06 28 08 27 | 05
#1587-d111 @A: 35 16 17 08 | 02
#1588-d111 @A: 07 05 08 17 | 07
#1589-d111 @A: 26 08 06 01 | 03
#1590-d111 @A: 08 35 07 01 | 08
#1591-d111 @A: 15 07 13 08 | 12
#1592-d111 @A: 04 15 18 33 | 04
#1593-d111 @A: 20 21 18 11 | 01
#1594-d111 @A: 18 16 22 07 | 10
#1595-d111 @A: 18 04 32 06 | 06
#1596-d111 @A: 23 35 18 28 | 09
#1597-d111 @A: 16 18 23 34 | 11
#1598-d111 @A: 11 32 18 01 | 05
#1599-d111 @A: 11 16 28 18 | 02
#1600-d111 @A: 18 30 19 27 | 07
#1601-d111 @A: 10 18 01 27 | 03
#1602-d111 @A: 14 18 34 26 | 08
#1603-d111 @A: 13 09 17 18 | 12
#1604-d111 @A: 06 09 18 10 | 04
#1605-d111 @A: 02 18 03 30 | 01
#1606-d111 @A: 12 28 15 33 | 10
#1607-d111 @A: 22 21 12 04 | 06
#1608-d111 @A: 19 06 12 22 | 09
#1609-d111 @A: 14 12 10 22 | 11
#1610-d111 @A: 23 12 14 11 | 05
#1611-d111 @A: 01 12 27 23 | 02
#1612-d111 @A: 11 12 24 06 | 07
#1613-d111 @A: 35 19 12 16 | 03
#1614-d111 @A: 12 09 16 05 | 08
#1615-d111 @A: 10 05 12 19 | 12
#1616-d111 @A: 14 12 13 17 | 04
#1617-d111 @A: 11 30 20 33 | 01
#1618-d111 @A: 02 28 20 33 | 10
#1619-d111 @A: 20 33 34 16 | 06
#1620-d111 @A: 20 06 33 35 | 09
#1621-d111 @A: 09 11 33 31 | 11
#1622-d111 @A: 23 22 33 19 | 05
#1623-d111 @A: 13 22 27 33 | 02
#1624-d111 @A: 22 33 14 34 | 07
#1625-d111 @A: 22 33 10 15 | 03
#1626-d111 @A: 09 24 17 33 | 08
#1627-d111 @A: 07 33 14 06 | 12
#1628-d111 @A: 33 02 10 06 | 04
#1629-d111 @A: 03 20 19 22 | 01
#1630-d111 @A: 14 30 19 20 | 10
#1631-d111 @A: 13 20 05 17 | 06
#1632-d111 @A: 30 02 01 20 | 09
#1633-d111 @A: 23 31 16 30 | 11
#1634-d111 @A: 31 14 23 24 | 05
#1635-d111 @A: 28 31 35 27 | 02
#1636-d111 @A: 05 16 31 27 | 07
#1637-d111 @A: 05 21 31 26 | 03
#1638-d111 @A: 09 31 26 02 | 08
#1639-d111 @A: 31 13 07 21 | 12
#1640-d111 @A: 07 06 31 15 | 04
#1641-d111 @A: 31 03 17 21 | 01
#1642-d111 @A: 05 15 22 01 | 10
#1643-d111 @A: 21 17 01 22 | 06
#1644-d111 @A: 04 24 23 10 | 09
#1645-d111 @A: 32 30 04 11 | 11
#1646-d111 @A: 17 27 04 28 | 05
#1647-d111 @A: 30 05 04 07 | 02
#1648-d111 @A: 01 04 34 06 | 07
#1649-d111 @A: 34 13 17 04 | 03
#1650-d111 @A: 02 15 04 13 | 08
#1651-d111 @A: 15 04 14 07 | 12
#1652-d111 @A: 35 14 02 04 | 04
#1653-d111 @A: 04 06 10 03 | 01
#1654-d111 @A: 32 23 26 11 | 10
#1655-d111 @A: 11 23 17 01 | 06
#1656-d111 @A: 34 05 23 26 | 09
#1657-d111 @A: 13 23 03 26 | 11
#1658-d111 @A: 35 15 23 26 | 05
#1659-d111 @A: 13 09 01 23 | 02
#1660-d111 @A: 17 30 23 34 | 07
#1661-d111 @A: 11 10 02 32 | 03
#1662-d111 @A: 06 03 05 32 | 08
#1663-d111 @A: 24 10 13 11 | 12
#1664-d111 @A: 14 11 26 02 | 04
#1665-d111 @A: 11 15 26 34 | 01
#1666-d111 @A: 35 11 15 13 | 10
#1667-d111 @A: 17 09 07 11 | 06
#1668-d111 @A: 34 17 21 11 | 09
#1669-d111 @A: 11 09 34 35 | 11
#1670-d111 @A: 14 03 11 34 | 05
#1671-d111 @A: 15 21 13 28 | 02
#1672-d111 @A: 14 28 03 17 | 07
#1673-d111 @A: 21 16 15 24 | 03
#1674-d111 @A: 27 13 16 15 | 08
#1675-d111 @A: 14 21 16 13 | 12
#1676-d111 @A: 16 14 10 13 | 04
#1677-d111 @A: 07 02 14 16 | 01
#1678-d111 @A: 19 15 05 21 | 10
#1679-d111 @A: 01 19 13 17 | 06
#1680-d111 @A: 10 15 19 13 | 09
#1681-d111 @A: 09 14 10 19 | 11
#1682-d111 @A: 19 02 34 21 | 05
#1683-d111 @A: 30 27 24 05 | 02
#1684-d111 @A: 10 06 34 24 | 07
#1685-d111 @A: 02 09 27 05 | 03
#1686-d111 @A: 15 35 27 05 | 08
#1687-d111 @A: 27 13 02 34 | 12
#1688-d111 @A: 30 27 15 09 | 04
#1689-d111 @A: 26 10 34 14 | 01
