#0001-d228 @A: 16 13 20 03 | 02
#0002-d228 @A: 18 25 16 09 | 09
#0003-d228 @A: 16 11 18 23 | 11
#0004-d228 @A: 03 31 12 16 | 10
#0005-d228 @A: 21 31 19 16 | 01
#0006-d228 @A: 31 16 05 22 | 03
#0007-d228 @A: 27 09 02 16 | 07
#0008-d228 @A: 16 15 13 09 | 12
#0009-d228 @A: 15 24 16 34 | 04
#0010-d228 @A: 34 06 27 16 | 06
#0011-d228 @A: 33 16 01 21 | 05
#0012-d228 @A: 05 21 32 16 | 08
#0013-d228 @A: 02 19 29 16 | 02
#0014-d228 @A: 13 16 25 04 | 09
#0015-d228 @A: 19 16 13 10 | 11
#0016-d228 @A: 16 33 13 05 | 10
#0017-d228 @A: 27 26 13 16 | 01
#0018-d228 @A: 11 16 03 10 | 03
#0019-d228 @A: 33 15 16 19 | 07
#0020-d228 @A: 20 31 17 34 | 12
#0021-d228 @A: 20 09 02 04 | 04
#0022-d228 @A: 08 20 09 28 | 06
#0023-d228 @A: 21 20 10 24 | 05
#0024-d228 @A: 20 22 21 27 | 08
#0025-d228 @A: 21 20 17 06 | 02
#0026-d228 @A: 21 20 32 03 | 09
#0027-d228 @A: 17 07 20 22 | 11
#0028-d228 @A: 07 19 20 02 | 10
#0029-d228 @A: 30 20 04 01 | 01
#0030-d228 @A: 08 02 22 20 | 03
#0031-d228 @A: 20 35 22 05 | 07
#0032-d228 @A: 20 05 01 19 | 12
#0033-d228 @A: 15 20 11 04 | 04
#0034-d228 @A: 03 04 20 33 | 06
#0035-d228 @A: 13 35 20 26 | 05
#0036-d228 @A: 33 10 14 20 | 08
#0037-d228 @A: 18 34 07 08 | 02
#0038-d228 @A: 17 21 23 18 | 09
#0039-d228 @A: 07 29 11 18 | 11
#0040-d228 @A: 03 18 07 24 | 10
#0041-d228 @A: 07 23 32 18 | 01
#0042-d228 @A: 28 18 26 29 | 03
#0043-d228 @A: 24 08 01 18 | 07
#0044-d228 @A: 22 01 19 18 | 12
#0045-d228 @A: 32 15 18 01 | 04
#0046-d228 @A: 28 10 19 18 | 06
#0047-d228 @A: 18 10 08 25 | 05
#0048-d228 @A: 34 26 30 12 | 08
#0049-d228 @A: 30 05 21 12 | 02
#0050-d228 @A: 12 21 17 04 | 09
#0051-d228 @A: 07 12 13 28 | 11
#0052-d228 @A: 12 17 27 30 | 10
#0053-d228 @A: 12 24 02 03 | 01
#0054-d228 @A: 13 02 23 12 | 03
#0055-d228 @A: 11 25 12 17 | 07
#0056-d228 @A: 10 14 26 12 | 12
#0057-d228 @A: 28 14 34 31 | 04
#0058-d228 @A: 34 10 31 35 | 06
#0059-d228 @A: 07 31 35 29 | 05
#0060-d228 @A: 05 31 27 07 | 08
#0061-d228 @A: 03 31 29 24 | 02
#0062-d228 @A: 05 02 29 31 | 09
#0063-d228 @A: 06 26 31 01 | 11
#0064-d228 @A: 08 01 31 10 | 10
#0065-d228 @A: 28 05 04 31 | 01
#0066-d228 @A: 05 32 31 06 | 03
#0067-d228 @A: 32 13 31 27 | 07
#0068-d228 @A: 31 14 11 15 | 12
#0069-d228 @A: 09 07 13 21 | 04
#0070-d228 @A: 09 30 32 29 | 06
#0071-d228 @A: 06 09 24 35 | 05
#0072-d228 @A: 27 24 25 09 | 08
#0073-d228 @A: 10 01 09 02 | 02
#0074-d228 @A: 09 35 01 28 | 09
#0075-d228 @A: 09 33 04 14 | 11
#0076-d228 @A: 27 14 09 11 | 10
#0077-d228 @A: 30 14 34 21 | 01
#0078-d228 @A: 34 10 07 30 | 03
#0079-d228 @A: 32 34 22 30 | 07
#0080-d228 @A: 34 23 35 02 | 12
#0081-d228 @A: 02 34 25 15 | 04
#0082-d228 @A: 27 34 13 11 | 06
#0083-d228 @A: 19 03 34 27 | 05
#0084-d228 @A: 07 21 01 03 | 08
#0085-d228 @A: 33 21 28 07 | 02
#0086-d228 @A: 08 30 21 06 | 09
#0087-d228 @A: 01 21 32 17 | 11
#0088-d228 @A: 28 15 06 21 | 10
#0089-d228 @A: 05 21 08 28 | 01
#0090-d228 @A: 21 08 13 19 | 03
#0091-d228 @A: 21 15 08 33 | 07
#0092-d228 @A: 13 27 21 35 | 12
#0093-d228 @A: 25 07 30 33 | 04
#0094-d228 @A: 06 07 32 24 | 06
#0095-d228 @A: 13 07 24 26 | 05
#0096-d228 @A: 19 07 28 01 | 08
#0097-d228 @A: 05 08 13 07 | 02
#0098-d228 @A: 33 24 29 23 | 09
#0099-d228 @A: 24 06 29 04 | 11
#0100-d228 @A: 29 11 23 02 | 10
#0101-d228 @A: 19 06 05 29 | 01
#0102-d228 @A: 35 32 13 29 | 03
#0103-d228 @A: 30 28 01 32 | 07
#0104-d228 @A: 15 04 27 30 | 12
#0105-d228 @A: 17 30 03 10 | 04
#0106-d228 @A: 15 19 30 17 | 06
#0107-d228 @A: 15 11 26 30 | 05
#0108-d228 @A: 13 06 24 01 | 08
#0109-d228 @A: 32 24 27 28 | 02
#0110-d228 @A: 17 08 24 26 | 09
#0111-d228 @A: 17 03 24 27 | 11
#0112-d228 @A: 11 24 03 26 | 10
#0113-d228 @A: 02 10 22 06 | 01
#0114-d228 @A: 01 22 28 26 | 03
#0115-d228 @A: 23 05 22 25 | 07
#0116-d228 @A: 02 06 01 23 | 12
#0117-d228 @A: 17 13 02 08 | 04
#0118-d228 @A: 13 05 02 32 | 06
#0119-d228 @A: 19 13 14 01 | 05
#0120-d228 @A: 15 01 14 10 | 08
#0121-d228 @A: 23 28 26 03 | 02
#0122-d228 @A: 19 15 25 28 | 09
#0123-d228 @A: 28 11 17 10 | 11
#0124-d228 @A: 27 11 28 05 | 10
#0125-d228 @A: 03 25 23 08 | 01
#0126-d228 @A: 27 32 05 23 | 03
#0127-d228 @A: 32 08 19 06 | 07
#0128-d228 @A: 16 07 27 18 | 12
#0129-d228 @A: 16 18 32 29 | 04
#0130-d228 @A: 16 12 15 30 | 06
#0131-d228 @A: 09 33 03 16 | 05
#0132-d228 @A: 13 29 16 22 | 08
#0133-d228 @A: 16 28 03 02 | 02
#0134-d228 @A: 11 15 08 16 | 09
#0135-d228 @A: 10 16 26 08 | 11
#0136-d228 @A: 03 16 27 14 | 10
#0137-d228 @A: 25 12 20 07 | 01
#0138-d228 @A: 27 20 01 12 | 03
#0139-d228 @A: 33 23 12 20 | 07
#0140-d228 @A: 31 30 32 20 | 12
#0141-d228 @A: 20 09 11 34 | 04
#0142-d228 @A: 20 21 26 09 | 06
#0143-d228 @A: 20 34 15 21 | 05
#0144-d228 @A: 28 30 34 20 | 08
#0145-d228 @A: 20 25 29 26 | 02
#0146-d228 @A: 24 08 15 20 | 09
#0147-d228 @A: 22 01 25 20 | 11
#0148-d228 @A: 14 20 22 23 | 10
#0149-d228 @A: 20 06 22 03 | 01
#0150-d228 @A: 11 25 32 20 | 03
#0151-d228 @A: 29 01 12 18 | 07
#0152-d228 @A: 19 18 12 30 | 12
#0153-d228 @A: 12 26 18 11 | 04
#0154-d228 @A: 08 09 02 18 | 06
#0155-d228 @A: 25 24 34 18 | 05
#0156-d228 @A: 11 18 34 02 | 08
#0157-d228 @A: 34 18 23 15 | 02
#0158-d228 @A: 02 07 33 18 | 09
#0159-d228 @A: 07 10 18 01 | 11
#0160-d228 @A: 29 18 19 08 | 10
#0161-d228 @A: 15 17 18 22 | 01
#0162-d228 @A: 25 18 28 02 | 03
#0163-d228 @A: 13 14 06 18 | 07
#0164-d228 @A: 13 04 10 18 | 12
#0165-d228 @A: 25 18 27 14 | 04
#0166-d228 @A: 35 10 18 17 | 06
#0167-d228 @A: 15 05 18 17 | 05
#0168-d228 @A: 17 12 31 09 | 08
#0169-d228 @A: 23 12 10 31 | 02
#0170-d228 @A: 12 02 27 21 | 09
#0171-d228 @A: 07 04 12 29 | 11
#0172-d228 @A: 12 06 35 07 | 10
#0173-d228 @A: 12 35 28 29 | 01
#0174-d228 @A: 30 12 14 06 | 03
#0175-d228 @A: 22 04 12 06 | 07
#0176-d228 @A: 12 33 04 26 | 12
#0177-d228 @A: 13 26 12 17 | 04
#0178-d228 @A: 12 03 26 25 | 06
#0179-d228 @A: 35 05 27 12 | 05
#0180-d228 @A: 31 09 34 26 | 08
#0181-d228 @A: 31 09 32 07 | 02
#0182-d228 @A: 02 31 09 19 | 09
#0183-d228 @A: 30 21 31 03 | 11
#0184-d228 @A: 31 30 17 23 | 10
#0185-d228 @A: 04 11 01 31 | 01
#0186-d228 @A: 03 04 25 31 | 03
#0187-d228 @A: 31 11 26 13 | 07
#0188-d228 @A: 32 35 19 31 | 12
#0189-d228 @A: 26 03 31 19 | 04
#0190-d228 @A: 09 07 34 05 | 06
#0191-d228 @A: 03 34 01 09 | 05
#0192-d228 @A: 34 09 32 23 | 08
#0193-d228 @A: 28 09 22 27 | 02
#0194-d228 @A: 05 04 10 09 | 09
#0195-d228 @A: 08 35 09 25 | 11
#0196-d228 @A: 13 25 09 26 | 10
#0197-d228 @A: 35 10 09 13 | 01
#0198-d228 @A: 11 15 25 09 | 03
#0199-d228 @A: 27 15 32 09 | 07
#0200-d228 @A: 27 33 10 09 | 12
#0201-d228 @A: 33 19 09 26 | 04
#0202-d228 @A: 34 21 24 33 | 06
#0203-d228 @A: 06 30 23 34 | 05
#0204-d228 @A: 25 30 34 27 | 08
#0205-d228 @A: 34 11 30 03 | 02
#0206-d228 @A: 28 01 25 34 | 09
#0207-d228 @A: 01 05 06 34 | 11
#0208-d228 @A: 06 11 34 17 | 10
#0209-d228 @A: 17 13 15 34 | 01
#0210-d228 @A: 03 32 34 35 | 03
#0211-d228 @A: 34 27 33 05 | 07
#0212-d228 @A: 21 02 15 30 | 12
#0213-d228 @A: 01 10 30 21 | 04
#0214-d228 @A: 27 30 23 21 | 06
#0215-d228 @A: 06 22 21 23 | 05
#0216-d228 @A: 33 02 06 21 | 08
#0217-d228 @A: 21 05 27 02 | 02
#0218-d228 @A: 14 28 21 01 | 09
#0219-d228 @A: 21 26 01 13 | 11
#0220-d228 @A: 13 21 11 28 | 10
#0221-d228 @A: 05 06 27 21 | 01
#0222-d228 @A: 13 25 21 33 | 03
#0223-d228 @A: 13 10 21 17 | 07
#0224-d228 @A: 11 19 17 21 | 12
#0225-d228 @A: 21 33 26 11 | 04
#0226-d228 @A: 27 29 07 22 | 06
#0227-d228 @A: 29 23 07 25 | 05
#0228-d228 @A: 07 14 23 02 | 08
#0229-d228 @A: 08 03 15 07 | 02
#0230-d228 @A: 07 10 32 33 | 09
#0231-d228 @A: 17 07 11 26 | 11
#0232-d228 @A: 33 07 15 11 | 10
#0233-d228 @A: 02 29 32 24 | 01
#0234-d228 @A: 32 22 29 06 | 03
#0235-d228 @A: 19 29 17 22 | 07
#0236-d228 @A: 04 15 29 02 | 12
#0237-d228 @A: 17 32 26 29 | 04
#0238-d228 @A: 19 10 15 29 | 06
#0239-d228 @A: 29 15 26 27 | 05
#0240-d228 @A: 30 24 22 08 | 08
#0241-d228 @A: 30 11 22 05 | 02
#0242-d228 @A: 26 13 30 10 | 09
#0243-d228 @A: 30 15 14 13 | 11
#0244-d228 @A: 11 35 30 32 | 10
#0245-d228 @A: 32 30 15 33 | 01
#0246-d228 @A: 33 30 14 11 | 03
#0247-d228 @A: 05 24 14 22 | 07
#0248-d228 @A: 24 17 33 25 | 12
#0249-d228 @A: 24 10 14 19 | 04
#0250-d228 @A: 03 01 14 22 | 06
#0251-d228 @A: 25 04 26 22 | 05
#0252-d228 @A: 04 01 02 28 | 08
#0253-d228 @A: 13 32 02 03 | 02
#0254-d228 @A: 02 14 33 15 | 09
#0255-d228 @A: 25 19 06 01 | 11
#0256-d228 @A: 01 10 32 11 | 10
#0257-d228 @A: 32 01 14 05 | 01
#0258-d228 @A: 17 01 26 19 | 03
#0259-d228 @A: 28 05 17 23 | 07
#0260-d228 @A: 04 25 28 33 | 12
#0261-d228 @A: 13 03 08 28 | 04
#0262-d228 @A: 17 28 32 14 | 06
#0263-d228 @A: 28 32 05 26 | 05
#0264-d228 @A: 04 23 19 15 | 08
#0265-d228 @A: 10 05 11 23 | 02
#0266-d228 @A: 14 15 26 23 | 09
#0267-d228 @A: 13 17 04 06 | 11
#0268-d228 @A: 27 35 10 06 | 10
#0269-d228 @A: 11 08 33 05 | 01
#0270-d228 @A: 29 10 16 20 | 03
#0271-d228 @A: 01 20 16 15 | 07
#0272-d228 @A: 16 23 20 19 | 12
#0273-d228 @A: 20 16 25 17 | 04
#0274-d228 @A: 12 13 16 21 | 06
#0275-d228 @A: 26 16 29 12 | 05
#0276-d228 @A: 16 14 12 23 | 08
#0277-d228 @A: 30 17 16 09 | 02
#0278-d228 @A: 16 24 04 09 | 09
#0279-d228 @A: 09 06 16 26 | 11
#0280-d228 @A: 27 05 09 16 | 10
#0281-d228 @A: 07 16 03 30 | 01
#0282-d228 @A: 32 16 35 07 | 03
#0283-d228 @A: 06 22 19 16 | 07
#0284-d228 @A: 35 16 28 23 | 12
#0285-d228 @A: 28 27 16 15 | 04
#0286-d228 @A: 28 15 16 05 | 06
#0287-d228 @A: 05 25 14 16 | 05
#0288-d228 @A: 10 16 14 32 | 08
#0289-d228 @A: 17 16 26 03 | 02
#0290-d228 @A: 12 20 04 18 | 09
#0291-d228 @A: 03 23 20 18 | 11
#0292-d228 @A: 29 08 12 20 | 10
#0293-d228 @A: 02 20 15 12 | 01
#0294-d228 @A: 17 20 05 12 | 03
#0295-d228 @A: 20 34 27 02 | 07
#0296-d228 @A: 07 29 32 20 | 12
#0297-d228 @A: 29 22 20 15 | 04
#0298-d228 @A: 35 20 30 22 | 06
#0299-d228 @A: 12 05 18 29 | 05
#0300-d228 @A: 18 12 32 28 | 08
#0301-d228 @A: 21 31 32 18 | 02
#0302-d228 @A: 21 09 27 18 | 09
#0303-d228 @A: 28 04 18 34 | 11
#0304-d228 @A: 07 26 06 18 | 10
#0305-d228 @A: 30 18 29 25 | 01
#0306-d228 @A: 18 24 32 26 | 03
#0307-d228 @A: 04 22 03 18 | 07
#0308-d228 @A: 05 18 22 32 | 12
#0309-d228 @A: 18 05 02 06 | 04
#0310-d228 @A: 02 32 10 18 | 06
#0311-d228 @A: 17 33 01 18 | 05
#0312-d228 @A: 14 11 18 10 | 08
#0313-d228 @A: 33 26 14 18 | 02
#0314-d228 @A: 25 34 09 12 | 09
#0315-d228 @A: 35 23 12 09 | 11
#0316-d228 @A: 21 07 34 12 | 10
#0317-d228 @A: 29 34 12 17 | 01
#0318-d228 @A: 34 12 23 04 | 03
#0319-d228 @A: 29 11 30 12 | 07
#0320-d228 @A: 02 29 25 12 | 12
#0321-d228 @A: 28 19 12 22 | 04
#0322-d228 @A: 26 23 12 22 | 06
#0323-d228 @A: 12 10 25 04 | 05
#0324-d228 @A: 13 12 32 19 | 08
#0325-d228 @A: 27 32 26 12 | 02
#0326-d228 @A: 26 15 19 12 | 09
#0327-d228 @A: 25 09 30 31 | 11
#0328-d228 @A: 31 01 09 24 | 10
#0329-d228 @A: 34 06 31 04 | 01
#0330-d228 @A: 02 21 35 31 | 03
#0331-d228 @A: 31 10 22 07 | 07
#0332-d228 @A: 24 31 35 22 | 12
#0333-d228 @A: 17 31 06 22 | 04
#0334-d228 @A: 31 08 33 26 | 06
#0335-d228 @A: 10 31 17 32 | 05
#0336-d228 @A: 32 03 31 11 | 08
#0337-d228 @A: 31 15 10 05 | 02
#0338-d228 @A: 33 15 34 09 | 09
#0339-d228 @A: 04 21 23 09 | 11
#0340-d228 @A: 29 02 09 35 | 10
#0341-d228 @A: 14 30 09 08 | 01
#0342-d228 @A: 14 23 09 24 | 03
#0343-d228 @A: 08 09 06 22 | 07
#0344-d228 @A: 32 09 04 01 | 12
#0345-d228 @A: 09 10 25 19 | 04
#0346-d228 @A: 14 26 09 32 | 06
#0347-d228 @A: 03 17 09 15 | 05
#0348-d228 @A: 19 21 34 29 | 08
#0349-d228 @A: 34 19 30 13 | 02
#0350-d228 @A: 02 13 01 34 | 09
#0351-d228 @A: 28 03 06 34 | 11
#0352-d228 @A: 34 08 13 33 | 10
#0353-d228 @A: 17 34 03 08 | 01
#0354-d228 @A: 34 08 10 19 | 03
#0355-d228 @A: 34 33 32 17 | 07
#0356-d228 @A: 34 19 35 17 | 12
#0357-d228 @A: 21 07 10 29 | 04
#0358-d228 @A: 21 23 26 07 | 06
#0359-d228 @A: 21 23 32 24 | 05
#0360-d228 @A: 21 11 02 32 | 08
#0361-d228 @A: 21 14 04 25 | 02
#0362-d228 @A: 05 35 33 21 | 09
#0363-d228 @A: 19 21 10 03 | 11
#0364-d228 @A: 07 05 29 03 | 10
#0365-d228 @A: 02 22 07 35 | 01
#0366-d228 @A: 32 28 22 07 | 03
#0367-d228 @A: 22 07 11 23 | 07
#0368-d228 @A: 07 06 01 33 | 12
#0369-d228 @A: 07 28 25 08 | 04
#0370-d228 @A: 08 26 04 07 | 06
#0371-d228 @A: 13 07 27 15 | 05
#0372-d228 @A: 17 19 07 25 | 08
#0373-d228 @A: 29 05 23 30 | 02
#0374-d228 @A: 29 05 01 24 | 09
#0375-d228 @A: 29 10 01 23 | 11
#0376-d228 @A: 25 17 29 03 | 10
#0377-d228 @A: 32 17 24 30 | 01
#0378-d228 @A: 24 30 05 19 | 03
#0379-d228 @A: 30 11 22 01 | 07
#0380-d228 @A: 01 33 11 24 | 12
#0381-d228 @A: 11 04 08 24 | 04
#0382-d228 @A: 24 10 04 17 | 06
#0383-d228 @A: 24 10 25 32 | 05
#0384-d228 @A: 14 22 02 26 | 08
#0385-d228 @A: 08 22 35 15 | 02
#0386-d228 @A: 10 25 22 11 | 09
#0387-d228 @A: 33 22 19 25 | 11
#0388-d228 @A: 22 17 32 11 | 10
#0389-d228 @A: 02 01 15 11 | 01
#0390-d228 @A: 04 33 02 11 | 03
#0391-d228 @A: 13 11 02 35 | 07
#0392-d228 @A: 02 27 26 17 | 12
#0393-d228 @A: 05 15 01 13 | 04
#0394-d228 @A: 03 32 28 19 | 06
#0395-d228 @A: 10 26 15 28 | 05
#0396-d228 @A: 27 33 03 28 | 08
#0397-d228 @A: 26 06 25 10 | 02
#0398-d228 @A: 05 25 06 26 | 09
#0399-d228 @A: 19 14 26 06 | 11
#0400-d228 @A: 19 05 27 13 | 10
#0401-d228 @A: 05 27 10 14 | 01
#0402-d228 @A: 27 31 16 20 | 03
#0403-d228 @A: 30 16 20 24 | 07
#0404-d228 @A: 16 20 02 32 | 12
#0405-d228 @A: 11 09 16 31 | 04
#0406-d228 @A: 16 07 26 31 | 06
#0407-d228 @A: 16 34 03 29 | 05
#0408-d228 @A: 28 21 10 16 | 08
#0409-d228 @A: 21 27 17 16 | 02
#0410-d228 @A: 07 16 10 04 | 09
#0411-d228 @A: 16 35 24 29 | 11
#0412-d228 @A: 15 25 29 16 | 10
#0413-d228 @A: 13 16 33 30 | 01
#0414-d228 @A: 30 35 27 16 | 03
#0415-d228 @A: 01 13 11 16 | 07
#0416-d228 @A: 04 08 16 06 | 12
#0417-d228 @A: 32 16 27 08 | 04
#0418-d228 @A: 16 03 35 08 | 06
#0419-d228 @A: 10 15 17 16 | 05
#0420-d228 @A: 35 19 16 26 | 08
#0421-d228 @A: 21 25 20 18 | 02
#0422-d228 @A: 20 12 30 13 | 09
#0423-d228 @A: 24 31 20 25 | 11
#0424-d228 @A: 31 20 01 14 | 10
#0425-d228 @A: 20 10 31 06 | 01
#0426-d228 @A: 05 31 20 26 | 03
#0427-d228 @A: 20 03 30 09 | 07
#0428-d228 @A: 09 24 17 20 | 12
#0429-d228 @A: 34 20 24 07 | 04
#0430-d228 @A: 34 20 29 04 | 06
#0431-d228 @A: 32 34 10 20 | 05
#0432-d228 @A: 34 14 20 26 | 08
#0433-d228 @A: 20 11 21 07 | 02
#0434-d228 @A: 20 08 21 01 | 09
#0435-d228 @A: 14 20 29 30 | 11
#0436-d228 @A: 27 20 06 29 | 10
#0437-d228 @A: 19 29 03 20 | 01
#0438-d228 @A: 03 02 20 35 | 03
#0439-d228 @A: 04 17 20 35 | 07
#0440-d228 @A: 20 11 13 33 | 12
#0441-d228 @A: 25 14 15 20 | 04
#0442-d228 @A: 27 03 20 25 | 06
#0443-d228 @A: 10 20 27 11 | 05
#0444-d228 @A: 27 20 15 19 | 08
#0445-d228 @A: 18 31 02 12 | 02
#0446-d228 @A: 31 14 18 23 | 09
#0447-d228 @A: 31 18 19 04 | 11
#0448-d228 @A: 09 23 19 18 | 10
#0449-d228 @A: 06 18 32 34 | 01
#0450-d228 @A: 18 26 19 34 | 03
#0451-d228 @A: 29 23 18 04 | 07
#0452-d228 @A: 10 18 30 23 | 12
#0453-d228 @A: 24 19 02 18 | 04
#0454-d228 @A: 27 23 13 18 | 06
#0455-d228 @A: 14 04 08 18 | 05
#0456-d228 @A: 15 11 19 18 | 08
#0457-d228 @A: 14 07 12 31 | 02
#0458-d228 @A: 31 22 32 12 | 09
#0459-d228 @A: 06 11 12 31 | 11
#0460-d228 @A: 12 15 31 27 | 10
#0461-d228 @A: 26 09 07 12 | 01
#0462-d228 @A: 12 32 05 09 | 03
#0463-d228 @A: 12 19 24 34 | 07
#0464-d228 @A: 07 22 30 12 | 12
#0465-d228 @A: 10 27 12 29 | 04
#0466-d228 @A: 24 12 30 35 | 06
#0467-d228 @A: 27 12 23 28 | 05
#0468-d228 @A: 12 25 06 32 | 08
#0469-d228 @A: 08 32 11 12 | 02
#0470-d228 @A: 27 33 25 12 | 09
#0471-d228 @A: 27 31 09 06 | 11
#0472-d228 @A: 21 31 34 11 | 10
#0473-d228 @A: 07 34 02 31 | 01
#0474-d228 @A: 13 21 31 15 | 03
#0475-d228 @A: 31 05 25 21 | 07
#0476-d228 @A: 02 24 28 31 | 12
#0477-d228 @A: 23 24 31 26 | 04
#0478-d228 @A: 32 31 06 33 | 06
#0479-d228 @A: 19 17 31 08 | 05
#0480-d228 @A: 31 19 33 10 | 08
#0481-d228 @A: 30 21 35 09 | 02
#0482-d228 @A: 09 19 28 21 | 09
#0483-d228 @A: 28 29 09 10 | 11
#0484-d228 @A: 25 29 09 04 | 10
#0485-d228 @A: 29 09 05 08 | 01
#0486-d228 @A: 28 02 09 33 | 03
#0487-d228 @A: 14 06 09 01 | 07
#0488-d228 @A: 26 08 15 09 | 12
#0489-d228 @A: 10 26 09 11 | 04
#0490-d228 @A: 10 34 23 21 | 06
#0491-d228 @A: 34 01 07 04 | 05
#0492-d228 @A: 29 22 05 34 | 08
#0493-d228 @A: 14 05 23 34 | 02
#0494-d228 @A: 04 26 34 11 | 09
#0495-d228 @A: 34 04 33 27 | 11
#0496-d228 @A: 25 32 08 34 | 10
#0497-d228 @A: 34 05 10 13 | 01
#0498-d228 @A: 19 34 11 25 | 03
#0499-d228 @A: 32 28 21 29 | 07
#0500-d228 @A: 29 21 06 26 | 12
#0501-d228 @A: 21 22 19 24 | 04
#0502-d228 @A: 21 24 02 13 | 06
#0503-d228 @A: 23 21 05 22 | 05
#0504-d228 @A: 28 02 26 21 | 08
#0505-d228 @A: 23 21 19 02 | 02
#0506-d228 @A: 06 04 21 01 | 09
#0507-d228 @A: 21 27 28 08 | 11
#0508-d228 @A: 23 14 35 21 | 10
#0509-d228 @A: 13 03 04 21 | 01
#0510-d228 @A: 30 24 07 15 | 03
#0511-d228 @A: 13 32 30 07 | 07
#0512-d228 @A: 27 14 07 30 | 12
#0513-d228 @A: 17 02 01 07 | 04
#0514-d228 @A: 08 01 23 07 | 06
#0515-d228 @A: 17 07 06 28 | 05
#0516-d228 @A: 10 23 17 07 | 08
#0517-d228 @A: 17 03 07 32 | 02
#0518-d228 @A: 27 10 19 07 | 09
#0519-d228 @A: 30 29 26 24 | 11
#0520-d228 @A: 17 29 02 06 | 10
#0521-d228 @A: 03 02 29 10 | 01
#0522-d228 @A: 27 01 29 28 | 03
#0523-d228 @A: 29 06 01 15 | 07
#0524-d228 @A: 05 29 28 35 | 12
#0525-d228 @A: 04 10 29 32 | 04
#0526-d228 @A: 13 27 29 25 | 06
#0527-d228 @A: 17 13 29 05 | 05
#0528-d228 @A: 32 33 29 25 | 08
#0529-d228 @A: 25 29 35 10 | 02
#0530-d228 @A: 30 06 33 24 | 09
#0531-d228 @A: 06 28 30 27 | 11
#0532-d228 @A: 26 30 05 27 | 10
#0533-d228 @A: 13 08 32 24 | 01
#0534-d228 @A: 24 08 35 33 | 03
#0535-d228 @A: 08 10 03 24 | 07
#0536-d228 @A: 22 04 19 32 | 12
#0537-d228 @A: 22 11 08 13 | 04
#0538-d228 @A: 15 27 22 25 | 06
#0539-d228 @A: 35 15 02 28 | 05
#0540-d228 @A: 17 04 19 02 | 08
#0541-d228 @A: 27 02 10 04 | 02
#0542-d228 @A: 13 15 10 02 | 09
#0543-d228 @A: 11 26 02 25 | 11
#0544-d228 @A: 03 25 33 01 | 10
#0545-d228 @A: 33 19 01 32 | 01
#0546-d228 @A: 35 14 01 33 | 03
#0547-d228 @A: 27 04 13 28 | 07
#0548-d228 @A: 17 28 15 08 | 12
#0549-d228 @A: 26 14 28 13 | 04
#0550-d228 @A: 26 25 28 32 | 06
#0551-d228 @A: 27 28 25 11 | 05
#0552-d228 @A: 03 28 11 15 | 08
#0553-d228 @A: 23 04 27 14 | 02
#0554-d228 @A: 17 35 23 25 | 09
#0555-d228 @A: 14 23 10 25 | 11
#0556-d228 @A: 23 19 32 10 | 10
#0557-d228 @A: 26 08 13 06 | 01
#0558-d228 @A: 08 33 06 03 | 03
#0559-d228 @A: 06 27 14 15 | 07
#0560-d228 @A: 26 16 20 18 | 12
#0561-d228 @A: 21 20 16 35 | 04
#0562-d228 @A: 04 31 22 16 | 06
#0563-d228 @A: 25 16 31 02 | 05
#0564-d228 @A: 11 30 21 16 | 08
#0565-d228 @A: 21 16 08 02 | 02
#0566-d228 @A: 16 17 29 07 | 09
#0567-d228 @A: 29 06 16 11 | 11
#0568-d228 @A: 10 24 06 16 | 10
#0569-d228 @A: 02 16 15 23 | 01
#0570-d228 @A: 04 02 16 05 | 03
#0571-d228 @A: 23 16 01 05 | 07
#0572-d228 @A: 11 17 04 16 | 12
#0573-d228 @A: 16 33 08 17 | 04
#0574-d228 @A: 25 10 27 16 | 06
#0575-d228 @A: 31 18 20 08 | 05
#0576-d228 @A: 12 24 20 32 | 08
#0577-d228 @A: 13 02 20 31 | 02
#0578-d228 @A: 21 33 29 20 | 09
#0579-d228 @A: 05 20 30 13 | 11
#0580-d228 @A: 01 03 24 20 | 10
#0581-d228 @A: 26 20 01 23 | 01
#0582-d228 @A: 20 32 14 08 | 03
#0583-d228 @A: 35 20 11 14 | 07
#0584-d228 @A: 15 03 10 20 | 12
#0585-d228 @A: 12 24 10 18 | 04
#0586-d228 @A: 18 03 34 31 | 06
#0587-d228 @A: 22 29 18 31 | 05
#0588-d228 @A: 31 18 13 01 | 08
#0589-d228 @A: 13 18 05 31 | 02
#0590-d228 @A: 30 09 15 18 | 09
#0591-d228 @A: 18 24 09 22 | 11
#0592-d228 @A: 18 26 09 01 | 10
#0593-d228 @A: 30 18 04 05 | 01
#0594-d228 @A: 02 26 18 23 | 03
#0595-d228 @A: 26 18 03 13 | 07
#0596-d228 @A: 12 09 06 15 | 12
#0597-d228 @A: 12 34 35 22 | 04
#0598-d228 @A: 21 12 30 32 | 06
#0599-d228 @A: 21 06 12 03 | 05
#0600-d228 @A: 14 22 12 29 | 08
#0601-d228 @A: 02 19 06 12 | 02
#0602-d228 @A: 01 06 08 12 | 09
#0603-d228 @A: 12 17 15 33 | 11
#0604-d228 @A: 35 03 15 12 | 10
#0605-d228 @A: 21 17 31 28 | 01
#0606-d228 @A: 27 22 31 30 | 03
#0607-d228 @A: 02 31 30 14 | 07
#0608-d228 @A: 31 28 19 30 | 12
#0609-d228 @A: 03 01 31 23 | 04
#0610-d228 @A: 25 32 31 23 | 06
#0611-d228 @A: 04 35 31 15 | 05
#0612-d228 @A: 08 05 31 35 | 08
#0613-d228 @A: 05 14 31 33 | 02
#0614-d228 @A: 14 09 34 02 | 09
#0615-d228 @A: 09 04 34 35 | 11
#0616-d228 @A: 07 33 09 23 | 10
#0617-d228 @A: 09 05 19 07 | 01
#0618-d228 @A: 28 09 14 25 | 03
#0619-d228 @A: 28 17 26 09 | 07
#0620-d228 @A: 03 09 11 08 | 12
#0621-d228 @A: 09 10 14 03 | 04
#0622-d228 @A: 29 34 25 06 | 06
#0623-d228 @A: 04 03 10 34 | 05
#0624-d228 @A: 04 34 19 14 | 08
#0625-d228 @A: 07 21 17 30 | 02
#0626-d228 @A: 25 10 21 02 | 09
#0627-d228 @A: 21 26 10 32 | 11
#0628-d228 @A: 02 07 24 08 | 10
#0629-d228 @A: 11 07 25 24 | 01
#0630-d228 @A: 01 15 22 07 | 03
#0631-d228 @A: 07 13 22 06 | 07
#0632-d228 @A: 05 22 07 17 | 12
#0633-d228 @A: 07 27 02 28 | 04
#0634-d228 @A: 02 07 25 03 | 06
#0635-d228 @A: 17 07 15 04 | 05
#0636-d228 @A: 10 35 14 07 | 08
#0637-d228 @A: 19 35 07 03 | 02
#0638-d228 @A: 30 04 29 33 | 09
#0639-d228 @A: 22 08 25 29 | 11
#0640-d228 @A: 01 02 14 29 | 10
#0641-d228 @A: 33 29 13 17 | 01
#0642-d228 @A: 29 27 19 32 | 03
#0643-d228 @A: 15 17 29 35 | 07
#0644-d228 @A: 19 30 01 24 | 12
#0645-d228 @A: 30 02 11 28 | 04
#0646-d228 @A: 30 23 01 33 | 06
#0647-d228 @A: 08 30 11 17 | 05
#0648-d228 @A: 15 08 30 10 | 08
#0649-d228 @A: 11 13 30 25 | 02
#0650-d228 @A: 30 25 14 17 | 09
#0651-d228 @A: 14 32 30 03 | 11
#0652-d228 @A: 30 27 26 33 | 10
#0653-d228 @A: 24 01 02 35 | 01
#0654-d228 @A: 10 01 28 24 | 03
#0655-d228 @A: 28 33 14 24 | 07
#0656-d228 @A: 35 04 32 24 | 12
#0657-d228 @A: 05 28 06 22 | 04
#0658-d228 @A: 11 27 04 22 | 06
#0659-d228 @A: 22 33 13 14 | 05
#0660-d228 @A: 26 13 15 22 | 08
#0661-d228 @A: 22 25 32 14 | 02
#0662-d228 @A: 22 33 11 03 | 09
#0663-d228 @A: 02 19 35 25 | 11
#0664-d228 @A: 33 03 02 26 | 10
#0665-d228 @A: 01 04 27 17 | 01
#0666-d228 @A: 35 04 26 01 | 03
#0667-d228 @A: 35 08 32 01 | 07
#0668-d228 @A: 08 26 01 14 | 12
#0669-d228 @A: 17 19 28 33 | 04
#0670-d228 @A: 06 15 08 23 | 06
#0671-d228 @A: 04 17 33 23 | 05
#0672-d228 @A: 03 05 15 23 | 08
#0673-d228 @A: 23 19 33 05 | 02
#0674-d228 @A: 06 19 33 04 | 09
#0675-d228 @A: 08 05 10 06 | 11
#0676-d228 @A: 19 06 15 13 | 10
#0677-d228 @A: 15 06 25 17 | 01
#0678-d228 @A: 06 03 32 10 | 03
#0679-d228 @A: 33 26 06 15 | 07
#0680-d228 @A: 03 25 13 05 | 12
#0681-d228 @A: 25 35 05 10 | 04
#0682-d228 @A: 32 35 05 11 | 06
#0683-d228 @A: 16 31 10 18 | 05
#0684-d228 @A: 22 30 18 16 | 08
#0685-d228 @A: 05 19 16 18 | 02
#0686-d228 @A: 34 09 28 16 | 09
#0687-d228 @A: 25 34 16 14 | 11
#0688-d228 @A: 34 16 19 32 | 10
#0689-d228 @A: 16 07 02 13 | 01
#0690-d228 @A: 23 30 25 16 | 03
#0691-d228 @A: 30 32 16 06 | 07
#0692-d228 @A: 11 16 24 32 | 12
#0693-d228 @A: 02 35 06 16 | 04
#0694-d228 @A: 08 16 01 28 | 06
#0695-d228 @A: 16 25 08 19 | 05
#0696-d228 @A: 16 32 17 13 | 08
#0697-d228 @A: 16 17 05 11 | 02
#0698-d228 @A: 12 31 20 19 | 09
#0699-d228 @A: 20 22 12 09 | 11
#0700-d228 @A: 28 12 21 20 | 10
#0701-d228 @A: 20 06 12 26 | 01
#0702-d228 @A: 20 09 27 23 | 03
#0703-d228 @A: 07 15 23 20 | 07
#0704-d228 @A: 06 30 20 15 | 12
#0705-d228 @A: 11 02 20 24 | 04
#0706-d228 @A: 24 20 28 26 | 06
#0707-d228 @A: 28 20 33 06 | 05
#0708-d228 @A: 03 05 20 32 | 08
#0709-d228 @A: 35 12 18 21 | 02
#0710-d228 @A: 31 25 18 06 | 09
#0711-d228 @A: 35 18 09 07 | 11
#0712-d228 @A: 34 18 14 22 | 10
#0713-d228 @A: 18 29 27 24 | 01
#0714-d228 @A: 03 18 06 29 | 03
#0715-d228 @A: 04 24 18 33 | 07
#0716-d228 @A: 18 05 24 27 | 12
#0717-d228 @A: 27 18 02 22 | 04
#0718-d228 @A: 18 26 22 10 | 06
#0719-d228 @A: 18 28 06 08 | 05
#0720-d228 @A: 25 04 18 15 | 08
#0721-d228 @A: 32 18 11 27 | 02
#0722-d228 @A: 18 27 15 10 | 09
#0723-d228 @A: 31 34 12 13 | 11
#0724-d228 @A: 11 12 09 02 | 10
#0725-d228 @A: 21 11 10 12 | 01
#0726-d228 @A: 12 11 27 07 | 03
#0727-d228 @A: 30 28 25 12 | 07
#0728-d228 @A: 12 23 24 11 | 12
#0729-d228 @A: 12 05 02 14 | 04
#0730-d228 @A: 12 15 01 28 | 06
#0731-d228 @A: 28 12 14 11 | 05
#0732-d228 @A: 04 13 15 12 | 08
#0733-d228 @A: 14 33 12 32 | 02
#0734-d228 @A: 10 21 09 31 | 09
#0735-d228 @A: 01 21 22 31 | 11
#0736-d228 @A: 21 31 33 23 | 10
#0737-d228 @A: 27 31 26 21 | 01
#0738-d228 @A: 31 01 32 02 | 03
#0739-d228 @A: 02 31 23 04 | 07
#0740-d228 @A: 11 31 02 10 | 12
#0741-d228 @A: 31 28 23 11 | 04
#0742-d228 @A: 28 31 10 13 | 06
#0743-d228 @A: 23 05 31 35 | 05
#0744-d228 @A: 14 08 31 03 | 08
#0745-d228 @A: 33 17 11 31 | 02
#0746-d228 @A: 03 31 10 27 | 09
#0747-d228 @A: 17 09 07 34 | 11
#0748-d228 @A: 09 03 21 24 | 10
#0749-d228 @A: 25 01 09 21 | 01
#0750-d228 @A: 29 09 24 11 | 03
#0751-d228 @A: 09 01 17 22 | 07
#0752-d228 @A: 09 33 05 22 | 12
#0753-d228 @A: 09 25 02 23 | 04
#0754-d228 @A: 01 09 05 35 | 06
#0755-d228 @A: 09 25 17 32 | 05
#0756-d228 @A: 17 33 09 35 | 08
#0757-d228 @A: 03 09 05 11 | 02
#0758-d228 @A: 05 15 14 09 | 09
#0759-d228 @A: 07 03 22 34 | 11
#0760-d228 @A: 22 08 34 01 | 10
#0761-d228 @A: 19 34 23 22 | 01
#0762-d228 @A: 10 06 34 01 | 03
#0763-d228 @A: 04 17 25 34 | 07
#0764-d228 @A: 14 34 08 35 | 12
#0765-d228 @A: 25 13 03 34 | 04
#0766-d228 @A: 13 10 34 14 | 06
#0767-d228 @A: 02 21 04 07 | 05
#0768-d228 @A: 21 32 08 07 | 08
#0769-d228 @A: 21 22 02 29 | 02
#0770-d228 @A: 25 21 29 11 | 09
#0771-d228 @A: 29 27 21 03 | 11
#0772-d228 @A: 21 25 08 17 | 10
#0773-d228 @A: 21 14 05 13 | 01
#0774-d228 @A: 32 35 25 21 | 03
#0775-d228 @A: 32 15 21 19 | 07
#0776-d228 @A: 17 35 26 21 | 12
#0777-d228 @A: 07 26 29 33 | 04
#0778-d228 @A: 19 26 07 22 | 06
#0779-d228 @A: 07 25 32 15 | 05
#0780-d228 @A: 19 29 23 30 | 08
#0781-d228 @A: 35 29 23 22 | 02
#0782-d228 @A: 28 11 33 29 | 09
#0783-d228 @A: 06 35 29 14 | 11
#0784-d228 @A: 04 08 29 13 | 10
#0785-d228 @A: 05 33 14 29 | 01
#0786-d228 @A: 04 35 13 30 | 03
#0787-d228 @A: 33 30 08 19 | 07
#0788-d228 @A: 14 30 35 26 | 12
#0789-d228 @A: 30 35 33 03 | 04
#0790-d228 @A: 02 23 24 17 | 06
#0791-d228 @A: 24 06 28 25 | 05
#0792-d228 @A: 24 03 04 19 | 08
#0793-d228 @A: 08 32 05 24 | 02
#0794-d228 @A: 24 14 32 15 | 09
#0795-d228 @A: 10 17 05 24 | 11
#0796-d228 @A: 33 15 24 27 | 10
#0797-d228 @A: 02 03 22 05 | 01
#0798-d228 @A: 27 33 22 06 | 03
#0799-d228 @A: 03 19 22 08 | 07
#0800-d228 @A: 19 22 05 26 | 12
#0801-d228 @A: 23 28 08 02 | 04
#0802-d228 @A: 26 10 19 02 | 06
#0803-d228 @A: 10 19 01 04 | 05
#0804-d228 @A: 05 17 03 01 | 08
#0805-d228 @A: 17 04 28 03 | 02
#0806-d228 @A: 28 04 19 35 | 09
#0807-d228 @A: 23 04 11 25 | 11
#0808-d228 @A: 10 27 23 08 | 10
#0809-d228 @A: 23 08 14 33 | 01
#0810-d228 @A: 11 13 15 23 | 03
#0811-d228 @A: 27 26 25 23 | 07
#0812-d228 @A: 11 26 23 32 | 12
#0813-d228 @A: 15 27 17 23 | 04
#0814-d228 @A: 13 03 35 06 | 06
#0815-d228 @A: 32 27 06 17 | 05
#0816-d228 @A: 04 05 17 27 | 08
#0817-d228 @A: 32 33 15 05 | 02
#0818-d228 @A: 20 16 07 09 | 09
#0819-d228 @A: 24 18 13 16 | 11
#0820-d228 @A: 18 16 17 28 | 10
#0821-d228 @A: 35 15 18 16 | 01
#0822-d228 @A: 16 28 32 31 | 03
#0823-d228 @A: 35 09 16 22 | 07
#0824-d228 @A: 10 09 16 23 | 12
#0825-d228 @A: 15 16 21 07 | 04
#0826-d228 @A: 16 26 24 21 | 06
#0827-d228 @A: 16 07 01 25 | 05
#0828-d228 @A: 05 07 16 35 | 08
#0829-d228 @A: 14 28 29 16 | 02
#0830-d228 @A: 16 08 24 23 | 09
#0831-d228 @A: 16 10 01 22 | 11
#0832-d228 @A: 01 32 23 16 | 10
#0833-d228 @A: 08 14 16 13 | 01
#0834-d228 @A: 07 13 20 18 | 03
#0835-d228 @A: 30 20 27 18 | 07
#0836-d228 @A: 22 18 32 20 | 12
#0837-d228 @A: 01 20 11 18 | 04
#0838-d228 @A: 20 14 18 05 | 06
#0839-d228 @A: 21 20 31 04 | 05
#0840-d228 @A: 33 20 09 25 | 08
#0841-d228 @A: 20 07 11 05 | 02
#0842-d228 @A: 27 24 35 20 | 09
#0843-d228 @A: 28 20 22 11 | 11
#0844-d228 @A: 28 13 19 20 | 10
#0845-d228 @A: 08 20 17 10 | 01
#0846-d228 @A: 03 20 08 26 | 03
#0847-d228 @A: 33 32 26 20 | 07
#0848-d228 @A: 26 15 20 17 | 12
#0849-d228 @A: 34 27 18 12 | 04
#0850-d228 @A: 15 07 12 18 | 06
#0851-d228 @A: 18 09 29 17 | 05
#0852-d228 @A: 18 06 04 09 | 08
#0853-d228 @A: 18 30 21 33 | 02
#0854-d228 @A: 28 35 22 18 | 09
#0855-d228 @A: 18 02 15 06 | 11
#0856-d228 @A: 18 06 27 01 | 10
#0857-d228 @A: 06 18 05 23 | 01
#0858-d228 @A: 26 25 17 18 | 03
#0859-d228 @A: 27 03 35 18 | 07
#0860-d228 @A: 05 18 26 35 | 12
#0861-d228 @A: 04 12 31 30 | 04
#0862-d228 @A: 09 13 12 01 | 06
#0863-d228 @A: 12 14 34 15 | 05
#0864-d228 @A: 12 25 21 22 | 08
#0865-d228 @A: 23 21 15 12 | 02
#0866-d228 @A: 12 24 06 27 | 09
#0867-d228 @A: 12 22 02 01 | 11
#0868-d228 @A: 08 22 17 12 | 10
#0869-d228 @A: 12 11 15 22 | 01
#0870-d228 @A: 02 12 08 14 | 03
#0871-d228 @A: 23 12 01 17 | 07
#0872-d228 @A: 12 08 25 05 | 12
#0873-d228 @A: 12 27 08 03 | 04
#0874-d228 @A: 12 33 35 13 | 06
#0875-d228 @A: 19 10 17 12 | 05
#0876-d228 @A: 12 14 19 03 | 08
#0877-d228 @A: 05 03 12 19 | 02
#0878-d228 @A: 31 05 09 24 | 09
#0879-d228 @A: 34 24 31 32 | 11
#0880-d228 @A: 23 34 27 31 | 10
#0881-d228 @A: 34 11 31 05 | 01
#0882-d228 @A: 23 19 07 31 | 03
#0883-d228 @A: 31 10 26 29 | 07
#0884-d228 @A: 30 05 31 03 | 12
#0885-d228 @A: 24 19 06 31 | 04
#0886-d228 @A: 31 22 03 13 | 06
#0887-d228 @A: 31 04 08 27 | 05
#0888-d228 @A: 32 08 31 15 | 08
#0889-d228 @A: 22 09 07 04 | 02
#0890-d228 @A: 06 29 09 33 | 09
#0891-d228 @A: 30 09 13 02 | 11
#0892-d228 @A: 30 05 25 09 | 10
#0893-d228 @A: 15 24 09 28 | 01
#0894-d228 @A: 11 04 09 13 | 03
#0895-d228 @A: 10 08 32 09 | 07
#0896-d228 @A: 17 09 14 13 | 12
#0897-d228 @A: 09 32 11 33 | 04
#0898-d228 @A: 21 32 34 04 | 06
#0899-d228 @A: 34 11 24 28 | 05
#0900-d228 @A: 02 19 34 28 | 08
#0901-d228 @A: 06 26 02 34 | 02
#0902-d228 @A: 34 01 33 26 | 09
#0903-d228 @A: 34 15 08 04 | 11
#0904-d228 @A: 34 05 19 35 | 10
#0905-d228 @A: 34 14 33 03 | 01
#0906-d228 @A: 03 34 26 15 | 03
#0907-d228 @A: 21 29 08 23 | 07
#0908-d228 @A: 21 24 30 25 | 12
#0909-d228 @A: 26 30 21 22 | 04
#0910-d228 @A: 01 21 24 15 | 06
#0911-d228 @A: 23 28 25 21 | 05
#0912-d228 @A: 14 11 21 08 | 08
#0913-d228 @A: 26 03 21 14 | 02
#0914-d228 @A: 06 19 07 30 | 09
#0915-d228 @A: 14 07 04 32 | 11
#0916-d228 @A: 14 25 07 26 | 10
#0917-d228 @A: 11 15 32 29 | 01
#0918-d228 @A: 26 29 03 35 | 03
#0919-d228 @A: 27 14 29 33 | 07
#0920-d228 @A: 24 14 30 04 | 12
#0921-d228 @A: 04 22 30 23 | 04
#0922-d228 @A: 17 30 13 22 | 06
#0923-d228 @A: 17 02 30 35 | 05
#0924-d228 @A: 02 30 35 05 | 08
#0925-d228 @A: 33 30 28 10 | 02
#0926-d228 @A: 30 25 35 15 | 09
#0927-d228 @A: 30 35 19 10 | 11
#0928-d228 @A: 22 06 24 26 | 10
#0929-d228 @A: 14 08 25 24 | 01
#0930-d228 @A: 27 19 08 24 | 03
#0931-d228 @A: 27 13 24 10 | 07
#0932-d228 @A: 35 03 25 24 | 12
#0933-d228 @A: 24 19 26 25 | 04
#0934-d228 @A: 19 15 24 35 | 06
#0935-d228 @A: 22 11 35 26 | 05
#0936-d228 @A: 35 19 22 14 | 08
#0937-d228 @A: 22 33 10 15 | 02
#0938-d228 @A: 02 05 01 11 | 09
#0939-d228 @A: 08 02 04 32 | 11
#0940-d228 @A: 17 08 02 05 | 10
#0941-d228 @A: 33 35 32 02 | 01
#0942-d228 @A: 02 03 11 19 | 03
#0943-d228 @A: 15 27 03 02 | 07
#0944-d228 @A: 28 13 01 23 | 12
#0945-d228 @A: 23 19 35 01 | 04
#0946-d228 @A: 05 08 26 01 | 06
#0947-d228 @A: 03 01 19 15 | 05
#0948-d228 @A: 28 15 33 13 | 08
#0949-d228 @A: 26 17 23 06 | 02
#0950-d228 @A: 11 03 23 06 | 09
#0951-d228 @A: 13 03 23 10 | 11
#0952-d228 @A: 23 27 35 11 | 10
#0953-d228 @A: 10 35 26 23 | 01
#0954-d228 @A: 06 03 27 04 | 03
#0955-d228 @A: 13 06 10 33 | 07
#0956-d228 @A: 06 25 11 33 | 12
#0957-d228 @A: 05 15 35 06 | 04
#0958-d228 @A: 19 05 14 04 | 06
#0959-d228 @A: 16 04 20 28 | 05
#0960-d228 @A: 08 16 20 05 | 08
#0961-d228 @A: 18 21 16 34 | 02
#0962-d228 @A: 02 04 12 16 | 09
#0963-d228 @A: 17 31 16 35 | 11
#0964-d228 @A: 07 16 11 34 | 10
#0965-d228 @A: 16 34 02 17 | 01
#0966-d228 @A: 16 25 21 06 | 03
#0967-d228 @A: 27 16 23 29 | 07
#0968-d228 @A: 16 30 05 06 | 12
#0969-d228 @A: 26 01 16 02 | 04
#0970-d228 @A: 16 01 03 06 | 06
#0971-d228 @A: 16 33 11 27 | 05
#0972-d228 @A: 16 03 05 26 | 08
#0973-d228 @A: 20 12 35 10 | 02
#0974-d228 @A: 23 20 09 05 | 09
#0975-d228 @A: 09 20 35 32 | 11
#0976-d228 @A: 05 20 21 24 | 10
#0977-d228 @A: 13 20 21 23 | 01
#0978-d228 @A: 26 27 20 07 | 03
#0979-d228 @A: 26 20 30 02 | 07
#0980-d228 @A: 30 10 25 20 | 12
#0981-d228 @A: 02 20 25 06 | 04
#0982-d228 @A: 02 05 20 25 | 06
#0983-d228 @A: 32 20 06 01 | 05
#0984-d228 @A: 35 33 15 20 | 08
#0985-d228 @A: 18 17 12 03 | 02
#0986-d228 @A: 18 29 34 10 | 09
#0987-d228 @A: 04 07 18 30 | 11
#0988-d228 @A: 18 07 25 22 | 10
#0989-d228 @A: 18 30 14 01 | 01
#0990-d228 @A: 28 18 30 13 | 03
#0991-d228 @A: 08 18 22 23 | 07
#0992-d228 @A: 02 35 18 04 | 12
#0993-d228 @A: 18 25 23 01 | 04
#0994-d228 @A: 15 13 08 18 | 06
#0995-d228 @A: 18 08 26 35 | 05
#0996-d228 @A: 33 32 18 13 | 08
#0997-d228 @A: 17 13 18 11 | 02
#0998-d228 @A: 33 18 03 10 | 09
#0999-d228 @A: 12 33 09 21 | 11
#1000-d228 @A: 19 12 09 29 | 10
#1001-d228 @A: 12 34 01 11 | 01
#1002-d228 @A: 05 34 12 28 | 03
#1003-d228 @A: 08 21 26 12 | 07
#1004-d228 @A: 32 07 12 01 | 12
#1005-d228 @A: 06 12 13 29 | 04
#1006-d228 @A: 22 12 05 04 | 06
#1007-d228 @A: 35 02 12 26 | 05
#1008-d228 @A: 04 12 01 14 | 08
#1009-d228 @A: 06 10 28 12 | 02
#1010-d228 @A: 25 34 31 22 | 09
#1011-d228 @A: 31 07 28 15 | 11
#1012-d228 @A: 15 31 29 30 | 10
#1013-d228 @A: 17 31 29 04 | 01
#1014-d228 @A: 30 24 31 10 | 03
#1015-d228 @A: 22 19 31 11 | 07
#1016-d228 @A: 02 26 31 15 | 12
#1017-d228 @A: 13 04 33 31 | 04
#1018-d228 @A: 17 19 31 05 | 06
#1019-d228 @A: 35 33 27 31 | 05
#1020-d228 @A: 33 03 15 31 | 08
#1021-d228 @A: 29 27 34 09 | 02
#1022-d228 @A: 09 15 02 07 | 09
#1023-d228 @A: 32 09 24 19 | 11
#1024-d228 @A: 22 23 13 09 | 10
#1025-d228 @A: 02 05 09 28 | 01
#1026-d228 @A: 33 09 08 01 | 03
#1027-d228 @A: 10 04 09 15 | 07
#1028-d228 @A: 11 09 35 19 | 12
#1029-d228 @A: 03 02 34 21 | 04
#1030-d228 @A: 34 26 25 21 | 06
#1031-d228 @A: 32 01 29 34 | 05
#1032-d228 @A: 28 13 34 29 | 08
#1033-d228 @A: 32 05 30 34 | 02
#1034-d228 @A: 10 24 02 34 | 09
#1035-d228 @A: 13 34 04 24 | 11
#1036-d228 @A: 23 11 34 08 | 10
#1037-d228 @A: 33 25 34 10 | 01
#1038-d228 @A: 21 24 07 35 | 03
#1039-d228 @A: 01 21 29 35 | 07
#1040-d228 @A: 10 01 05 21 | 12
#1041-d228 @A: 33 04 21 10 | 04
#1042-d228 @A: 19 25 27 21 | 06
#1043-d228 @A: 33 27 32 21 | 05
#1044-d228 @A: 11 03 35 21 | 08
#1045-d228 @A: 14 21 19 33 | 02
#1046-d228 @A: 24 29 07 19 | 09
#1047-d228 @A: 01 13 07 29 | 11
#1048-d228 @A: 07 27 23 24 | 10
#1049-d228 @A: 10 07 06 15 | 01
#1050-d228 @A: 11 04 03 07 | 03
#1051-d228 @A: 27 07 08 35 | 07
#1052-d228 @A: 05 07 32 25 | 12
#1053-d228 @A: 07 11 32 19 | 04
#1054-d228 @A: 26 10 03 07 | 06
#1055-d228 @A: 15 14 07 19 | 05
#1056-d228 @A: 25 24 29 01 | 08
#1057-d228 @A: 04 28 29 22 | 02
#1058-d228 @A: 15 26 05 29 | 09
#1059-d228 @A: 06 30 26 03 | 11
#1060-d228 @A: 08 30 25 26 | 10
#1061-d228 @A: 30 19 03 25 | 01
#1062-d228 @A: 05 17 30 32 | 03
#1063-d228 @A: 05 33 10 30 | 07
#1064-d228 @A: 23 13 24 05 | 12
#1065-d228 @A: 10 23 15 24 | 04
#1066-d228 @A: 03 15 24 06 | 06
#1067-d228 @A: 04 26 24 15 | 05
#1068-d228 @A: 14 13 03 24 | 08
#1069-d228 @A: 24 32 03 33 | 02
#1070-d228 @A: 17 24 11 15 | 09
#1071-d228 @A: 33 24 10 26 | 11
#1072-d228 @A: 13 22 28 02 | 10
#1073-d228 @A: 06 28 14 22 | 01
#1074-d228 @A: 32 08 22 26 | 03
#1075-d228 @A: 15 02 08 19 | 07
#1076-d228 @A: 14 02 19 32 | 12
#1077-d228 @A: 17 01 13 03 | 04
#1078-d228 @A: 13 33 27 01 | 06
#1079-d228 @A: 10 28 08 04 | 05
#1080-d228 @A: 28 13 25 17 | 08
#1081-d228 @A: 19 05 25 28 | 02
#1082-d228 @A: 35 03 14 28 | 09
#1083-d228 @A: 28 27 26 19 | 11
#1084-d228 @A: 06 33 35 23 | 10
#1085-d228 @A: 04 35 03 23 | 01
#1086-d228 @A: 23 13 08 35 | 03
#1087-d228 @A: 17 32 23 08 | 07
#1088-d228 @A: 19 13 17 23 | 12
#1089-d228 @A: 03 23 32 27 | 04
#1090-d228 @A: 06 14 11 04 | 06
#1091-d228 @A: 13 32 06 11 | 05
#1092-d228 @A: 06 32 26 35 | 08
#1093-d228 @A: 14 33 17 06 | 02
#1094-d228 @A: 11 26 06 27 | 09
#1095-d228 @A: 13 05 35 04 | 11
#1096-d228 @A: 16 08 20 34 | 10
#1097-d228 @A: 16 20 33 22 | 01
#1098-d228 @A: 16 18 12 08 | 03
#1099-d228 @A: 14 02 18 16 | 07
#1100-d228 @A: 16 18 06 33 | 12
#1101-d228 @A: 16 12 32 09 | 04
#1102-d228 @A: 12 24 25 16 | 06
#1103-d228 @A: 05 12 10 16 | 05
#1104-d228 @A: 01 34 31 16 | 08
#1105-d228 @A: 14 16 24 31 | 02
#1106-d228 @A: 06 16 31 15 | 09
#1107-d228 @A: 16 01 09 19 | 11
#1108-d228 @A: 06 23 16 07 | 10
#1109-d228 @A: 19 11 28 16 | 01
#1110-d228 @A: 16 03 15 04 | 03
#1111-d228 @A: 33 26 25 16 | 07
#1112-d228 @A: 26 16 14 11 | 12
#1113-d228 @A: 26 22 31 20 | 04
#1114-d228 @A: 20 35 31 23 | 06
#1115-d228 @A: 35 34 20 06 | 05
#1116-d228 @A: 15 05 20 34 | 08
#1117-d228 @A: 20 30 19 21 | 02
#1118-d228 @A: 01 20 35 07 | 09
#1119-d228 @A: 07 06 04 20 | 11
#1120-d228 @A: 07 03 20 14 | 10
#1121-d228 @A: 20 28 02 29 | 01
#1122-d228 @A: 23 20 30 11 | 03
#1123-d228 @A: 24 22 04 20 | 07
#1124-d228 @A: 04 23 20 08 | 12
#1125-d228 @A: 26 19 20 11 | 04
#1126-d228 @A: 22 12 33 18 | 06
#1127-d228 @A: 17 31 18 07 | 05
#1128-d228 @A: 18 35 31 11 | 08
#1129-d228 @A: 13 18 34 09 | 02
#1130-d228 @A: 18 05 09 21 | 09
#1131-d228 @A: 17 18 30 34 | 11
#1132-d228 @A: 18 08 05 34 | 10
#1133-d228 @A: 14 21 29 18 | 01
#1134-d228 @A: 01 02 18 21 | 03
#1135-d228 @A: 33 29 15 18 | 07
#1136-d228 @A: 08 18 17 27 | 12
#1137-d228 @A: 08 18 11 33 | 04
#1138-d228 @A: 25 33 35 18 | 06
#1139-d228 @A: 01 12 25 31 | 05
#1140-d228 @A: 31 05 01 12 | 08
#1141-d228 @A: 35 08 31 12 | 02
#1142-d228 @A: 15 12 29 24 | 09
#1143-d228 @A: 29 03 33 12 | 11
#1144-d228 @A: 04 32 03 12 | 10
#1145-d228 @A: 13 08 10 12 | 01
#1146-d228 @A: 13 11 03 12 | 03
#1147-d228 @A: 27 14 13 12 | 07
#1148-d228 @A: 12 35 14 25 | 12
#1149-d228 @A: 17 12 32 35 | 04
#1150-d228 @A: 09 22 14 31 | 06
#1151-d228 @A: 08 31 09 23 | 05
#1152-d228 @A: 03 09 35 31 | 08
#1153-d228 @A: 29 08 34 31 | 02
#1154-d228 @A: 02 31 27 29 | 09
#1155-d228 @A: 25 29 31 28 | 11
#1156-d228 @A: 06 31 29 23 | 10
#1157-d228 @A: 01 30 35 31 | 01
#1158-d228 @A: 17 31 24 13 | 03
#1159-d228 @A: 13 14 35 31 | 07
#1160-d228 @A: 27 31 17 25 | 12
#1161-d228 @A: 14 33 25 31 | 04
#1162-d228 @A: 26 14 31 17 | 06
#1163-d228 @A: 14 19 27 31 | 05
#1164-d228 @A: 09 10 22 34 | 08
#1165-d228 @A: 06 32 09 21 | 02
#1166-d228 @A: 10 09 24 07 | 09
#1167-d228 @A: 26 22 29 09 | 11
#1168-d228 @A: 30 26 23 09 | 10
#1169-d228 @A: 32 09 22 02 | 01
#1170-d228 @A: 03 09 25 22 | 03
#1171-d228 @A: 09 22 15 19 | 07
#1172-d228 @A: 21 01 27 34 | 12
#1173-d228 @A: 26 07 34 28 | 04
#1174-d228 @A: 07 27 32 34 | 06
#1175-d228 @A: 30 34 35 29 | 05
#1176-d228 @A: 24 34 29 14 | 08
#1177-d228 @A: 34 29 23 26 | 02
#1178-d228 @A: 24 08 06 34 | 09
#1179-d228 @A: 02 04 34 22 | 11
#1180-d228 @A: 34 33 28 22 | 10
#1181-d228 @A: 23 01 14 34 | 01
#1182-d228 @A: 13 26 32 34 | 03
#1183-d228 @A: 21 14 22 07 | 07
#1184-d228 @A: 04 05 07 21 | 12
#1185-d228 @A: 24 21 17 29 | 04
#1186-d228 @A: 19 21 35 06 | 06
#1187-d228 @A: 17 21 15 14 | 05
#1188-d228 @A: 21 03 33 17 | 08
#1189-d228 @A: 21 15 10 35 | 02
#1190-d228 @A: 10 14 21 27 | 09
#1191-d228 @A: 02 30 29 07 | 11
#1192-d228 @A: 06 29 07 08 | 10
#1193-d228 @A: 07 15 05 30 | 01
#1194-d228 @A: 02 06 07 11 | 03
#1195-d228 @A: 07 11 28 35 | 07
#1196-d228 @A: 04 33 35 07 | 12
#1197-d228 @A: 14 17 08 07 | 04
#1198-d228 @A: 35 26 15 07 | 06
#1199-d228 @A: 29 08 27 30 | 05
#1200-d228 @A: 26 08 02 29 | 08
#1201-d228 @A: 29 03 04 01 | 02
#1202-d228 @A: 23 15 29 28 | 09
#1203-d228 @A: 11 04 29 19 | 11
#1204-d228 @A: 32 29 03 08 | 10
#1205-d228 @A: 29 15 08 14 | 01
#1206-d228 @A: 13 11 29 10 | 03
#1207-d228 @A: 03 15 29 13 | 07
#1208-d228 @A: 30 06 25 22 | 12
#1209-d228 @A: 06 02 30 04 | 04
#1210-d228 @A: 30 13 08 01 | 06
#1211-d228 @A: 14 23 30 28 | 05
#1212-d228 @A: 30 03 23 15 | 08
#1213-d228 @A: 26 17 04 30 | 02
#1214-d228 @A: 11 04 10 30 | 09
#1215-d228 @A: 27 13 30 03 | 11
#1216-d228 @A: 30 27 10 32 | 10
#1217-d228 @A: 01 24 32 22 | 01
#1218-d228 @A: 06 05 11 24 | 03
#1219-d228 @A: 24 05 26 04 | 07
#1220-d228 @A: 22 23 03 02 | 12
#1221-d228 @A: 23 01 27 22 | 04
#1222-d228 @A: 13 22 01 04 | 06
#1223-d228 @A: 22 17 14 04 | 05
#1224-d228 @A: 22 14 27 08 | 08
#1225-d228 @A: 13 35 25 22 | 02
#1226-d228 @A: 22 10 13 05 | 09
#1227-d228 @A: 17 27 22 10 | 11
#1228-d228 @A: 22 03 27 26 | 10
#1229-d228 @A: 13 02 27 06 | 01
#1230-d228 @A: 08 35 02 10 | 03
#1231-d228 @A: 33 02 17 10 | 07
#1232-d228 @A: 10 19 05 02 | 12
#1233-d228 @A: 28 06 11 01 | 04
#1234-d228 @A: 01 10 25 17 | 06
#1235-d228 @A: 17 35 01 11 | 05
#1236-d228 @A: 01 27 11 03 | 08
#1237-d228 @A: 28 33 32 08 | 02
#1238-d228 @A: 05 11 13 28 | 09
#1239-d228 @A: 10 35 28 32 | 11
#1240-d228 @A: 14 28 03 05 | 10
#1241-d228 @A: 13 23 25 06 | 01
#1242-d228 @A: 32 13 04 23 | 03
#1243-d228 @A: 15 23 25 33 | 07
#1244-d228 @A: 06 08 14 10 | 12
#1245-d228 @A: 06 25 03 14 | 04
#1246-d228 @A: 14 17 05 35 | 06
#1247-d228 @A: 20 16 12 11 | 05
#1248-d228 @A: 04 01 16 18 | 08
#1249-d228 @A: 19 07 12 16 | 02
#1250-d228 @A: 29 16 31 33 | 09
#1251-d228 @A: 16 13 23 31 | 11
#1252-d228 @A: 16 04 34 30 | 10
#1253-d228 @A: 16 04 29 21 | 01
#1254-d228 @A: 22 24 16 03 | 03
#1255-d228 @A: 24 02 16 33 | 07
#1256-d228 @A: 16 22 17 23 | 12
#1257-d228 @A: 06 16 28 13 | 04
#1258-d228 @A: 20 09 10 18 | 06
#1259-d228 @A: 18 35 20 29 | 05
#1260-d228 @A: 14 20 18 24 | 08
#1261-d228 @A: 18 17 02 20 | 02
#1262-d228 @A: 03 34 12 20 | 09
#1263-d228 @A: 29 11 20 31 | 11
#1264-d228 @A: 01 20 29 09 | 10
#1265-d228 @A: 19 01 20 34 | 01
#1266-d228 @A: 20 34 25 23 | 03
#1267-d228 @A: 05 04 20 34 | 07
#1268-d228 @A: 07 20 08 30 | 12
#1269-d228 @A: 17 29 23 20 | 04
#1270-d228 @A: 01 20 33 02 | 06
#1271-d228 @A: 08 20 06 11 | 05
#1272-d228 @A: 14 13 04 20 | 08
#1273-d228 @A: 20 10 04 26 | 02
#1274-d228 @A: 08 27 20 33 | 09
#1275-d228 @A: 32 20 13 15 | 11
#1276-d228 @A: 23 06 12 18 | 10
#1277-d228 @A: 12 25 13 18 | 01
#1278-d228 @A: 09 31 18 33 | 03
#1279-d228 @A: 31 30 18 26 | 07
#1280-d228 @A: 18 24 15 31 | 12
#1281-d228 @A: 06 18 10 21 | 04
#1282-d228 @A: 04 18 11 21 | 06
#1283-d228 @A: 07 18 14 28 | 05
#1284-d228 @A: 24 11 30 18 | 08
#1285-d228 @A: 03 18 02 30 | 02
#1286-d228 @A: 06 24 18 17 | 09
#1287-d228 @A: 13 35 19 18 | 11
#1288-d228 @A: 18 05 11 25 | 10
#1289-d228 @A: 05 18 03 10 | 01
#1290-d228 @A: 27 18 19 33 | 03
#1291-d228 @A: 29 31 21 12 | 07
#1292-d228 @A: 28 12 26 31 | 12
#1293-d228 @A: 23 29 12 32 | 04
#1294-d228 @A: 23 12 30 08 | 06
#1295-d228 @A: 24 25 12 05 | 05
#1296-d228 @A: 19 12 25 23 | 08
#1297-d228 @A: 05 26 12 23 | 02
#1298-d228 @A: 12 05 13 06 | 09
#1299-d228 @A: 08 04 19 12 | 11
#1300-d228 @A: 30 33 31 34 | 10
#1301-d228 @A: 34 31 19 15 | 01
#1302-d228 @A: 31 08 21 24 | 03
#1303-d228 @A: 01 27 07 31 | 07
#1304-d228 @A: 31 08 13 07 | 12
#1305-d228 @A: 29 14 32 31 | 04
#1306-d228 @A: 06 02 08 31 | 06
#1307-d228 @A: 28 31 01 33 | 05
#1308-d228 @A: 31 14 10 04 | 08
#1309-d228 @A: 19 13 25 31 | 02
#1310-d228 @A: 31 25 10 15 | 09
#1311-d228 @A: 29 09 15 21 | 11
#1312-d228 @A: 02 21 17 09 | 10
#1313-d228 @A: 09 28 30 07 | 01
#1314-d228 @A: 07 27 03 09 | 03
#1315-d228 @A: 33 09 30 22 | 07
#1316-d228 @A: 11 06 09 30 | 12
#1317-d228 @A: 09 30 19 04 | 04
#1318-d228 @A: 11 17 09 23 | 06
#1319-d228 @A: 13 08 27 09 | 05
#1320-d228 @A: 19 13 09 03 | 08
#1321-d228 @A: 14 35 15 09 | 02
#1322-d228 @A: 35 21 34 28 | 09
#1323-d228 @A: 29 34 07 15 | 11
#1324-d228 @A: 06 14 07 34 | 10
#1325-d228 @A: 07 34 33 19 | 01
#1326-d228 @A: 22 11 29 34 | 03
#1327-d228 @A: 34 30 01 15 | 07
#1328-d228 @A: 34 22 24 27 | 12
#1329-d228 @A: 34 23 03 24 | 04
#1330-d228 @A: 34 24 26 35 | 06
#1331-d228 @A: 34 23 28 17 | 05
#1332-d228 @A: 28 32 34 15 | 08
#1333-d228 @A: 34 26 27 08 | 02
#1334-d228 @A: 32 34 14 11 | 09
#1335-d228 @A: 13 29 21 30 | 11
#1336-d228 @A: 29 05 21 15 | 10
#1337-d228 @A: 24 21 27 04 | 01
#1338-d228 @A: 23 11 01 21 | 03
#1339-d228 @A: 15 21 03 25 | 07
#1340-d228 @A: 26 17 21 05 | 12
#1341-d228 @A: 07 01 26 30 | 04
#1342-d228 @A: 35 30 23 07 | 06
#1343-d228 @A: 28 07 05 24 | 05
#1344-d228 @A: 23 07 02 05 | 08
#1345-d228 @A: 07 05 14 06 | 02
#1346-d228 @A: 27 07 25 04 | 09
#1347-d228 @A: 13 25 07 10 | 11
#1348-d228 @A: 07 33 13 03 | 10
#1349-d228 @A: 28 29 30 17 | 01
#1350-d228 @A: 10 29 24 22 | 03
#1351-d228 @A: 29 08 24 28 | 07
#1352-d228 @A: 06 28 19 29 | 12
#1353-d228 @A: 29 27 04 35 | 04
#1354-d228 @A: 29 35 11 08 | 06
#1355-d228 @A: 25 29 19 14 | 05
#1356-d228 @A: 29 32 10 05 | 08
#1357-d228 @A: 11 29 17 27 | 02
#1358-d228 @A: 17 10 29 14 | 09
#1359-d228 @A: 02 30 27 24 | 11
#1360-d228 @A: 05 28 01 30 | 10
#1361-d228 @A: 06 30 17 01 | 01
#1362-d228 @A: 32 19 26 30 | 03
#1363-d228 @A: 06 14 24 02 | 07
#1364-d228 @A: 04 24 02 25 | 12
#1365-d228 @A: 14 27 26 24 | 04
#1366-d228 @A: 33 24 26 05 | 06
#1367-d228 @A: 08 01 05 22 | 05
#1368-d228 @A: 13 32 22 10 | 08
#1369-d228 @A: 03 35 17 22 | 02
#1370-d228 @A: 02 27 19 01 | 09
#1371-d228 @A: 14 10 02 28 | 11
#1372-d228 @A: 19 02 13 33 | 10
#1373-d228 @A: 17 02 14 11 | 01
#1374-d228 @A: 02 05 17 33 | 03
#1375-d228 @A: 35 14 27 02 | 07
#1376-d228 @A: 04 01 25 08 | 12
#1377-d228 @A: 27 15 08 01 | 04
#1378-d228 @A: 11 14 25 01 | 06
#1379-d228 @A: 27 01 25 35 | 05
#1380-d228 @A: 03 32 26 01 | 08
#1381-d228 @A: 01 26 27 10 | 02
#1382-d228 @A: 15 04 14 28 | 09
#1383-d228 @A: 28 26 11 08 | 11
#1384-d228 @A: 28 14 08 19 | 10
#1385-d228 @A: 06 23 10 04 | 01
#1386-d228 @A: 23 14 32 06 | 03
#1387-d228 @A: 23 33 10 11 | 07
#1388-d228 @A: 06 32 15 04 | 12
#1389-d228 @A: 03 04 06 05 | 04
#1390-d228 @A: 06 25 27 08 | 06
#1391-d228 @A: 15 11 06 35 | 05
#1392-d228 @A: 11 19 10 06 | 08
#1393-d228 @A: 08 27 05 03 | 02
#1394-d228 @A: 06 14 20 16 | 09
#1395-d228 @A: 16 03 19 18 | 11
#1396-d228 @A: 35 01 16 12 | 10
#1397-d228 @A: 12 16 28 33 | 01
#1398-d228 @A: 17 06 16 12 | 03
#1399-d228 @A: 29 08 16 09 | 07
#1400-d228 @A: 05 16 34 24 | 12
#1401-d228 @A: 34 22 26 16 | 04
#1402-d228 @A: 34 33 16 23 | 06
#1403-d228 @A: 03 21 23 16 | 05
#1404-d228 @A: 28 24 07 16 | 08
#1405-d228 @A: 26 30 16 28 | 02
#1406-d228 @A: 24 27 16 01 | 09
#1407-d228 @A: 17 16 19 24 | 11
#1408-d228 @A: 11 22 16 02 | 10
#1409-d228 @A: 15 16 14 22 | 01
#1410-d228 @A: 17 01 14 16 | 03
#1411-d228 @A: 16 26 04 23 | 07
#1412-d228 @A: 04 27 16 19 | 12
#1413-d228 @A: 16 10 35 33 | 04
#1414-d228 @A: 20 18 28 15 | 06
#1415-d228 @A: 18 19 06 20 | 05
#1416-d228 @A: 20 33 07 31 | 08
#1417-d228 @A: 13 20 06 09 | 02
#1418-d228 @A: 20 14 02 21 | 09
#1419-d228 @A: 13 24 20 29 | 11
#1420-d228 @A: 20 24 23 06 | 10
#1421-d228 @A: 19 10 22 20 | 01
#1422-d228 @A: 10 23 02 20 | 03
#1423-d228 @A: 20 35 25 28 | 07
#1424-d228 @A: 20 28 05 10 | 12
#1425-d228 @A: 28 14 20 27 | 04
#1426-d228 @A: 33 05 06 20 | 06
#1427-d228 @A: 20 04 25 19 | 05
#1428-d228 @A: 20 19 35 08 | 08
#1429-d228 @A: 17 20 13 27 | 02
#1430-d228 @A: 31 28 18 27 | 09
#1431-d228 @A: 35 34 01 18 | 11
#1432-d228 @A: 18 22 21 13 | 10
#1433-d228 @A: 18 07 05 01 | 01
#1434-d228 @A: 23 33 28 18 | 03
#1435-d228 @A: 28 18 33 05 | 07
#1436-d228 @A: 04 18 26 27 | 12
#1437-d228 @A: 25 18 03 11 | 04
#1438-d228 @A: 35 32 18 14 | 06
#1439-d228 @A: 18 15 14 03 | 05
#1440-d228 @A: 31 33 24 12 | 08
#1441-d228 @A: 30 10 12 09 | 02
#1442-d228 @A: 08 24 12 09 | 09
#1443-d228 @A: 04 27 12 09 | 11
#1444-d228 @A: 12 02 34 32 | 10
#1445-d228 @A: 08 12 28 34 | 01
#1446-d228 @A: 01 21 19 12 | 03
#1447-d228 @A: 12 07 24 17 | 07
#1448-d228 @A: 10 02 07 12 | 12
#1449-d228 @A: 07 12 03 23 | 04
#1450-d228 @A: 12 33 07 08 | 06
#1451-d228 @A: 02 30 33 12 | 05
#1452-d228 @A: 12 30 01 03 | 08
#1453-d228 @A: 22 24 12 13 | 02
#1454-d228 @A: 10 03 12 22 | 09
#1455-d228 @A: 15 12 32 10 | 11
#1456-d228 @A: 12 11 15 05 | 10
#1457-d228 @A: 19 11 33 12 | 01
#1458-d228 @A: 31 06 14 21 | 03
#1459-d228 @A: 31 07 04 24 | 07
#1460-d228 @A: 30 06 31 13 | 12
#1461-d228 @A: 08 31 28 22 | 04
#1462-d228 @A: 15 17 01 31 | 06
#1463-d228 @A: 28 06 31 35 | 05
#1464-d228 @A: 26 32 31 04 | 08
#1465-d228 @A: 25 08 31 11 | 02
#1466-d228 @A: 34 24 30 09 | 09
#1467-d228 @A: 11 09 22 21 | 11
#1468-d228 @A: 09 07 29 14 | 10
#1469-d228 @A: 01 09 07 11 | 01
#1470-d228 @A: 06 25 09 07 | 03
#1471-d228 @A: 08 07 09 19 | 07
#1472-d228 @A: 09 29 03 23 | 12
#1473-d228 @A: 27 09 30 01 | 04
#1474-d228 @A: 26 09 02 24 | 06
#1475-d228 @A: 33 24 09 13 | 05
#1476-d228 @A: 06 02 03 09 | 08
#1477-d228 @A: 06 23 28 09 | 02
#1478-d228 @A: 03 09 26 04 | 09
#1479-d228 @A: 09 13 05 26 | 11
#1480-d228 @A: 35 27 26 09 | 10
#1481-d228 @A: 34 17 22 21 | 01
#1482-d228 @A: 23 07 34 13 | 03
#1483-d228 @A: 30 34 08 02 | 07
#1484-d228 @A: 06 15 34 22 | 12
#1485-d228 @A: 34 10 28 27 | 04
#1486-d228 @A: 10 34 17 26 | 06
#1487-d228 @A: 34 14 17 27 | 05
#1488-d228 @A: 33 35 11 34 | 08
#1489-d228 @A: 34 15 11 10 | 02
#1490-d228 @A: 34 27 35 15 | 09
#1491-d228 @A: 06 21 27 07 | 11
#1492-d228 @A: 24 21 06 11 | 10
#1493-d228 @A: 10 08 22 21 | 01
#1494-d228 @A: 22 21 35 33 | 03
#1495-d228 @A: 32 21 14 13 | 07
#1496-d228 @A: 11 15 27 21 | 12
#1497-d228 @A: 22 07 33 24 | 04
#1498-d228 @A: 14 13 11 07 | 06
#1499-d228 @A: 10 26 07 05 | 05
#1500-d228 @A: 03 22 30 29 | 08
#1501-d228 @A: 10 06 30 29 | 02
#1502-d228 @A: 29 33 22 01 | 09
#1503-d228 @A: 29 01 26 11 | 11
#1504-d228 @A: 26 04 29 14 | 10
#1505-d228 @A: 03 14 29 11 | 01
#1506-d228 @A: 30 22 19 02 | 03
#1507-d228 @A: 30 15 28 22 | 07
#1508-d228 @A: 30 22 10 14 | 12
#1509-d228 @A: 02 30 25 01 | 04
#1510-d228 @A: 02 32 30 23 | 06
#1511-d228 @A: 30 08 35 28 | 05
#1512-d228 @A: 04 03 30 08 | 08
#1513-d228 @A: 25 30 04 32 | 02
#1514-d228 @A: 19 11 30 27 | 09
#1515-d228 @A: 02 15 24 22 | 11
#1516-d228 @A: 25 23 24 22 | 10
#1517-d228 @A: 15 24 02 05 | 01
#1518-d228 @A: 19 24 23 28 | 03
#1519-d228 @A: 24 13 28 35 | 07
#1520-d228 @A: 24 14 35 17 | 12
#1521-d228 @A: 03 35 05 24 | 04
#1522-d228 @A: 01 06 35 22 | 06
#1523-d228 @A: 08 22 33 04 | 05
#1524-d228 @A: 04 10 35 22 | 08
#1525-d228 @A: 19 27 22 13 | 02
#1526-d228 @A: 15 22 32 03 | 09
#1527-d228 @A: 26 17 22 33 | 11
#1528-d228 @A: 22 05 15 27 | 10
#1529-d228 @A: 08 25 33 02 | 01
#1530-d228 @A: 27 02 32 25 | 03
#1531-d228 @A: 15 32 02 17 | 07
#1532-d228 @A: 04 15 01 33 | 12
#1533-d228 @A: 04 05 01 33 | 04
#1534-d228 @A: 32 25 01 13 | 06
#1535-d228 @A: 01 27 05 25 | 05
#1536-d228 @A: 01 14 32 27 | 08
#1537-d228 @A: 01 10 03 35 | 02
#1538-d228 @A: 32 11 28 04 | 09
#1539-d228 @A: 25 28 03 10 | 11
#1540-d228 @A: 06 19 27 23 | 10
#1541-d228 @A: 08 23 04 05 | 01
#1542-d228 @A: 19 23 08 26 | 03
#1543-d228 @A: 35 15 23 32 | 07
#1544-d228 @A: 06 04 35 25 | 12
#1545-d228 @A: 06 19 03 17 | 04
#1546-d228 @A: 05 19 32 04 | 06
#1547-d228 @A: 33 25 03 05 | 05
#1548-d228 @A: 11 26 14 05 | 08
#1549-d228 @A: 34 12 16 10 | 02
#1550-d228 @A: 22 27 12 16 | 09
#1551-d228 @A: 16 31 08 30 | 11
#1552-d228 @A: 16 14 09 21 | 10
#1553-d228 @A: 35 34 13 16 | 01
#1554-d228 @A: 22 32 16 21 | 03
#1555-d228 @A: 22 16 08 07 | 07
#1556-d228 @A: 16 07 14 33 | 12
#1557-d228 @A: 01 29 16 30 | 04
#1558-d228 @A: 16 25 05 29 | 06
#1559-d228 @A: 16 30 10 02 | 05
#1560-d228 @A: 14 19 16 30 | 08
#1561-d228 @A: 16 28 22 25 | 02
#1562-d228 @A: 33 16 32 04 | 09
#1563-d228 @A: 35 16 14 04 | 11
#1564-d228 @A: 25 32 03 16 | 10
#1565-d228 @A: 16 25 11 35 | 01
#1566-d228 @A: 32 16 26 15 | 03
#1567-d228 @A: 18 34 33 20 | 07
#1568-d228 @A: 14 12 17 20 | 12
#1569-d228 @A: 09 15 31 20 | 04
#1570-d228 @A: 03 20 31 28 | 06
#1571-d228 @A: 19 09 20 14 | 05
#1572-d228 @A: 20 13 34 22 | 08
#1573-d228 @A: 28 20 07 10 | 02
#1574-d228 @A: 05 20 29 27 | 09
#1575-d228 @A: 33 20 17 30 | 11
#1576-d228 @A: 20 19 24 33 | 10
#1577-d228 @A: 28 20 17 01 | 01
#1578-d228 @A: 13 10 20 01 | 03
#1579-d228 @A: 23 28 32 20 | 07
#1580-d228 @A: 04 32 27 20 | 12
#1581-d228 @A: 08 20 13 25 | 04
#1582-d228 @A: 20 17 32 19 | 06
#1583-d228 @A: 17 20 03 11 | 05
#1584-d228 @A: 09 18 12 14 | 08
#1585-d228 @A: 11 28 09 18 | 02
#1586-d228 @A: 03 32 09 18 | 09
#1587-d228 @A: 21 18 19 07 | 11
#1588-d228 @A: 21 18 24 28 | 10
#1589-d228 @A: 21 18 08 03 | 01
#1590-d228 @A: 21 26 18 15 | 03
#1591-d228 @A: 29 02 18 13 | 07
#1592-d228 @A: 06 18 30 35 | 12
#1593-d228 @A: 30 32 18 08 | 04
#1594-d228 @A: 24 23 35 18 | 06
#1595-d228 @A: 18 06 22 11 | 05
#1596-d228 @A: 03 28 01 18 | 08
#1597-d228 @A: 04 17 18 32 | 02
#1598-d228 @A: 19 32 25 18 | 09
#1599-d228 @A: 14 17 19 18 | 11
#1600-d228 @A: 03 28 09 12 | 10
#1601-d228 @A: 12 33 06 34 | 01
#1602-d228 @A: 12 14 24 21 | 03
#1603-d228 @A: 07 05 12 33 | 07
#1604-d228 @A: 01 12 26 24 | 12
#1605-d228 @A: 04 24 12 28 | 04
#1606-d228 @A: 02 17 12 28 | 06
#1607-d228 @A: 33 12 10 01 | 05
#1608-d228 @A: 12 04 11 35 | 08
#1609-d228 @A: 15 12 08 25 | 02
#1610-d228 @A: 35 19 27 12 | 09
#1611-d228 @A: 09 13 31 29 | 11
#1612-d228 @A: 09 28 31 04 | 10
#1613-d228 @A: 31 25 07 21 | 01
#1614-d228 @A: 30 11 31 07 | 03
#1615-d228 @A: 06 03 07 31 | 07
#1616-d228 @A: 29 01 19 31 | 12
#1617-d228 @A: 11 27 24 31 | 04
#1618-d228 @A: 02 31 22 33 | 06
#1619-d228 @A: 22 23 31 15 | 05
#1620-d228 @A: 03 02 17 31 | 08
#1621-d228 @A: 25 26 35 31 | 02
#1622-d228 @A: 21 09 34 08 | 09
#1623-d228 @A: 06 09 19 34 | 11
#1624-d228 @A: 09 15 01 23 | 10
#1625-d228 @A: 28 32 09 13 | 01
#1626-d228 @A: 06 10 09 17 | 03
#1627-d228 @A: 06 17 09 05 | 07
#1628-d228 @A: 17 04 09 08 | 12
#1629-d228 @A: 09 19 17 27 | 04
#1630-d228 @A: 06 34 13 21 | 06
#1631-d228 @A: 05 34 03 21 | 05
#1632-d228 @A: 35 25 07 34 | 08
#1633-d228 @A: 29 34 02 33 | 02
#1634-d228 @A: 34 01 17 24 | 09
#1635-d228 @A: 05 26 34 02 | 11
#1636-d228 @A: 05 17 34 25 | 10
#1637-d228 @A: 04 21 30 28 | 01
#1638-d228 @A: 21 28 22 03 | 03
#1639-d228 @A: 22 15 04 21 | 07
#1640-d228 @A: 08 04 35 21 | 12
#1641-d228 @A: 26 04 19 21 | 04
#1642-d228 @A: 11 19 21 05 | 06
#1643-d228 @A: 28 07 03 29 | 05
#1644-d228 @A: 01 24 14 07 | 08
#1645-d228 @A: 32 26 02 07 | 02
#1646-d228 @A: 07 23 04 28 | 09
#1647-d228 @A: 19 07 04 13 | 11
#1648-d228 @A: 07 08 11 10 | 10
#1649-d228 @A: 35 13 17 07 | 01
#1650-d228 @A: 07 33 17 27 | 03
#1651-d228 @A: 29 01 17 08 | 07
#1652-d228 @A: 29 23 13 14 | 12
#1653-d228 @A: 05 11 29 04 | 04
#1654-d228 @A: 33 10 29 08 | 06
#1655-d228 @A: 19 29 26 13 | 05
#1656-d228 @A: 35 19 29 33 | 08
#1657-d228 @A: 24 28 03 30 | 02
#1658-d228 @A: 30 13 23 24 | 09
#1659-d228 @A: 14 08 05 30 | 11
#1660-d228 @A: 17 24 22 28 | 10
#1661-d228 @A: 22 14 11 24 | 01
#1662-d228 @A: 23 01 04 24 | 03
#1663-d228 @A: 25 13 24 15 | 07
#1664-d228 @A: 19 13 24 11 | 12
#1665-d228 @A: 10 11 24 35 | 04
#1666-d228 @A: 25 02 22 17 | 06
#1667-d228 @A: 28 22 10 23 | 05
#1668-d228 @A: 33 23 32 22 | 08
#1669-d228 @A: 27 22 32 35 | 02
#1670-d228 @A: 03 01 02 08 | 09
#1671-d228 @A: 06 28 02 32 | 11
#1672-d228 @A: 23 33 02 27 | 10
#1673-d228 @A: 13 04 02 26 | 01
#1674-d228 @A: 14 02 04 03 | 03
#1675-d228 @A: 08 27 11 02 | 07
#1676-d228 @A: 25 14 02 13 | 12
#1677-d228 @A: 08 01 11 19 | 04
#1678-d228 @A: 15 13 01 35 | 06
#1679-d228 @A: 01 26 15 25 | 05
#1680-d228 @A: 04 26 28 06 | 08
#1681-d228 @A: 17 28 27 35 | 02
#1682-d228 @A: 28 26 35 33 | 09
#1683-d228 @A: 33 26 23 13 | 11
#1684-d228 @A: 14 03 23 17 | 10
#1685-d228 @A: 11 19 23 14 | 01
#1686-d228 @A: 19 33 23 03 | 03
#1687-d228 @A: 17 08 06 35 | 07
#1688-d228 @A: 25 15 05 04 | 12
#1689-d228 @A: 15 05 19 08 | 04
