#0001-d256 @A: 26 15 30 12 | 09
#0002-d256 @A: 30 33 15 13 | 04
#0003-d256 @A: 15 08 30 31 | 06
#0004-d256 @A: 09 30 13 23 | 05
#0005-d256 @A: 20 30 19 09 | 10
#0006-d256 @A: 30 03 01 07 | 11
#0007-d256 @A: 30 11 03 12 | 01
#0008-d256 @A: 30 27 25 18 | 07
#0009-d256 @A: 27 30 29 33 | 03
#0010-d256 @A: 30 04 12 08 | 02
#0011-d256 @A: 30 20 10 23 | 12
#0012-d256 @A: 06 14 30 10 | 08
#0013-d256 @A: 06 29 30 28 | 09
#0014-d256 @A: 22 26 30 07 | 04
#0015-d256 @A: 30 25 13 12 | 06
#0016-d256 @A: 25 30 20 05 | 05
#0017-d256 @A: 30 28 11 25 | 10
#0018-d256 @A: 26 30 02 21 | 11
#0019-d256 @A: 30 13 26 28 | 01
#0020-d256 @A: 22 30 08 33 | 07
#0021-d256 @A: 31 30 18 26 | 03
#0022-d256 @A: 17 22 21 30 | 02
#0023-d256 @A: 19 15 10 32 | 12
#0024-d256 @A: 09 24 15 28 | 08
#0025-d256 @A: 20 15 14 09 | 09
#0026-d256 @A: 16 15 27 03 | 04
#0027-d256 @A: 15 03 21 23 | 06
#0028-d256 @A: 06 15 31 03 | 05
#0029-d256 @A: 35 15 12 11 | 10
#0030-d256 @A: 18 15 35 29 | 11
#0031-d256 @A: 11 15 14 04 | 01
#0032-d256 @A: 26 15 04 19 | 07
#0033-d256 @A: 23 24 22 15 | 03
#0034-d256 @A: 14 15 24 25 | 02
#0035-d256 @A: 05 21 07 15 | 12
#0036-d256 @A: 29 15 19 25 | 08
#0037-d256 @A: 26 29 15 20 | 09
#0038-d256 @A: 14 34 35 28 | 04
#0039-d256 @A: 11 35 16 34 | 06
#0040-d256 @A: 10 27 23 34 | 05
#0041-d256 @A: 02 33 34 23 | 10
#0042-d256 @A: 22 02 13 34 | 11
#0043-d256 @A: 34 20 13 26 | 01
#0044-d256 @A: 34 26 33 31 | 07
#0045-d256 @A: 34 16 33 01 | 03
#0046-d256 @A: 34 10 22 16 | 02
#0047-d256 @A: 12 09 08 32 | 12
#0048-d256 @A: 32 18 23 03 | 08
#0049-d256 @A: 32 03 26 05 | 09
#0050-d256 @A: 27 32 29 23 | 04
#0051-d256 @A: 10 21 24 32 | 06
#0052-d256 @A: 05 22 23 32 | 05
#0053-d256 @A: 25 32 07 11 | 10
#0054-d256 @A: 31 07 32 13 | 11
#0055-d256 @A: 14 32 25 31 | 01
#0056-d256 @A: 02 26 32 20 | 07
#0057-d256 @A: 10 02 32 16 | 03
#0058-d256 @A: 29 13 28 32 | 02
#0059-d256 @A: 20 28 32 21 | 12
#0060-d256 @A: 03 24 20 09 | 08
#0061-d256 @A: 03 22 09 07 | 09
#0062-d256 @A: 09 04 12 17 | 04
#0063-d256 @A: 05 09 21 04 | 06
#0064-d256 @A: 14 09 24 17 | 05
#0065-d256 @A: 24 22 09 29 | 10
#0066-d256 @A: 09 33 23 21 | 11
#0067-d256 @A: 19 06 16 09 | 01
#0068-d256 @A: 25 09 07 13 | 07
#0069-d256 @A: 05 01 09 25 | 03
#0070-d256 @A: 08 17 31 09 | 02
#0071-d256 @A: 09 16 22 31 | 12
#0072-d256 @A: 22 11 17 09 | 08
#0073-d256 @A: 19 03 10 04 | 09
#0074-d256 @A: 03 23 02 11 | 04
#0075-d256 @A: 07 31 03 12 | 06
#0076-d256 @A: 20 16 03 08 | 05
#0077-d256 @A: 11 03 18 08 | 10
#0078-d256 @A: 18 10 03 17 | 11
#0079-d256 @A: 33 35 21 27 | 01
#0080-d256 @A: 14 07 35 02 | 07
#0081-d256 @A: 05 35 31 28 | 03
#0082-d256 @A: 29 35 13 08 | 02
#0083-d256 @A: 11 01 35 31 | 12
#0084-d256 @A: 19 27 04 16 | 08
#0085-d256 @A: 27 23 24 20 | 09
#0086-d256 @A: 23 27 26 14 | 04
#0087-d256 @A: 02 25 27 23 | 06
#0088-d256 @A: 27 12 06 26 | 05
#0089-d256 @A: 07 25 21 27 | 10
#0090-d256 @A: 27 08 11 17 | 11
#0091-d256 @A: 27 26 17 28 | 01
#0092-d256 @A: 04 25 07 29 | 07
#0093-d256 @A: 05 04 07 20 | 03
#0094-d256 @A: 04 12 19 13 | 02
#0095-d256 @A: 04 02 26 31 | 12
#0096-d256 @A: 22 13 31 04 | 08
#0097-d256 @A: 01 13 17 04 | 09
#0098-d256 @A: 21 10 20 04 | 04
#0099-d256 @A: 23 18 24 05 | 06
#0100-d256 @A: 24 07 18 06 | 05
#0101-d256 @A: 24 13 06 25 | 10
#0102-d256 @A: 24 19 12 18 | 11
#0103-d256 @A: 25 24 19 26 | 01
#0104-d256 @A: 24 01 25 33 | 07
#0105-d256 @A: 22 24 02 16 | 03
#0106-d256 @A: 13 24 29 21 | 02
#0107-d256 @A: 06 02 22 23 | 12
#0108-d256 @A: 23 14 31 01 | 08
#0109-d256 @A: 23 01 02 20 | 09
#0110-d256 @A: 22 13 23 33 | 04
#0111-d256 @A: 11 08 21 23 | 06
#0112-d256 @A: 22 23 10 28 | 05
#0113-d256 @A: 01 12 14 06 | 10
#0114-d256 @A: 05 06 22 14 | 11
#0115-d256 @A: 20 01 06 25 | 01
#0116-d256 @A: 18 19 06 26 | 07
#0117-d256 @A: 28 20 06 11 | 03
#0118-d256 @A: 21 20 06 22 | 02
#0119-d256 @A: 29 08 18 06 | 12
#0120-d256 @A: 33 06 16 10 | 08
#0121-d256 @A: 14 25 20 07 | 09
#0122-d256 @A: 12 07 13 33 | 04
#0123-d256 @A: 29 10 19 07 | 06
#0124-d256 @A: 13 07 26 01 | 05
#0125-d256 @A: 07 11 10 08 | 10
#0126-d256 @A: 17 21 07 16 | 11
#0127-d256 @A: 25 12 14 02 | 01
#0128-d256 @A: 14 05 29 25 | 07
#0129-d256 @A: 13 14 33 31 | 03
#0130-d256 @A: 11 01 08 14 | 02
#0131-d256 @A: 14 21 10 16 | 12
#0132-d256 @A: 01 29 12 13 | 08
#0133-d256 @A: 26 31 25 13 | 09
#0134-d256 @A: 17 25 08 28 | 04
#0135-d256 @A: 02 19 21 01 | 06
#0136-d256 @A: 17 21 29 19 | 05
#0137-d256 @A: 19 16 18 01 | 10
#0138-d256 @A: 21 19 10 11 | 11
#0139-d256 @A: 33 19 10 11 | 01
#0140-d256 @A: 21 05 33 02 | 07
#0141-d256 @A: 16 05 13 20 | 03
#0142-d256 @A: 08 26 33 02 | 02
#0143-d256 @A: 28 33 01 29 | 12
#0144-d256 @A: 28 30 32 15 | 08
#0145-d256 @A: 03 04 30 15 | 09
#0146-d256 @A: 32 03 29 30 | 04
#0147-d256 @A: 27 09 30 11 | 06
#0148-d256 @A: 04 09 16 30 | 05
#0149-d256 @A: 22 09 30 06 | 10
#0150-d256 @A: 03 24 30 13 | 11
#0151-d256 @A: 35 05 17 30 | 01
#0152-d256 @A: 27 12 10 30 | 07
#0153-d256 @A: 20 30 24 07 | 03
#0154-d256 @A: 14 16 12 30 | 02
#0155-d256 @A: 26 19 30 14 | 12
#0156-d256 @A: 12 21 30 05 | 08
#0157-d256 @A: 31 22 30 12 | 09
#0158-d256 @A: 02 08 30 20 | 04
#0159-d256 @A: 13 21 30 01 | 06
#0160-d256 @A: 30 16 18 13 | 05
#0161-d256 @A: 10 15 34 35 | 10
#0162-d256 @A: 15 11 32 09 | 11
#0163-d256 @A: 08 15 04 32 | 01
#0164-d256 @A: 17 03 15 19 | 07
#0165-d256 @A: 17 15 35 14 | 03
#0166-d256 @A: 35 02 33 15 | 02
#0167-d256 @A: 15 07 27 17 | 12
#0168-d256 @A: 27 21 29 15 | 08
#0169-d256 @A: 24 15 04 29 | 09
#0170-d256 @A: 15 08 24 16 | 04
#0171-d256 @A: 12 02 15 23 | 06
#0172-d256 @A: 15 06 21 12 | 05
#0173-d256 @A: 05 28 13 15 | 10
#0174-d256 @A: 28 15 22 01 | 11
#0175-d256 @A: 34 03 33 27 | 01
#0176-d256 @A: 10 34 04 14 | 07
#0177-d256 @A: 05 34 01 23 | 03
#0178-d256 @A: 14 05 34 33 | 02
#0179-d256 @A: 34 05 22 20 | 12
#0180-d256 @A: 28 10 34 13 | 08
#0181-d256 @A: 10 08 34 01 | 09
#0182-d256 @A: 01 34 18 31 | 04
#0183-d256 @A: 28 26 34 11 | 06
#0184-d256 @A: 32 31 03 09 | 05
#0185-d256 @A: 24 27 09 32 | 10
#0186-d256 @A: 07 09 29 32 | 11
#0187-d256 @A: 33 09 32 12 | 01
#0188-d256 @A: 28 32 05 09 | 07
#0189-d256 @A: 24 03 32 11 | 03
#0190-d256 @A: 32 23 35 16 | 02
#0191-d256 @A: 27 33 23 32 | 12
#0192-d256 @A: 32 04 31 06 | 08
#0193-d256 @A: 32 04 14 18 | 09
#0194-d256 @A: 24 23 32 28 | 04
#0195-d256 @A: 17 32 18 24 | 06
#0196-d256 @A: 21 23 12 32 | 05
#0197-d256 @A: 32 06 05 17 | 10
#0198-d256 @A: 14 22 32 13 | 11
#0199-d256 @A: 25 18 32 05 | 01
#0200-d256 @A: 29 32 21 02 | 07
#0201-d256 @A: 32 02 01 28 | 03
#0202-d256 @A: 32 13 18 20 | 02
#0203-d256 @A: 10 29 22 32 | 12
#0204-d256 @A: 10 28 32 11 | 08
#0205-d256 @A: 32 21 22 11 | 09
#0206-d256 @A: 09 03 08 23 | 04
#0207-d256 @A: 03 06 09 33 | 06
#0208-d256 @A: 09 20 27 26 | 05
#0209-d256 @A: 12 01 09 23 | 10
#0210-d256 @A: 07 09 19 26 | 11
#0211-d256 @A: 18 12 13 09 | 01
#0212-d256 @A: 11 08 09 20 | 07
#0213-d256 @A: 09 17 21 18 | 03
#0214-d256 @A: 22 33 10 09 | 02
#0215-d256 @A: 03 24 17 35 | 12
#0216-d256 @A: 35 01 02 03 | 08
#0217-d256 @A: 23 03 27 01 | 09
#0218-d256 @A: 03 27 19 02 | 04
#0219-d256 @A: 21 24 03 19 | 06
#0220-d256 @A: 07 10 03 23 | 05
#0221-d256 @A: 03 05 13 07 | 10
#0222-d256 @A: 03 08 07 21 | 11
#0223-d256 @A: 05 03 22 12 | 01
#0224-d256 @A: 03 18 13 29 | 07
#0225-d256 @A: 16 29 22 03 | 03
#0226-d256 @A: 22 26 01 03 | 02
#0227-d256 @A: 35 06 02 20 | 12
#0228-d256 @A: 10 25 35 07 | 08
#0229-d256 @A: 22 12 35 19 | 09
#0230-d256 @A: 05 12 18 35 | 04
#0231-d256 @A: 16 10 12 35 | 06
#0232-d256 @A: 35 25 29 26 | 05
#0233-d256 @A: 08 18 35 10 | 10
#0234-d256 @A: 35 21 26 16 | 11
#0235-d256 @A: 18 27 04 24 | 01
#0236-d256 @A: 04 14 27 02 | 07
#0237-d256 @A: 04 27 12 21 | 03
#0238-d256 @A: 24 07 14 27 | 02
#0239-d256 @A: 27 06 08 23 | 12
#0240-d256 @A: 29 27 26 11 | 08
#0241-d256 @A: 25 21 24 04 | 09
#0242-d256 @A: 31 07 33 04 | 04
#0243-d256 @A: 28 25 04 01 | 06
#0244-d256 @A: 04 29 11 28 | 05
#0245-d256 @A: 23 17 13 24 | 10
#0246-d256 @A: 29 24 07 05 | 11
#0247-d256 @A: 05 33 11 24 | 01
#0248-d256 @A: 17 11 29 24 | 07
#0249-d256 @A: 23 06 19 20 | 03
#0250-d256 @A: 23 10 26 29 | 02
#0251-d256 @A: 23 11 29 16 | 12
#0252-d256 @A: 18 06 12 25 | 08
#0253-d256 @A: 19 25 06 11 | 09
#0254-d256 @A: 06 19 33 20 | 04
#0255-d256 @A: 13 10 06 01 | 06
#0256-d256 @A: 06 16 28 21 | 05
#0257-d256 @A: 29 02 11 07 | 10
#0258-d256 @A: 11 07 20 17 | 11
#0259-d256 @A: 31 02 11 14 | 01
#0260-d256 @A: 02 14 17 18 | 07
#0261-d256 @A: 20 08 14 22 | 03
#0262-d256 @A: 10 14 29 01 | 02
#0263-d256 @A: 18 31 10 14 | 12
#0264-d256 @A: 11 22 20 12 | 08
#0265-d256 @A: 18 12 22 26 | 09
#0266-d256 @A: 02 13 25 18 | 04
#0267-d256 @A: 20 25 02 17 | 06
#0268-d256 @A: 25 29 16 08 | 05
#0269-d256 @A: 25 11 26 08 | 10
#0270-d256 @A: 31 22 25 29 | 11
#0271-d256 @A: 01 25 22 21 | 01
#0272-d256 @A: 05 20 19 08 | 07
#0273-d256 @A: 26 01 29 19 | 03
#0274-d256 @A: 19 21 26 33 | 02
#0275-d256 @A: 28 20 29 05 | 12
#0276-d256 @A: 29 17 05 31 | 08
#0277-d256 @A: 31 22 10 05 | 09
#0278-d256 @A: 16 26 05 10 | 04
#0279-d256 @A: 15 09 17 30 | 06
#0280-d256 @A: 30 11 15 19 | 05
#0281-d256 @A: 30 34 27 35 | 10
#0282-d256 @A: 30 26 34 01 | 11
#0283-d256 @A: 07 32 30 17 | 01
#0284-d256 @A: 31 01 30 09 | 07
#0285-d256 @A: 30 21 10 03 | 03
#0286-d256 @A: 35 26 30 06 | 02
#0287-d256 @A: 08 35 22 30 | 12
#0288-d256 @A: 04 23 21 30 | 08
#0289-d256 @A: 25 06 30 04 | 09
#0290-d256 @A: 05 30 04 19 | 04
#0291-d256 @A: 01 30 25 19 | 06
#0292-d256 @A: 33 25 26 30 | 05
#0293-d256 @A: 13 30 22 20 | 10
#0294-d256 @A: 20 30 16 17 | 11
#0295-d256 @A: 17 30 18 08 | 01
#0296-d256 @A: 28 31 33 30 | 07
#0297-d256 @A: 30 28 22 16 | 03
#0298-d256 @A: 34 04 20 15 | 02
#0299-d256 @A: 15 07 29 34 | 12
#0300-d256 @A: 11 05 34 15 | 08
#0301-d256 @A: 15 24 32 13 | 09
#0302-d256 @A: 23 15 32 20 | 04
#0303-d256 @A: 16 05 15 32 | 06
#0304-d256 @A: 03 29 01 15 | 05
#0305-d256 @A: 35 15 22 16 | 10
#0306-d256 @A: 02 04 15 05 | 11
#0307-d256 @A: 07 33 01 15 | 01
#0308-d256 @A: 14 15 18 19 | 07
#0309-d256 @A: 31 17 15 20 | 03
#0310-d256 @A: 01 26 10 15 | 02
#0311-d256 @A: 15 22 10 18 | 12
#0312-d256 @A: 33 20 34 09 | 08
#0313-d256 @A: 34 27 03 17 | 09
#0314-d256 @A: 14 34 03 13 | 04
#0315-d256 @A: 34 19 11 03 | 06
#0316-d256 @A: 34 23 35 31 | 05
#0317-d256 @A: 34 35 01 12 | 10
#0318-d256 @A: 35 25 34 02 | 11
#0319-d256 @A: 23 02 34 04 | 01
#0320-d256 @A: 04 34 25 22 | 07
#0321-d256 @A: 34 20 14 24 | 03
#0322-d256 @A: 34 13 06 12 | 02
#0323-d256 @A: 17 14 34 07 | 12
#0324-d256 @A: 16 07 34 18 | 08
#0325-d256 @A: 25 34 13 05 | 09
#0326-d256 @A: 34 13 18 08 | 04
#0327-d256 @A: 09 02 23 32 | 06
#0328-d256 @A: 32 03 10 27 | 05
#0329-d256 @A: 32 06 13 03 | 10
#0330-d256 @A: 14 17 32 27 | 11
#0331-d256 @A: 32 19 23 13 | 01
#0332-d256 @A: 19 25 32 17 | 07
#0333-d256 @A: 18 32 11 31 | 03
#0334-d256 @A: 17 09 27 16 | 02
#0335-d256 @A: 04 17 09 33 | 12
#0336-d256 @A: 24 06 21 09 | 08
#0337-d256 @A: 09 07 06 01 | 09
#0338-d256 @A: 14 12 29 09 | 04
#0339-d256 @A: 08 19 29 09 | 06
#0340-d256 @A: 13 02 09 17 | 05
#0341-d256 @A: 13 31 11 09 | 10
#0342-d256 @A: 13 21 09 22 | 11
#0343-d256 @A: 10 11 09 18 | 01
#0344-d256 @A: 27 20 04 03 | 07
#0345-d256 @A: 03 24 27 26 | 03
#0346-d256 @A: 06 21 03 27 | 02
#0347-d256 @A: 03 29 05 27 | 12
#0348-d256 @A: 02 03 07 04 | 08
#0349-d256 @A: 23 12 17 03 | 09
#0350-d256 @A: 07 10 03 33 | 04
#0351-d256 @A: 22 03 08 25 | 06
#0352-d256 @A: 33 02 03 18 | 05
#0353-d256 @A: 31 35 07 27 | 10
#0354-d256 @A: 35 01 23 24 | 11
#0355-d256 @A: 35 23 14 13 | 01
#0356-d256 @A: 23 20 35 11 | 07
#0357-d256 @A: 21 06 19 35 | 03
#0358-d256 @A: 22 33 35 19 | 02
#0359-d256 @A: 02 08 35 31 | 12
#0360-d256 @A: 22 11 02 35 | 08
#0361-d256 @A: 31 26 20 35 | 09
#0362-d256 @A: 18 35 22 20 | 04
#0363-d256 @A: 33 35 11 01 | 06
#0364-d256 @A: 33 17 35 10 | 05
#0365-d256 @A: 06 27 24 31 | 10
#0366-d256 @A: 27 10 07 01 | 11
#0367-d256 @A: 27 12 19 28 | 01
#0368-d256 @A: 29 27 12 31 | 07
#0369-d256 @A: 11 27 20 13 | 03
#0370-d256 @A: 20 27 08 10 | 02
#0371-d256 @A: 17 01 27 20 | 12
#0372-d256 @A: 07 17 04 24 | 08
#0373-d256 @A: 19 04 08 24 | 09
#0374-d256 @A: 24 10 04 16 | 04
#0375-d256 @A: 28 06 04 08 | 06
#0376-d256 @A: 19 14 33 04 | 05
#0377-d256 @A: 28 04 05 14 | 10
#0378-d256 @A: 12 25 04 11 | 11
#0379-d256 @A: 33 13 20 04 | 01
#0380-d256 @A: 01 21 04 11 | 07
#0381-d256 @A: 23 02 10 24 | 03
#0382-d256 @A: 24 08 07 13 | 02
#0383-d256 @A: 19 14 24 28 | 12
#0384-d256 @A: 14 24 02 26 | 08
#0385-d256 @A: 02 28 33 24 | 09
#0386-d256 @A: 10 24 18 13 | 04
#0387-d256 @A: 29 20 01 24 | 06
#0388-d256 @A: 22 11 24 08 | 05
#0389-d256 @A: 14 06 23 17 | 10
#0390-d256 @A: 17 26 02 23 | 11
#0391-d256 @A: 23 18 17 29 | 01
#0392-d256 @A: 01 23 22 16 | 07
#0393-d256 @A: 18 33 10 23 | 03
#0394-d256 @A: 06 33 22 07 | 02
#0395-d256 @A: 06 18 13 21 | 12
#0396-d256 @A: 10 18 06 16 | 08
#0397-d256 @A: 25 07 16 12 | 09
#0398-d256 @A: 07 19 08 33 | 04
#0399-d256 @A: 10 07 13 02 | 06
#0400-d256 @A: 17 02 28 07 | 05
#0401-d256 @A: 07 26 10 18 | 10
#0402-d256 @A: 14 26 11 13 | 11
#0403-d256 @A: 22 01 14 17 | 01
#0404-d256 @A: 08 11 05 12 | 07
#0405-d256 @A: 11 10 12 29 | 03
#0406-d256 @A: 17 12 21 28 | 02
#0407-d256 @A: 05 25 02 16 | 12
#0408-d256 @A: 25 21 08 18 | 08
#0409-d256 @A: 29 31 19 13 | 09
#0410-d256 @A: 16 19 17 08 | 04
#0411-d256 @A: 01 21 05 20 | 06
#0412-d256 @A: 01 16 29 05 | 05
#0413-d256 @A: 05 18 29 21 | 10
#0414-d256 @A: 20 33 02 01 | 11
#0415-d256 @A: 10 29 26 33 | 01
#0416-d256 @A: 01 27 30 15 | 07
#0417-d256 @A: 34 29 30 24 | 03
#0418-d256 @A: 30 07 34 23 | 02
#0419-d256 @A: 06 20 34 30 | 12
#0420-d256 @A: 34 12 02 30 | 08
#0421-d256 @A: 30 32 08 06 | 09
#0422-d256 @A: 09 02 30 07 | 04
#0423-d256 @A: 09 30 08 14 | 06
#0424-d256 @A: 30 27 06 16 | 05
#0425-d256 @A: 27 14 30 13 | 10
#0426-d256 @A: 05 30 08 27 | 11
#0427-d256 @A: 24 11 30 14 | 01
#0428-d256 @A: 07 30 08 25 | 07
#0429-d256 @A: 33 19 30 12 | 03
#0430-d256 @A: 31 29 30 20 | 02
#0431-d256 @A: 29 30 08 21 | 12
#0432-d256 @A: 30 01 08 28 | 08
#0433-d256 @A: 16 11 30 01 | 09
#0434-d256 @A: 32 15 34 02 | 04
#0435-d256 @A: 14 15 31 34 | 06
#0436-d256 @A: 15 12 09 22 | 05
#0437-d256 @A: 15 33 09 16 | 10
#0438-d256 @A: 03 02 14 15 | 11
#0439-d256 @A: 04 06 15 35 | 01
#0440-d256 @A: 25 15 23 35 | 07
#0441-d256 @A: 28 15 19 23 | 03
#0442-d256 @A: 19 05 06 15 | 02
#0443-d256 @A: 01 15 17 06 | 12
#0444-d256 @A: 15 14 07 13 | 08
#0445-d256 @A: 15 21 01 14 | 09
#0446-d256 @A: 31 01 02 15 | 04
#0447-d256 @A: 21 15 17 08 | 06
#0448-d256 @A: 11 31 29 15 | 05
#0449-d256 @A: 15 21 28 31 | 10
#0450-d256 @A: 11 16 15 28 | 11
#0451-d256 @A: 35 34 32 17 | 01
#0452-d256 @A: 04 26 34 32 | 07
#0453-d256 @A: 34 32 16 28 | 03
#0454-d256 @A: 34 24 07 09 | 02
#0455-d256 @A: 26 06 09 34 | 12
#0456-d256 @A: 23 03 34 26 | 08
#0457-d256 @A: 27 04 11 34 | 09
#0458-d256 @A: 31 27 34 19 | 04
#0459-d256 @A: 06 11 14 34 | 06
#0460-d256 @A: 07 11 34 12 | 05
#0461-d256 @A: 34 07 05 28 | 10
#0462-d256 @A: 25 34 08 14 | 11
#0463-d256 @A: 05 14 26 34 | 01
#0464-d256 @A: 08 31 34 16 | 07
#0465-d256 @A: 18 28 22 34 | 03
#0466-d256 @A: 11 10 17 34 | 02
#0467-d256 @A: 25 03 21 32 | 12
#0468-d256 @A: 11 32 06 35 | 08
#0469-d256 @A: 06 32 24 26 | 09
#0470-d256 @A: 24 32 22 07 | 04
#0471-d256 @A: 24 32 14 08 | 06
#0472-d256 @A: 14 23 32 10 | 05
#0473-d256 @A: 12 32 06 16 | 10
#0474-d256 @A: 05 13 32 12 | 11
#0475-d256 @A: 32 08 31 28 | 01
#0476-d256 @A: 08 10 17 32 | 07
#0477-d256 @A: 01 29 32 31 | 03
#0478-d256 @A: 32 28 26 33 | 02
#0479-d256 @A: 09 05 35 02 | 12
#0480-d256 @A: 09 07 18 04 | 08
#0481-d256 @A: 13 09 20 04 | 09
#0482-d256 @A: 09 11 24 12 | 04
#0483-d256 @A: 20 23 05 09 | 06
#0484-d256 @A: 10 29 09 05 | 05
#0485-d256 @A: 20 10 02 09 | 10
#0486-d256 @A: 09 01 02 26 | 11
#0487-d256 @A: 29 17 20 09 | 01
#0488-d256 @A: 31 09 29 18 | 07
#0489-d256 @A: 04 26 03 14 | 03
#0490-d256 @A: 03 33 11 04 | 02
#0491-d256 @A: 29 03 24 23 | 12
#0492-d256 @A: 14 03 01 24 | 08
#0493-d256 @A: 16 03 19 23 | 09
#0494-d256 @A: 03 23 28 05 | 04
#0495-d256 @A: 16 03 14 06 | 06
#0496-d256 @A: 07 17 03 25 | 05
#0497-d256 @A: 20 03 13 17 | 10
#0498-d256 @A: 13 28 03 21 | 11
#0499-d256 @A: 28 08 03 26 | 01
#0500-d256 @A: 31 03 01 10 | 07
#0501-d256 @A: 24 26 04 35 | 03
#0502-d256 @A: 20 35 04 19 | 02
#0503-d256 @A: 35 04 01 08 | 12
#0504-d256 @A: 35 04 11 10 | 08
#0505-d256 @A: 35 31 12 06 | 09
#0506-d256 @A: 28 25 35 06 | 04
#0507-d256 @A: 14 25 35 11 | 06
#0508-d256 @A: 33 14 35 16 | 05
#0509-d256 @A: 29 16 20 35 | 10
#0510-d256 @A: 35 28 18 26 | 11
#0511-d256 @A: 23 31 27 04 | 01
#0512-d256 @A: 24 12 01 27 | 07
#0513-d256 @A: 27 14 06 20 | 03
#0514-d256 @A: 27 06 29 19 | 02
#0515-d256 @A: 20 16 12 27 | 12
#0516-d256 @A: 18 33 27 12 | 08
#0517-d256 @A: 27 13 25 33 | 09
#0518-d256 @A: 27 05 11 01 | 04
#0519-d256 @A: 29 27 17 10 | 06
#0520-d256 @A: 22 27 16 21 | 05
#0521-d256 @A: 11 10 27 22 | 10
#0522-d256 @A: 05 04 29 06 | 11
#0523-d256 @A: 14 04 01 07 | 01
#0524-d256 @A: 04 11 07 16 | 07
#0525-d256 @A: 04 14 19 22 | 03
#0526-d256 @A: 02 11 20 04 | 02
#0527-d256 @A: 18 13 28 04 | 12
#0528-d256 @A: 16 22 08 04 | 08
#0529-d256 @A: 14 22 24 12 | 09
#0530-d256 @A: 24 02 29 18 | 04
#0531-d256 @A: 01 24 28 13 | 06
#0532-d256 @A: 20 28 18 24 | 05
#0533-d256 @A: 18 07 23 22 | 10
#0534-d256 @A: 23 14 28 25 | 11
#0535-d256 @A: 05 14 02 23 | 01
#0536-d256 @A: 20 12 13 23 | 07
#0537-d256 @A: 23 13 08 16 | 03
#0538-d256 @A: 16 23 18 20 | 02
#0539-d256 @A: 31 21 18 23 | 12
#0540-d256 @A: 21 10 23 01 | 08
#0541-d256 @A: 29 06 12 07 | 09
#0542-d256 @A: 22 28 07 06 | 04
#0543-d256 @A: 17 31 06 21 | 06
#0544-d256 @A: 14 19 21 07 | 05
#0545-d256 @A: 18 07 05 14 | 10
#0546-d256 @A: 31 10 07 16 | 11
#0547-d256 @A: 11 01 07 22 | 01
#0548-d256 @A: 22 25 18 14 | 07
#0549-d256 @A: 21 14 22 02 | 03
#0550-d256 @A: 26 14 29 31 | 02
#0551-d256 @A: 20 29 12 08 | 12
#0552-d256 @A: 02 25 08 10 | 08
#0553-d256 @A: 25 13 28 16 | 09
#0554-d256 @A: 21 28 25 26 | 04
#0555-d256 @A: 18 25 16 26 | 06
#0556-d256 @A: 17 11 19 05 | 05
#0557-d256 @A: 19 13 16 11 | 10
#0558-d256 @A: 20 21 19 18 | 11
#0559-d256 @A: 05 33 08 16 | 01
#0560-d256 @A: 30 06 23 15 | 07
#0561-d256 @A: 30 22 14 34 | 03
#0562-d256 @A: 05 32 31 30 | 02
#0563-d256 @A: 32 30 33 18 | 12
#0564-d256 @A: 02 30 06 03 | 08
#0565-d256 @A: 35 30 19 10 | 09
#0566-d256 @A: 27 30 31 17 | 04
#0567-d256 @A: 30 01 24 06 | 06
#0568-d256 @A: 22 30 11 23 | 05
#0569-d256 @A: 06 21 07 30 | 10
#0570-d256 @A: 21 14 30 25 | 11
#0571-d256 @A: 33 30 02 14 | 01
#0572-d256 @A: 11 30 08 13 | 07
#0573-d256 @A: 13 34 09 15 | 03
#0574-d256 @A: 24 01 34 15 | 02
#0575-d256 @A: 34 25 26 15 | 12
#0576-d256 @A: 01 15 09 19 | 08
#0577-d256 @A: 08 03 10 15 | 09
#0578-d256 @A: 26 35 27 15 | 04
#0579-d256 @A: 08 19 35 15 | 06
#0580-d256 @A: 04 07 31 15 | 05
#0581-d256 @A: 28 14 06 15 | 10
#0582-d256 @A: 22 25 17 15 | 11
#0583-d256 @A: 18 16 02 15 | 01
#0584-d256 @A: 16 13 15 21 | 07
#0585-d256 @A: 15 28 10 20 | 03
#0586-d256 @A: 22 03 34 32 | 02
#0587-d256 @A: 12 16 03 34 | 12
#0588-d256 @A: 34 28 25 03 | 08
#0589-d256 @A: 17 24 06 34 | 09
#0590-d256 @A: 34 01 06 19 | 04
#0591-d256 @A: 13 34 07 19 | 06
#0592-d256 @A: 19 34 12 08 | 05
#0593-d256 @A: 34 17 05 12 | 10
#0594-d256 @A: 02 34 16 17 | 11
#0595-d256 @A: 34 33 08 28 | 01
#0596-d256 @A: 22 09 04 32 | 07
#0597-d256 @A: 01 13 32 09 | 03
#0598-d256 @A: 04 03 16 32 | 02
#0599-d256 @A: 35 19 32 02 | 12
#0600-d256 @A: 20 25 04 32 | 08
#0601-d256 @A: 01 32 04 05 | 09
#0602-d256 @A: 04 10 13 32 | 04
#0603-d256 @A: 01 25 24 32 | 06
#0604-d256 @A: 32 07 19 16 | 05
#0605-d256 @A: 11 08 32 19 | 10
#0606-d256 @A: 26 10 32 31 | 11
#0607-d256 @A: 03 14 11 09 | 01
#0608-d256 @A: 21 03 01 09 | 07
#0609-d256 @A: 09 06 27 13 | 03
#0610-d256 @A: 09 27 12 07 | 02
#0611-d256 @A: 05 27 22 09 | 12
#0612-d256 @A: 09 04 25 26 | 08
#0613-d256 @A: 09 14 24 33 | 09
#0614-d256 @A: 24 09 31 02 | 04
#0615-d256 @A: 21 09 28 29 | 06
#0616-d256 @A: 09 26 10 21 | 05
#0617-d256 @A: 27 03 28 07 | 10
#0618-d256 @A: 24 03 04 22 | 11
#0619-d256 @A: 23 14 20 03 | 01
#0620-d256 @A: 03 08 17 06 | 07
#0621-d256 @A: 05 31 33 03 | 03
#0622-d256 @A: 22 31 20 03 | 02
#0623-d256 @A: 10 03 28 29 | 12
#0624-d256 @A: 01 28 11 03 | 08
#0625-d256 @A: 03 21 18 22 | 09
#0626-d256 @A: 35 24 25 20 | 04
#0627-d256 @A: 21 25 05 35 | 06
#0628-d256 @A: 02 13 35 26 | 05
#0629-d256 @A: 16 02 35 28 | 10
#0630-d256 @A: 18 33 35 20 | 11
#0631-d256 @A: 18 31 35 16 | 01
#0632-d256 @A: 01 35 10 28 | 07
#0633-d256 @A: 10 25 04 27 | 03
#0634-d256 @A: 04 17 27 05 | 02
#0635-d256 @A: 27 19 24 13 | 12
#0636-d256 @A: 16 27 24 05 | 08
#0637-d256 @A: 27 33 26 24 | 09
#0638-d256 @A: 23 05 13 27 | 04
#0639-d256 @A: 10 02 18 27 | 06
#0640-d256 @A: 20 22 27 33 | 05
#0641-d256 @A: 31 27 10 21 | 10
#0642-d256 @A: 22 18 17 27 | 11
#0643-d256 @A: 04 06 13 14 | 01
#0644-d256 @A: 14 25 04 17 | 07
#0645-d256 @A: 25 02 04 19 | 03
#0646-d256 @A: 25 05 04 31 | 02
#0647-d256 @A: 04 25 08 13 | 12
#0648-d256 @A: 21 02 28 04 | 08
#0649-d256 @A: 04 16 21 18 | 09
#0650-d256 @A: 24 23 06 16 | 04
#0651-d256 @A: 11 28 24 02 | 06
#0652-d256 @A: 20 17 08 24 | 05
#0653-d256 @A: 20 11 16 24 | 10
#0654-d256 @A: 08 01 24 18 | 11
#0655-d256 @A: 12 23 06 11 | 01
#0656-d256 @A: 31 06 29 23 | 07
#0657-d256 @A: 07 28 12 23 | 03
#0658-d256 @A: 07 23 02 19 | 02
#0659-d256 @A: 08 23 05 07 | 12
#0660-d256 @A: 31 07 20 23 | 08
#0661-d256 @A: 23 28 29 01 | 09
#0662-d256 @A: 23 29 22 21 | 04
#0663-d256 @A: 05 06 33 28 | 06
#0664-d256 @A: 26 06 05 21 | 05
#0665-d256 @A: 02 06 31 18 | 10
#0666-d256 @A: 33 13 29 06 | 11
#0667-d256 @A: 16 08 11 06 | 01
#0668-d256 @A: 18 33 06 31 | 07
#0669-d256 @A: 07 14 21 33 | 03
#0670-d256 @A: 07 16 13 29 | 02
#0671-d256 @A: 01 07 29 17 | 12
#0672-d256 @A: 07 10 21 28 | 08
#0673-d256 @A: 19 14 25 13 | 09
#0674-d256 @A: 14 17 20 05 | 04
#0675-d256 @A: 21 14 29 20 | 06
#0676-d256 @A: 20 10 14 11 | 05
#0677-d256 @A: 14 11 18 16 | 10
#0678-d256 @A: 14 10 26 22 | 11
#0679-d256 @A: 16 12 01 02 | 01
#0680-d256 @A: 11 28 13 12 | 07
#0681-d256 @A: 17 26 12 13 | 03
#0682-d256 @A: 12 21 08 10 | 02
#0683-d256 @A: 13 29 10 25 | 12
#0684-d256 @A: 16 25 10 01 | 08
#0685-d256 @A: 01 19 05 10 | 09
#0686-d256 @A: 28 02 19 08 | 04
#0687-d256 @A: 28 29 19 16 | 06
#0688-d256 @A: 29 11 18 19 | 05
#0689-d256 @A: 31 05 02 20 | 10
#0690-d256 @A: 08 18 16 05 | 11
#0691-d256 @A: 18 33 08 01 | 01
#0692-d256 @A: 14 15 29 30 | 07
#0693-d256 @A: 18 35 30 32 | 03
#0694-d256 @A: 12 30 01 32 | 02
#0695-d256 @A: 05 30 03 16 | 12
#0696-d256 @A: 20 30 26 03 | 08
#0697-d256 @A: 30 35 07 16 | 09
#0698-d256 @A: 02 30 27 24 | 04
#0699-d256 @A: 29 30 04 01 | 06
#0700-d256 @A: 30 01 23 17 | 05
#0701-d256 @A: 17 06 12 30 | 10
#0702-d256 @A: 19 07 31 30 | 11
#0703-d256 @A: 02 16 30 19 | 01
#0704-d256 @A: 02 30 13 05 | 07
#0705-d256 @A: 13 10 30 31 | 03
#0706-d256 @A: 18 11 30 20 | 02
#0707-d256 @A: 31 15 35 09 | 12
#0708-d256 @A: 05 09 15 18 | 08
#0709-d256 @A: 22 03 11 15 | 09
#0710-d256 @A: 27 23 15 11 | 04
#0711-d256 @A: 27 18 15 06 | 06
#0712-d256 @A: 27 13 12 15 | 05
#0713-d256 @A: 05 24 17 15 | 10
#0714-d256 @A: 02 07 06 15 | 11
#0715-d256 @A: 11 15 12 33 | 01
#0716-d256 @A: 15 02 20 22 | 07
#0717-d256 @A: 21 10 02 15 | 03
#0718-d256 @A: 27 34 32 01 | 02
#0719-d256 @A: 32 34 11 23 | 12
#0720-d256 @A: 34 25 32 29 | 08
#0721-d256 @A: 34 09 03 10 | 09
#0722-d256 @A: 29 34 27 09 | 04
#0723-d256 @A: 23 34 09 16 | 06
#0724-d256 @A: 29 34 21 03 | 05
#0725-d256 @A: 35 08 06 34 | 10
#0726-d256 @A: 23 19 34 18 | 11
#0727-d256 @A: 34 31 06 05 | 01
#0728-d256 @A: 18 29 34 14 | 07
#0729-d256 @A: 29 20 10 34 | 03
#0730-d256 @A: 11 20 01 34 | 02
#0731-d256 @A: 34 20 21 16 | 12
#0732-d256 @A: 01 21 34 17 | 08
#0733-d256 @A: 18 34 10 21 | 09
#0734-d256 @A: 22 26 21 34 | 04
#0735-d256 @A: 01 03 19 32 | 06
#0736-d256 @A: 01 32 35 07 | 05
#0737-d256 @A: 29 32 24 19 | 10
#0738-d256 @A: 16 01 32 14 | 11
#0739-d256 @A: 13 32 21 17 | 01
#0740-d256 @A: 22 32 17 20 | 07
#0741-d256 @A: 32 17 11 01 | 03
#0742-d256 @A: 32 33 11 21 | 02
#0743-d256 @A: 06 03 09 12 | 12
#0744-d256 @A: 25 22 35 09 | 08
#0745-d256 @A: 31 25 09 27 | 09
#0746-d256 @A: 06 28 09 17 | 04
#0747-d256 @A: 10 09 07 14 | 06
#0748-d256 @A: 09 05 12 16 | 05
#0749-d256 @A: 33 02 09 25 | 10
#0750-d256 @A: 25 09 20 18 | 11
#0751-d256 @A: 09 08 13 28 | 01
#0752-d256 @A: 09 22 01 20 | 07
#0753-d256 @A: 08 16 01 09 | 03
#0754-d256 @A: 09 28 10 31 | 02
#0755-d256 @A: 09 31 11 33 | 12
#0756-d256 @A: 22 26 09 28 | 08
#0757-d256 @A: 01 10 09 17 | 09
#0758-d256 @A: 03 35 27 13 | 04
#0759-d256 @A: 04 03 33 35 | 06
#0760-d256 @A: 23 06 35 03 | 05
#0761-d256 @A: 03 35 29 19 | 10
#0762-d256 @A: 27 14 31 03 | 11
#0763-d256 @A: 03 18 24 25 | 01
#0764-d256 @A: 05 10 03 24 | 07
#0765-d256 @A: 23 08 03 33 | 03
#0766-d256 @A: 08 03 19 14 | 02
#0767-d256 @A: 03 26 12 19 | 12
#0768-d256 @A: 25 31 16 03 | 08
#0769-d256 @A: 19 28 03 31 | 09
#0770-d256 @A: 13 03 31 02 | 04
#0771-d256 @A: 21 20 11 03 | 06
#0772-d256 @A: 27 35 22 23 | 05
#0773-d256 @A: 35 27 08 16 | 10
#0774-d256 @A: 22 35 05 04 | 11
#0775-d256 @A: 35 04 29 17 | 01
#0776-d256 @A: 12 35 26 23 | 07
#0777-d256 @A: 21 23 28 35 | 03
#0778-d256 @A: 14 35 08 26 | 02
#0779-d256 @A: 13 17 35 16 | 12
#0780-d256 @A: 01 29 21 35 | 08
#0781-d256 @A: 27 18 13 07 | 09
#0782-d256 @A: 17 05 33 27 | 04
#0783-d256 @A: 02 27 21 20 | 06
#0784-d256 @A: 16 27 33 31 | 05
#0785-d256 @A: 01 28 21 27 | 10
#0786-d256 @A: 10 28 16 27 | 11
#0787-d256 @A: 33 27 01 10 | 01
#0788-d256 @A: 04 26 33 23 | 07
#0789-d256 @A: 06 33 25 04 | 03
#0790-d256 @A: 02 22 29 04 | 02
#0791-d256 @A: 04 01 31 20 | 12
#0792-d256 @A: 26 04 17 20 | 08
#0793-d256 @A: 10 29 04 18 | 09
#0794-d256 @A: 28 04 31 16 | 04
#0795-d256 @A: 10 19 06 24 | 06
#0796-d256 @A: 24 07 10 12 | 05
#0797-d256 @A: 01 07 24 19 | 10
#0798-d256 @A: 20 24 13 02 | 11
#0799-d256 @A: 08 24 31 21 | 01
#0800-d256 @A: 16 21 01 24 | 07
#0801-d256 @A: 26 33 24 16 | 03
#0802-d256 @A: 23 06 10 05 | 02
#0803-d256 @A: 14 23 07 11 | 12
#0804-d256 @A: 23 26 21 19 | 08
#0805-d256 @A: 21 16 23 05 | 09
#0806-d256 @A: 31 23 29 33 | 04
#0807-d256 @A: 19 06 14 31 | 06
#0808-d256 @A: 17 29 25 06 | 05
#0809-d256 @A: 06 01 02 29 | 10
#0810-d256 @A: 06 13 20 29 | 11
#0811-d256 @A: 33 21 06 01 | 01
#0812-d256 @A: 01 11 06 26 | 07
#0813-d256 @A: 06 22 11 18 | 03
#0814-d256 @A: 07 01 12 05 | 02
#0815-d256 @A: 22 21 07 12 | 12
#0816-d256 @A: 02 07 08 16 | 08
#0817-d256 @A: 17 22 13 07 | 09
#0818-d256 @A: 28 18 07 08 | 04
#0819-d256 @A: 26 17 07 08 | 06
#0820-d256 @A: 20 13 14 31 | 05
#0821-d256 @A: 18 01 14 13 | 10
#0822-d256 @A: 11 14 29 22 | 11
#0823-d256 @A: 28 11 14 21 | 01
#0824-d256 @A: 17 14 21 26 | 07
#0825-d256 @A: 12 25 28 05 | 03
#0826-d256 @A: 02 31 17 12 | 02
#0827-d256 @A: 17 16 12 18 | 12
#0828-d256 @A: 08 11 25 33 | 08
#0829-d256 @A: 10 21 25 17 | 09
#0830-d256 @A: 13 05 26 19 | 04
#0831-d256 @A: 21 19 05 28 | 06
#0832-d256 @A: 01 08 05 02 | 05
#0833-d256 @A: 02 17 21 05 | 10
#0834-d256 @A: 05 10 20 18 | 11
#0835-d256 @A: 22 08 21 05 | 01
#0836-d256 @A: 18 05 28 11 | 07
#0837-d256 @A: 02 33 11 22 | 03
#0838-d256 @A: 33 13 28 10 | 02
#0839-d256 @A: 25 15 30 02 | 12
#0840-d256 @A: 30 15 05 22 | 08
#0841-d256 @A: 30 14 17 03 | 09
#0842-d256 @A: 33 30 35 06 | 04
#0843-d256 @A: 30 27 29 07 | 06
#0844-d256 @A: 30 04 14 20 | 05
#0845-d256 @A: 08 30 23 19 | 10
#0846-d256 @A: 05 18 06 30 | 11
#0847-d256 @A: 31 30 28 02 | 01
#0848-d256 @A: 33 10 30 20 | 07
#0849-d256 @A: 30 29 26 16 | 03
#0850-d256 @A: 30 16 21 31 | 02
#0851-d256 @A: 18 03 34 15 | 12
#0852-d256 @A: 34 17 15 23 | 08
#0853-d256 @A: 15 31 22 32 | 09
#0854-d256 @A: 10 15 09 04 | 04
#0855-d256 @A: 25 09 21 15 | 06
#0856-d256 @A: 15 05 20 03 | 05
#0857-d256 @A: 05 15 01 35 | 10
#0858-d256 @A: 33 28 04 15 | 11
#0859-d256 @A: 20 06 24 15 | 01
#0860-d256 @A: 10 12 14 15 | 07
#0861-d256 @A: 12 15 19 16 | 03
#0862-d256 @A: 10 33 15 05 | 02
#0863-d256 @A: 08 15 26 22 | 12
#0864-d256 @A: 15 33 21 29 | 08
#0865-d256 @A: 31 26 16 15 | 09
#0866-d256 @A: 14 32 09 34 | 04
#0867-d256 @A: 32 34 10 07 | 06
#0868-d256 @A: 05 34 32 19 | 05
#0869-d256 @A: 21 09 34 35 | 10
#0870-d256 @A: 09 25 17 34 | 11
#0871-d256 @A: 34 09 01 28 | 01
#0872-d256 @A: 34 13 35 04 | 07
#0873-d256 @A: 34 35 24 18 | 03
#0874-d256 @A: 07 34 35 22 | 02
#0875-d256 @A: 34 13 27 21 | 12
#0876-d256 @A: 07 08 34 04 | 08
#0877-d256 @A: 19 04 29 34 | 09
#0878-d256 @A: 34 05 21 24 | 04
#0879-d256 @A: 34 10 24 26 | 06
#0880-d256 @A: 06 34 23 28 | 05
#0881-d256 @A: 34 23 29 13 | 10
#0882-d256 @A: 25 07 01 34 | 11
#0883-d256 @A: 34 01 02 14 | 01
#0884-d256 @A: 20 18 34 02 | 07
#0885-d256 @A: 31 17 13 34 | 03
#0886-d256 @A: 34 29 08 11 | 02
#0887-d256 @A: 34 01 22 29 | 12
#0888-d256 @A: 34 17 26 18 | 08
#0889-d256 @A: 32 17 03 02 | 09
#0890-d256 @A: 14 32 29 35 | 04
#0891-d256 @A: 35 32 33 25 | 06
#0892-d256 @A: 32 13 27 16 | 05
#0893-d256 @A: 27 28 18 32 | 10
#0894-d256 @A: 28 06 19 32 | 11
#0895-d256 @A: 14 07 32 12 | 01
#0896-d256 @A: 32 10 18 12 | 07
#0897-d256 @A: 22 28 25 32 | 03
#0898-d256 @A: 19 32 33 16 | 02
#0899-d256 @A: 35 01 09 18 | 12
#0900-d256 @A: 05 09 24 19 | 08
#0901-d256 @A: 09 17 07 23 | 09
#0902-d256 @A: 11 05 09 06 | 04
#0903-d256 @A: 31 09 07 05 | 06
#0904-d256 @A: 14 02 09 19 | 05
#0905-d256 @A: 28 09 12 02 | 10
#0906-d256 @A: 09 29 26 13 | 11
#0907-d256 @A: 16 28 09 20 | 01
#0908-d256 @A: 03 10 35 26 | 07
#0909-d256 @A: 05 08 03 04 | 03
#0910-d256 @A: 02 08 24 03 | 02
#0911-d256 @A: 07 26 11 03 | 12
#0912-d256 @A: 20 16 33 03 | 08
#0913-d256 @A: 29 03 26 17 | 09
#0914-d256 @A: 01 16 03 17 | 04
#0915-d256 @A: 27 25 01 35 | 06
#0916-d256 @A: 19 27 18 35 | 05
#0917-d256 @A: 07 24 35 33 | 10
#0918-d256 @A: 07 17 06 35 | 11
#0919-d256 @A: 14 12 20 35 | 01
#0920-d256 @A: 25 18 35 17 | 07
#0921-d256 @A: 02 10 35 17 | 03
#0922-d256 @A: 13 35 01 22 | 02
#0923-d256 @A: 28 22 29 35 | 12
#0924-d256 @A: 02 27 33 04 | 08
#0925-d256 @A: 27 23 18 12 | 09
#0926-d256 @A: 11 07 27 06 | 04
#0927-d256 @A: 26 27 07 02 | 06
#0928-d256 @A: 14 11 19 27 | 05
#0929-d256 @A: 10 05 27 14 | 10
#0930-d256 @A: 29 27 14 28 | 11
#0931-d256 @A: 33 17 27 14 | 01
#0932-d256 @A: 27 02 22 08 | 07
#0933-d256 @A: 12 04 23 16 | 03
#0934-d256 @A: 04 01 19 23 | 02
#0935-d256 @A: 06 04 19 17 | 12
#0936-d256 @A: 33 05 22 04 | 08
#0937-d256 @A: 26 29 04 08 | 09
#0938-d256 @A: 16 18 04 33 | 04
#0939-d256 @A: 21 14 18 24 | 06
#0940-d256 @A: 31 24 12 13 | 05
#0941-d256 @A: 24 28 16 12 | 10
#0942-d256 @A: 13 22 24 26 | 11
#0943-d256 @A: 31 33 24 20 | 01
#0944-d256 @A: 29 10 08 24 | 07
#0945-d256 @A: 23 19 29 14 | 03
#0946-d256 @A: 11 13 23 10 | 02
#0947-d256 @A: 08 01 26 23 | 12
#0948-d256 @A: 23 17 33 16 | 08
#0949-d256 @A: 33 14 26 06 | 09
#0950-d256 @A: 22 06 25 10 | 04
#0951-d256 @A: 16 02 26 06 | 06
#0952-d256 @A: 06 08 21 01 | 05
#0953-d256 @A: 01 31 22 06 | 10
#0954-d256 @A: 19 07 25 18 | 11
#0955-d256 @A: 13 07 11 21 | 01
#0956-d256 @A: 07 20 18 33 | 07
#0957-d256 @A: 11 14 17 12 | 03
#0958-d256 @A: 26 14 25 01 | 02
#0959-d256 @A: 14 10 17 19 | 12
#0960-d256 @A: 14 16 28 08 | 08
#0961-d256 @A: 22 28 14 31 | 09
#0962-d256 @A: 01 11 12 19 | 04
#0963-d256 @A: 12 18 08 31 | 06
#0964-d256 @A: 08 16 12 26 | 05
#0965-d256 @A: 16 29 12 21 | 10
#0966-d256 @A: 21 33 31 12 | 11
#0967-d256 @A: 25 02 21 31 | 01
#0968-d256 @A: 25 29 01 18 | 07
#0969-d256 @A: 33 02 19 13 | 03
#0970-d256 @A: 22 10 13 19 | 02
#0971-d256 @A: 19 31 11 20 | 12
#0972-d256 @A: 10 02 05 11 | 08
#0973-d256 @A: 13 08 17 05 | 09
#0974-d256 @A: 22 18 13 05 | 04
#0975-d256 @A: 05 11 26 20 | 06
#0976-d256 @A: 05 17 22 26 | 05
#0977-d256 @A: 02 11 29 33 | 10
#0978-d256 @A: 21 33 20 08 | 11
#0979-d256 @A: 30 15 35 13 | 01
#0980-d256 @A: 30 07 15 10 | 07
#0981-d256 @A: 15 21 30 20 | 03
#0982-d256 @A: 03 08 30 34 | 02
#0983-d256 @A: 34 30 28 19 | 12
#0984-d256 @A: 34 30 11 21 | 08
#0985-d256 @A: 34 33 30 11 | 09
#0986-d256 @A: 23 30 31 03 | 04
#0987-d256 @A: 04 28 30 35 | 06
#0988-d256 @A: 23 12 30 24 | 05
#0989-d256 @A: 30 33 24 08 | 10
#0990-d256 @A: 29 10 30 02 | 11
#0991-d256 @A: 01 02 22 30 | 01
#0992-d256 @A: 13 30 29 17 | 07
#0993-d256 @A: 22 30 29 18 | 03
#0994-d256 @A: 21 19 15 34 | 02
#0995-d256 @A: 21 15 32 35 | 12
#0996-d256 @A: 32 29 15 06 | 08
#0997-d256 @A: 09 08 15 06 | 09
#0998-d256 @A: 22 21 04 15 | 04
#0999-d256 @A: 19 31 15 24 | 06
#1000-d256 @A: 24 17 15 33 | 05
#1001-d256 @A: 15 26 06 13 | 10
#1002-d256 @A: 07 28 15 25 | 11
#1003-d256 @A: 12 18 20 15 | 01
#1004-d256 @A: 20 15 16 01 | 07
#1005-d256 @A: 08 20 32 34 | 03
#1006-d256 @A: 34 09 08 05 | 02
#1007-d256 @A: 34 01 03 04 | 12
#1008-d256 @A: 03 05 02 34 | 08
#1009-d256 @A: 05 29 35 34 | 09
#1010-d256 @A: 25 34 27 06 | 04
#1011-d256 @A: 34 05 27 18 | 06
#1012-d256 @A: 02 34 27 28 | 05
#1013-d256 @A: 24 34 28 04 | 10
#1014-d256 @A: 24 13 34 11 | 11
#1015-d256 @A: 23 21 34 14 | 01
#1016-d256 @A: 07 33 34 29 | 07
#1017-d256 @A: 26 07 34 31 | 03
#1018-d256 @A: 26 29 34 12 | 02
#1019-d256 @A: 34 20 17 19 | 12
#1020-d256 @A: 34 02 29 31 | 08
#1021-d256 @A: 32 20 35 09 | 09
#1022-d256 @A: 10 32 06 09 | 04
#1023-d256 @A: 32 09 25 16 | 06
#1024-d256 @A: 26 32 17 09 | 05
#1025-d256 @A: 03 14 28 32 | 10
#1026-d256 @A: 32 20 12 03 | 11
#1027-d256 @A: 32 24 31 35 | 01
#1028-d256 @A: 10 05 35 32 | 07
#1029-d256 @A: 17 04 32 28 | 03
#1030-d256 @A: 32 21 14 06 | 02
#1031-d256 @A: 32 02 07 33 | 12
#1032-d256 @A: 22 14 33 32 | 08
#1033-d256 @A: 26 12 25 32 | 09
#1034-d256 @A: 20 29 11 32 | 04
#1035-d256 @A: 26 32 18 29 | 06
#1036-d256 @A: 29 17 32 16 | 05
#1037-d256 @A: 18 09 27 03 | 10
#1038-d256 @A: 27 28 09 35 | 11
#1039-d256 @A: 07 08 09 35 | 01
#1040-d256 @A: 14 01 09 27 | 07
#1041-d256 @A: 23 09 22 14 | 03
#1042-d256 @A: 09 23 31 19 | 02
#1043-d256 @A: 25 09 14 06 | 12
#1044-d256 @A: 09 01 33 19 | 08
#1045-d256 @A: 02 16 09 29 | 09
#1046-d256 @A: 13 16 09 10 | 04
#1047-d256 @A: 08 18 09 26 | 06
#1048-d256 @A: 09 33 18 26 | 05
#1049-d256 @A: 31 04 03 35 | 10
#1050-d256 @A: 27 11 03 25 | 11
#1051-d256 @A: 14 03 07 29 | 01
#1052-d256 @A: 03 05 25 19 | 07
#1053-d256 @A: 02 03 28 20 | 03
#1054-d256 @A: 20 18 01 03 | 02
#1055-d256 @A: 28 24 07 35 | 12
#1056-d256 @A: 33 12 35 05 | 08
#1057-d256 @A: 10 20 35 13 | 09
#1058-d256 @A: 31 33 08 35 | 04
#1059-d256 @A: 21 35 22 10 | 06
#1060-d256 @A: 01 27 04 06 | 05
#1061-d256 @A: 27 07 04 22 | 10
#1062-d256 @A: 08 24 27 28 | 11
#1063-d256 @A: 17 27 21 24 | 01
#1064-d256 @A: 27 06 28 05 | 07
#1065-d256 @A: 12 25 22 27 | 03
#1066-d256 @A: 02 12 27 05 | 02
#1067-d256 @A: 13 27 25 17 | 12
#1068-d256 @A: 27 08 01 29 | 08
#1069-d256 @A: 26 27 22 31 | 09
#1070-d256 @A: 28 33 11 27 | 04
#1071-d256 @A: 24 14 04 23 | 06
#1072-d256 @A: 05 11 23 04 | 05
#1073-d256 @A: 04 22 06 12 | 10
#1074-d256 @A: 20 04 06 16 | 11
#1075-d256 @A: 19 04 18 31 | 01
#1076-d256 @A: 04 02 08 17 | 07
#1077-d256 @A: 26 04 21 13 | 03
#1078-d256 @A: 08 20 18 04 | 02
#1079-d256 @A: 24 29 14 06 | 12
#1080-d256 @A: 25 02 24 07 | 08
#1081-d256 @A: 11 07 24 31 | 09
#1082-d256 @A: 24 13 14 16 | 04
#1083-d256 @A: 25 24 17 12 | 06
#1084-d256 @A: 16 29 31 24 | 05
#1085-d256 @A: 24 33 18 29 | 10
#1086-d256 @A: 24 18 11 26 | 11
#1087-d256 @A: 17 24 22 10 | 01
#1088-d256 @A: 28 07 23 33 | 07
#1089-d256 @A: 12 23 29 25 | 03
#1090-d256 @A: 22 25 23 19 | 02
#1091-d256 @A: 23 26 20 22 | 12
#1092-d256 @A: 17 21 20 23 | 08
#1093-d256 @A: 07 31 25 06 | 09
#1094-d256 @A: 07 08 06 19 | 04
#1095-d256 @A: 16 06 33 02 | 06
#1096-d256 @A: 08 06 10 31 | 05
#1097-d256 @A: 06 10 29 21 | 10
#1098-d256 @A: 25 33 07 05 | 11
#1099-d256 @A: 17 07 31 18 | 01
#1100-d256 @A: 07 16 01 28 | 07
#1101-d256 @A: 14 10 28 02 | 03
#1102-d256 @A: 01 20 28 14 | 02
#1103-d256 @A: 14 20 18 26 | 12
#1104-d256 @A: 08 29 17 14 | 08
#1105-d256 @A: 10 14 31 33 | 09
#1106-d256 @A: 02 12 18 11 | 04
#1107-d256 @A: 20 01 12 26 | 06
#1108-d256 @A: 08 28 22 12 | 05
#1109-d256 @A: 28 12 29 18 | 10
#1110-d256 @A: 21 01 18 12 | 11
#1111-d256 @A: 29 28 25 02 | 01
#1112-d256 @A: 31 25 20 08 | 07
#1113-d256 @A: 28 25 33 20 | 03
#1114-d256 @A: 16 25 22 20 | 02
#1115-d256 @A: 29 25 21 11 | 12
#1116-d256 @A: 13 01 19 20 | 08
#1117-d256 @A: 13 21 08 19 | 09
#1118-d256 @A: 01 19 31 08 | 04
#1119-d256 @A: 29 19 17 33 | 06
#1120-d256 @A: 17 01 28 19 | 05
#1121-d256 @A: 19 22 11 28 | 10
#1122-d256 @A: 13 05 31 01 | 11
#1123-d256 @A: 31 21 05 11 | 01
#1124-d256 @A: 11 33 20 17 | 07
#1125-d256 @A: 33 10 21 08 | 03
#1126-d256 @A: 31 25 34 30 | 02
#1127-d256 @A: 21 32 30 09 | 12
#1128-d256 @A: 09 30 28 03 | 08
#1129-d256 @A: 25 30 35 03 | 09
#1130-d256 @A: 30 11 29 35 | 04
#1131-d256 @A: 04 26 27 30 | 06
#1132-d256 @A: 27 21 19 30 | 05
#1133-d256 @A: 04 13 30 07 | 10
#1134-d256 @A: 01 04 30 33 | 11
#1135-d256 @A: 30 22 04 10 | 01
#1136-d256 @A: 05 29 23 30 | 07
#1137-d256 @A: 07 18 12 30 | 03
#1138-d256 @A: 07 11 30 05 | 02
#1139-d256 @A: 08 10 16 30 | 12
#1140-d256 @A: 30 10 01 18 | 08
#1141-d256 @A: 34 06 22 15 | 09
#1142-d256 @A: 22 15 34 33 | 04
#1143-d256 @A: 27 15 32 25 | 06
#1144-d256 @A: 15 32 12 17 | 05
#1145-d256 @A: 33 15 31 32 | 10
#1146-d256 @A: 29 15 09 23 | 11
#1147-d256 @A: 24 15 12 03 | 01
#1148-d256 @A: 02 35 15 24 | 07
#1149-d256 @A: 26 15 33 35 | 03
#1150-d256 @A: 14 22 15 27 | 02
#1151-d256 @A: 15 27 19 20 | 12
#1152-d256 @A: 04 15 25 18 | 08
#1153-d256 @A: 15 11 24 21 | 09
#1154-d256 @A: 15 33 20 23 | 04
#1155-d256 @A: 10 23 31 15 | 06
#1156-d256 @A: 07 15 12 08 | 05
#1157-d256 @A: 05 08 15 14 | 10
#1158-d256 @A: 12 29 15 05 | 11
#1159-d256 @A: 11 15 25 20 | 01
#1160-d256 @A: 15 25 01 08 | 07
#1161-d256 @A: 02 19 13 15 | 03
#1162-d256 @A: 16 10 29 15 | 02
#1163-d256 @A: 15 18 21 26 | 12
#1164-d256 @A: 04 09 31 34 | 08
#1165-d256 @A: 09 34 19 22 | 09
#1166-d256 @A: 31 24 34 03 | 04
#1167-d256 @A: 07 06 34 03 | 06
#1168-d256 @A: 34 27 24 22 | 05
#1169-d256 @A: 34 24 25 16 | 10
#1170-d256 @A: 10 19 34 25 | 11
#1171-d256 @A: 08 34 17 22 | 01
#1172-d256 @A: 28 17 29 34 | 07
#1173-d256 @A: 22 11 34 31 | 03
#1174-d256 @A: 12 28 32 35 | 02
#1175-d256 @A: 25 32 35 13 | 12
#1176-d256 @A: 26 35 32 22 | 08
#1177-d256 @A: 32 27 19 26 | 09
#1178-d256 @A: 27 21 05 32 | 04
#1179-d256 @A: 02 27 32 31 | 06
#1180-d256 @A: 32 23 07 04 | 05
#1181-d256 @A: 24 05 20 32 | 10
#1182-d256 @A: 01 06 23 32 | 11
#1183-d256 @A: 21 18 32 07 | 01
#1184-d256 @A: 05 11 14 32 | 07
#1185-d256 @A: 13 11 02 32 | 03
#1186-d256 @A: 13 32 33 08 | 02
#1187-d256 @A: 32 33 17 01 | 12
#1188-d256 @A: 26 11 32 16 | 08
#1189-d256 @A: 33 28 09 35 | 09
#1190-d256 @A: 09 11 26 35 | 04
#1191-d256 @A: 01 24 09 04 | 06
#1192-d256 @A: 06 23 09 18 | 05
#1193-d256 @A: 09 20 06 31 | 10
#1194-d256 @A: 07 09 11 28 | 11
#1195-d256 @A: 05 09 13 14 | 01
#1196-d256 @A: 09 12 25 10 | 07
#1197-d256 @A: 25 28 19 09 | 03
#1198-d256 @A: 33 29 09 05 | 02
#1199-d256 @A: 09 02 08 21 | 12
#1200-d256 @A: 18 07 03 35 | 08
#1201-d256 @A: 35 05 11 03 | 09
#1202-d256 @A: 04 03 13 11 | 04
#1203-d256 @A: 04 03 21 17 | 06
#1204-d256 @A: 33 25 03 14 | 05
#1205-d256 @A: 25 12 01 03 | 10
#1206-d256 @A: 12 03 29 02 | 11
#1207-d256 @A: 02 10 22 03 | 01
#1208-d256 @A: 31 03 29 08 | 07
#1209-d256 @A: 17 03 31 11 | 03
#1210-d256 @A: 16 11 10 03 | 02
#1211-d256 @A: 06 10 35 27 | 12
#1212-d256 @A: 35 04 23 18 | 08
#1213-d256 @A: 12 04 02 35 | 09
#1214-d256 @A: 24 06 22 35 | 04
#1215-d256 @A: 24 14 35 10 | 06
#1216-d256 @A: 29 24 12 35 | 05
#1217-d256 @A: 05 23 35 19 | 10
#1218-d256 @A: 06 02 17 27 | 11
#1219-d256 @A: 26 25 27 05 | 01
#1220-d256 @A: 27 28 22 13 | 07
#1221-d256 @A: 27 20 29 22 | 03
#1222-d256 @A: 27 31 01 16 | 02
#1223-d256 @A: 27 26 18 01 | 12
#1224-d256 @A: 21 18 27 11 | 08
#1225-d256 @A: 04 24 13 05 | 09
#1226-d256 @A: 29 20 23 04 | 04
#1227-d256 @A: 08 21 14 04 | 06
#1228-d256 @A: 02 01 10 04 | 05
#1229-d256 @A: 17 04 31 10 | 10
#1230-d256 @A: 23 33 19 24 | 11
#1231-d256 @A: 24 06 12 08 | 01
#1232-d256 @A: 21 24 12 02 | 07
#1233-d256 @A: 26 21 24 20 | 03
#1234-d256 @A: 24 26 29 28 | 02
#1235-d256 @A: 26 31 01 24 | 12
#1236-d256 @A: 21 28 24 22 | 08
#1237-d256 @A: 11 33 23 06 | 09
#1238-d256 @A: 08 12 14 23 | 04
#1239-d256 @A: 10 23 12 19 | 06
#1240-d256 @A: 23 25 01 13 | 05
#1241-d256 @A: 18 23 25 10 | 10
#1242-d256 @A: 26 18 13 23 | 11
#1243-d256 @A: 08 20 23 28 | 01
#1244-d256 @A: 11 17 28 23 | 07
#1245-d256 @A: 11 23 01 18 | 03
#1246-d256 @A: 06 11 02 21 | 02
#1247-d256 @A: 29 26 22 06 | 12
#1248-d256 @A: 12 07 17 19 | 08
#1249-d256 @A: 20 02 07 12 | 09
#1250-d256 @A: 02 01 07 18 | 04
#1251-d256 @A: 07 01 08 20 | 06
#1252-d256 @A: 28 07 31 29 | 05
#1253-d256 @A: 14 12 28 26 | 10
#1254-d256 @A: 17 31 16 14 | 11
#1255-d256 @A: 16 12 13 33 | 01
#1256-d256 @A: 12 21 20 31 | 07
#1257-d256 @A: 11 21 26 12 | 03
#1258-d256 @A: 26 02 22 25 | 02
#1259-d256 @A: 13 25 20 21 | 12
#1260-d256 @A: 10 25 20 26 | 08
#1261-d256 @A: 28 25 18 31 | 09
#1262-d256 @A: 05 29 19 22 | 04
#1263-d256 @A: 19 05 16 31 | 06
#1264-d256 @A: 02 19 31 10 | 05
#1265-d256 @A: 18 08 19 22 | 10
#1266-d256 @A: 18 33 28 19 | 11
#1267-d256 @A: 05 02 26 29 | 01
#1268-d256 @A: 05 13 11 29 | 07
#1269-d256 @A: 01 18 17 05 | 03
#1270-d256 @A: 02 31 33 17 | 02
#1271-d256 @A: 18 33 17 22 | 12
#1272-d256 @A: 30 16 15 34 | 08
#1273-d256 @A: 32 30 13 34 | 09
#1274-d256 @A: 09 30 18 34 | 04
#1275-d256 @A: 34 30 04 17 | 06
#1276-d256 @A: 32 20 27 30 | 05
#1277-d256 @A: 16 32 24 30 | 10
#1278-d256 @A: 23 30 26 32 | 11
#1279-d256 @A: 32 30 02 14 | 01
#1280-d256 @A: 25 30 10 32 | 07
#1281-d256 @A: 19 30 22 32 | 03
#1282-d256 @A: 03 27 22 30 | 02
#1283-d256 @A: 03 30 17 33 | 12
#1284-d256 @A: 31 14 35 30 | 08
#1285-d256 @A: 24 30 04 31 | 09
#1286-d256 @A: 22 30 25 24 | 04
#1287-d256 @A: 14 30 23 18 | 06
#1288-d256 @A: 28 07 14 30 | 05
#1289-d256 @A: 05 30 01 14 | 10
#1290-d256 @A: 30 16 21 33 | 11
#1291-d256 @A: 27 34 15 08 | 01
#1292-d256 @A: 15 03 07 32 | 07
#1293-d256 @A: 09 15 03 26 | 03
#1294-d256 @A: 28 15 35 03 | 02
#1295-d256 @A: 15 25 13 03 | 12
#1296-d256 @A: 15 06 33 27 | 08
#1297-d256 @A: 05 31 15 27 | 09
#1298-d256 @A: 18 08 23 15 | 04
#1299-d256 @A: 10 06 15 11 | 06
#1300-d256 @A: 07 19 15 22 | 05
#1301-d256 @A: 31 25 15 12 | 10
#1302-d256 @A: 25 05 10 15 | 11
#1303-d256 @A: 08 15 13 20 | 01
#1304-d256 @A: 15 11 13 01 | 07
#1305-d256 @A: 15 11 26 17 | 03
#1306-d256 @A: 09 02 11 34 | 02
#1307-d256 @A: 20 34 03 35 | 12
#1308-d256 @A: 35 34 26 19 | 08
#1309-d256 @A: 12 04 18 34 | 09
#1310-d256 @A: 34 24 08 23 | 04
#1311-d256 @A: 34 06 17 33 | 06
#1312-d256 @A: 02 34 21 07 | 05
#1313-d256 @A: 12 31 34 10 | 10
#1314-d256 @A: 18 34 11 25 | 11
#1315-d256 @A: 32 07 27 08 | 01
#1316-d256 @A: 21 04 19 32 | 07
#1317-d256 @A: 10 33 32 04 | 03
#1318-d256 @A: 07 20 06 32 | 02
#1319-d256 @A: 28 07 32 26 | 12
#1320-d256 @A: 32 22 12 02 | 08
#1321-d256 @A: 08 32 18 02 | 09
#1322-d256 @A: 32 01 20 10 | 04
#1323-d256 @A: 22 32 16 18 | 06
#1324-d256 @A: 02 09 03 25 | 05
#1325-d256 @A: 03 17 09 05 | 10
#1326-d256 @A: 09 04 14 35 | 11
#1327-d256 @A: 27 19 09 10 | 01
#1328-d256 @A: 25 08 09 24 | 07
#1329-d256 @A: 21 09 07 20 | 03
#1330-d256 @A: 16 09 14 26 | 02
#1331-d256 @A: 21 12 19 09 | 12
#1332-d256 @A: 09 18 22 02 | 08
#1333-d256 @A: 35 12 21 03 | 09
#1334-d256 @A: 12 27 08 03 | 04
#1335-d256 @A: 03 12 04 28 | 06
#1336-d256 @A: 22 03 19 06 | 05
#1337-d256 @A: 10 06 20 03 | 10
#1338-d256 @A: 20 07 03 19 | 11
#1339-d256 @A: 10 14 03 25 | 01
#1340-d256 @A: 29 20 25 03 | 07
#1341-d256 @A: 03 01 08 13 | 03
#1342-d256 @A: 28 22 17 03 | 02
#1343-d256 @A: 33 21 03 28 | 12
#1344-d256 @A: 35 27 11 24 | 08
#1345-d256 @A: 27 05 35 20 | 09
#1346-d256 @A: 35 27 29 02 | 04
#1347-d256 @A: 25 35 04 16 | 06
#1348-d256 @A: 23 35 29 07 | 05
#1349-d256 @A: 17 23 35 08 | 10
#1350-d256 @A: 05 35 13 06 | 11
#1351-d256 @A: 35 07 12 13 | 01
#1352-d256 @A: 07 19 11 35 | 07
#1353-d256 @A: 26 07 05 35 | 03
#1354-d256 @A: 19 35 14 01 | 02
#1355-d256 @A: 18 35 13 11 | 12
#1356-d256 @A: 21 35 20 08 | 08
#1357-d256 @A: 17 35 22 31 | 09
#1358-d256 @A: 23 07 27 16 | 04
#1359-d256 @A: 05 27 19 07 | 06
#1360-d256 @A: 14 18 08 27 | 05
#1361-d256 @A: 19 27 25 08 | 10
#1362-d256 @A: 27 02 11 16 | 11
#1363-d256 @A: 13 26 27 10 | 01
#1364-d256 @A: 20 27 18 31 | 07
#1365-d256 @A: 16 29 27 18 | 03
#1366-d256 @A: 24 06 11 04 | 02
#1367-d256 @A: 10 04 08 23 | 12
#1368-d256 @A: 17 23 22 04 | 08
#1369-d256 @A: 04 28 07 19 | 09
#1370-d256 @A: 12 31 14 04 | 04
#1371-d256 @A: 16 14 04 29 | 06
#1372-d256 @A: 22 04 20 28 | 05
#1373-d256 @A: 31 04 11 08 | 10
#1374-d256 @A: 04 21 29 31 | 11
#1375-d256 @A: 28 10 26 04 | 01
#1376-d256 @A: 04 01 22 18 | 07
#1377-d256 @A: 26 16 04 01 | 03
#1378-d256 @A: 11 22 26 04 | 02
#1379-d256 @A: 23 11 19 24 | 12
#1380-d256 @A: 11 25 24 05 | 08
#1381-d256 @A: 01 22 24 05 | 09
#1382-d256 @A: 24 10 20 31 | 04
#1383-d256 @A: 31 28 24 17 | 06
#1384-d256 @A: 31 22 18 24 | 05
#1385-d256 @A: 17 26 24 16 | 10
#1386-d256 @A: 21 13 23 02 | 11
#1387-d256 @A: 23 29 02 08 | 01
#1388-d256 @A: 18 28 23 02 | 07
#1389-d256 @A: 08 22 31 23 | 03
#1390-d256 @A: 05 07 16 06 | 02
#1391-d256 @A: 13 06 02 28 | 12
#1392-d256 @A: 13 17 11 06 | 08
#1393-d256 @A: 20 26 08 06 | 09
#1394-d256 @A: 06 26 31 28 | 04
#1395-d256 @A: 16 06 22 17 | 06
#1396-d256 @A: 31 07 14 08 | 05
#1397-d256 @A: 07 18 20 29 | 10
#1398-d256 @A: 29 07 26 21 | 11
#1399-d256 @A: 33 07 16 11 | 01
#1400-d256 @A: 02 13 29 14 | 07
#1401-d256 @A: 33 20 29 14 | 03
#1402-d256 @A: 33 18 11 14 | 02
#1403-d256 @A: 12 16 22 13 | 12
#1404-d256 @A: 33 26 12 20 | 08
#1405-d256 @A: 12 33 08 17 | 09
#1406-d256 @A: 22 29 17 12 | 04
#1407-d256 @A: 12 11 16 31 | 06
#1408-d256 @A: 19 25 21 16 | 05
#1409-d256 @A: 02 11 01 25 | 10
#1410-d256 @A: 33 16 25 29 | 11
#1411-d256 @A: 17 31 01 25 | 01
#1412-d256 @A: 17 33 25 28 | 07
#1413-d256 @A: 22 21 33 25 | 03
#1414-d256 @A: 17 16 25 11 | 02
#1415-d256 @A: 05 18 02 19 | 12
#1416-d256 @A: 19 29 02 20 | 08
#1417-d256 @A: 19 26 02 11 | 09
#1418-d256 @A: 26 20 19 28 | 04
#1419-d256 @A: 10 19 16 20 | 06
#1420-d256 @A: 10 26 19 08 | 05
#1421-d256 @A: 21 19 31 22 | 10
#1422-d256 @A: 19 31 17 26 | 11
#1423-d256 @A: 05 31 08 26 | 01
#1424-d256 @A: 21 33 13 17 | 07
#1425-d256 @A: 34 05 10 30 | 03
#1426-d256 @A: 35 09 12 30 | 02
#1427-d256 @A: 29 09 30 25 | 12
#1428-d256 @A: 26 09 30 05 | 08
#1429-d256 @A: 18 19 03 30 | 09
#1430-d256 @A: 35 30 02 23 | 04
#1431-d256 @A: 30 24 17 19 | 06
#1432-d256 @A: 24 30 26 08 | 05
#1433-d256 @A: 31 30 11 06 | 10
#1434-d256 @A: 20 30 28 12 | 11
#1435-d256 @A: 28 21 30 18 | 01
#1436-d256 @A: 10 11 26 30 | 07
#1437-d256 @A: 34 28 12 15 | 03
#1438-d256 @A: 32 26 15 14 | 02
#1439-d256 @A: 33 19 15 03 | 12
#1440-d256 @A: 20 35 15 07 | 08
#1441-d256 @A: 17 15 16 04 | 09
#1442-d256 @A: 07 26 24 15 | 04
#1443-d256 @A: 01 23 15 07 | 06
#1444-d256 @A: 15 05 26 23 | 05
#1445-d256 @A: 06 15 16 25 | 10
#1446-d256 @A: 07 18 15 11 | 11
#1447-d256 @A: 08 02 15 11 | 01
#1448-d256 @A: 17 02 15 29 | 07
#1449-d256 @A: 15 26 02 28 | 03
#1450-d256 @A: 22 29 13 15 | 02
#1451-d256 @A: 08 28 29 15 | 12
#1452-d256 @A: 32 34 12 24 | 08
#1453-d256 @A: 32 34 06 18 | 09
#1454-d256 @A: 31 21 32 34 | 04
#1455-d256 @A: 27 14 34 12 | 06
#1456-d256 @A: 33 12 34 04 | 05
#1457-d256 @A: 16 04 34 05 | 10
#1458-d256 @A: 34 06 16 29 | 11
#1459-d256 @A: 34 16 14 19 | 01
#1460-d256 @A: 16 01 34 13 | 07
#1461-d256 @A: 20 34 31 28 | 03
#1462-d256 @A: 21 28 08 34 | 02
#1463-d256 @A: 18 09 19 32 | 12
#1464-d256 @A: 08 35 32 03 | 08
#1465-d256 @A: 32 04 35 27 | 09
#1466-d256 @A: 32 19 20 14 | 04
#1467-d256 @A: 08 05 32 29 | 06
#1468-d256 @A: 13 08 32 26 | 05
#1469-d256 @A: 16 31 20 32 | 10
#1470-d256 @A: 01 32 26 21 | 11
#1471-d256 @A: 09 03 16 35 | 01
#1472-d256 @A: 04 29 03 09 | 07
#1473-d256 @A: 24 13 35 09 | 03
#1474-d256 @A: 35 10 09 23 | 02
#1475-d256 @A: 35 19 09 17 | 12
#1476-d256 @A: 23 09 21 27 | 08
#1477-d256 @A: 08 27 33 09 | 09
#1478-d256 @A: 02 06 09 04 | 04
#1479-d256 @A: 09 11 04 19 | 06
#1480-d256 @A: 26 24 23 09 | 05
#1481-d256 @A: 25 09 23 11 | 10
#1482-d256 @A: 18 09 28 14 | 11
#1483-d256 @A: 26 31 12 09 | 01
#1484-d256 @A: 01 09 33 13 | 07
#1485-d256 @A: 35 03 22 14 | 03
#1486-d256 @A: 03 18 04 06 | 02
#1487-d256 @A: 28 03 06 24 | 12
#1488-d256 @A: 13 23 03 22 | 08
#1489-d256 @A: 06 05 03 01 | 09
#1490-d256 @A: 11 06 29 03 | 04
#1491-d256 @A: 03 14 18 12 | 06
#1492-d256 @A: 21 14 03 05 | 05
#1493-d256 @A: 03 02 21 16 | 10
#1494-d256 @A: 21 14 35 27 | 11
#1495-d256 @A: 35 27 17 12 | 01
#1496-d256 @A: 04 07 35 21 | 07
#1497-d256 @A: 29 23 35 33 | 03
#1498-d256 @A: 35 25 12 08 | 02
#1499-d256 @A: 21 35 18 02 | 12
#1500-d256 @A: 13 21 35 31 | 08
#1501-d256 @A: 20 17 35 28 | 09
#1502-d256 @A: 31 35 29 10 | 04
#1503-d256 @A: 35 01 26 17 | 06
#1504-d256 @A: 27 04 29 13 | 05
#1505-d256 @A: 24 27 29 25 | 10
#1506-d256 @A: 27 25 16 14 | 11
#1507-d256 @A: 28 20 27 25 | 01
#1508-d256 @A: 27 13 01 02 | 07
#1509-d256 @A: 27 31 28 11 | 03
#1510-d256 @A: 04 24 20 12 | 02
#1511-d256 @A: 24 04 33 21 | 12
#1512-d256 @A: 06 04 10 07 | 08
#1513-d256 @A: 05 10 04 12 | 09
#1514-d256 @A: 04 02 16 13 | 04
#1515-d256 @A: 04 08 33 29 | 06
#1516-d256 @A: 24 21 23 07 | 05
#1517-d256 @A: 24 33 06 12 | 10
#1518-d256 @A: 02 06 05 24 | 11
#1519-d256 @A: 14 05 24 31 | 01
#1520-d256 @A: 24 10 33 22 | 07
#1521-d256 @A: 06 25 21 23 | 03
#1522-d256 @A: 07 23 26 25 | 02
#1523-d256 @A: 12 23 31 05 | 12
#1524-d256 @A: 05 17 25 23 | 08
#1525-d256 @A: 23 31 28 13 | 09
#1526-d256 @A: 16 17 23 10 | 04
#1527-d256 @A: 08 02 06 14 | 06
#1528-d256 @A: 12 02 06 19 | 05
#1529-d256 @A: 10 12 28 06 | 10
#1530-d256 @A: 08 05 25 06 | 11
#1531-d256 @A: 08 22 06 13 | 01
#1532-d256 @A: 13 16 06 31 | 07
#1533-d256 @A: 06 18 01 28 | 03
#1534-d256 @A: 22 16 07 14 | 02
#1535-d256 @A: 05 17 07 10 | 12
#1536-d256 @A: 07 13 28 20 | 08
#1537-d256 @A: 07 26 17 33 | 09
#1538-d256 @A: 21 13 14 12 | 04
#1539-d256 @A: 16 20 02 14 | 06
#1540-d256 @A: 08 10 14 13 | 05
#1541-d256 @A: 17 28 13 14 | 10
#1542-d256 @A: 19 20 12 25 | 11
#1543-d256 @A: 33 02 10 12 | 01
#1544-d256 @A: 12 10 20 17 | 07
#1545-d256 @A: 08 17 01 12 | 03
#1546-d256 @A: 22 29 33 12 | 02
#1547-d256 @A: 22 12 01 10 | 12
#1548-d256 @A: 25 33 31 19 | 08
#1549-d256 @A: 25 13 22 11 | 09
#1550-d256 @A: 22 26 16 19 | 04
#1551-d256 @A: 13 33 05 18 | 06
#1552-d256 @A: 10 08 05 28 | 05
#1553-d256 @A: 28 26 01 05 | 10
#1554-d256 @A: 26 33 01 05 | 11
#1555-d256 @A: 33 28 22 16 | 01
#1556-d256 @A: 24 15 18 30 | 07
#1557-d256 @A: 04 30 11 32 | 03
#1558-d256 @A: 10 24 09 30 | 02
#1559-d256 @A: 30 33 09 07 | 12
#1560-d256 @A: 21 30 24 35 | 08
#1561-d256 @A: 01 35 20 30 | 09
#1562-d256 @A: 30 27 28 23 | 04
#1563-d256 @A: 30 18 04 02 | 06
#1564-d256 @A: 28 30 05 24 | 05
#1565-d256 @A: 23 25 16 30 | 10
#1566-d256 @A: 33 23 30 05 | 11
#1567-d256 @A: 06 30 19 13 | 01
#1568-d256 @A: 19 12 29 30 | 07
#1569-d256 @A: 17 25 30 26 | 03
#1570-d256 @A: 02 11 30 17 | 02
#1571-d256 @A: 28 10 30 17 | 12
#1572-d256 @A: 15 01 32 18 | 08
#1573-d256 @A: 27 15 02 09 | 09
#1574-d256 @A: 07 09 16 15 | 04
#1575-d256 @A: 28 15 04 27 | 06
#1576-d256 @A: 15 10 24 27 | 05
#1577-d256 @A: 23 15 13 04 | 10
#1578-d256 @A: 12 04 15 01 | 11
#1579-d256 @A: 15 16 23 14 | 01
#1580-d256 @A: 08 33 15 14 | 07
#1581-d256 @A: 15 25 18 33 | 03
#1582-d256 @A: 18 13 31 15 | 02
#1583-d256 @A: 15 17 10 13 | 12
#1584-d256 @A: 15 28 17 18 | 08
#1585-d256 @A: 32 34 24 33 | 09
#1586-d256 @A: 09 34 12 20 | 04
#1587-d256 @A: 35 33 34 13 | 06
#1588-d256 @A: 20 07 27 34 | 05
#1589-d256 @A: 34 27 26 16 | 10
#1590-d256 @A: 21 34 06 04 | 11
#1591-d256 @A: 34 02 24 19 | 01
#1592-d256 @A: 12 22 23 34 | 07
#1593-d256 @A: 25 34 23 20 | 03
#1594-d256 @A: 10 06 34 02 | 02
#1595-d256 @A: 25 12 34 21 | 12
#1596-d256 @A: 25 34 10 33 | 08
#1597-d256 @A: 05 19 33 34 | 09
#1598-d256 @A: 08 34 26 02 | 04
#1599-d256 @A: 18 21 34 33 | 06
#1600-d256 @A: 03 33 29 32 | 05
#1601-d256 @A: 22 27 06 32 | 10
#1602-d256 @A: 11 12 32 27 | 11
#1603-d256 @A: 04 02 24 32 | 01
#1604-d256 @A: 04 12 32 29 | 07
#1605-d256 @A: 08 25 23 32 | 03
#1606-d256 @A: 17 31 23 32 | 02
#1607-d256 @A: 32 25 06 02 | 12
#1608-d256 @A: 32 06 08 33 | 08
#1609-d256 @A: 07 05 02 32 | 09
#1610-d256 @A: 32 19 31 12 | 04
#1611-d256 @A: 05 20 33 32 | 06
#1612-d256 @A: 08 22 32 01 | 05
#1613-d256 @A: 32 21 08 16 | 10
#1614-d256 @A: 13 09 19 03 | 11
#1615-d256 @A: 09 06 29 35 | 01
#1616-d256 @A: 09 04 08 27 | 07
#1617-d256 @A: 04 23 09 28 | 03
#1618-d256 @A: 09 18 16 24 | 02
#1619-d256 @A: 14 21 31 09 | 12
#1620-d256 @A: 09 08 10 22 | 08
#1621-d256 @A: 01 09 29 11 | 09
#1622-d256 @A: 16 11 21 09 | 04
#1623-d256 @A: 03 04 23 25 | 06
#1624-d256 @A: 07 16 03 24 | 05
#1625-d256 @A: 24 33 03 13 | 10
#1626-d256 @A: 03 25 06 26 | 11
#1627-d256 @A: 10 13 12 03 | 01
#1628-d256 @A: 33 01 12 03 | 07
#1629-d256 @A: 03 18 05 31 | 03
#1630-d256 @A: 02 26 03 18 | 02
#1631-d256 @A: 13 26 03 16 | 12
#1632-d256 @A: 31 21 03 26 | 08
#1633-d256 @A: 16 28 03 18 | 09
#1634-d256 @A: 33 03 22 26 | 04
#1635-d256 @A: 19 24 35 16 | 06
#1636-d256 @A: 05 08 35 24 | 05
#1637-d256 @A: 06 14 35 18 | 10
#1638-d256 @A: 06 35 16 01 | 11
#1639-d256 @A: 35 14 05 16 | 01
#1640-d256 @A: 25 19 35 31 | 07
#1641-d256 @A: 35 13 19 28 | 03
#1642-d256 @A: 11 28 35 08 | 02
#1643-d256 @A: 21 17 11 35 | 12
#1644-d256 @A: 17 27 23 19 | 08
#1645-d256 @A: 33 27 07 19 | 09
#1646-d256 @A: 19 22 01 27 | 04
#1647-d256 @A: 31 13 08 27 | 06
#1648-d256 @A: 08 21 27 26 | 05
#1649-d256 @A: 26 06 23 04 | 10
#1650-d256 @A: 04 26 07 12 | 11
#1651-d256 @A: 26 04 18 05 | 01
#1652-d256 @A: 18 17 04 11 | 07
#1653-d256 @A: 24 25 31 23 | 03
#1654-d256 @A: 26 12 24 05 | 02
#1655-d256 @A: 24 28 25 10 | 12
#1656-d256 @A: 24 19 20 22 | 08
#1657-d256 @A: 02 17 01 24 | 09
#1658-d256 @A: 24 01 10 11 | 04
#1659-d256 @A: 13 07 06 23 | 06
#1660-d256 @A: 01 23 14 33 | 05
#1661-d256 @A: 25 23 12 33 | 10
#1662-d256 @A: 23 02 16 31 | 11
#1663-d256 @A: 31 11 26 23 | 01
#1664-d256 @A: 26 23 28 16 | 07
#1665-d256 @A: 06 07 14 26 | 03
#1666-d256 @A: 20 05 12 06 | 02
#1667-d256 @A: 20 17 06 18 | 12
#1668-d256 @A: 26 10 17 06 | 08
#1669-d256 @A: 07 05 22 25 | 09
#1670-d256 @A: 22 02 07 31 | 04
#1671-d256 @A: 10 20 07 22 | 06
#1672-d256 @A: 16 26 07 20 | 05
#1673-d256 @A: 22 08 07 29 | 10
#1674-d256 @A: 31 01 21 07 | 11
#1675-d256 @A: 12 19 14 05 | 01
#1676-d256 @A: 33 28 12 14 | 07
#1677-d256 @A: 08 02 12 13 | 03
#1678-d256 @A: 12 10 02 26 | 02
#1679-d256 @A: 01 31 12 28 | 12
#1680-d256 @A: 10 25 31 11 | 08
#1681-d256 @A: 02 19 17 22 | 09
#1682-d256 @A: 17 13 19 18 | 04
#1683-d256 @A: 28 19 18 10 | 06
#1684-d256 @A: 05 02 28 22 | 05
#1685-d256 @A: 05 13 21 10 | 10
#1686-d256 @A: 16 28 17 05 | 11
#1687-d256 @A: 16 11 05 22 | 01
#1688-d256 @A: 33 26 13 11 | 07
#1689-d256 @A: 31 01 33 22 | 03
