#0001-d330 @A: 27 15 34 09 | 09
#0002-d330 @A: 18 33 15 09 | 07
#0003-d330 @A: 09 06 11 14 | 04
#0004-d330 @A: 09 35 21 24 | 02
#0005-d330 @A: 18 32 16 09 | 03
#0006-d330 @A: 16 05 03 09 | 06
#0007-d330 @A: 22 09 04 13 | 11
#0008-d330 @A: 24 14 09 04 | 10
#0009-d330 @A: 09 26 24 32 | 08
#0010-d330 @A: 29 08 24 09 | 01
#0011-d330 @A: 33 09 02 26 | 05
#0012-d330 @A: 07 12 33 09 | 12
#0013-d330 @A: 09 21 32 14 | 09
#0014-d330 @A: 09 14 34 03 | 07
#0015-d330 @A: 33 14 10 09 | 04
#0016-d330 @A: 25 29 18 09 | 02
#0017-d330 @A: 21 17 05 09 | 03
#0018-d330 @A: 28 30 06 15 | 06
#0019-d330 @A: 26 06 08 15 | 11
#0020-d330 @A: 24 34 15 35 | 10
#0021-d330 @A: 35 31 14 15 | 08
#0022-d330 @A: 03 20 15 34 | 01
#0023-d330 @A: 15 02 01 27 | 05
#0024-d330 @A: 08 24 15 31 | 12
#0025-d330 @A: 31 25 15 02 | 09
#0026-d330 @A: 32 15 34 07 | 07
#0027-d330 @A: 08 07 13 15 | 04
#0028-d330 @A: 18 27 32 15 | 02
#0029-d330 @A: 21 15 14 12 | 03
#0030-d330 @A: 10 05 34 15 | 06
#0031-d330 @A: 19 33 31 15 | 11
#0032-d330 @A: 18 15 10 17 | 10
#0033-d330 @A: 29 33 15 13 | 08
#0034-d330 @A: 15 17 25 30 | 01
#0035-d330 @A: 06 35 10 20 | 05
#0036-d330 @A: 35 01 06 25 | 12
#0037-d330 @A: 20 30 06 16 | 09
#0038-d330 @A: 03 20 29 06 | 07
#0039-d330 @A: 06 34 22 28 | 04
#0040-d330 @A: 06 28 27 34 | 02
#0041-d330 @A: 04 18 24 06 | 03
#0042-d330 @A: 24 02 06 31 | 06
#0043-d330 @A: 30 06 02 11 | 11
#0044-d330 @A: 18 06 14 12 | 10
#0045-d330 @A: 33 14 30 06 | 08
#0046-d330 @A: 34 03 08 06 | 01
#0047-d330 @A: 10 08 06 19 | 05
#0048-d330 @A: 35 20 34 02 | 12
#0049-d330 @A: 35 12 25 20 | 09
#0050-d330 @A: 14 35 21 02 | 07
#0051-d330 @A: 07 08 11 35 | 04
#0052-d330 @A: 07 13 23 35 | 02
#0053-d330 @A: 27 35 12 21 | 03
#0054-d330 @A: 34 05 35 29 | 06
#0055-d330 @A: 19 35 25 30 | 11
#0056-d330 @A: 17 33 35 30 | 10
#0057-d330 @A: 23 16 28 25 | 08
#0058-d330 @A: 18 01 16 27 | 01
#0059-d330 @A: 04 22 29 16 | 05
#0060-d330 @A: 03 24 18 16 | 12
#0061-d330 @A: 04 19 16 08 | 09
#0062-d330 @A: 16 11 17 25 | 07
#0063-d330 @A: 16 17 34 05 | 04
#0064-d330 @A: 18 16 33 31 | 02
#0065-d330 @A: 21 18 16 25 | 03
#0066-d330 @A: 16 27 23 17 | 06
#0067-d330 @A: 31 20 28 24 | 11
#0068-d330 @A: 29 07 01 20 | 10
#0069-d330 @A: 18 11 20 24 | 08
#0070-d330 @A: 04 20 34 10 | 01
#0071-d330 @A: 03 07 20 31 | 05
#0072-d330 @A: 32 13 20 08 | 12
#0073-d330 @A: 28 04 25 24 | 09
#0074-d330 @A: 10 28 02 24 | 07
#0075-d330 @A: 12 28 02 13 | 04
#0076-d330 @A: 32 28 07 11 | 02
#0077-d330 @A: 29 12 34 28 | 03
#0078-d330 @A: 30 28 25 29 | 06
#0079-d330 @A: 23 24 01 22 | 11
#0080-d330 @A: 12 04 31 01 | 10
#0081-d330 @A: 01 32 26 12 | 08
#0082-d330 @A: 30 32 08 01 | 01
#0083-d330 @A: 05 01 32 29 | 05
#0084-d330 @A: 10 14 01 03 | 12
#0085-d330 @A: 25 10 12 01 | 09
#0086-d330 @A: 19 34 26 01 | 07
#0087-d330 @A: 01 23 26 13 | 04
#0088-d330 @A: 31 22 07 24 | 02
#0089-d330 @A: 02 08 05 22 | 03
#0090-d330 @A: 32 03 22 31 | 06
#0091-d330 @A: 23 22 12 33 | 11
#0092-d330 @A: 08 22 17 23 | 10
#0093-d330 @A: 21 11 22 34 | 08
#0094-d330 @A: 11 19 26 22 | 01
#0095-d330 @A: 22 19 25 33 | 05
#0096-d330 @A: 21 18 22 10 | 12
#0097-d330 @A: 17 29 30 22 | 09
#0098-d330 @A: 33 04 24 03 | 07
#0099-d330 @A: 24 14 27 02 | 04
#0100-d330 @A: 34 03 24 02 | 02
#0101-d330 @A: 24 12 07 25 | 03
#0102-d330 @A: 34 24 07 18 | 06
#0103-d330 @A: 24 14 03 31 | 11
#0104-d330 @A: 24 03 25 27 | 10
#0105-d330 @A: 23 24 05 11 | 08
#0106-d330 @A: 24 29 34 25 | 01
#0107-d330 @A: 21 17 24 31 | 05
#0108-d330 @A: 12 04 19 02 | 12
#0109-d330 @A: 27 02 04 26 | 09
#0110-d330 @A: 08 04 11 32 | 07
#0111-d330 @A: 25 04 32 33 | 04
#0112-d330 @A: 04 23 03 30 | 02
#0113-d330 @A: 04 21 33 11 | 03
#0114-d330 @A: 04 18 29 19 | 06
#0115-d330 @A: 10 04 05 13 | 11
#0116-d330 @A: 07 17 02 32 | 10
#0117-d330 @A: 27 10 02 07 | 08
#0118-d330 @A: 27 17 02 32 | 01
#0119-d330 @A: 31 10 21 02 | 05
#0120-d330 @A: 34 07 31 10 | 12
#0121-d330 @A: 29 32 30 11 | 09
#0122-d330 @A: 23 11 31 32 | 07
#0123-d330 @A: 32 11 13 10 | 04
#0124-d330 @A: 23 19 32 17 | 02
#0125-d330 @A: 10 33 32 29 | 03
#0126-d330 @A: 31 32 10 25 | 06
#0127-d330 @A: 30 14 17 11 | 11
#0128-d330 @A: 14 10 34 21 | 10
#0129-d330 @A: 13 14 25 23 | 08
#0130-d330 @A: 17 11 12 26 | 01
#0131-d330 @A: 18 33 12 25 | 05
#0132-d330 @A: 05 26 12 23 | 12
#0133-d330 @A: 26 29 12 10 | 09
#0134-d330 @A: 11 19 08 33 | 07
#0135-d330 @A: 19 21 34 08 | 04
#0136-d330 @A: 08 29 30 18 | 02
#0137-d330 @A: 33 10 30 08 | 03
#0138-d330 @A: 31 27 10 23 | 06
#0139-d330 @A: 29 12 06 09 | 11
#0140-d330 @A: 09 08 30 06 | 10
#0141-d330 @A: 16 08 09 17 | 08
#0142-d330 @A: 09 12 13 01 | 01
#0143-d330 @A: 08 18 01 09 | 05
#0144-d330 @A: 08 09 23 02 | 12
#0145-d330 @A: 03 07 18 09 | 09
#0146-d330 @A: 17 07 09 10 | 07
#0147-d330 @A: 12 05 14 09 | 04
#0148-d330 @A: 09 11 12 21 | 02
#0149-d330 @A: 31 09 34 05 | 03
#0150-d330 @A: 09 25 26 21 | 06
#0151-d330 @A: 15 05 06 07 | 11
#0152-d330 @A: 15 10 06 27 | 10
#0153-d330 @A: 16 35 26 15 | 08
#0154-d330 @A: 03 15 01 35 | 01
#0155-d330 @A: 22 18 35 15 | 05
#0156-d330 @A: 15 30 35 12 | 12
#0157-d330 @A: 27 16 21 15 | 09
#0158-d330 @A: 08 15 20 19 | 07
#0159-d330 @A: 28 31 32 15 | 04
#0160-d330 @A: 28 15 25 08 | 02
#0161-d330 @A: 15 22 27 29 | 03
#0162-d330 @A: 15 13 22 10 | 06
#0163-d330 @A: 15 17 07 24 | 11
#0164-d330 @A: 30 14 15 32 | 10
#0165-d330 @A: 25 15 32 13 | 08
#0166-d330 @A: 33 03 15 14 | 01
#0167-d330 @A: 05 03 15 12 | 05
#0168-d330 @A: 15 10 31 03 | 12
#0169-d330 @A: 18 15 11 26 | 09
#0170-d330 @A: 30 15 34 31 | 07
#0171-d330 @A: 19 15 21 25 | 04
#0172-d330 @A: 25 10 29 15 | 02
#0173-d330 @A: 06 35 28 31 | 03
#0174-d330 @A: 35 07 30 06 | 06
#0175-d330 @A: 35 06 33 13 | 11
#0176-d330 @A: 16 29 06 25 | 10
#0177-d330 @A: 06 33 04 28 | 08
#0178-d330 @A: 02 01 06 03 | 01
#0179-d330 @A: 34 01 13 06 | 05
#0180-d330 @A: 11 04 27 06 | 12
#0181-d330 @A: 12 06 30 03 | 09
#0182-d330 @A: 06 34 29 30 | 07
#0183-d330 @A: 25 21 34 06 | 04
#0184-d330 @A: 26 18 05 06 | 02
#0185-d330 @A: 18 25 06 30 | 03
#0186-d330 @A: 06 10 21 30 | 06
#0187-d330 @A: 35 16 28 19 | 11
#0188-d330 @A: 22 35 10 16 | 10
#0189-d330 @A: 29 08 35 16 | 08
#0190-d330 @A: 31 17 35 16 | 01
#0191-d330 @A: 20 35 01 30 | 05
#0192-d330 @A: 35 01 26 14 | 12
#0193-d330 @A: 35 01 11 33 | 09
#0194-d330 @A: 21 01 35 34 | 07
#0195-d330 @A: 02 35 07 19 | 04
#0196-d330 @A: 32 34 10 35 | 02
#0197-d330 @A: 35 10 05 30 | 03
#0198-d330 @A: 21 23 35 10 | 06
#0199-d330 @A: 27 26 35 13 | 11
#0200-d330 @A: 28 30 16 04 | 10
#0201-d330 @A: 28 05 02 16 | 08
#0202-d330 @A: 22 01 16 18 | 01
#0203-d330 @A: 07 22 16 23 | 05
#0204-d330 @A: 16 22 34 19 | 12
#0205-d330 @A: 24 21 23 16 | 09
#0206-d330 @A: 19 02 16 33 | 07
#0207-d330 @A: 03 07 16 34 | 04
#0208-d330 @A: 08 14 21 16 | 02
#0209-d330 @A: 23 14 16 34 | 03
#0210-d330 @A: 11 16 19 30 | 06
#0211-d330 @A: 34 18 29 16 | 11
#0212-d330 @A: 30 16 29 33 | 10
#0213-d330 @A: 13 16 30 17 | 08
#0214-d330 @A: 18 20 14 01 | 01
#0215-d330 @A: 12 22 20 30 | 05
#0216-d330 @A: 22 08 18 20 | 12
#0217-d330 @A: 21 20 24 07 | 09
#0218-d330 @A: 19 32 20 04 | 07
#0219-d330 @A: 20 25 03 14 | 04
#0220-d330 @A: 20 21 03 33 | 02
#0221-d330 @A: 19 20 34 31 | 03
#0222-d330 @A: 20 26 21 30 | 06
#0223-d330 @A: 05 04 28 27 | 11
#0224-d330 @A: 02 28 03 29 | 10
#0225-d330 @A: 27 32 28 21 | 08
#0226-d330 @A: 13 28 03 08 | 01
#0227-d330 @A: 34 28 19 30 | 05
#0228-d330 @A: 19 21 28 05 | 12
#0229-d330 @A: 27 19 28 23 | 09
#0230-d330 @A: 21 23 28 33 | 07
#0231-d330 @A: 22 01 05 34 | 04
#0232-d330 @A: 32 01 17 04 | 02
#0233-d330 @A: 01 11 14 08 | 03
#0234-d330 @A: 18 13 17 01 | 06
#0235-d330 @A: 18 31 01 26 | 11
#0236-d330 @A: 22 24 32 04 | 10
#0237-d330 @A: 12 24 18 22 | 08
#0238-d330 @A: 19 04 05 22 | 01
#0239-d330 @A: 31 04 10 22 | 05
#0240-d330 @A: 22 14 10 02 | 12
#0241-d330 @A: 34 14 22 12 | 09
#0242-d330 @A: 23 22 25 10 | 07
#0243-d330 @A: 26 22 17 10 | 04
#0244-d330 @A: 04 30 11 24 | 02
#0245-d330 @A: 24 14 07 30 | 03
#0246-d330 @A: 24 14 13 11 | 06
#0247-d330 @A: 14 34 24 33 | 11
#0248-d330 @A: 24 03 30 29 | 10
#0249-d330 @A: 29 11 24 26 | 08
#0250-d330 @A: 29 24 31 33 | 01
#0251-d330 @A: 27 10 30 24 | 05
#0252-d330 @A: 24 17 21 27 | 12
#0253-d330 @A: 08 18 04 07 | 09
#0254-d330 @A: 03 04 14 05 | 07
#0255-d330 @A: 34 27 10 04 | 04
#0256-d330 @A: 04 23 26 25 | 02
#0257-d330 @A: 21 02 17 11 | 03
#0258-d330 @A: 18 02 26 21 | 06
#0259-d330 @A: 29 02 23 25 | 11
#0260-d330 @A: 07 13 27 32 | 10
#0261-d330 @A: 14 07 12 31 | 08
#0262-d330 @A: 07 11 26 05 | 01
#0263-d330 @A: 25 31 05 07 | 05
#0264-d330 @A: 07 31 27 17 | 12
#0265-d330 @A: 30 12 31 32 | 09
#0266-d330 @A: 19 25 32 29 | 07
#0267-d330 @A: 14 19 03 12 | 04
#0268-d330 @A: 21 25 14 11 | 02
#0269-d330 @A: 25 18 31 14 | 03
#0270-d330 @A: 21 14 17 18 | 06
#0271-d330 @A: 05 30 26 14 | 11
#0272-d330 @A: 03 29 27 19 | 10
#0273-d330 @A: 19 03 30 17 | 08
#0274-d330 @A: 11 12 30 33 | 01
#0275-d330 @A: 33 12 34 05 | 05
#0276-d330 @A: 21 19 12 30 | 12
#0277-d330 @A: 30 26 11 08 | 09
#0278-d330 @A: 33 34 08 25 | 07
#0279-d330 @A: 18 08 21 23 | 04
#0280-d330 @A: 18 08 10 13 | 02
#0281-d330 @A: 15 29 09 35 | 03
#0282-d330 @A: 09 04 15 02 | 06
#0283-d330 @A: 06 25 17 09 | 11
#0284-d330 @A: 35 07 31 09 | 10
#0285-d330 @A: 35 32 11 09 | 08
#0286-d330 @A: 32 20 31 09 | 01
#0287-d330 @A: 09 26 14 20 | 05
#0288-d330 @A: 02 17 09 28 | 12
#0289-d330 @A: 28 09 31 08 | 09
#0290-d330 @A: 05 09 01 07 | 07
#0291-d330 @A: 01 33 31 09 | 04
#0292-d330 @A: 25 05 09 22 | 02
#0293-d330 @A: 07 24 19 09 | 03
#0294-d330 @A: 24 27 09 18 | 06
#0295-d330 @A: 09 32 23 04 | 11
#0296-d330 @A: 04 09 27 08 | 10
#0297-d330 @A: 25 12 09 03 | 08
#0298-d330 @A: 34 09 25 13 | 01
#0299-d330 @A: 19 09 27 30 | 05
#0300-d330 @A: 10 09 29 21 | 12
#0301-d330 @A: 17 26 30 09 | 09
#0302-d330 @A: 15 04 31 06 | 07
#0303-d330 @A: 33 10 15 35 | 04
#0304-d330 @A: 15 27 12 20 | 02
#0305-d330 @A: 30 15 20 18 | 03
#0306-d330 @A: 04 10 24 15 | 06
#0307-d330 @A: 11 15 04 14 | 11
#0308-d330 @A: 04 15 18 23 | 10
#0309-d330 @A: 21 03 02 15 | 08
#0310-d330 @A: 07 27 15 25 | 01
#0311-d330 @A: 15 26 07 23 | 05
#0312-d330 @A: 27 15 30 08 | 12
#0313-d330 @A: 31 15 05 11 | 09
#0314-d330 @A: 17 29 11 15 | 07
#0315-d330 @A: 16 12 10 06 | 04
#0316-d330 @A: 20 01 31 06 | 02
#0317-d330 @A: 24 33 06 20 | 03
#0318-d330 @A: 32 06 14 01 | 06
#0319-d330 @A: 10 04 14 06 | 11
#0320-d330 @A: 02 32 26 06 | 10
#0321-d330 @A: 31 06 02 27 | 08
#0322-d330 @A: 32 27 06 08 | 01
#0323-d330 @A: 25 11 32 06 | 05
#0324-d330 @A: 06 05 32 23 | 12
#0325-d330 @A: 13 14 06 03 | 09
#0326-d330 @A: 31 12 19 06 | 07
#0327-d330 @A: 19 06 25 26 | 04
#0328-d330 @A: 33 06 17 27 | 02
#0329-d330 @A: 35 16 18 14 | 03
#0330-d330 @A: 08 28 35 30 | 06
#0331-d330 @A: 35 23 32 22 | 11
#0332-d330 @A: 27 30 35 22 | 10
#0333-d330 @A: 24 35 03 25 | 08
#0334-d330 @A: 30 13 35 24 | 01
#0335-d330 @A: 14 30 23 35 | 05
#0336-d330 @A: 35 03 23 08 | 12
#0337-d330 @A: 35 23 18 11 | 09
#0338-d330 @A: 34 18 35 17 | 07
#0339-d330 @A: 13 29 35 19 | 04
#0340-d330 @A: 29 17 27 35 | 02
#0341-d330 @A: 20 31 16 08 | 03
#0342-d330 @A: 27 28 16 29 | 06
#0343-d330 @A: 17 26 16 28 | 11
#0344-d330 @A: 16 14 07 01 | 10
#0345-d330 @A: 01 16 32 25 | 08
#0346-d330 @A: 22 27 16 31 | 01
#0347-d330 @A: 02 26 08 16 | 05
#0348-d330 @A: 03 14 30 16 | 12
#0349-d330 @A: 34 26 33 16 | 09
#0350-d330 @A: 25 30 16 31 | 07
#0351-d330 @A: 23 13 16 31 | 04
#0352-d330 @A: 28 20 22 27 | 02
#0353-d330 @A: 20 24 01 17 | 03
#0354-d330 @A: 20 01 02 13 | 06
#0355-d330 @A: 20 12 11 01 | 11
#0356-d330 @A: 22 20 29 14 | 10
#0357-d330 @A: 20 07 08 34 | 08
#0358-d330 @A: 13 18 20 07 | 01
#0359-d330 @A: 11 13 21 20 | 05
#0360-d330 @A: 31 26 20 33 | 12
#0361-d330 @A: 28 22 05 31 | 09
#0362-d330 @A: 22 30 28 26 | 07
#0363-d330 @A: 28 29 24 07 | 04
#0364-d330 @A: 24 18 28 08 | 02
#0365-d330 @A: 04 12 08 28 | 03
#0366-d330 @A: 32 28 19 14 | 06
#0367-d330 @A: 23 08 14 28 | 11
#0368-d330 @A: 27 14 08 28 | 10
#0369-d330 @A: 11 29 28 21 | 08
#0370-d330 @A: 26 28 10 11 | 01
#0371-d330 @A: 28 13 34 33 | 05
#0372-d330 @A: 28 31 21 34 | 12
#0373-d330 @A: 28 18 23 30 | 09
#0374-d330 @A: 33 04 01 22 | 07
#0375-d330 @A: 27 11 01 22 | 04
#0376-d330 @A: 07 04 21 01 | 02
#0377-d330 @A: 11 01 03 04 | 03
#0378-d330 @A: 07 26 01 02 | 06
#0379-d330 @A: 30 07 25 01 | 11
#0380-d330 @A: 01 33 19 23 | 10
#0381-d330 @A: 30 01 05 31 | 08
#0382-d330 @A: 26 22 02 24 | 01
#0383-d330 @A: 22 08 24 34 | 05
#0384-d330 @A: 07 22 02 30 | 12
#0385-d330 @A: 12 27 32 22 | 09
#0386-d330 @A: 05 22 11 10 | 07
#0387-d330 @A: 34 25 22 31 | 04
#0388-d330 @A: 25 22 26 13 | 02
#0389-d330 @A: 21 17 25 22 | 03
#0390-d330 @A: 21 23 13 22 | 06
#0391-d330 @A: 24 12 02 30 | 11
#0392-d330 @A: 05 24 08 07 | 10
#0393-d330 @A: 19 34 11 24 | 08
#0394-d330 @A: 11 31 25 24 | 01
#0395-d330 @A: 05 24 19 25 | 05
#0396-d330 @A: 17 24 13 19 | 12
#0397-d330 @A: 26 19 24 21 | 09
#0398-d330 @A: 05 24 23 27 | 07
#0399-d330 @A: 18 14 32 04 | 04
#0400-d330 @A: 19 04 34 14 | 02
#0401-d330 @A: 03 34 04 25 | 03
#0402-d330 @A: 18 25 04 17 | 06
#0403-d330 @A: 30 04 13 25 | 11
#0404-d330 @A: 05 11 02 25 | 10
#0405-d330 @A: 11 02 21 27 | 08
#0406-d330 @A: 13 02 23 34 | 01
#0407-d330 @A: 05 23 02 18 | 05
#0408-d330 @A: 32 21 07 10 | 12
#0409-d330 @A: 25 34 17 07 | 09
#0410-d330 @A: 26 33 32 11 | 07
#0411-d330 @A: 05 32 13 19 | 04
#0412-d330 @A: 14 27 34 21 | 02
#0413-d330 @A: 14 17 25 19 | 03
#0414-d330 @A: 19 34 13 03 | 06
#0415-d330 @A: 03 30 05 34 | 11
#0416-d330 @A: 03 31 33 25 | 10
#0417-d330 @A: 23 17 21 03 | 08
#0418-d330 @A: 13 03 27 10 | 01
#0419-d330 @A: 08 12 31 26 | 05
#0420-d330 @A: 19 11 05 12 | 12
#0421-d330 @A: 17 25 12 05 | 09
#0422-d330 @A: 13 05 23 08 | 07
#0423-d330 @A: 23 31 08 25 | 04
#0424-d330 @A: 27 25 08 17 | 02
#0425-d330 @A: 17 10 31 08 | 03
#0426-d330 @A: 08 30 17 21 | 06
#0427-d330 @A: 27 17 34 26 | 11
#0428-d330 @A: 09 34 15 28 | 10
#0429-d330 @A: 24 06 09 05 | 08
#0430-d330 @A: 19 06 09 02 | 01
#0431-d330 @A: 28 35 09 23 | 05
#0432-d330 @A: 35 04 09 17 | 12
#0433-d330 @A: 20 12 23 09 | 09
#0434-d330 @A: 09 04 29 01 | 07
#0435-d330 @A: 02 03 09 22 | 04
#0436-d330 @A: 19 09 04 30 | 02
#0437-d330 @A: 09 23 07 14 | 03
#0438-d330 @A: 09 03 13 32 | 06
#0439-d330 @A: 09 30 33 34 | 11
#0440-d330 @A: 19 05 09 33 | 10
#0441-d330 @A: 26 09 19 23 | 08
#0442-d330 @A: 29 09 13 23 | 01
#0443-d330 @A: 09 30 31 29 | 05
#0444-d330 @A: 23 20 06 15 | 12
#0445-d330 @A: 10 15 02 06 | 09
#0446-d330 @A: 15 06 12 13 | 07
#0447-d330 @A: 35 15 20 07 | 04
#0448-d330 @A: 08 35 21 15 | 02
#0449-d330 @A: 15 16 24 29 | 03
#0450-d330 @A: 12 16 15 25 | 06
#0451-d330 @A: 26 20 15 10 | 11
#0452-d330 @A: 07 15 28 19 | 10
#0453-d330 @A: 28 23 05 15 | 08
#0454-d330 @A: 30 24 01 15 | 01
#0455-d330 @A: 15 01 04 26 | 05
#0456-d330 @A: 14 01 34 15 | 12
#0457-d330 @A: 22 04 15 34 | 09
#0458-d330 @A: 22 15 25 14 | 07
#0459-d330 @A: 08 11 15 22 | 04
#0460-d330 @A: 02 15 24 19 | 02
#0461-d330 @A: 32 15 03 24 | 03
#0462-d330 @A: 21 24 15 18 | 06
#0463-d330 @A: 05 13 15 27 | 11
#0464-d330 @A: 15 26 29 21 | 10
#0465-d330 @A: 06 22 17 35 | 08
#0466-d330 @A: 24 06 27 35 | 01
#0467-d330 @A: 16 06 14 19 | 05
#0468-d330 @A: 20 22 06 25 | 12
#0469-d330 @A: 03 28 06 11 | 09
#0470-d330 @A: 24 32 19 06 | 07
#0471-d330 @A: 06 19 04 03 | 04
#0472-d330 @A: 06 12 23 04 | 02
#0473-d330 @A: 07 26 06 14 | 03
#0474-d330 @A: 06 21 31 11 | 06
#0475-d330 @A: 25 05 10 06 | 11
#0476-d330 @A: 06 10 23 29 | 10
#0477-d330 @A: 06 13 31 25 | 08
#0478-d330 @A: 30 26 06 31 | 01
#0479-d330 @A: 30 16 35 02 | 05
#0480-d330 @A: 23 16 35 12 | 12
#0481-d330 @A: 29 28 35 14 | 09
#0482-d330 @A: 04 31 35 33 | 07
#0483-d330 @A: 29 35 02 12 | 04
#0484-d330 @A: 32 35 14 07 | 02
#0485-d330 @A: 35 17 03 14 | 03
#0486-d330 @A: 26 12 18 35 | 06
#0487-d330 @A: 35 29 30 26 | 11
#0488-d330 @A: 27 02 20 16 | 10
#0489-d330 @A: 10 20 07 16 | 08
#0490-d330 @A: 07 28 18 16 | 01
#0491-d330 @A: 22 08 16 13 | 05
#0492-d330 @A: 16 10 05 24 | 12
#0493-d330 @A: 08 03 16 25 | 09
#0494-d330 @A: 03 19 23 16 | 07
#0495-d330 @A: 30 10 18 16 | 04
#0496-d330 @A: 16 25 05 26 | 02
#0497-d330 @A: 30 17 20 28 | 03
#0498-d330 @A: 04 22 03 20 | 06
#0499-d330 @A: 34 24 20 27 | 11
#0500-d330 @A: 26 11 04 20 | 10
#0501-d330 @A: 19 20 11 29 | 08
#0502-d330 @A: 23 27 11 20 | 01
#0503-d330 @A: 31 21 20 25 | 05
#0504-d330 @A: 33 01 28 07 | 12
#0505-d330 @A: 31 28 14 01 | 09
#0506-d330 @A: 25 03 28 01 | 07
#0507-d330 @A: 10 22 28 08 | 04
#0508-d330 @A: 17 04 28 14 | 02
#0509-d330 @A: 28 17 18 32 | 03
#0510-d330 @A: 28 18 03 14 | 06
#0511-d330 @A: 23 31 28 03 | 11
#0512-d330 @A: 28 26 13 31 | 10
#0513-d330 @A: 30 03 01 22 | 08
#0514-d330 @A: 05 01 12 02 | 01
#0515-d330 @A: 31 27 01 32 | 05
#0516-d330 @A: 08 26 25 01 | 12
#0517-d330 @A: 30 01 17 34 | 09
#0518-d330 @A: 23 05 21 01 | 07
#0519-d330 @A: 26 17 05 01 | 04
#0520-d330 @A: 17 33 01 10 | 02
#0521-d330 @A: 26 01 29 27 | 03
#0522-d330 @A: 22 08 32 29 | 06
#0523-d330 @A: 32 18 13 22 | 11
#0524-d330 @A: 03 12 11 22 | 10
#0525-d330 @A: 11 17 22 33 | 08
#0526-d330 @A: 05 18 22 17 | 01
#0527-d330 @A: 24 12 26 04 | 05
#0528-d330 @A: 31 34 24 04 | 12
#0529-d330 @A: 24 32 33 08 | 09
#0530-d330 @A: 23 12 24 14 | 07
#0531-d330 @A: 08 17 24 14 | 04
#0532-d330 @A: 11 24 10 21 | 02
#0533-d330 @A: 24 10 31 30 | 03
#0534-d330 @A: 04 02 30 08 | 06
#0535-d330 @A: 07 26 04 32 | 11
#0536-d330 @A: 10 04 07 23 | 10
#0537-d330 @A: 33 08 04 14 | 08
#0538-d330 @A: 04 34 26 30 | 01
#0539-d330 @A: 33 05 04 27 | 05
#0540-d330 @A: 25 05 29 04 | 12
#0541-d330 @A: 29 04 21 17 | 09
#0542-d330 @A: 27 30 23 04 | 07
#0543-d330 @A: 21 31 04 27 | 04
#0544-d330 @A: 07 12 18 02 | 02
#0545-d330 @A: 19 08 02 14 | 03
#0546-d330 @A: 31 03 02 05 | 06
#0547-d330 @A: 29 02 11 34 | 11
#0548-d330 @A: 27 34 05 02 | 10
#0549-d330 @A: 33 21 34 02 | 08
#0550-d330 @A: 10 02 23 26 | 01
#0551-d330 @A: 12 23 07 03 | 05
#0552-d330 @A: 07 31 08 30 | 12
#0553-d330 @A: 18 07 21 11 | 09
#0554-d330 @A: 07 34 13 26 | 07
#0555-d330 @A: 18 23 07 29 | 04
#0556-d330 @A: 29 13 30 07 | 02
#0557-d330 @A: 32 17 31 13 | 03
#0558-d330 @A: 25 34 14 05 | 06
#0559-d330 @A: 14 27 17 19 | 11
#0560-d330 @A: 33 14 23 18 | 10
#0561-d330 @A: 11 10 03 17 | 08
#0562-d330 @A: 03 25 23 05 | 01
#0563-d330 @A: 17 13 29 03 | 05
#0564-d330 @A: 05 31 13 12 | 12
#0565-d330 @A: 31 29 25 12 | 09
#0566-d330 @A: 21 23 25 12 | 07
#0567-d330 @A: 30 12 26 13 | 04
#0568-d330 @A: 18 34 08 31 | 02
#0569-d330 @A: 08 19 17 26 | 03
#0570-d330 @A: 21 08 31 29 | 06
#0571-d330 @A: 27 26 05 11 | 11
#0572-d330 @A: 29 34 27 30 | 10
#0573-d330 @A: 09 25 01 15 | 08
#0574-d330 @A: 15 09 17 14 | 01
#0575-d330 @A: 35 09 34 06 | 05
#0576-d330 @A: 09 20 16 29 | 12
#0577-d330 @A: 09 04 16 34 | 09
#0578-d330 @A: 09 16 11 07 | 07
#0579-d330 @A: 09 28 29 22 | 04
#0580-d330 @A: 09 19 28 25 | 02
#0581-d330 @A: 28 10 09 18 | 03
#0582-d330 @A: 24 25 09 02 | 06
#0583-d330 @A: 24 18 09 17 | 11
#0584-d330 @A: 14 02 09 31 | 10
#0585-d330 @A: 05 29 02 09 | 08
#0586-d330 @A: 09 08 32 25 | 01
#0587-d330 @A: 11 13 09 17 | 05
#0588-d330 @A: 34 29 17 09 | 12
#0589-d330 @A: 09 13 05 18 | 09
#0590-d330 @A: 23 05 09 10 | 07
#0591-d330 @A: 15 25 06 24 | 04
#0592-d330 @A: 17 20 16 15 | 02
#0593-d330 @A: 29 22 01 15 | 03
#0594-d330 @A: 01 23 02 15 | 06
#0595-d330 @A: 15 11 02 07 | 11
#0596-d330 @A: 17 15 02 34 | 10
#0597-d330 @A: 14 26 27 15 | 08
#0598-d330 @A: 15 03 18 25 | 01
#0599-d330 @A: 30 19 29 15 | 05
#0600-d330 @A: 06 26 04 35 | 12
#0601-d330 @A: 06 35 08 12 | 09
#0602-d330 @A: 06 07 16 24 | 07
#0603-d330 @A: 06 16 11 26 | 04
#0604-d330 @A: 24 01 10 06 | 02
#0605-d330 @A: 08 06 24 13 | 03
#0606-d330 @A: 05 04 34 06 | 06
#0607-d330 @A: 02 33 08 06 | 11
#0608-d330 @A: 27 06 05 07 | 10
#0609-d330 @A: 06 03 32 18 | 08
#0610-d330 @A: 18 34 23 06 | 01
#0611-d330 @A: 06 17 13 10 | 05
#0612-d330 @A: 20 18 28 35 | 12
#0613-d330 @A: 11 12 28 35 | 09
#0614-d330 @A: 28 17 35 10 | 07
#0615-d330 @A: 04 01 27 35 | 04
#0616-d330 @A: 22 35 30 34 | 02
#0617-d330 @A: 31 22 35 29 | 03
#0618-d330 @A: 35 08 19 27 | 06
#0619-d330 @A: 35 18 21 13 | 11
#0620-d330 @A: 25 31 35 26 | 10
#0621-d330 @A: 11 16 28 08 | 08
#0622-d330 @A: 16 30 12 01 | 01
#0623-d330 @A: 16 14 22 31 | 05
#0624-d330 @A: 12 26 22 16 | 12
#0625-d330 @A: 04 16 10 32 | 09
#0626-d330 @A: 26 04 16 03 | 07
#0627-d330 @A: 12 16 02 21 | 04
#0628-d330 @A: 07 16 29 26 | 02
#0629-d330 @A: 17 16 32 21 | 03
#0630-d330 @A: 12 25 27 16 | 06
#0631-d330 @A: 13 16 18 11 | 11
#0632-d330 @A: 01 20 05 08 | 10
#0633-d330 @A: 22 26 20 27 | 08
#0634-d330 @A: 04 20 24 05 | 01
#0635-d330 @A: 29 20 24 02 | 05
#0636-d330 @A: 24 32 25 20 | 12
#0637-d330 @A: 23 24 20 03 | 09
#0638-d330 @A: 20 04 07 30 | 07
#0639-d330 @A: 05 03 19 20 | 04
#0640-d330 @A: 08 20 27 33 | 02
#0641-d330 @A: 28 24 12 21 | 03
#0642-d330 @A: 26 19 04 28 | 06
#0643-d330 @A: 04 18 28 31 | 11
#0644-d330 @A: 23 32 02 28 | 10
#0645-d330 @A: 28 02 21 25 | 08
#0646-d330 @A: 17 08 07 28 | 01
#0647-d330 @A: 14 30 21 28 | 05
#0648-d330 @A: 28 10 34 25 | 12
#0649-d330 @A: 17 25 31 28 | 09
#0650-d330 @A: 30 28 10 13 | 07
#0651-d330 @A: 28 31 30 27 | 04
#0652-d330 @A: 22 02 01 25 | 02
#0653-d330 @A: 14 01 13 22 | 03
#0654-d330 @A: 07 01 32 24 | 06
#0655-d330 @A: 24 25 01 14 | 11
#0656-d330 @A: 17 01 08 03 | 10
#0657-d330 @A: 01 34 11 25 | 08
#0658-d330 @A: 10 34 01 29 | 01
#0659-d330 @A: 29 33 01 26 | 05
#0660-d330 @A: 22 04 14 21 | 12
#0661-d330 @A: 17 22 27 04 | 09
#0662-d330 @A: 29 33 22 21 | 07
#0663-d330 @A: 22 23 31 26 | 04
#0664-d330 @A: 24 07 03 11 | 02
#0665-d330 @A: 08 24 27 26 | 03
#0666-d330 @A: 34 24 30 23 | 06
#0667-d330 @A: 33 21 24 05 | 11
#0668-d330 @A: 04 12 03 10 | 10
#0669-d330 @A: 04 11 19 25 | 08
#0670-d330 @A: 02 07 03 33 | 01
#0671-d330 @A: 02 14 32 25 | 05
#0672-d330 @A: 02 03 14 23 | 12
#0673-d330 @A: 23 11 33 02 | 09
#0674-d330 @A: 10 18 34 02 | 07
#0675-d330 @A: 30 02 33 18 | 04
#0676-d330 @A: 30 02 13 05 | 02
#0677-d330 @A: 13 02 33 31 | 03
#0678-d330 @A: 11 07 19 14 | 06
#0679-d330 @A: 10 08 03 07 | 11
#0680-d330 @A: 08 32 14 12 | 10
#0681-d330 @A: 29 32 14 17 | 08
#0682-d330 @A: 26 32 21 23 | 01
#0683-d330 @A: 08 29 03 14 | 05
#0684-d330 @A: 18 26 14 08 | 12
#0685-d330 @A: 03 33 12 27 | 09
#0686-d330 @A: 23 03 18 13 | 07
#0687-d330 @A: 26 27 18 03 | 04
#0688-d330 @A: 26 03 05 13 | 02
#0689-d330 @A: 30 21 03 25 | 03
#0690-d330 @A: 12 30 25 08 | 06
#0691-d330 @A: 18 34 13 12 | 11
#0692-d330 @A: 12 17 18 30 | 10
#0693-d330 @A: 05 31 12 27 | 08
#0694-d330 @A: 13 17 12 27 | 01
#0695-d330 @A: 08 34 05 26 | 05
#0696-d330 @A: 13 25 19 08 | 12
#0697-d330 @A: 18 27 11 17 | 09
#0698-d330 @A: 10 27 26 11 | 07
#0699-d330 @A: 27 30 18 13 | 04
#0700-d330 @A: 30 05 27 17 | 02
#0701-d330 @A: 11 03 09 15 | 03
#0702-d330 @A: 09 06 20 18 | 06
#0703-d330 @A: 06 09 32 10 | 11
#0704-d330 @A: 09 19 16 12 | 10
#0705-d330 @A: 09 01 10 20 | 08
#0706-d330 @A: 20 09 34 24 | 01
#0707-d330 @A: 21 09 28 07 | 05
#0708-d330 @A: 01 02 09 21 | 12
#0709-d330 @A: 30 09 10 22 | 09
#0710-d330 @A: 32 30 09 02 | 07
#0711-d330 @A: 32 27 11 09 | 04
#0712-d330 @A: 29 09 03 26 | 02
#0713-d330 @A: 08 34 11 09 | 03
#0714-d330 @A: 15 33 27 35 | 06
#0715-d330 @A: 01 20 15 21 | 11
#0716-d330 @A: 15 12 20 31 | 10
#0717-d330 @A: 28 15 11 27 | 08
#0718-d330 @A: 17 28 27 15 | 01
#0719-d330 @A: 29 32 02 15 | 05
#0720-d330 @A: 29 03 15 07 | 12
#0721-d330 @A: 26 15 03 19 | 09
#0722-d330 @A: 23 27 15 03 | 07
#0723-d330 @A: 21 23 11 15 | 04
#0724-d330 @A: 17 19 15 05 | 02
#0725-d330 @A: 29 15 05 18 | 03
#0726-d330 @A: 16 13 28 06 | 06
#0727-d330 @A: 28 20 19 06 | 11
#0728-d330 @A: 06 13 20 05 | 10
#0729-d330 @A: 11 06 01 29 | 08
#0730-d330 @A: 06 11 04 22 | 01
#0731-d330 @A: 22 06 13 02 | 05
#0732-d330 @A: 06 18 22 07 | 12
#0733-d330 @A: 06 22 03 10 | 09
#0734-d330 @A: 04 06 02 29 | 07
#0735-d330 @A: 06 08 17 32 | 04
#0736-d330 @A: 03 23 26 06 | 02
#0737-d330 @A: 11 34 10 06 | 03
#0738-d330 @A: 19 06 23 11 | 06
#0739-d330 @A: 05 30 19 06 | 11
#0740-d330 @A: 18 31 06 10 | 10
#0741-d330 @A: 35 31 20 11 | 08
#0742-d330 @A: 28 35 02 26 | 01
#0743-d330 @A: 14 05 22 35 | 05
#0744-d330 @A: 22 19 35 03 | 12
#0745-d330 @A: 35 24 04 29 | 09
#0746-d330 @A: 05 35 12 24 | 07
#0747-d330 @A: 32 25 21 35 | 04
#0748-d330 @A: 27 10 32 35 | 02
#0749-d330 @A: 35 03 12 31 | 03
#0750-d330 @A: 35 05 26 19 | 06
#0751-d330 @A: 25 05 33 35 | 11
#0752-d330 @A: 27 35 25 31 | 10
#0753-d330 @A: 20 28 16 21 | 08
#0754-d330 @A: 16 28 22 32 | 01
#0755-d330 @A: 12 28 16 31 | 05
#0756-d330 @A: 03 16 01 33 | 12
#0757-d330 @A: 03 17 16 22 | 09
#0758-d330 @A: 04 27 16 13 | 07
#0759-d330 @A: 03 02 16 32 | 04
#0760-d330 @A: 16 08 33 07 | 02
#0761-d330 @A: 11 29 16 14 | 03
#0762-d330 @A: 17 16 33 14 | 06
#0763-d330 @A: 03 11 16 27 | 11
#0764-d330 @A: 08 16 05 30 | 10
#0765-d330 @A: 16 13 05 29 | 08
#0766-d330 @A: 16 10 33 21 | 01
#0767-d330 @A: 16 33 26 27 | 05
#0768-d330 @A: 27 30 16 10 | 12
#0769-d330 @A: 20 28 10 32 | 09
#0770-d330 @A: 20 08 29 04 | 07
#0771-d330 @A: 32 20 07 05 | 04
#0772-d330 @A: 23 32 14 20 | 02
#0773-d330 @A: 26 20 13 19 | 03
#0774-d330 @A: 20 25 17 10 | 06
#0775-d330 @A: 28 01 27 13 | 11
#0776-d330 @A: 07 28 22 13 | 10
#0777-d330 @A: 24 28 30 32 | 08
#0778-d330 @A: 07 31 02 28 | 01
#0779-d330 @A: 07 28 34 14 | 05
#0780-d330 @A: 05 28 18 34 | 12
#0781-d330 @A: 29 28 26 18 | 09
#0782-d330 @A: 28 10 33 31 | 07
#0783-d330 @A: 01 22 10 07 | 04
#0784-d330 @A: 01 11 32 22 | 02
#0785-d330 @A: 01 33 02 24 | 03
#0786-d330 @A: 01 27 07 12 | 06
#0787-d330 @A: 31 27 01 08 | 11
#0788-d330 @A: 01 11 18 10 | 10
#0789-d330 @A: 03 27 22 02 | 08
#0790-d330 @A: 07 19 22 08 | 01
#0791-d330 @A: 22 05 29 26 | 05
#0792-d330 @A: 24 04 07 13 | 12
#0793-d330 @A: 24 34 21 32 | 09
#0794-d330 @A: 11 04 12 07 | 07
#0795-d330 @A: 04 29 03 32 | 04
#0796-d330 @A: 32 04 25 27 | 02
#0797-d330 @A: 03 04 27 14 | 03
#0798-d330 @A: 13 17 12 04 | 06
#0799-d330 @A: 04 17 30 05 | 11
#0800-d330 @A: 05 21 04 26 | 10
#0801-d330 @A: 29 30 10 04 | 08
#0802-d330 @A: 23 12 17 02 | 01
#0803-d330 @A: 10 17 02 05 | 05
#0804-d330 @A: 23 30 21 02 | 12
#0805-d330 @A: 13 12 32 07 | 09
#0806-d330 @A: 32 07 18 33 | 07
#0807-d330 @A: 30 07 11 34 | 04
#0808-d330 @A: 10 33 11 07 | 02
#0809-d330 @A: 26 07 19 31 | 03
#0810-d330 @A: 07 17 18 31 | 06
#0811-d330 @A: 17 13 07 05 | 11
#0812-d330 @A: 07 31 23 33 | 10
#0813-d330 @A: 07 31 13 21 | 08
#0814-d330 @A: 29 14 32 27 | 01
#0815-d330 @A: 32 08 03 05 | 05
#0816-d330 @A: 08 19 31 32 | 12
#0817-d330 @A: 33 34 32 19 | 09
#0818-d330 @A: 26 25 12 14 | 07
#0819-d330 @A: 34 29 14 26 | 04
#0820-d330 @A: 30 14 19 31 | 02
#0821-d330 @A: 29 05 23 14 | 03
#0822-d330 @A: 10 14 30 25 | 06
#0823-d330 @A: 26 13 14 17 | 11
#0824-d330 @A: 05 03 11 29 | 10
#0825-d330 @A: 10 19 21 03 | 08
#0826-d330 @A: 03 26 18 17 | 01
#0827-d330 @A: 30 26 03 33 | 05
#0828-d330 @A: 03 13 30 31 | 12
#0829-d330 @A: 08 17 34 12 | 09
#0830-d330 @A: 21 12 34 26 | 07
#0831-d330 @A: 21 18 12 31 | 04
#0832-d330 @A: 05 29 21 12 | 02
#0833-d330 @A: 12 27 30 26 | 03
#0834-d330 @A: 08 10 29 11 | 06
#0835-d330 @A: 34 10 23 08 | 11
#0836-d330 @A: 31 05 33 08 | 10
#0837-d330 @A: 08 29 23 26 | 08
#0838-d330 @A: 31 26 27 19 | 01
#0839-d330 @A: 25 23 27 18 | 05
#0840-d330 @A: 22 15 09 20 | 12
#0841-d330 @A: 28 06 09 01 | 09
#0842-d330 @A: 20 09 35 05 | 07
#0843-d330 @A: 22 16 21 09 | 04
#0844-d330 @A: 25 07 09 20 | 02
#0845-d330 @A: 09 30 20 13 | 03
#0846-d330 @A: 03 10 09 24 | 06
#0847-d330 @A: 31 24 12 09 | 11
#0848-d330 @A: 18 04 12 09 | 10
#0849-d330 @A: 09 08 05 04 | 08
#0850-d330 @A: 09 07 08 26 | 01
#0851-d330 @A: 17 03 27 09 | 05
#0852-d330 @A: 27 10 09 18 | 12
#0853-d330 @A: 09 29 27 33 | 09
#0854-d330 @A: 25 30 23 09 | 07
#0855-d330 @A: 35 02 15 05 | 04
#0856-d330 @A: 32 17 35 15 | 02
#0857-d330 @A: 11 15 01 16 | 03
#0858-d330 @A: 21 16 07 15 | 06
#0859-d330 @A: 19 15 32 16 | 11
#0860-d330 @A: 04 13 15 20 | 10
#0861-d330 @A: 10 15 28 21 | 08
#0862-d330 @A: 05 15 13 01 | 01
#0863-d330 @A: 15 22 32 26 | 05
#0864-d330 @A: 12 22 15 17 | 12
#0865-d330 @A: 18 15 14 07 | 09
#0866-d330 @A: 15 23 12 32 | 07
#0867-d330 @A: 29 34 15 08 | 04
#0868-d330 @A: 11 33 25 15 | 02
#0869-d330 @A: 15 13 18 31 | 03
#0870-d330 @A: 06 24 14 35 | 06
#0871-d330 @A: 18 08 06 16 | 11
#0872-d330 @A: 17 06 20 04 | 10
#0873-d330 @A: 32 34 20 06 | 08
#0874-d330 @A: 06 26 28 21 | 01
#0875-d330 @A: 30 01 06 04 | 05
#0876-d330 @A: 06 07 19 01 | 12
#0877-d330 @A: 17 06 24 30 | 09
#0878-d330 @A: 29 06 07 08 | 07
#0879-d330 @A: 13 06 07 11 | 04
#0880-d330 @A: 05 35 07 16 | 02
#0881-d330 @A: 35 25 28 07 | 03
#0882-d330 @A: 10 02 01 35 | 06
#0883-d330 @A: 35 01 07 18 | 11
#0884-d330 @A: 22 07 35 04 | 10
#0885-d330 @A: 31 24 23 35 | 08
#0886-d330 @A: 35 10 04 08 | 01
#0887-d330 @A: 35 02 18 27 | 05
#0888-d330 @A: 35 07 27 11 | 12
#0889-d330 @A: 35 34 33 07 | 09
#0890-d330 @A: 12 32 19 35 | 07
#0891-d330 @A: 35 14 34 08 | 04
#0892-d330 @A: 35 18 34 27 | 02
#0893-d330 @A: 13 26 10 35 | 03
#0894-d330 @A: 18 04 16 20 | 06
#0895-d330 @A: 16 02 20 14 | 11
#0896-d330 @A: 20 03 16 11 | 10
#0897-d330 @A: 01 16 02 34 | 08
#0898-d330 @A: 16 24 26 14 | 01
#0899-d330 @A: 34 08 16 32 | 05
#0900-d330 @A: 16 23 32 29 | 12
#0901-d330 @A: 12 16 05 18 | 09
#0902-d330 @A: 25 10 19 16 | 07
#0903-d330 @A: 33 23 16 05 | 04
#0904-d330 @A: 32 01 20 33 | 02
#0905-d330 @A: 31 20 22 13 | 03
#0906-d330 @A: 12 24 20 13 | 06
#0907-d330 @A: 12 21 04 20 | 11
#0908-d330 @A: 02 20 32 21 | 10
#0909-d330 @A: 17 20 02 03 | 08
#0910-d330 @A: 02 20 25 08 | 01
#0911-d330 @A: 20 32 30 03 | 05
#0912-d330 @A: 20 18 32 12 | 12
#0913-d330 @A: 34 14 30 20 | 09
#0914-d330 @A: 03 18 10 20 | 07
#0915-d330 @A: 20 19 18 21 | 04
#0916-d330 @A: 19 20 10 33 | 02
#0917-d330 @A: 10 13 23 20 | 03
#0918-d330 @A: 13 28 01 32 | 06
#0919-d330 @A: 08 01 19 28 | 11
#0920-d330 @A: 07 05 28 04 | 10
#0921-d330 @A: 03 07 30 28 | 08
#0922-d330 @A: 12 28 07 26 | 01
#0923-d330 @A: 05 03 17 28 | 05
#0924-d330 @A: 11 23 28 13 | 12
#0925-d330 @A: 28 19 18 13 | 09
#0926-d330 @A: 28 27 33 18 | 07
#0927-d330 @A: 28 29 23 17 | 04
#0928-d330 @A: 17 13 21 28 | 02
#0929-d330 @A: 03 01 32 21 | 03
#0930-d330 @A: 32 18 01 23 | 06
#0931-d330 @A: 29 12 14 01 | 11
#0932-d330 @A: 21 01 19 14 | 10
#0933-d330 @A: 05 01 19 10 | 08
#0934-d330 @A: 10 01 23 31 | 01
#0935-d330 @A: 22 21 30 24 | 05
#0936-d330 @A: 34 22 32 02 | 12
#0937-d330 @A: 22 29 07 12 | 09
#0938-d330 @A: 08 22 03 33 | 07
#0939-d330 @A: 22 11 18 31 | 04
#0940-d330 @A: 30 25 11 22 | 02
#0941-d330 @A: 29 34 23 22 | 03
#0942-d330 @A: 05 18 22 27 | 06
#0943-d330 @A: 24 32 05 02 | 11
#0944-d330 @A: 32 24 12 29 | 10
#0945-d330 @A: 17 12 24 03 | 08
#0946-d330 @A: 17 24 34 10 | 01
#0947-d330 @A: 25 24 30 26 | 05
#0948-d330 @A: 07 04 34 02 | 12
#0949-d330 @A: 11 04 10 02 | 09
#0950-d330 @A: 14 04 30 12 | 07
#0951-d330 @A: 23 04 29 11 | 04
#0952-d330 @A: 17 23 34 04 | 02
#0953-d330 @A: 04 19 17 10 | 03
#0954-d330 @A: 23 04 33 13 | 06
#0955-d330 @A: 10 02 07 29 | 11
#0956-d330 @A: 02 12 03 26 | 10
#0957-d330 @A: 02 30 34 25 | 08
#0958-d330 @A: 27 07 08 03 | 01
#0959-d330 @A: 18 07 19 25 | 05
#0960-d330 @A: 19 23 27 07 | 12
#0961-d330 @A: 17 23 07 30 | 09
#0962-d330 @A: 07 21 26 27 | 07
#0963-d330 @A: 25 32 23 34 | 04
#0964-d330 @A: 05 32 17 33 | 02
#0965-d330 @A: 14 19 05 18 | 03
#0966-d330 @A: 14 33 19 13 | 06
#0967-d330 @A: 18 10 14 29 | 11
#0968-d330 @A: 14 27 05 10 | 10
#0969-d330 @A: 21 03 13 12 | 08
#0970-d330 @A: 34 03 17 33 | 01
#0971-d330 @A: 18 31 03 29 | 05
#0972-d330 @A: 29 03 23 33 | 12
#0973-d330 @A: 18 12 19 08 | 09
#0974-d330 @A: 34 27 12 11 | 07
#0975-d330 @A: 10 12 34 30 | 04
#0976-d330 @A: 12 23 29 30 | 02
#0977-d330 @A: 05 08 11 17 | 03
#0978-d330 @A: 13 31 11 08 | 06
#0979-d330 @A: 31 27 33 11 | 11
#0980-d330 @A: 35 09 16 13 | 10
#0981-d330 @A: 02 18 35 09 | 08
#0982-d330 @A: 03 09 30 35 | 01
#0983-d330 @A: 35 12 10 09 | 05
#0984-d330 @A: 16 10 02 09 | 12
#0985-d330 @A: 21 20 09 08 | 09
#0986-d330 @A: 17 19 20 09 | 07
#0987-d330 @A: 01 09 17 22 | 04
#0988-d330 @A: 05 01 27 09 | 02
#0989-d330 @A: 24 33 22 09 | 03
#0990-d330 @A: 22 09 34 07 | 06
#0991-d330 @A: 09 19 22 32 | 11
#0992-d330 @A: 04 31 25 09 | 10
#0993-d330 @A: 12 32 17 09 | 08
#0994-d330 @A: 18 11 09 19 | 01
#0995-d330 @A: 15 06 32 33 | 05
#0996-d330 @A: 35 19 15 04 | 12
#0997-d330 @A: 15 04 28 03 | 09
#0998-d330 @A: 33 24 12 15 | 07
#0999-d330 @A: 08 17 04 15 | 04
#1000-d330 @A: 26 15 02 30 | 02
#1001-d330 @A: 18 32 08 15 | 03
#1002-d330 @A: 05 15 08 14 | 06
#1003-d330 @A: 14 19 23 15 | 11
#1004-d330 @A: 30 13 15 11 | 10
#1005-d330 @A: 15 25 26 34 | 08
#1006-d330 @A: 33 26 15 05 | 01
#1007-d330 @A: 23 13 15 17 | 05
#1008-d330 @A: 06 16 04 21 | 12
#1009-d330 @A: 02 06 17 16 | 09
#1010-d330 @A: 06 31 16 03 | 07
#1011-d330 @A: 27 06 19 16 | 04
#1012-d330 @A: 06 21 14 20 | 02
#1013-d330 @A: 12 26 20 06 | 03
#1014-d330 @A: 24 23 28 06 | 06
#1015-d330 @A: 25 14 28 06 | 11
#1016-d330 @A: 05 08 28 06 | 10
#1017-d330 @A: 06 01 33 12 | 08
#1018-d330 @A: 22 24 29 06 | 01
#1019-d330 @A: 22 21 06 08 | 05
#1020-d330 @A: 34 06 07 12 | 12
#1021-d330 @A: 11 06 33 05 | 09
#1022-d330 @A: 19 21 06 13 | 07
#1023-d330 @A: 29 06 27 18 | 04
#1024-d330 @A: 26 33 10 06 | 02
#1025-d330 @A: 04 11 16 35 | 03
#1026-d330 @A: 35 20 19 14 | 06
#1027-d330 @A: 33 24 28 35 | 11
#1028-d330 @A: 22 08 35 25 | 10
#1029-d330 @A: 04 02 35 25 | 08
#1030-d330 @A: 35 34 12 04 | 01
#1031-d330 @A: 29 07 17 35 | 05
#1032-d330 @A: 10 03 35 29 | 12
#1033-d330 @A: 19 11 17 35 | 09
#1034-d330 @A: 30 31 18 35 | 07
#1035-d330 @A: 26 35 23 33 | 04
#1036-d330 @A: 17 16 19 01 | 02
#1037-d330 @A: 27 24 32 16 | 03
#1038-d330 @A: 16 24 11 33 | 06
#1039-d330 @A: 02 07 16 25 | 11
#1040-d330 @A: 16 11 12 32 | 10
#1041-d330 @A: 21 05 16 11 | 08
#1042-d330 @A: 05 19 31 16 | 01
#1043-d330 @A: 26 16 21 13 | 05
#1044-d330 @A: 20 01 34 28 | 12
#1045-d330 @A: 02 20 04 28 | 09
#1046-d330 @A: 20 27 04 18 | 07
#1047-d330 @A: 02 12 10 20 | 04
#1048-d330 @A: 08 20 10 14 | 02
#1049-d330 @A: 20 17 11 23 | 03
#1050-d330 @A: 30 11 10 20 | 06
#1051-d330 @A: 25 18 20 34 | 11
#1052-d330 @A: 19 20 27 21 | 10
#1053-d330 @A: 05 18 33 20 | 08
#1054-d330 @A: 30 28 01 02 | 01
#1055-d330 @A: 24 22 17 28 | 05
#1056-d330 @A: 25 22 28 18 | 12
#1057-d330 @A: 03 24 28 19 | 09
#1058-d330 @A: 21 28 08 32 | 07
#1059-d330 @A: 12 28 27 10 | 04
#1060-d330 @A: 08 33 28 29 | 02
#1061-d330 @A: 31 28 11 30 | 03
#1062-d330 @A: 01 13 24 31 | 06
#1063-d330 @A: 01 34 04 08 | 11
#1064-d330 @A: 11 02 31 01 | 10
#1065-d330 @A: 01 31 03 34 | 08
#1066-d330 @A: 01 27 34 03 | 01
#1067-d330 @A: 01 26 21 11 | 05
#1068-d330 @A: 33 18 01 34 | 12
#1069-d330 @A: 21 25 01 33 | 09
#1070-d330 @A: 30 33 01 13 | 07
#1071-d330 @A: 25 17 01 23 | 04
#1072-d330 @A: 10 26 30 01 | 02
#1073-d330 @A: 03 24 13 22 | 03
#1074-d330 @A: 27 13 22 24 | 06
#1075-d330 @A: 21 02 19 22 | 11
#1076-d330 @A: 18 02 22 29 | 10
#1077-d330 @A: 34 13 22 17 | 08
#1078-d330 @A: 19 29 22 10 | 01
#1079-d330 @A: 22 30 19 13 | 05
#1080-d330 @A: 27 21 23 22 | 12
#1081-d330 @A: 08 02 11 24 | 09
#1082-d330 @A: 32 10 14 24 | 07
#1083-d330 @A: 25 24 10 08 | 04
#1084-d330 @A: 05 24 34 13 | 02
#1085-d330 @A: 23 29 19 24 | 03
#1086-d330 @A: 24 17 05 29 | 06
#1087-d330 @A: 05 32 12 04 | 11
#1088-d330 @A: 13 04 08 21 | 10
#1089-d330 @A: 04 13 31 19 | 08
#1090-d330 @A: 10 25 21 04 | 01
#1091-d330 @A: 07 14 02 05 | 05
#1092-d330 @A: 02 08 07 21 | 12
#1093-d330 @A: 11 14 12 02 | 09
#1094-d330 @A: 03 10 02 30 | 07
#1095-d330 @A: 19 12 27 02 | 04
#1096-d330 @A: 19 02 26 29 | 02
#1097-d330 @A: 02 10 33 25 | 03
#1098-d330 @A: 23 32 08 07 | 06
#1099-d330 @A: 07 05 33 29 | 11
#1100-d330 @A: 10 25 07 26 | 10
#1101-d330 @A: 27 19 32 05 | 08
#1102-d330 @A: 18 26 32 25 | 01
#1103-d330 @A: 05 26 10 32 | 05
#1104-d330 @A: 14 31 27 18 | 12
#1105-d330 @A: 13 14 27 33 | 09
#1106-d330 @A: 14 26 33 21 | 07
#1107-d330 @A: 18 03 11 30 | 04
#1108-d330 @A: 03 33 19 18 | 02
#1109-d330 @A: 21 08 33 12 | 03
#1110-d330 @A: 29 11 18 12 | 06
#1111-d330 @A: 34 31 23 12 | 11
#1112-d330 @A: 33 13 12 10 | 10
#1113-d330 @A: 30 13 34 08 | 08
#1114-d330 @A: 09 24 23 15 | 01
#1115-d330 @A: 31 22 09 06 | 05
#1116-d330 @A: 06 03 09 33 | 12
#1117-d330 @A: 09 35 01 19 | 09
#1118-d330 @A: 09 16 28 14 | 07
#1119-d330 @A: 16 09 07 27 | 04
#1120-d330 @A: 09 03 28 20 | 02
#1121-d330 @A: 09 11 04 28 | 03
#1122-d330 @A: 27 09 28 02 | 06
#1123-d330 @A: 22 12 08 09 | 11
#1124-d330 @A: 09 23 22 11 | 10
#1125-d330 @A: 34 09 12 02 | 08
#1126-d330 @A: 14 09 27 12 | 01
#1127-d330 @A: 21 34 23 09 | 05
#1128-d330 @A: 13 27 21 09 | 12
#1129-d330 @A: 15 19 22 06 | 09
#1130-d330 @A: 15 10 14 16 | 07
#1131-d330 @A: 08 15 16 23 | 04
#1132-d330 @A: 28 20 15 29 | 02
#1133-d330 @A: 14 20 24 15 | 03
#1134-d330 @A: 11 15 20 32 | 06
#1135-d330 @A: 25 20 05 15 | 11
#1136-d330 @A: 14 26 15 28 | 10
#1137-d330 @A: 01 15 10 32 | 08
#1138-d330 @A: 12 15 19 01 | 01
#1139-d330 @A: 01 08 15 33 | 05
#1140-d330 @A: 33 15 07 22 | 12
#1141-d330 @A: 31 15 27 24 | 09
#1142-d330 @A: 15 04 32 21 | 07
#1143-d330 @A: 15 04 29 12 | 04
#1144-d330 @A: 10 15 07 12 | 02
#1145-d330 @A: 34 15 23 33 | 03
#1146-d330 @A: 31 17 15 26 | 06
#1147-d330 @A: 35 23 06 02 | 11
#1148-d330 @A: 06 33 16 22 | 10
#1149-d330 @A: 07 06 10 28 | 08
#1150-d330 @A: 06 17 12 28 | 01
#1151-d330 @A: 01 26 06 22 | 05
#1152-d330 @A: 06 14 27 22 | 12
#1153-d330 @A: 06 05 22 12 | 09
#1154-d330 @A: 03 24 06 21 | 07
#1155-d330 @A: 06 12 24 11 | 04
#1156-d330 @A: 04 32 13 06 | 02
#1157-d330 @A: 06 08 27 12 | 03
#1158-d330 @A: 23 33 25 06 | 06
#1159-d330 @A: 06 21 27 25 | 11
#1160-d330 @A: 23 27 06 13 | 10
#1161-d330 @A: 20 35 24 26 | 08
#1162-d330 @A: 23 04 35 20 | 01
#1163-d330 @A: 03 13 20 35 | 05
#1164-d330 @A: 08 17 20 35 | 12
#1165-d330 @A: 01 35 22 28 | 09
#1166-d330 @A: 32 28 35 05 | 07
#1167-d330 @A: 28 27 35 03 | 04
#1168-d330 @A: 35 32 31 01 | 02
#1169-d330 @A: 35 22 33 02 | 03
#1170-d330 @A: 12 13 35 22 | 06
#1171-d330 @A: 04 35 13 14 | 11
#1172-d330 @A: 03 02 11 35 | 10
#1173-d330 @A: 32 03 35 33 | 08
#1174-d330 @A: 05 08 18 35 | 01
#1175-d330 @A: 21 30 35 11 | 05
#1176-d330 @A: 29 35 33 18 | 12
#1177-d330 @A: 28 16 03 10 | 09
#1178-d330 @A: 13 04 01 16 | 07
#1179-d330 @A: 02 04 23 16 | 04
#1180-d330 @A: 31 29 16 02 | 02
#1181-d330 @A: 16 05 14 32 | 03
#1182-d330 @A: 13 16 32 33 | 06
#1183-d330 @A: 20 19 22 01 | 11
#1184-d330 @A: 02 19 20 30 | 10
#1185-d330 @A: 20 18 02 31 | 08
#1186-d330 @A: 05 20 26 02 | 01
#1187-d330 @A: 20 26 17 07 | 05
#1188-d330 @A: 27 03 32 20 | 12
#1189-d330 @A: 12 08 03 20 | 09
#1190-d330 @A: 05 10 20 21 | 07
#1191-d330 @A: 20 33 30 25 | 04
#1192-d330 @A: 10 31 20 29 | 02
#1193-d330 @A: 24 26 01 28 | 03
#1194-d330 @A: 01 04 10 28 | 06
#1195-d330 @A: 01 12 23 28 | 11
#1196-d330 @A: 04 23 28 22 | 10
#1197-d330 @A: 22 28 14 11 | 08
#1198-d330 @A: 34 32 28 04 | 01
#1199-d330 @A: 28 02 14 33 | 05
#1200-d330 @A: 28 12 03 33 | 12
#1201-d330 @A: 31 28 29 19 | 09
#1202-d330 @A: 26 25 28 27 | 07
#1203-d330 @A: 08 01 24 21 | 04
#1204-d330 @A: 17 14 01 02 | 02
#1205-d330 @A: 17 11 01 07 | 03
#1206-d330 @A: 12 03 18 01 | 06
#1207-d330 @A: 01 19 30 18 | 11
#1208-d330 @A: 31 01 25 19 | 10
#1209-d330 @A: 27 01 30 25 | 08
#1210-d330 @A: 26 22 08 04 | 01
#1211-d330 @A: 04 18 30 22 | 05
#1212-d330 @A: 22 07 17 14 | 12
#1213-d330 @A: 07 05 03 22 | 09
#1214-d330 @A: 22 10 12 32 | 07
#1215-d330 @A: 22 21 32 05 | 04
#1216-d330 @A: 22 18 03 34 | 02
#1217-d330 @A: 08 22 27 10 | 03
#1218-d330 @A: 19 18 22 23 | 06
#1219-d330 @A: 31 30 33 22 | 11
#1220-d330 @A: 24 32 23 13 | 10
#1221-d330 @A: 24 03 26 08 | 08
#1222-d330 @A: 24 30 05 18 | 01
#1223-d330 @A: 26 24 18 10 | 05
#1224-d330 @A: 25 24 33 17 | 12
#1225-d330 @A: 02 32 31 04 | 09
#1226-d330 @A: 29 07 14 04 | 07
#1227-d330 @A: 04 17 07 03 | 04
#1228-d330 @A: 11 04 31 17 | 02
#1229-d330 @A: 29 04 31 26 | 03
#1230-d330 @A: 08 32 02 10 | 06
#1231-d330 @A: 29 02 27 08 | 11
#1232-d330 @A: 13 26 11 02 | 10
#1233-d330 @A: 33 17 29 02 | 08
#1234-d330 @A: 02 13 27 25 | 01
#1235-d330 @A: 30 31 02 17 | 05
#1236-d330 @A: 07 25 23 11 | 12
#1237-d330 @A: 07 18 10 05 | 09
#1238-d330 @A: 07 13 25 33 | 07
#1239-d330 @A: 05 34 11 32 | 04
#1240-d330 @A: 31 32 05 18 | 02
#1241-d330 @A: 30 32 33 23 | 03
#1242-d330 @A: 32 21 13 30 | 06
#1243-d330 @A: 05 13 14 21 | 11
#1244-d330 @A: 14 25 33 29 | 10
#1245-d330 @A: 14 31 13 29 | 08
#1246-d330 @A: 11 23 03 34 | 01
#1247-d330 @A: 33 13 11 03 | 05
#1248-d330 @A: 21 03 26 31 | 12
#1249-d330 @A: 29 08 12 13 | 09
#1250-d330 @A: 19 12 25 34 | 07
#1251-d330 @A: 19 12 26 33 | 04
#1252-d330 @A: 17 12 29 19 | 02
#1253-d330 @A: 11 08 25 18 | 03
#1254-d330 @A: 21 26 10 08 | 06
#1255-d330 @A: 25 11 19 27 | 11
#1256-d330 @A: 13 31 27 34 | 10
#1257-d330 @A: 13 19 27 18 | 08
#1258-d330 @A: 21 06 09 15 | 01
#1259-d330 @A: 08 15 09 10 | 05
#1260-d330 @A: 06 13 09 26 | 12
#1261-d330 @A: 26 22 09 35 | 09
#1262-d330 @A: 09 35 23 27 | 07
#1263-d330 @A: 16 01 09 26 | 04
#1264-d330 @A: 09 24 28 13 | 02
#1265-d330 @A: 09 01 14 30 | 03
#1266-d330 @A: 09 27 25 22 | 06
#1267-d330 @A: 09 04 10 26 | 11
#1268-d330 @A: 05 11 09 30 | 10
#1269-d330 @A: 09 31 26 11 | 08
#1270-d330 @A: 09 26 34 18 | 01
#1271-d330 @A: 11 35 06 15 | 05
#1272-d330 @A: 16 15 06 34 | 12
#1273-d330 @A: 15 14 06 29 | 09
#1274-d330 @A: 13 28 15 35 | 07
#1275-d330 @A: 33 28 15 16 | 04
#1276-d330 @A: 16 04 05 15 | 02
#1277-d330 @A: 02 33 15 20 | 03
#1278-d330 @A: 01 17 15 28 | 06
#1279-d330 @A: 28 24 11 15 | 11
#1280-d330 @A: 21 22 15 31 | 10
#1281-d330 @A: 04 19 15 27 | 08
#1282-d330 @A: 02 14 13 15 | 01
#1283-d330 @A: 02 12 08 15 | 05
#1284-d330 @A: 15 03 30 08 | 12
#1285-d330 @A: 15 21 13 34 | 09
#1286-d330 @A: 06 35 19 18 | 07
#1287-d330 @A: 01 27 20 06 | 04
#1288-d330 @A: 11 06 08 20 | 02
#1289-d330 @A: 06 28 02 18 | 03
#1290-d330 @A: 29 06 28 32 | 06
#1291-d330 @A: 17 21 06 01 | 11
#1292-d330 @A: 30 06 22 32 | 10
#1293-d330 @A: 24 26 06 34 | 08
#1294-d330 @A: 12 06 25 02 | 01
#1295-d330 @A: 07 25 06 03 | 05
#1296-d330 @A: 12 06 32 21 | 12
#1297-d330 @A: 06 34 31 33 | 09
#1298-d330 @A: 29 05 31 06 | 07
#1299-d330 @A: 17 06 29 26 | 04
#1300-d330 @A: 06 23 13 30 | 02
#1301-d330 @A: 31 23 17 06 | 03
#1302-d330 @A: 35 16 25 34 | 06
#1303-d330 @A: 05 27 20 35 | 11
#1304-d330 @A: 35 21 28 04 | 10
#1305-d330 @A: 23 01 35 29 | 08
#1306-d330 @A: 24 18 32 35 | 01
#1307-d330 @A: 19 24 08 35 | 05
#1308-d330 @A: 35 26 07 03 | 12
#1309-d330 @A: 26 08 32 35 | 09
#1310-d330 @A: 35 31 10 19 | 07
#1311-d330 @A: 35 05 21 31 | 04
#1312-d330 @A: 17 35 26 21 | 02
#1313-d330 @A: 16 20 34 12 | 03
#1314-d330 @A: 16 25 13 20 | 06
#1315-d330 @A: 16 01 10 08 | 11
#1316-d330 @A: 21 01 16 31 | 10
#1317-d330 @A: 22 25 24 16 | 08
#1318-d330 @A: 13 16 02 24 | 01
#1319-d330 @A: 31 16 32 24 | 05
#1320-d330 @A: 19 16 13 07 | 12
#1321-d330 @A: 12 29 16 03 | 09
#1322-d330 @A: 23 10 16 11 | 07
#1323-d330 @A: 28 33 20 22 | 04
#1324-d330 @A: 07 23 20 28 | 02
#1325-d330 @A: 08 28 26 20 | 03
#1326-d330 @A: 04 01 20 25 | 06
#1327-d330 @A: 24 22 10 20 | 11
#1328-d330 @A: 22 07 11 20 | 10
#1329-d330 @A: 34 22 20 26 | 08
#1330-d330 @A: 20 04 14 31 | 01
#1331-d330 @A: 20 12 19 07 | 05
#1332-d330 @A: 11 14 20 05 | 12
#1333-d330 @A: 27 20 25 14 | 09
#1334-d330 @A: 33 34 20 11 | 07
#1335-d330 @A: 05 23 20 34 | 04
#1336-d330 @A: 34 17 21 20 | 02
#1337-d330 @A: 23 20 25 19 | 03
#1338-d330 @A: 26 20 18 23 | 06
#1339-d330 @A: 17 20 05 31 | 11
#1340-d330 @A: 33 17 20 13 | 10
#1341-d330 @A: 25 20 26 29 | 08
#1342-d330 @A: 29 27 20 13 | 01
#1343-d330 @A: 31 23 20 30 | 05
#1344-d330 @A: 27 20 10 17 | 12
#1345-d330 @A: 11 01 28 05 | 09
#1346-d330 @A: 28 21 22 03 | 07
#1347-d330 @A: 22 28 12 19 | 04
#1348-d330 @A: 14 28 24 05 | 02
#1349-d330 @A: 11 19 28 02 | 03
#1350-d330 @A: 03 32 28 26 | 06
#1351-d330 @A: 28 10 12 14 | 11
#1352-d330 @A: 11 28 17 34 | 10
#1353-d330 @A: 28 18 11 33 | 08
#1354-d330 @A: 28 33 26 25 | 01
#1355-d330 @A: 24 34 12 01 | 05
#1356-d330 @A: 14 23 04 01 | 12
#1357-d330 @A: 01 29 02 08 | 09
#1358-d330 @A: 07 01 13 03 | 07
#1359-d330 @A: 01 12 08 07 | 04
#1360-d330 @A: 03 19 01 29 | 02
#1361-d330 @A: 11 30 23 01 | 03
#1362-d330 @A: 31 01 17 29 | 06
#1363-d330 @A: 10 13 21 01 | 11
#1364-d330 @A: 12 22 04 25 | 10
#1365-d330 @A: 02 31 22 12 | 08
#1366-d330 @A: 32 22 25 07 | 01
#1367-d330 @A: 27 19 22 34 | 05
#1368-d330 @A: 22 33 26 18 | 12
#1369-d330 @A: 04 24 08 23 | 09
#1370-d330 @A: 07 24 23 02 | 07
#1371-d330 @A: 24 21 14 29 | 04
#1372-d330 @A: 27 11 24 29 | 02
#1373-d330 @A: 31 18 24 19 | 03
#1374-d330 @A: 19 24 27 33 | 06
#1375-d330 @A: 29 13 24 10 | 11
#1376-d330 @A: 23 17 26 24 | 10
#1377-d330 @A: 33 05 04 02 | 08
#1378-d330 @A: 07 19 33 04 | 01
#1379-d330 @A: 27 04 07 29 | 05
#1380-d330 @A: 04 31 08 03 | 12
#1381-d330 @A: 04 21 34 18 | 09
#1382-d330 @A: 21 04 19 23 | 07
#1383-d330 @A: 33 26 17 04 | 04
#1384-d330 @A: 18 03 02 08 | 02
#1385-d330 @A: 05 34 19 02 | 03
#1386-d330 @A: 31 26 34 02 | 06
#1387-d330 @A: 13 19 02 10 | 11
#1388-d330 @A: 23 33 27 02 | 10
#1389-d330 @A: 05 07 34 21 | 08
#1390-d330 @A: 07 25 29 21 | 01
#1391-d330 @A: 14 11 03 32 | 05
#1392-d330 @A: 32 34 12 03 | 12
#1393-d330 @A: 33 34 32 27 | 09
#1394-d330 @A: 29 31 34 32 | 07
#1395-d330 @A: 18 10 32 19 | 04
#1396-d330 @A: 32 19 30 26 | 02
#1397-d330 @A: 18 21 29 32 | 03
#1398-d330 @A: 32 10 30 17 | 06
#1399-d330 @A: 30 11 27 14 | 11
#1400-d330 @A: 05 10 31 14 | 10
#1401-d330 @A: 31 11 19 03 | 08
#1402-d330 @A: 27 21 03 05 | 01
#1403-d330 @A: 03 13 25 10 | 05
#1404-d330 @A: 12 10 05 08 | 12
#1405-d330 @A: 12 21 10 17 | 09
#1406-d330 @A: 27 34 23 08 | 07
#1407-d330 @A: 08 05 19 29 | 04
#1408-d330 @A: 17 33 18 08 | 02
#1409-d330 @A: 17 25 08 29 | 03
#1410-d330 @A: 29 05 25 27 | 06
#1411-d330 @A: 09 32 05 15 | 11
#1412-d330 @A: 06 23 09 16 | 10
#1413-d330 @A: 06 04 09 07 | 08
#1414-d330 @A: 33 09 35 08 | 01
#1415-d330 @A: 16 24 09 30 | 05
#1416-d330 @A: 28 33 09 32 | 12
#1417-d330 @A: 28 30 09 12 | 09
#1418-d330 @A: 11 09 01 24 | 07
#1419-d330 @A: 01 09 03 23 | 04
#1420-d330 @A: 09 32 29 07 | 02
#1421-d330 @A: 14 09 29 19 | 03
#1422-d330 @A: 08 19 03 09 | 06
#1423-d330 @A: 03 31 09 17 | 11
#1424-d330 @A: 21 30 09 18 | 10
#1425-d330 @A: 33 09 17 23 | 08
#1426-d330 @A: 33 09 13 21 | 01
#1427-d330 @A: 13 09 31 10 | 05
#1428-d330 @A: 15 06 17 03 | 12
#1429-d330 @A: 23 25 15 35 | 09
#1430-d330 @A: 30 22 15 16 | 07
#1431-d330 @A: 18 16 02 15 | 04
#1432-d330 @A: 13 16 15 03 | 02
#1433-d330 @A: 23 22 15 03 | 03
#1434-d330 @A: 15 26 24 13 | 06
#1435-d330 @A: 15 07 25 04 | 11
#1436-d330 @A: 10 11 15 19 | 10
#1437-d330 @A: 34 19 15 18 | 08
#1438-d330 @A: 30 21 15 05 | 01
#1439-d330 @A: 20 07 06 02 | 05
#1440-d330 @A: 08 23 06 01 | 12
#1441-d330 @A: 23 14 22 06 | 09
#1442-d330 @A: 06 32 31 07 | 07
#1443-d330 @A: 06 31 14 08 | 04
#1444-d330 @A: 06 05 17 14 | 02
#1445-d330 @A: 06 17 19 34 | 03
#1446-d330 @A: 06 33 29 19 | 06
#1447-d330 @A: 18 06 33 21 | 11
#1448-d330 @A: 18 06 13 29 | 10
#1449-d330 @A: 20 33 16 35 | 08
#1450-d330 @A: 27 35 14 16 | 01
#1451-d330 @A: 20 22 35 21 | 05
#1452-d330 @A: 32 35 20 29 | 12
#1453-d330 @A: 24 35 11 22 | 09
#1454-d330 @A: 04 03 18 35 | 07
#1455-d330 @A: 32 13 35 02 | 04
#1456-d330 @A: 21 12 35 07 | 02
#1457-d330 @A: 33 12 35 14 | 03
#1458-d330 @A: 35 11 26 34 | 06
#1459-d330 @A: 35 11 05 13 | 11
#1460-d330 @A: 34 19 35 23 | 10
#1461-d330 @A: 19 35 33 21 | 08
#1462-d330 @A: 18 25 10 35 | 01
#1463-d330 @A: 16 05 20 22 | 05
#1464-d330 @A: 20 32 26 16 | 12
#1465-d330 @A: 28 01 29 16 | 09
#1466-d330 @A: 34 24 28 16 | 07
#1467-d330 @A: 12 08 24 16 | 04
#1468-d330 @A: 12 04 33 16 | 02
#1469-d330 @A: 07 30 16 32 | 03
#1470-d330 @A: 07 17 16 12 | 06
#1471-d330 @A: 08 05 16 27 | 11
#1472-d330 @A: 21 34 16 30 | 10
#1473-d330 @A: 19 18 26 16 | 08
#1474-d330 @A: 29 19 16 21 | 01
#1475-d330 @A: 23 18 16 17 | 05
#1476-d330 @A: 26 10 16 31 | 12
#1477-d330 @A: 01 20 26 03 | 09
#1478-d330 @A: 02 22 23 20 | 07
#1479-d330 @A: 20 24 08 30 | 04
#1480-d330 @A: 30 27 20 07 | 02
#1481-d330 @A: 33 12 29 20 | 03
#1482-d330 @A: 29 13 34 20 | 06
#1483-d330 @A: 20 29 18 17 | 11
#1484-d330 @A: 01 18 28 21 | 10
#1485-d330 @A: 28 07 27 24 | 08
#1486-d330 @A: 04 29 13 28 | 01
#1487-d330 @A: 32 12 25 28 | 05
#1488-d330 @A: 19 28 10 23 | 12
#1489-d330 @A: 33 30 28 05 | 09
#1490-d330 @A: 25 13 28 05 | 07
#1491-d330 @A: 01 22 31 08 | 04
#1492-d330 @A: 24 19 01 04 | 02
#1493-d330 @A: 02 01 32 19 | 03
#1494-d330 @A: 07 01 34 23 | 06
#1495-d330 @A: 33 14 05 01 | 11
#1496-d330 @A: 01 14 27 23 | 10
#1497-d330 @A: 05 01 25 18 | 08
#1498-d330 @A: 30 29 21 01 | 01
#1499-d330 @A: 32 33 22 14 | 05
#1500-d330 @A: 03 14 26 22 | 12
#1501-d330 @A: 22 03 29 25 | 09
#1502-d330 @A: 22 31 19 17 | 07
#1503-d330 @A: 33 05 22 13 | 04
#1504-d330 @A: 23 05 30 22 | 02
#1505-d330 @A: 02 21 24 04 | 03
#1506-d330 @A: 33 26 24 07 | 06
#1507-d330 @A: 32 11 24 17 | 11
#1508-d330 @A: 25 24 18 23 | 10
#1509-d330 @A: 24 31 26 05 | 08
#1510-d330 @A: 04 34 13 11 | 01
#1511-d330 @A: 18 04 33 10 | 05
#1512-d330 @A: 21 04 31 30 | 12
#1513-d330 @A: 11 18 02 32 | 09
#1514-d330 @A: 03 02 25 19 | 07
#1515-d330 @A: 02 08 17 13 | 04
#1516-d330 @A: 19 17 18 02 | 02
#1517-d330 @A: 23 31 02 19 | 03
#1518-d330 @A: 02 18 13 25 | 06
#1519-d330 @A: 21 02 27 30 | 11
#1520-d330 @A: 14 03 21 07 | 10
#1521-d330 @A: 07 34 14 27 | 08
#1522-d330 @A: 05 07 30 12 | 01
#1523-d330 @A: 10 19 30 07 | 05
#1524-d330 @A: 07 17 21 19 | 12
#1525-d330 @A: 18 30 26 07 | 09
#1526-d330 @A: 21 30 33 07 | 07
#1527-d330 @A: 32 13 14 34 | 04
#1528-d330 @A: 31 14 26 32 | 02
#1529-d330 @A: 17 25 32 03 | 03
#1530-d330 @A: 32 18 34 30 | 06
#1531-d330 @A: 25 32 05 30 | 11
#1532-d330 @A: 30 32 27 33 | 10
#1533-d330 @A: 31 32 21 33 | 08
#1534-d330 @A: 34 18 11 14 | 01
#1535-d330 @A: 14 34 17 31 | 05
#1536-d330 @A: 03 11 26 25 | 12
#1537-d330 @A: 03 26 10 34 | 09
#1538-d330 @A: 21 05 18 03 | 07
#1539-d330 @A: 10 33 03 05 | 04
#1540-d330 @A: 03 27 31 29 | 02
#1541-d330 @A: 13 25 11 12 | 03
#1542-d330 @A: 13 19 12 23 | 06
#1543-d330 @A: 23 10 12 18 | 11
#1544-d330 @A: 17 12 33 31 | 10
#1545-d330 @A: 19 30 08 23 | 08
#1546-d330 @A: 15 16 31 09 | 01
#1547-d330 @A: 30 15 07 09 | 05
#1548-d330 @A: 12 26 15 09 | 12
#1549-d330 @A: 19 13 15 09 | 09
#1550-d330 @A: 26 27 06 09 | 07
#1551-d330 @A: 14 35 09 25 | 04
#1552-d330 @A: 25 16 09 33 | 02
#1553-d330 @A: 33 20 04 09 | 03
#1554-d330 @A: 11 20 02 09 | 06
#1555-d330 @A: 31 27 20 09 | 11
#1556-d330 @A: 26 05 09 28 | 10
#1557-d330 @A: 01 32 09 34 | 08
#1558-d330 @A: 14 18 09 22 | 01
#1559-d330 @A: 09 21 04 03 | 05
#1560-d330 @A: 02 09 07 13 | 12
#1561-d330 @A: 08 14 09 13 | 09
#1562-d330 @A: 33 11 29 09 | 07
#1563-d330 @A: 25 11 10 09 | 04
#1564-d330 @A: 19 34 09 10 | 02
#1565-d330 @A: 19 21 09 31 | 03
#1566-d330 @A: 31 18 23 09 | 06
#1567-d330 @A: 01 18 15 06 | 11
#1568-d330 @A: 15 02 22 28 | 10
#1569-d330 @A: 12 15 28 18 | 08
#1570-d330 @A: 01 07 31 15 | 01
#1571-d330 @A: 22 05 24 15 | 05
#1572-d330 @A: 15 04 33 30 | 12
#1573-d330 @A: 34 15 11 12 | 09
#1574-d330 @A: 15 17 33 21 | 07
#1575-d330 @A: 31 23 15 29 | 04
#1576-d330 @A: 15 10 23 30 | 02
#1577-d330 @A: 35 32 16 06 | 03
#1578-d330 @A: 06 05 35 03 | 06
#1579-d330 @A: 21 29 35 06 | 11
#1580-d330 @A: 01 16 06 05 | 10
#1581-d330 @A: 04 08 06 25 | 08
#1582-d330 @A: 14 02 34 06 | 01
#1583-d330 @A: 06 21 02 05 | 05
#1584-d330 @A: 06 33 07 17 | 12
#1585-d330 @A: 07 23 06 21 | 09
#1586-d330 @A: 03 30 06 27 | 07
#1587-d330 @A: 18 11 17 06 | 04
#1588-d330 @A: 16 01 24 35 | 02
#1589-d330 @A: 35 21 16 03 | 03
#1590-d330 @A: 34 35 28 03 | 06
#1591-d330 @A: 35 01 05 04 | 11
#1592-d330 @A: 01 12 17 35 | 10
#1593-d330 @A: 13 35 08 01 | 08
#1594-d330 @A: 24 17 35 02 | 01
#1595-d330 @A: 24 07 35 10 | 05
#1596-d330 @A: 30 35 04 32 | 12
#1597-d330 @A: 02 08 31 35 | 09
#1598-d330 @A: 11 35 14 10 | 07
#1599-d330 @A: 11 25 35 29 | 04
#1600-d330 @A: 13 35 31 34 | 02
#1601-d330 @A: 17 23 05 35 | 03
#1602-d330 @A: 13 17 35 25 | 06
#1603-d330 @A: 16 01 20 23 | 11
#1604-d330 @A: 16 19 24 20 | 10
#1605-d330 @A: 02 16 11 22 | 08
#1606-d330 @A: 04 17 16 24 | 01
#1607-d330 @A: 31 16 07 04 | 05
#1608-d330 @A: 16 04 14 25 | 12
#1609-d330 @A: 14 13 12 16 | 09
#1610-d330 @A: 34 16 31 11 | 07
#1611-d330 @A: 16 25 34 27 | 04
#1612-d330 @A: 13 16 34 10 | 02
#1613-d330 @A: 29 17 10 16 | 03
#1614-d330 @A: 26 23 30 16 | 06
#1615-d330 @A: 14 13 20 28 | 11
#1616-d330 @A: 20 05 12 28 | 10
#1617-d330 @A: 11 25 20 28 | 08
#1618-d330 @A: 17 22 20 32 | 01
#1619-d330 @A: 14 20 33 07 | 05
#1620-d330 @A: 14 12 17 20 | 12
#1621-d330 @A: 08 20 33 23 | 09
#1622-d330 @A: 29 20 30 05 | 07
#1623-d330 @A: 20 21 23 29 | 04
#1624-d330 @A: 08 28 02 34 | 02
#1625-d330 @A: 28 34 23 26 | 03
#1626-d330 @A: 17 28 19 33 | 06
#1627-d330 @A: 10 29 28 05 | 11
#1628-d330 @A: 22 01 21 12 | 10
#1629-d330 @A: 01 05 03 24 | 08
#1630-d330 @A: 01 29 18 24 | 01
#1631-d330 @A: 17 27 01 24 | 05
#1632-d330 @A: 18 02 01 04 | 12
#1633-d330 @A: 11 19 01 13 | 09
#1634-d330 @A: 27 01 10 19 | 07
#1635-d330 @A: 21 27 33 01 | 04
#1636-d330 @A: 01 13 29 25 | 02
#1637-d330 @A: 14 19 24 22 | 03
#1638-d330 @A: 04 22 17 02 | 06
#1639-d330 @A: 33 22 07 27 | 11
#1640-d330 @A: 21 07 26 22 | 10
#1641-d330 @A: 30 08 14 22 | 08
#1642-d330 @A: 13 22 29 11 | 01
#1643-d330 @A: 33 22 10 34 | 05
#1644-d330 @A: 04 27 24 12 | 12
#1645-d330 @A: 24 18 02 14 | 09
#1646-d330 @A: 12 19 10 24 | 07
#1647-d330 @A: 33 24 19 30 | 04
#1648-d330 @A: 13 18 33 24 | 02
#1649-d330 @A: 33 23 24 10 | 03
#1650-d330 @A: 13 25 21 24 | 06
#1651-d330 @A: 26 02 14 04 | 11
#1652-d330 @A: 13 04 02 03 | 10
#1653-d330 @A: 05 11 18 04 | 08
#1654-d330 @A: 34 29 33 04 | 01
#1655-d330 @A: 13 26 18 04 | 05
#1656-d330 @A: 31 04 05 23 | 12
#1657-d330 @A: 12 32 02 33 | 09
#1658-d330 @A: 30 02 14 29 | 07
#1659-d330 @A: 21 13 02 29 | 04
#1660-d330 @A: 02 25 17 26 | 02
#1661-d330 @A: 19 07 03 32 | 03
#1662-d330 @A: 14 07 08 25 | 06
#1663-d330 @A: 14 07 13 10 | 11
#1664-d330 @A: 18 12 27 07 | 10
#1665-d330 @A: 07 11 29 31 | 08
#1666-d330 @A: 34 07 29 19 | 01
#1667-d330 @A: 23 07 05 19 | 05
#1668-d330 @A: 32 10 23 03 | 12
#1669-d330 @A: 19 11 21 32 | 09
#1670-d330 @A: 32 17 26 34 | 07
#1671-d330 @A: 26 29 13 32 | 04
#1672-d330 @A: 26 32 23 27 | 02
#1673-d330 @A: 31 14 11 33 | 03
#1674-d330 @A: 26 11 23 14 | 06
#1675-d330 @A: 14 26 19 10 | 11
#1676-d330 @A: 30 18 13 14 | 10
#1677-d330 @A: 14 10 17 23 | 08
#1678-d330 @A: 23 21 14 31 | 01
#1679-d330 @A: 03 21 08 11 | 05
#1680-d330 @A: 03 29 34 21 | 12
#1681-d330 @A: 08 12 11 23 | 09
#1682-d330 @A: 11 10 31 12 | 07
#1683-d330 @A: 29 27 23 12 | 04
#1684-d330 @A: 11 08 27 13 | 02
#1685-d330 @A: 08 21 27 18 | 03
#1686-d330 @A: 08 25 21 05 | 06
#1687-d330 @A: 26 13 08 33 | 11
#1688-d330 @A: 33 27 25 10 | 10
#1689-d330 @A: 27 10 29 21 | 08
