#0001-d350 @A: 27 23 33 06 | 05
#0002-d350 @A: 27 32 06 04 | 08
#0003-d350 @A: 11 06 15 27 | 09
#0004-d350 @A: 06 34 08 14 | 01
#0005-d350 @A: 08 09 07 06 | 06
#0006-d350 @A: 35 06 04 12 | 11
#0007-d350 @A: 34 29 06 31 | 02
#0008-d350 @A: 33 24 06 01 | 04
#0009-d350 @A: 05 24 06 32 | 03
#0010-d350 @A: 06 03 05 04 | 10
#0011-d350 @A: 30 15 06 20 | 07
#0012-d350 @A: 03 10 19 06 | 12
#0013-d350 @A: 06 15 19 13 | 05
#0014-d350 @A: 06 19 24 02 | 08
#0015-d350 @A: 31 24 16 06 | 09
#0016-d350 @A: 13 20 10 06 | 01
#0017-d350 @A: 24 15 06 10 | 06
#0018-d350 @A: 23 27 17 18 | 11
#0019-d350 @A: 27 02 17 22 | 02
#0020-d350 @A: 14 27 01 35 | 04
#0021-d350 @A: 35 32 07 27 | 03
#0022-d350 @A: 05 31 27 35 | 10
#0023-d350 @A: 27 24 07 34 | 07
#0024-d350 @A: 14 26 18 27 | 12
#0025-d350 @A: 27 25 14 07 | 05
#0026-d350 @A: 27 09 28 02 | 08
#0027-d350 @A: 20 09 26 27 | 09
#0028-d350 @A: 21 27 32 13 | 01
#0029-d350 @A: 32 27 22 15 | 06
#0030-d350 @A: 11 04 27 25 | 11
#0031-d350 @A: 15 27 19 04 | 02
#0032-d350 @A: 29 20 18 27 | 04
#0033-d350 @A: 21 27 11 02 | 03
#0034-d350 @A: 16 19 27 29 | 10
#0035-d350 @A: 02 27 03 07 | 07
#0036-d350 @A: 27 10 13 25 | 12
#0037-d350 @A: 27 29 03 15 | 05
#0038-d350 @A: 05 17 35 08 | 08
#0039-d350 @A: 04 35 08 15 | 09
#0040-d350 @A: 08 31 11 35 | 01
#0041-d350 @A: 08 10 23 09 | 06
#0042-d350 @A: 23 08 15 32 | 11
#0043-d350 @A: 23 08 02 11 | 02
#0044-d350 @A: 34 07 22 08 | 04
#0045-d350 @A: 24 14 22 08 | 03
#0046-d350 @A: 33 03 08 05 | 10
#0047-d350 @A: 18 13 08 22 | 07
#0048-d350 @A: 19 08 12 01 | 12
#0049-d350 @A: 10 01 08 07 | 05
#0050-d350 @A: 15 31 19 08 | 08
#0051-d350 @A: 03 08 13 19 | 09
#0052-d350 @A: 08 10 13 31 | 01
#0053-d350 @A: 13 24 08 12 | 06
#0054-d350 @A: 34 17 35 31 | 11
#0055-d350 @A: 09 35 14 17 | 02
#0056-d350 @A: 17 28 34 23 | 04
#0057-d350 @A: 14 03 23 17 | 03
#0058-d350 @A: 19 04 17 23 | 10
#0059-d350 @A: 12 17 34 15 | 07
#0060-d350 @A: 11 17 16 14 | 12
#0061-d350 @A: 02 19 17 14 | 05
#0062-d350 @A: 17 05 24 33 | 08
#0063-d350 @A: 17 20 33 03 | 09
#0064-d350 @A: 28 17 32 30 | 01
#0065-d350 @A: 18 17 04 31 | 06
#0066-d350 @A: 17 30 24 22 | 11
#0067-d350 @A: 17 01 03 02 | 02
#0068-d350 @A: 19 13 07 17 | 04
#0069-d350 @A: 17 12 26 31 | 03
#0070-d350 @A: 16 26 29 17 | 10
#0071-d350 @A: 13 14 34 35 | 07
#0072-d350 @A: 35 30 33 15 | 12
#0073-d350 @A: 35 19 33 31 | 05
#0074-d350 @A: 26 35 18 32 | 08
#0075-d350 @A: 18 35 04 29 | 09
#0076-d350 @A: 35 28 13 19 | 01
#0077-d350 @A: 25 12 35 19 | 06
#0078-d350 @A: 35 03 02 19 | 11
#0079-d350 @A: 28 35 03 12 | 02
#0080-d350 @A: 33 23 34 20 | 04
#0081-d350 @A: 09 23 15 14 | 03
#0082-d350 @A: 23 32 21 02 | 10
#0083-d350 @A: 22 04 29 23 | 07
#0084-d350 @A: 16 23 04 07 | 12
#0085-d350 @A: 23 19 22 18 | 05
#0086-d350 @A: 13 31 23 01 | 08
#0087-d350 @A: 23 29 31 24 | 09
#0088-d350 @A: 34 14 02 28 | 01
#0089-d350 @A: 18 33 25 34 | 06
#0090-d350 @A: 34 07 09 11 | 11
#0091-d350 @A: 32 18 07 34 | 02
#0092-d350 @A: 21 32 22 34 | 04
#0093-d350 @A: 28 26 32 34 | 03
#0094-d350 @A: 04 10 34 11 | 10
#0095-d350 @A: 22 11 24 34 | 07
#0096-d350 @A: 25 24 34 01 | 12
#0097-d350 @A: 01 26 34 03 | 05
#0098-d350 @A: 34 19 28 07 | 08
#0099-d350 @A: 31 24 34 12 | 09
#0100-d350 @A: 34 15 24 13 | 01
#0101-d350 @A: 29 14 04 33 | 06
#0102-d350 @A: 33 18 12 14 | 11
#0103-d350 @A: 14 09 05 18 | 02
#0104-d350 @A: 13 11 14 21 | 04
#0105-d350 @A: 19 31 14 16 | 03
#0106-d350 @A: 03 14 26 07 | 10
#0107-d350 @A: 14 13 16 20 | 07
#0108-d350 @A: 16 09 33 04 | 12
#0109-d350 @A: 33 21 29 32 | 05
#0110-d350 @A: 05 04 19 33 | 08
#0111-d350 @A: 26 05 30 33 | 09
#0112-d350 @A: 05 07 02 33 | 01
#0113-d350 @A: 09 25 32 18 | 06
#0114-d350 @A: 01 02 12 09 | 11
#0115-d350 @A: 29 05 20 32 | 02
#0116-d350 @A: 11 21 03 32 | 04
#0117-d350 @A: 32 31 11 19 | 03
#0118-d350 @A: 25 22 02 32 | 10
#0119-d350 @A: 32 19 20 12 | 07
#0120-d350 @A: 32 15 29 28 | 12
#0121-d350 @A: 04 24 10 01 | 05
#0122-d350 @A: 12 04 19 28 | 08
#0123-d350 @A: 19 04 10 02 | 09
#0124-d350 @A: 16 15 29 04 | 01
#0125-d350 @A: 03 26 15 04 | 06
#0126-d350 @A: 16 18 01 07 | 11
#0127-d350 @A: 26 11 16 05 | 02
#0128-d350 @A: 05 01 26 24 | 04
#0129-d350 @A: 05 10 20 19 | 03
#0130-d350 @A: 28 05 12 31 | 10
#0131-d350 @A: 07 31 05 25 | 07
#0132-d350 @A: 05 13 10 12 | 12
#0133-d350 @A: 20 24 16 05 | 05
#0134-d350 @A: 26 28 11 29 | 08
#0135-d350 @A: 20 21 30 10 | 09
#0136-d350 @A: 10 19 30 15 | 01
#0137-d350 @A: 30 16 25 07 | 06
#0138-d350 @A: 30 25 12 20 | 11
#0139-d350 @A: 24 22 01 21 | 02
#0140-d350 @A: 13 07 21 02 | 04
#0141-d350 @A: 21 15 20 25 | 03
#0142-d350 @A: 19 22 31 02 | 10
#0143-d350 @A: 07 29 02 22 | 07
#0144-d350 @A: 20 25 28 03 | 12
#0145-d350 @A: 10 12 29 20 | 05
#0146-d350 @A: 26 12 20 24 | 08
#0147-d350 @A: 08 02 27 06 | 09
#0148-d350 @A: 06 08 16 20 | 01
#0149-d350 @A: 25 17 35 06 | 06
#0150-d350 @A: 06 17 33 16 | 11
#0151-d350 @A: 35 06 19 32 | 02
#0152-d350 @A: 19 09 06 23 | 04
#0153-d350 @A: 06 26 23 05 | 03
#0154-d350 @A: 06 21 03 34 | 10
#0155-d350 @A: 14 07 18 06 | 07
#0156-d350 @A: 09 12 30 06 | 12
#0157-d350 @A: 26 06 11 04 | 05
#0158-d350 @A: 05 06 29 22 | 08
#0159-d350 @A: 11 13 31 06 | 09
#0160-d350 @A: 24 07 12 06 | 01
#0161-d350 @A: 01 08 17 27 | 06
#0162-d350 @A: 27 08 34 03 | 11
#0163-d350 @A: 07 17 04 27 | 02
#0164-d350 @A: 17 05 15 27 | 04
#0165-d350 @A: 19 14 27 11 | 03
#0166-d350 @A: 31 14 27 21 | 10
#0167-d350 @A: 26 02 33 27 | 07
#0168-d350 @A: 13 05 27 04 | 12
#0169-d350 @A: 27 18 13 30 | 05
#0170-d350 @A: 18 16 27 24 | 08
#0171-d350 @A: 25 05 27 29 | 09
#0172-d350 @A: 27 20 30 24 | 01
#0173-d350 @A: 07 27 20 25 | 06
#0174-d350 @A: 33 15 17 08 | 11
#0175-d350 @A: 22 08 21 17 | 02
#0176-d350 @A: 26 35 08 30 | 04
#0177-d350 @A: 12 35 08 21 | 03
#0178-d350 @A: 20 08 35 31 | 10
#0179-d350 @A: 34 08 24 09 | 07
#0180-d350 @A: 10 04 22 08 | 12
#0181-d350 @A: 29 18 30 08 | 05
#0182-d350 @A: 08 26 10 19 | 08
#0183-d350 @A: 12 08 29 07 | 09
#0184-d350 @A: 35 30 02 17 | 01
#0185-d350 @A: 17 22 15 23 | 06
#0186-d350 @A: 01 17 23 26 | 11
#0187-d350 @A: 34 14 33 17 | 02
#0188-d350 @A: 14 17 04 12 | 04
#0189-d350 @A: 18 10 19 17 | 03
#0190-d350 @A: 19 17 22 11 | 10
#0191-d350 @A: 11 17 01 12 | 07
#0192-d350 @A: 30 17 26 21 | 12
#0193-d350 @A: 31 17 20 22 | 05
#0194-d350 @A: 17 07 28 22 | 08
#0195-d350 @A: 07 29 10 17 | 09
#0196-d350 @A: 15 17 07 24 | 01
#0197-d350 @A: 25 16 12 17 | 06
#0198-d350 @A: 28 34 35 18 | 11
#0199-d350 @A: 12 09 35 07 | 02
#0200-d350 @A: 32 35 29 11 | 04
#0201-d350 @A: 35 18 15 21 | 03
#0202-d350 @A: 35 07 20 22 | 10
#0203-d350 @A: 12 15 13 35 | 07
#0204-d350 @A: 03 29 35 26 | 12
#0205-d350 @A: 35 20 24 15 | 05
#0206-d350 @A: 23 05 12 34 | 08
#0207-d350 @A: 07 14 22 23 | 09
#0208-d350 @A: 16 20 33 23 | 01
#0209-d350 @A: 28 20 23 32 | 06
#0210-d350 @A: 18 23 25 28 | 11
#0211-d350 @A: 23 18 20 03 | 02
#0212-d350 @A: 12 01 03 23 | 04
#0213-d350 @A: 13 19 25 23 | 03
#0214-d350 @A: 25 34 20 14 | 10
#0215-d350 @A: 09 33 15 34 | 07
#0216-d350 @A: 34 13 19 21 | 12
#0217-d350 @A: 31 19 34 03 | 05
#0218-d350 @A: 19 34 29 12 | 08
#0219-d350 @A: 24 34 02 10 | 09
#0220-d350 @A: 15 25 02 34 | 01
#0221-d350 @A: 16 25 34 26 | 06
#0222-d350 @A: 09 15 14 20 | 11
#0223-d350 @A: 14 05 32 15 | 02
#0224-d350 @A: 01 14 04 26 | 04
#0225-d350 @A: 18 21 20 14 | 03
#0226-d350 @A: 13 14 05 07 | 10
#0227-d350 @A: 30 19 14 26 | 07
#0228-d350 @A: 14 19 28 10 | 12
#0229-d350 @A: 15 03 19 14 | 05
#0230-d350 @A: 14 26 29 31 | 08
#0231-d350 @A: 15 07 14 16 | 09
#0232-d350 @A: 26 13 15 14 | 01
#0233-d350 @A: 09 30 33 25 | 06
#0234-d350 @A: 33 16 30 11 | 11
#0235-d350 @A: 13 33 01 25 | 02
#0236-d350 @A: 28 31 33 24 | 04
#0237-d350 @A: 10 33 16 28 | 03
#0238-d350 @A: 29 12 24 33 | 10
#0239-d350 @A: 33 02 20 24 | 07
#0240-d350 @A: 32 09 04 02 | 12
#0241-d350 @A: 32 20 21 09 | 05
#0242-d350 @A: 11 09 25 01 | 08
#0243-d350 @A: 30 22 16 09 | 09
#0244-d350 @A: 01 24 07 09 | 01
#0245-d350 @A: 19 13 09 29 | 06
#0246-d350 @A: 24 19 09 03 | 11
#0247-d350 @A: 09 29 24 28 | 02
#0248-d350 @A: 12 09 25 13 | 04
#0249-d350 @A: 29 02 09 25 | 03
#0250-d350 @A: 04 01 12 32 | 10
#0251-d350 @A: 29 05 32 10 | 07
#0252-d350 @A: 30 11 20 32 | 12
#0253-d350 @A: 26 32 01 15 | 05
#0254-d350 @A: 12 15 32 31 | 08
#0255-d350 @A: 32 29 13 07 | 09
#0256-d350 @A: 02 07 32 16 | 01
#0257-d350 @A: 32 02 29 12 | 06
#0258-d350 @A: 05 04 18 15 | 11
#0259-d350 @A: 31 04 15 28 | 02
#0260-d350 @A: 03 04 10 28 | 04
#0261-d350 @A: 22 11 18 29 | 03
#0262-d350 @A: 18 22 30 12 | 10
#0263-d350 @A: 22 26 03 18 | 07
#0264-d350 @A: 01 28 18 02 | 12
#0265-d350 @A: 13 01 18 26 | 05
#0266-d350 @A: 10 18 26 24 | 08
#0267-d350 @A: 19 25 05 11 | 09
#0268-d350 @A: 12 25 05 01 | 01
#0269-d350 @A: 12 07 16 05 | 06
#0270-d350 @A: 30 11 13 22 | 11
#0271-d350 @A: 11 31 20 15 | 02
#0272-d350 @A: 03 29 12 11 | 04
#0273-d350 @A: 29 02 30 03 | 03
#0274-d350 @A: 16 21 22 26 | 10
#0275-d350 @A: 24 21 26 19 | 07
#0276-d350 @A: 24 21 12 28 | 12
#0277-d350 @A: 31 22 10 01 | 05
#0278-d350 @A: 18 27 03 06 | 08
#0279-d350 @A: 06 05 07 27 | 09
#0280-d350 @A: 27 06 19 20 | 01
#0281-d350 @A: 17 24 06 34 | 06
#0282-d350 @A: 17 14 31 06 | 11
#0283-d350 @A: 06 21 17 12 | 02
#0284-d350 @A: 23 01 06 04 | 04
#0285-d350 @A: 34 26 22 06 | 03
#0286-d350 @A: 34 12 28 06 | 10
#0287-d350 @A: 06 32 13 14 | 07
#0288-d350 @A: 06 29 07 33 | 12
#0289-d350 @A: 21 09 26 06 | 05
#0290-d350 @A: 09 28 06 20 | 08
#0291-d350 @A: 06 21 18 10 | 09
#0292-d350 @A: 30 06 15 26 | 01
#0293-d350 @A: 01 31 28 06 | 06
#0294-d350 @A: 06 07 01 03 | 11
#0295-d350 @A: 16 28 19 06 | 02
#0296-d350 @A: 02 26 31 06 | 04
#0297-d350 @A: 29 16 06 02 | 03
#0298-d350 @A: 27 07 18 08 | 10
#0299-d350 @A: 20 02 27 35 | 07
#0300-d350 @A: 23 21 27 26 | 12
#0301-d350 @A: 23 27 28 03 | 05
#0302-d350 @A: 29 22 34 27 | 08
#0303-d350 @A: 27 01 20 34 | 09
#0304-d350 @A: 12 27 05 14 | 01
#0305-d350 @A: 27 05 19 18 | 06
#0306-d350 @A: 03 05 27 11 | 11
#0307-d350 @A: 20 28 05 27 | 02
#0308-d350 @A: 11 24 27 31 | 04
#0309-d350 @A: 27 20 03 22 | 03
#0310-d350 @A: 07 31 15 27 | 10
#0311-d350 @A: 08 18 03 17 | 07
#0312-d350 @A: 28 17 31 08 | 12
#0313-d350 @A: 35 33 08 10 | 05
#0314-d350 @A: 29 35 08 13 | 08
#0315-d350 @A: 34 16 08 02 | 09
#0316-d350 @A: 32 01 33 08 | 01
#0317-d350 @A: 09 31 05 08 | 06
#0318-d350 @A: 29 08 21 04 | 11
#0319-d350 @A: 21 03 30 08 | 02
#0320-d350 @A: 02 31 25 08 | 04
#0321-d350 @A: 28 12 08 26 | 03
#0322-d350 @A: 12 08 02 03 | 10
#0323-d350 @A: 28 17 35 11 | 07
#0324-d350 @A: 16 04 34 17 | 12
#0325-d350 @A: 17 26 14 05 | 05
#0326-d350 @A: 17 10 14 01 | 08
#0327-d350 @A: 18 17 32 33 | 09
#0328-d350 @A: 33 07 11 17 | 01
#0329-d350 @A: 18 12 17 09 | 06
#0330-d350 @A: 11 17 32 25 | 11
#0331-d350 @A: 32 19 21 17 | 02
#0332-d350 @A: 17 18 21 02 | 04
#0333-d350 @A: 11 21 10 17 | 03
#0334-d350 @A: 25 13 31 17 | 10
#0335-d350 @A: 23 32 28 35 | 07
#0336-d350 @A: 35 01 30 23 | 12
#0337-d350 @A: 35 26 23 22 | 05
#0338-d350 @A: 34 26 35 21 | 08
#0339-d350 @A: 24 34 35 29 | 09
#0340-d350 @A: 30 10 14 35 | 01
#0341-d350 @A: 22 35 14 12 | 06
#0342-d350 @A: 04 33 01 35 | 11
#0343-d350 @A: 09 25 04 35 | 02
#0344-d350 @A: 35 21 04 02 | 04
#0345-d350 @A: 04 13 35 26 | 03
#0346-d350 @A: 07 11 05 35 | 10
#0347-d350 @A: 10 35 16 19 | 07
#0348-d350 @A: 02 28 35 29 | 12
#0349-d350 @A: 35 16 29 07 | 05
#0350-d350 @A: 16 20 10 35 | 08
#0351-d350 @A: 29 01 23 34 | 09
#0352-d350 @A: 32 14 23 29 | 01
#0353-d350 @A: 32 33 23 30 | 06
#0354-d350 @A: 23 02 09 18 | 11
#0355-d350 @A: 30 23 15 04 | 02
#0356-d350 @A: 23 20 30 05 | 04
#0357-d350 @A: 28 19 23 29 | 03
#0358-d350 @A: 23 28 31 02 | 10
#0359-d350 @A: 16 23 28 24 | 07
#0360-d350 @A: 12 07 02 23 | 12
#0361-d350 @A: 23 15 07 26 | 05
#0362-d350 @A: 12 34 32 14 | 08
#0363-d350 @A: 26 34 14 11 | 09
#0364-d350 @A: 33 29 34 28 | 01
#0365-d350 @A: 03 09 05 34 | 06
#0366-d350 @A: 34 32 15 11 | 11
#0367-d350 @A: 32 13 25 34 | 02
#0368-d350 @A: 22 20 11 34 | 04
#0369-d350 @A: 02 34 11 03 | 03
#0370-d350 @A: 28 34 01 10 | 10
#0371-d350 @A: 12 10 34 26 | 07
#0372-d350 @A: 13 29 03 34 | 12
#0373-d350 @A: 29 15 26 34 | 05
#0374-d350 @A: 26 14 09 25 | 08
#0375-d350 @A: 21 07 04 14 | 09
#0376-d350 @A: 25 14 31 01 | 01
#0377-d350 @A: 24 01 03 14 | 06
#0378-d350 @A: 28 29 07 14 | 11
#0379-d350 @A: 33 22 32 16 | 02
#0380-d350 @A: 04 33 20 30 | 04
#0381-d350 @A: 11 05 10 33 | 03
#0382-d350 @A: 33 13 05 22 | 10
#0383-d350 @A: 15 02 29 33 | 07
#0384-d350 @A: 10 30 09 32 | 12
#0385-d350 @A: 01 18 30 09 | 05
#0386-d350 @A: 09 30 26 11 | 08
#0387-d350 @A: 30 15 09 21 | 09
#0388-d350 @A: 28 26 31 09 | 01
#0389-d350 @A: 09 07 31 29 | 06
#0390-d350 @A: 10 31 09 20 | 11
#0391-d350 @A: 09 07 03 28 | 02
#0392-d350 @A: 07 26 16 09 | 04
#0393-d350 @A: 11 32 04 16 | 03
#0394-d350 @A: 05 32 28 11 | 10
#0395-d350 @A: 22 30 26 32 | 07
#0396-d350 @A: 29 32 01 31 | 12
#0397-d350 @A: 32 10 19 13 | 05
#0398-d350 @A: 04 18 12 20 | 08
#0399-d350 @A: 10 05 21 04 | 09
#0400-d350 @A: 11 03 13 04 | 01
#0401-d350 @A: 01 15 02 04 | 06
#0402-d350 @A: 24 25 04 19 | 11
#0403-d350 @A: 24 04 10 20 | 02
#0404-d350 @A: 05 12 02 18 | 04
#0405-d350 @A: 11 02 18 30 | 03
#0406-d350 @A: 11 01 18 31 | 10
#0407-d350 @A: 07 19 02 18 | 07
#0408-d350 @A: 31 24 07 18 | 12
#0409-d350 @A: 25 29 18 10 | 05
#0410-d350 @A: 16 20 18 02 | 08
#0411-d350 @A: 01 30 05 11 | 09
#0412-d350 @A: 05 20 31 07 | 01
#0413-d350 @A: 11 20 28 26 | 06
#0414-d350 @A: 25 30 21 02 | 11
#0415-d350 @A: 01 24 19 30 | 02
#0416-d350 @A: 01 13 30 07 | 04
#0417-d350 @A: 30 16 29 01 | 03
#0418-d350 @A: 15 01 30 12 | 10
#0419-d350 @A: 19 25 31 30 | 07
#0420-d350 @A: 30 26 10 29 | 12
#0421-d350 @A: 16 30 10 03 | 05
#0422-d350 @A: 29 12 30 25 | 08
#0423-d350 @A: 25 30 03 26 | 09
#0424-d350 @A: 22 21 15 19 | 01
#0425-d350 @A: 21 10 22 02 | 06
#0426-d350 @A: 21 31 24 25 | 11
#0427-d350 @A: 15 02 21 12 | 02
#0428-d350 @A: 01 26 22 25 | 04
#0429-d350 @A: 25 19 22 03 | 03
#0430-d350 @A: 26 10 22 07 | 10
#0431-d350 @A: 22 29 15 20 | 07
#0432-d350 @A: 31 01 20 29 | 12
#0433-d350 @A: 28 25 31 20 | 05
#0434-d350 @A: 15 07 20 03 | 08
#0435-d350 @A: 06 19 27 34 | 09
#0436-d350 @A: 27 14 06 29 | 01
#0437-d350 @A: 06 30 01 27 | 06
#0438-d350 @A: 07 06 17 23 | 11
#0439-d350 @A: 03 06 17 30 | 02
#0440-d350 @A: 16 06 14 35 | 04
#0441-d350 @A: 35 06 21 31 | 03
#0442-d350 @A: 34 06 23 30 | 10
#0443-d350 @A: 02 22 23 06 | 07
#0444-d350 @A: 28 15 06 09 | 12
#0445-d350 @A: 30 32 02 06 | 05
#0446-d350 @A: 32 06 12 16 | 08
#0447-d350 @A: 25 06 18 04 | 09
#0448-d350 @A: 06 22 18 16 | 01
#0449-d350 @A: 05 06 25 30 | 06
#0450-d350 @A: 01 19 06 22 | 11
#0451-d350 @A: 28 06 03 02 | 02
#0452-d350 @A: 08 19 35 27 | 04
#0453-d350 @A: 27 22 08 16 | 03
#0454-d350 @A: 27 20 08 12 | 10
#0455-d350 @A: 27 16 17 35 | 07
#0456-d350 @A: 27 25 35 30 | 12
#0457-d350 @A: 27 19 23 30 | 05
#0458-d350 @A: 27 22 33 01 | 08
#0459-d350 @A: 04 09 27 31 | 09
#0460-d350 @A: 05 09 30 27 | 01
#0461-d350 @A: 27 10 09 21 | 06
#0462-d350 @A: 29 32 18 27 | 11
#0463-d350 @A: 24 27 28 32 | 02
#0464-d350 @A: 03 27 32 10 | 04
#0465-d350 @A: 05 27 22 28 | 03
#0466-d350 @A: 11 07 22 27 | 10
#0467-d350 @A: 29 27 28 30 | 07
#0468-d350 @A: 07 26 01 27 | 12
#0469-d350 @A: 07 27 12 19 | 05
#0470-d350 @A: 15 27 10 02 | 08
#0471-d350 @A: 17 20 09 08 | 09
#0472-d350 @A: 08 17 24 04 | 01
#0473-d350 @A: 08 32 03 14 | 06
#0474-d350 @A: 08 16 19 09 | 11
#0475-d350 @A: 21 08 19 18 | 02
#0476-d350 @A: 02 05 08 21 | 04
#0477-d350 @A: 05 08 22 20 | 03
#0478-d350 @A: 21 20 08 22 | 10
#0479-d350 @A: 15 08 28 01 | 07
#0480-d350 @A: 08 02 26 01 | 12
#0481-d350 @A: 13 08 26 07 | 05
#0482-d350 @A: 12 17 35 33 | 08
#0483-d350 @A: 23 33 02 17 | 09
#0484-d350 @A: 30 34 19 17 | 01
#0485-d350 @A: 21 17 14 15 | 06
#0486-d350 @A: 25 17 21 33 | 11
#0487-d350 @A: 33 17 19 03 | 02
#0488-d350 @A: 32 10 26 17 | 04
#0489-d350 @A: 17 20 01 18 | 03
#0490-d350 @A: 11 30 17 15 | 10
#0491-d350 @A: 28 15 19 17 | 07
#0492-d350 @A: 17 13 10 28 | 12
#0493-d350 @A: 12 02 17 24 | 05
#0494-d350 @A: 14 24 35 23 | 08
#0495-d350 @A: 35 09 31 23 | 09
#0496-d350 @A: 21 23 19 35 | 01
#0497-d350 @A: 35 04 14 19 | 06
#0498-d350 @A: 26 35 20 33 | 11
#0499-d350 @A: 35 20 01 30 | 02
#0500-d350 @A: 35 03 01 31 | 04
#0501-d350 @A: 26 28 10 35 | 03
#0502-d350 @A: 26 35 24 25 | 10
#0503-d350 @A: 35 16 02 25 | 07
#0504-d350 @A: 34 10 33 23 | 12
#0505-d350 @A: 34 24 23 18 | 05
#0506-d350 @A: 23 13 33 11 | 08
#0507-d350 @A: 23 28 33 22 | 09
#0508-d350 @A: 23 16 33 19 | 01
#0509-d350 @A: 20 09 19 23 | 06
#0510-d350 @A: 23 05 02 04 | 11
#0511-d350 @A: 21 31 23 18 | 02
#0512-d350 @A: 23 21 05 28 | 04
#0513-d350 @A: 23 07 03 13 | 03
#0514-d350 @A: 16 09 34 14 | 10
#0515-d350 @A: 33 32 24 34 | 07
#0516-d350 @A: 31 34 33 21 | 12
#0517-d350 @A: 20 09 18 34 | 05
#0518-d350 @A: 34 09 21 02 | 08
#0519-d350 @A: 34 18 05 01 | 09
#0520-d350 @A: 30 34 05 16 | 01
#0521-d350 @A: 15 07 34 30 | 06
#0522-d350 @A: 20 12 34 21 | 11
#0523-d350 @A: 34 15 01 19 | 02
#0524-d350 @A: 01 16 12 34 | 04
#0525-d350 @A: 07 12 13 34 | 03
#0526-d350 @A: 02 18 32 14 | 10
#0527-d350 @A: 14 05 31 04 | 07
#0528-d350 @A: 15 18 14 01 | 12
#0529-d350 @A: 14 20 24 11 | 05
#0530-d350 @A: 20 14 30 19 | 08
#0531-d350 @A: 14 26 28 16 | 09
#0532-d350 @A: 07 24 02 14 | 01
#0533-d350 @A: 20 09 33 25 | 06
#0534-d350 @A: 18 05 33 29 | 11
#0535-d350 @A: 22 24 15 33 | 02
#0536-d350 @A: 31 01 16 33 | 04
#0537-d350 @A: 33 20 19 31 | 03
#0538-d350 @A: 10 33 29 31 | 10
#0539-d350 @A: 33 24 16 26 | 07
#0540-d350 @A: 09 04 21 03 | 12
#0541-d350 @A: 31 01 19 09 | 05
#0542-d350 @A: 25 31 15 09 | 08
#0543-d350 @A: 10 28 09 25 | 09
#0544-d350 @A: 09 12 26 03 | 01
#0545-d350 @A: 32 05 04 26 | 06
#0546-d350 @A: 32 18 10 31 | 11
#0547-d350 @A: 31 13 28 32 | 02
#0548-d350 @A: 26 32 24 07 | 04
#0549-d350 @A: 21 18 28 04 | 03
#0550-d350 @A: 07 04 26 30 | 10
#0551-d350 @A: 21 31 20 04 | 07
#0552-d350 @A: 01 29 04 07 | 12
#0553-d350 @A: 13 04 15 10 | 05
#0554-d350 @A: 02 20 03 04 | 08
#0555-d350 @A: 18 19 13 31 | 09
#0556-d350 @A: 18 12 31 03 | 01
#0557-d350 @A: 28 18 26 15 | 06
#0558-d350 @A: 18 29 16 12 | 11
#0559-d350 @A: 05 20 11 13 | 02
#0560-d350 @A: 31 05 19 10 | 04
#0561-d350 @A: 29 13 05 31 | 03
#0562-d350 @A: 03 20 10 05 | 10
#0563-d350 @A: 25 15 26 05 | 07
#0564-d350 @A: 02 19 12 11 | 12
#0565-d350 @A: 31 25 11 10 | 05
#0566-d350 @A: 12 16 31 11 | 08
#0567-d350 @A: 28 03 25 11 | 09
#0568-d350 @A: 24 29 11 25 | 01
#0569-d350 @A: 01 30 26 31 | 06
#0570-d350 @A: 10 01 30 25 | 11
#0571-d350 @A: 30 28 24 25 | 02
#0572-d350 @A: 20 30 16 28 | 04
#0573-d350 @A: 22 31 21 28 | 03
#0574-d350 @A: 22 03 29 21 | 10
#0575-d350 @A: 31 07 21 01 | 07
#0576-d350 @A: 07 19 10 21 | 12
#0577-d350 @A: 21 07 25 26 | 05
#0578-d350 @A: 12 25 21 10 | 08
#0579-d350 @A: 10 21 26 15 | 09
#0580-d350 @A: 12 13 21 16 | 01
#0581-d350 @A: 25 16 03 21 | 06
#0582-d350 @A: 20 21 16 03 | 11
#0583-d350 @A: 29 28 01 22 | 02
#0584-d350 @A: 26 16 20 31 | 04
#0585-d350 @A: 26 35 06 27 | 03
#0586-d350 @A: 08 06 29 15 | 10
#0587-d350 @A: 06 32 01 34 | 07
#0588-d350 @A: 28 22 14 06 | 12
#0589-d350 @A: 18 19 06 33 | 05
#0590-d350 @A: 33 06 11 28 | 08
#0591-d350 @A: 09 22 06 13 | 09
#0592-d350 @A: 28 32 21 06 | 01
#0593-d350 @A: 32 31 03 06 | 06
#0594-d350 @A: 04 24 06 22 | 11
#0595-d350 @A: 31 10 06 07 | 02
#0596-d350 @A: 25 07 06 28 | 04
#0597-d350 @A: 02 12 13 06 | 03
#0598-d350 @A: 23 15 27 35 | 10
#0599-d350 @A: 35 27 28 04 | 07
#0600-d350 @A: 27 29 21 35 | 12
#0601-d350 @A: 09 27 11 23 | 05
#0602-d350 @A: 04 27 33 34 | 08
#0603-d350 @A: 03 14 09 27 | 09
#0604-d350 @A: 32 14 27 16 | 01
#0605-d350 @A: 27 19 33 32 | 06
#0606-d350 @A: 22 09 27 26 | 11
#0607-d350 @A: 20 32 31 27 | 02
#0608-d350 @A: 28 18 11 27 | 04
#0609-d350 @A: 13 03 31 27 | 03
#0610-d350 @A: 26 28 27 25 | 10
#0611-d350 @A: 08 32 17 16 | 07
#0612-d350 @A: 16 08 21 23 | 12
#0613-d350 @A: 08 10 32 34 | 05
#0614-d350 @A: 29 11 34 08 | 08
#0615-d350 @A: 14 08 16 33 | 09
#0616-d350 @A: 05 14 08 11 | 01
#0617-d350 @A: 13 01 14 08 | 06
#0618-d350 @A: 33 02 08 22 | 11
#0619-d350 @A: 15 08 09 03 | 02
#0620-d350 @A: 04 13 32 08 | 04
#0621-d350 @A: 21 24 32 08 | 03
#0622-d350 @A: 07 08 04 02 | 10
#0623-d350 @A: 08 04 20 26 | 07
#0624-d350 @A: 05 26 18 08 | 12
#0625-d350 @A: 07 18 08 20 | 05
#0626-d350 @A: 29 08 19 02 | 08
#0627-d350 @A: 07 08 03 31 | 09
#0628-d350 @A: 08 13 28 25 | 01
#0629-d350 @A: 20 08 25 24 | 06
#0630-d350 @A: 08 24 26 15 | 11
#0631-d350 @A: 04 17 35 03 | 02
#0632-d350 @A: 17 35 19 29 | 04
#0633-d350 @A: 17 26 15 35 | 03
#0634-d350 @A: 17 25 30 23 | 10
#0635-d350 @A: 34 20 30 17 | 07
#0636-d350 @A: 14 24 17 13 | 12
#0637-d350 @A: 24 26 17 09 | 05
#0638-d350 @A: 20 04 17 28 | 08
#0639-d350 @A: 11 05 17 18 | 09
#0640-d350 @A: 16 17 18 30 | 01
#0641-d350 @A: 25 24 17 18 | 06
#0642-d350 @A: 17 12 05 20 | 11
#0643-d350 @A: 13 15 17 20 | 02
#0644-d350 @A: 23 35 02 34 | 04
#0645-d350 @A: 35 09 19 34 | 03
#0646-d350 @A: 34 32 03 35 | 10
#0647-d350 @A: 16 35 21 33 | 07
#0648-d350 @A: 16 09 35 11 | 12
#0649-d350 @A: 04 16 35 22 | 05
#0650-d350 @A: 35 15 02 05 | 08
#0651-d350 @A: 21 35 30 13 | 09
#0652-d350 @A: 28 25 01 35 | 01
#0653-d350 @A: 24 07 10 35 | 06
#0654-d350 @A: 21 07 34 23 | 11
#0655-d350 @A: 23 34 03 15 | 02
#0656-d350 @A: 32 03 23 18 | 04
#0657-d350 @A: 10 23 11 18 | 03
#0658-d350 @A: 22 25 05 23 | 10
#0659-d350 @A: 23 29 11 20 | 07
#0660-d350 @A: 24 10 22 23 | 12
#0661-d350 @A: 02 23 25 01 | 05
#0662-d350 @A: 23 31 12 10 | 08
#0663-d350 @A: 10 16 26 23 | 09
#0664-d350 @A: 34 22 14 31 | 01
#0665-d350 @A: 09 13 34 18 | 06
#0666-d350 @A: 34 21 25 04 | 11
#0667-d350 @A: 34 21 29 05 | 02
#0668-d350 @A: 05 34 02 22 | 04
#0669-d350 @A: 22 25 30 34 | 03
#0670-d350 @A: 10 22 13 34 | 10
#0671-d350 @A: 02 07 34 31 | 07
#0672-d350 @A: 13 16 28 34 | 12
#0673-d350 @A: 25 12 34 03 | 05
#0674-d350 @A: 14 25 33 11 | 08
#0675-d350 @A: 14 11 30 12 | 09
#0676-d350 @A: 31 03 28 14 | 01
#0677-d350 @A: 09 05 33 32 | 06
#0678-d350 @A: 11 02 33 32 | 11
#0679-d350 @A: 33 32 12 26 | 02
#0680-d350 @A: 11 33 21 19 | 04
#0681-d350 @A: 30 33 13 29 | 03
#0682-d350 @A: 29 33 01 03 | 10
#0683-d350 @A: 19 33 13 24 | 07
#0684-d350 @A: 31 33 13 12 | 12
#0685-d350 @A: 15 33 26 31 | 05
#0686-d350 @A: 33 03 26 10 | 08
#0687-d350 @A: 26 32 19 09 | 09
#0688-d350 @A: 29 09 18 21 | 01
#0689-d350 @A: 21 09 05 13 | 06
#0690-d350 @A: 10 19 11 09 | 11
#0691-d350 @A: 20 22 16 09 | 02
#0692-d350 @A: 01 09 26 29 | 04
#0693-d350 @A: 09 19 12 15 | 03
#0694-d350 @A: 09 16 02 31 | 10
#0695-d350 @A: 10 24 09 12 | 07
#0696-d350 @A: 07 32 10 04 | 12
#0697-d350 @A: 18 32 05 16 | 05
#0698-d350 @A: 10 32 25 24 | 08
#0699-d350 @A: 29 32 24 16 | 09
#0700-d350 @A: 32 02 26 03 | 01
#0701-d350 @A: 13 04 12 18 | 06
#0702-d350 @A: 29 04 31 30 | 11
#0703-d350 @A: 01 04 19 13 | 02
#0704-d350 @A: 02 24 04 03 | 04
#0705-d350 @A: 18 11 21 26 | 03
#0706-d350 @A: 07 03 21 18 | 10
#0707-d350 @A: 19 18 26 12 | 07
#0708-d350 @A: 02 13 18 29 | 12
#0709-d350 @A: 15 05 11 13 | 05
#0710-d350 @A: 26 21 05 03 | 08
#0711-d350 @A: 31 16 05 03 | 09
#0712-d350 @A: 28 16 11 22 | 01
#0713-d350 @A: 01 24 16 11 | 06
#0714-d350 @A: 11 19 15 26 | 11
#0715-d350 @A: 11 13 12 28 | 02
#0716-d350 @A: 11 07 12 26 | 04
#0717-d350 @A: 30 24 07 29 | 03
#0718-d350 @A: 20 30 26 13 | 10
#0719-d350 @A: 20 21 01 19 | 07
#0720-d350 @A: 31 13 21 15 | 12
#0721-d350 @A: 24 16 07 21 | 05
#0722-d350 @A: 13 22 12 01 | 08
#0723-d350 @A: 22 29 10 19 | 09
#0724-d350 @A: 22 28 15 10 | 01
#0725-d350 @A: 28 22 12 25 | 06
#0726-d350 @A: 22 16 25 10 | 11
#0727-d350 @A: 20 16 07 01 | 02
#0728-d350 @A: 12 22 27 06 | 04
#0729-d350 @A: 10 08 06 30 | 03
#0730-d350 @A: 06 17 04 28 | 10
#0731-d350 @A: 29 11 17 06 | 07
#0732-d350 @A: 06 17 22 10 | 12
#0733-d350 @A: 07 35 06 30 | 05
#0734-d350 @A: 20 23 06 26 | 08
#0735-d350 @A: 01 06 09 14 | 09
#0736-d350 @A: 05 14 19 06 | 01
#0737-d350 @A: 11 14 06 03 | 06
#0738-d350 @A: 09 04 29 06 | 11
#0739-d350 @A: 06 18 15 12 | 02
#0740-d350 @A: 06 11 02 05 | 04
#0741-d350 @A: 30 29 21 06 | 03
#0742-d350 @A: 28 29 06 13 | 10
#0743-d350 @A: 24 06 26 28 | 07
#0744-d350 @A: 27 26 32 08 | 12
#0745-d350 @A: 34 25 17 27 | 05
#0746-d350 @A: 17 33 27 28 | 08
#0747-d350 @A: 27 12 11 35 | 09
#0748-d350 @A: 14 02 23 27 | 01
#0749-d350 @A: 27 01 05 23 | 06
#0750-d350 @A: 27 20 23 21 | 11
#0751-d350 @A: 27 18 31 34 | 02
#0752-d350 @A: 12 32 09 27 | 04
#0753-d350 @A: 15 27 09 18 | 03
#0754-d350 @A: 01 27 11 32 | 10
#0755-d350 @A: 07 27 21 30 | 07
#0756-d350 @A: 19 26 03 27 | 12
#0757-d350 @A: 07 27 13 28 | 05
#0758-d350 @A: 02 27 16 13 | 08
#0759-d350 @A: 08 07 14 35 | 09
#0760-d350 @A: 16 08 35 01 | 01
#0761-d350 @A: 04 23 18 08 | 06
#0762-d350 @A: 24 11 33 08 | 11
#0763-d350 @A: 08 30 31 32 | 02
#0764-d350 @A: 08 18 02 24 | 04
#0765-d350 @A: 20 13 08 28 | 03
#0766-d350 @A: 10 08 20 15 | 10
#0767-d350 @A: 07 35 17 18 | 07
#0768-d350 @A: 20 35 17 11 | 12
#0769-d350 @A: 17 21 01 34 | 05
#0770-d350 @A: 17 14 32 07 | 08
#0771-d350 @A: 32 17 13 09 | 09
#0772-d350 @A: 17 30 05 10 | 01
#0773-d350 @A: 19 17 05 12 | 06
#0774-d350 @A: 17 31 15 01 | 11
#0775-d350 @A: 31 07 17 16 | 02
#0776-d350 @A: 03 28 26 17 | 04
#0777-d350 @A: 07 23 33 35 | 03
#0778-d350 @A: 16 35 05 23 | 10
#0779-d350 @A: 23 29 35 25 | 07
#0780-d350 @A: 04 34 07 35 | 12
#0781-d350 @A: 35 34 22 01 | 05
#0782-d350 @A: 24 18 35 33 | 08
#0783-d350 @A: 11 35 33 26 | 09
#0784-d350 @A: 22 25 35 33 | 01
#0785-d350 @A: 09 35 21 22 | 06
#0786-d350 @A: 02 35 09 24 | 11
#0787-d350 @A: 35 31 04 10 | 02
#0788-d350 @A: 18 30 35 19 | 04
#0789-d350 @A: 25 35 31 18 | 03
#0790-d350 @A: 03 30 35 11 | 10
#0791-d350 @A: 11 01 35 13 | 07
#0792-d350 @A: 35 01 19 26 | 12
#0793-d350 @A: 10 35 02 12 | 05
#0794-d350 @A: 20 03 35 12 | 08
#0795-d350 @A: 23 24 04 33 | 09
#0796-d350 @A: 33 05 15 23 | 01
#0797-d350 @A: 12 23 30 28 | 06
#0798-d350 @A: 23 29 10 03 | 11
#0799-d350 @A: 12 23 29 15 | 02
#0800-d350 @A: 23 24 03 26 | 04
#0801-d350 @A: 33 34 22 12 | 03
#0802-d350 @A: 34 29 32 09 | 10
#0803-d350 @A: 12 34 04 09 | 07
#0804-d350 @A: 28 34 22 09 | 12
#0805-d350 @A: 22 18 34 15 | 05
#0806-d350 @A: 30 10 21 34 | 08
#0807-d350 @A: 30 24 26 34 | 09
#0808-d350 @A: 19 34 25 10 | 01
#0809-d350 @A: 10 03 07 34 | 06
#0810-d350 @A: 03 14 30 33 | 11
#0811-d350 @A: 21 19 14 09 | 02
#0812-d350 @A: 09 14 13 28 | 04
#0813-d350 @A: 04 32 14 28 | 03
#0814-d350 @A: 22 14 32 19 | 10
#0815-d350 @A: 24 19 14 18 | 07
#0816-d350 @A: 05 14 24 28 | 12
#0817-d350 @A: 14 19 13 12 | 05
#0818-d350 @A: 29 14 02 10 | 08
#0819-d350 @A: 14 13 02 03 | 09
#0820-d350 @A: 20 03 14 29 | 01
#0821-d350 @A: 33 04 26 21 | 06
#0822-d350 @A: 02 04 33 31 | 11
#0823-d350 @A: 33 05 20 21 | 02
#0824-d350 @A: 25 05 28 33 | 04
#0825-d350 @A: 26 28 33 01 | 03
#0826-d350 @A: 01 33 12 07 | 10
#0827-d350 @A: 25 10 07 33 | 07
#0828-d350 @A: 09 16 21 32 | 12
#0829-d350 @A: 04 19 30 09 | 05
#0830-d350 @A: 09 05 12 11 | 08
#0831-d350 @A: 24 09 05 25 | 09
#0832-d350 @A: 01 20 13 09 | 01
#0833-d350 @A: 07 20 24 09 | 06
#0834-d350 @A: 09 10 29 15 | 11
#0835-d350 @A: 32 04 22 03 | 02
#0836-d350 @A: 20 04 32 16 | 04
#0837-d350 @A: 11 32 13 18 | 03
#0838-d350 @A: 32 18 20 13 | 10
#0839-d350 @A: 25 21 32 15 | 07
#0840-d350 @A: 32 25 16 28 | 12
#0841-d350 @A: 32 10 20 07 | 05
#0842-d350 @A: 24 20 32 03 | 08
#0843-d350 @A: 21 04 11 01 | 09
#0844-d350 @A: 20 01 02 04 | 01
#0845-d350 @A: 03 25 07 04 | 06
#0846-d350 @A: 05 30 18 31 | 11
#0847-d350 @A: 28 21 20 18 | 02
#0848-d350 @A: 31 18 29 28 | 04
#0849-d350 @A: 28 24 18 13 | 03
#0850-d350 @A: 22 05 07 30 | 10
#0851-d350 @A: 05 01 31 02 | 07
#0852-d350 @A: 29 16 11 21 | 12
#0853-d350 @A: 01 11 10 26 | 05
#0854-d350 @A: 15 28 11 02 | 08
#0855-d350 @A: 24 07 13 11 | 09
#0856-d350 @A: 13 11 29 10 | 01
#0857-d350 @A: 20 30 13 31 | 06
#0858-d350 @A: 31 30 02 12 | 11
#0859-d350 @A: 22 13 25 21 | 02
#0860-d350 @A: 01 03 10 21 | 04
#0861-d350 @A: 19 21 28 25 | 03
#0862-d350 @A: 16 31 21 10 | 10
#0863-d350 @A: 02 21 28 26 | 07
#0864-d350 @A: 19 28 22 26 | 12
#0865-d350 @A: 31 22 16 15 | 05
#0866-d350 @A: 15 22 13 29 | 08
#0867-d350 @A: 16 22 12 02 | 09
#0868-d350 @A: 06 28 27 10 | 01
#0869-d350 @A: 08 06 17 19 | 06
#0870-d350 @A: 06 13 08 21 | 11
#0871-d350 @A: 24 17 06 20 | 02
#0872-d350 @A: 33 06 35 02 | 04
#0873-d350 @A: 33 34 13 06 | 03
#0874-d350 @A: 04 20 34 06 | 10
#0875-d350 @A: 34 02 18 06 | 07
#0876-d350 @A: 25 32 33 06 | 12
#0877-d350 @A: 06 05 31 33 | 05
#0878-d350 @A: 33 06 21 22 | 08
#0879-d350 @A: 32 06 09 11 | 09
#0880-d350 @A: 05 16 06 09 | 01
#0881-d350 @A: 20 05 06 01 | 06
#0882-d350 @A: 19 07 06 26 | 11
#0883-d350 @A: 16 03 06 15 | 02
#0884-d350 @A: 25 21 27 08 | 04
#0885-d350 @A: 27 17 14 30 | 03
#0886-d350 @A: 35 34 10 27 | 10
#0887-d350 @A: 33 13 14 27 | 07
#0888-d350 @A: 33 24 30 27 | 12
#0889-d350 @A: 30 27 11 10 | 05
#0890-d350 @A: 03 27 22 30 | 08
#0891-d350 @A: 30 26 27 12 | 09
#0892-d350 @A: 27 03 24 12 | 01
#0893-d350 @A: 16 26 15 27 | 06
#0894-d350 @A: 17 08 12 23 | 11
#0895-d350 @A: 17 08 25 10 | 02
#0896-d350 @A: 23 08 20 14 | 04
#0897-d350 @A: 08 29 23 33 | 03
#0898-d350 @A: 13 23 30 08 | 10
#0899-d350 @A: 34 04 08 28 | 07
#0900-d350 @A: 08 09 33 13 | 12
#0901-d350 @A: 12 30 08 33 | 05
#0902-d350 @A: 30 02 09 08 | 08
#0903-d350 @A: 18 16 11 08 | 09
#0904-d350 @A: 28 05 08 30 | 01
#0905-d350 @A: 28 08 16 07 | 06
#0906-d350 @A: 03 25 24 08 | 11
#0907-d350 @A: 16 23 09 17 | 02
#0908-d350 @A: 11 13 34 17 | 04
#0909-d350 @A: 20 32 14 17 | 03
#0910-d350 @A: 09 22 31 17 | 10
#0911-d350 @A: 04 30 17 01 | 07
#0912-d350 @A: 18 17 22 01 | 12
#0913-d350 @A: 29 02 17 05 | 05
#0914-d350 @A: 03 17 11 24 | 08
#0915-d350 @A: 12 07 03 17 | 09
#0916-d350 @A: 07 17 02 26 | 01
#0917-d350 @A: 15 17 29 25 | 06
#0918-d350 @A: 20 26 17 29 | 11
#0919-d350 @A: 15 14 31 35 | 02
#0920-d350 @A: 26 14 35 02 | 04
#0921-d350 @A: 16 30 35 32 | 03
#0922-d350 @A: 31 35 22 32 | 10
#0923-d350 @A: 25 20 32 35 | 07
#0924-d350 @A: 03 18 35 05 | 12
#0925-d350 @A: 35 22 18 10 | 05
#0926-d350 @A: 21 05 35 01 | 08
#0927-d350 @A: 25 35 21 11 | 09
#0928-d350 @A: 15 01 29 35 | 01
#0929-d350 @A: 29 12 35 31 | 06
#0930-d350 @A: 34 19 14 23 | 11
#0931-d350 @A: 34 23 26 09 | 02
#0932-d350 @A: 23 13 18 14 | 04
#0933-d350 @A: 14 11 28 23 | 03
#0934-d350 @A: 16 14 23 30 | 10
#0935-d350 @A: 09 07 32 23 | 07
#0936-d350 @A: 32 23 26 11 | 12
#0937-d350 @A: 23 32 01 16 | 05
#0938-d350 @A: 19 23 12 32 | 08
#0939-d350 @A: 18 15 16 23 | 09
#0940-d350 @A: 30 23 03 05 | 01
#0941-d350 @A: 23 30 22 21 | 06
#0942-d350 @A: 02 10 23 30 | 11
#0943-d350 @A: 23 24 19 07 | 02
#0944-d350 @A: 23 03 02 16 | 04
#0945-d350 @A: 14 04 34 03 | 03
#0946-d350 @A: 26 33 34 07 | 10
#0947-d350 @A: 30 09 34 31 | 07
#0948-d350 @A: 30 13 34 04 | 12
#0949-d350 @A: 34 04 29 02 | 05
#0950-d350 @A: 28 05 34 15 | 08
#0951-d350 @A: 24 16 34 19 | 09
#0952-d350 @A: 19 26 34 02 | 01
#0953-d350 @A: 20 34 31 24 | 06
#0954-d350 @A: 28 10 34 20 | 11
#0955-d350 @A: 29 07 25 34 | 02
#0956-d350 @A: 01 20 14 33 | 04
#0957-d350 @A: 02 14 22 09 | 03
#0958-d350 @A: 32 21 26 14 | 10
#0959-d350 @A: 11 04 14 15 | 07
#0960-d350 @A: 18 25 30 14 | 12
#0961-d350 @A: 14 16 05 21 | 05
#0962-d350 @A: 01 11 14 22 | 08
#0963-d350 @A: 10 11 07 14 | 09
#0964-d350 @A: 05 21 12 33 | 01
#0965-d350 @A: 02 33 01 19 | 06
#0966-d350 @A: 13 33 15 03 | 11
#0967-d350 @A: 11 04 09 28 | 02
#0968-d350 @A: 11 18 03 09 | 04
#0969-d350 @A: 28 09 19 18 | 03
#0970-d350 @A: 31 09 12 21 | 10
#0971-d350 @A: 12 29 09 22 | 07
#0972-d350 @A: 19 04 18 32 | 12
#0973-d350 @A: 30 13 32 05 | 05
#0974-d350 @A: 32 21 07 05 | 08
#0975-d350 @A: 03 24 32 30 | 09
#0976-d350 @A: 01 19 25 32 | 01
#0977-d350 @A: 03 16 19 32 | 06
#0978-d350 @A: 13 32 12 03 | 11
#0979-d350 @A: 15 13 32 02 | 02
#0980-d350 @A: 32 02 26 20 | 04
#0981-d350 @A: 04 11 18 07 | 03
#0982-d350 @A: 04 05 15 20 | 10
#0983-d350 @A: 30 21 16 04 | 07
#0984-d350 @A: 25 22 04 15 | 12
#0985-d350 @A: 31 16 13 04 | 05
#0986-d350 @A: 10 12 29 04 | 08
#0987-d350 @A: 02 04 12 26 | 09
#0988-d350 @A: 18 05 24 22 | 01
#0989-d350 @A: 18 19 03 01 | 06
#0990-d350 @A: 19 18 29 15 | 11
#0991-d350 @A: 07 15 18 25 | 02
#0992-d350 @A: 02 28 13 05 | 04
#0993-d350 @A: 11 29 19 07 | 03
#0994-d350 @A: 24 11 10 28 | 10
#0995-d350 @A: 15 11 16 25 | 07
#0996-d350 @A: 30 19 07 03 | 12
#0997-d350 @A: 24 13 30 10 | 05
#0998-d350 @A: 30 25 13 15 | 08
#0999-d350 @A: 15 30 02 24 | 09
#1000-d350 @A: 21 12 07 22 | 01
#1001-d350 @A: 15 22 01 07 | 06
#1002-d350 @A: 07 31 13 22 | 11
#1003-d350 @A: 03 12 22 10 | 02
#1004-d350 @A: 26 15 22 12 | 04
#1005-d350 @A: 01 10 20 26 | 03
#1006-d350 @A: 20 16 12 01 | 10
#1007-d350 @A: 20 03 13 19 | 07
#1008-d350 @A: 24 28 20 29 | 12
#1009-d350 @A: 06 15 32 17 | 05
#1010-d350 @A: 15 35 22 06 | 08
#1011-d350 @A: 29 06 23 18 | 09
#1012-d350 @A: 06 25 14 21 | 01
#1013-d350 @A: 20 33 29 06 | 06
#1014-d350 @A: 07 06 13 04 | 11
#1015-d350 @A: 11 07 21 06 | 02
#1016-d350 @A: 01 16 26 06 | 04
#1017-d350 @A: 12 06 28 20 | 03
#1018-d350 @A: 06 07 15 02 | 10
#1019-d350 @A: 29 24 03 06 | 07
#1020-d350 @A: 26 06 12 25 | 12
#1021-d350 @A: 26 17 27 11 | 05
#1022-d350 @A: 20 27 10 17 | 08
#1023-d350 @A: 35 09 27 13 | 09
#1024-d350 @A: 27 34 09 01 | 01
#1025-d350 @A: 05 26 27 34 | 06
#1026-d350 @A: 27 22 14 10 | 11
#1027-d350 @A: 27 10 18 33 | 02
#1028-d350 @A: 27 11 33 29 | 04
#1029-d350 @A: 20 13 33 27 | 03
#1030-d350 @A: 32 27 05 02 | 10
#1031-d350 @A: 18 01 04 27 | 07
#1032-d350 @A: 21 04 27 22 | 12
#1033-d350 @A: 25 18 22 27 | 05
#1034-d350 @A: 21 24 05 27 | 08
#1035-d350 @A: 10 29 01 27 | 09
#1036-d350 @A: 15 13 27 01 | 01
#1037-d350 @A: 24 19 27 10 | 06
#1038-d350 @A: 27 29 02 31 | 11
#1039-d350 @A: 12 15 27 28 | 02
#1040-d350 @A: 25 15 24 27 | 04
#1041-d350 @A: 17 08 11 09 | 03
#1042-d350 @A: 02 13 17 08 | 10
#1043-d350 @A: 35 25 34 08 | 07
#1044-d350 @A: 23 08 34 31 | 12
#1045-d350 @A: 08 23 14 26 | 05
#1046-d350 @A: 30 34 01 08 | 08
#1047-d350 @A: 04 14 08 30 | 09
#1048-d350 @A: 07 33 08 21 | 01
#1049-d350 @A: 25 08 05 32 | 06
#1050-d350 @A: 32 08 07 19 | 11
#1051-d350 @A: 08 04 05 16 | 02
#1052-d350 @A: 01 05 29 08 | 04
#1053-d350 @A: 08 11 30 25 | 03
#1054-d350 @A: 26 22 08 11 | 10
#1055-d350 @A: 20 08 02 29 | 07
#1056-d350 @A: 24 23 32 17 | 12
#1057-d350 @A: 05 21 31 17 | 05
#1058-d350 @A: 19 24 17 31 | 08
#1059-d350 @A: 19 28 20 17 | 09
#1060-d350 @A: 03 31 17 29 | 01
#1061-d350 @A: 25 17 16 20 | 06
#1062-d350 @A: 04 20 23 35 | 11
#1063-d350 @A: 05 35 09 26 | 02
#1064-d350 @A: 32 21 35 10 | 04
#1065-d350 @A: 05 24 13 35 | 03
#1066-d350 @A: 11 24 35 19 | 10
#1067-d350 @A: 24 35 31 30 | 07
#1068-d350 @A: 29 20 19 35 | 12
#1069-d350 @A: 24 28 15 35 | 05
#1070-d350 @A: 26 35 12 16 | 08
#1071-d350 @A: 33 18 01 23 | 09
#1072-d350 @A: 12 21 23 04 | 01
#1073-d350 @A: 05 23 07 18 | 06
#1074-d350 @A: 23 11 15 21 | 11
#1075-d350 @A: 11 01 07 23 | 02
#1076-d350 @A: 23 19 26 31 | 04
#1077-d350 @A: 23 02 19 15 | 03
#1078-d350 @A: 20 31 23 02 | 10
#1079-d350 @A: 23 26 13 12 | 07
#1080-d350 @A: 34 05 25 14 | 12
#1081-d350 @A: 07 01 14 34 | 05
#1082-d350 @A: 34 16 18 21 | 08
#1083-d350 @A: 34 31 26 13 | 09
#1084-d350 @A: 03 26 34 20 | 01
#1085-d350 @A: 14 32 09 31 | 06
#1086-d350 @A: 10 09 04 14 | 11
#1087-d350 @A: 18 22 21 14 | 02
#1088-d350 @A: 22 14 16 29 | 04
#1089-d350 @A: 01 12 28 14 | 03
#1090-d350 @A: 12 31 14 07 | 10
#1091-d350 @A: 25 28 14 15 | 07
#1092-d350 @A: 03 14 10 25 | 12
#1093-d350 @A: 11 33 31 09 | 05
#1094-d350 @A: 21 28 09 33 | 08
#1095-d350 @A: 30 22 33 10 | 09
#1096-d350 @A: 25 03 31 33 | 01
#1097-d350 @A: 07 20 33 28 | 06
#1098-d350 @A: 16 33 13 07 | 11
#1099-d350 @A: 07 03 33 24 | 02
#1100-d350 @A: 10 13 02 33 | 04
#1101-d350 @A: 24 22 32 09 | 03
#1102-d350 @A: 01 09 32 03 | 10
#1103-d350 @A: 07 19 09 25 | 07
#1104-d350 @A: 09 31 24 13 | 12
#1105-d350 @A: 09 10 13 26 | 05
#1106-d350 @A: 03 16 29 09 | 08
#1107-d350 @A: 12 03 09 20 | 09
#1108-d350 @A: 01 32 10 02 | 01
#1109-d350 @A: 24 15 32 19 | 06
#1110-d350 @A: 32 07 25 12 | 11
#1111-d350 @A: 29 19 04 03 | 02
#1112-d350 @A: 28 16 04 02 | 04
#1113-d350 @A: 25 10 26 04 | 03
#1114-d350 @A: 04 29 24 13 | 10
#1115-d350 @A: 25 21 18 05 | 07
#1116-d350 @A: 20 18 22 30 | 12
#1117-d350 @A: 10 18 01 12 | 05
#1118-d350 @A: 03 18 28 16 | 08
#1119-d350 @A: 26 18 07 29 | 09
#1120-d350 @A: 18 15 26 20 | 01
#1121-d350 @A: 19 21 05 30 | 06
#1122-d350 @A: 19 05 28 03 | 11
#1123-d350 @A: 24 10 03 05 | 02
#1124-d350 @A: 02 24 16 05 | 04
#1125-d350 @A: 25 03 05 02 | 03
#1126-d350 @A: 11 01 20 03 | 10
#1127-d350 @A: 11 20 19 02 | 07
#1128-d350 @A: 11 20 12 07 | 12
#1129-d350 @A: 11 20 25 10 | 05
#1130-d350 @A: 15 11 12 24 | 08
#1131-d350 @A: 01 02 22 30 | 09
#1132-d350 @A: 30 15 03 31 | 01
#1133-d350 @A: 13 28 30 26 | 06
#1134-d350 @A: 02 16 26 30 | 11
#1135-d350 @A: 21 19 03 12 | 02
#1136-d350 @A: 03 21 13 24 | 04
#1137-d350 @A: 01 22 20 25 | 03
#1138-d350 @A: 22 24 31 03 | 10
#1139-d350 @A: 01 15 20 28 | 07
#1140-d350 @A: 20 12 02 13 | 12
#1141-d350 @A: 35 06 24 08 | 05
#1142-d350 @A: 06 04 31 08 | 08
#1143-d350 @A: 08 05 12 06 | 09
#1144-d350 @A: 06 22 03 08 | 01
#1145-d350 @A: 35 06 18 20 | 06
#1146-d350 @A: 35 10 06 29 | 11
#1147-d350 @A: 34 25 09 06 | 02
#1148-d350 @A: 05 21 06 15 | 04
#1149-d350 @A: 11 06 19 30 | 03
#1150-d350 @A: 06 16 13 30 | 10
#1151-d350 @A: 01 13 06 10 | 07
#1152-d350 @A: 06 12 31 19 | 12
#1153-d350 @A: 06 02 25 10 | 05
#1154-d350 @A: 08 29 09 27 | 08
#1155-d350 @A: 03 21 27 17 | 09
#1156-d350 @A: 17 29 27 24 | 01
#1157-d350 @A: 03 27 35 33 | 06
#1158-d350 @A: 18 35 27 02 | 11
#1159-d350 @A: 22 23 31 27 | 02
#1160-d350 @A: 27 34 11 16 | 04
#1161-d350 @A: 15 34 20 27 | 03
#1162-d350 @A: 24 04 27 14 | 10
#1163-d350 @A: 04 14 20 27 | 07
#1164-d350 @A: 05 16 27 33 | 12
#1165-d350 @A: 04 29 26 27 | 05
#1166-d350 @A: 16 04 27 03 | 08
#1167-d350 @A: 21 19 27 01 | 09
#1168-d350 @A: 27 24 02 01 | 01
#1169-d350 @A: 31 27 28 19 | 06
#1170-d350 @A: 13 24 27 26 | 11
#1171-d350 @A: 08 35 09 18 | 02
#1172-d350 @A: 22 08 28 35 | 04
#1173-d350 @A: 14 08 31 18 | 03
#1174-d350 @A: 08 10 14 21 | 10
#1175-d350 @A: 08 11 19 04 | 07
#1176-d350 @A: 08 22 15 05 | 12
#1177-d350 @A: 28 21 08 11 | 05
#1178-d350 @A: 11 08 07 15 | 08
#1179-d350 @A: 01 08 31 24 | 09
#1180-d350 @A: 28 24 19 08 | 01
#1181-d350 @A: 15 08 13 16 | 06
#1182-d350 @A: 08 12 15 25 | 11
#1183-d350 @A: 16 08 26 03 | 02
#1184-d350 @A: 10 17 23 35 | 04
#1185-d350 @A: 29 18 17 34 | 03
#1186-d350 @A: 17 22 25 14 | 10
#1187-d350 @A: 17 33 10 04 | 07
#1188-d350 @A: 26 13 33 17 | 12
#1189-d350 @A: 15 09 04 17 | 05
#1190-d350 @A: 03 05 17 32 | 08
#1191-d350 @A: 02 17 11 04 | 09
#1192-d350 @A: 04 21 13 17 | 01
#1193-d350 @A: 13 17 12 30 | 06
#1194-d350 @A: 17 19 25 26 | 11
#1195-d350 @A: 12 17 28 29 | 02
#1196-d350 @A: 14 32 35 25 | 04
#1197-d350 @A: 29 35 14 05 | 03
#1198-d350 @A: 35 30 28 09 | 10
#1199-d350 @A: 22 05 19 35 | 07
#1200-d350 @A: 25 10 05 35 | 12
#1201-d350 @A: 35 21 28 07 | 05
#1202-d350 @A: 21 20 35 29 | 08
#1203-d350 @A: 28 16 35 31 | 09
#1204-d350 @A: 35 31 07 26 | 01
#1205-d350 @A: 35 25 07 13 | 06
#1206-d350 @A: 24 16 35 03 | 11
#1207-d350 @A: 11 25 34 23 | 02
#1208-d350 @A: 33 23 26 25 | 04
#1209-d350 @A: 23 05 29 09 | 03
#1210-d350 @A: 30 24 23 09 | 10
#1211-d350 @A: 09 21 25 23 | 07
#1212-d350 @A: 32 05 31 23 | 12
#1213-d350 @A: 26 23 18 30 | 05
#1214-d350 @A: 23 05 11 24 | 08
#1215-d350 @A: 23 16 29 13 | 09
#1216-d350 @A: 26 23 02 29 | 01
#1217-d350 @A: 12 24 25 23 | 06
#1218-d350 @A: 14 10 18 34 | 11
#1219-d350 @A: 33 30 34 02 | 02
#1220-d350 @A: 24 34 05 04 | 04
#1221-d350 @A: 31 25 34 28 | 03
#1222-d350 @A: 29 34 16 20 | 10
#1223-d350 @A: 33 24 14 09 | 07
#1224-d350 @A: 26 22 33 14 | 12
#1225-d350 @A: 02 31 14 11 | 05
#1226-d350 @A: 29 14 19 01 | 08
#1227-d350 @A: 10 20 14 02 | 09
#1228-d350 @A: 20 15 33 32 | 01
#1229-d350 @A: 28 04 33 13 | 06
#1230-d350 @A: 15 33 11 18 | 11
#1231-d350 @A: 33 10 20 18 | 02
#1232-d350 @A: 18 33 16 02 | 04
#1233-d350 @A: 33 11 22 03 | 03
#1234-d350 @A: 01 10 33 15 | 10
#1235-d350 @A: 28 33 07 15 | 07
#1236-d350 @A: 02 33 28 12 | 12
#1237-d350 @A: 05 09 07 04 | 05
#1238-d350 @A: 01 04 09 22 | 08
#1239-d350 @A: 07 22 09 18 | 09
#1240-d350 @A: 10 22 05 09 | 01
#1241-d350 @A: 09 10 31 03 | 06
#1242-d350 @A: 24 15 09 16 | 11
#1243-d350 @A: 02 09 15 20 | 02
#1244-d350 @A: 04 25 32 30 | 04
#1245-d350 @A: 29 32 19 30 | 03
#1246-d350 @A: 10 18 04 30 | 10
#1247-d350 @A: 22 18 04 02 | 07
#1248-d350 @A: 11 04 24 30 | 12
#1249-d350 @A: 30 03 04 12 | 05
#1250-d350 @A: 04 01 16 25 | 08
#1251-d350 @A: 07 04 19 20 | 09
#1252-d350 @A: 24 04 31 26 | 01
#1253-d350 @A: 12 04 31 25 | 06
#1254-d350 @A: 25 29 20 04 | 11
#1255-d350 @A: 20 05 18 25 | 02
#1256-d350 @A: 11 19 18 20 | 04
#1257-d350 @A: 11 18 25 12 | 03
#1258-d350 @A: 31 02 15 18 | 10
#1259-d350 @A: 02 18 03 10 | 07
#1260-d350 @A: 03 18 15 24 | 12
#1261-d350 @A: 24 12 05 30 | 05
#1262-d350 @A: 01 16 05 10 | 08
#1263-d350 @A: 05 01 03 13 | 09
#1264-d350 @A: 05 26 28 07 | 01
#1265-d350 @A: 05 02 10 26 | 06
#1266-d350 @A: 01 29 11 02 | 11
#1267-d350 @A: 07 02 11 25 | 02
#1268-d350 @A: 03 11 07 16 | 04
#1269-d350 @A: 11 26 25 13 | 03
#1270-d350 @A: 02 28 30 07 | 10
#1271-d350 @A: 10 30 07 12 | 07
#1272-d350 @A: 21 12 01 26 | 12
#1273-d350 @A: 26 21 13 29 | 05
#1274-d350 @A: 02 24 21 29 | 08
#1275-d350 @A: 24 22 19 20 | 09
#1276-d350 @A: 28 02 20 22 | 01
#1277-d350 @A: 02 26 13 22 | 06
#1278-d350 @A: 15 19 16 20 | 11
#1279-d350 @A: 25 16 06 08 | 02
#1280-d350 @A: 05 06 01 17 | 04
#1281-d350 @A: 01 18 06 35 | 03
#1282-d350 @A: 05 28 06 35 | 10
#1283-d350 @A: 06 23 10 32 | 07
#1284-d350 @A: 23 06 31 15 | 12
#1285-d350 @A: 06 23 03 25 | 05
#1286-d350 @A: 04 34 15 06 | 08
#1287-d350 @A: 06 33 15 14 | 09
#1288-d350 @A: 12 03 06 33 | 01
#1289-d350 @A: 09 31 06 18 | 06
#1290-d350 @A: 29 06 26 32 | 11
#1291-d350 @A: 20 21 11 06 | 02
#1292-d350 @A: 22 06 11 25 | 04
#1293-d350 @A: 02 06 01 21 | 03
#1294-d350 @A: 24 13 25 06 | 10
#1295-d350 @A: 24 27 23 08 | 07
#1296-d350 @A: 14 08 28 27 | 12
#1297-d350 @A: 05 27 08 10 | 05
#1298-d350 @A: 13 08 27 11 | 08
#1299-d350 @A: 27 17 32 31 | 09
#1300-d350 @A: 21 28 27 34 | 01
#1301-d350 @A: 33 27 21 15 | 06
#1302-d350 @A: 27 09 16 25 | 11
#1303-d350 @A: 12 21 18 27 | 02
#1304-d350 @A: 27 16 20 11 | 04
#1305-d350 @A: 19 13 27 22 | 03
#1306-d350 @A: 26 10 27 31 | 10
#1307-d350 @A: 10 16 07 27 | 07
#1308-d350 @A: 29 27 13 12 | 12
#1309-d350 @A: 08 07 17 30 | 05
#1310-d350 @A: 23 19 05 08 | 08
#1311-d350 @A: 23 01 08 22 | 09
#1312-d350 @A: 08 34 21 15 | 01
#1313-d350 @A: 08 14 15 02 | 06
#1314-d350 @A: 08 33 04 25 | 11
#1315-d350 @A: 08 01 04 03 | 02
#1316-d350 @A: 15 08 10 18 | 04
#1317-d350 @A: 19 30 22 08 | 03
#1318-d350 @A: 21 26 08 31 | 10
#1319-d350 @A: 22 13 35 17 | 07
#1320-d350 @A: 23 17 13 05 | 12
#1321-d350 @A: 21 29 23 17 | 05
#1322-d350 @A: 34 09 17 10 | 08
#1323-d350 @A: 17 34 05 07 | 09
#1324-d350 @A: 03 22 17 34 | 01
#1325-d350 @A: 14 28 18 17 | 06
#1326-d350 @A: 09 01 17 33 | 11
#1327-d350 @A: 21 17 07 09 | 02
#1328-d350 @A: 25 03 09 17 | 04
#1329-d350 @A: 32 17 12 22 | 03
#1330-d350 @A: 17 01 16 19 | 10
#1331-d350 @A: 28 17 25 02 | 07
#1332-d350 @A: 16 17 24 10 | 12
#1333-d350 @A: 35 11 23 04 | 05
#1334-d350 @A: 34 35 30 12 | 08
#1335-d350 @A: 13 34 20 35 | 09
#1336-d350 @A: 35 14 28 20 | 01
#1337-d350 @A: 33 32 35 13 | 06
#1338-d350 @A: 35 15 09 32 | 11
#1339-d350 @A: 16 18 13 35 | 02
#1340-d350 @A: 35 11 22 02 | 04
#1341-d350 @A: 12 01 24 35 | 03
#1342-d350 @A: 35 25 15 03 | 10
#1343-d350 @A: 34 23 04 32 | 07
#1344-d350 @A: 23 21 01 14 | 12
#1345-d350 @A: 13 04 23 09 | 05
#1346-d350 @A: 28 09 23 01 | 08
#1347-d350 @A: 29 30 11 23 | 09
#1348-d350 @A: 13 23 21 10 | 01
#1349-d350 @A: 20 23 24 01 | 06
#1350-d350 @A: 16 31 25 23 | 11
#1351-d350 @A: 25 13 20 23 | 02
#1352-d350 @A: 12 20 15 23 | 04
#1353-d350 @A: 22 19 04 34 | 03
#1354-d350 @A: 31 34 04 01 | 10
#1355-d350 @A: 19 34 18 11 | 07
#1356-d350 @A: 30 34 18 03 | 12
#1357-d350 @A: 02 34 05 20 | 05
#1358-d350 @A: 21 11 34 12 | 08
#1359-d350 @A: 09 29 14 11 | 09
#1360-d350 @A: 14 18 03 29 | 01
#1361-d350 @A: 21 30 28 14 | 06
#1362-d350 @A: 30 14 15 22 | 11
#1363-d350 @A: 14 20 31 12 | 02
#1364-d350 @A: 12 14 10 15 | 04
#1365-d350 @A: 13 29 25 14 | 03
#1366-d350 @A: 25 12 14 02 | 10
#1367-d350 @A: 26 09 18 33 | 07
#1368-d350 @A: 28 33 32 03 | 12
#1369-d350 @A: 03 33 04 18 | 05
#1370-d350 @A: 11 33 12 04 | 08
#1371-d350 @A: 31 22 18 33 | 09
#1372-d350 @A: 22 12 20 33 | 01
#1373-d350 @A: 33 02 25 24 | 06
#1374-d350 @A: 02 05 09 19 | 11
#1375-d350 @A: 13 09 11 02 | 02
#1376-d350 @A: 09 03 30 13 | 04
#1377-d350 @A: 10 09 07 02 | 03
#1378-d350 @A: 09 13 15 07 | 10
#1379-d350 @A: 24 01 13 32 | 07
#1380-d350 @A: 07 32 15 03 | 12
#1381-d350 @A: 04 12 22 05 | 05
#1382-d350 @A: 20 04 13 22 | 08
#1383-d350 @A: 26 19 16 04 | 09
#1384-d350 @A: 29 25 04 28 | 01
#1385-d350 @A: 12 24 16 04 | 06
#1386-d350 @A: 21 11 22 05 | 11
#1387-d350 @A: 19 26 05 13 | 02
#1388-d350 @A: 15 31 24 05 | 04
#1389-d350 @A: 03 05 15 12 | 03
#1390-d350 @A: 01 11 15 03 | 10
#1391-d350 @A: 29 15 11 31 | 07
#1392-d350 @A: 19 30 13 02 | 12
#1393-d350 @A: 30 31 28 10 | 05
#1394-d350 @A: 02 07 30 20 | 08
#1395-d350 @A: 21 01 29 25 | 09
#1396-d350 @A: 21 01 16 15 | 01
#1397-d350 @A: 02 16 19 21 | 06
#1398-d350 @A: 29 07 21 15 | 11
#1399-d350 @A: 31 22 29 25 | 02
#1400-d350 @A: 07 22 25 24 | 04
#1401-d350 @A: 22 03 15 02 | 03
#1402-d350 @A: 26 25 19 20 | 10
#1403-d350 @A: 07 20 29 13 | 07
#1404-d350 @A: 27 24 06 09 | 12
#1405-d350 @A: 08 32 06 18 | 05
#1406-d350 @A: 08 11 06 01 | 08
#1407-d350 @A: 06 02 09 17 | 09
#1408-d350 @A: 13 35 23 06 | 01
#1409-d350 @A: 11 34 06 35 | 06
#1410-d350 @A: 35 03 06 09 | 11
#1411-d350 @A: 21 24 06 23 | 02
#1412-d350 @A: 06 34 07 16 | 04
#1413-d350 @A: 04 02 14 06 | 03
#1414-d350 @A: 14 07 20 06 | 10
#1415-d350 @A: 20 22 06 32 | 07
#1416-d350 @A: 06 21 04 19 | 12
#1417-d350 @A: 10 16 04 06 | 05
#1418-d350 @A: 13 06 05 18 | 08
#1419-d350 @A: 06 18 11 24 | 09
#1420-d350 @A: 18 30 28 06 | 01
#1421-d350 @A: 10 06 12 11 | 06
#1422-d350 @A: 22 31 06 30 | 11
#1423-d350 @A: 07 29 23 27 | 02
#1424-d350 @A: 23 27 12 16 | 04
#1425-d350 @A: 34 14 15 27 | 03
#1426-d350 @A: 34 27 30 32 | 10
#1427-d350 @A: 27 07 33 09 | 07
#1428-d350 @A: 27 25 33 12 | 12
#1429-d350 @A: 12 27 01 31 | 05
#1430-d350 @A: 34 26 08 17 | 08
#1431-d350 @A: 29 17 08 14 | 09
#1432-d350 @A: 08 25 23 07 | 01
#1433-d350 @A: 34 18 12 08 | 06
#1434-d350 @A: 08 34 13 05 | 11
#1435-d350 @A: 20 19 34 08 | 02
#1436-d350 @A: 08 09 12 14 | 04
#1437-d350 @A: 25 19 08 14 | 03
#1438-d350 @A: 33 20 11 08 | 10
#1439-d350 @A: 26 09 08 04 | 07
#1440-d350 @A: 12 32 11 08 | 12
#1441-d350 @A: 25 08 18 01 | 05
#1442-d350 @A: 05 24 08 07 | 08
#1443-d350 @A: 08 30 24 16 | 09
#1444-d350 @A: 08 03 30 20 | 01
#1445-d350 @A: 02 08 10 28 | 06
#1446-d350 @A: 03 29 28 08 | 11
#1447-d350 @A: 10 08 16 12 | 02
#1448-d350 @A: 24 17 21 35 | 04
#1449-d350 @A: 22 29 17 33 | 03
#1450-d350 @A: 17 28 05 09 | 10
#1451-d350 @A: 04 17 25 05 | 07
#1452-d350 @A: 22 26 04 17 | 12
#1453-d350 @A: 17 18 13 15 | 05
#1454-d350 @A: 17 16 21 28 | 08
#1455-d350 @A: 20 17 21 02 | 09
#1456-d350 @A: 17 07 25 01 | 01
#1457-d350 @A: 17 01 29 13 | 06
#1458-d350 @A: 31 02 10 17 | 11
#1459-d350 @A: 17 10 03 15 | 02
#1460-d350 @A: 16 03 17 13 | 04
#1461-d350 @A: 12 35 23 18 | 03
#1462-d350 @A: 33 34 05 35 | 10
#1463-d350 @A: 16 15 34 35 | 07
#1464-d350 @A: 28 35 33 14 | 12
#1465-d350 @A: 18 11 35 14 | 05
#1466-d350 @A: 35 14 21 03 | 08
#1467-d350 @A: 11 10 35 15 | 09
#1468-d350 @A: 29 22 35 30 | 01
#1469-d350 @A: 03 22 07 35 | 06
#1470-d350 @A: 01 35 07 02 | 11
#1471-d350 @A: 15 07 19 35 | 02
#1472-d350 @A: 10 35 03 13 | 04
#1473-d350 @A: 23 22 34 16 | 03
#1474-d350 @A: 33 23 14 31 | 10
#1475-d350 @A: 32 23 13 22 | 07
#1476-d350 @A: 23 03 04 31 | 12
#1477-d350 @A: 11 22 23 12 | 05
#1478-d350 @A: 10 22 23 20 | 08
#1479-d350 @A: 15 23 10 25 | 09
#1480-d350 @A: 24 23 13 02 | 01
#1481-d350 @A: 34 01 33 11 | 06
#1482-d350 @A: 32 05 34 19 | 11
#1483-d350 @A: 26 34 18 04 | 02
#1484-d350 @A: 11 28 34 30 | 04
#1485-d350 @A: 34 10 31 15 | 03
#1486-d350 @A: 03 34 24 28 | 10
#1487-d350 @A: 33 10 14 32 | 07
#1488-d350 @A: 14 32 01 30 | 12
#1489-d350 @A: 18 16 14 04 | 05
#1490-d350 @A: 14 13 22 04 | 08
#1491-d350 @A: 13 30 31 14 | 09
#1492-d350 @A: 31 24 10 14 | 01
#1493-d350 @A: 13 10 16 14 | 06
#1494-d350 @A: 14 12 26 24 | 11
#1495-d350 @A: 25 24 16 14 | 02
#1496-d350 @A: 03 12 16 14 | 04
#1497-d350 @A: 19 09 33 22 | 03
#1498-d350 @A: 33 32 15 04 | 10
#1499-d350 @A: 32 33 31 07 | 07
#1500-d350 @A: 04 07 33 22 | 12
#1501-d350 @A: 18 07 33 30 | 05
#1502-d350 @A: 21 33 18 13 | 08
#1503-d350 @A: 33 01 30 21 | 09
#1504-d350 @A: 30 19 33 28 | 01
#1505-d350 @A: 10 24 33 21 | 06
#1506-d350 @A: 33 19 12 10 | 11
#1507-d350 @A: 33 16 29 25 | 02
#1508-d350 @A: 33 16 12 15 | 04
#1509-d350 @A: 09 20 11 04 | 03
#1510-d350 @A: 09 18 16 10 | 10
#1511-d350 @A: 09 01 15 05 | 07
#1512-d350 @A: 11 09 22 15 | 12
#1513-d350 @A: 09 13 01 16 | 05
#1514-d350 @A: 12 09 28 16 | 08
#1515-d350 @A: 01 18 32 21 | 09
#1516-d350 @A: 32 18 24 12 | 01
#1517-d350 @A: 30 32 07 11 | 06
#1518-d350 @A: 02 31 24 32 | 11
#1519-d350 @A: 05 04 11 29 | 02
#1520-d350 @A: 28 04 30 22 | 04
#1521-d350 @A: 04 24 15 21 | 03
#1522-d350 @A: 04 07 28 24 | 10
#1523-d350 @A: 10 18 28 05 | 07
#1524-d350 @A: 01 18 29 24 | 12
#1525-d350 @A: 18 31 26 16 | 05
#1526-d350 @A: 12 18 28 07 | 08
#1527-d350 @A: 29 05 15 30 | 09
#1528-d350 @A: 26 05 22 31 | 01
#1529-d350 @A: 05 07 19 01 | 06
#1530-d350 @A: 28 05 29 16 | 11
#1531-d350 @A: 05 29 03 07 | 02
#1532-d350 @A: 12 26 05 29 | 04
#1533-d350 @A: 11 26 03 31 | 03
#1534-d350 @A: 30 28 01 03 | 10
#1535-d350 @A: 12 30 16 19 | 07
#1536-d350 @A: 19 21 31 29 | 12
#1537-d350 @A: 02 21 03 31 | 05
#1538-d350 @A: 28 15 21 03 | 08
#1539-d350 @A: 21 26 07 20 | 09
#1540-d350 @A: 13 20 24 21 | 01
#1541-d350 @A: 19 22 07 16 | 06
#1542-d350 @A: 13 17 06 27 | 11
#1543-d350 @A: 27 06 16 21 | 02
#1544-d350 @A: 25 06 31 27 | 04
#1545-d350 @A: 08 28 06 23 | 03
#1546-d350 @A: 08 26 33 06 | 10
#1547-d350 @A: 26 18 06 17 | 07
#1548-d350 @A: 12 23 14 06 | 12
#1549-d350 @A: 23 11 16 06 | 05
#1550-d350 @A: 10 34 05 06 | 08
#1551-d350 @A: 14 30 06 24 | 09
#1552-d350 @A: 14 10 06 26 | 01
#1553-d350 @A: 33 10 06 09 | 06
#1554-d350 @A: 30 33 04 06 | 11
#1555-d350 @A: 32 22 07 06 | 02
#1556-d350 @A: 12 01 06 29 | 04
#1557-d350 @A: 01 15 06 25 | 03
#1558-d350 @A: 19 25 06 29 | 10
#1559-d350 @A: 20 31 06 03 | 07
#1560-d350 @A: 03 13 06 26 | 12
#1561-d350 @A: 02 25 06 20 | 05
#1562-d350 @A: 33 27 31 08 | 08
#1563-d350 @A: 27 12 08 04 | 09
#1564-d350 @A: 27 30 08 15 | 01
#1565-d350 @A: 17 19 09 27 | 06
#1566-d350 @A: 27 12 17 10 | 11
#1567-d350 @A: 22 35 27 24 | 02
#1568-d350 @A: 23 13 27 34 | 04
#1569-d350 @A: 23 25 32 27 | 03
#1570-d350 @A: 04 10 27 23 | 10
#1571-d350 @A: 27 02 34 12 | 07
#1572-d350 @A: 04 02 30 27 | 12
#1573-d350 @A: 31 30 16 27 | 05
#1574-d350 @A: 01 16 28 27 | 08
#1575-d350 @A: 27 03 01 25 | 09
#1576-d350 @A: 19 02 25 27 | 01
#1577-d350 @A: 35 23 08 03 | 06
#1578-d350 @A: 32 08 35 02 | 11
#1579-d350 @A: 19 33 34 08 | 02
#1580-d350 @A: 08 33 28 18 | 04
#1581-d350 @A: 08 28 09 32 | 03
#1582-d350 @A: 09 01 21 08 | 10
#1583-d350 @A: 22 25 08 09 | 07
#1584-d350 @A: 08 32 22 29 | 12
#1585-d350 @A: 08 32 01 20 | 05
#1586-d350 @A: 03 11 08 10 | 08
#1587-d350 @A: 31 12 22 08 | 09
#1588-d350 @A: 16 08 29 31 | 01
#1589-d350 @A: 29 24 10 08 | 06
#1590-d350 @A: 26 29 25 08 | 11
#1591-d350 @A: 35 01 32 17 | 02
#1592-d350 @A: 11 17 23 31 | 04
#1593-d350 @A: 20 23 17 07 | 03
#1594-d350 @A: 32 17 34 02 | 10
#1595-d350 @A: 31 17 33 30 | 07
#1596-d350 @A: 17 30 09 29 | 12
#1597-d350 @A: 04 17 29 32 | 05
#1598-d350 @A: 16 22 17 05 | 08
#1599-d350 @A: 01 17 28 24 | 09
#1600-d350 @A: 02 17 15 16 | 01
#1601-d350 @A: 29 33 09 35 | 06
#1602-d350 @A: 05 09 35 20 | 11
#1603-d350 @A: 09 01 10 35 | 02
#1604-d350 @A: 04 24 35 32 | 04
#1605-d350 @A: 05 32 12 35 | 03
#1606-d350 @A: 04 30 05 35 | 10
#1607-d350 @A: 35 31 13 02 | 07
#1608-d350 @A: 23 04 14 25 | 12
#1609-d350 @A: 14 10 05 23 | 05
#1610-d350 @A: 33 12 23 09 | 08
#1611-d350 @A: 03 21 33 23 | 09
#1612-d350 @A: 09 22 23 03 | 01
#1613-d350 @A: 28 26 04 23 | 06
#1614-d350 @A: 19 11 23 03 | 11
#1615-d350 @A: 23 07 30 31 | 02
#1616-d350 @A: 19 01 10 23 | 04
#1617-d350 @A: 01 23 15 24 | 03
#1618-d350 @A: 07 23 10 28 | 10
#1619-d350 @A: 15 23 28 13 | 07
#1620-d350 @A: 29 14 30 34 | 12
#1621-d350 @A: 14 21 34 24 | 05
#1622-d350 @A: 33 16 34 03 | 08
#1623-d350 @A: 16 31 32 34 | 09
#1624-d350 @A: 20 32 07 34 | 01
#1625-d350 @A: 31 34 05 11 | 06
#1626-d350 @A: 01 13 02 34 | 11
#1627-d350 @A: 16 34 29 10 | 02
#1628-d350 @A: 33 01 14 05 | 04
#1629-d350 @A: 02 21 14 33 | 03
#1630-d350 @A: 07 33 14 19 | 10
#1631-d350 @A: 09 30 07 14 | 07
#1632-d350 @A: 32 14 11 24 | 12
#1633-d350 @A: 05 30 02 14 | 05
#1634-d350 @A: 22 03 05 14 | 08
#1635-d350 @A: 14 20 26 05 | 09
#1636-d350 @A: 12 14 29 21 | 01
#1637-d350 @A: 14 20 26 22 | 06
#1638-d350 @A: 02 16 14 01 | 11
#1639-d350 @A: 29 15 14 24 | 02
#1640-d350 @A: 03 02 33 09 | 04
#1641-d350 @A: 33 19 26 29 | 03
#1642-d350 @A: 19 25 33 15 | 10
#1643-d350 @A: 18 09 04 24 | 07
#1644-d350 @A: 09 24 21 11 | 12
#1645-d350 @A: 30 29 09 20 | 05
#1646-d350 @A: 09 15 02 26 | 08
#1647-d350 @A: 32 21 04 31 | 09
#1648-d350 @A: 15 18 32 30 | 01
#1649-d350 @A: 32 22 28 18 | 06
#1650-d350 @A: 01 32 05 22 | 11
#1651-d350 @A: 32 10 22 11 | 02
#1652-d350 @A: 32 30 12 21 | 04
#1653-d350 @A: 07 28 32 01 | 03
#1654-d350 @A: 32 19 28 02 | 10
#1655-d350 @A: 26 32 31 25 | 07
#1656-d350 @A: 32 10 12 28 | 12
#1657-d350 @A: 15 16 10 32 | 05
#1658-d350 @A: 32 13 16 26 | 08
#1659-d350 @A: 29 25 03 32 | 09
#1660-d350 @A: 01 05 04 28 | 01
#1661-d350 @A: 22 11 04 31 | 06
#1662-d350 @A: 19 04 07 31 | 11
#1663-d350 @A: 15 04 12 07 | 02
#1664-d350 @A: 13 04 25 02 | 04
#1665-d350 @A: 18 21 24 30 | 03
#1666-d350 @A: 25 16 19 18 | 10
#1667-d350 @A: 31 20 18 24 | 07
#1668-d350 @A: 18 10 13 07 | 12
#1669-d350 @A: 13 03 18 25 | 05
#1670-d350 @A: 25 02 18 26 | 08
#1671-d350 @A: 19 24 05 29 | 09
#1672-d350 @A: 15 19 05 16 | 01
#1673-d350 @A: 10 07 05 15 | 06
#1674-d350 @A: 25 05 16 13 | 11
#1675-d350 @A: 21 31 30 11 | 02
#1676-d350 @A: 28 19 01 11 | 04
#1677-d350 @A: 13 11 16 19 | 03
#1678-d350 @A: 28 11 07 31 | 10
#1679-d350 @A: 02 16 10 11 | 07
#1680-d350 @A: 02 24 26 11 | 12
#1681-d350 @A: 15 28 16 30 | 05
#1682-d350 @A: 13 01 28 21 | 08
#1683-d350 @A: 29 28 21 10 | 09
#1684-d350 @A: 03 01 22 16 | 01
#1685-d350 @A: 12 22 24 19 | 06
#1686-d350 @A: 13 28 22 03 | 11
#1687-d350 @A: 24 22 02 28 | 02
#1688-d350 @A: 24 22 16 13 | 04
#1689-d350 @A: 26 22 29 24 | 03
