#0001-d156 @A: 29 13 30 10 | 02
#0002-d156 @A: 29 35 13 08 | 03
#0003-d156 @A: 22 13 29 33 | 06
#0004-d156 @A: 01 29 12 13 | 04
#0005-d156 @A: 29 32 13 05 | 07
#0006-d156 @A: 29 14 13 19 | 08
#0007-d156 @A: 29 13 07 23 | 01
#0008-d156 @A: 34 29 18 13 | 12
#0009-d156 @A: 02 24 13 29 | 05
#0010-d156 @A: 31 03 29 13 | 10
#0011-d156 @A: 29 21 13 27 | 09
#0012-d156 @A: 06 25 29 13 | 11
#0013-d156 @A: 13 20 29 17 | 02
#0014-d156 @A: 13 26 29 04 | 03
#0015-d156 @A: 32 29 28 13 | 06
#0016-d156 @A: 13 29 11 09 | 04
#0017-d156 @A: 29 16 13 15 | 07
#0018-d156 @A: 29 32 08 10 | 08
#0019-d156 @A: 33 10 23 29 | 01
#0020-d156 @A: 12 15 10 29 | 12
#0021-d156 @A: 29 14 05 10 | 05
#0022-d156 @A: 01 22 10 29 | 10
#0023-d156 @A: 29 10 07 31 | 09
#0024-d156 @A: 02 18 10 29 | 11
#0025-d156 @A: 34 29 11 10 | 02
#0026-d156 @A: 10 04 29 03 | 03
#0027-d156 @A: 21 10 25 29 | 06
#0028-d156 @A: 10 16 29 06 | 04
#0029-d156 @A: 35 29 17 10 | 07
#0030-d156 @A: 24 10 29 26 | 08
#0031-d156 @A: 19 29 27 10 | 01
#0032-d156 @A: 29 10 09 20 | 12
#0033-d156 @A: 28 29 20 10 | 05
#0034-d156 @A: 08 09 29 33 | 10
#0035-d156 @A: 08 31 12 29 | 09
#0036-d156 @A: 29 05 08 23 | 11
#0037-d156 @A: 14 29 08 11 | 02
#0038-d156 @A: 01 20 29 08 | 03
#0039-d156 @A: 07 30 08 29 | 06
#0040-d156 @A: 08 27 18 29 | 04
#0041-d156 @A: 08 29 34 15 | 07
#0042-d156 @A: 22 02 08 29 | 08
#0043-d156 @A: 29 08 03 25 | 01
#0044-d156 @A: 29 08 21 19 | 12
#0045-d156 @A: 29 08 24 06 | 05
#0046-d156 @A: 29 04 17 08 | 10
#0047-d156 @A: 26 16 08 29 | 09
#0048-d156 @A: 29 23 28 08 | 11
#0049-d156 @A: 35 12 33 29 | 02
#0050-d156 @A: 21 33 29 05 | 03
#0051-d156 @A: 14 20 29 33 | 06
#0052-d156 @A: 01 29 30 33 | 04
#0053-d156 @A: 29 33 07 24 | 07
#0054-d156 @A: 32 18 33 29 | 08
#0055-d156 @A: 04 34 29 33 | 01
#0056-d156 @A: 02 29 33 25 | 12
#0057-d156 @A: 28 02 33 29 | 05
#0058-d156 @A: 29 03 15 33 | 10
#0059-d156 @A: 06 31 33 29 | 09
#0060-d156 @A: 11 33 29 17 | 11
#0061-d156 @A: 26 33 29 27 | 02
#0062-d156 @A: 19 16 29 33 | 03
#0063-d156 @A: 06 12 29 05 | 06
#0064-d156 @A: 12 04 29 14 | 04
#0065-d156 @A: 29 12 07 32 | 07
#0066-d156 @A: 12 29 18 16 | 08
#0067-d156 @A: 34 12 29 25 | 01
#0068-d156 @A: 29 12 02 19 | 12
#0069-d156 @A: 12 03 22 29 | 05
#0070-d156 @A: 12 21 29 20 | 10
#0071-d156 @A: 12 17 23 29 | 09
#0072-d156 @A: 30 26 29 12 | 11
#0073-d156 @A: 29 11 27 12 | 02
#0074-d156 @A: 12 29 09 24 | 03
#0075-d156 @A: 22 29 12 28 | 06
#0076-d156 @A: 35 29 01 05 | 04
#0077-d156 @A: 09 05 29 07 | 07
#0078-d156 @A: 29 18 05 25 | 08
#0079-d156 @A: 29 34 05 27 | 01
#0080-d156 @A: 29 28 34 05 | 12
#0081-d156 @A: 02 30 29 05 | 05
#0082-d156 @A: 16 29 05 03 | 10
#0083-d156 @A: 17 05 29 24 | 09
#0084-d156 @A: 26 29 05 22 | 11
#0085-d156 @A: 29 11 19 05 | 02
#0086-d156 @A: 05 29 15 04 | 03
#0087-d156 @A: 05 29 31 20 | 06
#0088-d156 @A: 29 14 01 27 | 04
#0089-d156 @A: 07 25 14 29 | 07
#0090-d156 @A: 35 14 18 29 | 08
#0091-d156 @A: 30 29 14 34 | 01
#0092-d156 @A: 02 29 14 31 | 12
#0093-d156 @A: 14 03 29 32 | 05
#0094-d156 @A: 14 21 29 24 | 10
#0095-d156 @A: 14 06 23 29 | 09
#0096-d156 @A: 17 14 29 09 | 11
#0097-d156 @A: 14 26 29 15 | 02
#0098-d156 @A: 31 28 29 14 | 03
#0099-d156 @A: 22 16 29 14 | 06
#0100-d156 @A: 29 07 16 01 | 04
#0101-d156 @A: 18 09 01 29 | 07
#0102-d156 @A: 34 29 01 06 | 08
#0103-d156 @A: 29 02 01 32 | 01
#0104-d156 @A: 03 01 11 29 | 12
#0105-d156 @A: 21 29 01 15 | 05
#0106-d156 @A: 01 26 29 17 | 10
#0107-d156 @A: 23 01 25 29 | 09
#0108-d156 @A: 29 19 31 01 | 11
#0109-d156 @A: 29 01 19 28 | 02
#0110-d156 @A: 04 01 24 29 | 03
#0111-d156 @A: 18 07 21 29 | 06
#0112-d156 @A: 19 29 07 34 | 04
#0113-d156 @A: 02 11 29 07 | 07
#0114-d156 @A: 03 07 29 20 | 08
#0115-d156 @A: 07 04 06 29 | 01
#0116-d156 @A: 17 22 07 29 | 12
#0117-d156 @A: 35 29 07 26 | 05
#0118-d156 @A: 27 15 07 29 | 10
#0119-d156 @A: 29 15 28 07 | 09
#0120-d156 @A: 29 03 23 18 | 11
#0121-d156 @A: 18 30 29 06 | 02
#0122-d156 @A: 17 15 18 29 | 03
#0123-d156 @A: 31 26 29 18 | 06
#0124-d156 @A: 28 26 29 18 | 04
#0125-d156 @A: 11 29 24 18 | 07
#0126-d156 @A: 22 29 18 19 | 08
#0127-d156 @A: 29 18 20 04 | 01
#0128-d156 @A: 09 02 34 29 | 12
#0129-d156 @A: 03 24 34 29 | 05
#0130-d156 @A: 29 21 22 34 | 10
#0131-d156 @A: 29 34 17 32 | 09
#0132-d156 @A: 23 34 26 29 | 11
#0133-d156 @A: 34 35 31 29 | 02
#0134-d156 @A: 20 29 16 34 | 03
#0135-d156 @A: 03 29 35 02 | 06
#0136-d156 @A: 02 23 29 21 | 04
#0137-d156 @A: 29 06 15 02 | 07
#0138-d156 @A: 29 17 02 16 | 08
#0139-d156 @A: 29 26 02 20 | 01
#0140-d156 @A: 27 04 29 02 | 12
#0141-d156 @A: 29 03 21 30 | 05
#0142-d156 @A: 06 09 29 03 | 10
#0143-d156 @A: 17 29 03 27 | 09
#0144-d156 @A: 19 26 29 03 | 11
#0145-d156 @A: 03 25 29 28 | 02
#0146-d156 @A: 32 06 21 29 | 03
#0147-d156 @A: 29 17 31 21 | 06
#0148-d156 @A: 17 21 28 29 | 04
#0149-d156 @A: 26 21 29 09 | 07
#0150-d156 @A: 11 29 35 21 | 08
#0151-d156 @A: 29 04 16 21 | 01
#0152-d156 @A: 19 17 06 29 | 12
#0153-d156 @A: 11 29 26 06 | 05
#0154-d156 @A: 20 29 06 35 | 10
#0155-d156 @A: 27 22 29 06 | 09
#0156-d156 @A: 27 28 29 06 | 11
#0157-d156 @A: 30 25 29 17 | 02
#0158-d156 @A: 25 26 32 29 | 03
#0159-d156 @A: 15 25 29 11 | 06
#0160-d156 @A: 31 25 29 24 | 04
#0161-d156 @A: 16 25 29 35 | 07
#0162-d156 @A: 25 19 29 04 | 08
#0163-d156 @A: 25 27 09 29 | 01
#0164-d156 @A: 25 20 22 29 | 12
#0165-d156 @A: 29 11 32 04 | 05
#0166-d156 @A: 32 15 29 20 | 10
#0167-d156 @A: 29 22 32 31 | 09
#0168-d156 @A: 29 24 32 16 | 11
#0169-d156 @A: 32 29 27 35 | 02
#0170-d156 @A: 19 09 32 29 | 03
#0171-d156 @A: 29 23 30 32 | 06
#0172-d156 @A: 29 11 31 16 | 04
#0173-d156 @A: 11 29 20 23 | 07
#0174-d156 @A: 29 24 28 11 | 08
#0175-d156 @A: 30 11 29 22 | 01
#0176-d156 @A: 15 31 09 29 | 12
#0177-d156 @A: 19 35 15 29 | 05
#0178-d156 @A: 22 15 29 23 | 10
#0179-d156 @A: 29 04 28 15 | 09
#0180-d156 @A: 29 15 30 24 | 11
#0181-d156 @A: 29 23 31 04 | 02
#0182-d156 @A: 27 31 29 30 | 03
#0183-d156 @A: 29 28 35 16 | 06
#0184-d156 @A: 29 27 16 23 | 04
#0185-d156 @A: 16 29 09 30 | 07
#0186-d156 @A: 09 23 29 35 | 08
#0187-d156 @A: 35 04 30 29 | 01
#0188-d156 @A: 29 35 22 24 | 12
#0189-d156 @A: 24 19 29 23 | 05
#0190-d156 @A: 29 20 30 19 | 10
#0191-d156 @A: 09 29 04 22 | 09
#0192-d156 @A: 30 09 29 28 | 11
#0193-d156 @A: 29 20 24 27 | 02
#0194-d156 @A: 10 08 25 13 | 03
#0195-d156 @A: 10 33 13 32 | 06
#0196-d156 @A: 12 13 10 23 | 04
#0197-d156 @A: 24 10 05 13 | 07
#0198-d156 @A: 13 14 15 10 | 08
#0199-d156 @A: 11 10 13 01 | 01
#0200-d156 @A: 13 19 10 07 | 12
#0201-d156 @A: 22 13 10 18 | 05
#0202-d156 @A: 34 04 10 13 | 10
#0203-d156 @A: 02 13 10 31 | 09
#0204-d156 @A: 03 13 16 10 | 11
#0205-d156 @A: 35 13 21 10 | 02
#0206-d156 @A: 13 06 10 27 | 03
#0207-d156 @A: 09 10 13 17 | 06
#0208-d156 @A: 10 13 26 20 | 04
#0209-d156 @A: 13 04 10 28 | 07
#0210-d156 @A: 08 13 20 33 | 08
#0211-d156 @A: 13 08 12 02 | 01
#0212-d156 @A: 09 05 08 13 | 12
#0213-d156 @A: 06 08 14 13 | 05
#0214-d156 @A: 13 15 08 01 | 10
#0215-d156 @A: 07 13 08 32 | 09
#0216-d156 @A: 18 08 11 13 | 11
#0217-d156 @A: 31 13 34 08 | 02
#0218-d156 @A: 08 27 13 03 | 03
#0219-d156 @A: 21 22 08 13 | 06
#0220-d156 @A: 13 17 08 24 | 04
#0221-d156 @A: 08 13 30 26 | 07
#0222-d156 @A: 04 13 08 16 | 08
#0223-d156 @A: 13 08 28 16 | 01
#0224-d156 @A: 08 19 13 23 | 12
#0225-d156 @A: 13 33 27 12 | 05
#0226-d156 @A: 16 33 05 13 | 10
#0227-d156 @A: 33 14 13 25 | 09
#0228-d156 @A: 13 24 33 01 | 11
#0229-d156 @A: 33 07 35 13 | 02
#0230-d156 @A: 13 18 31 33 | 03
#0231-d156 @A: 33 13 15 34 | 06
#0232-d156 @A: 33 02 30 13 | 04
#0233-d156 @A: 03 13 33 11 | 07
#0234-d156 @A: 33 13 21 04 | 08
#0235-d156 @A: 09 33 06 13 | 01
#0236-d156 @A: 17 19 33 13 | 12
#0237-d156 @A: 13 33 23 26 | 05
#0238-d156 @A: 30 13 28 33 | 10
#0239-d156 @A: 35 05 12 13 | 09
#0240-d156 @A: 30 14 13 12 | 11
#0241-d156 @A: 21 12 13 07 | 02
#0242-d156 @A: 13 12 18 09 | 03
#0243-d156 @A: 34 16 13 12 | 06
#0244-d156 @A: 03 25 12 13 | 04
#0245-d156 @A: 13 12 06 32 | 07
#0246-d156 @A: 22 17 13 12 | 08
#0247-d156 @A: 12 28 13 17 | 01
#0248-d156 @A: 12 11 26 13 | 12
#0249-d156 @A: 24 12 13 15 | 05
#0250-d156 @A: 13 12 19 31 | 10
#0251-d156 @A: 13 04 20 12 | 09
#0252-d156 @A: 14 05 13 27 | 11
#0253-d156 @A: 13 34 01 05 | 02
#0254-d156 @A: 05 07 25 13 | 03
#0255-d156 @A: 18 13 06 05 | 06
#0256-d156 @A: 02 05 13 11 | 04
#0257-d156 @A: 22 03 13 05 | 07
#0258-d156 @A: 13 05 21 20 | 08
#0259-d156 @A: 17 05 13 15 | 01
#0260-d156 @A: 05 13 19 26 | 12
#0261-d156 @A: 25 05 13 28 | 05
#0262-d156 @A: 13 23 31 05 | 10
#0263-d156 @A: 13 30 04 05 | 09
#0264-d156 @A: 05 28 27 13 | 11
#0265-d156 @A: 13 01 14 35 | 02
#0266-d156 @A: 07 13 24 14 | 03
#0267-d156 @A: 18 20 13 14 | 06
#0268-d156 @A: 23 34 14 13 | 04
#0269-d156 @A: 28 14 34 13 | 07
#0270-d156 @A: 22 02 13 14 | 08
#0271-d156 @A: 03 14 13 04 | 01
#0272-d156 @A: 13 32 21 14 | 12
#0273-d156 @A: 14 11 17 13 | 05
#0274-d156 @A: 13 14 16 26 | 10
#0275-d156 @A: 14 13 31 09 | 09
#0276-d156 @A: 13 07 01 31 | 11
#0277-d156 @A: 32 18 13 01 | 02
#0278-d156 @A: 13 16 01 02 | 03
#0279-d156 @A: 03 01 13 20 | 06
#0280-d156 @A: 21 01 13 19 | 04
#0281-d156 @A: 06 13 01 23 | 07
#0282-d156 @A: 17 13 27 01 | 08
#0283-d156 @A: 01 26 25 13 | 01
#0284-d156 @A: 35 01 28 13 | 12
#0285-d156 @A: 13 09 04 01 | 05
#0286-d156 @A: 30 13 22 01 | 10
#0287-d156 @A: 04 18 07 13 | 09
#0288-d156 @A: 07 13 11 34 | 11
#0289-d156 @A: 13 07 27 02 | 02
#0290-d156 @A: 06 13 03 07 | 03
#0291-d156 @A: 07 17 16 13 | 06
#0292-d156 @A: 26 07 13 22 | 04
#0293-d156 @A: 07 30 15 13 | 07
#0294-d156 @A: 13 20 07 09 | 08
#0295-d156 @A: 13 28 22 07 | 01
#0296-d156 @A: 02 18 19 13 | 12
#0297-d156 @A: 30 18 13 03 | 05
#0298-d156 @A: 25 13 21 18 | 10
#0299-d156 @A: 17 13 18 35 | 09
#0300-d156 @A: 18 13 27 26 | 11
#0301-d156 @A: 13 18 28 11 | 02
#0302-d156 @A: 18 13 23 15 | 03
#0303-d156 @A: 18 13 16 24 | 06
#0304-d156 @A: 13 34 02 25 | 04
#0305-d156 @A: 35 03 34 13 | 07
#0306-d156 @A: 09 13 34 21 | 08
#0307-d156 @A: 13 34 06 30 | 01
#0308-d156 @A: 13 17 26 34 | 12
#0309-d156 @A: 34 27 13 32 | 05
#0310-d156 @A: 13 34 19 22 | 10
#0311-d156 @A: 20 34 13 24 | 09
#0312-d156 @A: 13 03 32 02 | 11
#0313-d156 @A: 21 15 02 13 | 02
#0314-d156 @A: 13 35 02 06 | 03
#0315-d156 @A: 17 13 04 02 | 06
#0316-d156 @A: 13 02 26 09 | 04
#0317-d156 @A: 19 28 02 13 | 07
#0318-d156 @A: 23 13 20 02 | 08
#0319-d156 @A: 21 03 24 13 | 01
#0320-d156 @A: 03 23 17 13 | 12
#0321-d156 @A: 26 13 03 15 | 05
#0322-d156 @A: 28 15 03 13 | 10
#0323-d156 @A: 13 09 19 03 | 09
#0324-d156 @A: 13 06 21 16 | 11
#0325-d156 @A: 21 30 17 13 | 02
#0326-d156 @A: 31 21 26 13 | 03
#0327-d156 @A: 13 11 21 23 | 06
#0328-d156 @A: 28 13 20 21 | 04
#0329-d156 @A: 31 13 17 06 | 07
#0330-d156 @A: 06 13 26 24 | 08
#0331-d156 @A: 20 11 13 06 | 01
#0332-d156 @A: 13 15 19 06 | 12
#0333-d156 @A: 13 28 06 23 | 05
#0334-d156 @A: 13 04 22 06 | 10
#0335-d156 @A: 13 25 17 32 | 09
#0336-d156 @A: 35 13 32 26 | 11
#0337-d156 @A: 28 26 24 13 | 02
#0338-d156 @A: 13 11 25 04 | 03
#0339-d156 @A: 13 20 25 15 | 06
#0340-d156 @A: 25 13 22 31 | 04
#0341-d156 @A: 19 25 16 13 | 07
#0342-d156 @A: 25 27 13 35 | 08
#0343-d156 @A: 23 25 13 30 | 01
#0344-d156 @A: 25 24 13 09 | 12
#0345-d156 @A: 11 13 32 15 | 05
#0346-d156 @A: 13 31 04 32 | 10
#0347-d156 @A: 13 32 16 23 | 09
#0348-d156 @A: 13 19 32 20 | 11
#0349-d156 @A: 32 13 30 09 | 02
#0350-d156 @A: 22 24 13 32 | 03
#0351-d156 @A: 27 11 13 31 | 06
#0352-d156 @A: 22 11 13 16 | 04
#0353-d156 @A: 24 35 11 13 | 07
#0354-d156 @A: 30 11 13 19 | 08
#0355-d156 @A: 35 31 15 13 | 01
#0356-d156 @A: 15 13 27 04 | 12
#0357-d156 @A: 15 09 13 22 | 05
#0358-d156 @A: 16 20 31 13 | 10
#0359-d156 @A: 09 13 31 28 | 09
#0360-d156 @A: 30 24 13 31 | 11
#0361-d156 @A: 16 13 09 35 | 02
#0362-d156 @A: 13 30 27 16 | 03
#0363-d156 @A: 19 35 13 04 | 06
#0364-d156 @A: 23 22 35 13 | 04
#0365-d156 @A: 13 30 20 35 | 07
#0366-d156 @A: 27 24 19 13 | 08
#0367-d156 @A: 23 04 13 24 | 01
#0368-d156 @A: 23 13 09 27 | 12
#0369-d156 @A: 13 27 22 20 | 05
#0370-d156 @A: 10 33 03 08 | 10
#0371-d156 @A: 08 04 12 10 | 09
#0372-d156 @A: 08 10 05 22 | 11
#0373-d156 @A: 14 08 10 19 | 02
#0374-d156 @A: 27 08 01 10 | 03
#0375-d156 @A: 21 08 07 10 | 06
#0376-d156 @A: 10 08 28 07 | 04
#0377-d156 @A: 20 08 10 18 | 07
#0378-d156 @A: 23 34 08 10 | 08
#0379-d156 @A: 24 08 10 02 | 01
#0380-d156 @A: 06 31 08 10 | 12
#0381-d156 @A: 17 08 10 26 | 05
#0382-d156 @A: 15 10 08 11 | 10
#0383-d156 @A: 09 08 10 16 | 09
#0384-d156 @A: 10 30 08 35 | 11
#0385-d156 @A: 10 24 33 12 | 02
#0386-d156 @A: 05 33 10 09 | 03
#0387-d156 @A: 33 14 10 31 | 06
#0388-d156 @A: 16 10 33 01 | 04
#0389-d156 @A: 07 02 33 10 | 07
#0390-d156 @A: 18 33 10 30 | 08
#0391-d156 @A: 33 27 10 34 | 01
#0392-d156 @A: 10 33 21 11 | 12
#0393-d156 @A: 10 33 06 22 | 05
#0394-d156 @A: 04 33 17 10 | 10
#0395-d156 @A: 10 26 15 33 | 09
#0396-d156 @A: 20 33 10 25 | 11
#0397-d156 @A: 33 10 28 11 | 02
#0398-d156 @A: 10 33 19 35 | 03
#0399-d156 @A: 11 10 12 05 | 06
#0400-d156 @A: 14 10 22 12 | 04
#0401-d156 @A: 10 28 12 14 | 07
#0402-d156 @A: 12 19 01 10 | 08
#0403-d156 @A: 16 07 10 12 | 01
#0404-d156 @A: 12 18 10 27 | 12
#0405-d156 @A: 10 02 12 34 | 05
#0406-d156 @A: 10 03 12 32 | 10
#0407-d156 @A: 12 30 10 21 | 09
#0408-d156 @A: 35 12 06 10 | 11
#0409-d156 @A: 17 20 12 10 | 02
#0410-d156 @A: 12 26 25 10 | 03
#0411-d156 @A: 09 31 10 12 | 06
#0412-d156 @A: 01 10 32 05 | 04
#0413-d156 @A: 05 07 23 10 | 07
#0414-d156 @A: 16 18 10 05 | 08
#0415-d156 @A: 05 15 10 34 | 01
#0416-d156 @A: 02 05 10 04 | 12
#0417-d156 @A: 35 05 10 03 | 05
#0418-d156 @A: 19 05 21 10 | 10
#0419-d156 @A: 05 06 25 10 | 09
#0420-d156 @A: 27 10 05 17 | 11
#0421-d156 @A: 26 31 10 05 | 02
#0422-d156 @A: 28 05 32 10 | 03
#0423-d156 @A: 10 30 05 20 | 06
#0424-d156 @A: 20 14 01 10 | 04
#0425-d156 @A: 10 07 14 04 | 07
#0426-d156 @A: 10 24 14 18 | 08
#0427-d156 @A: 14 06 34 10 | 01
#0428-d156 @A: 02 14 10 11 | 12
#0429-d156 @A: 21 10 14 03 | 05
#0430-d156 @A: 17 14 16 10 | 10
#0431-d156 @A: 23 26 10 14 | 09
#0432-d156 @A: 35 10 14 25 | 11
#0433-d156 @A: 14 10 32 09 | 02
#0434-d156 @A: 27 14 30 10 | 03
#0435-d156 @A: 01 07 10 35 | 06
#0436-d156 @A: 18 10 01 25 | 04
#0437-d156 @A: 09 34 01 10 | 07
#0438-d156 @A: 02 01 10 15 | 08
#0439-d156 @A: 01 03 10 24 | 01
#0440-d156 @A: 21 01 10 23 | 12
#0441-d156 @A: 28 01 10 21 | 05
#0442-d156 @A: 10 01 04 06 | 10
#0443-d156 @A: 01 17 31 10 | 09
#0444-d156 @A: 30 26 01 10 | 11
#0445-d156 @A: 15 18 07 10 | 02
#0446-d156 @A: 34 07 10 22 | 03
#0447-d156 @A: 11 07 10 03 | 06
#0448-d156 @A: 06 30 10 07 | 04
#0449-d156 @A: 07 10 17 25 | 07
#0450-d156 @A: 07 10 09 26 | 08
#0451-d156 @A: 32 20 10 07 | 01
#0452-d156 @A: 07 10 27 24 | 12
#0453-d156 @A: 35 34 10 18 | 05
#0454-d156 @A: 18 10 03 09 | 10
#0455-d156 @A: 18 04 10 21 | 09
#0456-d156 @A: 10 06 18 11 | 11
#0457-d156 @A: 18 10 17 23 | 02
#0458-d156 @A: 19 18 26 10 | 03
#0459-d156 @A: 10 18 25 28 | 06
#0460-d156 @A: 10 18 32 31 | 04
#0461-d156 @A: 34 10 03 20 | 07
#0462-d156 @A: 32 34 10 21 | 08
#0463-d156 @A: 10 17 19 34 | 01
#0464-d156 @A: 10 26 34 16 | 12
#0465-d156 @A: 10 25 24 34 | 05
#0466-d156 @A: 30 10 31 34 | 10
#0467-d156 @A: 28 10 22 34 | 09
#0468-d156 @A: 03 10 02 22 | 11
#0469-d156 @A: 02 21 10 20 | 02
#0470-d156 @A: 10 19 06 02 | 03
#0471-d156 @A: 17 32 10 02 | 06
#0472-d156 @A: 10 26 35 02 | 04
#0473-d156 @A: 09 25 02 10 | 07
#0474-d156 @A: 02 28 31 10 | 08
#0475-d156 @A: 27 02 16 10 | 01
#0476-d156 @A: 02 10 23 30 | 12
#0477-d156 @A: 03 06 15 10 | 05
#0478-d156 @A: 17 10 03 30 | 10
#0479-d156 @A: 26 10 27 03 | 09
#0480-d156 @A: 26 10 28 03 | 11
#0481-d156 @A: 19 10 25 03 | 02
#0482-d156 @A: 03 10 31 23 | 03
#0483-d156 @A: 10 21 06 09 | 06
#0484-d156 @A: 17 21 15 10 | 04
#0485-d156 @A: 26 22 10 21 | 07
#0486-d156 @A: 27 10 21 31 | 08
#0487-d156 @A: 24 16 21 10 | 01
#0488-d156 @A: 24 06 17 10 | 12
#0489-d156 @A: 10 32 06 26 | 05
#0490-d156 @A: 06 23 20 10 | 10
#0491-d156 @A: 28 06 24 10 | 09
#0492-d156 @A: 26 17 10 28 | 11
#0493-d156 @A: 11 10 17 22 | 02
#0494-d156 @A: 04 11 26 10 | 03
#0495-d156 @A: 32 04 25 10 | 06
#0496-d156 @A: 11 23 10 25 | 04
#0497-d156 @A: 27 10 15 25 | 07
#0498-d156 @A: 16 31 10 25 | 08
#0499-d156 @A: 30 22 10 25 | 01
#0500-d156 @A: 32 11 10 27 | 12
#0501-d156 @A: 15 23 10 32 | 05
#0502-d156 @A: 22 32 10 16 | 10
#0503-d156 @A: 35 24 10 32 | 09
#0504-d156 @A: 32 10 30 19 | 11
#0505-d156 @A: 31 24 11 10 | 02
#0506-d156 @A: 16 11 35 10 | 03
#0507-d156 @A: 11 19 20 10 | 06
#0508-d156 @A: 11 09 30 10 | 04
#0509-d156 @A: 20 10 15 31 | 07
#0510-d156 @A: 30 16 10 15 | 08
#0511-d156 @A: 10 35 15 09 | 01
#0512-d156 @A: 28 15 10 35 | 12
#0513-d156 @A: 24 15 10 19 | 05
#0514-d156 @A: 15 04 22 10 | 10
#0515-d156 @A: 31 22 10 35 | 09
#0516-d156 @A: 10 31 19 04 | 11
#0517-d156 @A: 19 10 16 23 | 02
#0518-d156 @A: 20 10 16 04 | 03
#0519-d156 @A: 28 27 16 10 | 06
#0520-d156 @A: 23 35 04 10 | 04
#0521-d156 @A: 20 10 35 27 | 07
#0522-d156 @A: 10 09 22 19 | 08
#0523-d156 @A: 30 19 10 28 | 01
#0524-d156 @A: 09 23 10 24 | 12
#0525-d156 @A: 09 10 23 28 | 05
#0526-d156 @A: 10 23 27 22 | 10
#0527-d156 @A: 10 09 27 04 | 09
#0528-d156 @A: 24 30 10 04 | 11
#0529-d156 @A: 20 22 24 10 | 02
#0530-d156 @A: 16 08 33 12 | 03
#0531-d156 @A: 05 11 33 08 | 06
#0532-d156 @A: 08 33 07 14 | 04
#0533-d156 @A: 04 01 33 08 | 07
#0534-d156 @A: 18 08 33 25 | 08
#0535-d156 @A: 24 33 08 34 | 01
#0536-d156 @A: 31 02 08 33 | 12
#0537-d156 @A: 33 15 08 21 | 05
#0538-d156 @A: 08 33 21 28 | 10
#0539-d156 @A: 33 08 06 30 | 09
#0540-d156 @A: 23 17 33 08 | 11
#0541-d156 @A: 35 08 33 26 | 02
#0542-d156 @A: 32 33 19 08 | 03
#0543-d156 @A: 22 33 08 27 | 06
#0544-d156 @A: 08 12 15 05 | 04
#0545-d156 @A: 24 12 08 14 | 07
#0546-d156 @A: 30 08 01 12 | 08
#0547-d156 @A: 12 07 08 20 | 01
#0548-d156 @A: 18 23 12 08 | 12
#0549-d156 @A: 32 12 34 08 | 05
#0550-d156 @A: 08 03 12 35 | 10
#0551-d156 @A: 12 21 11 08 | 09
#0552-d156 @A: 06 12 08 09 | 11
#0553-d156 @A: 17 08 19 12 | 02
#0554-d156 @A: 08 27 12 26 | 03
#0555-d156 @A: 12 22 08 25 | 06
#0556-d156 @A: 28 12 31 08 | 04
#0557-d156 @A: 14 05 08 01 | 07
#0558-d156 @A: 08 16 07 05 | 08
#0559-d156 @A: 05 30 08 18 | 01
#0560-d156 @A: 34 05 20 08 | 12
#0561-d156 @A: 08 05 02 19 | 05
#0562-d156 @A: 03 31 08 05 | 10
#0563-d156 @A: 21 08 35 05 | 09
#0564-d156 @A: 05 32 08 06 | 11
#0565-d156 @A: 28 08 06 05 | 02
#0566-d156 @A: 08 17 25 05 | 03
#0567-d156 @A: 26 05 24 08 | 06
#0568-d156 @A: 05 27 04 08 | 04
#0569-d156 @A: 08 18 14 31 | 07
#0570-d156 @A: 14 08 28 18 | 08
#0571-d156 @A: 34 14 04 08 | 01
#0572-d156 @A: 08 15 02 14 | 12
#0573-d156 @A: 08 22 03 14 | 05
#0574-d156 @A: 20 08 21 14 | 10
#0575-d156 @A: 27 14 17 08 | 09
#0576-d156 @A: 08 14 09 26 | 11
#0577-d156 @A: 14 08 16 25 | 02
#0578-d156 @A: 14 32 30 08 | 03
#0579-d156 @A: 08 23 35 14 | 06
#0580-d156 @A: 01 07 25 08 | 04
#0581-d156 @A: 18 02 01 08 | 07
#0582-d156 @A: 16 34 08 01 | 08
#0583-d156 @A: 23 08 01 03 | 01
#0584-d156 @A: 21 01 08 31 | 12
#0585-d156 @A: 06 11 01 08 | 05
#0586-d156 @A: 08 01 17 09 | 10
#0587-d156 @A: 08 19 01 26 | 09
#0588-d156 @A: 32 24 08 01 | 11
#0589-d156 @A: 08 22 01 35 | 02
#0590-d156 @A: 28 01 08 24 | 03
#0591-d156 @A: 08 35 07 18 | 06
#0592-d156 @A: 27 34 08 07 | 04
#0593-d156 @A: 08 07 02 04 | 07
#0594-d156 @A: 03 15 07 08 | 08
#0595-d156 @A: 19 08 06 07 | 01
#0596-d156 @A: 17 08 07 31 | 12
#0597-d156 @A: 07 11 26 08 | 05
#0598-d156 @A: 08 07 22 23 | 10
#0599-d156 @A: 24 08 09 07 | 09
#0600-d156 @A: 18 19 08 34 | 11
#0601-d156 @A: 03 24 08 18 | 02
#0602-d156 @A: 08 09 18 21 | 03
#0603-d156 @A: 06 15 08 18 | 06
#0604-d156 @A: 32 08 18 17 | 04
#0605-d156 @A: 08 04 26 18 | 07
#0606-d156 @A: 16 08 22 18 | 08
#0607-d156 @A: 02 34 11 08 | 01
#0608-d156 @A: 34 08 03 09 | 12
#0609-d156 @A: 21 08 34 30 | 05
#0610-d156 @A: 08 34 25 06 | 10
#0611-d156 @A: 08 35 34 17 | 09
#0612-d156 @A: 22 08 26 34 | 11
#0613-d156 @A: 08 15 28 34 | 02
#0614-d156 @A: 08 03 21 02 | 03
#0615-d156 @A: 06 02 08 20 | 06
#0616-d156 @A: 02 30 08 17 | 04
#0617-d156 @A: 25 02 26 08 | 07
#0618-d156 @A: 28 02 08 25 | 08
#0619-d156 @A: 32 08 16 02 | 01
#0620-d156 @A: 02 27 35 08 | 12
#0621-d156 @A: 08 09 23 02 | 05
#0622-d156 @A: 08 16 06 03 | 10
#0623-d156 @A: 08 03 11 17 | 09
#0624-d156 @A: 03 26 20 08 | 11
#0625-d156 @A: 03 08 04 32 | 02
#0626-d156 @A: 30 08 19 03 | 03
#0627-d156 @A: 04 08 03 28 | 06
#0628-d156 @A: 06 08 27 21 | 04
#0629-d156 @A: 16 08 21 17 | 07
#0630-d156 @A: 08 26 32 21 | 08
#0631-d156 @A: 08 21 25 04 | 01
#0632-d156 @A: 08 24 21 23 | 12
#0633-d156 @A: 08 17 06 22 | 05
#0634-d156 @A: 06 23 26 08 | 10
#0635-d156 @A: 35 06 08 04 | 09
#0636-d156 @A: 15 20 17 08 | 11
#0637-d156 @A: 28 30 17 08 | 02
#0638-d156 @A: 26 08 11 28 | 03
#0639-d156 @A: 15 08 26 31 | 06
#0640-d156 @A: 08 20 25 32 | 04
#0641-d156 @A: 27 25 08 11 | 07
#0642-d156 @A: 23 15 08 25 | 08
#0643-d156 @A: 08 09 25 31 | 01
#0644-d156 @A: 19 35 08 25 | 12
#0645-d156 @A: 30 08 24 25 | 05
#0646-d156 @A: 23 11 08 32 | 10
#0647-d156 @A: 08 32 15 27 | 09
#0648-d156 @A: 28 08 32 15 | 11
#0649-d156 @A: 08 31 35 32 | 02
#0650-d156 @A: 32 22 08 09 | 03
#0651-d156 @A: 11 31 20 08 | 06
#0652-d156 @A: 16 11 08 30 | 04
#0653-d156 @A: 11 08 09 35 | 07
#0654-d156 @A: 11 08 24 19 | 08
#0655-d156 @A: 11 22 04 08 | 01
#0656-d156 @A: 35 08 16 15 | 12
#0657-d156 @A: 04 19 08 15 | 05
#0658-d156 @A: 09 30 08 15 | 10
#0659-d156 @A: 22 24 08 15 | 09
#0660-d156 @A: 31 08 16 19 | 11
#0661-d156 @A: 23 27 31 08 | 02
#0662-d156 @A: 24 31 08 04 | 03
#0663-d156 @A: 08 22 31 30 | 06
#0664-d156 @A: 23 16 08 20 | 04
#0665-d156 @A: 08 16 27 24 | 07
#0666-d156 @A: 35 27 28 08 | 08
#0667-d156 @A: 35 20 24 08 | 01
#0668-d156 @A: 09 27 08 19 | 12
#0669-d156 @A: 08 19 20 22 | 05
#0670-d156 @A: 08 22 19 28 | 10
#0671-d156 @A: 04 08 30 23 | 09
#0672-d156 @A: 04 08 09 20 | 11
#0673-d156 @A: 20 09 28 08 | 02
#0674-d156 @A: 20 27 30 08 | 03
#0675-d156 @A: 30 05 33 12 | 06
#0676-d156 @A: 33 12 23 14 | 04
#0677-d156 @A: 12 01 33 31 | 07
#0678-d156 @A: 11 07 33 12 | 08
#0679-d156 @A: 33 18 12 15 | 01
#0680-d156 @A: 12 34 33 21 | 12
#0681-d156 @A: 33 34 12 28 | 05
#0682-d156 @A: 12 33 02 04 | 10
#0683-d156 @A: 12 33 03 20 | 09
#0684-d156 @A: 25 33 12 06 | 11
#0685-d156 @A: 12 33 17 32 | 02
#0686-d156 @A: 33 12 26 22 | 03
#0687-d156 @A: 19 33 12 09 | 06
#0688-d156 @A: 35 05 14 33 | 04
#0689-d156 @A: 33 03 01 05 | 07
#0690-d156 @A: 07 33 32 05 | 08
#0691-d156 @A: 24 33 18 05 | 01
#0692-d156 @A: 05 31 33 34 | 12
#0693-d156 @A: 02 33 05 15 | 05
#0694-d156 @A: 05 06 04 33 | 10
#0695-d156 @A: 17 33 05 22 | 09
#0696-d156 @A: 25 33 26 05 | 11
#0697-d156 @A: 33 35 05 28 | 02
#0698-d156 @A: 05 33 23 19 | 03
#0699-d156 @A: 27 33 20 05 | 06
#0700-d156 @A: 33 01 15 14 | 04
#0701-d156 @A: 18 09 14 33 | 07
#0702-d156 @A: 32 14 34 33 | 08
#0703-d156 @A: 02 14 33 21 | 01
#0704-d156 @A: 03 33 19 14 | 12
#0705-d156 @A: 14 06 16 33 | 05
#0706-d156 @A: 17 14 33 24 | 10
#0707-d156 @A: 26 14 33 04 | 09
#0708-d156 @A: 11 14 27 33 | 11
#0709-d156 @A: 33 14 15 28 | 02
#0710-d156 @A: 33 30 22 14 | 03
#0711-d156 @A: 33 19 07 01 | 06
#0712-d156 @A: 35 18 01 33 | 04
#0713-d156 @A: 01 34 33 25 | 07
#0714-d156 @A: 01 23 02 33 | 08
#0715-d156 @A: 01 22 21 33 | 01
#0716-d156 @A: 06 01 27 33 | 12
#0717-d156 @A: 33 17 01 20 | 05
#0718-d156 @A: 09 33 26 01 | 10
#0719-d156 @A: 32 33 01 11 | 09
#0720-d156 @A: 33 01 28 22 | 11
#0721-d156 @A: 33 18 07 27 | 02
#0722-d156 @A: 33 34 09 07 | 03
#0723-d156 @A: 22 33 03 07 | 06
#0724-d156 @A: 28 33 07 03 | 04
#0725-d156 @A: 33 20 07 21 | 07
#0726-d156 @A: 15 07 33 06 | 08
#0727-d156 @A: 33 26 17 07 | 01
#0728-d156 @A: 16 25 33 07 | 12
#0729-d156 @A: 31 07 04 33 | 05
#0730-d156 @A: 23 30 07 33 | 10
#0731-d156 @A: 34 23 33 18 | 09
#0732-d156 @A: 02 22 33 18 | 11
#0733-d156 @A: 04 33 03 18 | 02
#0734-d156 @A: 19 21 18 33 | 03
#0735-d156 @A: 06 18 20 33 | 06
#0736-d156 @A: 16 18 33 17 | 04
#0737-d156 @A: 26 33 18 11 | 07
#0738-d156 @A: 28 09 33 18 | 08
#0739-d156 @A: 02 34 33 19 | 01
#0740-d156 @A: 33 34 03 06 | 12
#0741-d156 @A: 34 33 30 17 | 05
#0742-d156 @A: 33 34 20 26 | 10
#0743-d156 @A: 16 11 33 34 | 09
#0744-d156 @A: 34 33 35 22 | 11
#0745-d156 @A: 33 03 02 24 | 02
#0746-d156 @A: 02 33 06 32 | 03
#0747-d156 @A: 27 17 02 33 | 06
#0748-d156 @A: 16 02 26 33 | 04
#0749-d156 @A: 33 02 09 11 | 07
#0750-d156 @A: 35 02 33 20 | 08
#0751-d156 @A: 21 03 31 33 | 01
#0752-d156 @A: 17 33 03 25 | 12
#0753-d156 @A: 26 33 03 32 | 05
#0754-d156 @A: 03 16 09 33 | 10
#0755-d156 @A: 03 33 23 35 | 09
#0756-d156 @A: 27 30 03 33 | 11
#0757-d156 @A: 06 24 21 33 | 02
#0758-d156 @A: 09 33 21 17 | 03
#0759-d156 @A: 26 21 30 33 | 06
#0760-d156 @A: 33 25 35 21 | 04
#0761-d156 @A: 21 33 32 23 | 07
#0762-d156 @A: 27 21 33 16 | 08
#0763-d156 @A: 06 17 33 35 | 01
#0764-d156 @A: 19 26 06 33 | 12
#0765-d156 @A: 28 25 06 33 | 05
#0766-d156 @A: 11 06 33 23 | 10
#0767-d156 @A: 15 33 17 31 | 09
#0768-d156 @A: 28 33 19 17 | 11
#0769-d156 @A: 26 31 24 33 | 02
#0770-d156 @A: 31 28 33 26 | 03
#0771-d156 @A: 33 32 25 22 | 06
#0772-d156 @A: 25 33 11 24 | 04
#0773-d156 @A: 33 25 09 15 | 07
#0774-d156 @A: 31 33 30 25 | 08
#0775-d156 @A: 33 19 27 25 | 01
#0776-d156 @A: 04 33 25 23 | 12
#0777-d156 @A: 15 32 33 35 | 05
#0778-d156 @A: 31 33 27 32 | 10
#0779-d156 @A: 16 32 33 20 | 09
#0780-d156 @A: 19 32 28 33 | 11
#0781-d156 @A: 33 32 09 04 | 02
#0782-d156 @A: 30 24 33 32 | 03
#0783-d156 @A: 11 33 20 15 | 06
#0784-d156 @A: 11 22 33 31 | 04
#0785-d156 @A: 11 35 30 33 | 07
#0786-d156 @A: 04 33 11 19 | 08
#0787-d156 @A: 33 22 15 16 | 01
#0788-d156 @A: 15 30 33 19 | 12
#0789-d156 @A: 23 33 27 15 | 05
#0790-d156 @A: 04 24 33 15 | 10
#0791-d156 @A: 23 16 33 31 | 09
#0792-d156 @A: 35 09 31 33 | 11
#0793-d156 @A: 20 33 19 31 | 02
#0794-d156 @A: 33 16 35 24 | 03
#0795-d156 @A: 16 30 04 33 | 06
#0796-d156 @A: 33 16 20 28 | 04
#0797-d156 @A: 04 27 35 33 | 07
#0798-d156 @A: 24 33 22 19 | 08
#0799-d156 @A: 09 23 33 22 | 01
#0800-d156 @A: 27 28 23 33 | 12
#0801-d156 @A: 24 33 23 20 | 05
#0802-d156 @A: 33 24 28 04 | 10
#0803-d156 @A: 22 33 04 20 | 09
#0804-d156 @A: 27 33 24 09 | 11
#0805-d156 @A: 30 20 33 09 | 02
#0806-d156 @A: 14 05 12 32 | 03
#0807-d156 @A: 12 01 05 16 | 06
#0808-d156 @A: 05 28 12 01 | 04
#0809-d156 @A: 12 05 07 22 | 07
#0810-d156 @A: 05 12 18 34 | 08
#0811-d156 @A: 23 12 05 02 | 01
#0812-d156 @A: 03 05 04 12 | 12
#0813-d156 @A: 05 21 09 12 | 05
#0814-d156 @A: 17 05 31 12 | 10
#0815-d156 @A: 26 20 05 12 | 09
#0816-d156 @A: 05 12 19 25 | 11
#0817-d156 @A: 24 27 12 05 | 02
#0818-d156 @A: 14 12 01 11 | 03
#0819-d156 @A: 27 14 07 12 | 06
#0820-d156 @A: 18 12 14 19 | 04
#0821-d156 @A: 34 09 14 12 | 07
#0822-d156 @A: 02 12 35 14 | 08
#0823-d156 @A: 16 03 12 14 | 01
#0824-d156 @A: 14 12 15 21 | 12
#0825-d156 @A: 12 14 20 06 | 05
#0826-d156 @A: 12 25 17 14 | 10
#0827-d156 @A: 26 14 12 31 | 09
#0828-d156 @A: 01 04 07 12 | 11
#0829-d156 @A: 01 12 18 06 | 02
#0830-d156 @A: 12 01 34 23 | 03
#0831-d156 @A: 12 02 01 25 | 06
#0832-d156 @A: 01 27 12 03 | 04
#0833-d156 @A: 01 21 35 12 | 07
#0834-d156 @A: 01 12 24 17 | 08
#0835-d156 @A: 26 12 15 01 | 01
#0836-d156 @A: 20 01 32 12 | 12
#0837-d156 @A: 01 22 09 12 | 05
#0838-d156 @A: 28 12 20 01 | 10
#0839-d156 @A: 18 12 31 07 | 09
#0840-d156 @A: 35 12 07 34 | 11
#0841-d156 @A: 30 07 12 02 | 02
#0842-d156 @A: 12 07 19 03 | 03
#0843-d156 @A: 23 07 12 06 | 06
#0844-d156 @A: 17 07 09 12 | 04
#0845-d156 @A: 07 26 24 12 | 07
#0846-d156 @A: 07 15 12 25 | 08
#0847-d156 @A: 32 28 12 07 | 01
#0848-d156 @A: 24 02 18 12 | 12
#0849-d156 @A: 18 12 11 03 | 05
#0850-d156 @A: 21 12 18 22 | 10
#0851-d156 @A: 18 12 30 17 | 09
#0852-d156 @A: 35 18 12 26 | 11
#0853-d156 @A: 12 20 18 25 | 02
#0854-d156 @A: 18 32 12 04 | 03
#0855-d156 @A: 28 12 18 15 | 06
#0856-d156 @A: 30 12 34 03 | 04
#0857-d156 @A: 12 27 06 34 | 07
#0858-d156 @A: 34 17 04 12 | 08
#0859-d156 @A: 26 12 34 19 | 01
#0860-d156 @A: 11 12 24 34 | 12
#0861-d156 @A: 12 15 34 22 | 05
#0862-d156 @A: 20 34 31 12 | 10
#0863-d156 @A: 02 03 31 12 | 09
#0864-d156 @A: 02 21 12 16 | 11
#0865-d156 @A: 22 12 06 02 | 02
#0866-d156 @A: 11 12 02 17 | 03
#0867-d156 @A: 26 32 12 02 | 06
#0868-d156 @A: 02 15 12 09 | 04
#0869-d156 @A: 12 02 20 27 | 07
#0870-d156 @A: 02 24 12 28 | 08
#0871-d156 @A: 23 12 03 21 | 01
#0872-d156 @A: 12 06 24 03 | 12
#0873-d156 @A: 12 28 06 03 | 05
#0874-d156 @A: 03 15 17 12 | 10
#0875-d156 @A: 26 03 12 09 | 09
#0876-d156 @A: 12 19 21 06 | 11
#0877-d156 @A: 17 12 21 27 | 02
#0878-d156 @A: 26 04 12 21 | 03
#0879-d156 @A: 31 12 21 25 | 06
#0880-d156 @A: 12 32 21 24 | 04
#0881-d156 @A: 28 19 21 12 | 07
#0882-d156 @A: 17 12 06 26 | 08
#0883-d156 @A: 31 06 11 12 | 01
#0884-d156 @A: 12 06 15 04 | 12
#0885-d156 @A: 16 12 06 30 | 05
#0886-d156 @A: 35 17 12 16 | 10
#0887-d156 @A: 26 12 16 23 | 09
#0888-d156 @A: 28 12 26 16 | 11
#0889-d156 @A: 32 25 16 12 | 02
#0890-d156 @A: 11 25 12 35 | 03
#0891-d156 @A: 27 23 25 12 | 06
#0892-d156 @A: 28 12 25 23 | 04
#0893-d156 @A: 12 24 04 25 | 07
#0894-d156 @A: 25 09 12 30 | 08
#0895-d156 @A: 22 11 32 12 | 01
#0896-d156 @A: 32 12 19 15 | 12
#0897-d156 @A: 12 31 23 32 | 05
#0898-d156 @A: 12 32 35 09 | 10
#0899-d156 @A: 32 12 27 30 | 09
#0900-d156 @A: 11 12 30 15 | 11
#0901-d156 @A: 11 12 04 16 | 02
#0902-d156 @A: 23 11 19 12 | 03
#0903-d156 @A: 20 12 11 09 | 06
#0904-d156 @A: 28 11 12 30 | 04
#0905-d156 @A: 31 15 16 12 | 07
#0906-d156 @A: 12 35 27 15 | 08
#0907-d156 @A: 15 23 12 20 | 01
#0908-d156 @A: 12 24 35 31 | 12
#0909-d156 @A: 30 31 04 12 | 05
#0910-d156 @A: 12 27 31 22 | 10
#0911-d156 @A: 16 24 19 12 | 09
#0912-d156 @A: 16 12 27 09 | 11
#0913-d156 @A: 22 12 20 16 | 02
#0914-d156 @A: 12 20 19 35 | 03
#0915-d156 @A: 30 23 12 35 | 06
#0916-d156 @A: 12 22 04 35 | 04
#0917-d156 @A: 09 12 35 28 | 07
#0918-d156 @A: 12 19 04 27 | 08
#0919-d156 @A: 19 12 22 30 | 01
#0920-d156 @A: 12 09 23 04 | 12
#0921-d156 @A: 12 22 24 23 | 05
#0922-d156 @A: 12 28 04 27 | 10
#0923-d156 @A: 20 12 24 30 | 09
#0924-d156 @A: 05 14 20 07 | 11
#0925-d156 @A: 18 14 05 04 | 02
#0926-d156 @A: 24 14 34 05 | 03
#0927-d156 @A: 14 16 05 02 | 06
#0928-d156 @A: 05 03 09 14 | 04
#0929-d156 @A: 14 05 22 21 | 07
#0930-d156 @A: 19 06 05 14 | 08
#0931-d156 @A: 23 14 17 05 | 01
#0932-d156 @A: 26 05 14 11 | 12
#0933-d156 @A: 14 05 31 25 | 05
#0934-d156 @A: 14 05 15 30 | 10
#0935-d156 @A: 09 05 28 14 | 09
#0936-d156 @A: 27 05 07 01 | 11
#0937-d156 @A: 18 23 01 05 | 02
#0938-d156 @A: 02 05 01 09 | 03
#0939-d156 @A: 21 01 05 25 | 06
#0940-d156 @A: 30 06 01 05 | 04
#0941-d156 @A: 11 17 05 01 | 07
#0942-d156 @A: 01 04 05 26 | 08
#0943-d156 @A: 15 19 05 01 | 01
#0944-d156 @A: 31 05 01 22 | 12
#0945-d156 @A: 20 05 24 01 | 05
#0946-d156 @A: 07 18 19 05 | 10
#0947-d156 @A: 05 04 34 07 | 09
#0948-d156 @A: 07 05 35 02 | 11
#0949-d156 @A: 28 05 07 02 | 02
#0950-d156 @A: 07 03 24 05 | 03
#0951-d156 @A: 21 05 31 07 | 06
#0952-d156 @A: 06 07 11 05 | 04
#0953-d156 @A: 05 30 17 07 | 07
#0954-d156 @A: 15 05 26 07 | 08
#0955-d156 @A: 18 02 05 31 | 01
#0956-d156 @A: 03 18 05 32 | 12
#0957-d156 @A: 05 21 27 18 | 05
#0958-d156 @A: 26 17 18 05 | 10
#0959-d156 @A: 11 05 18 20 | 09
#0960-d156 @A: 15 18 22 05 | 11
#0961-d156 @A: 18 28 05 31 | 02
#0962-d156 @A: 05 09 18 35 | 03
#0963-d156 @A: 05 22 02 34 | 06
#0964-d156 @A: 03 23 05 34 | 04
#0965-d156 @A: 16 34 05 21 | 07
#0966-d156 @A: 06 35 34 05 | 08
#0967-d156 @A: 17 05 09 34 | 01
#0968-d156 @A: 32 34 05 26 | 12
#0969-d156 @A: 34 05 25 11 | 05
#0970-d156 @A: 34 05 19 30 | 10
#0971-d156 @A: 03 25 02 05 | 09
#0972-d156 @A: 21 02 05 32 | 11
#0973-d156 @A: 06 05 24 02 | 02
#0974-d156 @A: 20 17 05 02 | 03
#0975-d156 @A: 02 05 27 26 | 06
#0976-d156 @A: 03 05 11 21 | 04
#0977-d156 @A: 03 05 06 20 | 07
#0978-d156 @A: 17 19 05 03 | 08
#0979-d156 @A: 26 05 30 03 | 01
#0980-d156 @A: 27 03 15 05 | 12
#0981-d156 @A: 03 28 30 05 | 05
#0982-d156 @A: 05 06 15 21 | 10
#0983-d156 @A: 21 17 05 04 | 09
#0984-d156 @A: 26 23 05 21 | 11
#0985-d156 @A: 28 26 21 05 | 02
#0986-d156 @A: 21 24 30 05 | 03
#0987-d156 @A: 05 06 16 17 | 06
#0988-d156 @A: 06 05 26 09 | 04
#0989-d156 @A: 27 31 06 05 | 07
#0990-d156 @A: 22 06 23 05 | 08
#0991-d156 @A: 05 17 32 35 | 01
#0992-d156 @A: 04 28 17 05 | 12
#0993-d156 @A: 16 35 26 05 | 05
#0994-d156 @A: 27 25 05 32 | 10
#0995-d156 @A: 15 05 16 25 | 09
#0996-d156 @A: 35 30 25 05 | 11
#0997-d156 @A: 23 09 25 05 | 02
#0998-d156 @A: 25 20 04 05 | 03
#0999-d156 @A: 22 25 05 24 | 06
#1000-d156 @A: 24 11 05 32 | 04
#1001-d156 @A: 31 32 05 15 | 07
#1002-d156 @A: 05 32 09 16 | 08
#1003-d156 @A: 04 19 32 05 | 01
#1004-d156 @A: 32 20 23 05 | 12
#1005-d156 @A: 05 22 30 32 | 05
#1006-d156 @A: 15 11 09 05 | 10
#1007-d156 @A: 31 05 11 30 | 09
#1008-d156 @A: 11 16 05 27 | 11
#1009-d156 @A: 05 11 35 22 | 02
#1010-d156 @A: 05 23 11 04 | 03
#1011-d156 @A: 28 05 23 11 | 06
#1012-d156 @A: 05 28 15 16 | 04
#1013-d156 @A: 15 35 20 05 | 07
#1014-d156 @A: 23 15 24 05 | 08
#1015-d156 @A: 24 16 31 05 | 01
#1016-d156 @A: 04 31 35 05 | 12
#1017-d156 @A: 09 05 31 19 | 05
#1018-d156 @A: 16 19 20 05 | 10
#1019-d156 @A: 30 23 05 16 | 09
#1020-d156 @A: 22 04 05 16 | 11
#1021-d156 @A: 24 19 35 05 | 02
#1022-d156 @A: 27 35 05 23 | 03
#1023-d156 @A: 27 05 22 19 | 06
#1024-d156 @A: 20 28 19 05 | 04
#1025-d156 @A: 04 05 09 24 | 07
#1026-d156 @A: 30 27 09 05 | 08
#1027-d156 @A: 20 05 09 22 | 01
#1028-d156 @A: 22 05 28 24 | 12
#1029-d156 @A: 07 01 23 14 | 05
#1030-d156 @A: 18 16 14 01 | 10
#1031-d156 @A: 19 01 14 34 | 09
#1032-d156 @A: 02 01 14 04 | 11
#1033-d156 @A: 14 01 03 25 | 02
#1034-d156 @A: 09 14 01 21 | 03
#1035-d156 @A: 06 24 01 14 | 06
#1036-d156 @A: 17 14 30 01 | 04
#1037-d156 @A: 22 14 26 01 | 07
#1038-d156 @A: 14 25 01 28 | 08
#1039-d156 @A: 01 14 31 32 | 01
#1040-d156 @A: 14 07 11 18 | 12
#1041-d156 @A: 34 07 16 14 | 05
#1042-d156 @A: 02 07 14 03 | 10
#1043-d156 @A: 21 14 19 07 | 09
#1044-d156 @A: 07 06 31 14 | 11
#1045-d156 @A: 07 17 14 32 | 02
#1046-d156 @A: 26 30 07 14 | 03
#1047-d156 @A: 07 15 14 35 | 06
#1048-d156 @A: 07 22 09 14 | 04
#1049-d156 @A: 27 14 07 28 | 07
#1050-d156 @A: 34 15 14 18 | 08
#1051-d156 @A: 18 02 14 30 | 01
#1052-d156 @A: 03 14 27 18 | 12
#1053-d156 @A: 14 18 23 21 | 05
#1054-d156 @A: 25 18 06 14 | 10
#1055-d156 @A: 18 17 14 22 | 09
#1056-d156 @A: 26 18 32 14 | 11
#1057-d156 @A: 02 20 34 14 | 02
#1058-d156 @A: 11 14 03 34 | 03
#1059-d156 @A: 21 34 27 14 | 06
#1060-d156 @A: 14 34 17 31 | 04
#1061-d156 @A: 35 26 14 34 | 07
#1062-d156 @A: 14 22 25 34 | 08
#1063-d156 @A: 02 14 06 09 | 01
#1064-d156 @A: 17 14 26 02 | 12
#1065-d156 @A: 02 17 14 28 | 05
#1066-d156 @A: 02 25 27 14 | 10
#1067-d156 @A: 02 32 23 14 | 09
#1068-d156 @A: 19 14 02 24 | 11
#1069-d156 @A: 06 14 03 30 | 02
#1070-d156 @A: 17 20 03 14 | 03
#1071-d156 @A: 26 14 03 24 | 06
#1072-d156 @A: 14 15 23 03 | 04
#1073-d156 @A: 03 35 14 31 | 07
#1074-d156 @A: 28 03 14 22 | 08
#1075-d156 @A: 14 04 06 21 | 01
#1076-d156 @A: 17 14 21 35 | 12
#1077-d156 @A: 26 14 25 21 | 05
#1078-d156 @A: 14 30 21 11 | 10
#1079-d156 @A: 21 31 16 14 | 09
#1080-d156 @A: 28 14 23 21 | 11
#1081-d156 @A: 14 06 15 17 | 02
#1082-d156 @A: 27 06 14 26 | 03
#1083-d156 @A: 32 22 14 06 | 06
#1084-d156 @A: 06 28 32 14 | 04
#1085-d156 @A: 11 35 06 14 | 07
#1086-d156 @A: 17 14 04 19 | 08
#1087-d156 @A: 19 26 20 14 | 01
#1088-d156 @A: 26 14 22 28 | 12
#1089-d156 @A: 14 19 32 25 | 05
#1090-d156 @A: 11 25 14 09 | 10
#1091-d156 @A: 15 25 04 14 | 09
#1092-d156 @A: 14 24 23 25 | 11
#1093-d156 @A: 20 30 25 14 | 02
#1094-d156 @A: 14 20 11 32 | 03
#1095-d156 @A: 16 15 32 14 | 06
#1096-d156 @A: 14 04 32 35 | 04
#1097-d156 @A: 14 24 32 27 | 07
#1098-d156 @A: 15 24 14 11 | 08
#1099-d156 @A: 11 04 31 14 | 01
#1100-d156 @A: 14 16 11 23 | 12
#1101-d156 @A: 19 14 22 11 | 05
#1102-d156 @A: 04 14 28 11 | 10
#1103-d156 @A: 14 19 15 31 | 09
#1104-d156 @A: 09 27 15 14 | 11
#1105-d156 @A: 14 15 20 22 | 02
#1106-d156 @A: 14 30 31 23 | 03
#1107-d156 @A: 27 14 20 31 | 06
#1108-d156 @A: 14 31 24 22 | 04
#1109-d156 @A: 20 14 35 16 | 07
#1110-d156 @A: 30 14 19 16 | 08
#1111-d156 @A: 27 16 14 04 | 01
#1112-d156 @A: 24 16 14 09 | 12
#1113-d156 @A: 28 16 30 14 | 05
#1114-d156 @A: 09 35 19 14 | 10
#1115-d156 @A: 35 27 22 14 | 09
#1116-d156 @A: 24 14 30 35 | 11
#1117-d156 @A: 20 35 14 28 | 02
#1118-d156 @A: 14 23 27 19 | 03
#1119-d156 @A: 24 19 14 28 | 06
#1120-d156 @A: 14 04 23 22 | 04
#1121-d156 @A: 14 20 09 23 | 07
#1122-d156 @A: 14 09 30 04 | 08
#1123-d156 @A: 24 20 04 14 | 01
#1124-d156 @A: 01 18 07 03 | 12
#1125-d156 @A: 34 07 20 01 | 05
#1126-d156 @A: 07 01 22 02 | 10
#1127-d156 @A: 07 21 11 01 | 09
#1128-d156 @A: 06 09 07 01 | 11
#1129-d156 @A: 07 15 17 01 | 02
#1130-d156 @A: 26 01 07 32 | 03
#1131-d156 @A: 01 07 09 28 | 06
#1132-d156 @A: 24 07 01 30 | 04
#1133-d156 @A: 01 27 34 18 | 07
#1134-d156 @A: 01 18 21 30 | 08
#1135-d156 @A: 19 18 01 17 | 01
#1136-d156 @A: 01 20 18 26 | 12
#1137-d156 @A: 01 18 11 31 | 05
#1138-d156 @A: 15 18 24 01 | 10
#1139-d156 @A: 01 04 18 22 | 09
#1140-d156 @A: 28 18 01 27 | 11
#1141-d156 @A: 34 01 24 02 | 02
#1142-d156 @A: 03 01 34 32 | 03
#1143-d156 @A: 21 01 34 04 | 06
#1144-d156 @A: 06 34 01 28 | 04
#1145-d156 @A: 34 01 17 22 | 07
#1146-d156 @A: 34 26 01 31 | 08
#1147-d156 @A: 34 30 11 01 | 01
#1148-d156 @A: 01 35 15 34 | 12
#1149-d156 @A: 02 01 03 19 | 05
#1150-d156 @A: 01 21 02 27 | 10
#1151-d156 @A: 01 31 02 06 | 09
#1152-d156 @A: 01 02 35 17 | 11
#1153-d156 @A: 02 01 26 11 | 02
#1154-d156 @A: 01 28 02 16 | 03
#1155-d156 @A: 01 20 30 02 | 06
#1156-d156 @A: 01 21 16 03 | 04
#1157-d156 @A: 01 03 22 06 | 07
#1158-d156 @A: 03 17 04 01 | 08
#1159-d156 @A: 01 03 28 17 | 01
#1160-d156 @A: 26 35 01 03 | 12
#1161-d156 @A: 01 15 03 09 | 05
#1162-d156 @A: 30 01 31 03 | 10
#1163-d156 @A: 01 06 20 21 | 09
#1164-d156 @A: 01 17 21 32 | 11
#1165-d156 @A: 01 26 21 24 | 02
#1166-d156 @A: 17 06 25 01 | 03
#1167-d156 @A: 16 06 26 01 | 06
#1168-d156 @A: 32 15 06 01 | 04
#1169-d156 @A: 35 06 19 01 | 07
#1170-d156 @A: 01 16 23 17 | 08
#1171-d156 @A: 01 27 23 26 | 01
#1172-d156 @A: 04 01 26 28 | 12
#1173-d156 @A: 25 01 32 30 | 05
#1174-d156 @A: 01 11 20 25 | 10
#1175-d156 @A: 15 22 25 01 | 09
#1176-d156 @A: 04 31 25 01 | 11
#1177-d156 @A: 27 25 01 16 | 02
#1178-d156 @A: 25 09 01 35 | 03
#1179-d156 @A: 01 19 25 24 | 06
#1180-d156 @A: 32 28 11 01 | 04
#1181-d156 @A: 16 01 04 32 | 07
#1182-d156 @A: 01 23 32 35 | 08
#1183-d156 @A: 22 19 32 01 | 01
#1184-d156 @A: 01 09 27 32 | 12
#1185-d156 @A: 15 11 01 23 | 05
#1186-d156 @A: 11 16 19 01 | 10
#1187-d156 @A: 11 35 04 01 | 09
#1188-d156 @A: 11 01 24 09 | 11
#1189-d156 @A: 22 11 01 27 | 02
#1190-d156 @A: 01 15 27 31 | 03
#1191-d156 @A: 01 31 28 15 | 06
#1192-d156 @A: 01 20 15 16 | 04
#1193-d156 @A: 04 15 01 30 | 07
#1194-d156 @A: 01 09 16 31 | 08
#1195-d156 @A: 01 20 31 35 | 01
#1196-d156 @A: 01 24 31 23 | 12
#1197-d156 @A: 30 35 16 01 | 05
#1198-d156 @A: 24 22 16 01 | 10
#1199-d156 @A: 27 01 24 35 | 09
#1200-d156 @A: 19 04 01 23 | 11
#1201-d156 @A: 20 09 19 01 | 02
#1202-d156 @A: 19 01 30 27 | 03
#1203-d156 @A: 09 01 30 23 | 06
#1204-d156 @A: 23 22 01 20 | 04
#1205-d156 @A: 30 28 01 23 | 07
#1206-d156 @A: 20 04 27 01 | 08
#1207-d156 @A: 07 30 34 18 | 01
#1208-d156 @A: 18 02 09 07 | 12
#1209-d156 @A: 16 06 18 07 | 05
#1210-d156 @A: 20 18 17 07 | 10
#1211-d156 @A: 07 17 28 18 | 09
#1212-d156 @A: 26 07 23 18 | 11
#1213-d156 @A: 24 18 07 25 | 02
#1214-d156 @A: 22 07 18 32 | 03
#1215-d156 @A: 23 07 34 02 | 06
#1216-d156 @A: 31 07 03 34 | 04
#1217-d156 @A: 07 21 34 15 | 07
#1218-d156 @A: 21 07 28 34 | 08
#1219-d156 @A: 32 07 34 06 | 01
#1220-d156 @A: 24 34 17 07 | 12
#1221-d156 @A: 26 07 34 25 | 05
#1222-d156 @A: 21 24 02 07 | 10
#1223-d156 @A: 25 07 06 02 | 09
#1224-d156 @A: 17 07 19 02 | 11
#1225-d156 @A: 02 31 26 07 | 02
#1226-d156 @A: 32 07 15 02 | 03
#1227-d156 @A: 07 20 16 02 | 06
#1228-d156 @A: 04 03 21 07 | 04
#1229-d156 @A: 17 03 35 07 | 07
#1230-d156 @A: 07 26 03 16 | 08
#1231-d156 @A: 27 03 25 07 | 01
#1232-d156 @A: 30 32 07 03 | 12
#1233-d156 @A: 23 07 09 03 | 05
#1234-d156 @A: 06 07 22 21 | 10
#1235-d156 @A: 21 23 07 17 | 09
#1236-d156 @A: 07 27 26 21 | 11
#1237-d156 @A: 09 25 21 07 | 02
#1238-d156 @A: 07 16 21 32 | 03
#1239-d156 @A: 07 35 21 30 | 06
#1240-d156 @A: 17 27 06 07 | 04
#1241-d156 @A: 07 20 26 06 | 07
#1242-d156 @A: 35 07 06 24 | 08
#1243-d156 @A: 06 07 19 28 | 01
#1244-d156 @A: 04 07 17 11 | 12
#1245-d156 @A: 07 26 04 19 | 05
#1246-d156 @A: 20 26 07 28 | 10
#1247-d156 @A: 32 25 11 07 | 09
#1248-d156 @A: 23 07 25 31 | 11
#1249-d156 @A: 35 07 20 25 | 02
#1250-d156 @A: 25 07 28 35 | 03
#1251-d156 @A: 19 07 22 25 | 06
#1252-d156 @A: 07 04 30 25 | 04
#1253-d156 @A: 09 07 32 31 | 07
#1254-d156 @A: 32 35 19 07 | 08
#1255-d156 @A: 24 07 23 32 | 01
#1256-d156 @A: 04 27 07 32 | 12
#1257-d156 @A: 07 15 22 11 | 05
#1258-d156 @A: 31 07 11 19 | 10
#1259-d156 @A: 07 24 11 16 | 09
#1260-d156 @A: 07 16 11 28 | 11
#1261-d156 @A: 23 11 07 35 | 02
#1262-d156 @A: 07 27 09 11 | 03
#1263-d156 @A: 20 07 11 30 | 06
#1264-d156 @A: 07 24 31 15 | 04
#1265-d156 @A: 09 07 15 16 | 07
#1266-d156 @A: 07 23 19 15 | 08
#1267-d156 @A: 07 04 15 20 | 01
#1268-d156 @A: 07 30 16 31 | 12
#1269-d156 @A: 07 35 31 27 | 05
#1270-d156 @A: 07 28 31 23 | 10
#1271-d156 @A: 20 31 07 22 | 09
#1272-d156 @A: 22 16 07 35 | 11
#1273-d156 @A: 19 16 07 27 | 02
#1274-d156 @A: 04 16 07 23 | 03
#1275-d156 @A: 35 09 04 07 | 06
#1276-d156 @A: 30 07 09 19 | 04
#1277-d156 @A: 07 24 19 20 | 07
#1278-d156 @A: 07 23 20 27 | 08
#1279-d156 @A: 24 22 04 07 | 01
#1280-d156 @A: 07 24 04 28 | 12
#1281-d156 @A: 07 27 22 30 | 05
#1282-d156 @A: 07 28 27 30 | 10
#1283-d156 @A: 02 32 18 34 | 09
#1284-d156 @A: 22 03 34 18 | 11
#1285-d156 @A: 20 21 18 34 | 02
#1286-d156 @A: 06 34 18 09 | 03
#1287-d156 @A: 11 34 18 17 | 06
#1288-d156 @A: 26 18 24 34 | 04
#1289-d156 @A: 18 34 04 25 | 07
#1290-d156 @A: 31 16 18 34 | 08
#1291-d156 @A: 28 34 20 18 | 01
#1292-d156 @A: 18 02 03 20 | 12
#1293-d156 @A: 18 21 02 35 | 05
#1294-d156 @A: 18 06 27 02 | 10
#1295-d156 @A: 18 25 17 02 | 09
#1296-d156 @A: 15 02 26 18 | 11
#1297-d156 @A: 02 18 11 16 | 02
#1298-d156 @A: 28 02 35 18 | 03
#1299-d156 @A: 04 02 23 18 | 06
#1300-d156 @A: 03 18 15 21 | 04
#1301-d156 @A: 35 18 06 03 | 07
#1302-d156 @A: 31 03 17 18 | 08
#1303-d156 @A: 03 25 18 26 | 01
#1304-d156 @A: 19 16 18 03 | 12
#1305-d156 @A: 18 03 28 19 | 05
#1306-d156 @A: 18 06 21 31 | 10
#1307-d156 @A: 18 21 06 28 | 09
#1308-d156 @A: 24 21 18 17 | 11
#1309-d156 @A: 18 16 21 26 | 02
#1310-d156 @A: 32 21 11 18 | 03
#1311-d156 @A: 18 04 06 17 | 06
#1312-d156 @A: 06 26 22 18 | 04
#1313-d156 @A: 18 19 32 06 | 07
#1314-d156 @A: 18 24 06 23 | 08
#1315-d156 @A: 27 09 18 17 | 01
#1316-d156 @A: 26 09 18 30 | 12
#1317-d156 @A: 18 32 25 09 | 05
#1318-d156 @A: 18 19 11 25 | 10
#1319-d156 @A: 25 15 31 18 | 09
#1320-d156 @A: 30 25 18 16 | 11
#1321-d156 @A: 23 35 25 18 | 02
#1322-d156 @A: 27 18 25 22 | 03
#1323-d156 @A: 30 32 15 18 | 06
#1324-d156 @A: 16 32 18 35 | 04
#1325-d156 @A: 18 32 27 23 | 07
#1326-d156 @A: 18 04 28 32 | 08
#1327-d156 @A: 32 24 18 20 | 01
#1328-d156 @A: 35 11 15 18 | 12
#1329-d156 @A: 30 18 11 23 | 05
#1330-d156 @A: 18 04 11 27 | 10
#1331-d156 @A: 22 11 18 09 | 09
#1332-d156 @A: 15 16 18 04 | 11
#1333-d156 @A: 27 18 19 15 | 02
#1334-d156 @A: 18 20 15 09 | 03
#1335-d156 @A: 16 28 18 31 | 06
#1336-d156 @A: 35 18 31 19 | 04
#1337-d156 @A: 23 22 31 18 | 07
#1338-d156 @A: 31 09 04 18 | 08
#1339-d156 @A: 24 27 18 31 | 01
#1340-d156 @A: 31 20 30 18 | 12
#1341-d156 @A: 16 09 18 23 | 05
#1342-d156 @A: 27 20 18 16 | 10
#1343-d156 @A: 35 18 04 24 | 09
#1344-d156 @A: 35 30 18 27 | 11
#1345-d156 @A: 22 18 35 20 | 02
#1346-d156 @A: 23 19 20 18 | 03
#1347-d156 @A: 19 30 04 18 | 06
#1348-d156 @A: 18 24 19 09 | 04
#1349-d156 @A: 23 24 28 18 | 07
#1350-d156 @A: 18 30 24 22 | 08
#1351-d156 @A: 30 18 22 28 | 01
#1352-d156 @A: 02 27 03 34 | 12
#1353-d156 @A: 31 21 02 34 | 05
#1354-d156 @A: 16 34 06 02 | 10
#1355-d156 @A: 17 34 15 02 | 09
#1356-d156 @A: 30 34 26 02 | 11
#1357-d156 @A: 02 35 04 34 | 02
#1358-d156 @A: 28 02 34 04 | 03
#1359-d156 @A: 03 34 21 19 | 06
#1360-d156 @A: 16 17 03 34 | 04
#1361-d156 @A: 04 34 26 03 | 07
#1362-d156 @A: 34 03 15 25 | 08
#1363-d156 @A: 27 28 34 03 | 01
#1364-d156 @A: 21 23 06 34 | 12
#1365-d156 @A: 17 34 25 21 | 05
#1366-d156 @A: 34 21 26 11 | 10
#1367-d156 @A: 34 21 24 35 | 09
#1368-d156 @A: 17 34 20 06 | 11
#1369-d156 @A: 06 34 15 26 | 02
#1370-d156 @A: 11 34 19 06 | 03
#1371-d156 @A: 31 22 06 34 | 06
#1372-d156 @A: 24 04 06 34 | 04
#1373-d156 @A: 34 11 28 17 | 07
#1374-d156 @A: 17 23 27 34 | 08
#1375-d156 @A: 35 28 34 26 | 01
#1376-d156 @A: 26 09 34 27 | 12
#1377-d156 @A: 35 34 32 25 | 05
#1378-d156 @A: 25 31 34 19 | 10
#1379-d156 @A: 25 16 23 34 | 09
#1380-d156 @A: 20 34 25 09 | 11
#1381-d156 @A: 25 30 34 27 | 02
#1382-d156 @A: 30 25 28 34 | 03
#1383-d156 @A: 34 32 31 11 | 06
#1384-d156 @A: 34 15 04 32 | 04
#1385-d156 @A: 31 34 32 28 | 07
#1386-d156 @A: 32 30 34 16 | 08
#1387-d156 @A: 32 34 19 24 | 01
#1388-d156 @A: 23 34 32 09 | 12
#1389-d156 @A: 20 22 34 32 | 05
#1390-d156 @A: 11 27 34 15 | 10
#1391-d156 @A: 34 20 11 35 | 09
#1392-d156 @A: 23 34 22 11 | 11
#1393-d156 @A: 11 34 09 04 | 02
#1394-d156 @A: 15 23 34 31 | 03
#1395-d156 @A: 16 15 34 24 | 06
#1396-d156 @A: 34 09 19 15 | 04
#1397-d156 @A: 15 20 30 34 | 07
#1398-d156 @A: 34 04 31 27 | 08
#1399-d156 @A: 34 09 31 24 | 01
#1400-d156 @A: 16 27 35 34 | 12
#1401-d156 @A: 34 16 19 04 | 05
#1402-d156 @A: 34 28 16 23 | 10
#1403-d156 @A: 09 22 34 16 | 09
#1404-d156 @A: 35 34 19 23 | 11
#1405-d156 @A: 30 35 09 34 | 02
#1406-d156 @A: 28 34 19 09 | 03
#1407-d156 @A: 20 19 27 34 | 06
#1408-d156 @A: 20 34 23 04 | 04
#1409-d156 @A: 24 30 23 34 | 07
#1410-d156 @A: 34 04 22 30 | 08
#1411-d156 @A: 24 34 22 27 | 01
#1412-d156 @A: 24 34 28 30 | 12
#1413-d156 @A: 03 02 11 06 | 05
#1414-d156 @A: 09 03 17 02 | 10
#1415-d156 @A: 03 23 02 26 | 09
#1416-d156 @A: 03 16 02 15 | 11
#1417-d156 @A: 04 30 02 03 | 02
#1418-d156 @A: 09 03 02 28 | 03
#1419-d156 @A: 02 21 06 30 | 06
#1420-d156 @A: 17 22 21 02 | 04
#1421-d156 @A: 19 02 26 21 | 07
#1422-d156 @A: 11 25 02 21 | 08
#1423-d156 @A: 02 32 21 28 | 01
#1424-d156 @A: 09 21 02 04 | 12
#1425-d156 @A: 23 02 06 17 | 05
#1426-d156 @A: 26 02 04 06 | 10
#1427-d156 @A: 26 02 28 06 | 09
#1428-d156 @A: 17 15 28 02 | 11
#1429-d156 @A: 17 24 02 31 | 02
#1430-d156 @A: 26 24 02 22 | 03
#1431-d156 @A: 32 25 02 24 | 06
#1432-d156 @A: 15 30 25 02 | 04
#1433-d156 @A: 31 25 20 02 | 07
#1434-d156 @A: 04 25 16 02 | 08
#1435-d156 @A: 25 22 35 02 | 01
#1436-d156 @A: 02 19 23 25 | 12
#1437-d156 @A: 35 32 02 11 | 05
#1438-d156 @A: 32 31 30 02 | 10
#1439-d156 @A: 32 27 19 02 | 09
#1440-d156 @A: 22 32 04 02 | 11
#1441-d156 @A: 32 09 20 02 | 02
#1442-d156 @A: 02 19 15 11 | 03
#1443-d156 @A: 02 31 23 11 | 06
#1444-d156 @A: 11 02 28 23 | 04
#1445-d156 @A: 02 04 11 24 | 07
#1446-d156 @A: 02 30 27 11 | 08
#1447-d156 @A: 11 02 22 20 | 01
#1448-d156 @A: 15 02 04 31 | 12
#1449-d156 @A: 15 23 02 35 | 05
#1450-d156 @A: 22 27 02 15 | 10
#1451-d156 @A: 02 20 24 15 | 09
#1452-d156 @A: 31 35 02 16 | 11
#1453-d156 @A: 22 31 02 19 | 02
#1454-d156 @A: 09 02 27 31 | 03
#1455-d156 @A: 16 09 19 02 | 06
#1456-d156 @A: 22 16 23 02 | 04
#1457-d156 @A: 24 02 30 16 | 07
#1458-d156 @A: 35 02 19 30 | 08
#1459-d156 @A: 35 09 02 24 | 01
#1460-d156 @A: 19 02 20 04 | 12
#1461-d156 @A: 02 27 24 23 | 05
#1462-d156 @A: 09 22 02 30 | 10
#1463-d156 @A: 22 02 27 28 | 09
#1464-d156 @A: 20 30 28 02 | 11
#1465-d156 @A: 21 03 25 06 | 02
#1466-d156 @A: 26 17 21 03 | 03
#1467-d156 @A: 09 03 32 21 | 06
#1468-d156 @A: 21 03 35 27 | 04
#1469-d156 @A: 03 28 21 35 | 07
#1470-d156 @A: 03 22 21 20 | 08
#1471-d156 @A: 06 03 17 32 | 01
#1472-d156 @A: 06 31 03 26 | 12
#1473-d156 @A: 19 06 27 03 | 05
#1474-d156 @A: 23 04 03 06 | 10
#1475-d156 @A: 24 22 03 17 | 09
#1476-d156 @A: 22 03 11 26 | 11
#1477-d156 @A: 03 31 32 25 | 02
#1478-d156 @A: 03 25 30 11 | 03
#1479-d156 @A: 16 20 03 25 | 06
#1480-d156 @A: 35 25 24 03 | 04
#1481-d156 @A: 25 03 23 22 | 07
#1482-d156 @A: 09 03 25 04 | 08
#1483-d156 @A: 16 32 11 03 | 01
#1484-d156 @A: 03 15 32 24 | 12
#1485-d156 @A: 32 03 28 16 | 05
#1486-d156 @A: 03 35 22 32 | 10
#1487-d156 @A: 32 03 19 23 | 09
#1488-d156 @A: 20 32 03 27 | 11
#1489-d156 @A: 15 11 04 03 | 02
#1490-d156 @A: 11 09 31 03 | 03
#1491-d156 @A: 03 28 31 11 | 06
#1492-d156 @A: 35 19 03 11 | 04
#1493-d156 @A: 11 03 27 23 | 07
#1494-d156 @A: 11 03 24 20 | 08
#1495-d156 @A: 31 22 15 03 | 01
#1496-d156 @A: 03 15 35 30 | 12
#1497-d156 @A: 15 03 20 19 | 05
#1498-d156 @A: 31 27 16 03 | 10
#1499-d156 @A: 24 31 19 03 | 09
#1500-d156 @A: 03 04 31 20 | 11
#1501-d156 @A: 04 03 35 16 | 02
#1502-d156 @A: 23 24 16 03 | 03
#1503-d156 @A: 28 03 24 16 | 06
#1504-d156 @A: 22 03 30 16 | 04
#1505-d156 @A: 03 20 35 09 | 07
#1506-d156 @A: 22 19 04 03 | 08
#1507-d156 @A: 30 03 23 20 | 01
#1508-d156 @A: 28 23 03 20 | 12
#1509-d156 @A: 04 27 24 03 | 05
#1510-d156 @A: 03 27 22 09 | 10
#1511-d156 @A: 24 03 30 09 | 09
#1512-d156 @A: 11 06 21 17 | 11
#1513-d156 @A: 21 26 06 35 | 02
#1514-d156 @A: 19 17 21 20 | 03
#1515-d156 @A: 15 20 26 21 | 06
#1516-d156 @A: 32 21 25 15 | 04
#1517-d156 @A: 22 25 16 21 | 07
#1518-d156 @A: 19 25 21 30 | 08
#1519-d156 @A: 21 20 23 25 | 01
#1520-d156 @A: 25 21 27 24 | 12
#1521-d156 @A: 21 28 24 25 | 05
#1522-d156 @A: 19 21 32 31 | 10
#1523-d156 @A: 21 32 35 20 | 09
#1524-d156 @A: 04 21 32 30 | 11
#1525-d156 @A: 22 32 27 21 | 02
#1526-d156 @A: 28 30 32 21 | 03
#1527-d156 @A: 21 11 15 31 | 06
#1528-d156 @A: 16 09 11 21 | 04
#1529-d156 @A: 19 21 27 11 | 07
#1530-d156 @A: 20 04 21 11 | 08
#1531-d156 @A: 21 28 11 27 | 01
#1532-d156 @A: 21 22 11 24 | 12
#1533-d156 @A: 16 21 15 23 | 05
#1534-d156 @A: 35 21 04 15 | 10
#1535-d156 @A: 15 22 19 21 | 09
#1536-d156 @A: 09 15 24 21 | 11
#1537-d156 @A: 15 27 21 30 | 02
#1538-d156 @A: 28 21 22 15 | 03
#1539-d156 @A: 31 35 21 23 | 06
#1540-d156 @A: 04 21 31 22 | 04
#1541-d156 @A: 28 31 04 21 | 07
#1542-d156 @A: 21 30 09 31 | 08
#1543-d156 @A: 31 20 21 24 | 01
#1544-d156 @A: 19 16 35 21 | 12
#1545-d156 @A: 16 28 09 21 | 05
#1546-d156 @A: 20 21 30 16 | 10
#1547-d156 @A: 35 22 09 21 | 09
#1548-d156 @A: 19 23 21 09 | 11
#1549-d156 @A: 24 19 21 04 | 02
#1550-d156 @A: 23 27 04 21 | 03
#1551-d156 @A: 22 30 21 23 | 06
#1552-d156 @A: 21 20 09 27 | 04
#1553-d156 @A: 28 17 06 16 | 07
#1554-d156 @A: 17 30 06 09 | 08
#1555-d156 @A: 30 26 25 06 | 01
#1556-d156 @A: 25 06 23 32 | 12
#1557-d156 @A: 06 22 11 25 | 05
#1558-d156 @A: 15 24 06 25 | 10
#1559-d156 @A: 31 35 25 06 | 09
#1560-d156 @A: 06 16 09 25 | 11
#1561-d156 @A: 06 25 19 20 | 02
#1562-d156 @A: 27 06 25 04 | 03
#1563-d156 @A: 32 11 09 06 | 06
#1564-d156 @A: 31 32 06 24 | 04
#1565-d156 @A: 16 27 06 32 | 07
#1566-d156 @A: 35 30 32 06 | 08
#1567-d156 @A: 04 32 20 06 | 01
#1568-d156 @A: 11 06 15 16 | 12
#1569-d156 @A: 06 11 35 28 | 05
#1570-d156 @A: 04 06 30 11 | 10
#1571-d156 @A: 24 06 27 11 | 09
#1572-d156 @A: 15 06 31 30 | 11
#1573-d156 @A: 35 22 06 15 | 02
#1574-d156 @A: 06 09 23 15 | 03
#1575-d156 @A: 27 15 06 20 | 06
#1576-d156 @A: 15 06 20 28 | 04
#1577-d156 @A: 31 16 06 04 | 07
#1578-d156 @A: 23 19 31 06 | 08
#1579-d156 @A: 09 20 31 06 | 01
#1580-d156 @A: 06 31 30 28 | 12
#1581-d156 @A: 06 23 16 35 | 05
#1582-d156 @A: 19 06 22 16 | 10
#1583-d156 @A: 20 24 06 16 | 09
#1584-d156 @A: 06 35 09 27 | 11
#1585-d156 @A: 22 35 06 28 | 02
#1586-d156 @A: 04 19 06 09 | 03
#1587-d156 @A: 30 19 24 06 | 06
#1588-d156 @A: 23 06 27 30 | 04
#1589-d156 @A: 28 09 06 04 | 07
#1590-d156 @A: 22 24 09 06 | 08
#1591-d156 @A: 30 06 22 20 | 01
#1592-d156 @A: 17 23 25 26 | 12
#1593-d156 @A: 27 32 26 17 | 05
#1594-d156 @A: 17 15 26 11 | 10
#1595-d156 @A: 26 04 31 17 | 09
#1596-d156 @A: 17 30 16 26 | 11
#1597-d156 @A: 09 17 26 35 | 02
#1598-d156 @A: 19 26 24 17 | 03
#1599-d156 @A: 17 20 26 22 | 06
#1600-d156 @A: 17 32 25 28 | 04
#1601-d156 @A: 17 25 11 31 | 07
#1602-d156 @A: 15 17 35 25 | 08
#1603-d156 @A: 17 16 24 25 | 01
#1604-d156 @A: 09 17 25 19 | 12
#1605-d156 @A: 04 22 17 25 | 05
#1606-d156 @A: 17 25 20 27 | 10
#1607-d156 @A: 32 19 17 11 | 09
#1608-d156 @A: 17 09 15 32 | 11
#1609-d156 @A: 31 17 16 32 | 02
#1610-d156 @A: 32 22 23 17 | 03
#1611-d156 @A: 04 17 32 24 | 06
#1612-d156 @A: 20 30 32 17 | 04
#1613-d156 @A: 20 17 11 16 | 07
#1614-d156 @A: 27 17 35 11 | 08
#1615-d156 @A: 11 09 17 23 | 01
#1616-d156 @A: 24 11 17 30 | 12
#1617-d156 @A: 15 17 16 19 | 05
#1618-d156 @A: 04 17 15 23 | 10
#1619-d156 @A: 17 24 27 15 | 09
#1620-d156 @A: 17 15 22 30 | 11
#1621-d156 @A: 17 30 35 31 | 02
#1622-d156 @A: 27 19 31 17 | 03
#1623-d156 @A: 17 20 23 31 | 06
#1624-d156 @A: 17 22 09 31 | 04
#1625-d156 @A: 28 31 17 22 | 07
#1626-d156 @A: 04 16 09 17 | 08
#1627-d156 @A: 17 27 22 16 | 01
#1628-d156 @A: 35 17 22 19 | 12
#1629-d156 @A: 17 24 23 35 | 05
#1630-d156 @A: 17 35 23 28 | 10
#1631-d156 @A: 17 35 04 20 | 09
#1632-d156 @A: 30 19 17 23 | 11
#1633-d156 @A: 17 30 04 27 | 02
#1634-d156 @A: 28 09 17 27 | 03
#1635-d156 @A: 17 20 24 09 | 06
#1636-d156 @A: 17 20 28 24 | 04
#1637-d156 @A: 11 16 26 25 | 07
#1638-d156 @A: 19 26 25 15 | 08
#1639-d156 @A: 31 26 25 27 | 01
#1640-d156 @A: 25 04 35 26 | 12
#1641-d156 @A: 26 09 22 25 | 05
#1642-d156 @A: 25 26 28 09 | 10
#1643-d156 @A: 25 24 20 26 | 09
#1644-d156 @A: 11 32 30 26 | 11
#1645-d156 @A: 32 26 15 22 | 02
#1646-d156 @A: 26 31 20 32 | 03
#1647-d156 @A: 32 19 16 26 | 06
#1648-d156 @A: 04 23 32 26 | 04
#1649-d156 @A: 32 26 28 23 | 07
#1650-d156 @A: 09 32 24 26 | 08
#1651-d156 @A: 35 11 31 26 | 01
#1652-d156 @A: 26 19 09 11 | 12
#1653-d156 @A: 23 24 26 11 | 05
#1654-d156 @A: 27 20 26 11 | 10
#1655-d156 @A: 16 27 26 15 | 09
#1656-d156 @A: 35 15 24 26 | 11
#1657-d156 @A: 23 26 15 30 | 02
#1658-d156 @A: 26 04 09 15 | 03
#1659-d156 @A: 28 26 15 30 | 06
#1660-d156 @A: 16 26 22 31 | 04
#1661-d156 @A: 30 26 19 31 | 07
#1662-d156 @A: 26 09 23 31 | 08
#1663-d156 @A: 26 04 24 16 | 01
#1664-d156 @A: 20 16 26 09 | 12
#1665-d156 @A: 19 26 27 35 | 05
#1666-d156 @A: 35 20 26 23 | 10
#1667-d156 @A: 35 26 22 30 | 09
#1668-d156 @A: 26 22 23 19 | 11
#1669-d156 @A: 26 19 27 28 | 02
#1670-d156 @A: 26 04 22 27 | 03
#1671-d156 @A: 20 26 04 30 | 06
#1672-d156 @A: 26 30 24 27 | 04
#1673-d156 @A: 25 19 11 28 | 07
#1674-d156 @A: 28 15 27 25 | 08
#1675-d156 @A: 25 31 28 20 | 01
#1676-d156 @A: 28 25 16 22 | 12
#1677-d156 @A: 20 04 25 28 | 05
#1678-d156 @A: 32 28 24 35 | 10
#1679-d156 @A: 09 32 22 28 | 09
#1680-d156 @A: 20 28 32 27 | 11
#1681-d156 @A: 09 15 11 28 | 02
#1682-d156 @A: 20 11 28 22 | 03
#1683-d156 @A: 28 23 19 15 | 06
#1684-d156 @A: 15 09 28 24 | 04
#1685-d156 @A: 19 31 35 28 | 07
#1686-d156 @A: 27 31 28 24 | 08
#1687-d156 @A: 19 16 04 28 | 01
#1688-d156 @A: 35 30 28 04 | 12
#1689-d156 @A: 23 04 28 22 | 05
