#0001-d184 @A: 18 08 33 06 | 06
#0002-d184 @A: 18 24 14 06 | 04
#0003-d184 @A: 07 06 15 18 | 01
#0004-d184 @A: 01 18 02 06 | 05
#0005-d184 @A: 22 30 18 06 | 07
#0006-d184 @A: 29 16 06 18 | 11
#0007-d184 @A: 23 09 06 18 | 10
#0008-d184 @A: 28 25 18 06 | 02
#0009-d184 @A: 06 18 12 34 | 12
#0010-d184 @A: 18 03 06 04 | 08
#0011-d184 @A: 26 18 06 19 | 03
#0012-d184 @A: 06 21 31 18 | 09
#0013-d184 @A: 06 18 35 11 | 06
#0014-d184 @A: 10 17 18 06 | 04
#0015-d184 @A: 30 20 18 06 | 01
#0016-d184 @A: 27 32 18 06 | 05
#0017-d184 @A: 18 13 05 06 | 07
#0018-d184 @A: 30 33 06 24 | 11
#0019-d184 @A: 33 06 09 15 | 10
#0020-d184 @A: 05 06 01 33 | 02
#0021-d184 @A: 33 29 06 22 | 12
#0022-d184 @A: 02 07 06 33 | 08
#0023-d184 @A: 23 06 04 33 | 03
#0024-d184 @A: 06 33 25 34 | 09
#0025-d184 @A: 33 28 27 06 | 06
#0026-d184 @A: 17 06 33 03 | 04
#0027-d184 @A: 21 06 26 33 | 01
#0028-d184 @A: 13 31 33 06 | 05
#0029-d184 @A: 35 33 14 06 | 07
#0030-d184 @A: 10 06 33 12 | 11
#0031-d184 @A: 16 33 19 06 | 10
#0032-d184 @A: 33 11 06 32 | 02
#0033-d184 @A: 20 33 11 06 | 12
#0034-d184 @A: 06 15 24 32 | 08
#0035-d184 @A: 01 24 04 06 | 03
#0036-d184 @A: 24 06 09 22 | 09
#0037-d184 @A: 27 29 06 24 | 06
#0038-d184 @A: 02 11 24 06 | 04
#0039-d184 @A: 06 24 08 23 | 01
#0040-d184 @A: 06 24 19 25 | 05
#0041-d184 @A: 05 24 28 06 | 07
#0042-d184 @A: 24 06 07 34 | 11
#0043-d184 @A: 24 06 03 21 | 10
#0044-d184 @A: 26 06 24 16 | 02
#0045-d184 @A: 31 12 24 06 | 12
#0046-d184 @A: 35 06 24 17 | 08
#0047-d184 @A: 13 10 06 24 | 03
#0048-d184 @A: 24 09 20 06 | 09
#0049-d184 @A: 15 01 14 06 | 06
#0050-d184 @A: 15 26 22 06 | 04
#0051-d184 @A: 06 11 15 29 | 01
#0052-d184 @A: 02 06 08 15 | 05
#0053-d184 @A: 15 23 06 12 | 07
#0054-d184 @A: 25 06 30 15 | 11
#0055-d184 @A: 06 28 15 17 | 10
#0056-d184 @A: 06 21 34 15 | 02
#0057-d184 @A: 15 06 34 20 | 12
#0058-d184 @A: 06 03 05 15 | 08
#0059-d184 @A: 04 15 31 06 | 03
#0060-d184 @A: 06 35 27 15 | 09
#0061-d184 @A: 06 19 15 10 | 06
#0062-d184 @A: 13 06 15 16 | 04
#0063-d184 @A: 06 22 31 01 | 01
#0064-d184 @A: 06 01 29 17 | 05
#0065-d184 @A: 23 06 01 30 | 07
#0066-d184 @A: 01 25 13 06 | 11
#0067-d184 @A: 28 01 21 06 | 10
#0068-d184 @A: 34 06 01 16 | 02
#0069-d184 @A: 03 01 06 07 | 12
#0070-d184 @A: 01 11 26 06 | 08
#0071-d184 @A: 01 06 09 35 | 03
#0072-d184 @A: 10 06 08 01 | 09
#0073-d184 @A: 27 01 19 06 | 06
#0074-d184 @A: 06 32 01 12 | 04
#0075-d184 @A: 06 20 01 07 | 01
#0076-d184 @A: 22 14 02 06 | 05
#0077-d184 @A: 23 06 32 22 | 07
#0078-d184 @A: 25 21 06 22 | 11
#0079-d184 @A: 22 28 06 19 | 10
#0080-d184 @A: 22 20 28 06 | 02
#0081-d184 @A: 06 34 22 08 | 12
#0082-d184 @A: 13 22 06 03 | 08
#0083-d184 @A: 12 06 35 22 | 03
#0084-d184 @A: 10 22 06 07 | 09
#0085-d184 @A: 27 16 22 06 | 06
#0086-d184 @A: 06 22 17 05 | 04
#0087-d184 @A: 04 11 22 06 | 01
#0088-d184 @A: 29 06 02 19 | 05
#0089-d184 @A: 06 23 21 29 | 07
#0090-d184 @A: 29 06 14 25 | 11
#0091-d184 @A: 28 08 06 29 | 10
#0092-d184 @A: 04 29 06 34 | 02
#0093-d184 @A: 06 03 29 30 | 12
#0094-d184 @A: 06 12 29 26 | 08
#0095-d184 @A: 09 06 29 31 | 03
#0096-d184 @A: 32 29 35 06 | 09
#0097-d184 @A: 05 10 29 06 | 06
#0098-d184 @A: 29 06 20 04 | 04
#0099-d184 @A: 13 07 29 06 | 01
#0100-d184 @A: 23 06 13 02 | 05
#0101-d184 @A: 25 06 02 32 | 07
#0102-d184 @A: 31 28 02 06 | 11
#0103-d184 @A: 30 06 02 34 | 10
#0104-d184 @A: 03 02 06 27 | 02
#0105-d184 @A: 06 26 02 05 | 12
#0106-d184 @A: 02 10 35 06 | 08
#0107-d184 @A: 06 02 09 21 | 03
#0108-d184 @A: 06 04 16 02 | 09
#0109-d184 @A: 20 02 06 16 | 06
#0110-d184 @A: 06 02 12 17 | 04
#0111-d184 @A: 23 06 25 26 | 01
#0112-d184 @A: 16 23 06 28 | 05
#0113-d184 @A: 06 27 34 23 | 07
#0114-d184 @A: 03 06 23 11 | 11
#0115-d184 @A: 23 06 17 31 | 10
#0116-d184 @A: 07 23 06 35 | 02
#0117-d184 @A: 23 14 06 10 | 12
#0118-d184 @A: 19 06 05 23 | 08
#0119-d184 @A: 23 06 20 05 | 03
#0120-d184 @A: 25 03 09 06 | 09
#0121-d184 @A: 08 31 25 06 | 06
#0122-d184 @A: 06 05 25 35 | 04
#0123-d184 @A: 25 06 10 04 | 01
#0124-d184 @A: 20 10 25 06 | 05
#0125-d184 @A: 06 27 25 12 | 07
#0126-d184 @A: 16 25 06 07 | 11
#0127-d184 @A: 25 11 17 06 | 10
#0128-d184 @A: 28 06 34 32 | 02
#0129-d184 @A: 03 06 28 12 | 12
#0130-d184 @A: 26 06 07 28 | 08
#0131-d184 @A: 28 35 06 30 | 03
#0132-d184 @A: 06 28 09 10 | 09
#0133-d184 @A: 14 28 06 04 | 06
#0134-d184 @A: 11 13 06 28 | 04
#0135-d184 @A: 06 14 34 03 | 01
#0136-d184 @A: 06 26 34 09 | 05
#0137-d184 @A: 34 06 31 05 | 07
#0138-d184 @A: 35 34 06 13 | 11
#0139-d184 @A: 34 11 06 10 | 10
#0140-d184 @A: 19 17 34 06 | 02
#0141-d184 @A: 08 03 06 26 | 12
#0142-d184 @A: 06 31 32 03 | 08
#0143-d184 @A: 06 35 03 19 | 03
#0144-d184 @A: 06 10 16 03 | 09
#0145-d184 @A: 03 06 21 20 | 06
#0146-d184 @A: 31 06 26 30 | 04
#0147-d184 @A: 26 04 35 06 | 01
#0148-d184 @A: 06 20 26 35 | 05
#0149-d184 @A: 26 10 32 06 | 07
#0150-d184 @A: 06 26 27 14 | 11
#0151-d184 @A: 26 06 13 17 | 10
#0152-d184 @A: 31 16 06 35 | 02
#0153-d184 @A: 10 31 27 06 | 12
#0154-d184 @A: 11 14 06 31 | 08
#0155-d184 @A: 19 07 31 06 | 03
#0156-d184 @A: 19 20 31 06 | 09
#0157-d184 @A: 35 08 21 06 | 06
#0158-d184 @A: 06 10 30 21 | 04
#0159-d184 @A: 06 21 27 05 | 01
#0160-d184 @A: 21 06 12 04 | 05
#0161-d184 @A: 06 13 14 21 | 07
#0162-d184 @A: 17 16 21 06 | 11
#0163-d184 @A: 19 21 06 32 | 10
#0164-d184 @A: 11 06 07 21 | 02
#0165-d184 @A: 27 17 30 06 | 12
#0166-d184 @A: 30 05 11 06 | 08
#0167-d184 @A: 06 04 30 07 | 03
#0168-d184 @A: 13 12 30 06 | 09
#0169-d184 @A: 19 14 06 30 | 06
#0170-d184 @A: 16 06 32 30 | 04
#0171-d184 @A: 08 06 09 30 | 01
#0172-d184 @A: 13 04 27 06 | 05
#0173-d184 @A: 06 27 09 11 | 07
#0174-d184 @A: 27 12 20 06 | 11
#0175-d184 @A: 27 06 08 07 | 10
#0176-d184 @A: 05 32 04 06 | 02
#0177-d184 @A: 06 16 05 14 | 12
#0178-d184 @A: 06 05 09 07 | 08
#0179-d184 @A: 20 05 17 06 | 03
#0180-d184 @A: 08 05 12 06 | 09
#0181-d184 @A: 09 06 17 04 | 06
#0182-d184 @A: 04 19 06 08 | 04
#0183-d184 @A: 14 13 20 06 | 01
#0184-d184 @A: 19 13 06 09 | 05
#0185-d184 @A: 08 13 06 32 | 07
#0186-d184 @A: 06 09 14 32 | 11
#0187-d184 @A: 17 06 14 08 | 10
#0188-d184 @A: 12 14 06 07 | 02
#0189-d184 @A: 12 06 16 09 | 12
#0190-d184 @A: 11 08 16 06 | 08
#0191-d184 @A: 07 32 06 17 | 03
#0192-d184 @A: 32 06 20 08 | 09
#0193-d184 @A: 19 06 11 12 | 06
#0194-d184 @A: 21 18 33 24 | 04
#0195-d184 @A: 15 33 18 30 | 01
#0196-d184 @A: 09 18 01 33 | 05
#0197-d184 @A: 33 18 12 22 | 07
#0198-d184 @A: 18 29 33 05 | 11
#0199-d184 @A: 27 18 33 02 | 10
#0200-d184 @A: 23 33 18 16 | 02
#0201-d184 @A: 33 18 07 25 | 12
#0202-d184 @A: 33 17 18 28 | 08
#0203-d184 @A: 04 33 18 34 | 03
#0204-d184 @A: 03 18 33 13 | 09
#0205-d184 @A: 33 18 26 14 | 06
#0206-d184 @A: 31 18 19 33 | 04
#0207-d184 @A: 18 32 33 35 | 01
#0208-d184 @A: 10 11 33 18 | 05
#0209-d184 @A: 20 17 18 33 | 07
#0210-d184 @A: 11 15 18 24 | 11
#0211-d184 @A: 34 18 24 01 | 10
#0212-d184 @A: 24 18 22 32 | 02
#0213-d184 @A: 18 24 31 29 | 12
#0214-d184 @A: 18 24 05 02 | 08
#0215-d184 @A: 18 24 23 30 | 03
#0216-d184 @A: 27 18 24 25 | 09
#0217-d184 @A: 24 18 28 04 | 06
#0218-d184 @A: 18 24 19 03 | 04
#0219-d184 @A: 24 26 07 18 | 01
#0220-d184 @A: 18 24 12 35 | 05
#0221-d184 @A: 08 10 24 18 | 07
#0222-d184 @A: 13 18 17 24 | 11
#0223-d184 @A: 18 13 24 20 | 10
#0224-d184 @A: 09 18 16 24 | 02
#0225-d184 @A: 15 19 18 01 | 12
#0226-d184 @A: 18 22 13 15 | 08
#0227-d184 @A: 29 18 15 21 | 03
#0228-d184 @A: 12 15 18 02 | 09
#0229-d184 @A: 18 14 23 15 | 06
#0230-d184 @A: 04 15 18 25 | 04
#0231-d184 @A: 18 05 15 28 | 01
#0232-d184 @A: 34 08 18 15 | 05
#0233-d184 @A: 03 18 27 15 | 07
#0234-d184 @A: 26 17 18 15 | 11
#0235-d184 @A: 18 32 15 31 | 10
#0236-d184 @A: 16 18 35 15 | 02
#0237-d184 @A: 09 18 10 15 | 12
#0238-d184 @A: 18 08 15 20 | 08
#0239-d184 @A: 22 01 14 18 | 03
#0240-d184 @A: 29 18 08 01 | 09
#0241-d184 @A: 26 18 23 01 | 06
#0242-d184 @A: 25 18 32 01 | 04
#0243-d184 @A: 28 18 13 01 | 01
#0244-d184 @A: 01 21 03 18 | 05
#0245-d184 @A: 30 18 01 31 | 07
#0246-d184 @A: 35 18 07 01 | 11
#0247-d184 @A: 01 35 18 20 | 10
#0248-d184 @A: 10 01 27 18 | 02
#0249-d184 @A: 18 01 05 12 | 12
#0250-d184 @A: 04 01 16 18 | 08
#0251-d184 @A: 17 01 18 11 | 03
#0252-d184 @A: 22 18 19 29 | 09
#0253-d184 @A: 22 28 02 18 | 06
#0254-d184 @A: 18 21 23 22 | 04
#0255-d184 @A: 31 25 22 18 | 01
#0256-d184 @A: 18 22 34 27 | 05
#0257-d184 @A: 22 03 18 07 | 07
#0258-d184 @A: 18 11 26 22 | 11
#0259-d184 @A: 35 05 18 22 | 10
#0260-d184 @A: 10 16 18 22 | 02
#0261-d184 @A: 21 18 20 22 | 12
#0262-d184 @A: 09 18 22 04 | 08
#0263-d184 @A: 18 22 08 17 | 03
#0264-d184 @A: 18 22 20 19 | 09
#0265-d184 @A: 14 02 18 29 | 06
#0266-d184 @A: 12 18 29 23 | 04
#0267-d184 @A: 25 29 11 18 | 01
#0268-d184 @A: 28 29 18 09 | 05
#0269-d184 @A: 28 20 29 18 | 07
#0270-d184 @A: 34 07 18 29 | 11
#0271-d184 @A: 03 29 18 17 | 10
#0272-d184 @A: 18 30 29 26 | 02
#0273-d184 @A: 29 18 35 27 | 12
#0274-d184 @A: 10 13 18 29 | 08
#0275-d184 @A: 29 18 32 04 | 03
#0276-d184 @A: 18 04 02 23 | 09
#0277-d184 @A: 30 25 18 02 | 06
#0278-d184 @A: 18 34 02 13 | 04
#0279-d184 @A: 03 02 11 18 | 01
#0280-d184 @A: 26 02 16 18 | 05
#0281-d184 @A: 09 18 02 31 | 07
#0282-d184 @A: 19 18 35 02 | 11
#0283-d184 @A: 02 21 18 10 | 10
#0284-d184 @A: 20 02 18 14 | 02
#0285-d184 @A: 32 18 17 02 | 12
#0286-d184 @A: 18 07 08 02 | 08
#0287-d184 @A: 17 25 18 23 | 03
#0288-d184 @A: 18 27 23 28 | 09
#0289-d184 @A: 23 19 34 18 | 06
#0290-d184 @A: 18 31 03 23 | 04
#0291-d184 @A: 13 35 23 18 | 01
#0292-d184 @A: 23 07 10 18 | 05
#0293-d184 @A: 05 23 18 08 | 07
#0294-d184 @A: 23 32 11 18 | 11
#0295-d184 @A: 18 23 20 07 | 10
#0296-d184 @A: 16 25 34 18 | 02
#0297-d184 @A: 25 18 08 03 | 12
#0298-d184 @A: 26 18 25 21 | 08
#0299-d184 @A: 18 14 25 35 | 03
#0300-d184 @A: 18 10 25 19 | 09
#0301-d184 @A: 20 25 27 18 | 06
#0302-d184 @A: 18 05 25 09 | 04
#0303-d184 @A: 18 12 13 25 | 01
#0304-d184 @A: 21 34 18 28 | 05
#0305-d184 @A: 28 03 18 14 | 07
#0306-d184 @A: 18 26 32 28 | 11
#0307-d184 @A: 18 31 08 28 | 10
#0308-d184 @A: 10 18 28 35 | 02
#0309-d184 @A: 30 19 18 28 | 12
#0310-d184 @A: 07 28 16 18 | 08
#0311-d184 @A: 12 28 11 18 | 03
#0312-d184 @A: 30 18 34 03 | 09
#0313-d184 @A: 34 26 05 18 | 06
#0314-d184 @A: 31 34 14 18 | 04
#0315-d184 @A: 35 34 18 17 | 01
#0316-d184 @A: 32 10 34 18 | 05
#0317-d184 @A: 20 34 16 18 | 07
#0318-d184 @A: 34 11 18 09 | 11
#0319-d184 @A: 18 03 26 12 | 10
#0320-d184 @A: 03 35 18 09 | 02
#0321-d184 @A: 18 05 03 10 | 12
#0322-d184 @A: 20 18 03 05 | 08
#0323-d184 @A: 18 16 32 03 | 03
#0324-d184 @A: 18 13 31 26 | 09
#0325-d184 @A: 26 35 18 08 | 06
#0326-d184 @A: 26 10 18 04 | 04
#0327-d184 @A: 18 09 26 27 | 01
#0328-d184 @A: 26 11 18 20 | 05
#0329-d184 @A: 35 18 31 04 | 07
#0330-d184 @A: 10 12 31 18 | 11
#0331-d184 @A: 31 18 27 11 | 10
#0332-d184 @A: 16 18 31 05 | 02
#0333-d184 @A: 18 31 09 20 | 12
#0334-d184 @A: 18 07 31 17 | 08
#0335-d184 @A: 18 30 21 35 | 03
#0336-d184 @A: 30 10 18 14 | 09
#0337-d184 @A: 20 18 12 10 | 06
#0338-d184 @A: 21 18 27 17 | 04
#0339-d184 @A: 05 18 21 11 | 01
#0340-d184 @A: 18 04 07 21 | 05
#0341-d184 @A: 18 21 16 13 | 07
#0342-d184 @A: 18 19 14 21 | 11
#0343-d184 @A: 09 18 08 21 | 10
#0344-d184 @A: 32 21 18 12 | 02
#0345-d184 @A: 05 18 30 27 | 12
#0346-d184 @A: 17 18 04 30 | 08
#0347-d184 @A: 09 30 13 18 | 03
#0348-d184 @A: 11 16 30 18 | 09
#0349-d184 @A: 32 18 30 08 | 06
#0350-d184 @A: 12 18 07 30 | 04
#0351-d184 @A: 19 04 18 27 | 01
#0352-d184 @A: 27 07 13 18 | 05
#0353-d184 @A: 18 27 12 14 | 07
#0354-d184 @A: 27 08 16 18 | 11
#0355-d184 @A: 18 14 05 04 | 10
#0356-d184 @A: 18 17 19 05 | 02
#0357-d184 @A: 18 05 07 32 | 12
#0358-d184 @A: 11 13 18 04 | 08
#0359-d184 @A: 04 18 32 20 | 03
#0360-d184 @A: 12 08 04 18 | 09
#0361-d184 @A: 18 14 13 32 | 06
#0362-d184 @A: 08 19 18 13 | 04
#0363-d184 @A: 17 18 16 14 | 01
#0364-d184 @A: 14 09 18 07 | 05
#0365-d184 @A: 08 14 11 18 | 07
#0366-d184 @A: 19 18 16 12 | 11
#0367-d184 @A: 17 09 12 18 | 10
#0368-d184 @A: 19 18 09 32 | 02
#0369-d184 @A: 07 19 18 11 | 12
#0370-d184 @A: 24 33 03 15 | 08
#0371-d184 @A: 17 01 33 24 | 03
#0372-d184 @A: 22 24 07 33 | 09
#0373-d184 @A: 29 16 24 33 | 06
#0374-d184 @A: 33 19 02 24 | 04
#0375-d184 @A: 33 24 23 26 | 01
#0376-d184 @A: 24 23 33 20 | 05
#0377-d184 @A: 33 11 24 25 | 07
#0378-d184 @A: 28 33 09 24 | 11
#0379-d184 @A: 34 24 33 12 | 10
#0380-d184 @A: 04 33 24 31 | 02
#0381-d184 @A: 33 10 24 35 | 12
#0382-d184 @A: 33 24 05 27 | 08
#0383-d184 @A: 24 13 32 33 | 03
#0384-d184 @A: 14 24 08 33 | 09
#0385-d184 @A: 01 15 33 12 | 06
#0386-d184 @A: 15 33 32 22 | 04
#0387-d184 @A: 33 15 04 29 | 01
#0388-d184 @A: 15 13 33 02 | 05
#0389-d184 @A: 23 15 34 33 | 07
#0390-d184 @A: 15 33 08 25 | 11
#0391-d184 @A: 28 19 15 33 | 10
#0392-d184 @A: 15 33 27 26 | 02
#0393-d184 @A: 15 33 07 31 | 12
#0394-d184 @A: 15 35 33 17 | 08
#0395-d184 @A: 05 15 10 33 | 03
#0396-d184 @A: 15 33 11 21 | 09
#0397-d184 @A: 33 15 27 20 | 06
#0398-d184 @A: 14 16 15 33 | 04
#0399-d184 @A: 27 22 33 01 | 01
#0400-d184 @A: 29 01 33 07 | 05
#0401-d184 @A: 01 33 20 29 | 07
#0402-d184 @A: 16 33 01 02 | 11
#0403-d184 @A: 33 01 13 23 | 10
#0404-d184 @A: 19 25 01 33 | 02
#0405-d184 @A: 28 01 33 34 | 12
#0406-d184 @A: 03 01 30 33 | 08
#0407-d184 @A: 08 33 01 26 | 03
#0408-d184 @A: 33 31 01 14 | 09
#0409-d184 @A: 33 35 11 01 | 06
#0410-d184 @A: 10 33 21 01 | 04
#0411-d184 @A: 01 33 04 32 | 01
#0412-d184 @A: 02 30 33 22 | 05
#0413-d184 @A: 09 22 33 23 | 07
#0414-d184 @A: 25 33 22 13 | 11
#0415-d184 @A: 05 28 22 33 | 10
#0416-d184 @A: 17 33 34 22 | 02
#0417-d184 @A: 33 14 22 03 | 12
#0418-d184 @A: 26 16 33 22 | 08
#0419-d184 @A: 21 22 33 31 | 03
#0420-d184 @A: 35 22 19 33 | 09
#0421-d184 @A: 22 33 10 04 | 06
#0422-d184 @A: 30 20 33 22 | 04
#0423-d184 @A: 11 33 08 22 | 01
#0424-d184 @A: 33 29 02 11 | 05
#0425-d184 @A: 29 23 33 17 | 07
#0426-d184 @A: 12 33 25 29 | 11
#0427-d184 @A: 31 28 33 29 | 10
#0428-d184 @A: 27 34 29 33 | 02
#0429-d184 @A: 33 26 29 03 | 12
#0430-d184 @A: 35 29 33 13 | 08
#0431-d184 @A: 29 33 09 10 | 03
#0432-d184 @A: 33 14 21 29 | 09
#0433-d184 @A: 32 30 33 29 | 06
#0434-d184 @A: 29 19 33 08 | 04
#0435-d184 @A: 02 14 23 33 | 01
#0436-d184 @A: 25 21 02 33 | 05
#0437-d184 @A: 28 33 02 32 | 07
#0438-d184 @A: 05 02 33 34 | 11
#0439-d184 @A: 02 03 12 33 | 10
#0440-d184 @A: 26 02 09 33 | 02
#0441-d184 @A: 33 02 20 26 | 12
#0442-d184 @A: 33 02 17 31 | 08
#0443-d184 @A: 02 33 35 04 | 03
#0444-d184 @A: 33 10 02 08 | 09
#0445-d184 @A: 25 33 05 23 | 06
#0446-d184 @A: 33 07 23 28 | 04
#0447-d184 @A: 33 23 27 03 | 01
#0448-d184 @A: 08 33 31 23 | 05
#0449-d184 @A: 21 23 33 35 | 07
#0450-d184 @A: 10 32 23 33 | 11
#0451-d184 @A: 33 30 23 11 | 10
#0452-d184 @A: 12 19 33 23 | 02
#0453-d184 @A: 33 28 14 25 | 12
#0454-d184 @A: 33 32 03 25 | 08
#0455-d184 @A: 26 17 25 33 | 03
#0456-d184 @A: 27 25 33 31 | 09
#0457-d184 @A: 33 09 25 35 | 06
#0458-d184 @A: 25 16 33 10 | 04
#0459-d184 @A: 20 21 25 33 | 01
#0460-d184 @A: 04 25 33 30 | 05
#0461-d184 @A: 33 11 03 28 | 07
#0462-d184 @A: 30 33 26 28 | 11
#0463-d184 @A: 16 28 33 35 | 10
#0464-d184 @A: 10 28 33 13 | 02
#0465-d184 @A: 12 28 21 33 | 12
#0466-d184 @A: 08 04 28 33 | 08
#0467-d184 @A: 28 07 20 33 | 03
#0468-d184 @A: 07 33 03 34 | 09
#0469-d184 @A: 11 34 26 33 | 06
#0470-d184 @A: 33 34 31 16 | 04
#0471-d184 @A: 34 35 33 30 | 01
#0472-d184 @A: 14 33 34 10 | 05
#0473-d184 @A: 32 34 21 33 | 07
#0474-d184 @A: 04 33 34 20 | 11
#0475-d184 @A: 34 13 33 19 | 10
#0476-d184 @A: 08 09 33 34 | 02
#0477-d184 @A: 03 05 33 31 | 12
#0478-d184 @A: 33 08 03 35 | 08
#0479-d184 @A: 19 10 33 03 | 03
#0480-d184 @A: 20 10 33 03 | 09
#0481-d184 @A: 21 16 33 03 | 06
#0482-d184 @A: 03 04 33 09 | 04
#0483-d184 @A: 32 33 26 31 | 01
#0484-d184 @A: 33 35 26 05 | 05
#0485-d184 @A: 33 26 07 10 | 07
#0486-d184 @A: 26 04 19 33 | 11
#0487-d184 @A: 33 13 26 12 | 10
#0488-d184 @A: 35 12 33 31 | 02
#0489-d184 @A: 30 33 10 31 | 12
#0490-d184 @A: 09 33 31 11 | 08
#0491-d184 @A: 33 12 31 20 | 03
#0492-d184 @A: 33 20 10 35 | 09
#0493-d184 @A: 27 07 33 35 | 06
#0494-d184 @A: 10 27 33 17 | 04
#0495-d184 @A: 33 17 30 21 | 01
#0496-d184 @A: 21 27 09 33 | 05
#0497-d184 @A: 33 05 19 21 | 07
#0498-d184 @A: 13 33 04 21 | 11
#0499-d184 @A: 33 08 07 21 | 10
#0500-d184 @A: 33 27 19 30 | 02
#0501-d184 @A: 09 30 05 33 | 12
#0502-d184 @A: 30 33 07 13 | 08
#0503-d184 @A: 33 14 12 30 | 03
#0504-d184 @A: 33 08 30 16 | 09
#0505-d184 @A: 33 27 12 04 | 06
#0506-d184 @A: 27 14 33 13 | 04
#0507-d184 @A: 16 27 33 11 | 01
#0508-d184 @A: 32 08 33 27 | 05
#0509-d184 @A: 11 04 05 33 | 07
#0510-d184 @A: 33 13 05 08 | 11
#0511-d184 @A: 14 33 32 05 | 10
#0512-d184 @A: 20 14 05 33 | 02
#0513-d184 @A: 33 12 05 16 | 12
#0514-d184 @A: 17 05 33 07 | 08
#0515-d184 @A: 14 07 04 33 | 03
#0516-d184 @A: 16 33 17 04 | 09
#0517-d184 @A: 16 09 13 33 | 06
#0518-d184 @A: 33 13 17 11 | 04
#0519-d184 @A: 33 20 19 13 | 01
#0520-d184 @A: 17 33 09 14 | 05
#0521-d184 @A: 14 11 33 19 | 07
#0522-d184 @A: 16 07 33 32 | 11
#0523-d184 @A: 33 16 08 20 | 10
#0524-d184 @A: 09 32 12 33 | 02
#0525-d184 @A: 09 20 32 33 | 12
#0526-d184 @A: 07 19 33 09 | 08
#0527-d184 @A: 32 19 33 17 | 03
#0528-d184 @A: 17 33 12 08 | 09
#0529-d184 @A: 11 12 33 07 | 06
#0530-d184 @A: 15 01 24 13 | 04
#0531-d184 @A: 15 24 27 22 | 01
#0532-d184 @A: 23 29 15 24 | 05
#0533-d184 @A: 15 02 24 17 | 07
#0534-d184 @A: 21 15 25 24 | 11
#0535-d184 @A: 15 24 12 28 | 10
#0536-d184 @A: 24 04 15 34 | 02
#0537-d184 @A: 26 15 05 24 | 12
#0538-d184 @A: 15 26 20 24 | 08
#0539-d184 @A: 31 15 08 24 | 03
#0540-d184 @A: 24 15 35 09 | 09
#0541-d184 @A: 24 10 15 14 | 06
#0542-d184 @A: 24 30 16 15 | 04
#0543-d184 @A: 15 24 07 19 | 01
#0544-d184 @A: 05 22 24 01 | 05
#0545-d184 @A: 29 12 01 24 | 07
#0546-d184 @A: 24 02 01 08 | 11
#0547-d184 @A: 23 01 11 24 | 10
#0548-d184 @A: 24 25 09 01 | 02
#0549-d184 @A: 28 24 30 01 | 12
#0550-d184 @A: 03 01 14 24 | 08
#0551-d184 @A: 26 27 24 01 | 03
#0552-d184 @A: 01 32 24 31 | 09
#0553-d184 @A: 24 01 35 16 | 06
#0554-d184 @A: 01 24 10 19 | 04
#0555-d184 @A: 07 21 01 24 | 01
#0556-d184 @A: 20 04 24 01 | 05
#0557-d184 @A: 29 22 24 02 | 07
#0558-d184 @A: 23 24 22 13 | 11
#0559-d184 @A: 08 25 22 24 | 10
#0560-d184 @A: 28 11 24 22 | 02
#0561-d184 @A: 24 22 16 34 | 12
#0562-d184 @A: 03 24 22 04 | 08
#0563-d184 @A: 24 22 26 14 | 03
#0564-d184 @A: 22 31 30 24 | 09
#0565-d184 @A: 31 24 22 20 | 06
#0566-d184 @A: 22 24 35 21 | 04
#0567-d184 @A: 24 10 22 12 | 01
#0568-d184 @A: 19 24 17 22 | 05
#0569-d184 @A: 04 25 24 29 | 07
#0570-d184 @A: 24 20 29 25 | 11
#0571-d184 @A: 29 28 17 24 | 10
#0572-d184 @A: 24 34 05 29 | 02
#0573-d184 @A: 07 29 03 24 | 12
#0574-d184 @A: 26 11 29 24 | 08
#0575-d184 @A: 35 24 29 19 | 03
#0576-d184 @A: 10 29 24 32 | 09
#0577-d184 @A: 21 13 24 29 | 06
#0578-d184 @A: 24 30 29 08 | 04
#0579-d184 @A: 09 24 29 14 | 01
#0580-d184 @A: 02 21 24 23 | 05
#0581-d184 @A: 34 24 02 25 | 07
#0582-d184 @A: 24 28 13 02 | 11
#0583-d184 @A: 24 09 02 03 | 10
#0584-d184 @A: 24 02 04 26 | 02
#0585-d184 @A: 24 31 02 27 | 12
#0586-d184 @A: 24 02 35 32 | 08
#0587-d184 @A: 10 16 02 24 | 03
#0588-d184 @A: 30 24 12 02 | 09
#0589-d184 @A: 07 14 02 24 | 06
#0590-d184 @A: 24 02 12 20 | 04
#0591-d184 @A: 23 25 14 24 | 01
#0592-d184 @A: 24 28 23 19 | 05
#0593-d184 @A: 34 24 17 23 | 07
#0594-d184 @A: 03 24 05 23 | 11
#0595-d184 @A: 31 24 16 23 | 10
#0596-d184 @A: 24 23 04 35 | 02
#0597-d184 @A: 10 24 27 23 | 12
#0598-d184 @A: 09 07 23 24 | 08
#0599-d184 @A: 32 23 24 12 | 03
#0600-d184 @A: 24 25 16 28 | 09
#0601-d184 @A: 03 25 12 24 | 06
#0602-d184 @A: 24 25 26 32 | 04
#0603-d184 @A: 05 25 24 31 | 01
#0604-d184 @A: 35 24 30 25 | 05
#0605-d184 @A: 17 10 25 24 | 07
#0606-d184 @A: 13 07 25 24 | 11
#0607-d184 @A: 24 34 28 27 | 10
#0608-d184 @A: 32 24 03 28 | 02
#0609-d184 @A: 24 08 28 26 | 12
#0610-d184 @A: 24 31 28 21 | 08
#0611-d184 @A: 14 35 28 24 | 03
#0612-d184 @A: 10 07 24 28 | 09
#0613-d184 @A: 05 20 24 28 | 06
#0614-d184 @A: 26 24 34 03 | 04
#0615-d184 @A: 24 11 31 34 | 01
#0616-d184 @A: 08 35 24 34 | 05
#0617-d184 @A: 24 10 34 21 | 07
#0618-d184 @A: 34 20 21 24 | 11
#0619-d184 @A: 34 24 30 13 | 10
#0620-d184 @A: 14 24 34 19 | 02
#0621-d184 @A: 24 32 34 09 | 12
#0622-d184 @A: 24 31 13 03 | 08
#0623-d184 @A: 24 03 27 35 | 03
#0624-d184 @A: 03 24 11 10 | 09
#0625-d184 @A: 03 24 17 30 | 06
#0626-d184 @A: 24 08 16 03 | 04
#0627-d184 @A: 17 20 03 24 | 01
#0628-d184 @A: 19 24 31 26 | 05
#0629-d184 @A: 24 13 35 26 | 07
#0630-d184 @A: 10 26 30 24 | 11
#0631-d184 @A: 21 24 26 17 | 10
#0632-d184 @A: 09 26 12 24 | 02
#0633-d184 @A: 24 31 07 35 | 12
#0634-d184 @A: 09 24 31 10 | 08
#0635-d184 @A: 31 17 24 14 | 03
#0636-d184 @A: 11 35 24 05 | 09
#0637-d184 @A: 24 35 20 08 | 06
#0638-d184 @A: 24 10 20 27 | 04
#0639-d184 @A: 05 04 10 24 | 01
#0640-d184 @A: 11 21 24 30 | 05
#0641-d184 @A: 27 24 19 21 | 07
#0642-d184 @A: 21 09 05 24 | 11
#0643-d184 @A: 04 21 24 32 | 10
#0644-d184 @A: 16 24 14 21 | 02
#0645-d184 @A: 24 08 12 21 | 12
#0646-d184 @A: 27 24 09 30 | 08
#0647-d184 @A: 05 30 19 24 | 03
#0648-d184 @A: 24 05 30 20 | 09
#0649-d184 @A: 04 14 30 24 | 06
#0650-d184 @A: 32 30 07 24 | 04
#0651-d184 @A: 11 27 24 04 | 01
#0652-d184 @A: 24 13 08 27 | 05
#0653-d184 @A: 27 14 24 32 | 07
#0654-d184 @A: 16 12 27 24 | 11
#0655-d184 @A: 24 27 07 17 | 10
#0656-d184 @A: 24 05 14 13 | 02
#0657-d184 @A: 05 24 16 17 | 12
#0658-d184 @A: 08 32 05 24 | 08
#0659-d184 @A: 12 24 05 07 | 03
#0660-d184 @A: 24 04 13 16 | 09
#0661-d184 @A: 09 19 24 04 | 06
#0662-d184 @A: 17 24 12 04 | 04
#0663-d184 @A: 04 07 24 08 | 01
#0664-d184 @A: 24 11 09 13 | 05
#0665-d184 @A: 12 13 24 19 | 07
#0666-d184 @A: 24 19 20 14 | 11
#0667-d184 @A: 24 12 14 11 | 10
#0668-d184 @A: 19 32 16 24 | 02
#0669-d184 @A: 07 11 16 24 | 12
#0670-d184 @A: 07 20 16 24 | 08
#0671-d184 @A: 08 09 24 17 | 03
#0672-d184 @A: 11 17 24 32 | 09
#0673-d184 @A: 24 20 32 11 | 06
#0674-d184 @A: 11 19 24 08 | 04
#0675-d184 @A: 15 01 22 08 | 01
#0676-d184 @A: 29 01 15 09 | 05
#0677-d184 @A: 02 01 15 04 | 07
#0678-d184 @A: 15 01 27 23 | 11
#0679-d184 @A: 25 15 01 05 | 10
#0680-d184 @A: 01 28 26 15 | 02
#0681-d184 @A: 20 28 01 15 | 12
#0682-d184 @A: 17 34 01 15 | 08
#0683-d184 @A: 03 15 01 11 | 03
#0684-d184 @A: 21 31 15 01 | 09
#0685-d184 @A: 01 35 15 30 | 06
#0686-d184 @A: 15 01 10 07 | 04
#0687-d184 @A: 16 32 15 01 | 01
#0688-d184 @A: 29 14 15 22 | 05
#0689-d184 @A: 22 03 02 15 | 07
#0690-d184 @A: 22 30 23 15 | 11
#0691-d184 @A: 22 25 15 12 | 10
#0692-d184 @A: 04 15 22 28 | 02
#0693-d184 @A: 05 34 15 22 | 12
#0694-d184 @A: 17 22 15 31 | 08
#0695-d184 @A: 15 35 07 22 | 03
#0696-d184 @A: 15 22 21 10 | 09
#0697-d184 @A: 20 22 14 15 | 06
#0698-d184 @A: 09 22 16 15 | 04
#0699-d184 @A: 19 22 15 11 | 01
#0700-d184 @A: 29 02 15 05 | 05
#0701-d184 @A: 29 15 25 32 | 07
#0702-d184 @A: 28 15 30 29 | 11
#0703-d184 @A: 15 26 34 29 | 10
#0704-d184 @A: 03 29 16 15 | 02
#0705-d184 @A: 15 13 29 31 | 12
#0706-d184 @A: 15 12 35 29 | 08
#0707-d184 @A: 17 15 29 10 | 03
#0708-d184 @A: 15 19 27 29 | 09
#0709-d184 @A: 29 05 15 20 | 06
#0710-d184 @A: 29 15 08 07 | 04
#0711-d184 @A: 23 16 15 02 | 01
#0712-d184 @A: 25 14 02 15 | 05
#0713-d184 @A: 02 28 21 15 | 07
#0714-d184 @A: 02 15 09 34 | 11
#0715-d184 @A: 02 15 07 26 | 10
#0716-d184 @A: 15 02 19 31 | 02
#0717-d184 @A: 35 11 02 15 | 12
#0718-d184 @A: 10 32 15 02 | 08
#0719-d184 @A: 27 30 02 15 | 03
#0720-d184 @A: 20 02 15 07 | 09
#0721-d184 @A: 25 19 15 23 | 06
#0722-d184 @A: 28 32 23 15 | 04
#0723-d184 @A: 15 23 03 07 | 01
#0724-d184 @A: 20 23 15 03 | 05
#0725-d184 @A: 26 15 11 23 | 07
#0726-d184 @A: 23 15 31 05 | 11
#0727-d184 @A: 35 23 15 10 | 10
#0728-d184 @A: 15 21 23 13 | 02
#0729-d184 @A: 17 15 04 23 | 12
#0730-d184 @A: 09 15 08 23 | 08
#0731-d184 @A: 28 15 25 09 | 03
#0732-d184 @A: 07 25 34 15 | 09
#0733-d184 @A: 15 25 03 17 | 06
#0734-d184 @A: 16 25 15 26 | 04
#0735-d184 @A: 11 15 25 31 | 01
#0736-d184 @A: 13 25 35 15 | 05
#0737-d184 @A: 25 27 15 10 | 07
#0738-d184 @A: 25 15 32 20 | 11
#0739-d184 @A: 15 34 28 16 | 10
#0740-d184 @A: 28 31 03 15 | 02
#0741-d184 @A: 35 28 15 08 | 12
#0742-d184 @A: 15 28 10 11 | 08
#0743-d184 @A: 15 13 27 28 | 03
#0744-d184 @A: 15 14 28 07 | 09
#0745-d184 @A: 34 12 03 15 | 06
#0746-d184 @A: 15 34 30 31 | 04
#0747-d184 @A: 34 19 15 35 | 01
#0748-d184 @A: 13 10 15 34 | 05
#0749-d184 @A: 34 15 27 32 | 07
#0750-d184 @A: 34 11 15 14 | 11
#0751-d184 @A: 04 03 15 26 | 10
#0752-d184 @A: 15 35 03 21 | 02
#0753-d184 @A: 10 30 03 15 | 12
#0754-d184 @A: 03 15 13 32 | 08
#0755-d184 @A: 03 14 09 15 | 03
#0756-d184 @A: 08 15 03 19 | 09
#0757-d184 @A: 12 26 15 31 | 06
#0758-d184 @A: 15 35 32 26 | 04
#0759-d184 @A: 10 08 15 26 | 01
#0760-d184 @A: 21 15 26 14 | 05
#0761-d184 @A: 09 30 26 15 | 07
#0762-d184 @A: 19 15 26 13 | 11
#0763-d184 @A: 14 15 31 35 | 10
#0764-d184 @A: 15 16 10 31 | 02
#0765-d184 @A: 21 20 15 31 | 12
#0766-d184 @A: 15 09 31 27 | 08
#0767-d184 @A: 04 35 05 15 | 03
#0768-d184 @A: 20 35 16 15 | 09
#0769-d184 @A: 10 12 04 15 | 06
#0770-d184 @A: 15 10 20 04 | 04
#0771-d184 @A: 30 21 15 07 | 01
#0772-d184 @A: 21 27 12 15 | 05
#0773-d184 @A: 32 21 05 15 | 07
#0774-d184 @A: 15 21 08 04 | 11
#0775-d184 @A: 21 15 19 16 | 10
#0776-d184 @A: 09 21 17 15 | 02
#0777-d184 @A: 05 14 15 30 | 12
#0778-d184 @A: 15 30 04 19 | 08
#0779-d184 @A: 11 15 30 13 | 03
#0780-d184 @A: 15 20 16 30 | 09
#0781-d184 @A: 32 30 17 15 | 06
#0782-d184 @A: 12 08 30 15 | 04
#0783-d184 @A: 05 27 15 11 | 01
#0784-d184 @A: 04 07 27 15 | 05
#0785-d184 @A: 08 27 14 15 | 07
#0786-d184 @A: 15 27 16 17 | 11
#0787-d184 @A: 15 13 05 07 | 10
#0788-d184 @A: 05 15 16 08 | 02
#0789-d184 @A: 09 19 15 05 | 12
#0790-d184 @A: 05 15 17 12 | 08
#0791-d184 @A: 09 04 15 13 | 03
#0792-d184 @A: 32 04 14 15 | 09
#0793-d184 @A: 11 16 04 15 | 06
#0794-d184 @A: 14 12 15 13 | 04
#0795-d184 @A: 13 15 08 17 | 01
#0796-d184 @A: 20 11 13 15 | 05
#0797-d184 @A: 14 15 19 17 | 07
#0798-d184 @A: 15 16 12 07 | 11
#0799-d184 @A: 07 15 32 09 | 10
#0800-d184 @A: 15 19 09 20 | 02
#0801-d184 @A: 12 15 11 09 | 12
#0802-d184 @A: 20 15 17 12 | 08
#0803-d184 @A: 15 17 07 11 | 03
#0804-d184 @A: 19 32 15 12 | 09
#0805-d184 @A: 15 11 32 08 | 06
#0806-d184 @A: 29 01 22 30 | 04
#0807-d184 @A: 13 01 02 22 | 01
#0808-d184 @A: 02 22 20 01 | 05
#0809-d184 @A: 22 01 07 23 | 07
#0810-d184 @A: 01 22 25 28 | 11
#0811-d184 @A: 34 22 09 01 | 10
#0812-d184 @A: 01 17 03 22 | 02
#0813-d184 @A: 01 32 22 26 | 12
#0814-d184 @A: 22 01 35 04 | 08
#0815-d184 @A: 22 11 01 10 | 03
#0816-d184 @A: 01 16 21 22 | 09
#0817-d184 @A: 19 22 12 01 | 06
#0818-d184 @A: 29 27 01 02 | 04
#0819-d184 @A: 29 23 01 19 | 01
#0820-d184 @A: 25 01 16 29 | 05
#0821-d184 @A: 32 01 29 28 | 07
#0822-d184 @A: 01 14 34 29 | 11
#0823-d184 @A: 29 01 03 13 | 10
#0824-d184 @A: 05 01 26 29 | 02
#0825-d184 @A: 11 29 31 01 | 12
#0826-d184 @A: 01 35 29 21 | 08
#0827-d184 @A: 10 04 01 29 | 03
#0828-d184 @A: 01 02 17 23 | 09
#0829-d184 @A: 01 25 31 02 | 06
#0830-d184 @A: 02 01 28 09 | 04
#0831-d184 @A: 21 02 01 34 | 01
#0832-d184 @A: 01 19 03 02 | 05
#0833-d184 @A: 01 14 26 02 | 07
#0834-d184 @A: 01 02 35 12 | 11
#0835-d184 @A: 10 02 05 01 | 10
#0836-d184 @A: 11 01 30 02 | 02
#0837-d184 @A: 01 32 02 07 | 12
#0838-d184 @A: 20 02 11 01 | 08
#0839-d184 @A: 23 04 25 01 | 03
#0840-d184 @A: 28 14 01 23 | 09
#0841-d184 @A: 34 08 23 01 | 06
#0842-d184 @A: 16 03 23 01 | 04
#0843-d184 @A: 31 09 23 01 | 01
#0844-d184 @A: 35 01 23 32 | 05
#0845-d184 @A: 01 23 12 10 | 07
#0846-d184 @A: 01 21 05 23 | 11
#0847-d184 @A: 30 23 20 01 | 10
#0848-d184 @A: 34 01 25 12 | 02
#0849-d184 @A: 27 25 03 01 | 12
#0850-d184 @A: 25 01 07 26 | 08
#0851-d184 @A: 25 01 35 08 | 03
#0852-d184 @A: 25 10 01 14 | 09
#0853-d184 @A: 01 21 11 25 | 06
#0854-d184 @A: 25 30 17 01 | 04
#0855-d184 @A: 25 01 20 05 | 01
#0856-d184 @A: 08 03 28 01 | 05
#0857-d184 @A: 19 28 01 31 | 07
#0858-d184 @A: 35 28 01 17 | 11
#0859-d184 @A: 16 01 28 10 | 10
#0860-d184 @A: 01 12 27 28 | 02
#0861-d184 @A: 01 05 28 07 | 12
#0862-d184 @A: 04 28 11 01 | 08
#0863-d184 @A: 01 03 34 04 | 03
#0864-d184 @A: 01 34 13 26 | 09
#0865-d184 @A: 34 31 07 01 | 06
#0866-d184 @A: 27 34 01 35 | 04
#0867-d184 @A: 30 34 10 01 | 01
#0868-d184 @A: 01 34 32 05 | 05
#0869-d184 @A: 11 01 19 34 | 07
#0870-d184 @A: 01 20 12 34 | 11
#0871-d184 @A: 26 03 01 09 | 10
#0872-d184 @A: 12 03 31 01 | 02
#0873-d184 @A: 20 31 03 01 | 12
#0874-d184 @A: 01 05 35 03 | 08
#0875-d184 @A: 32 01 10 03 | 03
#0876-d184 @A: 16 26 31 01 | 09
#0877-d184 @A: 19 01 26 35 | 06
#0878-d184 @A: 26 01 10 17 | 04
#0879-d184 @A: 26 01 04 21 | 01
#0880-d184 @A: 01 30 12 26 | 05
#0881-d184 @A: 26 16 20 01 | 07
#0882-d184 @A: 31 10 01 35 | 11
#0883-d184 @A: 31 01 04 27 | 10
#0884-d184 @A: 17 05 31 01 | 02
#0885-d184 @A: 13 08 01 31 | 12
#0886-d184 @A: 35 14 01 13 | 08
#0887-d184 @A: 13 01 09 10 | 03
#0888-d184 @A: 20 01 13 10 | 09
#0889-d184 @A: 30 21 13 01 | 06
#0890-d184 @A: 01 21 14 27 | 04
#0891-d184 @A: 21 09 19 01 | 01
#0892-d184 @A: 21 01 20 09 | 05
#0893-d184 @A: 12 17 01 21 | 07
#0894-d184 @A: 21 01 08 32 | 11
#0895-d184 @A: 27 01 30 07 | 10
#0896-d184 @A: 30 01 16 05 | 02
#0897-d184 @A: 01 09 04 30 | 12
#0898-d184 @A: 14 30 32 01 | 08
#0899-d184 @A: 30 01 08 19 | 03
#0900-d184 @A: 01 05 27 08 | 09
#0901-d184 @A: 13 17 01 27 | 06
#0902-d184 @A: 27 01 16 09 | 04
#0903-d184 @A: 32 27 11 01 | 01
#0904-d184 @A: 20 01 08 27 | 05
#0905-d184 @A: 13 04 05 01 | 07
#0906-d184 @A: 01 19 14 05 | 11
#0907-d184 @A: 05 11 01 09 | 10
#0908-d184 @A: 01 04 14 12 | 02
#0909-d184 @A: 08 17 01 04 | 12
#0910-d184 @A: 01 07 19 04 | 08
#0911-d184 @A: 12 16 13 01 | 03
#0912-d184 @A: 19 13 32 01 | 09
#0913-d184 @A: 13 01 11 07 | 06
#0914-d184 @A: 01 14 11 16 | 04
#0915-d184 @A: 09 08 01 14 | 01
#0916-d184 @A: 07 14 01 17 | 05
#0917-d184 @A: 01 14 32 20 | 07
#0918-d184 @A: 16 17 01 19 | 11
#0919-d184 @A: 07 01 08 16 | 10
#0920-d184 @A: 17 09 32 01 | 02
#0921-d184 @A: 01 07 12 09 | 12
#0922-d184 @A: 17 20 01 19 | 08
#0923-d184 @A: 08 01 11 12 | 03
#0924-d184 @A: 11 23 29 22 | 09
#0925-d184 @A: 29 25 22 17 | 06
#0926-d184 @A: 28 22 29 12 | 04
#0927-d184 @A: 29 34 22 13 | 01
#0928-d184 @A: 22 03 29 32 | 05
#0929-d184 @A: 22 07 29 26 | 07
#0930-d184 @A: 31 22 16 29 | 11
#0931-d184 @A: 35 22 29 09 | 10
#0932-d184 @A: 29 10 27 22 | 02
#0933-d184 @A: 21 04 29 22 | 12
#0934-d184 @A: 08 05 22 29 | 08
#0935-d184 @A: 22 20 32 29 | 03
#0936-d184 @A: 23 19 22 02 | 09
#0937-d184 @A: 22 25 02 09 | 06
#0938-d184 @A: 22 32 02 34 | 04
#0939-d184 @A: 22 02 21 26 | 01
#0940-d184 @A: 31 22 02 08 | 05
#0941-d184 @A: 27 35 22 02 | 07
#0942-d184 @A: 02 10 17 22 | 11
#0943-d184 @A: 16 22 05 02 | 10
#0944-d184 @A: 22 04 02 07 | 02
#0945-d184 @A: 12 11 22 02 | 12
#0946-d184 @A: 22 23 25 16 | 08
#0947-d184 @A: 22 17 28 23 | 03
#0948-d184 @A: 23 22 34 14 | 09
#0949-d184 @A: 34 22 23 20 | 06
#0950-d184 @A: 22 03 23 12 | 04
#0951-d184 @A: 23 04 26 22 | 01
#0952-d184 @A: 23 27 31 22 | 05
#0953-d184 @A: 08 35 23 22 | 07
#0954-d184 @A: 22 05 23 10 | 11
#0955-d184 @A: 25 04 22 34 | 10
#0956-d184 @A: 03 25 22 30 | 02
#0957-d184 @A: 19 25 26 22 | 12
#0958-d184 @A: 35 22 25 10 | 08
#0959-d184 @A: 22 11 25 27 | 03
#0960-d184 @A: 07 22 25 05 | 09
#0961-d184 @A: 20 22 04 25 | 06
#0962-d184 @A: 14 22 25 32 | 04
#0963-d184 @A: 22 28 07 34 | 01
#0964-d184 @A: 03 22 09 28 | 05
#0965-d184 @A: 22 28 13 26 | 07
#0966-d184 @A: 22 31 28 14 | 11
#0967-d184 @A: 32 22 28 35 | 10
#0968-d184 @A: 28 30 10 22 | 02
#0969-d184 @A: 28 21 27 22 | 12
#0970-d184 @A: 28 08 16 22 | 08
#0971-d184 @A: 21 34 03 22 | 03
#0972-d184 @A: 30 22 26 34 | 09
#0973-d184 @A: 31 22 34 12 | 06
#0974-d184 @A: 35 34 22 11 | 04
#0975-d184 @A: 10 19 34 22 | 01
#0976-d184 @A: 03 22 26 27 | 05
#0977-d184 @A: 03 11 22 31 | 07
#0978-d184 @A: 22 35 16 03 | 11
#0979-d184 @A: 10 08 22 03 | 10
#0980-d184 @A: 22 03 19 05 | 02
#0981-d184 @A: 03 20 22 08 | 12
#0982-d184 @A: 05 22 26 31 | 08
#0983-d184 @A: 35 26 22 17 | 03
#0984-d184 @A: 26 22 09 10 | 09
#0985-d184 @A: 26 22 20 10 | 06
#0986-d184 @A: 12 22 26 08 | 04
#0987-d184 @A: 13 22 31 35 | 01
#0988-d184 @A: 22 10 32 31 | 05
#0989-d184 @A: 22 31 19 04 | 07
#0990-d184 @A: 22 09 31 07 | 11
#0991-d184 @A: 14 22 30 35 | 10
#0992-d184 @A: 17 35 22 20 | 02
#0993-d184 @A: 13 22 14 10 | 12
#0994-d184 @A: 22 21 19 30 | 08
#0995-d184 @A: 13 05 21 22 | 03
#0996-d184 @A: 22 21 14 08 | 09
#0997-d184 @A: 22 21 32 09 | 06
#0998-d184 @A: 22 21 11 17 | 04
#0999-d184 @A: 12 22 07 21 | 01
#1000-d184 @A: 27 22 12 30 | 05
#1001-d184 @A: 22 30 04 05 | 07
#1002-d184 @A: 13 32 22 30 | 11
#1003-d184 @A: 16 22 30 17 | 10
#1004-d184 @A: 30 11 22 09 | 02
#1005-d184 @A: 07 08 22 30 | 12
#1006-d184 @A: 32 27 22 05 | 08
#1007-d184 @A: 27 04 08 22 | 03
#1008-d184 @A: 19 22 13 27 | 09
#1009-d184 @A: 07 14 27 22 | 06
#1010-d184 @A: 17 27 22 09 | 04
#1011-d184 @A: 27 09 22 20 | 01
#1012-d184 @A: 05 22 13 20 | 05
#1013-d184 @A: 11 22 14 05 | 07
#1014-d184 @A: 12 09 22 05 | 11
#1015-d184 @A: 13 12 22 04 | 10
#1016-d184 @A: 04 17 22 14 | 02
#1017-d184 @A: 16 04 32 22 | 12
#1018-d184 @A: 13 16 22 11 | 08
#1019-d184 @A: 22 13 08 09 | 03
#1020-d184 @A: 22 07 13 17 | 09
#1021-d184 @A: 16 14 22 12 | 06
#1022-d184 @A: 19 22 09 14 | 04
#1023-d184 @A: 22 07 19 16 | 01
#1024-d184 @A: 20 22 16 11 | 05
#1025-d184 @A: 12 17 22 32 | 07
#1026-d184 @A: 32 22 19 08 | 11
#1027-d184 @A: 22 07 11 32 | 10
#1028-d184 @A: 12 07 22 20 | 02
#1029-d184 @A: 09 02 29 23 | 12
#1030-d184 @A: 29 25 13 02 | 08
#1031-d184 @A: 28 02 16 29 | 03
#1032-d184 @A: 17 02 34 29 | 09
#1033-d184 @A: 21 02 03 29 | 06
#1034-d184 @A: 26 29 02 32 | 04
#1035-d184 @A: 12 31 02 29 | 01
#1036-d184 @A: 29 08 35 02 | 05
#1037-d184 @A: 10 07 29 02 | 07
#1038-d184 @A: 20 21 02 29 | 11
#1039-d184 @A: 02 04 29 30 | 10
#1040-d184 @A: 27 23 25 29 | 02
#1041-d184 @A: 29 13 28 23 | 12
#1042-d184 @A: 03 29 34 23 | 08
#1043-d184 @A: 29 23 26 16 | 03
#1044-d184 @A: 23 04 31 29 | 09
#1045-d184 @A: 23 30 29 35 | 06
#1046-d184 @A: 23 29 08 10 | 04
#1047-d184 @A: 05 23 14 29 | 01
#1048-d184 @A: 07 32 23 29 | 05
#1049-d184 @A: 23 20 19 29 | 07
#1050-d184 @A: 29 25 05 28 | 11
#1051-d184 @A: 29 08 25 34 | 10
#1052-d184 @A: 03 19 29 25 | 02
#1053-d184 @A: 09 25 29 26 | 12
#1054-d184 @A: 31 29 21 25 | 08
#1055-d184 @A: 29 25 07 35 | 03
#1056-d184 @A: 29 25 30 10 | 09
#1057-d184 @A: 11 29 34 28 | 06
#1058-d184 @A: 27 28 03 29 | 04
#1059-d184 @A: 26 29 28 19 | 01
#1060-d184 @A: 04 35 28 29 | 05
#1061-d184 @A: 29 14 10 28 | 07
#1062-d184 @A: 07 21 28 29 | 11
#1063-d184 @A: 29 34 31 32 | 10
#1064-d184 @A: 34 29 35 10 | 02
#1065-d184 @A: 20 34 29 35 | 12
#1066-d184 @A: 19 29 34 21 | 08
#1067-d184 @A: 09 34 30 29 | 03
#1068-d184 @A: 29 16 12 34 | 09
#1069-d184 @A: 08 29 03 31 | 06
#1070-d184 @A: 29 35 03 11 | 04
#1071-d184 @A: 29 10 03 12 | 01
#1072-d184 @A: 05 09 29 03 | 05
#1073-d184 @A: 03 29 04 14 | 07
#1074-d184 @A: 29 03 07 20 | 11
#1075-d184 @A: 29 17 26 31 | 10
#1076-d184 @A: 26 14 29 35 | 02
#1077-d184 @A: 29 10 26 21 | 12
#1078-d184 @A: 26 29 27 08 | 08
#1079-d184 @A: 26 29 13 04 | 03
#1080-d184 @A: 29 09 26 20 | 09
#1081-d184 @A: 29 05 31 35 | 06
#1082-d184 @A: 31 10 19 29 | 04
#1083-d184 @A: 31 30 29 07 | 01
#1084-d184 @A: 20 30 31 29 | 05
#1085-d184 @A: 27 31 14 29 | 07
#1086-d184 @A: 29 17 16 35 | 11
#1087-d184 @A: 11 29 16 10 | 10
#1088-d184 @A: 20 07 10 29 | 02
#1089-d184 @A: 16 21 30 29 | 12
#1090-d184 @A: 27 32 29 21 | 08
#1091-d184 @A: 21 29 05 17 | 03
#1092-d184 @A: 09 21 12 29 | 09
#1093-d184 @A: 11 29 21 08 | 06
#1094-d184 @A: 27 29 11 30 | 04
#1095-d184 @A: 29 13 30 05 | 01
#1096-d184 @A: 17 14 29 30 | 05
#1097-d184 @A: 12 19 30 29 | 07
#1098-d184 @A: 27 29 12 05 | 11
#1099-d184 @A: 17 04 29 27 | 10
#1100-d184 @A: 13 27 09 29 | 02
#1101-d184 @A: 27 16 29 07 | 12
#1102-d184 @A: 17 27 29 20 | 08
#1103-d184 @A: 04 16 05 29 | 03
#1104-d184 @A: 05 32 29 19 | 09
#1105-d184 @A: 05 07 11 29 | 06
#1106-d184 @A: 04 09 29 08 | 04
#1107-d184 @A: 19 04 11 29 | 01
#1108-d184 @A: 04 29 12 07 | 05
#1109-d184 @A: 14 11 29 13 | 07
#1110-d184 @A: 29 08 16 13 | 11
#1111-d184 @A: 29 19 17 13 | 10
#1112-d184 @A: 32 29 13 12 | 02
#1113-d184 @A: 20 13 29 08 | 12
#1114-d184 @A: 14 32 29 16 | 08
#1115-d184 @A: 29 19 14 07 | 03
#1116-d184 @A: 12 08 14 29 | 09
#1117-d184 @A: 14 29 11 20 | 06
#1118-d184 @A: 09 19 29 16 | 04
#1119-d184 @A: 20 16 12 29 | 01
#1120-d184 @A: 09 07 29 17 | 05
#1121-d184 @A: 11 29 09 32 | 07
#1122-d184 @A: 29 17 32 08 | 11
#1123-d184 @A: 29 17 11 12 | 10
#1124-d184 @A: 02 25 23 03 | 02
#1125-d184 @A: 28 11 23 02 | 12
#1126-d184 @A: 23 02 34 07 | 08
#1127-d184 @A: 23 27 26 02 | 03
#1128-d184 @A: 23 32 31 02 | 09
#1129-d184 @A: 05 23 35 02 | 06
#1130-d184 @A: 23 02 10 30 | 04
#1131-d184 @A: 02 20 23 32 | 01
#1132-d184 @A: 12 08 02 23 | 05
#1133-d184 @A: 02 25 28 19 | 07
#1134-d184 @A: 02 08 25 26 | 11
#1135-d184 @A: 35 25 02 16 | 10
#1136-d184 @A: 02 11 10 25 | 02
#1137-d184 @A: 02 25 04 27 | 12
#1138-d184 @A: 05 12 25 02 | 08
#1139-d184 @A: 02 07 17 25 | 03
#1140-d184 @A: 25 19 02 20 | 09
#1141-d184 @A: 34 02 28 12 | 06
#1142-d184 @A: 03 02 30 28 | 04
#1143-d184 @A: 26 02 28 17 | 01
#1144-d184 @A: 20 31 02 28 | 05
#1145-d184 @A: 35 02 07 28 | 07
#1146-d184 @A: 28 04 02 10 | 11
#1147-d184 @A: 28 27 08 02 | 10
#1148-d184 @A: 02 28 05 14 | 02
#1149-d184 @A: 03 02 16 34 | 12
#1150-d184 @A: 02 26 19 34 | 08
#1151-d184 @A: 02 34 04 31 | 03
#1152-d184 @A: 02 14 35 34 | 09
#1153-d184 @A: 10 02 34 27 | 06
#1154-d184 @A: 02 34 13 20 | 04
#1155-d184 @A: 02 11 34 08 | 01
#1156-d184 @A: 02 26 13 03 | 05
#1157-d184 @A: 02 03 31 07 | 07
#1158-d184 @A: 03 35 17 02 | 11
#1159-d184 @A: 02 03 35 20 | 10
#1160-d184 @A: 10 14 02 03 | 02
#1161-d184 @A: 02 32 03 05 | 12
#1162-d184 @A: 04 02 08 03 | 08
#1163-d184 @A: 02 11 26 31 | 03
#1164-d184 @A: 02 26 30 35 | 09
#1165-d184 @A: 02 26 10 12 | 06
#1166-d184 @A: 31 21 35 02 | 04
#1167-d184 @A: 13 10 31 02 | 01
#1168-d184 @A: 31 30 05 02 | 05
#1169-d184 @A: 31 14 16 02 | 07
#1170-d184 @A: 02 09 35 13 | 11
#1171-d184 @A: 02 19 09 10 | 10
#1172-d184 @A: 10 02 17 20 | 02
#1173-d184 @A: 08 02 30 21 | 12
#1174-d184 @A: 02 11 21 27 | 08
#1175-d184 @A: 05 07 21 02 | 03
#1176-d184 @A: 04 21 17 02 | 09
#1177-d184 @A: 21 19 02 13 | 06
#1178-d184 @A: 21 14 02 32 | 04
#1179-d184 @A: 02 12 21 16 | 01
#1180-d184 @A: 30 27 20 02 | 05
#1181-d184 @A: 17 02 13 30 | 07
#1182-d184 @A: 02 09 14 30 | 11
#1183-d184 @A: 16 07 30 02 | 10
#1184-d184 @A: 02 19 30 32 | 02
#1185-d184 @A: 09 05 02 27 | 12
#1186-d184 @A: 13 16 27 02 | 08
#1187-d184 @A: 17 27 14 02 | 03
#1188-d184 @A: 27 02 32 12 | 09
#1189-d184 @A: 19 07 02 27 | 06
#1190-d184 @A: 02 04 05 19 | 04
#1191-d184 @A: 02 20 05 04 | 01
#1192-d184 @A: 02 13 05 11 | 05
#1193-d184 @A: 05 08 02 17 | 07
#1194-d184 @A: 02 04 13 32 | 11
#1195-d184 @A: 02 04 11 14 | 10
#1196-d184 @A: 02 09 12 04 | 02
#1197-d184 @A: 13 14 08 02 | 12
#1198-d184 @A: 13 12 07 02 | 08
#1199-d184 @A: 14 02 12 19 | 03
#1200-d184 @A: 16 09 02 17 | 09
#1201-d184 @A: 32 11 16 02 | 06
#1202-d184 @A: 08 02 19 16 | 04
#1203-d184 @A: 08 02 32 09 | 01
#1204-d184 @A: 11 09 02 07 | 05
#1205-d184 @A: 20 09 02 08 | 07
#1206-d184 @A: 17 11 19 02 | 11
#1207-d184 @A: 08 25 28 23 | 10
#1208-d184 @A: 34 23 32 25 | 02
#1209-d184 @A: 25 13 31 23 | 12
#1210-d184 @A: 35 25 23 11 | 08
#1211-d184 @A: 20 23 35 25 | 03
#1212-d184 @A: 25 09 23 10 | 09
#1213-d184 @A: 23 21 12 25 | 06
#1214-d184 @A: 25 07 23 30 | 04
#1215-d184 @A: 28 23 34 09 | 01
#1216-d184 @A: 23 04 03 28 | 05
#1217-d184 @A: 05 26 28 23 | 07
#1218-d184 @A: 23 20 26 28 | 11
#1219-d184 @A: 30 28 31 23 | 10
#1220-d184 @A: 28 35 23 12 | 02
#1221-d184 @A: 23 10 28 21 | 12
#1222-d184 @A: 26 34 12 23 | 08
#1223-d184 @A: 34 31 23 21 | 03
#1224-d184 @A: 34 23 35 16 | 09
#1225-d184 @A: 04 34 23 10 | 06
#1226-d184 @A: 34 23 30 05 | 04
#1227-d184 @A: 13 34 23 11 | 01
#1228-d184 @A: 17 03 26 23 | 05
#1229-d184 @A: 23 03 35 14 | 07
#1230-d184 @A: 10 23 03 13 | 11
#1231-d184 @A: 23 03 21 19 | 10
#1232-d184 @A: 23 30 08 03 | 02
#1233-d184 @A: 32 09 23 03 | 12
#1234-d184 @A: 07 23 31 26 | 08
#1235-d184 @A: 26 35 09 23 | 03
#1236-d184 @A: 10 26 23 19 | 09
#1237-d184 @A: 23 32 26 21 | 06
#1238-d184 @A: 13 23 26 30 | 04
#1239-d184 @A: 08 26 14 23 | 01
#1240-d184 @A: 31 35 19 23 | 05
#1241-d184 @A: 11 23 31 10 | 07
#1242-d184 @A: 31 14 12 23 | 11
#1243-d184 @A: 16 20 23 31 | 10
#1244-d184 @A: 17 23 35 27 | 02
#1245-d184 @A: 16 23 10 17 | 12
#1246-d184 @A: 11 20 10 23 | 08
#1247-d184 @A: 30 27 23 21 | 03
#1248-d184 @A: 09 04 21 23 | 09
#1249-d184 @A: 23 11 14 21 | 06
#1250-d184 @A: 20 14 21 23 | 04
#1251-d184 @A: 16 07 21 23 | 01
#1252-d184 @A: 17 08 23 21 | 05
#1253-d184 @A: 23 04 32 30 | 07
#1254-d184 @A: 23 30 16 14 | 11
#1255-d184 @A: 23 09 12 30 | 10
#1256-d184 @A: 17 23 19 30 | 02
#1257-d184 @A: 05 23 27 07 | 12
#1258-d184 @A: 27 04 16 23 | 08
#1259-d184 @A: 12 27 13 23 | 03
#1260-d184 @A: 13 23 20 27 | 09
#1261-d184 @A: 23 14 09 27 | 06
#1262-d184 @A: 19 32 23 27 | 04
#1263-d184 @A: 23 08 11 27 | 01
#1264-d184 @A: 04 12 23 05 | 05
#1265-d184 @A: 13 05 23 32 | 07
#1266-d184 @A: 05 23 16 09 | 11
#1267-d184 @A: 11 05 17 23 | 10
#1268-d184 @A: 04 13 08 23 | 02
#1269-d184 @A: 04 23 19 14 | 12
#1270-d184 @A: 04 20 23 09 | 08
#1271-d184 @A: 07 23 04 11 | 03
#1272-d184 @A: 14 13 07 23 | 09
#1273-d184 @A: 19 16 13 23 | 06
#1274-d184 @A: 09 17 13 23 | 04
#1275-d184 @A: 32 23 14 17 | 01
#1276-d184 @A: 32 08 16 23 | 05
#1277-d184 @A: 11 23 12 16 | 07
#1278-d184 @A: 09 19 11 23 | 11
#1279-d184 @A: 23 17 07 12 | 10
#1280-d184 @A: 17 20 12 23 | 02
#1281-d184 @A: 07 19 08 23 | 12
#1282-d184 @A: 08 20 19 23 | 08
#1283-d184 @A: 25 30 28 34 | 03
#1284-d184 @A: 25 03 28 07 | 09
#1285-d184 @A: 25 26 11 28 | 06
#1286-d184 @A: 25 32 31 28 | 04
#1287-d184 @A: 25 35 28 27 | 01
#1288-d184 @A: 25 10 12 28 | 05
#1289-d184 @A: 21 28 17 25 | 07
#1290-d184 @A: 25 04 13 28 | 11
#1291-d184 @A: 25 28 20 11 | 10
#1292-d184 @A: 25 03 11 34 | 02
#1293-d184 @A: 25 26 14 34 | 12
#1294-d184 @A: 31 25 34 19 | 08
#1295-d184 @A: 34 35 25 21 | 03
#1296-d184 @A: 10 05 34 25 | 09
#1297-d184 @A: 13 34 25 27 | 06
#1298-d184 @A: 25 14 34 20 | 04
#1299-d184 @A: 17 09 34 25 | 01
#1300-d184 @A: 03 25 05 26 | 05
#1301-d184 @A: 31 25 14 03 | 07
#1302-d184 @A: 35 03 04 25 | 11
#1303-d184 @A: 03 21 10 25 | 10
#1304-d184 @A: 25 13 16 03 | 02
#1305-d184 @A: 16 03 25 20 | 12
#1306-d184 @A: 25 04 26 31 | 08
#1307-d184 @A: 25 26 20 31 | 03
#1308-d184 @A: 35 26 25 12 | 09
#1309-d184 @A: 13 10 25 26 | 06
#1310-d184 @A: 30 27 25 26 | 04
#1311-d184 @A: 35 17 25 31 | 01
#1312-d184 @A: 07 31 25 10 | 05
#1313-d184 @A: 25 30 31 16 | 07
#1314-d184 @A: 12 31 09 25 | 11
#1315-d184 @A: 35 19 32 25 | 10
#1316-d184 @A: 25 08 10 32 | 02
#1317-d184 @A: 25 32 30 21 | 12
#1318-d184 @A: 21 25 16 27 | 08
#1319-d184 @A: 21 04 25 05 | 03
#1320-d184 @A: 25 21 13 08 | 09
#1321-d184 @A: 14 25 21 09 | 06
#1322-d184 @A: 25 07 21 19 | 04
#1323-d184 @A: 25 30 05 08 | 01
#1324-d184 @A: 13 25 14 30 | 05
#1325-d184 @A: 09 30 25 19 | 07
#1326-d184 @A: 20 17 25 30 | 11
#1327-d184 @A: 30 25 11 12 | 10
#1328-d184 @A: 27 05 14 25 | 02
#1329-d184 @A: 27 09 08 25 | 12
#1330-d184 @A: 25 17 19 27 | 08
#1331-d184 @A: 32 25 27 07 | 03
#1332-d184 @A: 13 17 25 05 | 09
#1333-d184 @A: 25 16 19 05 | 06
#1334-d184 @A: 25 32 11 05 | 04
#1335-d184 @A: 04 20 13 25 | 01
#1336-d184 @A: 25 04 16 14 | 05
#1337-d184 @A: 09 07 25 04 | 07
#1338-d184 @A: 32 17 04 25 | 11
#1339-d184 @A: 12 19 04 25 | 10
#1340-d184 @A: 25 08 11 04 | 02
#1341-d184 @A: 13 09 25 32 | 12
#1342-d184 @A: 25 19 13 11 | 08
#1343-d184 @A: 25 14 12 17 | 03
#1344-d184 @A: 25 19 08 14 | 09
#1345-d184 @A: 14 07 25 11 | 06
#1346-d184 @A: 25 11 16 09 | 04
#1347-d184 @A: 17 25 08 16 | 01
#1348-d184 @A: 16 32 25 12 | 05
#1349-d184 @A: 12 20 25 09 | 07
#1350-d184 @A: 07 25 12 08 | 11
#1351-d184 @A: 25 07 08 20 | 10
#1352-d184 @A: 03 28 19 34 | 02
#1353-d184 @A: 28 26 04 34 | 12
#1354-d184 @A: 31 34 28 13 | 08
#1355-d184 @A: 34 35 28 05 | 03
#1356-d184 @A: 28 34 10 08 | 09
#1357-d184 @A: 14 34 17 28 | 06
#1358-d184 @A: 28 17 34 20 | 04
#1359-d184 @A: 03 28 26 16 | 01
#1360-d184 @A: 13 28 03 35 | 05
#1361-d184 @A: 10 28 17 03 | 07
#1362-d184 @A: 28 03 05 21 | 11
#1363-d184 @A: 19 20 28 03 | 10
#1364-d184 @A: 26 28 09 31 | 02
#1365-d184 @A: 21 35 28 26 | 12
#1366-d184 @A: 28 26 27 10 | 08
#1367-d184 @A: 26 12 14 28 | 03
#1368-d184 @A: 28 35 31 11 | 09
#1369-d184 @A: 05 31 10 28 | 06
#1370-d184 @A: 27 31 28 16 | 04
#1371-d184 @A: 28 07 04 31 | 01
#1372-d184 @A: 28 12 17 31 | 05
#1373-d184 @A: 35 20 28 27 | 07
#1374-d184 @A: 09 19 28 35 | 11
#1375-d184 @A: 28 14 20 10 | 10
#1376-d184 @A: 19 10 32 28 | 02
#1377-d184 @A: 30 28 21 14 | 12
#1378-d184 @A: 16 21 28 04 | 08
#1379-d184 @A: 21 09 13 28 | 03
#1380-d184 @A: 21 32 28 11 | 09
#1381-d184 @A: 08 21 28 19 | 06
#1382-d184 @A: 21 08 20 28 | 04
#1383-d184 @A: 30 28 27 04 | 01
#1384-d184 @A: 30 17 05 28 | 05
#1385-d184 @A: 20 30 28 04 | 07
#1386-d184 @A: 28 13 30 08 | 11
#1387-d184 @A: 28 30 12 16 | 10
#1388-d184 @A: 28 32 30 09 | 02
#1389-d184 @A: 07 11 30 28 | 12
#1390-d184 @A: 05 27 28 19 | 08
#1391-d184 @A: 27 14 11 28 | 03
#1392-d184 @A: 27 28 09 07 | 09
#1393-d184 @A: 28 32 27 17 | 06
#1394-d184 @A: 04 05 28 09 | 04
#1395-d184 @A: 12 05 28 13 | 01
#1396-d184 @A: 32 05 28 16 | 05
#1397-d184 @A: 05 08 11 28 | 07
#1398-d184 @A: 28 04 19 17 | 11
#1399-d184 @A: 32 04 28 12 | 10
#1400-d184 @A: 13 14 28 19 | 02
#1401-d184 @A: 28 16 17 13 | 12
#1402-d184 @A: 28 20 09 13 | 08
#1403-d184 @A: 07 28 32 13 | 03
#1404-d184 @A: 28 16 09 14 | 09
#1405-d184 @A: 14 32 08 28 | 06
#1406-d184 @A: 28 32 20 16 | 04
#1407-d184 @A: 16 11 19 28 | 01
#1408-d184 @A: 11 28 17 09 | 05
#1409-d184 @A: 09 12 08 28 | 07
#1410-d184 @A: 28 07 08 17 | 11
#1411-d184 @A: 12 28 07 19 | 10
#1412-d184 @A: 08 28 12 20 | 02
#1413-d184 @A: 27 03 34 31 | 12
#1414-d184 @A: 34 32 35 03 | 08
#1415-d184 @A: 09 10 03 34 | 03
#1416-d184 @A: 05 34 03 13 | 09
#1417-d184 @A: 17 34 03 08 | 06
#1418-d184 @A: 32 20 03 34 | 04
#1419-d184 @A: 08 31 26 34 | 01
#1420-d184 @A: 26 35 34 07 | 05
#1421-d184 @A: 16 10 34 26 | 07
#1422-d184 @A: 26 34 21 27 | 11
#1423-d184 @A: 20 34 26 30 | 10
#1424-d184 @A: 32 34 17 26 | 02
#1425-d184 @A: 35 09 31 34 | 12
#1426-d184 @A: 34 10 17 31 | 08
#1427-d184 @A: 31 10 34 20 | 03
#1428-d184 @A: 34 20 35 05 | 09
#1429-d184 @A: 12 34 04 35 | 06
#1430-d184 @A: 34 12 07 10 | 04
#1431-d184 @A: 34 30 12 21 | 01
#1432-d184 @A: 08 34 21 05 | 05
#1433-d184 @A: 34 21 11 04 | 07
#1434-d184 @A: 17 34 21 13 | 11
#1435-d184 @A: 21 14 34 07 | 10
#1436-d184 @A: 09 16 21 34 | 02
#1437-d184 @A: 34 30 14 27 | 12
#1438-d184 @A: 34 30 08 04 | 08
#1439-d184 @A: 34 30 19 16 | 03
#1440-d184 @A: 30 34 17 07 | 09
#1441-d184 @A: 34 30 32 11 | 06
#1442-d184 @A: 05 34 27 16 | 04
#1443-d184 @A: 04 34 27 09 | 01
#1444-d184 @A: 20 09 34 27 | 05
#1445-d184 @A: 12 17 27 34 | 07
#1446-d184 @A: 08 34 27 19 | 11
#1447-d184 @A: 11 07 34 27 | 10
#1448-d184 @A: 17 04 05 34 | 02
#1449-d184 @A: 09 14 05 34 | 12
#1450-d184 @A: 19 34 05 07 | 08
#1451-d184 @A: 05 12 34 11 | 03
#1452-d184 @A: 14 34 04 13 | 09
#1453-d184 @A: 16 34 04 07 | 06
#1454-d184 @A: 19 04 32 34 | 04
#1455-d184 @A: 32 16 34 13 | 01
#1456-d184 @A: 13 09 34 07 | 05
#1457-d184 @A: 13 08 34 12 | 07
#1458-d184 @A: 34 08 14 16 | 11
#1459-d184 @A: 34 14 12 32 | 10
#1460-d184 @A: 17 11 34 16 | 02
#1461-d184 @A: 09 34 19 12 | 12
#1462-d184 @A: 08 32 07 34 | 08
#1463-d184 @A: 19 07 20 34 | 03
#1464-d184 @A: 11 34 20 08 | 09
#1465-d184 @A: 26 03 31 21 | 06
#1466-d184 @A: 35 10 26 03 | 04
#1467-d184 @A: 26 03 32 30 | 01
#1468-d184 @A: 14 03 26 19 | 05
#1469-d184 @A: 03 20 14 26 | 07
#1470-d184 @A: 03 26 11 07 | 11
#1471-d184 @A: 30 03 31 35 | 10
#1472-d184 @A: 04 31 03 10 | 02
#1473-d184 @A: 19 16 31 03 | 12
#1474-d184 @A: 31 09 03 17 | 08
#1475-d184 @A: 35 12 03 07 | 03
#1476-d184 @A: 10 03 07 27 | 09
#1477-d184 @A: 03 21 30 04 | 06
#1478-d184 @A: 03 21 27 08 | 04
#1479-d184 @A: 11 13 03 21 | 01
#1480-d184 @A: 21 14 12 03 | 05
#1481-d184 @A: 21 03 09 07 | 07
#1482-d184 @A: 21 03 32 17 | 11
#1483-d184 @A: 27 30 13 03 | 10
#1484-d184 @A: 03 05 30 12 | 02
#1485-d184 @A: 30 03 20 13 | 12
#1486-d184 @A: 03 30 07 14 | 08
#1487-d184 @A: 30 03 09 16 | 03
#1488-d184 @A: 11 30 03 19 | 09
#1489-d184 @A: 27 17 05 03 | 06
#1490-d184 @A: 27 04 32 03 | 04
#1491-d184 @A: 03 20 27 04 | 01
#1492-d184 @A: 27 16 03 14 | 05
#1493-d184 @A: 09 03 27 19 | 07
#1494-d184 @A: 11 03 27 12 | 11
#1495-d184 @A: 07 05 04 03 | 10
#1496-d184 @A: 03 05 14 08 | 02
#1497-d184 @A: 05 03 16 11 | 12
#1498-d184 @A: 19 13 04 03 | 08
#1499-d184 @A: 12 16 04 03 | 03
#1500-d184 @A: 03 04 17 11 | 09
#1501-d184 @A: 13 03 17 14 | 06
#1502-d184 @A: 12 13 09 03 | 04
#1503-d184 @A: 20 03 13 12 | 01
#1504-d184 @A: 08 03 13 07 | 05
#1505-d184 @A: 03 14 32 11 | 07
#1506-d184 @A: 17 16 07 03 | 11
#1507-d184 @A: 11 03 09 08 | 10
#1508-d184 @A: 20 11 03 09 | 02
#1509-d184 @A: 12 19 17 03 | 12
#1510-d184 @A: 03 32 19 07 | 08
#1511-d184 @A: 12 03 32 08 | 03
#1512-d184 @A: 27 26 35 31 | 09
#1513-d184 @A: 14 26 10 31 | 06
#1514-d184 @A: 16 11 35 26 | 04
#1515-d184 @A: 05 10 26 11 | 01
#1516-d184 @A: 30 21 26 05 | 05
#1517-d184 @A: 21 26 07 13 | 07
#1518-d184 @A: 08 21 16 26 | 11
#1519-d184 @A: 11 09 21 26 | 10
#1520-d184 @A: 21 12 26 19 | 02
#1521-d184 @A: 12 26 20 21 | 12
#1522-d184 @A: 04 16 30 26 | 08
#1523-d184 @A: 14 26 30 11 | 03
#1524-d184 @A: 08 17 30 26 | 09
#1525-d184 @A: 19 30 26 07 | 06
#1526-d184 @A: 20 26 30 08 | 04
#1527-d184 @A: 26 04 05 27 | 01
#1528-d184 @A: 27 13 26 32 | 05
#1529-d184 @A: 19 26 27 16 | 07
#1530-d184 @A: 26 11 27 17 | 11
#1531-d184 @A: 20 27 19 26 | 10
#1532-d184 @A: 12 26 07 27 | 02
#1533-d184 @A: 09 13 05 26 | 12
#1534-d184 @A: 26 17 05 14 | 08
#1535-d184 @A: 05 26 07 16 | 03
#1536-d184 @A: 05 12 32 26 | 09
#1537-d184 @A: 05 19 08 26 | 06
#1538-d184 @A: 26 07 20 05 | 04
#1539-d184 @A: 14 26 04 09 | 01
#1540-d184 @A: 04 07 26 17 | 05
#1541-d184 @A: 20 26 04 17 | 07
#1542-d184 @A: 08 26 04 32 | 11
#1543-d184 @A: 26 04 11 12 | 10
#1544-d184 @A: 14 13 26 16 | 02
#1545-d184 @A: 20 32 13 26 | 12
#1546-d184 @A: 11 13 26 08 | 08
#1547-d184 @A: 32 26 07 14 | 03
#1548-d184 @A: 16 32 26 09 | 09
#1549-d184 @A: 26 16 17 12 | 06
#1550-d184 @A: 19 26 09 17 | 04
#1551-d184 @A: 08 26 07 09 | 01
#1552-d184 @A: 26 19 11 32 | 05
#1553-d184 @A: 35 31 13 20 | 07
#1554-d184 @A: 32 35 08 31 | 11
#1555-d184 @A: 31 21 10 08 | 10
#1556-d184 @A: 30 09 21 31 | 02
#1557-d184 @A: 07 27 21 31 | 12
#1558-d184 @A: 12 21 05 31 | 08
#1559-d184 @A: 21 31 14 04 | 03
#1560-d184 @A: 13 31 21 32 | 09
#1561-d184 @A: 11 31 16 21 | 06
#1562-d184 @A: 31 19 21 17 | 04
#1563-d184 @A: 32 31 30 27 | 01
#1564-d184 @A: 30 31 04 12 | 05
#1565-d184 @A: 19 30 13 31 | 07
#1566-d184 @A: 31 14 30 08 | 11
#1567-d184 @A: 11 31 30 17 | 10
#1568-d184 @A: 13 05 27 31 | 02
#1569-d184 @A: 14 20 31 27 | 12
#1570-d184 @A: 08 17 31 27 | 08
#1571-d184 @A: 27 12 31 19 | 03
#1572-d184 @A: 05 04 31 08 | 09
#1573-d184 @A: 31 14 05 07 | 06
#1574-d184 @A: 05 09 32 31 | 04
#1575-d184 @A: 31 11 05 19 | 01
#1576-d184 @A: 11 05 20 31 | 05
#1577-d184 @A: 31 17 13 04 | 07
#1578-d184 @A: 16 09 31 04 | 11
#1579-d184 @A: 11 31 32 04 | 10
#1580-d184 @A: 04 31 20 08 | 02
#1581-d184 @A: 09 14 13 31 | 12
#1582-d184 @A: 16 07 31 13 | 08
#1583-d184 @A: 13 31 11 12 | 03
#1584-d184 @A: 14 32 19 31 | 09
#1585-d184 @A: 14 31 07 20 | 06
#1586-d184 @A: 16 32 17 31 | 04
#1587-d184 @A: 31 12 16 08 | 01
#1588-d184 @A: 09 08 19 31 | 05
#1589-d184 @A: 32 31 20 17 | 07
#1590-d184 @A: 31 32 12 07 | 11
#1591-d184 @A: 31 07 11 08 | 10
#1592-d184 @A: 09 10 21 35 | 02
#1593-d184 @A: 30 35 19 10 | 12
#1594-d184 @A: 27 10 35 05 | 08
#1595-d184 @A: 17 04 35 10 | 03
#1596-d184 @A: 10 35 08 13 | 09
#1597-d184 @A: 10 14 32 35 | 06
#1598-d184 @A: 12 35 16 10 | 04
#1599-d184 @A: 07 10 35 11 | 01
#1600-d184 @A: 20 35 21 30 | 05
#1601-d184 @A: 21 27 04 35 | 07
#1602-d184 @A: 05 14 35 21 | 11
#1603-d184 @A: 13 12 21 35 | 10
#1604-d184 @A: 16 21 35 32 | 02
#1605-d184 @A: 07 21 17 35 | 12
#1606-d184 @A: 11 21 19 35 | 08
#1607-d184 @A: 35 30 27 16 | 03
#1608-d184 @A: 32 05 30 35 | 09
#1609-d184 @A: 30 13 04 35 | 06
#1610-d184 @A: 35 09 30 07 | 04
#1611-d184 @A: 12 17 35 30 | 01
#1612-d184 @A: 11 30 35 08 | 05
#1613-d184 @A: 35 27 11 13 | 07
#1614-d184 @A: 27 19 35 14 | 11
#1615-d184 @A: 27 09 32 35 | 10
#1616-d184 @A: 27 08 12 35 | 02
#1617-d184 @A: 05 16 13 35 | 12
#1618-d184 @A: 05 17 09 35 | 08
#1619-d184 @A: 12 19 35 05 | 03
#1620-d184 @A: 07 05 08 35 | 09
#1621-d184 @A: 04 08 35 14 | 06
#1622-d184 @A: 19 16 35 04 | 04
#1623-d184 @A: 04 09 11 35 | 01
#1624-d184 @A: 07 32 04 35 | 05
#1625-d184 @A: 20 35 04 07 | 07
#1626-d184 @A: 13 32 17 35 | 11
#1627-d184 @A: 13 35 19 07 | 10
#1628-d184 @A: 35 07 16 14 | 02
#1629-d184 @A: 09 14 12 35 | 12
#1630-d184 @A: 09 35 14 20 | 08
#1631-d184 @A: 14 35 11 17 | 03
#1632-d184 @A: 35 09 08 16 | 09
#1633-d184 @A: 17 35 08 19 | 06
#1634-d184 @A: 35 19 20 32 | 04
#1635-d184 @A: 12 32 35 11 | 01
#1636-d184 @A: 11 12 35 20 | 05
#1637-d184 @A: 10 13 27 21 | 07
#1638-d184 @A: 10 21 16 05 | 11
#1639-d184 @A: 21 10 04 19 | 10
#1640-d184 @A: 14 10 21 17 | 02
#1641-d184 @A: 32 07 10 21 | 12
#1642-d184 @A: 20 21 32 10 | 08
#1643-d184 @A: 12 11 10 21 | 03
#1644-d184 @A: 08 30 27 10 | 09
#1645-d184 @A: 30 10 05 07 | 06
#1646-d184 @A: 10 11 04 30 | 04
#1647-d184 @A: 30 13 10 16 | 01
#1648-d184 @A: 09 10 30 17 | 05
#1649-d184 @A: 30 10 20 09 | 07
#1650-d184 @A: 10 32 12 30 | 11
#1651-d184 @A: 27 04 14 10 | 10
#1652-d184 @A: 32 27 10 16 | 02
#1653-d184 @A: 10 12 27 09 | 12
#1654-d184 @A: 27 11 19 10 | 08
#1655-d184 @A: 10 19 13 05 | 03
#1656-d184 @A: 14 05 10 12 | 09
#1657-d184 @A: 08 09 05 10 | 06
#1658-d184 @A: 32 05 10 17 | 04
#1659-d184 @A: 10 08 05 20 | 01
#1660-d184 @A: 04 10 07 13 | 05
#1661-d184 @A: 10 08 04 16 | 07
#1662-d184 @A: 10 04 09 32 | 11
#1663-d184 @A: 17 10 13 12 | 10
#1664-d184 @A: 13 11 32 10 | 02
#1665-d184 @A: 10 14 16 19 | 12
#1666-d184 @A: 14 09 11 10 | 08
#1667-d184 @A: 14 08 07 10 | 03
#1668-d184 @A: 16 09 10 07 | 09
#1669-d184 @A: 16 10 19 20 | 06
#1670-d184 @A: 17 07 10 19 | 04
#1671-d184 @A: 10 11 08 17 | 01
#1672-d184 @A: 10 19 08 12 | 05
#1673-d184 @A: 21 20 16 27 | 07
#1674-d184 @A: 21 05 20 19 | 11
#1675-d184 @A: 11 21 20 04 | 10
#1676-d184 @A: 21 20 07 13 | 02
#1677-d184 @A: 17 11 20 21 | 12
#1678-d184 @A: 20 14 12 30 | 08
#1679-d184 @A: 07 32 20 30 | 03
#1680-d184 @A: 11 20 30 19 | 09
#1681-d184 @A: 05 27 20 32 | 06
#1682-d184 @A: 11 07 27 20 | 04
#1683-d184 @A: 20 16 09 05 | 01
#1684-d184 @A: 12 05 32 20 | 05
#1685-d184 @A: 04 16 20 14 | 07
#1686-d184 @A: 12 20 19 04 | 11
#1687-d184 @A: 17 16 13 20 | 10
#1688-d184 @A: 20 17 14 08 | 02
#1689-d184 @A: 17 07 20 09 | 12
