#0001-d239 @A: 26 15 30 06 | 11
#0002-d239 @A: 30 34 27 06 | 12
#0003-d239 @A: 24 06 28 30 | 07
#0004-d239 @A: 05 30 06 17 | 03
#0005-d239 @A: 20 30 07 06 | 04
#0006-d239 @A: 31 10 06 30 | 02
#0007-d239 @A: 30 13 06 29 | 05
#0008-d239 @A: 33 30 11 06 | 08
#0009-d239 @A: 06 30 18 35 | 06
#0010-d239 @A: 32 04 30 06 | 09
#0011-d239 @A: 30 06 02 19 | 10
#0012-d239 @A: 06 25 30 22 | 01
#0013-d239 @A: 01 09 30 06 | 11
#0014-d239 @A: 06 21 30 03 | 12
#0015-d239 @A: 30 20 12 06 | 07
#0016-d239 @A: 16 30 14 06 | 03
#0017-d239 @A: 30 23 06 08 | 04
#0018-d239 @A: 20 27 06 15 | 02
#0019-d239 @A: 29 06 15 28 | 05
#0020-d239 @A: 06 08 05 15 | 08
#0021-d239 @A: 31 15 06 07 | 06
#0022-d239 @A: 06 17 15 24 | 09
#0023-d239 @A: 13 06 04 15 | 10
#0024-d239 @A: 06 15 11 18 | 01
#0025-d239 @A: 33 16 15 06 | 11
#0026-d239 @A: 15 06 32 03 | 12
#0027-d239 @A: 15 06 19 25 | 07
#0028-d239 @A: 15 22 23 06 | 03
#0029-d239 @A: 34 15 09 06 | 04
#0030-d239 @A: 15 06 35 21 | 02
#0031-d239 @A: 06 15 10 02 | 05
#0032-d239 @A: 15 06 01 14 | 08
#0033-d239 @A: 12 15 06 01 | 06
#0034-d239 @A: 06 14 27 28 | 09
#0035-d239 @A: 04 27 05 06 | 10
#0036-d239 @A: 29 06 07 27 | 01
#0037-d239 @A: 27 31 06 16 | 11
#0038-d239 @A: 01 17 27 06 | 12
#0039-d239 @A: 06 27 13 26 | 07
#0040-d239 @A: 02 11 06 27 | 03
#0041-d239 @A: 06 27 33 08 | 04
#0042-d239 @A: 24 06 18 27 | 02
#0043-d239 @A: 32 25 06 27 | 05
#0044-d239 @A: 27 06 19 10 | 08
#0045-d239 @A: 35 22 27 06 | 06
#0046-d239 @A: 27 03 09 06 | 09
#0047-d239 @A: 23 21 06 27 | 10
#0048-d239 @A: 29 12 27 06 | 01
#0049-d239 @A: 34 05 28 06 | 11
#0050-d239 @A: 07 28 19 06 | 12
#0051-d239 @A: 01 06 28 31 | 07
#0052-d239 @A: 06 17 26 28 | 03
#0053-d239 @A: 28 35 06 13 | 04
#0054-d239 @A: 20 06 28 11 | 02
#0055-d239 @A: 03 33 06 28 | 05
#0056-d239 @A: 06 25 28 18 | 08
#0057-d239 @A: 12 06 28 18 | 06
#0058-d239 @A: 28 06 08 32 | 09
#0059-d239 @A: 04 22 28 06 | 10
#0060-d239 @A: 06 28 16 09 | 01
#0061-d239 @A: 02 28 21 06 | 11
#0062-d239 @A: 10 06 23 28 | 12
#0063-d239 @A: 06 07 22 05 | 07
#0064-d239 @A: 05 03 31 06 | 03
#0065-d239 @A: 13 06 05 20 | 04
#0066-d239 @A: 05 23 11 06 | 02
#0067-d239 @A: 33 05 25 06 | 05
#0068-d239 @A: 18 06 05 10 | 08
#0069-d239 @A: 06 05 24 32 | 06
#0070-d239 @A: 01 06 19 05 | 09
#0071-d239 @A: 05 06 09 29 | 10
#0072-d239 @A: 26 06 21 05 | 01
#0073-d239 @A: 16 02 06 05 | 11
#0074-d239 @A: 06 35 05 14 | 12
#0075-d239 @A: 06 24 05 12 | 07
#0076-d239 @A: 34 17 06 07 | 03
#0077-d239 @A: 13 06 14 07 | 04
#0078-d239 @A: 25 07 06 11 | 02
#0079-d239 @A: 07 33 02 06 | 05
#0080-d239 @A: 12 07 33 06 | 08
#0081-d239 @A: 06 26 18 07 | 06
#0082-d239 @A: 23 32 07 06 | 09
#0083-d239 @A: 07 06 35 09 | 10
#0084-d239 @A: 21 24 06 07 | 01
#0085-d239 @A: 16 07 10 06 | 11
#0086-d239 @A: 06 08 07 03 | 12
#0087-d239 @A: 01 06 07 04 | 07
#0088-d239 @A: 31 06 02 17 | 03
#0089-d239 @A: 06 25 13 31 | 04
#0090-d239 @A: 34 06 11 31 | 02
#0091-d239 @A: 31 26 06 33 | 05
#0092-d239 @A: 04 18 06 31 | 08
#0093-d239 @A: 20 06 31 32 | 06
#0094-d239 @A: 06 19 35 31 | 09
#0095-d239 @A: 22 06 29 31 | 10
#0096-d239 @A: 14 09 31 06 | 01
#0097-d239 @A: 06 21 31 08 | 11
#0098-d239 @A: 31 06 12 04 | 12
#0099-d239 @A: 24 23 31 06 | 07
#0100-d239 @A: 23 13 17 06 | 03
#0101-d239 @A: 14 11 06 17 | 04
#0102-d239 @A: 33 22 06 17 | 02
#0103-d239 @A: 18 17 06 20 | 05
#0104-d239 @A: 16 06 17 32 | 08
#0105-d239 @A: 17 19 06 08 | 06
#0106-d239 @A: 06 17 21 09 | 09
#0107-d239 @A: 17 06 25 29 | 10
#0108-d239 @A: 10 06 17 04 | 01
#0109-d239 @A: 17 06 10 12 | 11
#0110-d239 @A: 06 03 17 35 | 12
#0111-d239 @A: 11 06 13 19 | 07
#0112-d239 @A: 10 13 06 33 | 03
#0113-d239 @A: 06 16 18 13 | 04
#0114-d239 @A: 01 06 32 13 | 02
#0115-d239 @A: 13 03 06 22 | 05
#0116-d239 @A: 09 13 06 24 | 08
#0117-d239 @A: 34 21 06 13 | 06
#0118-d239 @A: 08 06 02 13 | 09
#0119-d239 @A: 13 08 12 06 | 10
#0120-d239 @A: 32 06 29 11 | 01
#0121-d239 @A: 11 26 22 06 | 11
#0122-d239 @A: 08 06 09 11 | 12
#0123-d239 @A: 21 06 11 04 | 07
#0124-d239 @A: 12 11 21 06 | 03
#0125-d239 @A: 06 35 16 11 | 04
#0126-d239 @A: 11 24 06 10 | 02
#0127-d239 @A: 11 03 06 01 | 05
#0128-d239 @A: 14 06 33 18 | 08
#0129-d239 @A: 06 32 35 33 | 06
#0130-d239 @A: 24 06 19 33 | 09
#0131-d239 @A: 09 33 06 20 | 10
#0132-d239 @A: 06 33 21 29 | 01
#0133-d239 @A: 33 34 06 04 | 11
#0134-d239 @A: 06 23 01 33 | 12
#0135-d239 @A: 18 32 34 06 | 07
#0136-d239 @A: 06 19 29 18 | 03
#0137-d239 @A: 22 08 18 06 | 04
#0138-d239 @A: 23 18 06 09 | 02
#0139-d239 @A: 21 18 01 06 | 05
#0140-d239 @A: 06 03 18 02 | 08
#0141-d239 @A: 26 06 19 32 | 06
#0142-d239 @A: 14 22 32 06 | 09
#0143-d239 @A: 06 32 02 09 | 10
#0144-d239 @A: 10 21 32 06 | 01
#0145-d239 @A: 06 12 32 25 | 11
#0146-d239 @A: 22 06 19 20 | 12
#0147-d239 @A: 09 04 19 06 | 07
#0148-d239 @A: 06 09 12 19 | 03
#0149-d239 @A: 19 14 21 06 | 04
#0150-d239 @A: 06 19 34 16 | 02
#0151-d239 @A: 23 03 06 19 | 05
#0152-d239 @A: 10 09 06 22 | 08
#0153-d239 @A: 16 22 21 06 | 06
#0154-d239 @A: 06 22 01 34 | 09
#0155-d239 @A: 22 06 24 02 | 10
#0156-d239 @A: 06 12 22 02 | 01
#0157-d239 @A: 26 09 25 06 | 11
#0158-d239 @A: 06 20 25 21 | 12
#0159-d239 @A: 08 16 25 06 | 07
#0160-d239 @A: 35 06 25 04 | 03
#0161-d239 @A: 06 23 25 34 | 04
#0162-d239 @A: 10 06 25 03 | 02
#0163-d239 @A: 06 14 02 25 | 05
#0164-d239 @A: 24 01 06 25 | 08
#0165-d239 @A: 16 06 20 03 | 06
#0166-d239 @A: 20 01 08 06 | 09
#0167-d239 @A: 06 04 24 20 | 10
#0168-d239 @A: 23 20 35 06 | 01
#0169-d239 @A: 20 06 02 34 | 11
#0170-d239 @A: 10 06 20 14 | 12
#0171-d239 @A: 20 06 26 29 | 07
#0172-d239 @A: 16 04 23 06 | 03
#0173-d239 @A: 01 29 06 16 | 04
#0174-d239 @A: 35 12 16 06 | 02
#0175-d239 @A: 26 06 24 16 | 05
#0176-d239 @A: 06 14 04 08 | 08
#0177-d239 @A: 08 34 06 10 | 06
#0178-d239 @A: 08 06 29 24 | 09
#0179-d239 @A: 12 03 08 06 | 10
#0180-d239 @A: 26 06 35 08 | 01
#0181-d239 @A: 06 04 29 03 | 11
#0182-d239 @A: 02 26 04 06 | 12
#0183-d239 @A: 23 12 34 06 | 07
#0184-d239 @A: 29 23 02 06 | 03
#0185-d239 @A: 14 23 06 26 | 04
#0186-d239 @A: 06 14 29 34 | 02
#0187-d239 @A: 34 03 26 06 | 05
#0188-d239 @A: 34 35 06 24 | 08
#0189-d239 @A: 29 06 35 10 | 06
#0190-d239 @A: 10 06 26 01 | 09
#0191-d239 @A: 06 24 03 14 | 10
#0192-d239 @A: 26 06 14 12 | 01
#0193-d239 @A: 35 01 02 06 | 11
#0194-d239 @A: 25 15 30 27 | 12
#0195-d239 @A: 15 30 20 28 | 07
#0196-d239 @A: 15 29 05 30 | 03
#0197-d239 @A: 35 15 07 30 | 04
#0198-d239 @A: 15 30 31 08 | 02
#0199-d239 @A: 17 16 30 15 | 05
#0200-d239 @A: 15 30 13 10 | 08
#0201-d239 @A: 30 15 11 24 | 06
#0202-d239 @A: 33 03 15 30 | 09
#0203-d239 @A: 04 18 15 30 | 10
#0204-d239 @A: 15 30 32 23 | 01
#0205-d239 @A: 34 19 30 15 | 11
#0206-d239 @A: 22 02 15 30 | 12
#0207-d239 @A: 09 14 15 30 | 07
#0208-d239 @A: 01 15 30 21 | 03
#0209-d239 @A: 15 03 12 30 | 04
#0210-d239 @A: 01 27 28 30 | 02
#0211-d239 @A: 30 18 27 05 | 05
#0212-d239 @A: 27 07 14 30 | 08
#0213-d239 @A: 22 27 31 30 | 06
#0214-d239 @A: 27 30 17 08 | 09
#0215-d239 @A: 13 27 20 30 | 10
#0216-d239 @A: 30 11 16 27 | 01
#0217-d239 @A: 30 27 33 04 | 11
#0218-d239 @A: 27 32 30 02 | 12
#0219-d239 @A: 27 30 19 24 | 07
#0220-d239 @A: 27 30 09 35 | 03
#0221-d239 @A: 21 26 30 27 | 04
#0222-d239 @A: 03 27 23 30 | 02
#0223-d239 @A: 23 12 30 27 | 05
#0224-d239 @A: 10 29 27 30 | 08
#0225-d239 @A: 05 30 28 02 | 06
#0226-d239 @A: 28 30 07 23 | 09
#0227-d239 @A: 31 28 25 30 | 10
#0228-d239 @A: 28 30 35 17 | 01
#0229-d239 @A: 30 13 34 28 | 11
#0230-d239 @A: 04 11 28 30 | 12
#0231-d239 @A: 30 08 28 33 | 07
#0232-d239 @A: 30 18 28 26 | 03
#0233-d239 @A: 16 30 32 28 | 04
#0234-d239 @A: 30 19 28 03 | 02
#0235-d239 @A: 22 30 14 28 | 05
#0236-d239 @A: 10 28 30 09 | 08
#0237-d239 @A: 21 30 28 29 | 06
#0238-d239 @A: 28 12 26 30 | 09
#0239-d239 @A: 34 05 07 30 | 10
#0240-d239 @A: 31 30 26 05 | 01
#0241-d239 @A: 30 13 19 05 | 11
#0242-d239 @A: 14 11 30 05 | 12
#0243-d239 @A: 33 30 23 05 | 07
#0244-d239 @A: 05 32 25 30 | 03
#0245-d239 @A: 22 20 05 30 | 04
#0246-d239 @A: 30 24 09 05 | 02
#0247-d239 @A: 05 30 09 12 | 05
#0248-d239 @A: 16 05 30 21 | 08
#0249-d239 @A: 35 05 08 30 | 06
#0250-d239 @A: 05 04 10 30 | 09
#0251-d239 @A: 05 01 30 03 | 10
#0252-d239 @A: 30 02 07 31 | 01
#0253-d239 @A: 30 33 07 17 | 11
#0254-d239 @A: 07 13 30 25 | 12
#0255-d239 @A: 30 22 11 07 | 07
#0256-d239 @A: 07 16 30 18 | 03
#0257-d239 @A: 32 07 30 24 | 04
#0258-d239 @A: 07 01 30 19 | 02
#0259-d239 @A: 30 07 08 09 | 05
#0260-d239 @A: 07 10 21 30 | 08
#0261-d239 @A: 25 07 12 30 | 06
#0262-d239 @A: 07 29 30 04 | 09
#0263-d239 @A: 26 30 03 07 | 10
#0264-d239 @A: 02 30 12 07 | 01
#0265-d239 @A: 30 17 31 34 | 11
#0266-d239 @A: 13 30 35 31 | 12
#0267-d239 @A: 30 31 01 11 | 07
#0268-d239 @A: 31 33 30 29 | 03
#0269-d239 @A: 31 30 33 12 | 04
#0270-d239 @A: 31 18 24 30 | 02
#0271-d239 @A: 03 32 31 30 | 05
#0272-d239 @A: 19 31 30 20 | 08
#0273-d239 @A: 30 09 31 16 | 06
#0274-d239 @A: 21 23 30 31 | 09
#0275-d239 @A: 30 14 31 04 | 10
#0276-d239 @A: 17 13 04 30 | 01
#0277-d239 @A: 30 20 17 11 | 11
#0278-d239 @A: 23 30 17 18 | 12
#0279-d239 @A: 17 01 30 32 | 07
#0280-d239 @A: 30 10 17 19 | 03
#0281-d239 @A: 22 29 17 30 | 04
#0282-d239 @A: 17 09 30 02 | 02
#0283-d239 @A: 17 30 25 21 | 05
#0284-d239 @A: 34 12 30 17 | 08
#0285-d239 @A: 30 17 14 03 | 06
#0286-d239 @A: 30 24 26 17 | 09
#0287-d239 @A: 03 30 11 13 | 10
#0288-d239 @A: 13 30 16 33 | 01
#0289-d239 @A: 18 13 30 02 | 11
#0290-d239 @A: 22 32 13 30 | 12
#0291-d239 @A: 09 30 23 13 | 07
#0292-d239 @A: 30 13 21 24 | 03
#0293-d239 @A: 08 30 26 13 | 04
#0294-d239 @A: 14 30 01 13 | 02
#0295-d239 @A: 13 30 24 12 | 05
#0296-d239 @A: 10 18 30 11 | 08
#0297-d239 @A: 32 30 26 11 | 06
#0298-d239 @A: 30 11 25 19 | 09
#0299-d239 @A: 11 09 30 34 | 10
#0300-d239 @A: 11 02 30 21 | 01
#0301-d239 @A: 12 16 30 11 | 11
#0302-d239 @A: 29 08 30 11 | 12
#0303-d239 @A: 30 11 23 35 | 07
#0304-d239 @A: 25 33 18 30 | 03
#0305-d239 @A: 34 30 33 32 | 04
#0306-d239 @A: 14 19 33 30 | 02
#0307-d239 @A: 26 33 22 30 | 05
#0308-d239 @A: 09 21 30 33 | 08
#0309-d239 @A: 33 20 02 30 | 06
#0310-d239 @A: 10 33 24 30 | 09
#0311-d239 @A: 30 35 01 33 | 10
#0312-d239 @A: 30 20 32 18 | 01
#0313-d239 @A: 30 19 08 18 | 11
#0314-d239 @A: 30 34 18 22 | 12
#0315-d239 @A: 30 18 09 03 | 07
#0316-d239 @A: 21 14 30 18 | 03
#0317-d239 @A: 18 30 10 12 | 04
#0318-d239 @A: 30 18 29 01 | 02
#0319-d239 @A: 32 19 35 30 | 05
#0320-d239 @A: 09 32 30 29 | 08
#0321-d239 @A: 32 21 08 30 | 06
#0322-d239 @A: 32 30 08 12 | 09
#0323-d239 @A: 30 14 32 10 | 10
#0324-d239 @A: 22 19 30 23 | 01
#0325-d239 @A: 26 30 19 09 | 11
#0326-d239 @A: 30 19 21 04 | 12
#0327-d239 @A: 19 16 29 30 | 07
#0328-d239 @A: 30 01 12 19 | 03
#0329-d239 @A: 30 09 22 04 | 04
#0330-d239 @A: 21 22 35 30 | 02
#0331-d239 @A: 30 16 22 01 | 05
#0332-d239 @A: 10 22 30 08 | 08
#0333-d239 @A: 22 30 12 29 | 06
#0334-d239 @A: 24 03 30 22 | 09
#0335-d239 @A: 09 25 20 30 | 10
#0336-d239 @A: 34 20 30 21 | 01
#0337-d239 @A: 35 30 21 12 | 11
#0338-d239 @A: 25 16 30 03 | 12
#0339-d239 @A: 01 25 30 08 | 07
#0340-d239 @A: 25 04 24 30 | 03
#0341-d239 @A: 25 30 23 10 | 04
#0342-d239 @A: 25 30 02 34 | 02
#0343-d239 @A: 26 29 25 30 | 05
#0344-d239 @A: 35 30 25 14 | 08
#0345-d239 @A: 08 16 30 20 | 06
#0346-d239 @A: 04 20 03 30 | 09
#0347-d239 @A: 20 30 23 29 | 10
#0348-d239 @A: 01 10 30 20 | 01
#0349-d239 @A: 30 20 26 14 | 11
#0350-d239 @A: 24 30 20 35 | 12
#0351-d239 @A: 16 02 04 30 | 07
#0352-d239 @A: 30 16 23 24 | 03
#0353-d239 @A: 34 35 16 30 | 04
#0354-d239 @A: 30 10 16 26 | 02
#0355-d239 @A: 34 30 08 04 | 05
#0356-d239 @A: 08 03 30 02 | 08
#0357-d239 @A: 24 08 14 30 | 06
#0358-d239 @A: 04 23 30 01 | 09
#0359-d239 @A: 04 12 30 14 | 10
#0360-d239 @A: 30 26 04 35 | 01
#0361-d239 @A: 30 23 14 34 | 11
#0362-d239 @A: 02 30 26 23 | 12
#0363-d239 @A: 30 34 10 03 | 07
#0364-d239 @A: 30 29 34 24 | 03
#0365-d239 @A: 01 30 26 34 | 04
#0366-d239 @A: 35 30 10 02 | 02
#0367-d239 @A: 30 03 29 35 | 05
#0368-d239 @A: 29 14 02 30 | 08
#0369-d239 @A: 01 30 24 02 | 06
#0370-d239 @A: 28 32 15 27 | 09
#0371-d239 @A: 05 03 27 15 | 10
#0372-d239 @A: 15 24 07 27 | 01
#0373-d239 @A: 27 10 15 31 | 11
#0374-d239 @A: 27 15 02 17 | 12
#0375-d239 @A: 27 15 13 19 | 07
#0376-d239 @A: 15 13 27 12 | 03
#0377-d239 @A: 27 01 11 15 | 04
#0378-d239 @A: 29 33 15 27 | 02
#0379-d239 @A: 35 18 27 15 | 05
#0380-d239 @A: 04 27 15 22 | 08
#0381-d239 @A: 21 09 15 27 | 06
#0382-d239 @A: 27 15 08 16 | 09
#0383-d239 @A: 15 14 23 27 | 10
#0384-d239 @A: 26 27 15 34 | 01
#0385-d239 @A: 05 28 35 15 | 11
#0386-d239 @A: 07 28 15 14 | 12
#0387-d239 @A: 31 15 04 28 | 07
#0388-d239 @A: 23 17 28 15 | 03
#0389-d239 @A: 15 13 28 18 | 04
#0390-d239 @A: 15 28 11 26 | 02
#0391-d239 @A: 28 15 02 33 | 05
#0392-d239 @A: 15 28 19 16 | 08
#0393-d239 @A: 22 28 15 24 | 06
#0394-d239 @A: 03 28 15 09 | 09
#0395-d239 @A: 08 21 15 28 | 10
#0396-d239 @A: 15 28 01 25 | 01
#0397-d239 @A: 28 12 16 15 | 11
#0398-d239 @A: 10 28 15 34 | 12
#0399-d239 @A: 15 07 16 05 | 07
#0400-d239 @A: 24 05 31 15 | 03
#0401-d239 @A: 05 31 12 15 | 04
#0402-d239 @A: 15 17 05 10 | 02
#0403-d239 @A: 23 05 13 15 | 05
#0404-d239 @A: 05 11 02 15 | 08
#0405-d239 @A: 15 05 18 33 | 06
#0406-d239 @A: 15 05 20 32 | 09
#0407-d239 @A: 15 26 05 19 | 10
#0408-d239 @A: 34 22 05 15 | 01
#0409-d239 @A: 09 15 05 01 | 11
#0410-d239 @A: 15 25 21 05 | 12
#0411-d239 @A: 04 15 05 14 | 07
#0412-d239 @A: 07 17 20 15 | 03
#0413-d239 @A: 07 13 29 15 | 04
#0414-d239 @A: 15 23 11 07 | 02
#0415-d239 @A: 07 15 08 33 | 05
#0416-d239 @A: 03 15 18 07 | 08
#0417-d239 @A: 34 15 32 07 | 06
#0418-d239 @A: 15 07 19 10 | 09
#0419-d239 @A: 07 15 25 22 | 10
#0420-d239 @A: 15 07 02 09 | 01
#0421-d239 @A: 15 21 07 04 | 11
#0422-d239 @A: 15 07 20 12 | 12
#0423-d239 @A: 07 26 01 15 | 07
#0424-d239 @A: 31 17 01 15 | 03
#0425-d239 @A: 15 13 31 03 | 04
#0426-d239 @A: 11 35 15 31 | 02
#0427-d239 @A: 31 15 33 22 | 05
#0428-d239 @A: 15 31 16 18 | 08
#0429-d239 @A: 32 19 31 15 | 06
#0430-d239 @A: 31 15 23 09 | 09
#0431-d239 @A: 29 31 15 21 | 10
#0432-d239 @A: 34 15 25 31 | 01
#0433-d239 @A: 20 15 31 14 | 11
#0434-d239 @A: 26 15 31 02 | 12
#0435-d239 @A: 13 15 17 34 | 07
#0436-d239 @A: 17 15 11 25 | 03
#0437-d239 @A: 15 33 14 17 | 04
#0438-d239 @A: 15 08 17 18 | 02
#0439-d239 @A: 15 17 32 35 | 05
#0440-d239 @A: 19 15 17 29 | 08
#0441-d239 @A: 19 12 15 17 | 06
#0442-d239 @A: 22 03 15 17 | 09
#0443-d239 @A: 04 15 17 09 | 10
#0444-d239 @A: 26 21 15 17 | 01
#0445-d239 @A: 13 15 08 11 | 11
#0446-d239 @A: 33 13 15 24 | 12
#0447-d239 @A: 32 15 16 13 | 07
#0448-d239 @A: 13 26 22 15 | 03
#0449-d239 @A: 09 13 15 25 | 04
#0450-d239 @A: 13 15 14 21 | 02
#0451-d239 @A: 20 15 13 01 | 05
#0452-d239 @A: 02 13 35 15 | 08
#0453-d239 @A: 34 33 11 15 | 06
#0454-d239 @A: 32 15 11 14 | 09
#0455-d239 @A: 15 03 11 19 | 10
#0456-d239 @A: 15 11 22 16 | 01
#0457-d239 @A: 15 09 11 29 | 11
#0458-d239 @A: 15 11 21 10 | 12
#0459-d239 @A: 11 12 15 25 | 07
#0460-d239 @A: 04 11 20 15 | 03
#0461-d239 @A: 33 15 01 32 | 04
#0462-d239 @A: 20 33 15 19 | 02
#0463-d239 @A: 09 10 15 33 | 05
#0464-d239 @A: 15 23 33 21 | 08
#0465-d239 @A: 15 33 25 35 | 06
#0466-d239 @A: 15 04 26 33 | 09
#0467-d239 @A: 24 12 15 33 | 10
#0468-d239 @A: 18 24 15 32 | 01
#0469-d239 @A: 01 19 15 18 | 11
#0470-d239 @A: 18 22 15 10 | 12
#0471-d239 @A: 18 20 15 09 | 07
#0472-d239 @A: 18 21 34 15 | 03
#0473-d239 @A: 15 25 14 18 | 04
#0474-d239 @A: 04 15 18 12 | 02
#0475-d239 @A: 23 02 18 15 | 05
#0476-d239 @A: 15 18 26 29 | 08
#0477-d239 @A: 08 15 32 22 | 06
#0478-d239 @A: 26 15 09 32 | 09
#0479-d239 @A: 21 15 32 02 | 10
#0480-d239 @A: 21 15 32 12 | 01
#0481-d239 @A: 25 15 32 10 | 11
#0482-d239 @A: 04 15 32 29 | 12
#0483-d239 @A: 19 22 14 15 | 07
#0484-d239 @A: 15 19 09 08 | 03
#0485-d239 @A: 24 21 15 19 | 04
#0486-d239 @A: 15 02 04 19 | 02
#0487-d239 @A: 35 19 23 15 | 05
#0488-d239 @A: 35 09 22 15 | 08
#0489-d239 @A: 20 22 15 21 | 06
#0490-d239 @A: 01 29 22 15 | 09
#0491-d239 @A: 35 12 22 15 | 10
#0492-d239 @A: 15 12 09 21 | 01
#0493-d239 @A: 15 09 16 24 | 11
#0494-d239 @A: 03 16 21 15 | 12
#0495-d239 @A: 25 03 20 15 | 07
#0496-d239 @A: 16 25 15 29 | 03
#0497-d239 @A: 25 02 08 15 | 04
#0498-d239 @A: 15 25 04 23 | 02
#0499-d239 @A: 26 24 15 25 | 05
#0500-d239 @A: 20 15 02 16 | 08
#0501-d239 @A: 15 20 08 29 | 06
#0502-d239 @A: 23 24 15 20 | 09
#0503-d239 @A: 35 20 15 34 | 10
#0504-d239 @A: 26 10 20 15 | 01
#0505-d239 @A: 35 16 15 04 | 11
#0506-d239 @A: 23 16 34 15 | 12
#0507-d239 @A: 10 15 16 01 | 07
#0508-d239 @A: 16 14 26 15 | 03
#0509-d239 @A: 08 01 04 15 | 04
#0510-d239 @A: 26 23 08 15 | 02
#0511-d239 @A: 14 34 15 08 | 05
#0512-d239 @A: 15 12 08 34 | 08
#0513-d239 @A: 35 10 08 15 | 06
#0514-d239 @A: 15 03 24 08 | 09
#0515-d239 @A: 24 15 04 34 | 10
#0516-d239 @A: 04 15 10 03 | 01
#0517-d239 @A: 23 10 15 29 | 11
#0518-d239 @A: 23 03 15 01 | 12
#0519-d239 @A: 23 15 12 02 | 07
#0520-d239 @A: 29 34 03 15 | 03
#0521-d239 @A: 02 01 34 15 | 04
#0522-d239 @A: 14 10 24 15 | 02
#0523-d239 @A: 26 12 10 15 | 05
#0524-d239 @A: 14 29 15 35 | 08
#0525-d239 @A: 12 14 15 29 | 06
#0526-d239 @A: 02 24 29 15 | 09
#0527-d239 @A: 14 03 15 02 | 10
#0528-d239 @A: 26 35 15 03 | 01
#0529-d239 @A: 15 24 35 01 | 11
#0530-d239 @A: 27 05 28 23 | 12
#0531-d239 @A: 07 27 28 16 | 07
#0532-d239 @A: 27 31 13 28 | 03
#0533-d239 @A: 17 03 28 27 | 04
#0534-d239 @A: 25 11 28 27 | 02
#0535-d239 @A: 28 33 27 35 | 05
#0536-d239 @A: 27 04 18 28 | 08
#0537-d239 @A: 28 19 08 27 | 06
#0538-d239 @A: 12 28 19 27 | 09
#0539-d239 @A: 28 26 22 27 | 10
#0540-d239 @A: 28 27 29 09 | 01
#0541-d239 @A: 34 21 28 27 | 11
#0542-d239 @A: 27 28 20 10 | 12
#0543-d239 @A: 24 28 02 27 | 07
#0544-d239 @A: 07 08 27 05 | 03
#0545-d239 @A: 35 27 05 31 | 04
#0546-d239 @A: 27 17 05 26 | 02
#0547-d239 @A: 13 01 05 27 | 05
#0548-d239 @A: 27 29 11 05 | 08
#0549-d239 @A: 27 20 33 05 | 06
#0550-d239 @A: 27 05 32 34 | 09
#0551-d239 @A: 19 27 16 05 | 10
#0552-d239 @A: 05 27 14 22 | 01
#0553-d239 @A: 10 05 27 09 | 11
#0554-d239 @A: 02 27 05 21 | 12
#0555-d239 @A: 24 25 05 27 | 07
#0556-d239 @A: 12 05 27 04 | 03
#0557-d239 @A: 31 17 27 07 | 04
#0558-d239 @A: 23 27 13 07 | 02
#0559-d239 @A: 07 27 11 26 | 05
#0560-d239 @A: 33 01 27 07 | 08
#0561-d239 @A: 18 10 07 27 | 06
#0562-d239 @A: 04 32 27 07 | 09
#0563-d239 @A: 27 19 34 07 | 10
#0564-d239 @A: 07 27 22 20 | 01
#0565-d239 @A: 27 22 12 07 | 11
#0566-d239 @A: 09 25 27 07 | 12
#0567-d239 @A: 35 07 27 21 | 07
#0568-d239 @A: 03 27 02 07 | 03
#0569-d239 @A: 04 27 11 31 | 04
#0570-d239 @A: 12 11 31 27 | 02
#0571-d239 @A: 33 31 03 27 | 05
#0572-d239 @A: 18 31 08 27 | 08
#0573-d239 @A: 27 32 24 31 | 06
#0574-d239 @A: 27 01 31 19 | 09
#0575-d239 @A: 31 09 27 02 | 10
#0576-d239 @A: 14 27 21 31 | 01
#0577-d239 @A: 25 23 27 31 | 11
#0578-d239 @A: 26 31 27 20 | 12
#0579-d239 @A: 27 31 34 29 | 07
#0580-d239 @A: 13 17 27 25 | 03
#0581-d239 @A: 27 17 11 18 | 04
#0582-d239 @A: 27 33 23 17 | 02
#0583-d239 @A: 32 29 17 27 | 05
#0584-d239 @A: 19 04 17 27 | 08
#0585-d239 @A: 17 27 16 22 | 06
#0586-d239 @A: 14 09 27 17 | 09
#0587-d239 @A: 17 21 10 27 | 10
#0588-d239 @A: 35 27 20 17 | 01
#0589-d239 @A: 24 27 17 34 | 11
#0590-d239 @A: 35 12 17 27 | 12
#0591-d239 @A: 13 34 11 27 | 07
#0592-d239 @A: 27 33 13 02 | 03
#0593-d239 @A: 27 18 03 13 | 04
#0594-d239 @A: 08 32 13 27 | 02
#0595-d239 @A: 27 22 10 13 | 05
#0596-d239 @A: 13 09 04 27 | 08
#0597-d239 @A: 13 21 27 16 | 06
#0598-d239 @A: 24 13 27 29 | 09
#0599-d239 @A: 35 14 27 13 | 10
#0600-d239 @A: 11 27 10 33 | 01
#0601-d239 @A: 11 35 27 32 | 11
#0602-d239 @A: 11 14 19 27 | 12
#0603-d239 @A: 08 22 11 27 | 07
#0604-d239 @A: 27 09 20 11 | 03
#0605-d239 @A: 11 03 27 21 | 04
#0606-d239 @A: 23 11 27 24 | 02
#0607-d239 @A: 16 33 27 18 | 05
#0608-d239 @A: 33 27 14 32 | 08
#0609-d239 @A: 26 19 33 27 | 06
#0610-d239 @A: 25 33 27 22 | 09
#0611-d239 @A: 09 34 33 27 | 10
#0612-d239 @A: 24 21 27 33 | 01
#0613-d239 @A: 08 12 27 33 | 11
#0614-d239 @A: 27 19 32 18 | 12
#0615-d239 @A: 18 01 22 27 | 07
#0616-d239 @A: 09 27 18 26 | 03
#0617-d239 @A: 25 18 27 21 | 04
#0618-d239 @A: 27 12 18 25 | 02
#0619-d239 @A: 27 20 23 18 | 05
#0620-d239 @A: 02 27 34 18 | 08
#0621-d239 @A: 18 27 29 14 | 06
#0622-d239 @A: 27 32 23 22 | 09
#0623-d239 @A: 16 09 27 32 | 10
#0624-d239 @A: 01 32 27 21 | 01
#0625-d239 @A: 03 27 20 32 | 11
#0626-d239 @A: 32 26 27 10 | 12
#0627-d239 @A: 12 27 03 32 | 07
#0628-d239 @A: 02 19 27 22 | 03
#0629-d239 @A: 19 09 27 23 | 04
#0630-d239 @A: 19 21 27 20 | 02
#0631-d239 @A: 19 25 27 03 | 05
#0632-d239 @A: 19 35 27 29 | 08
#0633-d239 @A: 22 24 09 27 | 06
#0634-d239 @A: 21 27 29 22 | 09
#0635-d239 @A: 34 22 27 03 | 10
#0636-d239 @A: 08 27 09 01 | 01
#0637-d239 @A: 26 27 12 09 | 11
#0638-d239 @A: 21 12 16 27 | 12
#0639-d239 @A: 08 04 21 27 | 07
#0640-d239 @A: 01 20 25 27 | 03
#0641-d239 @A: 27 25 02 16 | 04
#0642-d239 @A: 27 25 08 29 | 02
#0643-d239 @A: 04 14 25 27 | 05
#0644-d239 @A: 25 34 10 27 | 08
#0645-d239 @A: 35 25 26 27 | 06
#0646-d239 @A: 27 20 16 29 | 09
#0647-d239 @A: 02 27 08 20 | 10
#0648-d239 @A: 20 08 27 12 | 01
#0649-d239 @A: 04 20 34 27 | 11
#0650-d239 @A: 27 24 14 20 | 12
#0651-d239 @A: 04 27 16 01 | 07
#0652-d239 @A: 26 23 16 27 | 03
#0653-d239 @A: 27 14 16 34 | 04
#0654-d239 @A: 16 10 35 27 | 02
#0655-d239 @A: 24 27 03 16 | 05
#0656-d239 @A: 34 08 27 23 | 08
#0657-d239 @A: 03 27 08 10 | 06
#0658-d239 @A: 14 27 08 26 | 09
#0659-d239 @A: 27 35 08 24 | 10
#0660-d239 @A: 27 04 10 23 | 01
#0661-d239 @A: 04 27 29 02 | 11
#0662-d239 @A: 27 35 04 03 | 12
#0663-d239 @A: 04 24 27 26 | 07
#0664-d239 @A: 29 23 01 27 | 03
#0665-d239 @A: 02 23 35 27 | 04
#0666-d239 @A: 34 12 27 02 | 02
#0667-d239 @A: 35 27 34 01 | 05
#0668-d239 @A: 10 27 02 14 | 08
#0669-d239 @A: 01 10 24 27 | 06
#0670-d239 @A: 10 24 12 27 | 09
#0671-d239 @A: 03 26 29 27 | 10
#0672-d239 @A: 01 03 14 27 | 01
#0673-d239 @A: 14 12 27 01 | 11
#0674-d239 @A: 02 26 27 01 | 12
#0675-d239 @A: 26 05 28 07 | 07
#0676-d239 @A: 31 05 29 28 | 03
#0677-d239 @A: 05 04 28 17 | 04
#0678-d239 @A: 13 05 28 16 | 02
#0679-d239 @A: 28 11 05 08 | 05
#0680-d239 @A: 05 33 28 19 | 08
#0681-d239 @A: 28 33 05 12 | 06
#0682-d239 @A: 18 28 03 05 | 09
#0683-d239 @A: 05 32 01 28 | 10
#0684-d239 @A: 25 28 22 05 | 01
#0685-d239 @A: 05 28 09 20 | 11
#0686-d239 @A: 28 05 24 21 | 12
#0687-d239 @A: 14 28 10 05 | 07
#0688-d239 @A: 34 07 28 31 | 03
#0689-d239 @A: 32 17 07 28 | 04
#0690-d239 @A: 13 28 20 07 | 02
#0691-d239 @A: 28 35 11 07 | 05
#0692-d239 @A: 04 07 28 33 | 08
#0693-d239 @A: 07 28 08 18 | 06
#0694-d239 @A: 07 22 03 28 | 09
#0695-d239 @A: 09 28 07 24 | 10
#0696-d239 @A: 21 28 25 07 | 01
#0697-d239 @A: 28 34 07 12 | 11
#0698-d239 @A: 07 29 28 10 | 12
#0699-d239 @A: 07 28 02 01 | 07
#0700-d239 @A: 31 08 28 17 | 03
#0701-d239 @A: 28 11 14 31 | 04
#0702-d239 @A: 28 20 33 31 | 02
#0703-d239 @A: 18 19 31 28 | 05
#0704-d239 @A: 10 32 31 28 | 08
#0705-d239 @A: 23 22 28 31 | 06
#0706-d239 @A: 28 09 35 31 | 09
#0707-d239 @A: 28 21 31 03 | 10
#0708-d239 @A: 02 16 28 31 | 01
#0709-d239 @A: 31 08 12 28 | 11
#0710-d239 @A: 31 28 26 24 | 12
#0711-d239 @A: 28 17 13 10 | 07
#0712-d239 @A: 34 17 11 28 | 03
#0713-d239 @A: 17 33 28 25 | 04
#0714-d239 @A: 17 28 18 29 | 02
#0715-d239 @A: 17 24 19 28 | 05
#0716-d239 @A: 17 02 22 28 | 08
#0717-d239 @A: 28 09 01 17 | 06
#0718-d239 @A: 17 28 21 14 | 09
#0719-d239 @A: 20 28 16 17 | 10
#0720-d239 @A: 28 12 24 17 | 01
#0721-d239 @A: 28 11 02 13 | 11
#0722-d239 @A: 28 33 14 13 | 12
#0723-d239 @A: 28 32 13 24 | 07
#0724-d239 @A: 28 32 13 12 | 03
#0725-d239 @A: 28 13 01 19 | 04
#0726-d239 @A: 22 13 28 08 | 02
#0727-d239 @A: 28 21 13 09 | 05
#0728-d239 @A: 23 25 28 13 | 08
#0729-d239 @A: 13 04 03 28 | 06
#0730-d239 @A: 26 28 13 29 | 09
#0731-d239 @A: 33 28 29 11 | 10
#0732-d239 @A: 11 24 28 18 | 01
#0733-d239 @A: 11 32 03 28 | 11
#0734-d239 @A: 11 19 10 28 | 12
#0735-d239 @A: 01 11 22 28 | 07
#0736-d239 @A: 09 23 28 11 | 03
#0737-d239 @A: 21 28 16 11 | 04
#0738-d239 @A: 14 11 28 12 | 02
#0739-d239 @A: 10 33 28 18 | 05
#0740-d239 @A: 32 33 22 28 | 08
#0741-d239 @A: 33 28 26 09 | 06
#0742-d239 @A: 28 33 01 21 | 09
#0743-d239 @A: 23 16 28 33 | 10
#0744-d239 @A: 33 28 34 24 | 01
#0745-d239 @A: 35 28 18 32 | 11
#0746-d239 @A: 18 28 20 22 | 12
#0747-d239 @A: 18 09 02 28 | 07
#0748-d239 @A: 21 18 23 28 | 03
#0749-d239 @A: 28 14 16 18 | 04
#0750-d239 @A: 34 01 28 18 | 02
#0751-d239 @A: 19 04 28 32 | 05
#0752-d239 @A: 25 32 09 28 | 08
#0753-d239 @A: 21 32 20 28 | 06
#0754-d239 @A: 14 28 23 32 | 09
#0755-d239 @A: 28 32 29 34 | 10
#0756-d239 @A: 26 28 02 32 | 01
#0757-d239 @A: 19 28 22 35 | 11
#0758-d239 @A: 09 28 19 14 | 12
#0759-d239 @A: 21 19 26 28 | 07
#0760-d239 @A: 28 25 34 19 | 03
#0761-d239 @A: 19 29 28 20 | 04
#0762-d239 @A: 23 19 28 02 | 02
#0763-d239 @A: 09 22 28 34 | 05
#0764-d239 @A: 21 22 10 28 | 08
#0765-d239 @A: 25 22 12 28 | 06
#0766-d239 @A: 22 16 29 28 | 09
#0767-d239 @A: 04 28 08 09 | 10
#0768-d239 @A: 12 28 10 09 | 01
#0769-d239 @A: 21 28 04 35 | 11
#0770-d239 @A: 21 12 28 04 | 12
#0771-d239 @A: 28 25 24 20 | 07
#0772-d239 @A: 28 35 16 25 | 03
#0773-d239 @A: 28 25 08 14 | 04
#0774-d239 @A: 26 28 25 04 | 02
#0775-d239 @A: 28 02 25 10 | 05
#0776-d239 @A: 03 29 28 25 | 08
#0777-d239 @A: 08 20 28 34 | 06
#0778-d239 @A: 04 28 02 20 | 09
#0779-d239 @A: 01 23 28 20 | 10
#0780-d239 @A: 10 20 12 28 | 01
#0781-d239 @A: 28 20 14 03 | 11
#0782-d239 @A: 26 20 35 28 | 12
#0783-d239 @A: 01 28 16 08 | 07
#0784-d239 @A: 04 16 28 24 | 03
#0785-d239 @A: 16 34 26 28 | 04
#0786-d239 @A: 03 28 10 16 | 02
#0787-d239 @A: 28 24 08 23 | 05
#0788-d239 @A: 08 26 28 10 | 08
#0789-d239 @A: 08 29 28 02 | 06
#0790-d239 @A: 03 28 35 08 | 09
#0791-d239 @A: 23 04 29 28 | 10
#0792-d239 @A: 34 04 14 28 | 01
#0793-d239 @A: 04 28 01 10 | 11
#0794-d239 @A: 34 23 35 28 | 12
#0795-d239 @A: 23 26 03 28 | 07
#0796-d239 @A: 28 01 12 23 | 03
#0797-d239 @A: 02 03 34 28 | 04
#0798-d239 @A: 28 35 24 10 | 02
#0799-d239 @A: 14 28 29 24 | 05
#0800-d239 @A: 12 28 02 29 | 08
#0801-d239 @A: 29 35 28 01 | 06
#0802-d239 @A: 35 12 28 03 | 09
#0803-d239 @A: 24 28 01 03 | 10
#0804-d239 @A: 28 35 14 02 | 01
#0805-d239 @A: 26 14 28 01 | 11
#0806-d239 @A: 20 05 07 31 | 12
#0807-d239 @A: 17 05 07 23 | 07
#0808-d239 @A: 07 17 12 05 | 03
#0809-d239 @A: 13 05 07 24 | 04
#0810-d239 @A: 05 07 11 33 | 02
#0811-d239 @A: 29 18 07 05 | 05
#0812-d239 @A: 03 07 05 32 | 08
#0813-d239 @A: 05 19 07 14 | 06
#0814-d239 @A: 07 04 09 05 | 09
#0815-d239 @A: 21 07 01 05 | 10
#0816-d239 @A: 05 07 10 25 | 01
#0817-d239 @A: 07 35 05 02 | 11
#0818-d239 @A: 31 17 05 16 | 12
#0819-d239 @A: 31 13 02 05 | 07
#0820-d239 @A: 11 05 10 31 | 03
#0821-d239 @A: 33 05 31 14 | 04
#0822-d239 @A: 05 18 34 31 | 02
#0823-d239 @A: 32 05 23 31 | 05
#0824-d239 @A: 08 05 19 31 | 08
#0825-d239 @A: 05 22 31 01 | 06
#0826-d239 @A: 05 31 25 09 | 09
#0827-d239 @A: 21 05 04 31 | 10
#0828-d239 @A: 03 05 13 17 | 01
#0829-d239 @A: 05 17 22 11 | 11
#0830-d239 @A: 17 05 33 29 | 12
#0831-d239 @A: 18 17 05 25 | 07
#0832-d239 @A: 02 32 17 05 | 03
#0833-d239 @A: 05 19 34 17 | 04
#0834-d239 @A: 05 09 35 17 | 02
#0835-d239 @A: 21 08 17 05 | 05
#0836-d239 @A: 17 01 20 05 | 08
#0837-d239 @A: 05 24 14 17 | 06
#0838-d239 @A: 17 05 12 01 | 09
#0839-d239 @A: 11 05 13 04 | 10
#0840-d239 @A: 34 13 05 33 | 01
#0841-d239 @A: 26 13 18 05 | 11
#0842-d239 @A: 13 10 32 05 | 12
#0843-d239 @A: 29 13 22 05 | 07
#0844-d239 @A: 14 05 09 13 | 03
#0845-d239 @A: 05 35 21 13 | 04
#0846-d239 @A: 05 13 08 25 | 02
#0847-d239 @A: 20 13 12 05 | 05
#0848-d239 @A: 35 05 18 11 | 08
#0849-d239 @A: 32 16 11 05 | 06
#0850-d239 @A: 19 05 11 24 | 09
#0851-d239 @A: 11 05 26 09 | 10
#0852-d239 @A: 34 11 05 21 | 01
#0853-d239 @A: 01 11 05 25 | 11
#0854-d239 @A: 11 20 05 03 | 12
#0855-d239 @A: 12 05 11 08 | 07
#0856-d239 @A: 32 26 33 05 | 03
#0857-d239 @A: 05 22 02 33 | 04
#0858-d239 @A: 33 09 03 05 | 02
#0859-d239 @A: 21 05 33 10 | 05
#0860-d239 @A: 05 16 33 35 | 08
#0861-d239 @A: 05 08 33 24 | 06
#0862-d239 @A: 04 33 05 01 | 09
#0863-d239 @A: 04 05 32 18 | 10
#0864-d239 @A: 05 23 18 19 | 01
#0865-d239 @A: 24 22 18 05 | 11
#0866-d239 @A: 09 16 05 18 | 12
#0867-d239 @A: 20 21 18 05 | 07
#0868-d239 @A: 05 18 14 08 | 03
#0869-d239 @A: 02 01 05 18 | 04
#0870-d239 @A: 05 18 12 35 | 02
#0871-d239 @A: 32 19 05 29 | 05
#0872-d239 @A: 32 22 35 05 | 08
#0873-d239 @A: 22 32 12 05 | 06
#0874-d239 @A: 05 09 32 08 | 09
#0875-d239 @A: 32 05 21 14 | 10
#0876-d239 @A: 10 19 22 05 | 01
#0877-d239 @A: 05 02 09 19 | 11
#0878-d239 @A: 21 03 05 19 | 12
#0879-d239 @A: 25 04 05 19 | 07
#0880-d239 @A: 05 35 19 20 | 03
#0881-d239 @A: 19 10 12 05 | 04
#0882-d239 @A: 21 09 05 22 | 02
#0883-d239 @A: 22 04 05 16 | 05
#0884-d239 @A: 08 05 22 03 | 08
#0885-d239 @A: 23 22 05 26 | 06
#0886-d239 @A: 34 23 05 09 | 09
#0887-d239 @A: 29 05 21 23 | 10
#0888-d239 @A: 23 05 21 12 | 01
#0889-d239 @A: 25 23 20 05 | 11
#0890-d239 @A: 05 25 16 34 | 12
#0891-d239 @A: 29 05 25 02 | 07
#0892-d239 @A: 29 05 25 12 | 03
#0893-d239 @A: 05 25 03 35 | 04
#0894-d239 @A: 25 05 14 26 | 02
#0895-d239 @A: 20 05 24 16 | 05
#0896-d239 @A: 20 05 10 08 | 08
#0897-d239 @A: 04 20 05 29 | 06
#0898-d239 @A: 14 20 34 05 | 09
#0899-d239 @A: 26 02 05 20 | 10
#0900-d239 @A: 05 08 26 16 | 01
#0901-d239 @A: 05 16 03 23 | 11
#0902-d239 @A: 29 05 16 10 | 12
#0903-d239 @A: 16 14 05 01 | 07
#0904-d239 @A: 16 05 12 26 | 03
#0905-d239 @A: 23 05 08 04 | 04
#0906-d239 @A: 02 34 08 05 | 02
#0907-d239 @A: 05 29 01 08 | 05
#0908-d239 @A: 04 05 35 34 | 08
#0909-d239 @A: 05 26 03 04 | 06
#0910-d239 @A: 02 05 24 04 | 09
#0911-d239 @A: 10 35 23 05 | 10
#0912-d239 @A: 14 05 23 02 | 01
#0913-d239 @A: 24 01 23 05 | 11
#0914-d239 @A: 01 10 05 34 | 12
#0915-d239 @A: 29 26 05 34 | 07
#0916-d239 @A: 05 24 03 34 | 03
#0917-d239 @A: 05 12 34 14 | 04
#0918-d239 @A: 03 05 02 10 | 02
#0919-d239 @A: 10 05 24 26 | 05
#0920-d239 @A: 14 05 29 03 | 08
#0921-d239 @A: 05 24 35 29 | 06
#0922-d239 @A: 03 12 02 05 | 09
#0923-d239 @A: 05 01 26 35 | 10
#0924-d239 @A: 01 13 31 07 | 01
#0925-d239 @A: 31 11 07 03 | 11
#0926-d239 @A: 33 31 35 07 | 12
#0927-d239 @A: 23 31 18 07 | 07
#0928-d239 @A: 14 07 31 32 | 03
#0929-d239 @A: 19 07 31 24 | 04
#0930-d239 @A: 31 10 07 22 | 02
#0931-d239 @A: 31 09 29 07 | 05
#0932-d239 @A: 31 07 21 16 | 08
#0933-d239 @A: 07 04 31 25 | 06
#0934-d239 @A: 08 07 26 31 | 09
#0935-d239 @A: 12 07 31 14 | 10
#0936-d239 @A: 17 07 13 02 | 01
#0937-d239 @A: 17 29 07 11 | 11
#0938-d239 @A: 14 17 07 18 | 12
#0939-d239 @A: 19 07 17 25 | 07
#0940-d239 @A: 26 22 07 17 | 03
#0941-d239 @A: 16 17 09 07 | 04
#0942-d239 @A: 03 07 17 21 | 02
#0943-d239 @A: 10 17 08 07 | 05
#0944-d239 @A: 24 07 04 17 | 08
#0945-d239 @A: 17 07 35 01 | 06
#0946-d239 @A: 10 11 13 07 | 09
#0947-d239 @A: 07 03 33 13 | 10
#0948-d239 @A: 18 13 34 07 | 01
#0949-d239 @A: 18 12 13 07 | 11
#0950-d239 @A: 32 07 35 13 | 12
#0951-d239 @A: 13 04 19 07 | 07
#0952-d239 @A: 13 16 22 07 | 03
#0953-d239 @A: 07 26 13 09 | 04
#0954-d239 @A: 13 07 21 08 | 02
#0955-d239 @A: 11 04 07 18 | 05
#0956-d239 @A: 07 20 11 32 | 08
#0957-d239 @A: 02 11 19 07 | 06
#0958-d239 @A: 21 09 11 07 | 09
#0959-d239 @A: 07 01 11 16 | 10
#0960-d239 @A: 08 11 24 07 | 01
#0961-d239 @A: 07 11 04 12 | 11
#0962-d239 @A: 07 11 14 34 | 12
#0963-d239 @A: 18 24 07 33 | 07
#0964-d239 @A: 07 32 29 33 | 03
#0965-d239 @A: 19 33 07 23 | 04
#0966-d239 @A: 22 34 33 07 | 02
#0967-d239 @A: 14 07 09 33 | 05
#0968-d239 @A: 21 33 07 20 | 08
#0969-d239 @A: 33 07 25 16 | 06
#0970-d239 @A: 33 07 10 26 | 09
#0971-d239 @A: 18 32 07 25 | 10
#0972-d239 @A: 19 07 18 20 | 01
#0973-d239 @A: 22 18 35 07 | 11
#0974-d239 @A: 18 09 07 01 | 12
#0975-d239 @A: 02 07 21 18 | 07
#0976-d239 @A: 07 16 19 32 | 03
#0977-d239 @A: 01 07 22 32 | 04
#0978-d239 @A: 10 32 09 07 | 02
#0979-d239 @A: 26 21 32 07 | 05
#0980-d239 @A: 32 02 08 07 | 08
#0981-d239 @A: 07 26 32 12 | 06
#0982-d239 @A: 07 08 19 22 | 09
#0983-d239 @A: 19 09 07 03 | 10
#0984-d239 @A: 29 21 07 19 | 01
#0985-d239 @A: 21 19 12 07 | 11
#0986-d239 @A: 19 26 35 07 | 12
#0987-d239 @A: 07 09 22 23 | 07
#0988-d239 @A: 14 07 22 21 | 03
#0989-d239 @A: 07 22 04 02 | 04
#0990-d239 @A: 24 22 29 07 | 02
#0991-d239 @A: 07 09 20 34 | 05
#0992-d239 @A: 03 12 09 07 | 08
#0993-d239 @A: 21 34 23 07 | 06
#0994-d239 @A: 20 07 02 25 | 09
#0995-d239 @A: 08 07 23 25 | 10
#0996-d239 @A: 34 26 25 07 | 01
#0997-d239 @A: 25 14 29 07 | 11
#0998-d239 @A: 25 07 01 03 | 12
#0999-d239 @A: 24 35 07 25 | 07
#1000-d239 @A: 20 16 07 35 | 03
#1001-d239 @A: 08 20 04 07 | 04
#1002-d239 @A: 07 23 14 20 | 02
#1003-d239 @A: 03 10 20 07 | 05
#1004-d239 @A: 29 07 20 01 | 08
#1005-d239 @A: 07 20 24 26 | 06
#1006-d239 @A: 16 14 08 07 | 09
#1007-d239 @A: 26 04 07 16 | 10
#1008-d239 @A: 07 16 02 23 | 01
#1009-d239 @A: 07 16 34 24 | 11
#1010-d239 @A: 07 29 16 03 | 12
#1011-d239 @A: 29 07 16 12 | 07
#1012-d239 @A: 07 23 08 12 | 03
#1013-d239 @A: 07 34 08 01 | 04
#1014-d239 @A: 29 08 35 07 | 02
#1015-d239 @A: 23 07 35 04 | 05
#1016-d239 @A: 03 07 34 04 | 08
#1017-d239 @A: 07 04 14 10 | 06
#1018-d239 @A: 07 10 23 01 | 09
#1019-d239 @A: 29 26 07 23 | 10
#1020-d239 @A: 24 03 07 23 | 01
#1021-d239 @A: 34 10 35 07 | 11
#1022-d239 @A: 29 34 02 07 | 12
#1023-d239 @A: 24 02 10 07 | 07
#1024-d239 @A: 10 12 07 01 | 03
#1025-d239 @A: 03 07 14 35 | 04
#1026-d239 @A: 26 14 07 02 | 02
#1027-d239 @A: 14 01 07 24 | 05
#1028-d239 @A: 12 07 35 24 | 08
#1029-d239 @A: 17 13 31 29 | 06
#1030-d239 @A: 31 23 17 11 | 09
#1031-d239 @A: 31 10 17 33 | 10
#1032-d239 @A: 17 03 31 18 | 01
#1033-d239 @A: 31 17 25 32 | 11
#1034-d239 @A: 17 19 14 31 | 12
#1035-d239 @A: 22 35 17 31 | 07
#1036-d239 @A: 26 17 31 09 | 03
#1037-d239 @A: 24 21 31 17 | 04
#1038-d239 @A: 17 25 12 31 | 02
#1039-d239 @A: 04 17 20 31 | 05
#1040-d239 @A: 16 11 13 31 | 08
#1041-d239 @A: 33 13 31 23 | 06
#1042-d239 @A: 13 31 32 18 | 09
#1043-d239 @A: 31 13 19 10 | 10
#1044-d239 @A: 13 04 31 22 | 01
#1045-d239 @A: 09 20 13 31 | 11
#1046-d239 @A: 26 31 13 21 | 12
#1047-d239 @A: 08 31 13 34 | 07
#1048-d239 @A: 13 31 14 24 | 03
#1049-d239 @A: 13 12 02 31 | 04
#1050-d239 @A: 33 11 08 31 | 02
#1051-d239 @A: 26 11 18 31 | 05
#1052-d239 @A: 02 11 32 31 | 08
#1053-d239 @A: 11 19 31 29 | 06
#1054-d239 @A: 31 25 11 22 | 09
#1055-d239 @A: 24 11 09 31 | 10
#1056-d239 @A: 21 20 31 11 | 01
#1057-d239 @A: 01 31 33 18 | 11
#1058-d239 @A: 31 32 16 33 | 12
#1059-d239 @A: 19 33 31 02 | 07
#1060-d239 @A: 04 33 09 31 | 03
#1061-d239 @A: 34 31 21 33 | 04
#1062-d239 @A: 24 25 31 33 | 02
#1063-d239 @A: 14 31 18 22 | 05
#1064-d239 @A: 21 18 31 09 | 08
#1065-d239 @A: 09 18 12 31 | 06
#1066-d239 @A: 02 25 31 18 | 09
#1067-d239 @A: 18 31 29 20 | 10
#1068-d239 @A: 31 18 10 35 | 01
#1069-d239 @A: 26 31 22 32 | 11
#1070-d239 @A: 31 32 01 09 | 12
#1071-d239 @A: 35 31 21 32 | 07
#1072-d239 @A: 29 31 32 08 | 03
#1073-d239 @A: 04 34 31 32 | 04
#1074-d239 @A: 32 12 24 31 | 02
#1075-d239 @A: 22 03 19 31 | 05
#1076-d239 @A: 19 09 31 34 | 08
#1077-d239 @A: 31 19 25 21 | 06
#1078-d239 @A: 19 31 26 16 | 09
#1079-d239 @A: 23 31 19 04 | 10
#1080-d239 @A: 31 12 29 19 | 01
#1081-d239 @A: 09 08 22 31 | 11
#1082-d239 @A: 31 02 21 22 | 12
#1083-d239 @A: 31 24 22 20 | 07
#1084-d239 @A: 12 22 31 20 | 03
#1085-d239 @A: 22 34 16 31 | 04
#1086-d239 @A: 10 09 03 31 | 02
#1087-d239 @A: 10 31 21 01 | 05
#1088-d239 @A: 24 12 21 31 | 08
#1089-d239 @A: 10 20 31 25 | 06
#1090-d239 @A: 16 31 25 14 | 09
#1091-d239 @A: 25 31 03 08 | 10
#1092-d239 @A: 25 31 29 35 | 01
#1093-d239 @A: 25 31 26 01 | 11
#1094-d239 @A: 16 20 01 31 | 12
#1095-d239 @A: 23 20 31 08 | 07
#1096-d239 @A: 20 03 31 34 | 03
#1097-d239 @A: 02 20 35 31 | 04
#1098-d239 @A: 31 35 16 08 | 02
#1099-d239 @A: 04 03 31 16 | 05
#1100-d239 @A: 23 29 16 31 | 08
#1101-d239 @A: 24 16 31 10 | 06
#1102-d239 @A: 03 16 31 12 | 09
#1103-d239 @A: 04 10 08 31 | 10
#1104-d239 @A: 02 31 14 08 | 01
#1105-d239 @A: 01 08 24 31 | 11
#1106-d239 @A: 04 29 31 26 | 12
#1107-d239 @A: 04 01 02 31 | 07
#1108-d239 @A: 04 35 31 24 | 03
#1109-d239 @A: 31 01 34 23 | 04
#1110-d239 @A: 31 10 26 23 | 02
#1111-d239 @A: 31 23 03 02 | 05
#1112-d239 @A: 35 31 23 14 | 08
#1113-d239 @A: 26 23 31 12 | 06
#1114-d239 @A: 10 34 31 14 | 09
#1115-d239 @A: 34 31 24 02 | 10
#1116-d239 @A: 31 26 34 35 | 01
#1117-d239 @A: 12 34 01 31 | 11
#1118-d239 @A: 02 29 31 10 | 12
#1119-d239 @A: 31 12 10 35 | 07
#1120-d239 @A: 24 03 31 29 | 03
#1121-d239 @A: 14 29 01 31 | 04
#1122-d239 @A: 26 14 31 03 | 02
#1123-d239 @A: 35 31 01 03 | 05
#1124-d239 @A: 11 32 17 13 | 08
#1125-d239 @A: 33 13 17 01 | 06
#1126-d239 @A: 18 13 24 17 | 09
#1127-d239 @A: 16 19 17 13 | 10
#1128-d239 @A: 14 22 17 13 | 01
#1129-d239 @A: 09 13 17 08 | 11
#1130-d239 @A: 20 13 17 21 | 12
#1131-d239 @A: 12 13 14 17 | 07
#1132-d239 @A: 26 17 13 35 | 03
#1133-d239 @A: 02 17 33 11 | 04
#1134-d239 @A: 11 17 19 26 | 02
#1135-d239 @A: 17 11 09 10 | 05
#1136-d239 @A: 01 17 11 21 | 08
#1137-d239 @A: 04 16 11 17 | 06
#1138-d239 @A: 11 17 35 08 | 09
#1139-d239 @A: 03 11 17 24 | 10
#1140-d239 @A: 17 11 02 12 | 01
#1141-d239 @A: 35 17 33 18 | 11
#1142-d239 @A: 20 17 33 32 | 12
#1143-d239 @A: 19 03 33 17 | 07
#1144-d239 @A: 17 33 12 22 | 03
#1145-d239 @A: 33 09 17 24 | 04
#1146-d239 @A: 33 17 04 21 | 02
#1147-d239 @A: 33 26 17 16 | 05
#1148-d239 @A: 08 34 17 33 | 08
#1149-d239 @A: 17 10 18 32 | 06
#1150-d239 @A: 02 18 17 19 | 09
#1151-d239 @A: 04 22 17 18 | 10
#1152-d239 @A: 09 17 34 18 | 01
#1153-d239 @A: 17 16 21 18 | 11
#1154-d239 @A: 12 23 17 18 | 12
#1155-d239 @A: 01 18 26 17 | 07
#1156-d239 @A: 17 32 23 19 | 03
#1157-d239 @A: 17 22 32 24 | 04
#1158-d239 @A: 09 32 17 03 | 02
#1159-d239 @A: 09 12 32 17 | 05
#1160-d239 @A: 32 34 17 21 | 08
#1161-d239 @A: 08 32 14 17 | 06
#1162-d239 @A: 26 04 32 17 | 09
#1163-d239 @A: 01 17 19 22 | 10
#1164-d239 @A: 09 17 19 20 | 01
#1165-d239 @A: 17 35 19 21 | 11
#1166-d239 @A: 22 17 25 09 | 12
#1167-d239 @A: 22 21 23 17 | 07
#1168-d239 @A: 22 20 17 08 | 03
#1169-d239 @A: 34 17 22 10 | 04
#1170-d239 @A: 09 17 29 23 | 02
#1171-d239 @A: 02 29 17 21 | 05
#1172-d239 @A: 12 03 17 21 | 08
#1173-d239 @A: 20 17 26 25 | 06
#1174-d239 @A: 01 16 17 25 | 09
#1175-d239 @A: 17 24 25 08 | 10
#1176-d239 @A: 04 25 17 03 | 01
#1177-d239 @A: 25 23 02 17 | 11
#1178-d239 @A: 25 17 14 34 | 12
#1179-d239 @A: 10 17 35 25 | 07
#1180-d239 @A: 20 17 16 12 | 03
#1181-d239 @A: 20 03 17 23 | 04
#1182-d239 @A: 17 20 29 34 | 02
#1183-d239 @A: 20 17 24 10 | 05
#1184-d239 @A: 02 14 17 20 | 08
#1185-d239 @A: 17 16 08 29 | 06
#1186-d239 @A: 16 17 23 10 | 09
#1187-d239 @A: 17 34 16 03 | 10
#1188-d239 @A: 17 14 35 16 | 01
#1189-d239 @A: 17 16 02 24 | 11
#1190-d239 @A: 02 04 08 17 | 12
#1191-d239 @A: 04 17 12 08 | 07
#1192-d239 @A: 01 23 08 17 | 03
#1193-d239 @A: 08 17 03 26 | 04
#1194-d239 @A: 04 14 17 23 | 02
#1195-d239 @A: 01 04 17 34 | 05
#1196-d239 @A: 04 29 35 17 | 08
#1197-d239 @A: 26 34 23 17 | 06
#1198-d239 @A: 35 24 23 17 | 09
#1199-d239 @A: 34 02 17 35 | 10
#1200-d239 @A: 17 10 03 29 | 01
#1201-d239 @A: 17 10 14 01 | 11
#1202-d239 @A: 10 02 26 17 | 12
#1203-d239 @A: 17 14 29 26 | 07
#1204-d239 @A: 29 24 01 17 | 03
#1205-d239 @A: 29 26 12 17 | 04
#1206-d239 @A: 03 02 17 01 | 02
#1207-d239 @A: 11 26 33 13 | 05
#1208-d239 @A: 18 11 14 13 | 08
#1209-d239 @A: 22 11 23 13 | 06
#1210-d239 @A: 13 11 09 01 | 09
#1211-d239 @A: 09 11 13 12 | 10
#1212-d239 @A: 29 11 21 13 | 01
#1213-d239 @A: 25 13 11 35 | 11
#1214-d239 @A: 20 11 13 24 | 12
#1215-d239 @A: 29 18 33 13 | 07
#1216-d239 @A: 32 13 04 33 | 03
#1217-d239 @A: 08 19 33 13 | 04
#1218-d239 @A: 13 12 19 33 | 02
#1219-d239 @A: 22 20 33 13 | 05
#1220-d239 @A: 33 35 13 09 | 08
#1221-d239 @A: 25 13 33 21 | 06
#1222-d239 @A: 19 35 13 18 | 09
#1223-d239 @A: 25 22 18 13 | 10
#1224-d239 @A: 13 10 18 09 | 01
#1225-d239 @A: 04 21 18 13 | 11
#1226-d239 @A: 20 13 18 08 | 12
#1227-d239 @A: 13 23 18 01 | 07
#1228-d239 @A: 13 03 32 19 | 03
#1229-d239 @A: 32 09 34 13 | 04
#1230-d239 @A: 21 32 13 23 | 02
#1231-d239 @A: 32 02 25 13 | 05
#1232-d239 @A: 26 32 20 13 | 08
#1233-d239 @A: 32 14 29 13 | 06
#1234-d239 @A: 13 19 24 22 | 09
#1235-d239 @A: 19 29 09 13 | 10
#1236-d239 @A: 02 21 19 13 | 01
#1237-d239 @A: 14 25 19 13 | 11
#1238-d239 @A: 13 19 20 23 | 12
#1239-d239 @A: 13 34 19 26 | 07
#1240-d239 @A: 13 22 02 09 | 03
#1241-d239 @A: 13 21 22 01 | 04
#1242-d239 @A: 35 22 13 34 | 02
#1243-d239 @A: 10 12 13 22 | 05
#1244-d239 @A: 03 09 16 13 | 08
#1245-d239 @A: 10 21 03 13 | 06
#1246-d239 @A: 12 13 01 21 | 09
#1247-d239 @A: 25 20 16 13 | 10
#1248-d239 @A: 13 04 25 29 | 01
#1249-d239 @A: 34 01 13 25 | 11
#1250-d239 @A: 13 12 25 34 | 12
#1251-d239 @A: 13 10 24 25 | 07
#1252-d239 @A: 13 03 26 25 | 03
#1253-d239 @A: 13 04 20 14 | 04
#1254-d239 @A: 20 34 13 10 | 02
#1255-d239 @A: 29 13 20 35 | 05
#1256-d239 @A: 02 13 03 20 | 08
#1257-d239 @A: 08 16 24 13 | 06
#1258-d239 @A: 16 04 10 13 | 09
#1259-d239 @A: 13 35 16 23 | 10
#1260-d239 @A: 12 16 13 23 | 01
#1261-d239 @A: 29 16 13 34 | 11
#1262-d239 @A: 02 16 13 14 | 12
#1263-d239 @A: 16 01 13 26 | 07
#1264-d239 @A: 04 13 35 08 | 03
#1265-d239 @A: 13 08 14 23 | 04
#1266-d239 @A: 08 29 13 10 | 02
#1267-d239 @A: 03 01 08 13 | 05
#1268-d239 @A: 04 23 13 26 | 08
#1269-d239 @A: 02 34 13 04 | 06
#1270-d239 @A: 04 13 29 12 | 09
#1271-d239 @A: 04 24 01 13 | 10
#1272-d239 @A: 24 23 13 34 | 01
#1273-d239 @A: 13 10 02 23 | 11
#1274-d239 @A: 03 23 13 29 | 12
#1275-d239 @A: 34 14 03 13 | 07
#1276-d239 @A: 26 10 13 14 | 03
#1277-d239 @A: 01 35 10 13 | 04
#1278-d239 @A: 01 13 02 29 | 02
#1279-d239 @A: 35 24 03 13 | 05
#1280-d239 @A: 12 13 03 35 | 08
#1281-d239 @A: 02 24 13 26 | 06
#1282-d239 @A: 02 13 12 26 | 09
#1283-d239 @A: 11 20 18 33 | 10
#1284-d239 @A: 32 11 33 24 | 01
#1285-d239 @A: 11 19 01 33 | 11
#1286-d239 @A: 11 33 22 14 | 12
#1287-d239 @A: 09 33 16 11 | 07
#1288-d239 @A: 33 11 21 35 | 03
#1289-d239 @A: 11 33 03 25 | 04
#1290-d239 @A: 23 04 11 33 | 02
#1291-d239 @A: 12 33 11 01 | 05
#1292-d239 @A: 18 01 11 32 | 08
#1293-d239 @A: 18 19 11 34 | 06
#1294-d239 @A: 18 11 22 02 | 09
#1295-d239 @A: 18 25 11 09 | 10
#1296-d239 @A: 11 08 21 18 | 01
#1297-d239 @A: 11 23 16 18 | 11
#1298-d239 @A: 18 11 34 12 | 12
#1299-d239 @A: 11 03 29 18 | 07
#1300-d239 @A: 08 19 11 32 | 03
#1301-d239 @A: 34 32 22 11 | 04
#1302-d239 @A: 32 04 09 11 | 02
#1303-d239 @A: 11 25 21 32 | 05
#1304-d239 @A: 32 11 23 10 | 08
#1305-d239 @A: 11 10 32 12 | 06
#1306-d239 @A: 11 04 19 22 | 09
#1307-d239 @A: 12 19 11 22 | 10
#1308-d239 @A: 35 19 11 09 | 01
#1309-d239 @A: 19 11 21 23 | 11
#1310-d239 @A: 20 19 11 16 | 12
#1311-d239 @A: 22 03 09 11 | 07
#1312-d239 @A: 11 24 22 21 | 03
#1313-d239 @A: 11 20 22 10 | 04
#1314-d239 @A: 22 35 11 29 | 02
#1315-d239 @A: 14 02 11 09 | 05
#1316-d239 @A: 21 11 14 26 | 08
#1317-d239 @A: 14 25 20 11 | 06
#1318-d239 @A: 11 16 10 25 | 09
#1319-d239 @A: 11 04 25 08 | 10
#1320-d239 @A: 26 25 23 11 | 01
#1321-d239 @A: 25 34 29 11 | 11
#1322-d239 @A: 25 02 24 11 | 12
#1323-d239 @A: 20 26 08 11 | 07
#1324-d239 @A: 11 23 20 34 | 03
#1325-d239 @A: 02 29 20 11 | 04
#1326-d239 @A: 11 03 12 20 | 02
#1327-d239 @A: 35 20 01 11 | 05
#1328-d239 @A: 34 08 11 16 | 08
#1329-d239 @A: 29 16 11 26 | 06
#1330-d239 @A: 11 02 03 16 | 09
#1331-d239 @A: 24 14 16 11 | 10
#1332-d239 @A: 08 11 23 03 | 01
#1333-d239 @A: 11 08 10 02 | 11
#1334-d239 @A: 11 14 08 01 | 12
#1335-d239 @A: 04 12 11 23 | 07
#1336-d239 @A: 34 04 11 10 | 03
#1337-d239 @A: 24 11 29 04 | 04
#1338-d239 @A: 14 04 03 11 | 02
#1339-d239 @A: 04 11 02 35 | 05
#1340-d239 @A: 26 04 11 01 | 08
#1341-d239 @A: 14 11 23 29 | 06
#1342-d239 @A: 23 11 02 01 | 09
#1343-d239 @A: 35 11 03 34 | 10
#1344-d239 @A: 34 26 02 11 | 01
#1345-d239 @A: 24 01 34 11 | 11
#1346-d239 @A: 29 10 11 01 | 12
#1347-d239 @A: 11 26 03 10 | 07
#1348-d239 @A: 11 35 14 10 | 03
#1349-d239 @A: 12 29 35 11 | 04
#1350-d239 @A: 11 35 26 24 | 02
#1351-d239 @A: 26 11 12 24 | 05
#1352-d239 @A: 02 32 18 33 | 08
#1353-d239 @A: 19 18 04 33 | 06
#1354-d239 @A: 23 33 22 18 | 09
#1355-d239 @A: 18 33 09 08 | 10
#1356-d239 @A: 26 33 21 18 | 01
#1357-d239 @A: 03 34 18 33 | 11
#1358-d239 @A: 18 03 33 12 | 12
#1359-d239 @A: 10 33 32 19 | 07
#1360-d239 @A: 23 32 09 33 | 03
#1361-d239 @A: 21 33 32 03 | 04
#1362-d239 @A: 33 08 25 32 | 02
#1363-d239 @A: 12 32 33 02 | 05
#1364-d239 @A: 22 29 19 33 | 08
#1365-d239 @A: 09 33 25 19 | 06
#1366-d239 @A: 33 19 21 16 | 09
#1367-d239 @A: 34 19 33 35 | 10
#1368-d239 @A: 09 33 22 01 | 01
#1369-d239 @A: 08 33 21 22 | 11
#1370-d239 @A: 16 33 22 10 | 12
#1371-d239 @A: 24 22 04 33 | 07
#1372-d239 @A: 33 03 22 35 | 03
#1373-d239 @A: 33 09 16 12 | 04
#1374-d239 @A: 02 09 29 33 | 02
#1375-d239 @A: 34 21 33 12 | 05
#1376-d239 @A: 14 02 33 21 | 08
#1377-d239 @A: 34 33 25 20 | 06
#1378-d239 @A: 10 25 33 04 | 09
#1379-d239 @A: 29 23 25 33 | 10
#1380-d239 @A: 14 33 25 01 | 01
#1381-d239 @A: 02 26 33 25 | 11
#1382-d239 @A: 26 12 25 33 | 12
#1383-d239 @A: 33 20 16 04 | 07
#1384-d239 @A: 33 08 03 20 | 03
#1385-d239 @A: 12 33 20 04 | 04
#1386-d239 @A: 26 23 33 20 | 02
#1387-d239 @A: 33 35 10 20 | 05
#1388-d239 @A: 20 33 29 14 | 08
#1389-d239 @A: 01 20 33 24 | 06
#1390-d239 @A: 02 16 33 08 | 09
#1391-d239 @A: 33 16 01 34 | 10
#1392-d239 @A: 29 33 24 16 | 01
#1393-d239 @A: 16 33 14 03 | 11
#1394-d239 @A: 04 08 33 29 | 12
#1395-d239 @A: 23 08 35 33 | 07
#1396-d239 @A: 33 08 14 10 | 03
#1397-d239 @A: 01 08 26 33 | 04
#1398-d239 @A: 33 02 04 03 | 02
#1399-d239 @A: 35 04 33 14 | 05
#1400-d239 @A: 02 23 34 33 | 08
#1401-d239 @A: 33 10 23 03 | 06
#1402-d239 @A: 33 29 12 23 | 09
#1403-d239 @A: 14 24 33 23 | 10
#1404-d239 @A: 34 33 10 29 | 01
#1405-d239 @A: 26 34 14 33 | 11
#1406-d239 @A: 14 33 12 10 | 12
#1407-d239 @A: 02 01 10 33 | 07
#1408-d239 @A: 03 33 29 01 | 03
#1409-d239 @A: 29 33 26 35 | 04
#1410-d239 @A: 33 03 24 26 | 02
#1411-d239 @A: 24 35 02 33 | 05
#1412-d239 @A: 12 35 26 33 | 08
#1413-d239 @A: 18 16 32 22 | 06
#1414-d239 @A: 18 14 32 09 | 09
#1415-d239 @A: 21 29 18 32 | 10
#1416-d239 @A: 18 32 08 23 | 01
#1417-d239 @A: 26 32 03 18 | 11
#1418-d239 @A: 18 14 12 32 | 12
#1419-d239 @A: 18 22 19 26 | 07
#1420-d239 @A: 18 24 19 09 | 03
#1421-d239 @A: 18 10 21 19 | 04
#1422-d239 @A: 18 25 16 19 | 02
#1423-d239 @A: 12 20 18 19 | 05
#1424-d239 @A: 18 19 03 14 | 08
#1425-d239 @A: 29 09 18 22 | 06
#1426-d239 @A: 22 03 18 21 | 09
#1427-d239 @A: 21 12 22 18 | 10
#1428-d239 @A: 12 09 18 08 | 01
#1429-d239 @A: 09 18 04 35 | 11
#1430-d239 @A: 35 24 18 21 | 12
#1431-d239 @A: 35 25 18 20 | 07
#1432-d239 @A: 18 26 25 08 | 03
#1433-d239 @A: 25 18 04 01 | 04
#1434-d239 @A: 18 25 23 03 | 02
#1435-d239 @A: 25 24 34 18 | 05
#1436-d239 @A: 10 18 25 29 | 08
#1437-d239 @A: 34 20 16 18 | 06
#1438-d239 @A: 26 20 18 04 | 09
#1439-d239 @A: 20 18 10 02 | 10
#1440-d239 @A: 20 24 18 03 | 01
#1441-d239 @A: 20 14 18 01 | 11
#1442-d239 @A: 08 18 16 10 | 12
#1443-d239 @A: 04 29 18 16 | 07
#1444-d239 @A: 16 12 29 18 | 03
#1445-d239 @A: 03 16 18 35 | 04
#1446-d239 @A: 02 26 18 16 | 02
#1447-d239 @A: 16 01 24 18 | 05
#1448-d239 @A: 08 03 04 18 | 08
#1449-d239 @A: 18 29 08 34 | 06
#1450-d239 @A: 18 24 02 08 | 09
#1451-d239 @A: 01 18 35 08 | 10
#1452-d239 @A: 23 34 04 18 | 01
#1453-d239 @A: 18 24 04 10 | 11
#1454-d239 @A: 04 02 14 18 | 12
#1455-d239 @A: 18 14 23 10 | 07
#1456-d239 @A: 24 23 29 18 | 03
#1457-d239 @A: 26 18 35 23 | 04
#1458-d239 @A: 34 10 18 26 | 02
#1459-d239 @A: 35 18 14 34 | 05
#1460-d239 @A: 10 01 18 03 | 08
#1461-d239 @A: 02 35 29 18 | 06
#1462-d239 @A: 18 24 14 26 | 09
#1463-d239 @A: 12 02 18 24 | 10
#1464-d239 @A: 12 26 18 01 | 01
#1465-d239 @A: 25 19 32 22 | 11
#1466-d239 @A: 32 19 21 09 | 12
#1467-d239 @A: 19 14 32 20 | 07
#1468-d239 @A: 19 02 34 32 | 03
#1469-d239 @A: 12 32 19 34 | 04
#1470-d239 @A: 01 32 24 19 | 02
#1471-d239 @A: 20 09 22 32 | 05
#1472-d239 @A: 21 32 04 22 | 08
#1473-d239 @A: 22 10 32 02 | 06
#1474-d239 @A: 32 22 03 29 | 09
#1475-d239 @A: 35 32 09 24 | 10
#1476-d239 @A: 24 16 21 32 | 01
#1477-d239 @A: 04 25 32 20 | 11
#1478-d239 @A: 16 26 32 25 | 12
#1479-d239 @A: 23 25 01 32 | 07
#1480-d239 @A: 35 34 32 25 | 03
#1481-d239 @A: 32 24 29 25 | 04
#1482-d239 @A: 25 03 32 14 | 02
#1483-d239 @A: 23 32 20 16 | 05
#1484-d239 @A: 08 20 35 32 | 08
#1485-d239 @A: 32 12 23 20 | 06
#1486-d239 @A: 20 34 24 32 | 09
#1487-d239 @A: 32 10 20 29 | 10
#1488-d239 @A: 02 32 01 20 | 01
#1489-d239 @A: 32 16 08 03 | 11
#1490-d239 @A: 16 14 32 04 | 12
#1491-d239 @A: 04 16 32 12 | 07
#1492-d239 @A: 34 32 10 16 | 03
#1493-d239 @A: 16 02 32 29 | 04
#1494-d239 @A: 16 01 35 32 | 02
#1495-d239 @A: 32 24 08 04 | 05
#1496-d239 @A: 08 26 34 32 | 08
#1497-d239 @A: 08 01 32 10 | 06
#1498-d239 @A: 32 23 04 02 | 09
#1499-d239 @A: 32 35 10 04 | 10
#1500-d239 @A: 01 03 32 04 | 01
#1501-d239 @A: 23 03 34 32 | 11
#1502-d239 @A: 32 35 29 23 | 12
#1503-d239 @A: 35 12 32 23 | 07
#1504-d239 @A: 26 23 32 24 | 03
#1505-d239 @A: 01 32 34 14 | 04
#1506-d239 @A: 32 24 10 03 | 02
#1507-d239 @A: 32 01 29 26 | 05
#1508-d239 @A: 32 29 01 12 | 08
#1509-d239 @A: 03 35 32 02 | 06
#1510-d239 @A: 02 32 24 14 | 09
#1511-d239 @A: 32 14 35 26 | 10
#1512-d239 @A: 16 09 22 19 | 01
#1513-d239 @A: 21 22 19 34 | 11
#1514-d239 @A: 09 01 19 10 | 12
#1515-d239 @A: 01 08 21 19 | 07
#1516-d239 @A: 25 19 20 08 | 03
#1517-d239 @A: 24 25 19 23 | 04
#1518-d239 @A: 10 25 19 26 | 02
#1519-d239 @A: 19 01 25 29 | 05
#1520-d239 @A: 25 02 35 19 | 08
#1521-d239 @A: 12 35 19 25 | 06
#1522-d239 @A: 04 10 20 19 | 09
#1523-d239 @A: 19 20 34 01 | 10
#1524-d239 @A: 03 19 26 20 | 01
#1525-d239 @A: 19 24 20 02 | 11
#1526-d239 @A: 19 20 26 12 | 12
#1527-d239 @A: 16 04 08 19 | 07
#1528-d239 @A: 19 14 16 23 | 03
#1529-d239 @A: 10 16 19 02 | 04
#1530-d239 @A: 16 01 19 03 | 02
#1531-d239 @A: 12 19 02 16 | 05
#1532-d239 @A: 19 24 16 35 | 08
#1533-d239 @A: 19 23 08 29 | 06
#1534-d239 @A: 34 19 03 08 | 09
#1535-d239 @A: 08 24 10 19 | 10
#1536-d239 @A: 08 14 35 19 | 01
#1537-d239 @A: 02 19 08 26 | 11
#1538-d239 @A: 24 12 19 08 | 12
#1539-d239 @A: 29 34 04 19 | 07
#1540-d239 @A: 03 04 24 19 | 03
#1541-d239 @A: 12 19 03 04 | 04
#1542-d239 @A: 14 19 04 26 | 02
#1543-d239 @A: 35 01 04 19 | 05
#1544-d239 @A: 19 10 34 23 | 08
#1545-d239 @A: 14 23 12 19 | 06
#1546-d239 @A: 19 23 26 01 | 09
#1547-d239 @A: 34 24 14 19 | 10
#1548-d239 @A: 14 29 19 10 | 01
#1549-d239 @A: 35 10 19 03 | 11
#1550-d239 @A: 19 29 02 03 | 12
#1551-d239 @A: 24 29 19 26 | 07
#1552-d239 @A: 14 02 01 19 | 03
#1553-d239 @A: 23 22 09 12 | 04
#1554-d239 @A: 22 26 09 14 | 02
#1555-d239 @A: 26 25 22 21 | 05
#1556-d239 @A: 25 20 22 29 | 08
#1557-d239 @A: 16 24 22 25 | 06
#1558-d239 @A: 22 25 08 35 | 09
#1559-d239 @A: 25 34 22 04 | 10
#1560-d239 @A: 14 23 22 25 | 01
#1561-d239 @A: 01 25 10 22 | 11
#1562-d239 @A: 25 03 22 02 | 12
#1563-d239 @A: 22 20 16 14 | 07
#1564-d239 @A: 22 35 04 20 | 03
#1565-d239 @A: 20 22 02 23 | 04
#1566-d239 @A: 34 22 26 20 | 02
#1567-d239 @A: 01 22 20 03 | 05
#1568-d239 @A: 16 08 22 23 | 08
#1569-d239 @A: 12 16 34 22 | 06
#1570-d239 @A: 03 16 26 22 | 09
#1571-d239 @A: 22 02 35 16 | 10
#1572-d239 @A: 08 04 26 22 | 01
#1573-d239 @A: 34 24 08 22 | 11
#1574-d239 @A: 08 14 29 22 | 12
#1575-d239 @A: 22 02 01 08 | 07
#1576-d239 @A: 08 01 12 22 | 03
#1577-d239 @A: 23 22 04 03 | 04
#1578-d239 @A: 22 10 29 04 | 02
#1579-d239 @A: 04 14 22 01 | 05
#1580-d239 @A: 04 26 22 12 | 08
#1581-d239 @A: 22 29 23 34 | 06
#1582-d239 @A: 23 10 24 22 | 09
#1583-d239 @A: 23 35 01 22 | 10
#1584-d239 @A: 02 34 14 22 | 01
#1585-d239 @A: 22 34 12 24 | 11
#1586-d239 @A: 03 22 10 14 | 12
#1587-d239 @A: 35 22 26 10 | 07
#1588-d239 @A: 22 02 26 29 | 03
#1589-d239 @A: 22 14 12 03 | 04
#1590-d239 @A: 24 35 22 14 | 02
#1591-d239 @A: 26 01 24 22 | 05
#1592-d239 @A: 09 21 25 29 | 08
#1593-d239 @A: 20 21 09 02 | 06
#1594-d239 @A: 16 09 21 08 | 09
#1595-d239 @A: 09 03 21 04 | 10
#1596-d239 @A: 21 26 09 23 | 01
#1597-d239 @A: 09 14 21 34 | 11
#1598-d239 @A: 10 35 21 09 | 12
#1599-d239 @A: 01 09 24 21 | 07
#1600-d239 @A: 09 25 12 20 | 03
#1601-d239 @A: 09 16 04 25 | 04
#1602-d239 @A: 08 09 34 25 | 02
#1603-d239 @A: 23 09 25 35 | 05
#1604-d239 @A: 09 10 25 14 | 08
#1605-d239 @A: 03 24 09 25 | 06
#1606-d239 @A: 01 09 02 25 | 09
#1607-d239 @A: 20 16 10 09 | 10
#1608-d239 @A: 14 08 09 20 | 01
#1609-d239 @A: 20 09 04 23 | 11
#1610-d239 @A: 29 20 24 09 | 12
#1611-d239 @A: 03 09 35 20 | 07
#1612-d239 @A: 09 20 26 01 | 03
#1613-d239 @A: 23 16 01 09 | 04
#1614-d239 @A: 16 09 34 02 | 02
#1615-d239 @A: 14 09 16 29 | 05
#1616-d239 @A: 26 09 16 35 | 08
#1617-d239 @A: 08 10 09 23 | 06
#1618-d239 @A: 03 09 08 29 | 09
#1619-d239 @A: 08 09 35 02 | 10
#1620-d239 @A: 09 08 24 26 | 01
#1621-d239 @A: 04 09 34 26 | 11
#1622-d239 @A: 09 04 10 02 | 12
#1623-d239 @A: 01 04 09 29 | 07
#1624-d239 @A: 09 14 04 24 | 03
#1625-d239 @A: 12 24 04 09 | 04
#1626-d239 @A: 03 14 09 23 | 02
#1627-d239 @A: 09 24 23 02 | 05
#1628-d239 @A: 34 09 24 10 | 08
#1629-d239 @A: 09 34 29 35 | 06
#1630-d239 @A: 09 34 12 29 | 09
#1631-d239 @A: 03 34 01 09 | 10
#1632-d239 @A: 29 10 09 26 | 01
#1633-d239 @A: 03 26 02 09 | 11
#1634-d239 @A: 14 02 09 12 | 12
#1635-d239 @A: 09 14 35 01 | 07
#1636-d239 @A: 01 09 35 12 | 03
#1637-d239 @A: 16 21 25 23 | 04
#1638-d239 @A: 10 25 21 08 | 02
#1639-d239 @A: 25 04 02 21 | 05
#1640-d239 @A: 21 03 34 25 | 08
#1641-d239 @A: 25 14 21 24 | 06
#1642-d239 @A: 14 21 25 12 | 09
#1643-d239 @A: 25 21 01 35 | 10
#1644-d239 @A: 16 26 21 20 | 01
#1645-d239 @A: 24 21 08 20 | 11
#1646-d239 @A: 04 20 01 21 | 12
#1647-d239 @A: 23 20 10 21 | 07
#1648-d239 @A: 03 20 29 21 | 03
#1649-d239 @A: 29 20 21 12 | 04
#1650-d239 @A: 14 35 20 21 | 02
#1651-d239 @A: 34 04 21 16 | 05
#1652-d239 @A: 21 16 10 14 | 08
#1653-d239 @A: 21 29 35 16 | 06
#1654-d239 @A: 21 02 16 01 | 09
#1655-d239 @A: 08 23 21 02 | 10
#1656-d239 @A: 35 08 21 34 | 01
#1657-d239 @A: 21 26 08 29 | 11
#1658-d239 @A: 21 03 08 14 | 12
#1659-d239 @A: 21 12 08 26 | 07
#1660-d239 @A: 04 23 21 24 | 03
#1661-d239 @A: 21 10 04 26 | 04
#1662-d239 @A: 21 04 14 29 | 02
#1663-d239 @A: 35 03 23 21 | 05
#1664-d239 @A: 21 14 23 01 | 08
#1665-d239 @A: 02 10 21 34 | 06
#1666-d239 @A: 34 01 29 21 | 09
#1667-d239 @A: 34 24 21 26 | 10
#1668-d239 @A: 29 21 24 10 | 01
#1669-d239 @A: 10 02 12 21 | 11
#1670-d239 @A: 21 02 03 24 | 12
#1671-d239 @A: 03 21 01 26 | 07
#1672-d239 @A: 21 35 02 26 | 03
#1673-d239 @A: 16 12 10 25 | 04
#1674-d239 @A: 25 02 12 08 | 02
#1675-d239 @A: 04 25 12 01 | 05
#1676-d239 @A: 25 24 12 23 | 08
#1677-d239 @A: 03 01 12 25 | 06
#1678-d239 @A: 34 20 12 35 | 09
#1679-d239 @A: 12 24 14 20 | 10
#1680-d239 @A: 01 12 20 02 | 01
#1681-d239 @A: 08 14 12 16 | 11
#1682-d239 @A: 12 01 24 16 | 12
#1683-d239 @A: 29 12 10 08 | 07
#1684-d239 @A: 12 08 35 14 | 03
#1685-d239 @A: 04 12 34 10 | 04
#1686-d239 @A: 04 35 12 02 | 02
#1687-d239 @A: 12 10 03 23 | 05
#1688-d239 @A: 34 26 12 03 | 08
#1689-d239 @A: 24 03 29 12 | 06
