#0001-d260 @A: 14 13 25 03 | 11
#0002-d260 @A: 13 27 06 03 | 03
#0003-d260 @A: 13 03 15 35 | 05
#0004-d260 @A: 03 20 08 13 | 01
#0005-d260 @A: 04 13 03 02 | 06
#0006-d260 @A: 13 07 03 12 | 12
#0007-d260 @A: 29 13 03 16 | 08
#0008-d260 @A: 30 28 13 03 | 07
#0009-d260 @A: 03 17 13 21 | 02
#0010-d260 @A: 32 03 23 13 | 04
#0011-d260 @A: 26 13 03 18 | 09
#0012-d260 @A: 03 19 34 13 | 10
#0013-d260 @A: 01 13 31 03 | 11
#0014-d260 @A: 05 13 22 03 | 03
#0015-d260 @A: 13 10 04 03 | 05
#0016-d260 @A: 11 13 09 03 | 01
#0017-d260 @A: 33 24 03 13 | 06
#0018-d260 @A: 14 27 03 04 | 12
#0019-d260 @A: 29 03 14 15 | 08
#0020-d260 @A: 08 14 03 24 | 07
#0021-d260 @A: 14 12 02 03 | 02
#0022-d260 @A: 03 20 14 35 | 04
#0023-d260 @A: 16 14 03 32 | 09
#0024-d260 @A: 03 17 14 28 | 10
#0025-d260 @A: 30 14 09 03 | 11
#0026-d260 @A: 22 14 23 03 | 03
#0027-d260 @A: 14 03 19 26 | 05
#0028-d260 @A: 14 33 34 03 | 01
#0029-d260 @A: 14 06 03 01 | 06
#0030-d260 @A: 05 03 21 14 | 12
#0031-d260 @A: 07 18 14 03 | 08
#0032-d260 @A: 31 11 03 14 | 07
#0033-d260 @A: 14 31 10 03 | 02
#0034-d260 @A: 03 11 15 27 | 04
#0035-d260 @A: 03 32 08 27 | 09
#0036-d260 @A: 29 02 03 27 | 10
#0037-d260 @A: 12 27 03 09 | 11
#0038-d260 @A: 03 27 31 20 | 03
#0039-d260 @A: 03 27 16 25 | 05
#0040-d260 @A: 03 27 18 28 | 01
#0041-d260 @A: 03 27 30 24 | 06
#0042-d260 @A: 27 03 17 35 | 12
#0043-d260 @A: 27 19 03 23 | 08
#0044-d260 @A: 27 03 26 07 | 07
#0045-d260 @A: 34 21 27 03 | 02
#0046-d260 @A: 27 01 22 03 | 04
#0047-d260 @A: 27 05 03 33 | 09
#0048-d260 @A: 29 10 27 03 | 10
#0049-d260 @A: 15 03 08 06 | 11
#0050-d260 @A: 03 26 15 02 | 03
#0051-d260 @A: 03 12 15 31 | 05
#0052-d260 @A: 03 15 20 25 | 01
#0053-d260 @A: 16 21 03 15 | 06
#0054-d260 @A: 15 03 28 04 | 12
#0055-d260 @A: 03 30 15 22 | 08
#0056-d260 @A: 03 17 19 15 | 07
#0057-d260 @A: 10 03 17 15 | 02
#0058-d260 @A: 23 03 15 24 | 04
#0059-d260 @A: 03 32 34 15 | 09
#0060-d260 @A: 01 15 09 03 | 10
#0061-d260 @A: 03 18 15 05 | 11
#0062-d260 @A: 07 03 15 33 | 03
#0063-d260 @A: 03 08 34 02 | 05
#0064-d260 @A: 08 03 22 12 | 01
#0065-d260 @A: 08 04 03 16 | 06
#0066-d260 @A: 03 33 28 08 | 12
#0067-d260 @A: 30 03 19 08 | 08
#0068-d260 @A: 17 07 03 08 | 07
#0069-d260 @A: 08 03 23 35 | 02
#0070-d260 @A: 03 26 31 08 | 04
#0071-d260 @A: 01 03 08 29 | 09
#0072-d260 @A: 25 05 08 03 | 10
#0073-d260 @A: 18 03 09 08 | 11
#0074-d260 @A: 08 21 03 11 | 03
#0075-d260 @A: 08 35 03 10 | 05
#0076-d260 @A: 20 06 02 03 | 01
#0077-d260 @A: 11 02 16 03 | 06
#0078-d260 @A: 28 03 02 19 | 12
#0079-d260 @A: 18 30 02 03 | 08
#0080-d260 @A: 10 03 30 02 | 07
#0081-d260 @A: 02 25 17 03 | 02
#0082-d260 @A: 23 33 03 02 | 04
#0083-d260 @A: 02 01 21 03 | 09
#0084-d260 @A: 05 35 02 03 | 10
#0085-d260 @A: 09 03 07 02 | 11
#0086-d260 @A: 03 24 22 02 | 03
#0087-d260 @A: 02 31 32 03 | 05
#0088-d260 @A: 20 12 03 18 | 01
#0089-d260 @A: 03 16 12 19 | 06
#0090-d260 @A: 28 03 06 12 | 12
#0091-d260 @A: 25 12 03 30 | 08
#0092-d260 @A: 03 17 12 32 | 07
#0093-d260 @A: 04 03 12 23 | 02
#0094-d260 @A: 03 12 26 21 | 04
#0095-d260 @A: 12 03 29 34 | 09
#0096-d260 @A: 11 03 12 01 | 10
#0097-d260 @A: 03 12 24 05 | 11
#0098-d260 @A: 32 10 12 03 | 03
#0099-d260 @A: 33 12 35 03 | 05
#0100-d260 @A: 33 16 20 03 | 01
#0101-d260 @A: 20 11 03 28 | 06
#0102-d260 @A: 34 30 03 20 | 12
#0103-d260 @A: 17 04 03 20 | 08
#0104-d260 @A: 09 03 20 23 | 07
#0105-d260 @A: 24 26 03 20 | 02
#0106-d260 @A: 01 05 20 03 | 04
#0107-d260 @A: 19 03 20 29 | 09
#0108-d260 @A: 20 07 32 03 | 10
#0109-d260 @A: 20 03 07 10 | 11
#0110-d260 @A: 20 03 21 22 | 03
#0111-d260 @A: 16 03 26 28 | 05
#0112-d260 @A: 07 16 03 30 | 01
#0113-d260 @A: 03 16 17 09 | 06
#0114-d260 @A: 03 16 31 23 | 12
#0115-d260 @A: 22 03 16 34 | 08
#0116-d260 @A: 03 16 01 35 | 07
#0117-d260 @A: 16 06 03 05 | 02
#0118-d260 @A: 18 16 03 24 | 04
#0119-d260 @A: 24 10 16 03 | 09
#0120-d260 @A: 29 03 28 23 | 10
#0121-d260 @A: 25 34 28 03 | 11
#0122-d260 @A: 03 01 24 28 | 03
#0123-d260 @A: 32 05 28 03 | 05
#0124-d260 @A: 10 05 28 03 | 01
#0125-d260 @A: 03 28 21 09 | 06
#0126-d260 @A: 28 35 03 07 | 12
#0127-d260 @A: 31 22 28 03 | 08
#0128-d260 @A: 11 03 30 17 | 07
#0129-d260 @A: 03 21 30 23 | 02
#0130-d260 @A: 30 03 26 35 | 04
#0131-d260 @A: 03 30 01 04 | 09
#0132-d260 @A: 03 30 05 29 | 10
#0133-d260 @A: 30 32 06 03 | 11
#0134-d260 @A: 30 31 03 33 | 03
#0135-d260 @A: 06 17 23 03 | 05
#0136-d260 @A: 03 26 29 17 | 01
#0137-d260 @A: 34 17 24 03 | 06
#0138-d260 @A: 33 17 01 03 | 12
#0139-d260 @A: 31 17 03 05 | 08
#0140-d260 @A: 18 17 22 03 | 07
#0141-d260 @A: 25 03 23 26 | 02
#0142-d260 @A: 11 23 34 03 | 04
#0143-d260 @A: 03 23 01 18 | 09
#0144-d260 @A: 05 07 23 03 | 10
#0145-d260 @A: 03 10 23 19 | 11
#0146-d260 @A: 34 03 04 26 | 03
#0147-d260 @A: 26 01 32 03 | 05
#0148-d260 @A: 01 03 10 26 | 01
#0149-d260 @A: 11 05 26 03 | 06
#0150-d260 @A: 03 09 26 06 | 12
#0151-d260 @A: 33 03 22 26 | 08
#0152-d260 @A: 07 03 01 34 | 07
#0153-d260 @A: 05 34 09 03 | 02
#0154-d260 @A: 06 31 03 34 | 04
#0155-d260 @A: 34 18 35 03 | 09
#0156-d260 @A: 10 18 34 03 | 10
#0157-d260 @A: 25 03 19 01 | 11
#0158-d260 @A: 03 04 19 05 | 03
#0159-d260 @A: 09 19 24 03 | 05
#0160-d260 @A: 32 19 21 03 | 01
#0161-d260 @A: 03 06 19 33 | 06
#0162-d260 @A: 19 07 22 03 | 12
#0163-d260 @A: 11 18 03 19 | 08
#0164-d260 @A: 31 03 19 35 | 07
#0165-d260 @A: 09 04 22 03 | 02
#0166-d260 @A: 31 03 24 04 | 04
#0167-d260 @A: 04 03 35 32 | 09
#0168-d260 @A: 21 04 33 03 | 10
#0169-d260 @A: 06 04 03 18 | 11
#0170-d260 @A: 04 03 11 07 | 03
#0171-d260 @A: 04 03 25 29 | 05
#0172-d260 @A: 32 03 33 09 | 01
#0173-d260 @A: 03 31 09 29 | 06
#0174-d260 @A: 21 09 10 03 | 12
#0175-d260 @A: 35 03 25 09 | 08
#0176-d260 @A: 11 32 03 24 | 07
#0177-d260 @A: 06 24 03 07 | 02
#0178-d260 @A: 24 03 35 29 | 04
#0179-d260 @A: 24 03 22 10 | 09
#0180-d260 @A: 24 03 25 21 | 10
#0181-d260 @A: 29 22 32 03 | 11
#0182-d260 @A: 03 32 18 25 | 03
#0183-d260 @A: 10 06 33 03 | 05
#0184-d260 @A: 33 29 03 18 | 01
#0185-d260 @A: 11 25 03 33 | 06
#0186-d260 @A: 03 06 11 29 | 12
#0187-d260 @A: 25 03 22 06 | 08
#0188-d260 @A: 21 35 03 06 | 07
#0189-d260 @A: 21 03 29 07 | 02
#0190-d260 @A: 25 07 31 03 | 04
#0191-d260 @A: 11 35 03 22 | 09
#0192-d260 @A: 25 03 11 10 | 10
#0193-d260 @A: 31 03 18 21 | 11
#0194-d260 @A: 14 13 27 19 | 03
#0195-d260 @A: 04 15 13 14 | 05
#0196-d260 @A: 13 14 08 29 | 01
#0197-d260 @A: 21 13 02 14 | 06
#0198-d260 @A: 13 14 24 12 | 12
#0199-d260 @A: 14 13 20 09 | 08
#0200-d260 @A: 14 16 13 07 | 07
#0201-d260 @A: 35 14 13 28 | 02
#0202-d260 @A: 30 13 14 22 | 04
#0203-d260 @A: 13 17 14 32 | 09
#0204-d260 @A: 13 23 33 14 | 10
#0205-d260 @A: 26 13 14 06 | 11
#0206-d260 @A: 18 13 14 34 | 03
#0207-d260 @A: 01 11 13 14 | 05
#0208-d260 @A: 05 13 31 14 | 01
#0209-d260 @A: 14 10 13 22 | 06
#0210-d260 @A: 13 15 27 31 | 12
#0211-d260 @A: 27 13 17 08 | 08
#0212-d260 @A: 13 02 11 27 | 07
#0213-d260 @A: 12 13 34 27 | 02
#0214-d260 @A: 24 27 20 13 | 04
#0215-d260 @A: 04 16 13 27 | 09
#0216-d260 @A: 28 09 13 27 | 10
#0217-d260 @A: 30 27 32 13 | 11
#0218-d260 @A: 18 27 23 13 | 03
#0219-d260 @A: 27 35 13 26 | 05
#0220-d260 @A: 13 21 01 27 | 01
#0221-d260 @A: 05 13 27 25 | 06
#0222-d260 @A: 13 27 22 33 | 12
#0223-d260 @A: 13 10 33 27 | 08
#0224-d260 @A: 07 27 13 29 | 07
#0225-d260 @A: 13 18 15 08 | 02
#0226-d260 @A: 15 33 02 13 | 04
#0227-d260 @A: 19 13 12 15 | 09
#0228-d260 @A: 15 20 21 13 | 10
#0229-d260 @A: 15 06 16 13 | 11
#0230-d260 @A: 13 15 28 32 | 03
#0231-d260 @A: 24 13 15 30 | 05
#0232-d260 @A: 25 13 17 15 | 01
#0233-d260 @A: 09 15 23 13 | 06
#0234-d260 @A: 26 15 22 13 | 12
#0235-d260 @A: 13 34 11 15 | 08
#0236-d260 @A: 07 13 15 01 | 07
#0237-d260 @A: 05 29 13 15 | 02
#0238-d260 @A: 15 10 13 25 | 04
#0239-d260 @A: 13 02 06 08 | 09
#0240-d260 @A: 25 13 12 08 | 10
#0241-d260 @A: 26 13 16 08 | 11
#0242-d260 @A: 13 11 28 08 | 03
#0243-d260 @A: 33 30 13 08 | 05
#0244-d260 @A: 08 23 13 19 | 01
#0245-d260 @A: 13 08 04 34 | 06
#0246-d260 @A: 35 13 08 01 | 12
#0247-d260 @A: 01 13 08 10 | 08
#0248-d260 @A: 08 05 13 09 | 07
#0249-d260 @A: 24 08 13 21 | 02
#0250-d260 @A: 08 07 13 32 | 04
#0251-d260 @A: 22 08 31 13 | 09
#0252-d260 @A: 13 02 12 18 | 10
#0253-d260 @A: 20 30 02 13 | 11
#0254-d260 @A: 02 13 19 16 | 03
#0255-d260 @A: 34 28 13 02 | 05
#0256-d260 @A: 02 09 17 13 | 01
#0257-d260 @A: 35 02 23 13 | 06
#0258-d260 @A: 13 02 31 26 | 12
#0259-d260 @A: 24 01 02 13 | 08
#0260-d260 @A: 02 05 07 13 | 07
#0261-d260 @A: 13 02 10 19 | 02
#0262-d260 @A: 13 29 32 02 | 04
#0263-d260 @A: 22 25 02 13 | 09
#0264-d260 @A: 02 18 13 10 | 10
#0265-d260 @A: 12 06 13 20 | 11
#0266-d260 @A: 12 13 21 16 | 03
#0267-d260 @A: 28 31 12 13 | 05
#0268-d260 @A: 29 30 13 12 | 01
#0269-d260 @A: 13 12 30 10 | 06
#0270-d260 @A: 35 12 13 17 | 12
#0271-d260 @A: 12 23 22 13 | 08
#0272-d260 @A: 04 26 13 12 | 07
#0273-d260 @A: 12 01 13 09 | 02
#0274-d260 @A: 05 12 13 33 | 04
#0275-d260 @A: 13 12 32 11 | 09
#0276-d260 @A: 20 16 13 32 | 10
#0277-d260 @A: 28 20 13 04 | 11
#0278-d260 @A: 20 33 13 17 | 03
#0279-d260 @A: 20 13 23 31 | 05
#0280-d260 @A: 26 07 13 20 | 01
#0281-d260 @A: 20 29 13 34 | 06
#0282-d260 @A: 18 13 20 01 | 12
#0283-d260 @A: 05 20 19 13 | 08
#0284-d260 @A: 20 06 13 10 | 07
#0285-d260 @A: 22 20 13 11 | 02
#0286-d260 @A: 35 20 25 13 | 04
#0287-d260 @A: 13 28 16 22 | 09
#0288-d260 @A: 09 16 13 30 | 10
#0289-d260 @A: 17 16 18 13 | 11
#0290-d260 @A: 16 34 13 23 | 03
#0291-d260 @A: 01 33 16 13 | 05
#0292-d260 @A: 35 05 13 16 | 01
#0293-d260 @A: 13 25 24 16 | 06
#0294-d260 @A: 16 31 11 13 | 12
#0295-d260 @A: 13 35 16 10 | 08
#0296-d260 @A: 07 17 28 13 | 07
#0297-d260 @A: 28 25 23 13 | 02
#0298-d260 @A: 28 13 26 19 | 04
#0299-d260 @A: 06 01 13 28 | 09
#0300-d260 @A: 13 05 28 18 | 10
#0301-d260 @A: 10 13 28 09 | 11
#0302-d260 @A: 28 13 29 24 | 03
#0303-d260 @A: 28 13 21 33 | 05
#0304-d260 @A: 17 30 13 19 | 01
#0305-d260 @A: 30 06 23 13 | 06
#0306-d260 @A: 11 13 30 26 | 12
#0307-d260 @A: 25 34 13 30 | 08
#0308-d260 @A: 01 05 13 30 | 07
#0309-d260 @A: 30 13 04 18 | 02
#0310-d260 @A: 07 35 13 30 | 04
#0311-d260 @A: 21 31 13 30 | 09
#0312-d260 @A: 17 13 23 04 | 10
#0313-d260 @A: 26 24 13 17 | 11
#0314-d260 @A: 17 34 06 13 | 03
#0315-d260 @A: 22 17 13 01 | 05
#0316-d260 @A: 13 05 17 11 | 01
#0317-d260 @A: 13 17 07 10 | 06
#0318-d260 @A: 31 17 29 13 | 12
#0319-d260 @A: 23 13 26 21 | 08
#0320-d260 @A: 01 29 23 13 | 07
#0321-d260 @A: 24 13 05 23 | 02
#0322-d260 @A: 24 23 10 13 | 04
#0323-d260 @A: 13 11 23 07 | 09
#0324-d260 @A: 26 13 34 33 | 10
#0325-d260 @A: 25 26 13 01 | 11
#0326-d260 @A: 32 13 26 05 | 03
#0327-d260 @A: 13 09 26 29 | 05
#0328-d260 @A: 31 10 13 26 | 01
#0329-d260 @A: 34 13 32 01 | 06
#0330-d260 @A: 05 13 34 21 | 12
#0331-d260 @A: 34 13 31 09 | 08
#0332-d260 @A: 13 24 34 07 | 07
#0333-d260 @A: 13 34 10 29 | 02
#0334-d260 @A: 34 13 35 22 | 04
#0335-d260 @A: 01 13 04 19 | 09
#0336-d260 @A: 13 04 06 05 | 10
#0337-d260 @A: 21 13 10 05 | 11
#0338-d260 @A: 19 13 22 09 | 03
#0339-d260 @A: 13 24 31 19 | 05
#0340-d260 @A: 32 13 19 35 | 01
#0341-d260 @A: 19 33 13 07 | 06
#0342-d260 @A: 13 18 06 19 | 12
#0343-d260 @A: 19 25 13 29 | 08
#0344-d260 @A: 21 19 13 11 | 07
#0345-d260 @A: 04 09 24 13 | 02
#0346-d260 @A: 13 22 04 32 | 04
#0347-d260 @A: 04 33 13 29 | 09
#0348-d260 @A: 04 07 31 13 | 10
#0349-d260 @A: 25 11 13 04 | 11
#0350-d260 @A: 13 21 04 35 | 03
#0351-d260 @A: 18 09 13 32 | 05
#0352-d260 @A: 35 09 13 33 | 01
#0353-d260 @A: 13 21 06 09 | 06
#0354-d260 @A: 25 07 09 13 | 12
#0355-d260 @A: 32 24 13 06 | 08
#0356-d260 @A: 22 18 24 13 | 07
#0357-d260 @A: 24 11 13 35 | 02
#0358-d260 @A: 31 32 33 13 | 04
#0359-d260 @A: 10 11 32 13 | 09
#0360-d260 @A: 25 21 13 32 | 10
#0361-d260 @A: 13 11 06 33 | 11
#0362-d260 @A: 13 33 25 18 | 03
#0363-d260 @A: 13 22 07 06 | 05
#0364-d260 @A: 29 13 35 06 | 01
#0365-d260 @A: 06 25 13 31 | 06
#0366-d260 @A: 21 18 13 07 | 12
#0367-d260 @A: 22 13 21 29 | 08
#0368-d260 @A: 18 13 11 29 | 07
#0369-d260 @A: 13 35 31 18 | 02
#0370-d260 @A: 23 27 14 15 | 04
#0371-d260 @A: 14 08 27 22 | 09
#0372-d260 @A: 14 27 02 35 | 10
#0373-d260 @A: 14 07 12 27 | 11
#0374-d260 @A: 27 18 14 20 | 03
#0375-d260 @A: 27 16 14 26 | 05
#0376-d260 @A: 16 14 27 10 | 01
#0377-d260 @A: 31 14 27 28 | 06
#0378-d260 @A: 29 30 14 27 | 12
#0379-d260 @A: 27 17 21 14 | 08
#0380-d260 @A: 14 34 27 32 | 07
#0381-d260 @A: 14 01 05 27 | 02
#0382-d260 @A: 27 14 09 24 | 04
#0383-d260 @A: 14 11 27 33 | 09
#0384-d260 @A: 14 25 06 27 | 10
#0385-d260 @A: 08 15 21 14 | 11
#0386-d260 @A: 02 15 14 11 | 03
#0387-d260 @A: 32 14 12 15 | 05
#0388-d260 @A: 20 15 33 14 | 01
#0389-d260 @A: 15 14 17 16 | 06
#0390-d260 @A: 15 28 14 25 | 12
#0391-d260 @A: 18 15 14 30 | 08
#0392-d260 @A: 09 26 15 14 | 07
#0393-d260 @A: 15 35 14 34 | 02
#0394-d260 @A: 01 22 15 14 | 04
#0395-d260 @A: 05 15 14 24 | 09
#0396-d260 @A: 15 31 14 19 | 10
#0397-d260 @A: 15 09 14 10 | 11
#0398-d260 @A: 06 14 07 15 | 03
#0399-d260 @A: 09 08 14 02 | 05
#0400-d260 @A: 14 08 35 12 | 01
#0401-d260 @A: 08 14 10 12 | 06
#0402-d260 @A: 14 20 07 08 | 12
#0403-d260 @A: 33 08 14 16 | 08
#0404-d260 @A: 14 18 08 28 | 07
#0405-d260 @A: 14 08 17 30 | 02
#0406-d260 @A: 08 04 14 23 | 04
#0407-d260 @A: 14 26 08 25 | 09
#0408-d260 @A: 34 14 06 08 | 10
#0409-d260 @A: 14 31 08 01 | 11
#0410-d260 @A: 08 19 14 05 | 03
#0411-d260 @A: 08 32 11 14 | 05
#0412-d260 @A: 02 14 20 04 | 01
#0413-d260 @A: 02 14 29 16 | 06
#0414-d260 @A: 28 33 14 02 | 12
#0415-d260 @A: 02 24 14 30 | 08
#0416-d260 @A: 02 17 22 14 | 07
#0417-d260 @A: 23 06 14 02 | 02
#0418-d260 @A: 14 02 26 07 | 04
#0419-d260 @A: 02 14 34 19 | 09
#0420-d260 @A: 18 02 01 14 | 10
#0421-d260 @A: 14 32 05 02 | 11
#0422-d260 @A: 10 02 14 04 | 03
#0423-d260 @A: 14 31 02 25 | 05
#0424-d260 @A: 31 20 12 14 | 01
#0425-d260 @A: 16 14 22 12 | 06
#0426-d260 @A: 12 28 14 21 | 12
#0427-d260 @A: 30 12 34 14 | 08
#0428-d260 @A: 09 17 12 14 | 07
#0429-d260 @A: 26 14 23 12 | 02
#0430-d260 @A: 33 12 14 01 | 04
#0431-d260 @A: 14 29 05 12 | 09
#0432-d260 @A: 19 06 12 14 | 10
#0433-d260 @A: 12 11 14 04 | 11
#0434-d260 @A: 18 14 25 12 | 03
#0435-d260 @A: 06 14 16 20 | 05
#0436-d260 @A: 20 19 14 28 | 01
#0437-d260 @A: 14 30 11 20 | 06
#0438-d260 @A: 17 14 20 24 | 12
#0439-d260 @A: 14 20 21 23 | 08
#0440-d260 @A: 26 14 20 29 | 07
#0441-d260 @A: 26 10 14 20 | 02
#0442-d260 @A: 34 14 20 22 | 04
#0443-d260 @A: 01 20 32 14 | 09
#0444-d260 @A: 25 20 05 14 | 10
#0445-d260 @A: 24 28 14 16 | 11
#0446-d260 @A: 35 14 16 30 | 03
#0447-d260 @A: 23 14 16 09 | 05
#0448-d260 @A: 14 34 25 16 | 01
#0449-d260 @A: 01 14 16 19 | 06
#0450-d260 @A: 05 14 11 16 | 12
#0451-d260 @A: 31 16 14 04 | 08
#0452-d260 @A: 14 16 21 18 | 07
#0453-d260 @A: 30 28 06 14 | 02
#0454-d260 @A: 28 23 11 14 | 04
#0455-d260 @A: 26 14 22 28 | 09
#0456-d260 @A: 14 09 34 28 | 10
#0457-d260 @A: 28 01 14 29 | 11
#0458-d260 @A: 14 07 28 05 | 03
#0459-d260 @A: 10 14 19 28 | 05
#0460-d260 @A: 04 14 32 28 | 01
#0461-d260 @A: 31 23 14 30 | 06
#0462-d260 @A: 26 30 04 14 | 12
#0463-d260 @A: 01 07 14 30 | 08
#0464-d260 @A: 05 30 33 14 | 07
#0465-d260 @A: 14 21 19 30 | 02
#0466-d260 @A: 25 14 30 32 | 04
#0467-d260 @A: 30 10 14 35 | 09
#0468-d260 @A: 17 23 14 35 | 10
#0469-d260 @A: 14 31 17 26 | 11
#0470-d260 @A: 17 34 14 07 | 03
#0471-d260 @A: 14 17 04 01 | 05
#0472-d260 @A: 06 14 17 05 | 01
#0473-d260 @A: 14 19 11 17 | 06
#0474-d260 @A: 10 17 32 14 | 12
#0475-d260 @A: 33 14 18 17 | 08
#0476-d260 @A: 14 17 25 29 | 07
#0477-d260 @A: 14 23 34 24 | 02
#0478-d260 @A: 23 14 01 25 | 04
#0479-d260 @A: 18 14 23 05 | 09
#0480-d260 @A: 14 10 23 05 | 10
#0481-d260 @A: 19 14 23 07 | 11
#0482-d260 @A: 14 23 32 29 | 03
#0483-d260 @A: 26 34 11 14 | 05
#0484-d260 @A: 24 26 14 01 | 01
#0485-d260 @A: 35 26 05 14 | 06
#0486-d260 @A: 26 14 18 32 | 12
#0487-d260 @A: 33 21 26 14 | 08
#0488-d260 @A: 34 01 21 14 | 07
#0489-d260 @A: 05 34 04 14 | 02
#0490-d260 @A: 14 34 31 29 | 04
#0491-d260 @A: 34 10 21 14 | 09
#0492-d260 @A: 10 05 01 14 | 10
#0493-d260 @A: 09 01 14 35 | 11
#0494-d260 @A: 05 14 22 09 | 03
#0495-d260 @A: 22 04 19 14 | 05
#0496-d260 @A: 14 19 09 29 | 01
#0497-d260 @A: 24 14 18 19 | 06
#0498-d260 @A: 19 33 14 32 | 12
#0499-d260 @A: 35 19 14 25 | 08
#0500-d260 @A: 18 09 04 14 | 07
#0501-d260 @A: 14 24 04 29 | 02
#0502-d260 @A: 33 35 04 14 | 04
#0503-d260 @A: 21 06 04 14 | 09
#0504-d260 @A: 25 04 14 07 | 10
#0505-d260 @A: 32 21 14 09 | 11
#0506-d260 @A: 14 09 33 06 | 03
#0507-d260 @A: 09 14 31 07 | 05
#0508-d260 @A: 14 09 25 11 | 01
#0509-d260 @A: 31 14 24 32 | 06
#0510-d260 @A: 33 25 14 24 | 12
#0511-d260 @A: 11 24 14 06 | 08
#0512-d260 @A: 14 10 06 24 | 07
#0513-d260 @A: 24 14 07 21 | 02
#0514-d260 @A: 24 14 35 22 | 04
#0515-d260 @A: 32 14 06 35 | 09
#0516-d260 @A: 14 32 22 07 | 10
#0517-d260 @A: 29 07 14 33 | 11
#0518-d260 @A: 33 22 31 14 | 03
#0519-d260 @A: 33 18 14 10 | 05
#0520-d260 @A: 22 29 06 14 | 01
#0521-d260 @A: 14 06 31 18 | 06
#0522-d260 @A: 11 07 35 14 | 12
#0523-d260 @A: 25 10 07 14 | 08
#0524-d260 @A: 11 21 14 29 | 07
#0525-d260 @A: 10 11 14 29 | 02
#0526-d260 @A: 14 29 35 18 | 04
#0527-d260 @A: 18 14 22 11 | 09
#0528-d260 @A: 22 25 21 14 | 10
#0529-d260 @A: 21 31 35 14 | 11
#0530-d260 @A: 27 08 33 15 | 03
#0531-d260 @A: 02 15 27 09 | 05
#0532-d260 @A: 15 27 12 16 | 01
#0533-d260 @A: 20 15 27 22 | 06
#0534-d260 @A: 19 15 28 27 | 12
#0535-d260 @A: 21 27 15 30 | 08
#0536-d260 @A: 27 15 17 32 | 07
#0537-d260 @A: 27 24 15 26 | 02
#0538-d260 @A: 10 27 15 26 | 04
#0539-d260 @A: 34 25 15 27 | 09
#0540-d260 @A: 27 15 29 01 | 10
#0541-d260 @A: 27 05 15 06 | 11
#0542-d260 @A: 15 27 07 04 | 03
#0543-d260 @A: 18 35 15 27 | 05
#0544-d260 @A: 08 24 27 02 | 01
#0545-d260 @A: 27 12 08 21 | 06
#0546-d260 @A: 27 20 08 25 | 12
#0547-d260 @A: 27 08 16 31 | 08
#0548-d260 @A: 28 29 27 08 | 07
#0549-d260 @A: 27 08 30 04 | 02
#0550-d260 @A: 08 06 23 27 | 04
#0551-d260 @A: 26 27 09 08 | 09
#0552-d260 @A: 08 34 11 27 | 10
#0553-d260 @A: 08 01 27 07 | 11
#0554-d260 @A: 05 27 08 18 | 03
#0555-d260 @A: 19 27 08 35 | 05
#0556-d260 @A: 27 10 32 08 | 01
#0557-d260 @A: 27 12 20 02 | 06
#0558-d260 @A: 27 33 16 02 | 12
#0559-d260 @A: 02 28 25 27 | 08
#0560-d260 @A: 31 02 30 27 | 07
#0561-d260 @A: 17 07 02 27 | 02
#0562-d260 @A: 02 32 27 23 | 04
#0563-d260 @A: 26 06 27 02 | 09
#0564-d260 @A: 02 34 27 04 | 10
#0565-d260 @A: 34 27 10 02 | 11
#0566-d260 @A: 02 19 27 01 | 03
#0567-d260 @A: 27 02 21 05 | 05
#0568-d260 @A: 18 27 02 22 | 01
#0569-d260 @A: 12 28 27 32 | 06
#0570-d260 @A: 12 10 28 27 | 12
#0571-d260 @A: 30 27 12 22 | 08
#0572-d260 @A: 17 27 12 24 | 07
#0573-d260 @A: 23 35 12 27 | 02
#0574-d260 @A: 27 12 31 26 | 04
#0575-d260 @A: 27 12 18 01 | 09
#0576-d260 @A: 05 12 11 27 | 10
#0577-d260 @A: 19 12 27 33 | 11
#0578-d260 @A: 12 27 25 04 | 03
#0579-d260 @A: 06 27 29 12 | 05
#0580-d260 @A: 16 19 27 20 | 01
#0581-d260 @A: 28 20 17 27 | 06
#0582-d260 @A: 30 33 27 20 | 12
#0583-d260 @A: 29 27 20 23 | 08
#0584-d260 @A: 27 20 26 32 | 07
#0585-d260 @A: 20 34 09 27 | 02
#0586-d260 @A: 11 01 27 20 | 04
#0587-d260 @A: 07 20 05 27 | 09
#0588-d260 @A: 27 21 20 04 | 10
#0589-d260 @A: 20 27 06 35 | 11
#0590-d260 @A: 27 10 20 21 | 03
#0591-d260 @A: 16 28 06 27 | 05
#0592-d260 @A: 27 30 18 16 | 01
#0593-d260 @A: 27 22 16 17 | 06
#0594-d260 @A: 16 27 23 24 | 12
#0595-d260 @A: 34 27 07 16 | 08
#0596-d260 @A: 27 16 01 32 | 07
#0597-d260 @A: 05 16 27 09 | 02
#0598-d260 @A: 27 16 29 35 | 04
#0599-d260 @A: 27 16 21 11 | 09
#0600-d260 @A: 27 28 07 30 | 10
#0601-d260 @A: 21 28 23 27 | 11
#0602-d260 @A: 11 26 27 28 | 03
#0603-d260 @A: 24 28 27 34 | 05
#0604-d260 @A: 28 01 27 04 | 01
#0605-d260 @A: 22 05 28 27 | 06
#0606-d260 @A: 28 27 35 33 | 12
#0607-d260 @A: 09 30 27 17 | 08
#0608-d260 @A: 30 23 11 27 | 07
#0609-d260 @A: 26 25 30 27 | 02
#0610-d260 @A: 27 34 30 19 | 04
#0611-d260 @A: 01 30 27 06 | 09
#0612-d260 @A: 27 05 30 35 | 10
#0613-d260 @A: 10 24 27 30 | 11
#0614-d260 @A: 26 23 27 17 | 03
#0615-d260 @A: 27 17 31 34 | 05
#0616-d260 @A: 01 27 17 25 | 01
#0617-d260 @A: 19 05 27 17 | 06
#0618-d260 @A: 27 10 17 19 | 12
#0619-d260 @A: 33 17 27 04 | 08
#0620-d260 @A: 06 18 27 17 | 07
#0621-d260 @A: 17 27 29 11 | 02
#0622-d260 @A: 33 34 27 23 | 04
#0623-d260 @A: 09 01 23 27 | 09
#0624-d260 @A: 05 31 27 23 | 10
#0625-d260 @A: 04 23 22 27 | 11
#0626-d260 @A: 27 23 25 07 | 03
#0627-d260 @A: 22 23 10 27 | 05
#0628-d260 @A: 18 26 34 27 | 01
#0629-d260 @A: 26 01 33 27 | 06
#0630-d260 @A: 04 26 27 05 | 12
#0631-d260 @A: 22 26 27 19 | 08
#0632-d260 @A: 21 29 26 27 | 07
#0633-d260 @A: 27 34 01 35 | 02
#0634-d260 @A: 05 29 34 27 | 04
#0635-d260 @A: 34 22 27 06 | 09
#0636-d260 @A: 24 31 27 01 | 10
#0637-d260 @A: 25 27 10 01 | 11
#0638-d260 @A: 10 05 09 27 | 03
#0639-d260 @A: 24 05 27 32 | 05
#0640-d260 @A: 04 19 27 31 | 01
#0641-d260 @A: 27 19 09 18 | 06
#0642-d260 @A: 27 24 19 29 | 12
#0643-d260 @A: 11 19 27 32 | 08
#0644-d260 @A: 07 27 06 19 | 07
#0645-d260 @A: 27 19 21 25 | 02
#0646-d260 @A: 27 09 04 29 | 04
#0647-d260 @A: 04 27 18 24 | 09
#0648-d260 @A: 24 04 27 10 | 10
#0649-d260 @A: 04 06 32 27 | 11
#0650-d260 @A: 35 27 04 11 | 03
#0651-d260 @A: 27 32 31 09 | 05
#0652-d260 @A: 27 25 09 33 | 01
#0653-d260 @A: 11 06 09 27 | 06
#0654-d260 @A: 09 07 27 21 | 12
#0655-d260 @A: 27 35 09 22 | 08
#0656-d260 @A: 33 06 27 24 | 07
#0657-d260 @A: 07 27 22 24 | 02
#0658-d260 @A: 24 27 11 25 | 04
#0659-d260 @A: 27 35 21 24 | 09
#0660-d260 @A: 33 07 27 32 | 10
#0661-d260 @A: 27 29 32 18 | 11
#0662-d260 @A: 27 32 22 21 | 03
#0663-d260 @A: 25 27 35 32 | 05
#0664-d260 @A: 33 29 27 31 | 01
#0665-d260 @A: 18 21 33 27 | 06
#0666-d260 @A: 27 10 18 06 | 12
#0667-d260 @A: 31 21 27 06 | 08
#0668-d260 @A: 11 27 07 18 | 07
#0669-d260 @A: 07 27 31 35 | 02
#0670-d260 @A: 07 27 10 35 | 04
#0671-d260 @A: 22 25 29 27 | 09
#0672-d260 @A: 11 22 27 31 | 10
#0673-d260 @A: 27 11 31 10 | 11
#0674-d260 @A: 25 27 31 18 | 03
#0675-d260 @A: 15 02 25 08 | 05
#0676-d260 @A: 29 08 15 12 | 01
#0677-d260 @A: 15 08 32 20 | 06
#0678-d260 @A: 09 08 16 15 | 12
#0679-d260 @A: 28 24 08 15 | 08
#0680-d260 @A: 08 30 26 15 | 07
#0681-d260 @A: 15 30 08 10 | 02
#0682-d260 @A: 17 22 08 15 | 04
#0683-d260 @A: 15 31 08 23 | 09
#0684-d260 @A: 19 34 15 08 | 10
#0685-d260 @A: 01 15 04 08 | 11
#0686-d260 @A: 35 05 15 08 | 03
#0687-d260 @A: 11 15 08 07 | 05
#0688-d260 @A: 15 02 06 12 | 01
#0689-d260 @A: 23 15 02 20 | 06
#0690-d260 @A: 04 16 15 02 | 12
#0691-d260 @A: 21 28 15 02 | 08
#0692-d260 @A: 02 15 30 32 | 07
#0693-d260 @A: 02 24 15 17 | 02
#0694-d260 @A: 15 22 02 34 | 04
#0695-d260 @A: 02 35 01 15 | 09
#0696-d260 @A: 05 19 15 02 | 10
#0697-d260 @A: 10 15 02 06 | 11
#0698-d260 @A: 02 29 15 07 | 03
#0699-d260 @A: 18 31 15 02 | 05
#0700-d260 @A: 24 12 20 15 | 01
#0701-d260 @A: 15 11 12 28 | 06
#0702-d260 @A: 12 04 30 15 | 12
#0703-d260 @A: 12 15 26 17 | 08
#0704-d260 @A: 07 23 15 12 | 07
#0705-d260 @A: 15 12 33 34 | 02
#0706-d260 @A: 12 01 21 15 | 04
#0707-d260 @A: 15 12 22 05 | 09
#0708-d260 @A: 09 12 15 18 | 10
#0709-d260 @A: 24 10 12 15 | 11
#0710-d260 @A: 35 25 15 12 | 03
#0711-d260 @A: 20 16 15 07 | 05
#0712-d260 @A: 28 15 06 20 | 01
#0713-d260 @A: 15 30 20 19 | 06
#0714-d260 @A: 15 20 17 29 | 12
#0715-d260 @A: 15 26 20 35 | 08
#0716-d260 @A: 18 15 20 34 | 07
#0717-d260 @A: 31 15 01 20 | 02
#0718-d260 @A: 11 20 15 05 | 04
#0719-d260 @A: 15 20 04 09 | 09
#0720-d260 @A: 35 10 20 15 | 10
#0721-d260 @A: 28 16 15 18 | 11
#0722-d260 @A: 16 30 15 11 | 03
#0723-d260 @A: 23 35 15 16 | 05
#0724-d260 @A: 16 23 15 10 | 01
#0725-d260 @A: 31 16 15 26 | 06
#0726-d260 @A: 24 16 34 15 | 12
#0727-d260 @A: 16 15 05 01 | 08
#0728-d260 @A: 16 19 33 15 | 07
#0729-d260 @A: 22 16 15 32 | 02
#0730-d260 @A: 16 25 15 29 | 04
#0731-d260 @A: 30 28 29 15 | 09
#0732-d260 @A: 15 28 35 17 | 10
#0733-d260 @A: 22 28 15 23 | 11
#0734-d260 @A: 15 26 07 28 | 03
#0735-d260 @A: 15 28 31 34 | 05
#0736-d260 @A: 01 28 33 15 | 01
#0737-d260 @A: 15 28 09 05 | 06
#0738-d260 @A: 15 10 28 11 | 12
#0739-d260 @A: 07 30 17 15 | 08
#0740-d260 @A: 30 34 15 23 | 07
#0741-d260 @A: 30 25 15 01 | 02
#0742-d260 @A: 30 31 05 15 | 04
#0743-d260 @A: 15 09 30 33 | 09
#0744-d260 @A: 30 15 35 06 | 10
#0745-d260 @A: 23 17 15 21 | 11
#0746-d260 @A: 04 34 15 17 | 03
#0747-d260 @A: 17 15 01 18 | 05
#0748-d260 @A: 15 05 17 33 | 01
#0749-d260 @A: 17 09 11 15 | 06
#0750-d260 @A: 31 06 17 15 | 12
#0751-d260 @A: 23 15 26 32 | 08
#0752-d260 @A: 15 23 01 19 | 07
#0753-d260 @A: 05 23 04 15 | 02
#0754-d260 @A: 11 23 15 33 | 04
#0755-d260 @A: 06 23 15 29 | 09
#0756-d260 @A: 18 23 15 25 | 10
#0757-d260 @A: 15 26 21 34 | 11
#0758-d260 @A: 01 26 15 11 | 03
#0759-d260 @A: 15 05 25 26 | 05
#0760-d260 @A: 19 15 26 06 | 01
#0761-d260 @A: 04 29 26 15 | 06
#0762-d260 @A: 26 18 33 15 | 12
#0763-d260 @A: 01 06 15 34 | 08
#0764-d260 @A: 07 15 05 34 | 07
#0765-d260 @A: 19 15 10 34 | 02
#0766-d260 @A: 15 09 34 29 | 04
#0767-d260 @A: 01 32 15 24 | 09
#0768-d260 @A: 10 15 07 01 | 10
#0769-d260 @A: 15 21 05 32 | 11
#0770-d260 @A: 15 10 32 05 | 03
#0771-d260 @A: 35 19 15 04 | 05
#0772-d260 @A: 19 21 09 15 | 01
#0773-d260 @A: 24 19 11 15 | 06
#0774-d260 @A: 25 32 19 15 | 12
#0775-d260 @A: 19 07 18 15 | 08
#0776-d260 @A: 15 29 22 19 | 07
#0777-d260 @A: 04 06 15 24 | 02
#0778-d260 @A: 15 32 04 18 | 04
#0779-d260 @A: 04 31 33 15 | 09
#0780-d260 @A: 04 10 07 15 | 10
#0781-d260 @A: 22 15 11 04 | 11
#0782-d260 @A: 15 04 25 21 | 03
#0783-d260 @A: 09 31 24 15 | 05
#0784-d260 @A: 09 15 35 32 | 01
#0785-d260 @A: 06 25 09 15 | 06
#0786-d260 @A: 07 22 09 15 | 12
#0787-d260 @A: 35 33 15 24 | 08
#0788-d260 @A: 07 24 25 15 | 07
#0789-d260 @A: 18 29 24 15 | 02
#0790-d260 @A: 15 22 24 21 | 04
#0791-d260 @A: 29 15 33 32 | 09
#0792-d260 @A: 32 06 11 15 | 10
#0793-d260 @A: 15 32 07 31 | 11
#0794-d260 @A: 21 06 33 15 | 03
#0795-d260 @A: 22 25 15 33 | 05
#0796-d260 @A: 33 10 15 31 | 01
#0797-d260 @A: 06 15 22 18 | 06
#0798-d260 @A: 21 35 15 07 | 12
#0799-d260 @A: 11 29 35 15 | 08
#0800-d260 @A: 15 18 10 29 | 07
#0801-d260 @A: 29 31 21 15 | 02
#0802-d260 @A: 22 15 21 10 | 04
#0803-d260 @A: 31 35 15 22 | 09
#0804-d260 @A: 18 21 15 11 | 10
#0805-d260 @A: 25 15 31 11 | 11
#0806-d260 @A: 08 02 04 12 | 03
#0807-d260 @A: 20 02 08 33 | 05
#0808-d260 @A: 08 20 10 02 | 01
#0809-d260 @A: 16 02 08 35 | 06
#0810-d260 @A: 02 08 28 30 | 12
#0811-d260 @A: 29 17 08 02 | 08
#0812-d260 @A: 02 22 08 23 | 07
#0813-d260 @A: 02 26 08 11 | 02
#0814-d260 @A: 08 01 32 02 | 04
#0815-d260 @A: 31 08 02 05 | 09
#0816-d260 @A: 02 07 08 19 | 10
#0817-d260 @A: 18 21 08 02 | 11
#0818-d260 @A: 20 12 08 09 | 03
#0819-d260 @A: 18 16 08 12 | 05
#0820-d260 @A: 12 07 08 28 | 01
#0821-d260 @A: 30 08 12 11 | 06
#0822-d260 @A: 06 08 17 12 | 12
#0823-d260 @A: 33 08 12 23 | 08
#0824-d260 @A: 12 08 24 26 | 07
#0825-d260 @A: 12 31 34 08 | 02
#0826-d260 @A: 01 19 12 08 | 04
#0827-d260 @A: 12 08 05 32 | 09
#0828-d260 @A: 08 16 20 22 | 10
#0829-d260 @A: 08 28 34 20 | 11
#0830-d260 @A: 20 08 30 29 | 03
#0831-d260 @A: 19 17 08 20 | 05
#0832-d260 @A: 08 23 20 18 | 01
#0833-d260 @A: 06 20 26 08 | 06
#0834-d260 @A: 01 08 21 20 | 12
#0835-d260 @A: 24 08 20 05 | 08
#0836-d260 @A: 20 04 31 08 | 07
#0837-d260 @A: 08 35 11 20 | 02
#0838-d260 @A: 31 10 20 08 | 04
#0839-d260 @A: 28 16 32 08 | 09
#0840-d260 @A: 30 08 06 16 | 10
#0841-d260 @A: 25 16 17 08 | 11
#0842-d260 @A: 16 08 23 07 | 03
#0843-d260 @A: 34 16 29 08 | 05
#0844-d260 @A: 16 01 08 11 | 01
#0845-d260 @A: 05 21 16 08 | 06
#0846-d260 @A: 08 19 16 24 | 12
#0847-d260 @A: 16 10 08 04 | 08
#0848-d260 @A: 28 08 21 17 | 07
#0849-d260 @A: 28 23 09 08 | 02
#0850-d260 @A: 28 08 26 35 | 04
#0851-d260 @A: 25 01 28 08 | 09
#0852-d260 @A: 28 06 05 08 | 10
#0853-d260 @A: 08 28 19 31 | 11
#0854-d260 @A: 22 28 08 04 | 03
#0855-d260 @A: 28 08 24 10 | 05
#0856-d260 @A: 25 23 30 08 | 01
#0857-d260 @A: 18 30 08 34 | 06
#0858-d260 @A: 30 22 01 08 | 12
#0859-d260 @A: 08 05 30 07 | 08
#0860-d260 @A: 08 09 21 30 | 07
#0861-d260 @A: 08 24 35 30 | 02
#0862-d260 @A: 30 32 31 08 | 04
#0863-d260 @A: 08 17 32 23 | 09
#0864-d260 @A: 08 33 17 26 | 10
#0865-d260 @A: 35 34 17 08 | 11
#0866-d260 @A: 08 09 01 17 | 03
#0867-d260 @A: 08 17 05 04 | 05
#0868-d260 @A: 08 24 17 11 | 01
#0869-d260 @A: 17 08 18 31 | 06
#0870-d260 @A: 08 17 10 21 | 12
#0871-d260 @A: 29 23 08 26 | 08
#0872-d260 @A: 23 21 34 08 | 07
#0873-d260 @A: 23 34 10 08 | 02
#0874-d260 @A: 01 23 24 08 | 04
#0875-d260 @A: 23 05 11 08 | 09
#0876-d260 @A: 08 26 34 07 | 10
#0877-d260 @A: 08 01 18 26 | 11
#0878-d260 @A: 26 05 08 22 | 03
#0879-d260 @A: 32 08 19 26 | 05
#0880-d260 @A: 04 26 08 21 | 01
#0881-d260 @A: 26 08 10 07 | 06
#0882-d260 @A: 08 05 01 34 | 12
#0883-d260 @A: 34 08 09 32 | 08
#0884-d260 @A: 24 22 34 08 | 07
#0885-d260 @A: 33 25 08 34 | 02
#0886-d260 @A: 33 08 01 06 | 04
#0887-d260 @A: 33 05 08 29 | 09
#0888-d260 @A: 33 05 10 08 | 10
#0889-d260 @A: 33 19 08 04 | 11
#0890-d260 @A: 06 09 08 19 | 03
#0891-d260 @A: 29 18 19 08 | 05
#0892-d260 @A: 29 08 19 10 | 01
#0893-d260 @A: 19 21 08 22 | 06
#0894-d260 @A: 19 08 11 25 | 12
#0895-d260 @A: 09 04 35 08 | 08
#0896-d260 @A: 24 04 08 07 | 07
#0897-d260 @A: 04 29 08 32 | 02
#0898-d260 @A: 06 08 11 04 | 04
#0899-d260 @A: 25 04 08 18 | 09
#0900-d260 @A: 08 09 25 24 | 10
#0901-d260 @A: 09 22 08 33 | 11
#0902-d260 @A: 29 07 09 08 | 03
#0903-d260 @A: 31 11 09 08 | 05
#0904-d260 @A: 10 08 09 25 | 01
#0905-d260 @A: 33 24 32 08 | 06
#0906-d260 @A: 06 24 18 08 | 12
#0907-d260 @A: 24 31 08 29 | 08
#0908-d260 @A: 06 08 32 21 | 07
#0909-d260 @A: 25 32 08 22 | 02
#0910-d260 @A: 08 32 35 18 | 04
#0911-d260 @A: 08 33 21 07 | 09
#0912-d260 @A: 18 11 33 08 | 10
#0913-d260 @A: 35 08 33 31 | 11
#0914-d260 @A: 06 08 07 31 | 03
#0915-d260 @A: 25 08 06 29 | 05
#0916-d260 @A: 08 22 06 35 | 01
#0917-d260 @A: 06 08 11 10 | 06
#0918-d260 @A: 08 18 07 22 | 12
#0919-d260 @A: 08 07 25 35 | 08
#0920-d260 @A: 22 11 29 08 | 07
#0921-d260 @A: 08 21 35 29 | 02
#0922-d260 @A: 10 22 08 18 | 04
#0923-d260 @A: 21 08 25 31 | 09
#0924-d260 @A: 02 16 31 12 | 10
#0925-d260 @A: 28 22 12 02 | 11
#0926-d260 @A: 21 12 30 02 | 03
#0927-d260 @A: 17 33 12 02 | 05
#0928-d260 @A: 11 02 12 23 | 01
#0929-d260 @A: 12 02 35 26 | 06
#0930-d260 @A: 34 07 02 12 | 12
#0931-d260 @A: 29 02 12 01 | 08
#0932-d260 @A: 12 02 09 05 | 07
#0933-d260 @A: 12 02 32 19 | 02
#0934-d260 @A: 12 02 24 25 | 04
#0935-d260 @A: 10 02 12 11 | 09
#0936-d260 @A: 20 16 18 02 | 10
#0937-d260 @A: 28 29 02 20 | 11
#0938-d260 @A: 11 17 02 20 | 03
#0939-d260 @A: 20 02 19 26 | 05
#0940-d260 @A: 34 25 02 20 | 01
#0941-d260 @A: 09 20 02 01 | 06
#0942-d260 @A: 02 05 20 22 | 12
#0943-d260 @A: 20 24 07 02 | 08
#0944-d260 @A: 35 20 02 32 | 07
#0945-d260 @A: 21 20 31 02 | 02
#0946-d260 @A: 07 16 28 02 | 04
#0947-d260 @A: 16 02 30 22 | 09
#0948-d260 @A: 16 06 17 02 | 10
#0949-d260 @A: 17 10 16 02 | 11
#0950-d260 @A: 21 02 23 16 | 03
#0951-d260 @A: 26 02 32 16 | 05
#0952-d260 @A: 09 16 34 02 | 01
#0953-d260 @A: 01 25 16 02 | 06
#0954-d260 @A: 16 02 24 05 | 12
#0955-d260 @A: 28 02 17 32 | 08
#0956-d260 @A: 02 23 04 28 | 07
#0957-d260 @A: 02 26 28 18 | 02
#0958-d260 @A: 28 02 05 01 | 04
#0959-d260 @A: 09 02 28 31 | 09
#0960-d260 @A: 24 28 35 02 | 10
#0961-d260 @A: 10 28 02 32 | 11
#0962-d260 @A: 02 06 11 28 | 03
#0963-d260 @A: 17 30 02 35 | 05
#0964-d260 @A: 02 29 23 30 | 01
#0965-d260 @A: 26 33 02 30 | 06
#0966-d260 @A: 06 34 30 02 | 12
#0967-d260 @A: 11 01 02 30 | 08
#0968-d260 @A: 05 30 02 04 | 07
#0969-d260 @A: 30 02 19 09 | 02
#0970-d260 @A: 30 02 07 25 | 04
#0971-d260 @A: 17 23 02 19 | 09
#0972-d260 @A: 17 02 04 26 | 10
#0973-d260 @A: 21 17 34 02 | 11
#0974-d260 @A: 31 17 02 01 | 03
#0975-d260 @A: 02 05 18 17 | 05
#0976-d260 @A: 02 09 23 26 | 01
#0977-d260 @A: 02 23 31 34 | 06
#0978-d260 @A: 07 23 02 01 | 12
#0979-d260 @A: 23 05 25 02 | 08
#0980-d260 @A: 24 02 23 18 | 07
#0981-d260 @A: 02 23 25 10 | 02
#0982-d260 @A: 02 24 26 34 | 04
#0983-d260 @A: 26 22 02 01 | 09
#0984-d260 @A: 29 26 02 05 | 10
#0985-d260 @A: 26 10 05 02 | 11
#0986-d260 @A: 21 25 26 02 | 03
#0987-d260 @A: 01 02 33 34 | 05
#0988-d260 @A: 05 02 34 11 | 01
#0989-d260 @A: 32 34 18 02 | 06
#0990-d260 @A: 34 29 35 02 | 12
#0991-d260 @A: 01 02 04 06 | 08
#0992-d260 @A: 01 22 10 02 | 07
#0993-d260 @A: 05 33 06 02 | 02
#0994-d260 @A: 18 04 02 19 | 04
#0995-d260 @A: 19 02 24 33 | 09
#0996-d260 @A: 25 19 06 02 | 10
#0997-d260 @A: 19 11 29 02 | 11
#0998-d260 @A: 31 22 02 19 | 03
#0999-d260 @A: 19 35 02 21 | 05
#1000-d260 @A: 09 04 02 21 | 01
#1001-d260 @A: 24 32 02 04 | 06
#1002-d260 @A: 02 33 04 11 | 12
#1003-d260 @A: 02 07 22 04 | 08
#1004-d260 @A: 31 04 29 02 | 07
#1005-d260 @A: 02 04 25 35 | 02
#1006-d260 @A: 24 11 09 02 | 04
#1007-d260 @A: 32 02 09 25 | 09
#1008-d260 @A: 09 18 02 33 | 10
#1009-d260 @A: 02 06 35 09 | 11
#1010-d260 @A: 09 29 22 02 | 03
#1011-d260 @A: 29 02 10 09 | 05
#1012-d260 @A: 02 33 10 24 | 01
#1013-d260 @A: 06 31 24 02 | 06
#1014-d260 @A: 24 21 29 02 | 12
#1015-d260 @A: 32 21 33 02 | 08
#1016-d260 @A: 02 22 32 06 | 07
#1017-d260 @A: 07 02 32 11 | 02
#1018-d260 @A: 07 31 33 02 | 04
#1019-d260 @A: 33 29 02 25 | 09
#1020-d260 @A: 35 02 22 33 | 10
#1021-d260 @A: 07 06 21 02 | 11
#1022-d260 @A: 18 29 02 06 | 03
#1023-d260 @A: 35 02 18 07 | 05
#1024-d260 @A: 10 31 07 02 | 01
#1025-d260 @A: 02 11 21 22 | 06
#1026-d260 @A: 25 18 11 02 | 12
#1027-d260 @A: 31 02 11 35 | 08
#1028-d260 @A: 10 02 35 21 | 07
#1029-d260 @A: 16 12 29 20 | 02
#1030-d260 @A: 33 28 20 12 | 04
#1031-d260 @A: 20 07 12 30 | 09
#1032-d260 @A: 17 12 22 20 | 10
#1033-d260 @A: 20 12 19 23 | 11
#1034-d260 @A: 12 20 11 26 | 03
#1035-d260 @A: 20 34 12 21 | 05
#1036-d260 @A: 20 12 25 01 | 01
#1037-d260 @A: 20 12 35 05 | 06
#1038-d260 @A: 12 19 10 20 | 12
#1039-d260 @A: 04 12 20 32 | 08
#1040-d260 @A: 16 09 12 28 | 07
#1041-d260 @A: 33 12 30 16 | 02
#1042-d260 @A: 12 17 23 16 | 04
#1043-d260 @A: 26 12 16 07 | 09
#1044-d260 @A: 16 12 34 32 | 10
#1045-d260 @A: 01 12 04 16 | 11
#1046-d260 @A: 16 25 05 12 | 03
#1047-d260 @A: 06 16 12 24 | 05
#1048-d260 @A: 11 35 12 16 | 01
#1049-d260 @A: 16 12 10 18 | 06
#1050-d260 @A: 30 24 12 28 | 12
#1051-d260 @A: 25 12 17 28 | 08
#1052-d260 @A: 12 18 28 23 | 07
#1053-d260 @A: 12 26 29 28 | 02
#1054-d260 @A: 34 28 12 19 | 04
#1055-d260 @A: 28 12 01 35 | 09
#1056-d260 @A: 12 05 28 04 | 10
#1057-d260 @A: 12 30 31 17 | 11
#1058-d260 @A: 12 23 09 30 | 03
#1059-d260 @A: 18 30 26 12 | 05
#1060-d260 @A: 01 32 12 30 | 01
#1061-d260 @A: 30 06 05 12 | 06
#1062-d260 @A: 12 19 30 35 | 12
#1063-d260 @A: 11 34 12 17 | 08
#1064-d260 @A: 12 05 17 01 | 07
#1065-d260 @A: 01 12 10 17 | 02
#1066-d260 @A: 12 18 19 17 | 04
#1067-d260 @A: 04 29 17 12 | 09
#1068-d260 @A: 17 12 07 21 | 10
#1069-d260 @A: 23 25 12 34 | 11
#1070-d260 @A: 23 31 01 12 | 03
#1071-d260 @A: 23 12 05 21 | 05
#1072-d260 @A: 23 24 29 12 | 01
#1073-d260 @A: 06 32 12 23 | 06
#1074-d260 @A: 35 10 12 23 | 12
#1075-d260 @A: 26 12 22 34 | 08
#1076-d260 @A: 06 01 12 26 | 07
#1077-d260 @A: 26 05 19 12 | 02
#1078-d260 @A: 12 26 25 09 | 04
#1079-d260 @A: 32 33 26 12 | 09
#1080-d260 @A: 29 10 26 12 | 10
#1081-d260 @A: 12 01 24 34 | 11
#1082-d260 @A: 34 05 12 18 | 03
#1083-d260 @A: 35 34 12 04 | 05
#1084-d260 @A: 04 12 34 10 | 01
#1085-d260 @A: 09 34 06 12 | 06
#1086-d260 @A: 12 07 01 22 | 12
#1087-d260 @A: 07 31 12 05 | 08
#1088-d260 @A: 12 05 10 35 | 07
#1089-d260 @A: 04 07 19 12 | 02
#1090-d260 @A: 11 19 12 09 | 04
#1091-d260 @A: 22 24 12 19 | 09
#1092-d260 @A: 12 21 19 29 | 10
#1093-d260 @A: 19 31 25 12 | 11
#1094-d260 @A: 09 12 04 31 | 03
#1095-d260 @A: 24 12 33 04 | 05
#1096-d260 @A: 06 04 12 22 | 01
#1097-d260 @A: 04 12 21 18 | 06
#1098-d260 @A: 21 24 12 09 | 12
#1099-d260 @A: 12 09 32 22 | 08
#1100-d260 @A: 12 29 09 33 | 07
#1101-d260 @A: 12 09 35 07 | 02
#1102-d260 @A: 09 12 22 10 | 04
#1103-d260 @A: 07 24 12 32 | 09
#1104-d260 @A: 11 24 18 12 | 10
#1105-d260 @A: 12 24 31 35 | 11
#1106-d260 @A: 12 29 32 25 | 03
#1107-d260 @A: 31 12 18 32 | 05
#1108-d260 @A: 12 35 32 21 | 01
#1109-d260 @A: 31 06 33 12 | 06
#1110-d260 @A: 33 07 25 12 | 12
#1111-d260 @A: 33 22 18 12 | 08
#1112-d260 @A: 33 21 12 11 | 07
#1113-d260 @A: 25 12 33 10 | 02
#1114-d260 @A: 06 12 11 07 | 04
#1115-d260 @A: 35 18 12 06 | 09
#1116-d260 @A: 12 06 21 25 | 10
#1117-d260 @A: 10 31 06 12 | 11
#1118-d260 @A: 07 18 29 12 | 03
#1119-d260 @A: 12 10 07 21 | 05
#1120-d260 @A: 22 12 35 29 | 01
#1121-d260 @A: 12 29 11 31 | 06
#1122-d260 @A: 22 12 25 11 | 12
#1123-d260 @A: 31 22 12 21 | 08
#1124-d260 @A: 16 28 23 20 | 07
#1125-d260 @A: 31 20 30 16 | 02
#1126-d260 @A: 20 16 35 17 | 04
#1127-d260 @A: 16 26 20 09 | 09
#1128-d260 @A: 16 34 20 11 | 10
#1129-d260 @A: 16 20 24 01 | 11
#1130-d260 @A: 16 04 05 20 | 03
#1131-d260 @A: 10 11 16 20 | 05
#1132-d260 @A: 21 20 16 25 | 01
#1133-d260 @A: 18 28 30 20 | 06
#1134-d260 @A: 20 25 26 28 | 12
#1135-d260 @A: 28 20 01 07 | 08
#1136-d260 @A: 05 28 20 31 | 07
#1137-d260 @A: 09 28 20 32 | 02
#1138-d260 @A: 21 24 28 20 | 04
#1139-d260 @A: 20 22 28 35 | 09
#1140-d260 @A: 28 18 10 20 | 10
#1141-d260 @A: 30 17 21 20 | 11
#1142-d260 @A: 20 04 30 23 | 03
#1143-d260 @A: 26 20 30 22 | 05
#1144-d260 @A: 20 34 10 30 | 01
#1145-d260 @A: 35 01 20 30 | 06
#1146-d260 @A: 32 20 05 30 | 12
#1147-d260 @A: 30 25 20 09 | 08
#1148-d260 @A: 06 30 20 24 | 07
#1149-d260 @A: 17 07 20 23 | 02
#1150-d260 @A: 17 20 18 26 | 04
#1151-d260 @A: 17 34 20 32 | 09
#1152-d260 @A: 01 06 20 17 | 10
#1153-d260 @A: 09 05 20 17 | 11
#1154-d260 @A: 10 33 17 20 | 03
#1155-d260 @A: 17 25 31 20 | 05
#1156-d260 @A: 20 33 26 23 | 01
#1157-d260 @A: 20 23 35 34 | 06
#1158-d260 @A: 20 23 22 01 | 12
#1159-d260 @A: 01 10 23 20 | 08
#1160-d260 @A: 20 23 05 06 | 07
#1161-d260 @A: 11 24 20 23 | 02
#1162-d260 @A: 25 20 32 23 | 04
#1163-d260 @A: 20 26 31 34 | 09
#1164-d260 @A: 01 04 20 26 | 10
#1165-d260 @A: 05 26 20 21 | 11
#1166-d260 @A: 20 19 34 01 | 03
#1167-d260 @A: 33 20 34 05 | 05
#1168-d260 @A: 34 24 20 04 | 01
#1169-d260 @A: 34 07 20 06 | 06
#1170-d260 @A: 01 20 33 29 | 12
#1171-d260 @A: 05 29 18 20 | 08
#1172-d260 @A: 10 05 20 22 | 07
#1173-d260 @A: 19 04 25 20 | 02
#1174-d260 @A: 09 19 20 31 | 04
#1175-d260 @A: 20 24 35 19 | 09
#1176-d260 @A: 20 32 22 19 | 10
#1177-d260 @A: 33 20 18 19 | 11
#1178-d260 @A: 19 11 06 20 | 03
#1179-d260 @A: 07 19 21 20 | 05
#1180-d260 @A: 20 10 09 04 | 01
#1181-d260 @A: 22 04 20 33 | 06
#1182-d260 @A: 04 06 20 29 | 12
#1183-d260 @A: 20 07 35 04 | 08
#1184-d260 @A: 04 11 18 20 | 07
#1185-d260 @A: 24 20 09 29 | 02
#1186-d260 @A: 09 20 33 07 | 04
#1187-d260 @A: 20 22 09 06 | 09
#1188-d260 @A: 20 09 21 11 | 10
#1189-d260 @A: 20 18 09 35 | 11
#1190-d260 @A: 18 20 24 32 | 03
#1191-d260 @A: 10 32 24 20 | 05
#1192-d260 @A: 20 33 24 31 | 01
#1193-d260 @A: 22 24 20 25 | 06
#1194-d260 @A: 11 20 32 33 | 12
#1195-d260 @A: 06 20 31 32 | 08
#1196-d260 @A: 20 29 32 21 | 07
#1197-d260 @A: 25 33 20 06 | 02
#1198-d260 @A: 35 33 21 20 | 04
#1199-d260 @A: 20 06 18 21 | 09
#1200-d260 @A: 22 20 07 29 | 10
#1201-d260 @A: 31 11 20 07 | 11
#1202-d260 @A: 18 07 25 20 | 03
#1203-d260 @A: 20 11 29 25 | 05
#1204-d260 @A: 35 31 20 29 | 01
#1205-d260 @A: 29 25 10 20 | 06
#1206-d260 @A: 22 20 31 18 | 12
#1207-d260 @A: 16 28 30 25 | 08
#1208-d260 @A: 28 11 17 16 | 07
#1209-d260 @A: 33 16 34 28 | 02
#1210-d260 @A: 31 28 16 01 | 04
#1211-d260 @A: 01 10 28 16 | 09
#1212-d260 @A: 29 05 28 16 | 10
#1213-d260 @A: 21 19 16 28 | 11
#1214-d260 @A: 28 04 16 35 | 03
#1215-d260 @A: 29 17 30 16 | 05
#1216-d260 @A: 30 23 16 32 | 01
#1217-d260 @A: 16 26 30 24 | 06
#1218-d260 @A: 16 10 26 30 | 12
#1219-d260 @A: 30 16 34 04 | 08
#1220-d260 @A: 21 30 16 01 | 07
#1221-d260 @A: 19 05 30 16 | 02
#1222-d260 @A: 21 26 16 17 | 04
#1223-d260 @A: 34 19 17 16 | 09
#1224-d260 @A: 16 07 17 01 | 10
#1225-d260 @A: 05 32 17 16 | 11
#1226-d260 @A: 24 16 17 04 | 03
#1227-d260 @A: 17 33 31 16 | 05
#1228-d260 @A: 22 16 26 23 | 01
#1229-d260 @A: 16 01 23 06 | 06
#1230-d260 @A: 16 33 05 23 | 12
#1231-d260 @A: 23 16 19 18 | 08
#1232-d260 @A: 23 25 16 04 | 07
#1233-d260 @A: 29 16 23 11 | 02
#1234-d260 @A: 16 26 35 34 | 04
#1235-d260 @A: 26 29 01 16 | 09
#1236-d260 @A: 05 26 18 16 | 10
#1237-d260 @A: 16 26 19 11 | 11
#1238-d260 @A: 04 16 26 33 | 03
#1239-d260 @A: 06 26 16 25 | 05
#1240-d260 @A: 18 34 01 16 | 01
#1241-d260 @A: 16 31 34 05 | 06
#1242-d260 @A: 34 16 06 21 | 12
#1243-d260 @A: 07 10 16 34 | 08
#1244-d260 @A: 01 09 22 16 | 07
#1245-d260 @A: 07 22 05 16 | 02
#1246-d260 @A: 10 16 05 31 | 04
#1247-d260 @A: 19 16 09 04 | 09
#1248-d260 @A: 19 16 29 32 | 10
#1249-d260 @A: 31 06 16 19 | 11
#1250-d260 @A: 10 06 16 19 | 03
#1251-d260 @A: 16 07 19 35 | 05
#1252-d260 @A: 19 16 25 22 | 01
#1253-d260 @A: 11 04 32 16 | 06
#1254-d260 @A: 07 16 06 04 | 12
#1255-d260 @A: 21 04 16 29 | 08
#1256-d260 @A: 04 18 16 22 | 07
#1257-d260 @A: 09 24 35 16 | 02
#1258-d260 @A: 32 07 09 16 | 04
#1259-d260 @A: 09 33 16 21 | 09
#1260-d260 @A: 09 16 10 33 | 10
#1261-d260 @A: 16 09 06 29 | 11
#1262-d260 @A: 09 18 11 16 | 03
#1263-d260 @A: 25 09 16 31 | 05
#1264-d260 @A: 16 24 32 21 | 01
#1265-d260 @A: 16 11 24 33 | 06
#1266-d260 @A: 07 29 24 16 | 12
#1267-d260 @A: 22 16 24 31 | 08
#1268-d260 @A: 16 32 25 33 | 07
#1269-d260 @A: 06 32 18 16 | 02
#1270-d260 @A: 10 29 32 16 | 04
#1271-d260 @A: 31 35 16 32 | 09
#1272-d260 @A: 33 16 06 35 | 10
#1273-d260 @A: 18 16 07 33 | 11
#1274-d260 @A: 16 29 22 33 | 03
#1275-d260 @A: 22 16 06 11 | 05
#1276-d260 @A: 25 07 11 16 | 01
#1277-d260 @A: 07 31 16 21 | 06
#1278-d260 @A: 16 29 18 31 | 12
#1279-d260 @A: 35 22 16 21 | 08
#1280-d260 @A: 16 21 10 22 | 07
#1281-d260 @A: 16 25 18 35 | 02
#1282-d260 @A: 10 18 16 25 | 04
#1283-d260 @A: 04 28 17 30 | 09
#1284-d260 @A: 30 23 35 28 | 10
#1285-d260 @A: 28 30 26 31 | 11
#1286-d260 @A: 11 34 30 28 | 03
#1287-d260 @A: 01 30 28 09 | 05
#1288-d260 @A: 28 05 21 30 | 01
#1289-d260 @A: 22 30 19 28 | 06
#1290-d260 @A: 32 28 30 33 | 12
#1291-d260 @A: 30 31 28 10 | 08
#1292-d260 @A: 28 17 23 31 | 07
#1293-d260 @A: 17 26 06 28 | 02
#1294-d260 @A: 28 18 34 17 | 04
#1295-d260 @A: 19 28 17 01 | 09
#1296-d260 @A: 17 05 28 24 | 10
#1297-d260 @A: 09 33 17 28 | 11
#1298-d260 @A: 17 06 28 10 | 03
#1299-d260 @A: 22 17 29 28 | 05
#1300-d260 @A: 23 26 24 28 | 01
#1301-d260 @A: 34 28 23 06 | 06
#1302-d260 @A: 32 01 23 28 | 12
#1303-d260 @A: 05 23 19 28 | 08
#1304-d260 @A: 33 23 28 07 | 07
#1305-d260 @A: 10 07 28 23 | 02
#1306-d260 @A: 28 26 32 34 | 04
#1307-d260 @A: 26 28 10 34 | 09
#1308-d260 @A: 28 26 21 01 | 10
#1309-d260 @A: 26 05 28 33 | 11
#1310-d260 @A: 28 26 04 09 | 03
#1311-d260 @A: 34 01 22 28 | 05
#1312-d260 @A: 05 35 34 28 | 01
#1313-d260 @A: 07 28 34 04 | 06
#1314-d260 @A: 28 34 21 29 | 12
#1315-d260 @A: 28 01 18 11 | 08
#1316-d260 @A: 25 05 11 28 | 07
#1317-d260 @A: 11 28 19 04 | 02
#1318-d260 @A: 09 19 07 28 | 04
#1319-d260 @A: 28 19 32 24 | 09
#1320-d260 @A: 33 28 25 19 | 10
#1321-d260 @A: 19 29 28 06 | 11
#1322-d260 @A: 35 18 28 19 | 03
#1323-d260 @A: 25 28 04 24 | 05
#1324-d260 @A: 04 28 06 33 | 01
#1325-d260 @A: 04 29 28 18 | 06
#1326-d260 @A: 10 04 22 28 | 12
#1327-d260 @A: 31 28 04 21 | 08
#1328-d260 @A: 28 06 09 24 | 07
#1329-d260 @A: 29 25 09 28 | 02
#1330-d260 @A: 22 09 18 28 | 04
#1331-d260 @A: 35 11 28 09 | 09
#1332-d260 @A: 24 28 33 22 | 10
#1333-d260 @A: 28 18 24 07 | 11
#1334-d260 @A: 28 31 24 11 | 03
#1335-d260 @A: 10 32 28 33 | 05
#1336-d260 @A: 32 06 28 07 | 01
#1337-d260 @A: 32 29 35 28 | 06
#1338-d260 @A: 32 22 11 28 | 12
#1339-d260 @A: 21 28 18 32 | 08
#1340-d260 @A: 32 28 31 25 | 07
#1341-d260 @A: 28 11 29 33 | 02
#1342-d260 @A: 33 31 28 18 | 04
#1343-d260 @A: 28 21 06 22 | 09
#1344-d260 @A: 28 25 06 18 | 10
#1345-d260 @A: 31 06 35 28 | 11
#1346-d260 @A: 31 28 29 07 | 03
#1347-d260 @A: 25 28 07 22 | 05
#1348-d260 @A: 11 28 21 07 | 01
#1349-d260 @A: 21 28 29 10 | 06
#1350-d260 @A: 21 35 28 25 | 12
#1351-d260 @A: 35 10 25 28 | 08
#1352-d260 @A: 17 23 18 30 | 07
#1353-d260 @A: 30 26 17 32 | 02
#1354-d260 @A: 33 34 30 17 | 04
#1355-d260 @A: 24 30 17 01 | 09
#1356-d260 @A: 25 30 17 05 | 10
#1357-d260 @A: 06 30 17 22 | 11
#1358-d260 @A: 22 10 30 17 | 03
#1359-d260 @A: 07 30 26 23 | 05
#1360-d260 @A: 23 30 01 33 | 01
#1361-d260 @A: 22 30 23 05 | 06
#1362-d260 @A: 30 19 23 24 | 12
#1363-d260 @A: 18 23 30 10 | 08
#1364-d260 @A: 29 30 26 34 | 07
#1365-d260 @A: 01 30 26 19 | 02
#1366-d260 @A: 30 09 26 05 | 04
#1367-d260 @A: 26 06 21 30 | 09
#1368-d260 @A: 30 34 31 01 | 10
#1369-d260 @A: 05 34 24 30 | 11
#1370-d260 @A: 09 34 30 07 | 03
#1371-d260 @A: 34 32 30 35 | 05
#1372-d260 @A: 30 21 22 34 | 01
#1373-d260 @A: 30 01 10 09 | 06
#1374-d260 @A: 01 18 29 30 | 12
#1375-d260 @A: 30 06 10 05 | 08
#1376-d260 @A: 11 05 30 18 | 07
#1377-d260 @A: 30 19 06 04 | 02
#1378-d260 @A: 19 30 32 07 | 04
#1379-d260 @A: 30 19 29 33 | 09
#1380-d260 @A: 19 31 30 11 | 10
#1381-d260 @A: 18 25 30 19 | 11
#1382-d260 @A: 25 10 19 30 | 03
#1383-d260 @A: 32 30 09 04 | 05
#1384-d260 @A: 30 22 04 24 | 01
#1385-d260 @A: 10 32 30 04 | 06
#1386-d260 @A: 30 25 33 04 | 12
#1387-d260 @A: 21 30 04 07 | 08
#1388-d260 @A: 11 30 29 04 | 07
#1389-d260 @A: 04 30 35 31 | 02
#1390-d260 @A: 09 24 30 18 | 04
#1391-d260 @A: 30 09 06 31 | 09
#1392-d260 @A: 30 35 29 09 | 10
#1393-d260 @A: 22 30 11 09 | 11
#1394-d260 @A: 24 29 32 30 | 03
#1395-d260 @A: 24 21 33 30 | 05
#1396-d260 @A: 30 07 24 11 | 01
#1397-d260 @A: 24 25 30 31 | 06
#1398-d260 @A: 32 18 30 22 | 12
#1399-d260 @A: 32 11 30 21 | 08
#1400-d260 @A: 06 18 33 30 | 07
#1401-d260 @A: 33 22 30 07 | 02
#1402-d260 @A: 33 30 10 29 | 04
#1403-d260 @A: 11 33 35 30 | 09
#1404-d260 @A: 30 29 06 07 | 10
#1405-d260 @A: 11 30 06 25 | 11
#1406-d260 @A: 11 30 10 07 | 03
#1407-d260 @A: 18 07 30 31 | 05
#1408-d260 @A: 29 31 30 22 | 01
#1409-d260 @A: 25 29 21 30 | 06
#1410-d260 @A: 35 22 25 30 | 12
#1411-d260 @A: 21 35 18 30 | 08
#1412-d260 @A: 10 30 21 25 | 07
#1413-d260 @A: 17 09 34 23 | 02
#1414-d260 @A: 17 11 23 01 | 04
#1415-d260 @A: 17 23 05 29 | 09
#1416-d260 @A: 23 33 17 24 | 10
#1417-d260 @A: 23 25 17 22 | 11
#1418-d260 @A: 17 11 10 23 | 03
#1419-d260 @A: 17 26 25 34 | 05
#1420-d260 @A: 17 35 26 01 | 01
#1421-d260 @A: 07 05 26 17 | 06
#1422-d260 @A: 17 26 09 19 | 12
#1423-d260 @A: 04 26 10 17 | 08
#1424-d260 @A: 22 26 11 17 | 07
#1425-d260 @A: 34 01 17 29 | 02
#1426-d260 @A: 34 05 17 22 | 04
#1427-d260 @A: 17 05 34 10 | 09
#1428-d260 @A: 17 10 24 01 | 10
#1429-d260 @A: 17 21 01 32 | 11
#1430-d260 @A: 35 21 05 17 | 03
#1431-d260 @A: 21 19 04 17 | 05
#1432-d260 @A: 19 25 24 17 | 01
#1433-d260 @A: 32 31 19 17 | 06
#1434-d260 @A: 19 33 22 17 | 12
#1435-d260 @A: 19 17 35 06 | 08
#1436-d260 @A: 07 17 19 29 | 07
#1437-d260 @A: 17 09 04 06 | 02
#1438-d260 @A: 32 25 17 04 | 04
#1439-d260 @A: 18 17 07 04 | 09
#1440-d260 @A: 22 35 17 04 | 10
#1441-d260 @A: 31 11 17 04 | 11
#1442-d260 @A: 07 24 17 09 | 03
#1443-d260 @A: 09 32 29 17 | 05
#1444-d260 @A: 10 09 29 17 | 01
#1445-d260 @A: 09 17 21 22 | 06
#1446-d260 @A: 09 25 18 17 | 12
#1447-d260 @A: 17 09 35 31 | 08
#1448-d260 @A: 24 17 22 32 | 07
#1449-d260 @A: 17 24 06 29 | 02
#1450-d260 @A: 24 35 17 18 | 04
#1451-d260 @A: 17 24 31 21 | 09
#1452-d260 @A: 32 33 06 17 | 10
#1453-d260 @A: 32 35 07 17 | 11
#1454-d260 @A: 17 11 18 32 | 03
#1455-d260 @A: 17 11 33 07 | 05
#1456-d260 @A: 33 29 35 17 | 01
#1457-d260 @A: 25 17 33 21 | 06
#1458-d260 @A: 25 06 07 17 | 12
#1459-d260 @A: 21 11 06 17 | 08
#1460-d260 @A: 22 07 31 17 | 07
#1461-d260 @A: 17 29 21 18 | 02
#1462-d260 @A: 17 25 11 35 | 04
#1463-d260 @A: 17 10 18 35 | 09
#1464-d260 @A: 17 31 25 10 | 10
#1465-d260 @A: 26 19 34 23 | 11
#1466-d260 @A: 26 05 23 01 | 03
#1467-d260 @A: 11 04 26 23 | 05
#1468-d260 @A: 18 06 26 23 | 01
#1469-d260 @A: 06 23 10 26 | 06
#1470-d260 @A: 23 35 31 26 | 12
#1471-d260 @A: 04 01 23 34 | 08
#1472-d260 @A: 23 34 05 32 | 07
#1473-d260 @A: 23 18 34 07 | 02
#1474-d260 @A: 34 23 22 29 | 04
#1475-d260 @A: 35 23 01 21 | 09
#1476-d260 @A: 23 05 09 35 | 10
#1477-d260 @A: 04 23 32 19 | 11
#1478-d260 @A: 09 23 25 19 | 03
#1479-d260 @A: 23 31 19 33 | 05
#1480-d260 @A: 23 21 19 06 | 01
#1481-d260 @A: 35 19 29 23 | 06
#1482-d260 @A: 22 11 23 19 | 12
#1483-d260 @A: 23 33 09 04 | 08
#1484-d260 @A: 04 21 24 23 | 07
#1485-d260 @A: 33 04 23 10 | 02
#1486-d260 @A: 04 35 06 23 | 04
#1487-d260 @A: 29 04 07 23 | 09
#1488-d260 @A: 18 31 04 23 | 10
#1489-d260 @A: 24 23 22 09 | 11
#1490-d260 @A: 23 11 32 09 | 03
#1491-d260 @A: 09 23 32 10 | 05
#1492-d260 @A: 23 09 06 07 | 01
#1493-d260 @A: 18 09 29 23 | 06
#1494-d260 @A: 21 09 31 23 | 12
#1495-d260 @A: 35 32 24 23 | 08
#1496-d260 @A: 06 23 25 24 | 07
#1497-d260 @A: 23 07 31 24 | 02
#1498-d260 @A: 33 32 23 18 | 04
#1499-d260 @A: 23 32 21 07 | 09
#1500-d260 @A: 22 23 32 31 | 10
#1501-d260 @A: 22 06 33 23 | 11
#1502-d260 @A: 29 33 23 21 | 03
#1503-d260 @A: 33 10 23 21 | 05
#1504-d260 @A: 33 23 35 25 | 01
#1505-d260 @A: 06 23 31 11 | 06
#1506-d260 @A: 35 23 22 07 | 12
#1507-d260 @A: 31 23 29 25 | 08
#1508-d260 @A: 31 29 10 23 | 07
#1509-d260 @A: 21 23 22 18 | 02
#1510-d260 @A: 11 35 23 18 | 04
#1511-d260 @A: 23 11 25 21 | 09
#1512-d260 @A: 09 01 34 26 | 10
#1513-d260 @A: 06 26 05 34 | 11
#1514-d260 @A: 07 01 31 26 | 03
#1515-d260 @A: 05 24 31 26 | 05
#1516-d260 @A: 26 19 24 04 | 01
#1517-d260 @A: 33 35 19 26 | 06
#1518-d260 @A: 07 25 19 26 | 12
#1519-d260 @A: 26 19 29 31 | 08
#1520-d260 @A: 21 18 26 19 | 07
#1521-d260 @A: 10 26 19 21 | 02
#1522-d260 @A: 04 07 32 26 | 04
#1523-d260 @A: 06 26 31 04 | 09
#1524-d260 @A: 04 22 26 25 | 10
#1525-d260 @A: 18 35 26 04 | 11
#1526-d260 @A: 10 25 26 04 | 03
#1527-d260 @A: 26 09 24 32 | 05
#1528-d260 @A: 26 09 11 33 | 01
#1529-d260 @A: 09 18 26 07 | 06
#1530-d260 @A: 26 09 31 22 | 12
#1531-d260 @A: 10 26 09 18 | 08
#1532-d260 @A: 21 26 09 35 | 07
#1533-d260 @A: 26 29 24 33 | 02
#1534-d260 @A: 26 24 06 22 | 04
#1535-d260 @A: 07 35 24 26 | 09
#1536-d260 @A: 11 21 26 24 | 10
#1537-d260 @A: 18 25 24 26 | 11
#1538-d260 @A: 35 24 26 10 | 03
#1539-d260 @A: 29 32 06 26 | 05
#1540-d260 @A: 22 26 35 32 | 01
#1541-d260 @A: 26 32 10 22 | 06
#1542-d260 @A: 25 26 11 32 | 12
#1543-d260 @A: 32 21 26 31 | 08
#1544-d260 @A: 07 06 33 26 | 07
#1545-d260 @A: 11 33 10 26 | 02
#1546-d260 @A: 26 31 33 25 | 04
#1547-d260 @A: 35 26 06 11 | 09
#1548-d260 @A: 11 29 26 07 | 10
#1549-d260 @A: 26 21 22 07 | 11
#1550-d260 @A: 26 29 18 22 | 03
#1551-d260 @A: 26 35 25 29 | 05
#1552-d260 @A: 26 18 11 31 | 01
#1553-d260 @A: 34 33 01 10 | 06
#1554-d260 @A: 25 34 01 11 | 12
#1555-d260 @A: 34 25 19 05 | 08
#1556-d260 @A: 29 04 19 34 | 07
#1557-d260 @A: 09 34 19 35 | 02
#1558-d260 @A: 21 24 19 34 | 04
#1559-d260 @A: 32 34 19 06 | 09
#1560-d260 @A: 11 33 19 34 | 10
#1561-d260 @A: 07 34 19 31 | 11
#1562-d260 @A: 34 19 22 18 | 03
#1563-d260 @A: 34 11 09 04 | 05
#1564-d260 @A: 32 34 04 21 | 01
#1565-d260 @A: 18 33 04 34 | 06
#1566-d260 @A: 34 06 25 04 | 12
#1567-d260 @A: 04 34 31 22 | 08
#1568-d260 @A: 24 09 33 34 | 07
#1569-d260 @A: 06 09 34 10 | 02
#1570-d260 @A: 09 22 34 25 | 04
#1571-d260 @A: 21 09 34 18 | 09
#1572-d260 @A: 25 24 34 32 | 10
#1573-d260 @A: 35 34 06 24 | 11
#1574-d260 @A: 11 24 34 29 | 03
#1575-d260 @A: 34 24 18 31 | 05
#1576-d260 @A: 24 10 31 34 | 01
#1577-d260 @A: 34 33 32 22 | 06
#1578-d260 @A: 32 29 34 07 | 12
#1579-d260 @A: 31 32 34 11 | 08
#1580-d260 @A: 10 34 32 25 | 07
#1581-d260 @A: 06 33 29 34 | 02
#1582-d260 @A: 34 07 35 33 | 04
#1583-d260 @A: 33 34 21 31 | 09
#1584-d260 @A: 06 34 11 18 | 10
#1585-d260 @A: 10 35 06 34 | 11
#1586-d260 @A: 07 34 11 22 | 03
#1587-d260 @A: 34 21 25 07 | 05
#1588-d260 @A: 25 18 29 34 | 01
#1589-d260 @A: 34 22 11 10 | 06
#1590-d260 @A: 34 35 21 11 | 12
#1591-d260 @A: 35 25 34 31 | 08
#1592-d260 @A: 01 05 19 29 | 07
#1593-d260 @A: 05 18 04 01 | 02
#1594-d260 @A: 09 05 24 01 | 04
#1595-d260 @A: 22 01 32 05 | 09
#1596-d260 @A: 05 33 01 25 | 10
#1597-d260 @A: 01 05 06 11 | 11
#1598-d260 @A: 05 21 07 01 | 03
#1599-d260 @A: 01 05 35 31 | 05
#1600-d260 @A: 01 19 04 10 | 01
#1601-d260 @A: 09 19 01 32 | 06
#1602-d260 @A: 01 06 24 19 | 12
#1603-d260 @A: 19 01 21 33 | 08
#1604-d260 @A: 01 07 19 11 | 07
#1605-d260 @A: 01 22 19 35 | 02
#1606-d260 @A: 01 19 18 31 | 04
#1607-d260 @A: 09 07 04 01 | 09
#1608-d260 @A: 11 01 04 24 | 10
#1609-d260 @A: 32 04 01 33 | 11
#1610-d260 @A: 35 04 29 01 | 03
#1611-d260 @A: 01 04 22 21 | 05
#1612-d260 @A: 04 25 31 01 | 01
#1613-d260 @A: 33 31 01 09 | 06
#1614-d260 @A: 09 06 18 01 | 12
#1615-d260 @A: 09 01 11 29 | 08
#1616-d260 @A: 21 01 09 25 | 07
#1617-d260 @A: 01 24 07 33 | 02
#1618-d260 @A: 01 24 22 29 | 04
#1619-d260 @A: 18 21 24 01 | 09
#1620-d260 @A: 24 01 25 35 | 10
#1621-d260 @A: 01 06 32 25 | 11
#1622-d260 @A: 18 07 32 01 | 03
#1623-d260 @A: 01 29 31 32 | 05
#1624-d260 @A: 11 32 01 35 | 01
#1625-d260 @A: 32 35 01 10 | 06
#1626-d260 @A: 01 22 11 33 | 12
#1627-d260 @A: 18 35 33 01 | 08
#1628-d260 @A: 35 01 07 06 | 07
#1629-d260 @A: 01 21 06 29 | 02
#1630-d260 @A: 01 29 06 10 | 04
#1631-d260 @A: 06 31 01 22 | 09
#1632-d260 @A: 29 07 01 25 | 10
#1633-d260 @A: 18 25 01 22 | 11
#1634-d260 @A: 18 01 10 11 | 03
#1635-d260 @A: 11 21 31 01 | 05
#1636-d260 @A: 01 10 31 21 | 01
#1637-d260 @A: 05 09 33 19 | 06
#1638-d260 @A: 07 24 19 05 | 12
#1639-d260 @A: 32 18 05 19 | 08
#1640-d260 @A: 06 05 22 19 | 07
#1641-d260 @A: 35 05 11 19 | 02
#1642-d260 @A: 10 11 19 05 | 04
#1643-d260 @A: 21 19 05 31 | 09
#1644-d260 @A: 04 25 09 05 | 10
#1645-d260 @A: 35 24 04 05 | 11
#1646-d260 @A: 05 31 04 32 | 03
#1647-d260 @A: 33 05 04 07 | 05
#1648-d260 @A: 04 05 29 22 | 01
#1649-d260 @A: 29 05 10 04 | 06
#1650-d260 @A: 04 21 05 11 | 12
#1651-d260 @A: 32 05 09 06 | 08
#1652-d260 @A: 11 09 05 07 | 07
#1653-d260 @A: 09 21 29 05 | 02
#1654-d260 @A: 31 09 18 05 | 04
#1655-d260 @A: 18 33 24 05 | 09
#1656-d260 @A: 24 05 06 21 | 10
#1657-d260 @A: 24 25 05 29 | 11
#1658-d260 @A: 24 05 11 22 | 03
#1659-d260 @A: 24 10 05 25 | 05
#1660-d260 @A: 05 33 32 35 | 01
#1661-d260 @A: 25 07 05 32 | 06
#1662-d260 @A: 29 05 11 32 | 12
#1663-d260 @A: 33 05 22 21 | 08
#1664-d260 @A: 31 11 33 05 | 07
#1665-d260 @A: 05 06 07 18 | 02
#1666-d260 @A: 31 05 29 06 | 04
#1667-d260 @A: 35 06 05 25 | 09
#1668-d260 @A: 35 07 29 05 | 10
#1669-d260 @A: 07 05 10 18 | 11
#1670-d260 @A: 22 05 18 35 | 03
#1671-d260 @A: 22 25 05 31 | 05
#1672-d260 @A: 18 25 05 21 | 01
#1673-d260 @A: 10 09 07 19 | 06
#1674-d260 @A: 24 10 19 18 | 12
#1675-d260 @A: 19 32 31 10 | 08
#1676-d260 @A: 35 33 10 19 | 07
#1677-d260 @A: 19 10 22 31 | 02
#1678-d260 @A: 10 06 04 21 | 04
#1679-d260 @A: 04 35 10 11 | 09
#1680-d260 @A: 04 18 31 10 | 10
#1681-d260 @A: 09 11 10 24 | 11
#1682-d260 @A: 10 09 35 31 | 03
#1683-d260 @A: 29 24 10 07 | 05
#1684-d260 @A: 11 10 24 21 | 01
#1685-d260 @A: 06 10 32 07 | 06
#1686-d260 @A: 18 32 21 10 | 12
#1687-d260 @A: 22 10 07 33 | 08
#1688-d260 @A: 25 22 10 06 | 07
#1689-d260 @A: 29 10 35 22 | 02
