#0001-d266 @A: 23 16 26 04 | 12
#0002-d266 @A: 23 24 16 07 | 09
#0003-d266 @A: 14 09 16 23 | 02
#0004-d266 @A: 16 32 23 25 | 10
#0005-d266 @A: 23 33 16 03 | 03
#0006-d266 @A: 23 16 12 19 | 07
#0007-d266 @A: 23 16 10 17 | 01
#0008-d266 @A: 34 23 16 01 | 06
#0009-d266 @A: 16 23 18 27 | 11
#0010-d266 @A: 23 05 22 16 | 05
#0011-d266 @A: 30 16 06 23 | 04
#0012-d266 @A: 16 31 35 23 | 08
#0013-d266 @A: 13 16 23 15 | 12
#0014-d266 @A: 16 21 23 11 | 09
#0015-d266 @A: 33 23 16 02 | 02
#0016-d266 @A: 23 28 16 08 | 10
#0017-d266 @A: 29 23 16 20 | 03
#0018-d266 @A: 26 33 23 24 | 07
#0019-d266 @A: 26 10 14 23 | 01
#0020-d266 @A: 26 29 23 32 | 06
#0021-d266 @A: 26 23 03 12 | 11
#0022-d266 @A: 09 25 23 26 | 05
#0023-d266 @A: 23 17 05 26 | 04
#0024-d266 @A: 01 23 18 26 | 08
#0025-d266 @A: 34 28 26 23 | 12
#0026-d266 @A: 23 22 26 21 | 09
#0027-d266 @A: 26 23 30 31 | 02
#0028-d266 @A: 23 26 35 20 | 10
#0029-d266 @A: 26 23 15 07 | 03
#0030-d266 @A: 23 11 27 26 | 07
#0031-d266 @A: 19 26 23 06 | 01
#0032-d266 @A: 26 13 08 23 | 06
#0033-d266 @A: 23 26 13 02 | 11
#0034-d266 @A: 08 14 23 24 | 05
#0035-d266 @A: 05 32 23 24 | 04
#0036-d266 @A: 24 03 10 23 | 08
#0037-d266 @A: 24 28 12 23 | 12
#0038-d266 @A: 13 24 25 23 | 09
#0039-d266 @A: 04 24 17 23 | 02
#0040-d266 @A: 01 23 06 24 | 10
#0041-d266 @A: 23 29 34 24 | 03
#0042-d266 @A: 23 09 18 24 | 07
#0043-d266 @A: 31 23 22 24 | 01
#0044-d266 @A: 30 19 24 23 | 06
#0045-d266 @A: 35 24 27 23 | 11
#0046-d266 @A: 24 15 23 21 | 05
#0047-d266 @A: 23 20 11 24 | 04
#0048-d266 @A: 24 10 23 02 | 08
#0049-d266 @A: 32 07 23 14 | 12
#0050-d266 @A: 14 30 23 03 | 09
#0051-d266 @A: 12 13 14 23 | 02
#0052-d266 @A: 04 14 23 25 | 10
#0053-d266 @A: 23 27 14 17 | 03
#0054-d266 @A: 23 01 33 14 | 07
#0055-d266 @A: 14 34 21 23 | 01
#0056-d266 @A: 14 23 31 18 | 06
#0057-d266 @A: 14 02 23 18 | 11
#0058-d266 @A: 23 14 22 29 | 05
#0059-d266 @A: 05 23 35 14 | 04
#0060-d266 @A: 14 28 23 15 | 08
#0061-d266 @A: 06 23 14 11 | 12
#0062-d266 @A: 19 14 20 23 | 09
#0063-d266 @A: 23 32 35 03 | 02
#0064-d266 @A: 21 12 32 23 | 10
#0065-d266 @A: 32 23 17 33 | 03
#0066-d266 @A: 01 32 23 20 | 07
#0067-d266 @A: 34 23 32 31 | 01
#0068-d266 @A: 32 19 18 23 | 06
#0069-d266 @A: 22 09 23 32 | 11
#0070-d266 @A: 13 30 32 23 | 05
#0071-d266 @A: 10 15 23 32 | 04
#0072-d266 @A: 32 11 23 04 | 08
#0073-d266 @A: 32 06 28 23 | 12
#0074-d266 @A: 23 32 08 27 | 09
#0075-d266 @A: 09 32 02 23 | 02
#0076-d266 @A: 25 23 03 07 | 10
#0077-d266 @A: 17 03 23 08 | 03
#0078-d266 @A: 31 03 01 23 | 07
#0079-d266 @A: 23 34 03 06 | 01
#0080-d266 @A: 23 03 34 02 | 06
#0081-d266 @A: 03 23 18 04 | 11
#0082-d266 @A: 22 23 20 03 | 05
#0083-d266 @A: 15 03 27 23 | 04
#0084-d266 @A: 11 23 03 09 | 08
#0085-d266 @A: 28 19 23 03 | 12
#0086-d266 @A: 21 29 23 03 | 09
#0087-d266 @A: 03 13 23 05 | 02
#0088-d266 @A: 25 12 06 23 | 10
#0089-d266 @A: 12 23 17 31 | 03
#0090-d266 @A: 23 01 07 12 | 07
#0091-d266 @A: 23 12 04 34 | 01
#0092-d266 @A: 05 18 12 23 | 06
#0093-d266 @A: 22 12 23 33 | 11
#0094-d266 @A: 12 23 30 27 | 05
#0095-d266 @A: 12 10 23 35 | 04
#0096-d266 @A: 15 12 23 08 | 08
#0097-d266 @A: 11 23 29 12 | 12
#0098-d266 @A: 23 05 12 02 | 09
#0099-d266 @A: 20 12 23 09 | 02
#0100-d266 @A: 25 20 23 17 | 10
#0101-d266 @A: 23 08 01 25 | 03
#0102-d266 @A: 35 34 23 25 | 07
#0103-d266 @A: 25 23 18 33 | 01
#0104-d266 @A: 23 22 25 28 | 06
#0105-d266 @A: 29 30 23 25 | 11
#0106-d266 @A: 11 23 25 15 | 05
#0107-d266 @A: 23 10 25 31 | 04
#0108-d266 @A: 23 19 25 05 | 08
#0109-d266 @A: 25 02 19 23 | 12
#0110-d266 @A: 23 21 25 27 | 09
#0111-d266 @A: 17 01 23 30 | 02
#0112-d266 @A: 19 23 17 34 | 10
#0113-d266 @A: 17 23 28 18 | 03
#0114-d266 @A: 13 17 23 22 | 07
#0115-d266 @A: 23 17 21 35 | 01
#0116-d266 @A: 15 17 09 23 | 06
#0117-d266 @A: 23 17 07 11 | 11
#0118-d266 @A: 23 17 06 29 | 05
#0119-d266 @A: 29 17 23 02 | 04
#0120-d266 @A: 23 01 22 10 | 08
#0121-d266 @A: 04 35 23 01 | 12
#0122-d266 @A: 15 01 23 29 | 09
#0123-d266 @A: 23 05 11 01 | 02
#0124-d266 @A: 11 02 23 01 | 10
#0125-d266 @A: 01 28 27 23 | 03
#0126-d266 @A: 19 23 01 09 | 07
#0127-d266 @A: 23 13 21 01 | 01
#0128-d266 @A: 18 08 34 23 | 06
#0129-d266 @A: 22 23 34 27 | 11
#0130-d266 @A: 30 09 23 34 | 05
#0131-d266 @A: 23 34 15 33 | 04
#0132-d266 @A: 10 34 11 23 | 08
#0133-d266 @A: 23 34 07 05 | 12
#0134-d266 @A: 20 23 13 34 | 09
#0135-d266 @A: 18 22 23 07 | 02
#0136-d266 @A: 10 23 30 18 | 10
#0137-d266 @A: 35 23 29 18 | 03
#0138-d266 @A: 23 20 15 18 | 07
#0139-d266 @A: 23 18 11 13 | 01
#0140-d266 @A: 21 18 23 06 | 06
#0141-d266 @A: 23 04 22 30 | 11
#0142-d266 @A: 22 23 35 08 | 05
#0143-d266 @A: 15 23 06 22 | 04
#0144-d266 @A: 19 22 23 11 | 08
#0145-d266 @A: 02 22 31 23 | 12
#0146-d266 @A: 35 23 30 33 | 09
#0147-d266 @A: 23 05 30 15 | 02
#0148-d266 @A: 02 15 23 30 | 10
#0149-d266 @A: 23 11 30 08 | 03
#0150-d266 @A: 07 28 30 23 | 07
#0151-d266 @A: 30 20 21 23 | 01
#0152-d266 @A: 23 19 15 35 | 06
#0153-d266 @A: 23 35 28 11 | 11
#0154-d266 @A: 13 23 07 35 | 05
#0155-d266 @A: 23 09 35 06 | 04
#0156-d266 @A: 06 23 35 02 | 08
#0157-d266 @A: 31 15 23 04 | 12
#0158-d266 @A: 11 23 33 31 | 09
#0159-d266 @A: 28 29 31 23 | 02
#0160-d266 @A: 31 23 27 05 | 10
#0161-d266 @A: 07 20 23 31 | 03
#0162-d266 @A: 23 21 31 19 | 07
#0163-d266 @A: 08 23 06 31 | 01
#0164-d266 @A: 23 09 13 31 | 06
#0165-d266 @A: 28 23 33 21 | 11
#0166-d266 @A: 33 13 29 23 | 05
#0167-d266 @A: 09 05 33 23 | 04
#0168-d266 @A: 27 23 33 20 | 08
#0169-d266 @A: 23 07 06 33 | 12
#0170-d266 @A: 19 08 33 23 | 09
#0171-d266 @A: 10 04 23 33 | 02
#0172-d266 @A: 23 05 28 20 | 10
#0173-d266 @A: 10 28 13 23 | 03
#0174-d266 @A: 28 23 27 02 | 07
#0175-d266 @A: 28 04 23 09 | 01
#0176-d266 @A: 08 29 05 23 | 06
#0177-d266 @A: 19 29 07 23 | 11
#0178-d266 @A: 10 09 29 23 | 05
#0179-d266 @A: 29 02 23 21 | 04
#0180-d266 @A: 27 04 29 23 | 08
#0181-d266 @A: 21 10 23 05 | 12
#0182-d266 @A: 04 23 05 06 | 09
#0183-d266 @A: 20 07 23 02 | 02
#0184-d266 @A: 23 20 06 10 | 10
#0185-d266 @A: 08 20 04 23 | 03
#0186-d266 @A: 07 08 10 23 | 07
#0187-d266 @A: 23 04 21 07 | 01
#0188-d266 @A: 23 27 07 09 | 06
#0189-d266 @A: 23 10 27 19 | 11
#0190-d266 @A: 19 13 23 04 | 05
#0191-d266 @A: 09 23 08 21 | 04
#0192-d266 @A: 23 02 08 04 | 08
#0193-d266 @A: 27 06 13 23 | 12
#0194-d266 @A: 24 16 31 26 | 09
#0195-d266 @A: 14 33 16 26 | 02
#0196-d266 @A: 16 26 10 32 | 10
#0197-d266 @A: 27 16 03 26 | 03
#0198-d266 @A: 16 26 29 12 | 07
#0199-d266 @A: 26 25 28 16 | 01
#0200-d266 @A: 19 26 17 16 | 06
#0201-d266 @A: 26 09 01 16 | 11
#0202-d266 @A: 34 16 21 26 | 05
#0203-d266 @A: 05 18 16 26 | 04
#0204-d266 @A: 16 22 26 20 | 08
#0205-d266 @A: 30 16 26 07 | 12
#0206-d266 @A: 26 06 16 35 | 09
#0207-d266 @A: 08 15 16 26 | 02
#0208-d266 @A: 11 13 26 16 | 10
#0209-d266 @A: 21 02 16 26 | 03
#0210-d266 @A: 13 14 16 24 | 07
#0211-d266 @A: 32 18 24 16 | 01
#0212-d266 @A: 16 03 08 24 | 06
#0213-d266 @A: 12 16 35 24 | 11
#0214-d266 @A: 25 29 24 16 | 05
#0215-d266 @A: 16 24 17 33 | 04
#0216-d266 @A: 28 01 16 24 | 08
#0217-d266 @A: 24 16 34 05 | 12
#0218-d266 @A: 16 24 22 06 | 09
#0219-d266 @A: 24 30 09 16 | 02
#0220-d266 @A: 16 24 15 27 | 10
#0221-d266 @A: 04 11 24 16 | 03
#0222-d266 @A: 16 21 20 24 | 07
#0223-d266 @A: 16 02 24 20 | 01
#0224-d266 @A: 10 19 16 24 | 06
#0225-d266 @A: 14 32 16 06 | 11
#0226-d266 @A: 16 20 03 14 | 05
#0227-d266 @A: 31 14 12 16 | 04
#0228-d266 @A: 16 25 27 14 | 08
#0229-d266 @A: 16 07 17 14 | 12
#0230-d266 @A: 01 05 14 16 | 09
#0231-d266 @A: 29 14 16 34 | 02
#0232-d266 @A: 18 04 16 14 | 10
#0233-d266 @A: 14 22 28 16 | 03
#0234-d266 @A: 30 16 21 14 | 07
#0235-d266 @A: 14 35 08 16 | 01
#0236-d266 @A: 15 16 19 14 | 06
#0237-d266 @A: 10 16 11 14 | 11
#0238-d266 @A: 14 02 04 16 | 05
#0239-d266 @A: 32 03 07 16 | 04
#0240-d266 @A: 32 16 12 04 | 08
#0241-d266 @A: 32 17 30 16 | 12
#0242-d266 @A: 16 08 32 01 | 09
#0243-d266 @A: 34 32 20 16 | 02
#0244-d266 @A: 16 32 22 31 | 10
#0245-d266 @A: 33 32 16 35 | 03
#0246-d266 @A: 32 16 15 09 | 07
#0247-d266 @A: 02 32 15 16 | 01
#0248-d266 @A: 16 11 32 28 | 06
#0249-d266 @A: 32 16 27 29 | 11
#0250-d266 @A: 16 05 19 32 | 05
#0251-d266 @A: 21 13 32 16 | 04
#0252-d266 @A: 12 03 06 16 | 08
#0253-d266 @A: 25 34 03 16 | 12
#0254-d266 @A: 03 16 31 17 | 09
#0255-d266 @A: 35 16 03 01 | 02
#0256-d266 @A: 03 16 28 18 | 10
#0257-d266 @A: 22 03 16 09 | 03
#0258-d266 @A: 13 03 30 16 | 07
#0259-d266 @A: 29 03 15 16 | 01
#0260-d266 @A: 03 11 16 19 | 06
#0261-d266 @A: 16 02 03 31 | 11
#0262-d266 @A: 05 10 16 03 | 05
#0263-d266 @A: 16 21 03 04 | 04
#0264-d266 @A: 02 16 06 03 | 08
#0265-d266 @A: 12 07 16 25 | 12
#0266-d266 @A: 12 16 27 17 | 09
#0267-d266 @A: 13 16 01 12 | 02
#0268-d266 @A: 16 34 12 10 | 10
#0269-d266 @A: 16 12 34 02 | 03
#0270-d266 @A: 18 09 12 16 | 07
#0271-d266 @A: 12 22 21 16 | 01
#0272-d266 @A: 12 33 30 16 | 06
#0273-d266 @A: 16 12 28 15 | 11
#0274-d266 @A: 11 12 16 20 | 05
#0275-d266 @A: 12 08 16 05 | 04
#0276-d266 @A: 17 16 05 25 | 08
#0277-d266 @A: 33 25 16 01 | 12
#0278-d266 @A: 20 25 16 18 | 09
#0279-d266 @A: 16 13 22 25 | 02
#0280-d266 @A: 30 16 19 25 | 10
#0281-d266 @A: 16 25 10 35 | 03
#0282-d266 @A: 16 15 25 06 | 07
#0283-d266 @A: 11 31 25 16 | 01
#0284-d266 @A: 25 02 16 07 | 06
#0285-d266 @A: 25 21 16 08 | 11
#0286-d266 @A: 25 09 16 04 | 05
#0287-d266 @A: 01 21 16 17 | 04
#0288-d266 @A: 16 28 17 34 | 08
#0289-d266 @A: 17 16 18 06 | 12
#0290-d266 @A: 17 35 16 22 | 09
#0291-d266 @A: 15 20 17 16 | 02
#0292-d266 @A: 17 09 11 16 | 10
#0293-d266 @A: 04 29 17 16 | 03
#0294-d266 @A: 16 17 08 13 | 07
#0295-d266 @A: 09 17 16 02 | 01
#0296-d266 @A: 01 18 19 16 | 06
#0297-d266 @A: 22 16 04 01 | 11
#0298-d266 @A: 31 01 30 16 | 05
#0299-d266 @A: 07 01 15 16 | 04
#0300-d266 @A: 06 01 16 11 | 08
#0301-d266 @A: 02 16 28 01 | 12
#0302-d266 @A: 16 01 29 10 | 09
#0303-d266 @A: 20 01 16 27 | 02
#0304-d266 @A: 18 34 16 31 | 10
#0305-d266 @A: 34 07 22 16 | 03
#0306-d266 @A: 08 16 34 30 | 07
#0307-d266 @A: 16 35 04 34 | 01
#0308-d266 @A: 11 15 16 34 | 06
#0309-d266 @A: 34 16 06 33 | 11
#0310-d266 @A: 09 34 16 19 | 05
#0311-d266 @A: 16 34 13 27 | 04
#0312-d266 @A: 22 18 33 16 | 08
#0313-d266 @A: 30 29 16 18 | 12
#0314-d266 @A: 18 35 07 16 | 09
#0315-d266 @A: 21 18 16 15 | 02
#0316-d266 @A: 16 08 18 11 | 10
#0317-d266 @A: 18 19 02 16 | 03
#0318-d266 @A: 18 13 16 10 | 07
#0319-d266 @A: 27 16 30 22 | 01
#0320-d266 @A: 10 22 16 15 | 06
#0321-d266 @A: 29 16 11 22 | 11
#0322-d266 @A: 29 22 02 16 | 05
#0323-d266 @A: 19 16 22 08 | 04
#0324-d266 @A: 20 16 35 30 | 08
#0325-d266 @A: 16 30 15 04 | 12
#0326-d266 @A: 30 11 16 05 | 09
#0327-d266 @A: 16 10 28 30 | 02
#0328-d266 @A: 30 02 13 16 | 10
#0329-d266 @A: 35 15 16 05 | 03
#0330-d266 @A: 11 16 35 27 | 07
#0331-d266 @A: 35 16 28 13 | 01
#0332-d266 @A: 19 29 35 16 | 06
#0333-d266 @A: 10 35 02 16 | 11
#0334-d266 @A: 21 09 35 16 | 05
#0335-d266 @A: 15 31 16 33 | 04
#0336-d266 @A: 33 07 16 11 | 08
#0337-d266 @A: 27 16 11 02 | 12
#0338-d266 @A: 28 21 31 16 | 09
#0339-d266 @A: 13 29 31 16 | 02
#0340-d266 @A: 16 05 09 31 | 10
#0341-d266 @A: 20 31 19 16 | 03
#0342-d266 @A: 07 16 06 31 | 07
#0343-d266 @A: 10 16 04 31 | 01
#0344-d266 @A: 31 27 16 08 | 06
#0345-d266 @A: 16 28 33 29 | 11
#0346-d266 @A: 16 21 05 33 | 05
#0347-d266 @A: 10 33 16 20 | 04
#0348-d266 @A: 13 16 33 19 | 08
#0349-d266 @A: 33 08 16 04 | 12
#0350-d266 @A: 16 27 09 33 | 09
#0351-d266 @A: 16 05 06 28 | 02
#0352-d266 @A: 28 09 16 20 | 10
#0353-d266 @A: 27 28 07 16 | 03
#0354-d266 @A: 28 04 16 19 | 07
#0355-d266 @A: 29 16 07 05 | 01
#0356-d266 @A: 21 16 29 06 | 06
#0357-d266 @A: 16 08 09 29 | 11
#0358-d266 @A: 13 16 20 05 | 05
#0359-d266 @A: 02 05 16 08 | 04
#0360-d266 @A: 16 05 04 27 | 08
#0361-d266 @A: 16 08 07 20 | 12
#0362-d266 @A: 04 20 16 06 | 09
#0363-d266 @A: 19 21 16 07 | 02
#0364-d266 @A: 10 09 16 07 | 10
#0365-d266 @A: 04 13 07 16 | 03
#0366-d266 @A: 27 19 16 06 | 07
#0367-d266 @A: 21 10 16 27 | 01
#0368-d266 @A: 10 08 06 16 | 06
#0369-d266 @A: 06 16 13 09 | 11
#0370-d266 @A: 24 26 14 22 | 05
#0371-d266 @A: 24 21 32 26 | 04
#0372-d266 @A: 09 24 03 26 | 08
#0373-d266 @A: 24 12 19 26 | 12
#0374-d266 @A: 26 24 06 25 | 09
#0375-d266 @A: 30 24 17 26 | 02
#0376-d266 @A: 24 17 26 02 | 10
#0377-d266 @A: 26 01 13 24 | 03
#0378-d266 @A: 26 34 10 24 | 07
#0379-d266 @A: 27 24 26 18 | 01
#0380-d266 @A: 05 35 24 26 | 06
#0381-d266 @A: 24 11 15 26 | 11
#0382-d266 @A: 29 26 24 28 | 05
#0383-d266 @A: 20 08 24 26 | 04
#0384-d266 @A: 07 24 04 26 | 08
#0385-d266 @A: 14 27 32 26 | 12
#0386-d266 @A: 03 26 14 08 | 09
#0387-d266 @A: 26 12 05 14 | 02
#0388-d266 @A: 25 20 26 14 | 10
#0389-d266 @A: 17 14 26 18 | 03
#0390-d266 @A: 04 26 01 14 | 07
#0391-d266 @A: 26 14 06 34 | 01
#0392-d266 @A: 14 30 28 26 | 06
#0393-d266 @A: 14 35 09 26 | 11
#0394-d266 @A: 14 26 21 15 | 05
#0395-d266 @A: 11 26 14 29 | 04
#0396-d266 @A: 14 31 13 26 | 08
#0397-d266 @A: 28 02 26 14 | 12
#0398-d266 @A: 07 19 14 26 | 09
#0399-d266 @A: 28 26 32 03 | 02
#0400-d266 @A: 26 09 32 12 | 10
#0401-d266 @A: 02 32 12 26 | 03
#0402-d266 @A: 26 32 19 25 | 07
#0403-d266 @A: 32 17 20 26 | 01
#0404-d266 @A: 06 26 01 32 | 06
#0405-d266 @A: 26 18 32 34 | 11
#0406-d266 @A: 26 22 32 33 | 05
#0407-d266 @A: 26 32 04 30 | 04
#0408-d266 @A: 35 32 07 26 | 08
#0409-d266 @A: 26 32 15 13 | 12
#0410-d266 @A: 26 32 31 11 | 09
#0411-d266 @A: 05 32 08 26 | 02
#0412-d266 @A: 03 26 33 25 | 10
#0413-d266 @A: 03 10 26 17 | 03
#0414-d266 @A: 20 26 03 01 | 07
#0415-d266 @A: 03 29 26 34 | 01
#0416-d266 @A: 03 21 26 18 | 06
#0417-d266 @A: 26 07 22 03 | 11
#0418-d266 @A: 26 03 30 19 | 05
#0419-d266 @A: 03 26 35 31 | 04
#0420-d266 @A: 26 06 03 15 | 08
#0421-d266 @A: 11 26 05 03 | 12
#0422-d266 @A: 26 02 33 03 | 09
#0423-d266 @A: 04 26 03 13 | 02
#0424-d266 @A: 26 25 12 13 | 10
#0425-d266 @A: 21 17 26 12 | 03
#0426-d266 @A: 01 27 12 26 | 07
#0427-d266 @A: 34 12 35 26 | 01
#0428-d266 @A: 12 28 18 26 | 06
#0429-d266 @A: 30 22 26 12 | 11
#0430-d266 @A: 26 15 20 12 | 05
#0431-d266 @A: 12 26 10 11 | 04
#0432-d266 @A: 31 07 12 26 | 08
#0433-d266 @A: 26 12 33 08 | 12
#0434-d266 @A: 12 06 26 04 | 09
#0435-d266 @A: 07 17 25 26 | 02
#0436-d266 @A: 26 25 01 31 | 10
#0437-d266 @A: 25 34 08 26 | 03
#0438-d266 @A: 25 18 26 29 | 07
#0439-d266 @A: 22 25 26 27 | 01
#0440-d266 @A: 26 10 25 30 | 06
#0441-d266 @A: 30 02 25 26 | 11
#0442-d266 @A: 35 21 25 26 | 05
#0443-d266 @A: 05 25 26 15 | 04
#0444-d266 @A: 26 25 04 11 | 08
#0445-d266 @A: 26 29 01 17 | 12
#0446-d266 @A: 34 09 17 26 | 09
#0447-d266 @A: 28 22 26 17 | 02
#0448-d266 @A: 04 35 26 17 | 10
#0449-d266 @A: 15 17 26 31 | 03
#0450-d266 @A: 08 17 11 26 | 07
#0451-d266 @A: 33 26 17 13 | 01
#0452-d266 @A: 06 17 27 26 | 06
#0453-d266 @A: 34 26 01 07 | 11
#0454-d266 @A: 26 22 01 08 | 05
#0455-d266 @A: 26 01 21 30 | 04
#0456-d266 @A: 26 01 35 28 | 08
#0457-d266 @A: 15 01 10 26 | 12
#0458-d266 @A: 19 11 26 01 | 09
#0459-d266 @A: 01 02 26 31 | 02
#0460-d266 @A: 01 05 33 26 | 10
#0461-d266 @A: 34 22 13 26 | 03
#0462-d266 @A: 33 34 26 30 | 07
#0463-d266 @A: 15 19 26 34 | 01
#0464-d266 @A: 11 26 34 20 | 06
#0465-d266 @A: 26 31 27 34 | 11
#0466-d266 @A: 05 04 26 34 | 05
#0467-d266 @A: 26 02 09 34 | 04
#0468-d266 @A: 18 22 09 26 | 08
#0469-d266 @A: 13 30 18 26 | 12
#0470-d266 @A: 26 35 19 18 | 09
#0471-d266 @A: 26 33 18 15 | 02
#0472-d266 @A: 11 18 26 07 | 10
#0473-d266 @A: 18 31 08 26 | 03
#0474-d266 @A: 02 18 26 05 | 07
#0475-d266 @A: 26 06 20 18 | 01
#0476-d266 @A: 04 10 18 26 | 06
#0477-d266 @A: 22 26 35 29 | 11
#0478-d266 @A: 22 15 04 26 | 05
#0479-d266 @A: 22 11 26 06 | 04
#0480-d266 @A: 22 11 26 02 | 08
#0481-d266 @A: 26 22 31 19 | 12
#0482-d266 @A: 05 10 26 22 | 09
#0483-d266 @A: 30 35 08 26 | 02
#0484-d266 @A: 29 30 26 15 | 10
#0485-d266 @A: 30 26 09 11 | 03
#0486-d266 @A: 26 05 06 30 | 07
#0487-d266 @A: 30 26 27 20 | 01
#0488-d266 @A: 35 15 27 26 | 06
#0489-d266 @A: 26 35 11 33 | 11
#0490-d266 @A: 10 35 26 13 | 05
#0491-d266 @A: 35 02 27 26 | 04
#0492-d266 @A: 15 11 02 26 | 08
#0493-d266 @A: 15 09 26 28 | 12
#0494-d266 @A: 11 26 28 21 | 09
#0495-d266 @A: 33 21 31 26 | 02
#0496-d266 @A: 26 28 10 31 | 10
#0497-d266 @A: 31 06 26 29 | 03
#0498-d266 @A: 20 31 05 26 | 07
#0499-d266 @A: 31 09 04 26 | 01
#0500-d266 @A: 33 26 06 28 | 06
#0501-d266 @A: 26 29 10 33 | 11
#0502-d266 @A: 26 33 09 20 | 05
#0503-d266 @A: 33 26 07 27 | 04
#0504-d266 @A: 33 04 26 19 | 08
#0505-d266 @A: 28 27 26 05 | 12
#0506-d266 @A: 26 20 28 07 | 09
#0507-d266 @A: 19 26 28 13 | 02
#0508-d266 @A: 26 04 28 08 | 10
#0509-d266 @A: 26 05 13 29 | 03
#0510-d266 @A: 29 26 04 20 | 07
#0511-d266 @A: 08 29 26 07 | 01
#0512-d266 @A: 26 07 02 29 | 06
#0513-d266 @A: 29 26 19 27 | 11
#0514-d266 @A: 26 09 29 21 | 05
#0515-d266 @A: 09 07 05 26 | 04
#0516-d266 @A: 19 26 21 05 | 08
#0517-d266 @A: 20 10 19 26 | 12
#0518-d266 @A: 26 20 21 13 | 09
#0519-d266 @A: 26 20 06 02 | 02
#0520-d266 @A: 21 26 07 10 | 10
#0521-d266 @A: 07 06 26 13 | 03
#0522-d266 @A: 09 08 26 19 | 07
#0523-d266 @A: 26 04 02 19 | 01
#0524-d266 @A: 08 26 10 27 | 06
#0525-d266 @A: 02 08 10 26 | 11
#0526-d266 @A: 06 10 26 09 | 05
#0527-d266 @A: 21 08 26 06 | 04
#0528-d266 @A: 26 27 21 04 | 08
#0529-d266 @A: 13 26 27 09 | 12
#0530-d266 @A: 24 14 32 20 | 09
#0531-d266 @A: 03 24 28 14 | 02
#0532-d266 @A: 14 24 12 17 | 10
#0533-d266 @A: 21 14 25 24 | 03
#0534-d266 @A: 14 01 31 24 | 07
#0535-d266 @A: 24 27 14 34 | 01
#0536-d266 @A: 18 05 14 24 | 06
#0537-d266 @A: 30 24 14 29 | 11
#0538-d266 @A: 02 30 14 24 | 05
#0539-d266 @A: 35 14 04 24 | 04
#0540-d266 @A: 15 14 24 10 | 08
#0541-d266 @A: 24 07 14 11 | 12
#0542-d266 @A: 24 33 19 14 | 09
#0543-d266 @A: 09 24 06 14 | 02
#0544-d266 @A: 24 29 32 03 | 10
#0545-d266 @A: 32 24 12 27 | 03
#0546-d266 @A: 32 24 04 25 | 07
#0547-d266 @A: 24 13 17 32 | 01
#0548-d266 @A: 24 32 10 01 | 06
#0549-d266 @A: 33 32 34 24 | 11
#0550-d266 @A: 22 07 24 32 | 05
#0551-d266 @A: 30 32 28 24 | 04
#0552-d266 @A: 08 35 24 32 | 08
#0553-d266 @A: 24 15 32 19 | 12
#0554-d266 @A: 06 32 11 24 | 09
#0555-d266 @A: 24 31 09 32 | 02
#0556-d266 @A: 24 05 32 02 | 10
#0557-d266 @A: 25 12 24 03 | 03
#0558-d266 @A: 20 24 17 03 | 07
#0559-d266 @A: 01 24 03 04 | 01
#0560-d266 @A: 34 03 24 13 | 06
#0561-d266 @A: 19 18 03 24 | 11
#0562-d266 @A: 03 24 22 05 | 05
#0563-d266 @A: 24 07 30 03 | 04
#0564-d266 @A: 03 35 33 24 | 08
#0565-d266 @A: 35 24 03 02 | 12
#0566-d266 @A: 15 24 31 03 | 09
#0567-d266 @A: 27 03 24 11 | 02
#0568-d266 @A: 06 24 03 21 | 10
#0569-d266 @A: 01 12 05 24 | 03
#0570-d266 @A: 02 01 24 12 | 07
#0571-d266 @A: 34 24 12 21 | 01
#0572-d266 @A: 18 29 12 24 | 06
#0573-d266 @A: 12 24 09 22 | 11
#0574-d266 @A: 24 12 30 13 | 05
#0575-d266 @A: 24 12 15 06 | 04
#0576-d266 @A: 08 12 11 24 | 08
#0577-d266 @A: 20 12 24 31 | 12
#0578-d266 @A: 12 33 24 04 | 09
#0579-d266 @A: 07 12 24 10 | 02
#0580-d266 @A: 17 24 31 25 | 10
#0581-d266 @A: 25 18 01 24 | 03
#0582-d266 @A: 25 34 24 20 | 07
#0583-d266 @A: 25 24 10 22 | 01
#0584-d266 @A: 25 05 24 30 | 06
#0585-d266 @A: 25 35 24 28 | 11
#0586-d266 @A: 15 08 25 24 | 05
#0587-d266 @A: 19 24 11 25 | 04
#0588-d266 @A: 33 27 25 24 | 08
#0589-d266 @A: 09 24 07 25 | 12
#0590-d266 @A: 27 02 24 25 | 09
#0591-d266 @A: 07 24 01 17 | 02
#0592-d266 @A: 24 34 17 06 | 10
#0593-d266 @A: 24 21 17 18 | 03
#0594-d266 @A: 17 29 22 24 | 07
#0595-d266 @A: 35 24 17 19 | 01
#0596-d266 @A: 17 15 05 24 | 06
#0597-d266 @A: 11 24 28 17 | 11
#0598-d266 @A: 10 09 17 24 | 05
#0599-d266 @A: 27 17 24 08 | 04
#0600-d266 @A: 19 24 01 34 | 08
#0601-d266 @A: 01 27 22 24 | 12
#0602-d266 @A: 01 08 24 30 | 09
#0603-d266 @A: 01 29 24 35 | 02
#0604-d266 @A: 33 01 24 15 | 10
#0605-d266 @A: 11 01 24 21 | 03
#0606-d266 @A: 09 01 24 20 | 07
#0607-d266 @A: 18 34 28 24 | 01
#0608-d266 @A: 34 22 08 24 | 06
#0609-d266 @A: 24 04 34 30 | 11
#0610-d266 @A: 31 35 34 24 | 05
#0611-d266 @A: 07 34 24 15 | 04
#0612-d266 @A: 11 09 24 34 | 08
#0613-d266 @A: 02 24 29 34 | 12
#0614-d266 @A: 24 22 30 18 | 09
#0615-d266 @A: 18 13 24 35 | 02
#0616-d266 @A: 04 24 15 18 | 10
#0617-d266 @A: 24 11 31 18 | 03
#0618-d266 @A: 31 02 18 24 | 07
#0619-d266 @A: 33 20 24 18 | 01
#0620-d266 @A: 06 18 24 07 | 06
#0621-d266 @A: 10 18 24 08 | 11
#0622-d266 @A: 24 35 22 20 | 05
#0623-d266 @A: 22 15 24 28 | 04
#0624-d266 @A: 11 24 22 13 | 08
#0625-d266 @A: 21 24 22 33 | 12
#0626-d266 @A: 24 19 22 04 | 09
#0627-d266 @A: 21 22 02 24 | 02
#0628-d266 @A: 06 24 35 30 | 10
#0629-d266 @A: 20 15 30 24 | 03
#0630-d266 @A: 11 30 33 24 | 07
#0631-d266 @A: 24 30 31 21 | 01
#0632-d266 @A: 10 30 24 27 | 06
#0633-d266 @A: 15 24 09 35 | 11
#0634-d266 @A: 10 24 35 11 | 05
#0635-d266 @A: 35 21 24 07 | 04
#0636-d266 @A: 15 29 24 13 | 08
#0637-d266 @A: 15 24 04 02 | 12
#0638-d266 @A: 24 02 11 28 | 09
#0639-d266 @A: 11 05 24 29 | 02
#0640-d266 @A: 13 24 31 33 | 10
#0641-d266 @A: 31 28 06 24 | 03
#0642-d266 @A: 29 24 10 31 | 07
#0643-d266 @A: 05 08 24 31 | 01
#0644-d266 @A: 19 31 07 24 | 06
#0645-d266 @A: 31 04 24 27 | 11
#0646-d266 @A: 28 24 10 33 | 05
#0647-d266 @A: 06 33 24 29 | 04
#0648-d266 @A: 29 02 33 24 | 08
#0649-d266 @A: 05 07 33 24 | 12
#0650-d266 @A: 33 24 08 09 | 09
#0651-d266 @A: 13 28 24 05 | 02
#0652-d266 @A: 24 20 04 28 | 10
#0653-d266 @A: 24 07 08 28 | 03
#0654-d266 @A: 24 19 28 27 | 07
#0655-d266 @A: 24 28 09 21 | 01
#0656-d266 @A: 29 07 24 20 | 06
#0657-d266 @A: 19 29 21 24 | 11
#0658-d266 @A: 08 29 04 24 | 05
#0659-d266 @A: 27 29 09 24 | 04
#0660-d266 @A: 24 05 19 20 | 08
#0661-d266 @A: 06 10 24 05 | 12
#0662-d266 @A: 24 27 21 05 | 09
#0663-d266 @A: 04 05 24 09 | 02
#0664-d266 @A: 24 13 10 20 | 10
#0665-d266 @A: 06 20 27 24 | 03
#0666-d266 @A: 24 06 07 02 | 07
#0667-d266 @A: 27 13 24 07 | 01
#0668-d266 @A: 08 24 06 19 | 06
#0669-d266 @A: 09 13 19 24 | 11
#0670-d266 @A: 02 19 09 24 | 05
#0671-d266 @A: 04 10 24 21 | 04
#0672-d266 @A: 08 13 21 24 | 08
#0673-d266 @A: 13 08 24 02 | 12
#0674-d266 @A: 06 13 24 04 | 09
#0675-d266 @A: 14 03 32 04 | 02
#0676-d266 @A: 32 10 14 12 | 10
#0677-d266 @A: 14 05 32 25 | 03
#0678-d266 @A: 17 14 32 28 | 07
#0679-d266 @A: 32 29 01 14 | 01
#0680-d266 @A: 14 34 32 30 | 06
#0681-d266 @A: 32 34 02 14 | 11
#0682-d266 @A: 21 32 14 18 | 05
#0683-d266 @A: 14 32 13 22 | 04
#0684-d266 @A: 32 35 31 14 | 08
#0685-d266 @A: 14 33 15 32 | 12
#0686-d266 @A: 32 09 14 11 | 09
#0687-d266 @A: 19 32 14 08 | 02
#0688-d266 @A: 14 03 07 12 | 10
#0689-d266 @A: 25 14 03 22 | 03
#0690-d266 @A: 14 33 17 03 | 07
#0691-d266 @A: 14 27 03 01 | 01
#0692-d266 @A: 03 05 14 34 | 06
#0693-d266 @A: 03 29 14 18 | 11
#0694-d266 @A: 14 21 03 35 | 05
#0695-d266 @A: 09 15 03 14 | 04
#0696-d266 @A: 11 31 14 03 | 08
#0697-d266 @A: 07 14 02 03 | 12
#0698-d266 @A: 03 19 14 10 | 09
#0699-d266 @A: 13 14 06 03 | 02
#0700-d266 @A: 29 12 25 14 | 10
#0701-d266 @A: 12 01 08 14 | 03
#0702-d266 @A: 14 12 34 33 | 07
#0703-d266 @A: 12 14 30 18 | 01
#0704-d266 @A: 12 22 19 14 | 06
#0705-d266 @A: 14 12 20 35 | 11
#0706-d266 @A: 14 12 27 15 | 05
#0707-d266 @A: 14 12 21 11 | 04
#0708-d266 @A: 06 12 14 28 | 08
#0709-d266 @A: 29 02 12 14 | 12
#0710-d266 @A: 14 12 09 04 | 09
#0711-d266 @A: 25 19 17 14 | 02
#0712-d266 @A: 25 07 01 14 | 10
#0713-d266 @A: 14 34 31 25 | 03
#0714-d266 @A: 10 18 14 25 | 07
#0715-d266 @A: 09 25 14 30 | 01
#0716-d266 @A: 14 06 25 35 | 06
#0717-d266 @A: 25 14 13 15 | 11
#0718-d266 @A: 11 25 14 08 | 05
#0719-d266 @A: 28 33 14 25 | 04
#0720-d266 @A: 25 02 14 09 | 08
#0721-d266 @A: 17 06 01 14 | 12
#0722-d266 @A: 17 34 14 08 | 09
#0723-d266 @A: 17 22 09 14 | 02
#0724-d266 @A: 17 22 14 02 | 10
#0725-d266 @A: 30 14 13 17 | 03
#0726-d266 @A: 29 17 35 14 | 07
#0727-d266 @A: 17 15 14 11 | 01
#0728-d266 @A: 17 20 31 14 | 06
#0729-d266 @A: 17 14 05 21 | 11
#0730-d266 @A: 10 14 04 17 | 05
#0731-d266 @A: 34 10 14 01 | 04
#0732-d266 @A: 01 14 18 09 | 08
#0733-d266 @A: 14 22 01 21 | 12
#0734-d266 @A: 14 19 01 30 | 09
#0735-d266 @A: 01 13 14 35 | 02
#0736-d266 @A: 01 15 20 14 | 10
#0737-d266 @A: 14 28 11 01 | 03
#0738-d266 @A: 08 01 14 02 | 07
#0739-d266 @A: 14 34 19 18 | 01
#0740-d266 @A: 34 35 14 22 | 06
#0741-d266 @A: 34 15 14 04 | 11
#0742-d266 @A: 14 34 11 13 | 05
#0743-d266 @A: 20 14 28 34 | 04
#0744-d266 @A: 14 09 34 07 | 08
#0745-d266 @A: 27 18 14 22 | 12
#0746-d266 @A: 14 35 18 33 | 09
#0747-d266 @A: 15 14 06 18 | 02
#0748-d266 @A: 14 11 18 20 | 10
#0749-d266 @A: 28 08 14 18 | 03
#0750-d266 @A: 18 07 14 13 | 07
#0751-d266 @A: 14 05 22 30 | 01
#0752-d266 @A: 15 31 14 22 | 06
#0753-d266 @A: 14 33 11 22 | 11
#0754-d266 @A: 08 20 14 22 | 05
#0755-d266 @A: 07 14 10 22 | 04
#0756-d266 @A: 06 14 04 22 | 08
#0757-d266 @A: 14 30 27 35 | 12
#0758-d266 @A: 08 30 15 14 | 09
#0759-d266 @A: 11 04 14 30 | 02
#0760-d266 @A: 30 14 31 07 | 10
#0761-d266 @A: 10 33 30 14 | 03
#0762-d266 @A: 20 14 30 06 | 07
#0763-d266 @A: 07 14 15 35 | 01
#0764-d266 @A: 14 19 11 35 | 06
#0765-d266 @A: 31 14 02 35 | 11
#0766-d266 @A: 14 10 35 28 | 05
#0767-d266 @A: 05 29 14 15 | 04
#0768-d266 @A: 15 19 14 02 | 08
#0769-d266 @A: 11 14 05 27 | 12
#0770-d266 @A: 11 05 14 02 | 09
#0771-d266 @A: 33 31 14 09 | 02
#0772-d266 @A: 28 31 14 27 | 10
#0773-d266 @A: 31 29 08 14 | 03
#0774-d266 @A: 14 31 05 04 | 07
#0775-d266 @A: 31 06 19 14 | 01
#0776-d266 @A: 10 31 21 14 | 06
#0777-d266 @A: 07 14 29 33 | 11
#0778-d266 @A: 06 33 05 14 | 05
#0779-d266 @A: 13 20 33 14 | 04
#0780-d266 @A: 02 19 14 33 | 08
#0781-d266 @A: 33 21 14 08 | 12
#0782-d266 @A: 14 04 33 27 | 09
#0783-d266 @A: 13 29 28 14 | 02
#0784-d266 @A: 05 09 28 14 | 10
#0785-d266 @A: 04 28 07 14 | 03
#0786-d266 @A: 14 28 19 21 | 07
#0787-d266 @A: 29 20 09 14 | 01
#0788-d266 @A: 04 19 29 14 | 06
#0789-d266 @A: 10 29 14 06 | 11
#0790-d266 @A: 14 27 29 21 | 05
#0791-d266 @A: 10 05 20 14 | 04
#0792-d266 @A: 14 05 07 08 | 08
#0793-d266 @A: 13 19 05 14 | 12
#0794-d266 @A: 20 07 27 14 | 09
#0795-d266 @A: 14 20 04 21 | 02
#0796-d266 @A: 20 02 13 14 | 10
#0797-d266 @A: 06 07 21 14 | 03
#0798-d266 @A: 19 27 14 09 | 07
#0799-d266 @A: 08 10 14 09 | 01
#0800-d266 @A: 06 10 02 14 | 06
#0801-d266 @A: 14 27 13 10 | 11
#0802-d266 @A: 27 14 21 02 | 05
#0803-d266 @A: 14 21 09 13 | 04
#0804-d266 @A: 14 27 08 06 | 08
#0805-d266 @A: 13 08 14 04 | 12
#0806-d266 @A: 32 03 12 33 | 09
#0807-d266 @A: 25 03 20 32 | 02
#0808-d266 @A: 03 32 25 02 | 10
#0809-d266 @A: 17 03 09 32 | 03
#0810-d266 @A: 01 03 32 34 | 07
#0811-d266 @A: 32 18 10 03 | 01
#0812-d266 @A: 03 22 21 32 | 06
#0813-d266 @A: 03 32 08 30 | 11
#0814-d266 @A: 15 03 32 05 | 05
#0815-d266 @A: 32 13 03 11 | 04
#0816-d266 @A: 03 19 31 32 | 08
#0817-d266 @A: 27 32 06 03 | 12
#0818-d266 @A: 32 28 12 25 | 09
#0819-d266 @A: 32 17 06 12 | 02
#0820-d266 @A: 19 01 12 32 | 10
#0821-d266 @A: 34 08 32 12 | 03
#0822-d266 @A: 07 12 32 18 | 07
#0823-d266 @A: 32 12 20 22 | 01
#0824-d266 @A: 29 12 30 32 | 06
#0825-d266 @A: 13 32 35 12 | 11
#0826-d266 @A: 12 32 31 15 | 05
#0827-d266 @A: 12 11 05 32 | 04
#0828-d266 @A: 17 21 25 32 | 08
#0829-d266 @A: 01 32 35 25 | 12
#0830-d266 @A: 25 10 34 32 | 09
#0831-d266 @A: 31 25 18 32 | 02
#0832-d266 @A: 06 32 25 22 | 10
#0833-d266 @A: 07 30 32 25 | 03
#0834-d266 @A: 15 25 32 27 | 07
#0835-d266 @A: 32 25 29 11 | 01
#0836-d266 @A: 32 13 33 25 | 06
#0837-d266 @A: 08 32 09 25 | 11
#0838-d266 @A: 32 13 25 02 | 05
#0839-d266 @A: 17 05 32 01 | 04
#0840-d266 @A: 34 17 07 32 | 08
#0841-d266 @A: 32 17 18 04 | 12
#0842-d266 @A: 22 19 32 17 | 09
#0843-d266 @A: 35 17 32 10 | 02
#0844-d266 @A: 32 08 15 17 | 10
#0845-d266 @A: 11 32 27 17 | 03
#0846-d266 @A: 17 31 29 32 | 07
#0847-d266 @A: 33 32 17 02 | 01
#0848-d266 @A: 32 01 27 18 | 06
#0849-d266 @A: 32 28 22 01 | 11
#0850-d266 @A: 30 01 09 32 | 05
#0851-d266 @A: 15 01 32 04 | 04
#0852-d266 @A: 32 07 01 11 | 08
#0853-d266 @A: 01 31 13 32 | 12
#0854-d266 @A: 32 33 21 01 | 09
#0855-d266 @A: 32 01 29 02 | 02
#0856-d266 @A: 32 22 34 04 | 10
#0857-d266 @A: 32 34 06 35 | 03
#0858-d266 @A: 34 32 15 21 | 07
#0859-d266 @A: 32 11 34 19 | 01
#0860-d266 @A: 27 28 32 34 | 06
#0861-d266 @A: 09 29 34 32 | 11
#0862-d266 @A: 13 34 32 05 | 05
#0863-d266 @A: 05 18 32 22 | 04
#0864-d266 @A: 18 32 20 30 | 08
#0865-d266 @A: 35 32 18 09 | 12
#0866-d266 @A: 18 28 15 32 | 09
#0867-d266 @A: 32 33 18 11 | 02
#0868-d266 @A: 08 32 29 18 | 10
#0869-d266 @A: 13 06 18 32 | 03
#0870-d266 @A: 02 27 18 32 | 07
#0871-d266 @A: 32 22 10 30 | 01
#0872-d266 @A: 32 27 35 22 | 06
#0873-d266 @A: 32 35 22 02 | 11
#0874-d266 @A: 15 29 32 22 | 05
#0875-d266 @A: 32 08 22 11 | 04
#0876-d266 @A: 30 32 35 19 | 08
#0877-d266 @A: 15 06 30 32 | 12
#0878-d266 @A: 32 11 21 30 | 09
#0879-d266 @A: 32 05 30 31 | 02
#0880-d266 @A: 27 33 30 32 | 10
#0881-d266 @A: 32 19 30 02 | 03
#0882-d266 @A: 32 15 11 35 | 07
#0883-d266 @A: 35 05 28 32 | 01
#0884-d266 @A: 32 29 35 21 | 06
#0885-d266 @A: 32 20 04 35 | 11
#0886-d266 @A: 32 20 07 15 | 05
#0887-d266 @A: 32 10 11 20 | 04
#0888-d266 @A: 32 02 20 11 | 08
#0889-d266 @A: 33 32 31 20 | 12
#0890-d266 @A: 07 31 28 32 | 09
#0891-d266 @A: 32 10 31 06 | 02
#0892-d266 @A: 32 02 31 10 | 10
#0893-d266 @A: 27 31 21 32 | 03
#0894-d266 @A: 31 04 08 32 | 07
#0895-d266 @A: 32 09 33 28 | 01
#0896-d266 @A: 33 19 32 29 | 06
#0897-d266 @A: 05 32 10 33 | 11
#0898-d266 @A: 08 32 33 07 | 05
#0899-d266 @A: 33 04 06 32 | 04
#0900-d266 @A: 04 28 32 29 | 08
#0901-d266 @A: 21 28 20 32 | 12
#0902-d266 @A: 32 10 28 19 | 09
#0903-d266 @A: 32 28 13 08 | 02
#0904-d266 @A: 28 02 04 32 | 10
#0905-d266 @A: 32 20 29 05 | 03
#0906-d266 @A: 06 32 29 07 | 07
#0907-d266 @A: 13 32 10 29 | 01
#0908-d266 @A: 05 07 32 27 | 06
#0909-d266 @A: 21 32 04 05 | 11
#0910-d266 @A: 05 09 32 06 | 05
#0911-d266 @A: 20 32 27 19 | 04
#0912-d266 @A: 20 08 32 06 | 08
#0913-d266 @A: 32 09 20 13 | 12
#0914-d266 @A: 07 19 13 32 | 09
#0915-d266 @A: 10 07 04 32 | 02
#0916-d266 @A: 09 21 07 32 | 10
#0917-d266 @A: 02 07 32 08 | 03
#0918-d266 @A: 19 21 06 32 | 07
#0919-d266 @A: 09 04 19 32 | 01
#0920-d266 @A: 21 10 32 08 | 06
#0921-d266 @A: 09 10 32 27 | 11
#0922-d266 @A: 06 32 02 21 | 05
#0923-d266 @A: 13 04 27 32 | 04
#0924-d266 @A: 03 13 17 12 | 08
#0925-d266 @A: 21 12 03 01 | 12
#0926-d266 @A: 27 12 34 03 | 09
#0927-d266 @A: 18 20 12 03 | 02
#0928-d266 @A: 08 03 12 22 | 10
#0929-d266 @A: 09 03 30 12 | 03
#0930-d266 @A: 35 12 03 19 | 07
#0931-d266 @A: 15 10 12 03 | 01
#0932-d266 @A: 28 03 12 11 | 06
#0933-d266 @A: 05 03 31 12 | 11
#0934-d266 @A: 04 03 12 29 | 05
#0935-d266 @A: 03 02 12 08 | 04
#0936-d266 @A: 25 06 17 03 | 08
#0937-d266 @A: 10 25 01 03 | 12
#0938-d266 @A: 08 18 03 25 | 09
#0939-d266 @A: 30 03 25 31 | 02
#0940-d266 @A: 35 25 03 04 | 10
#0941-d266 @A: 25 28 15 03 | 03
#0942-d266 @A: 03 11 21 25 | 07
#0943-d266 @A: 25 29 19 03 | 01
#0944-d266 @A: 25 05 03 09 | 06
#0945-d266 @A: 25 13 27 03 | 11
#0946-d266 @A: 03 17 19 01 | 05
#0947-d266 @A: 17 03 34 21 | 04
#0948-d266 @A: 17 07 18 03 | 08
#0949-d266 @A: 18 03 17 02 | 12
#0950-d266 @A: 22 03 27 17 | 09
#0951-d266 @A: 17 03 30 05 | 02
#0952-d266 @A: 17 28 35 03 | 10
#0953-d266 @A: 03 17 15 04 | 03
#0954-d266 @A: 17 03 29 11 | 07
#0955-d266 @A: 05 01 03 18 | 01
#0956-d266 @A: 01 22 03 33 | 06
#0957-d266 @A: 01 06 30 03 | 11
#0958-d266 @A: 15 03 11 01 | 05
#0959-d266 @A: 03 01 13 28 | 04
#0960-d266 @A: 03 09 29 01 | 08
#0961-d266 @A: 02 03 01 05 | 12
#0962-d266 @A: 01 03 07 08 | 09
#0963-d266 @A: 09 18 03 34 | 02
#0964-d266 @A: 03 22 10 34 | 10
#0965-d266 @A: 20 34 03 30 | 03
#0966-d266 @A: 07 35 34 03 | 07
#0967-d266 @A: 15 03 08 34 | 01
#0968-d266 @A: 33 34 03 11 | 06
#0969-d266 @A: 34 03 31 28 | 11
#0970-d266 @A: 34 03 04 19 | 05
#0971-d266 @A: 18 31 03 22 | 04
#0972-d266 @A: 30 03 18 33 | 08
#0973-d266 @A: 27 18 35 03 | 12
#0974-d266 @A: 18 15 13 03 | 09
#0975-d266 @A: 03 06 18 11 | 02
#0976-d266 @A: 03 22 28 30 | 10
#0977-d266 @A: 03 13 22 35 | 03
#0978-d266 @A: 19 22 15 03 | 07
#0979-d266 @A: 11 04 22 03 | 01
#0980-d266 @A: 29 03 22 06 | 06
#0981-d266 @A: 02 04 22 03 | 11
#0982-d266 @A: 03 29 30 35 | 05
#0983-d266 @A: 30 21 15 03 | 04
#0984-d266 @A: 30 11 03 10 | 08
#0985-d266 @A: 30 11 03 02 | 12
#0986-d266 @A: 04 27 30 03 | 09
#0987-d266 @A: 03 15 20 35 | 02
#0988-d266 @A: 08 03 35 11 | 10
#0989-d266 @A: 06 35 05 03 | 03
#0990-d266 @A: 10 09 35 03 | 07
#0991-d266 @A: 03 07 15 33 | 01
#0992-d266 @A: 02 21 15 03 | 06
#0993-d266 @A: 07 20 11 03 | 11
#0994-d266 @A: 31 06 03 33 | 05
#0995-d266 @A: 20 03 29 31 | 04
#0996-d266 @A: 31 07 04 03 | 08
#0997-d266 @A: 10 08 31 03 | 12
#0998-d266 @A: 31 21 03 13 | 09
#0999-d266 @A: 09 31 03 27 | 02
#1000-d266 @A: 28 27 03 33 | 10
#1001-d266 @A: 29 33 03 05 | 03
#1002-d266 @A: 03 33 08 20 | 07
#1003-d266 @A: 03 21 33 19 | 01
#1004-d266 @A: 33 10 13 03 | 06
#1005-d266 @A: 03 04 09 33 | 11
#1006-d266 @A: 29 28 08 03 | 05
#1007-d266 @A: 28 03 04 05 | 04
#1008-d266 @A: 06 20 03 28 | 08
#1009-d266 @A: 03 07 28 09 | 12
#1010-d266 @A: 10 28 21 03 | 09
#1011-d266 @A: 28 02 10 03 | 02
#1012-d266 @A: 02 29 03 20 | 10
#1013-d266 @A: 07 29 13 03 | 03
#1014-d266 @A: 27 10 29 03 | 07
#1015-d266 @A: 20 05 27 03 | 01
#1016-d266 @A: 03 07 21 05 | 06
#1017-d266 @A: 05 03 19 08 | 11
#1018-d266 @A: 13 19 20 03 | 05
#1019-d266 @A: 20 10 03 04 | 04
#1020-d266 @A: 21 03 09 20 | 08
#1021-d266 @A: 19 07 27 03 | 12
#1022-d266 @A: 07 10 03 06 | 09
#1023-d266 @A: 19 03 09 06 | 02
#1024-d266 @A: 13 19 03 02 | 10
#1025-d266 @A: 03 08 21 27 | 03
#1026-d266 @A: 08 06 04 03 | 07
#1027-d266 @A: 09 03 08 13 | 01
#1028-d266 @A: 03 02 27 09 | 06
#1029-d266 @A: 12 10 25 17 | 11
#1030-d266 @A: 25 20 12 01 | 05
#1031-d266 @A: 25 12 19 34 | 04
#1032-d266 @A: 18 12 25 21 | 08
#1033-d266 @A: 25 12 22 31 | 12
#1034-d266 @A: 12 25 08 30 | 09
#1035-d266 @A: 25 35 12 27 | 02
#1036-d266 @A: 15 12 25 04 | 10
#1037-d266 @A: 12 11 25 09 | 03
#1038-d266 @A: 12 25 02 31 | 07
#1039-d266 @A: 05 12 25 33 | 01
#1040-d266 @A: 17 01 12 28 | 06
#1041-d266 @A: 34 12 20 17 | 11
#1042-d266 @A: 12 18 22 17 | 05
#1043-d266 @A: 30 17 19 12 | 04
#1044-d266 @A: 12 05 35 17 | 08
#1045-d266 @A: 12 17 15 33 | 12
#1046-d266 @A: 12 17 04 11 | 09
#1047-d266 @A: 07 17 12 29 | 02
#1048-d266 @A: 08 17 09 12 | 10
#1049-d266 @A: 12 06 02 17 | 03
#1050-d266 @A: 34 12 01 29 | 07
#1051-d266 @A: 12 01 04 18 | 01
#1052-d266 @A: 01 06 22 12 | 06
#1053-d266 @A: 01 10 30 12 | 11
#1054-d266 @A: 35 31 01 12 | 05
#1055-d266 @A: 12 09 01 15 | 04
#1056-d266 @A: 12 11 33 01 | 08
#1057-d266 @A: 12 18 34 13 | 12
#1058-d266 @A: 22 28 12 34 | 09
#1059-d266 @A: 12 34 30 06 | 02
#1060-d266 @A: 05 34 12 15 | 10
#1061-d266 @A: 34 11 07 12 | 03
#1062-d266 @A: 09 12 31 34 | 07
#1063-d266 @A: 08 35 12 18 | 01
#1064-d266 @A: 15 12 18 11 | 06
#1065-d266 @A: 02 15 12 18 | 11
#1066-d266 @A: 06 18 31 12 | 05
#1067-d266 @A: 10 33 18 12 | 04
#1068-d266 @A: 19 18 12 27 | 08
#1069-d266 @A: 12 22 04 35 | 12
#1070-d266 @A: 15 22 12 13 | 09
#1071-d266 @A: 27 12 11 22 | 02
#1072-d266 @A: 12 22 29 10 | 10
#1073-d266 @A: 05 22 07 12 | 03
#1074-d266 @A: 22 02 09 12 | 07
#1075-d266 @A: 30 12 21 35 | 01
#1076-d266 @A: 12 07 15 30 | 06
#1077-d266 @A: 31 11 30 12 | 11
#1078-d266 @A: 12 30 28 04 | 05
#1079-d266 @A: 20 30 12 05 | 04
#1080-d266 @A: 30 02 12 10 | 08
#1081-d266 @A: 15 12 29 35 | 12
#1082-d266 @A: 35 06 11 12 | 09
#1083-d266 @A: 35 33 12 09 | 02
#1084-d266 @A: 02 33 35 12 | 10
#1085-d266 @A: 12 35 07 28 | 03
#1086-d266 @A: 19 15 12 21 | 07
#1087-d266 @A: 12 19 13 11 | 01
#1088-d266 @A: 11 02 09 12 | 06
#1089-d266 @A: 12 19 33 31 | 11
#1090-d266 @A: 12 31 28 08 | 05
#1091-d266 @A: 29 31 12 21 | 04
#1092-d266 @A: 10 27 12 31 | 08
#1093-d266 @A: 12 31 13 04 | 12
#1094-d266 @A: 13 28 12 33 | 09
#1095-d266 @A: 29 20 33 12 | 02
#1096-d266 @A: 12 07 21 33 | 10
#1097-d266 @A: 06 12 33 27 | 03
#1098-d266 @A: 28 29 27 12 | 07
#1099-d266 @A: 12 05 28 21 | 01
#1100-d266 @A: 12 20 10 28 | 06
#1101-d266 @A: 19 12 28 09 | 11
#1102-d266 @A: 02 21 28 12 | 05
#1103-d266 @A: 05 19 12 29 | 04
#1104-d266 @A: 06 29 12 08 | 08
#1105-d266 @A: 09 12 13 29 | 12
#1106-d266 @A: 04 10 12 05 | 09
#1107-d266 @A: 12 05 06 13 | 02
#1108-d266 @A: 05 27 12 09 | 10
#1109-d266 @A: 13 07 20 12 | 03
#1110-d266 @A: 20 04 19 12 | 07
#1111-d266 @A: 21 20 12 06 | 01
#1112-d266 @A: 27 20 12 08 | 06
#1113-d266 @A: 12 04 20 02 | 11
#1114-d266 @A: 07 19 12 08 | 05
#1115-d266 @A: 12 09 07 06 | 04
#1116-d266 @A: 07 04 12 27 | 08
#1117-d266 @A: 07 13 02 12 | 12
#1118-d266 @A: 06 12 19 10 | 09
#1119-d266 @A: 19 12 02 27 | 02
#1120-d266 @A: 10 09 21 12 | 10
#1121-d266 @A: 10 12 08 13 | 03
#1122-d266 @A: 12 08 21 04 | 07
#1123-d266 @A: 27 21 12 13 | 01
#1124-d266 @A: 01 25 22 17 | 06
#1125-d266 @A: 34 17 25 13 | 11
#1126-d266 @A: 18 09 25 17 | 05
#1127-d266 @A: 25 30 28 17 | 04
#1128-d266 @A: 17 35 25 08 | 08
#1129-d266 @A: 17 25 29 15 | 12
#1130-d266 @A: 25 11 17 33 | 09
#1131-d266 @A: 02 08 17 25 | 02
#1132-d266 @A: 25 17 04 27 | 10
#1133-d266 @A: 01 25 34 06 | 03
#1134-d266 @A: 01 04 25 30 | 07
#1135-d266 @A: 25 19 01 15 | 01
#1136-d266 @A: 01 13 11 25 | 06
#1137-d266 @A: 01 25 05 28 | 11
#1138-d266 @A: 25 27 29 01 | 05
#1139-d266 @A: 01 09 21 25 | 04
#1140-d266 @A: 25 02 01 06 | 08
#1141-d266 @A: 34 18 27 25 | 12
#1142-d266 @A: 25 22 34 33 | 09
#1143-d266 @A: 30 21 34 25 | 02
#1144-d266 @A: 25 35 02 34 | 10
#1145-d266 @A: 34 09 15 25 | 03
#1146-d266 @A: 34 11 05 25 | 07
#1147-d266 @A: 34 28 25 04 | 01
#1148-d266 @A: 07 34 25 29 | 06
#1149-d266 @A: 19 18 22 25 | 11
#1150-d266 @A: 06 25 18 30 | 05
#1151-d266 @A: 05 35 18 25 | 04
#1152-d266 @A: 07 15 25 18 | 08
#1153-d266 @A: 18 11 28 25 | 12
#1154-d266 @A: 02 25 18 20 | 09
#1155-d266 @A: 04 18 25 13 | 02
#1156-d266 @A: 20 30 25 22 | 10
#1157-d266 @A: 09 22 35 25 | 03
#1158-d266 @A: 21 25 22 15 | 07
#1159-d266 @A: 02 15 25 22 | 01
#1160-d266 @A: 22 25 07 11 | 06
#1161-d266 @A: 08 29 22 25 | 11
#1162-d266 @A: 22 04 25 05 | 05
#1163-d266 @A: 13 25 30 35 | 04
#1164-d266 @A: 15 25 30 33 | 08
#1165-d266 @A: 11 30 25 27 | 12
#1166-d266 @A: 31 25 35 15 | 09
#1167-d266 @A: 25 20 35 11 | 02
#1168-d266 @A: 35 33 29 25 | 10
#1169-d266 @A: 35 19 25 07 | 03
#1170-d266 @A: 10 15 25 20 | 07
#1171-d266 @A: 06 25 10 11 | 01
#1172-d266 @A: 11 02 21 25 | 06
#1173-d266 @A: 25 04 33 31 | 11
#1174-d266 @A: 13 25 28 31 | 05
#1175-d266 @A: 25 29 31 09 | 04
#1176-d266 @A: 21 31 25 05 | 08
#1177-d266 @A: 31 25 06 20 | 12
#1178-d266 @A: 25 08 07 31 | 09
#1179-d266 @A: 19 25 31 27 | 02
#1180-d266 @A: 33 28 25 02 | 10
#1181-d266 @A: 25 20 21 33 | 03
#1182-d266 @A: 07 10 25 33 | 07
#1183-d266 @A: 25 19 33 09 | 01
#1184-d266 @A: 06 08 25 33 | 06
#1185-d266 @A: 28 25 10 29 | 11
#1186-d266 @A: 20 25 28 19 | 05
#1187-d266 @A: 25 28 21 07 | 04
#1188-d266 @A: 27 08 28 25 | 08
#1189-d266 @A: 25 09 06 28 | 12
#1190-d266 @A: 05 06 25 29 | 09
#1191-d266 @A: 02 29 25 05 | 02
#1192-d266 @A: 13 29 20 25 | 10
#1193-d266 @A: 21 25 04 29 | 03
#1194-d266 @A: 05 08 20 25 | 07
#1195-d266 @A: 05 07 13 25 | 01
#1196-d266 @A: 05 25 27 10 | 06
#1197-d266 @A: 20 25 07 04 | 11
#1198-d266 @A: 27 25 20 09 | 05
#1199-d266 @A: 25 06 07 27 | 04
#1200-d266 @A: 21 19 10 25 | 08
#1201-d266 @A: 25 13 19 08 | 12
#1202-d266 @A: 06 04 25 19 | 09
#1203-d266 @A: 08 04 25 10 | 02
#1204-d266 @A: 25 13 09 10 | 10
#1205-d266 @A: 25 10 02 04 | 03
#1206-d266 @A: 21 13 25 06 | 07
#1207-d266 @A: 01 17 34 04 | 01
#1208-d266 @A: 18 01 17 08 | 06
#1209-d266 @A: 20 01 35 17 | 11
#1210-d266 @A: 17 15 13 01 | 05
#1211-d266 @A: 01 02 17 15 | 04
#1212-d266 @A: 17 01 11 10 | 08
#1213-d266 @A: 27 17 01 31 | 12
#1214-d266 @A: 17 01 09 33 | 09
#1215-d266 @A: 18 17 34 10 | 02
#1216-d266 @A: 22 17 05 34 | 10
#1217-d266 @A: 17 30 34 29 | 03
#1218-d266 @A: 17 02 30 34 | 07
#1219-d266 @A: 34 33 35 17 | 01
#1220-d266 @A: 27 34 17 15 | 06
#1221-d266 @A: 31 11 34 17 | 11
#1222-d266 @A: 27 30 17 18 | 05
#1223-d266 @A: 35 31 18 17 | 04
#1224-d266 @A: 18 17 19 15 | 08
#1225-d266 @A: 05 18 17 11 | 12
#1226-d266 @A: 33 18 29 17 | 09
#1227-d266 @A: 17 20 18 13 | 02
#1228-d266 @A: 21 17 30 22 | 10
#1229-d266 @A: 17 07 22 15 | 03
#1230-d266 @A: 17 22 11 20 | 07
#1231-d266 @A: 31 06 22 17 | 01
#1232-d266 @A: 22 33 17 04 | 06
#1233-d266 @A: 22 10 17 08 | 11
#1234-d266 @A: 09 17 35 30 | 05
#1235-d266 @A: 17 30 10 15 | 04
#1236-d266 @A: 06 30 17 11 | 08
#1237-d266 @A: 17 31 30 08 | 12
#1238-d266 @A: 17 20 30 33 | 09
#1239-d266 @A: 04 30 07 17 | 02
#1240-d266 @A: 17 35 06 15 | 10
#1241-d266 @A: 13 17 35 11 | 03
#1242-d266 @A: 35 17 07 27 | 07
#1243-d266 @A: 02 17 19 35 | 01
#1244-d266 @A: 15 17 28 21 | 06
#1245-d266 @A: 17 21 11 19 | 11
#1246-d266 @A: 11 13 02 17 | 05
#1247-d266 @A: 33 31 28 17 | 04
#1248-d266 @A: 10 05 17 31 | 08
#1249-d266 @A: 31 07 13 17 | 12
#1250-d266 @A: 07 02 17 31 | 09
#1251-d266 @A: 17 09 19 31 | 02
#1252-d266 @A: 17 04 31 21 | 10
#1253-d266 @A: 08 05 33 17 | 03
#1254-d266 @A: 19 33 17 07 | 07
#1255-d266 @A: 27 10 17 33 | 01
#1256-d266 @A: 06 21 17 33 | 06
#1257-d266 @A: 09 28 29 17 | 11
#1258-d266 @A: 28 05 17 19 | 05
#1259-d266 @A: 17 28 20 27 | 04
#1260-d266 @A: 02 20 17 28 | 08
#1261-d266 @A: 17 10 07 28 | 12
#1262-d266 @A: 06 28 08 17 | 09
#1263-d266 @A: 17 04 13 28 | 02
#1264-d266 @A: 05 27 29 17 | 10
#1265-d266 @A: 17 08 20 29 | 03
#1266-d266 @A: 10 29 19 17 | 07
#1267-d266 @A: 17 13 21 29 | 01
#1268-d266 @A: 04 17 05 20 | 06
#1269-d266 @A: 05 17 07 06 | 11
#1270-d266 @A: 02 10 17 05 | 05
#1271-d266 @A: 09 17 05 13 | 04
#1272-d266 @A: 17 09 07 20 | 08
#1273-d266 @A: 19 17 06 20 | 12
#1274-d266 @A: 10 20 17 21 | 09
#1275-d266 @A: 21 17 07 08 | 02
#1276-d266 @A: 19 04 08 17 | 10
#1277-d266 @A: 13 27 17 19 | 03
#1278-d266 @A: 06 13 10 17 | 07
#1279-d266 @A: 27 21 09 17 | 01
#1280-d266 @A: 17 21 02 27 | 06
#1281-d266 @A: 04 09 06 17 | 11
#1282-d266 @A: 02 06 04 17 | 05
#1283-d266 @A: 01 33 18 34 | 04
#1284-d266 @A: 22 01 34 09 | 08
#1285-d266 @A: 13 30 01 34 | 12
#1286-d266 @A: 01 35 34 08 | 09
#1287-d266 @A: 01 34 28 15 | 02
#1288-d266 @A: 27 01 11 34 | 10
#1289-d266 @A: 21 34 01 31 | 03
#1290-d266 @A: 20 01 05 34 | 07
#1291-d266 @A: 13 34 02 01 | 01
#1292-d266 @A: 18 01 13 22 | 06
#1293-d266 @A: 07 18 01 30 | 11
#1294-d266 @A: 18 06 35 01 | 05
#1295-d266 @A: 18 31 15 01 | 04
#1296-d266 @A: 11 01 29 18 | 08
#1297-d266 @A: 01 28 18 20 | 12
#1298-d266 @A: 07 01 18 02 | 09
#1299-d266 @A: 10 01 21 18 | 02
#1300-d266 @A: 01 29 22 30 | 10
#1301-d266 @A: 35 22 07 01 | 03
#1302-d266 @A: 22 01 05 15 | 07
#1303-d266 @A: 01 22 11 31 | 01
#1304-d266 @A: 22 19 20 01 | 06
#1305-d266 @A: 02 01 22 19 | 11
#1306-d266 @A: 05 01 30 35 | 05
#1307-d266 @A: 02 30 01 35 | 04
#1308-d266 @A: 30 27 15 01 | 08
#1309-d266 @A: 11 01 20 30 | 12
#1310-d266 @A: 33 30 01 28 | 09
#1311-d266 @A: 35 01 15 21 | 02
#1312-d266 @A: 01 35 11 09 | 10
#1313-d266 @A: 19 33 35 01 | 03
#1314-d266 @A: 10 35 01 27 | 07
#1315-d266 @A: 15 01 08 06 | 01
#1316-d266 @A: 08 01 04 11 | 06
#1317-d266 @A: 08 33 31 01 | 11
#1318-d266 @A: 19 28 01 31 | 05
#1319-d266 @A: 29 01 31 05 | 04
#1320-d266 @A: 31 20 04 01 | 08
#1321-d266 @A: 07 31 10 01 | 12
#1322-d266 @A: 31 01 09 06 | 09
#1323-d266 @A: 29 33 01 04 | 02
#1324-d266 @A: 01 20 07 33 | 10
#1325-d266 @A: 01 33 10 06 | 03
#1326-d266 @A: 02 01 21 33 | 07
#1327-d266 @A: 33 27 01 13 | 01
#1328-d266 @A: 29 01 07 28 | 06
#1329-d266 @A: 28 04 01 10 | 11
#1330-d266 @A: 21 01 06 28 | 05
#1331-d266 @A: 28 08 09 01 | 04
#1332-d266 @A: 20 21 29 01 | 08
#1333-d266 @A: 29 06 19 01 | 12
#1334-d266 @A: 13 29 08 01 | 09
#1335-d266 @A: 01 05 02 20 | 02
#1336-d266 @A: 19 01 07 05 | 10
#1337-d266 @A: 09 05 10 01 | 03
#1338-d266 @A: 21 05 01 08 | 07
#1339-d266 @A: 05 06 01 27 | 01
#1340-d266 @A: 13 04 05 01 | 06
#1341-d266 @A: 08 01 10 20 | 11
#1342-d266 @A: 20 13 06 01 | 05
#1343-d266 @A: 27 07 01 21 | 04
#1344-d266 @A: 07 06 01 04 | 08
#1345-d266 @A: 09 01 13 07 | 12
#1346-d266 @A: 19 10 13 01 | 09
#1347-d266 @A: 19 21 01 04 | 02
#1348-d266 @A: 08 27 19 01 | 10
#1349-d266 @A: 02 10 27 01 | 03
#1350-d266 @A: 01 27 09 04 | 07
#1351-d266 @A: 09 01 02 04 | 01
#1352-d266 @A: 06 22 18 34 | 06
#1353-d266 @A: 30 18 05 34 | 11
#1354-d266 @A: 34 35 20 18 | 05
#1355-d266 @A: 29 34 18 15 | 04
#1356-d266 @A: 18 34 11 04 | 08
#1357-d266 @A: 07 34 18 21 | 12
#1358-d266 @A: 21 02 34 18 | 09
#1359-d266 @A: 19 34 30 22 | 02
#1360-d266 @A: 20 22 15 34 | 10
#1361-d266 @A: 21 34 22 11 | 03
#1362-d266 @A: 34 22 29 31 | 07
#1363-d266 @A: 06 22 34 02 | 01
#1364-d266 @A: 30 34 10 35 | 06
#1365-d266 @A: 15 34 31 30 | 11
#1366-d266 @A: 34 28 30 11 | 05
#1367-d266 @A: 30 07 27 34 | 04
#1368-d266 @A: 15 35 34 13 | 08
#1369-d266 @A: 11 35 29 34 | 12
#1370-d266 @A: 28 35 34 19 | 09
#1371-d266 @A: 34 09 05 35 | 02
#1372-d266 @A: 34 21 27 35 | 10
#1373-d266 @A: 34 02 28 15 | 03
#1374-d266 @A: 06 10 15 34 | 07
#1375-d266 @A: 34 07 11 02 | 01
#1376-d266 @A: 08 06 34 11 | 06
#1377-d266 @A: 34 33 31 07 | 11
#1378-d266 @A: 19 31 34 05 | 05
#1379-d266 @A: 31 10 20 34 | 04
#1380-d266 @A: 13 34 31 08 | 08
#1381-d266 @A: 04 31 34 06 | 12
#1382-d266 @A: 31 02 04 34 | 09
#1383-d266 @A: 34 33 28 05 | 02
#1384-d266 @A: 34 29 21 33 | 10
#1385-d266 @A: 05 34 33 02 | 03
#1386-d266 @A: 33 20 34 04 | 07
#1387-d266 @A: 33 34 19 27 | 01
#1388-d266 @A: 10 34 33 08 | 06
#1389-d266 @A: 09 13 34 33 | 11
#1390-d266 @A: 06 29 34 28 | 05
#1391-d266 @A: 28 13 07 34 | 04
#1392-d266 @A: 28 34 10 09 | 08
#1393-d266 @A: 28 34 21 08 | 12
#1394-d266 @A: 05 10 34 29 | 09
#1395-d266 @A: 27 20 34 29 | 02
#1396-d266 @A: 34 08 29 19 | 10
#1397-d266 @A: 04 13 29 34 | 03
#1398-d266 @A: 34 05 21 06 | 07
#1399-d266 @A: 34 05 27 08 | 01
#1400-d266 @A: 06 07 34 20 | 06
#1401-d266 @A: 34 20 21 19 | 11
#1402-d266 @A: 34 20 02 10 | 05
#1403-d266 @A: 08 20 34 09 | 04
#1404-d266 @A: 34 19 07 10 | 08
#1405-d266 @A: 07 34 04 08 | 12
#1406-d266 @A: 19 34 08 02 | 09
#1407-d266 @A: 13 06 19 34 | 02
#1408-d266 @A: 13 34 21 10 | 10
#1409-d266 @A: 10 27 04 34 | 03
#1410-d266 @A: 34 04 09 21 | 07
#1411-d266 @A: 09 34 06 27 | 01
#1412-d266 @A: 02 34 04 27 | 06
#1413-d266 @A: 22 18 35 28 | 11
#1414-d266 @A: 18 15 22 08 | 05
#1415-d266 @A: 11 18 10 22 | 04
#1416-d266 @A: 20 29 18 22 | 08
#1417-d266 @A: 21 22 04 18 | 12
#1418-d266 @A: 18 08 02 22 | 09
#1419-d266 @A: 04 30 18 35 | 02
#1420-d266 @A: 15 30 18 09 | 10
#1421-d266 @A: 18 11 30 19 | 03
#1422-d266 @A: 28 31 18 30 | 07
#1423-d266 @A: 02 33 18 30 | 01
#1424-d266 @A: 21 30 08 18 | 06
#1425-d266 @A: 35 10 15 18 | 11
#1426-d266 @A: 35 11 18 21 | 05
#1427-d266 @A: 18 02 35 11 | 04
#1428-d266 @A: 18 15 29 02 | 08
#1429-d266 @A: 15 18 05 27 | 12
#1430-d266 @A: 27 18 09 11 | 09
#1431-d266 @A: 33 31 18 27 | 02
#1432-d266 @A: 18 31 29 04 | 10
#1433-d266 @A: 31 18 13 05 | 03
#1434-d266 @A: 20 31 21 18 | 07
#1435-d266 @A: 18 09 31 07 | 01
#1436-d266 @A: 10 18 19 31 | 06
#1437-d266 @A: 33 28 07 18 | 11
#1438-d266 @A: 33 18 05 04 | 05
#1439-d266 @A: 33 19 18 06 | 04
#1440-d266 @A: 21 33 18 09 | 08
#1441-d266 @A: 33 13 18 08 | 12
#1442-d266 @A: 18 29 28 19 | 09
#1443-d266 @A: 05 28 18 10 | 02
#1444-d266 @A: 10 02 28 18 | 10
#1445-d266 @A: 18 21 27 28 | 03
#1446-d266 @A: 04 28 18 06 | 07
#1447-d266 @A: 13 09 28 18 | 01
#1448-d266 @A: 21 05 18 29 | 06
#1449-d266 @A: 10 18 07 29 | 11
#1450-d266 @A: 18 29 06 09 | 05
#1451-d266 @A: 13 27 29 18 | 04
#1452-d266 @A: 18 20 05 07 | 08
#1453-d266 @A: 18 19 05 09 | 12
#1454-d266 @A: 06 05 08 18 | 09
#1455-d266 @A: 19 18 20 08 | 02
#1456-d266 @A: 18 10 20 09 | 10
#1457-d266 @A: 20 04 27 18 | 03
#1458-d266 @A: 19 04 07 18 | 07
#1459-d266 @A: 27 08 07 18 | 01
#1460-d266 @A: 19 13 21 18 | 06
#1461-d266 @A: 06 27 18 10 | 11
#1462-d266 @A: 08 09 04 18 | 05
#1463-d266 @A: 06 02 09 18 | 04
#1464-d266 @A: 04 18 13 02 | 08
#1465-d266 @A: 31 22 35 30 | 12
#1466-d266 @A: 30 15 22 11 | 09
#1467-d266 @A: 22 08 33 30 | 02
#1468-d266 @A: 07 06 30 22 | 10
#1469-d266 @A: 02 22 07 30 | 03
#1470-d266 @A: 09 30 22 13 | 07
#1471-d266 @A: 22 15 33 35 | 01
#1472-d266 @A: 11 35 05 22 | 06
#1473-d266 @A: 22 19 35 06 | 11
#1474-d266 @A: 35 21 10 22 | 05
#1475-d266 @A: 27 22 09 15 | 04
#1476-d266 @A: 22 09 11 28 | 08
#1477-d266 @A: 05 31 33 22 | 12
#1478-d266 @A: 04 28 31 22 | 09
#1479-d266 @A: 20 22 13 31 | 02
#1480-d266 @A: 31 27 22 07 | 10
#1481-d266 @A: 31 09 22 10 | 03
#1482-d266 @A: 22 08 31 21 | 07
#1483-d266 @A: 28 33 22 20 | 01
#1484-d266 @A: 22 27 33 29 | 06
#1485-d266 @A: 33 02 22 20 | 11
#1486-d266 @A: 07 33 09 22 | 05
#1487-d266 @A: 33 10 19 22 | 04
#1488-d266 @A: 13 33 06 22 | 08
#1489-d266 @A: 29 28 22 21 | 12
#1490-d266 @A: 22 08 28 05 | 09
#1491-d266 @A: 02 22 28 05 | 02
#1492-d266 @A: 28 22 07 19 | 10
#1493-d266 @A: 10 06 28 22 | 03
#1494-d266 @A: 22 13 28 27 | 07
#1495-d266 @A: 29 22 09 05 | 01
#1496-d266 @A: 04 07 29 22 | 06
#1497-d266 @A: 19 13 29 22 | 11
#1498-d266 @A: 22 20 06 05 | 05
#1499-d266 @A: 22 27 19 05 | 04
#1500-d266 @A: 05 13 22 21 | 08
#1501-d266 @A: 20 07 22 21 | 12
#1502-d266 @A: 22 27 20 10 | 09
#1503-d266 @A: 27 02 22 20 | 02
#1504-d266 @A: 20 04 22 09 | 10
#1505-d266 @A: 07 13 22 08 | 03
#1506-d266 @A: 22 21 19 09 | 07
#1507-d266 @A: 22 04 13 10 | 01
#1508-d266 @A: 22 13 02 10 | 06
#1509-d266 @A: 21 27 22 06 | 11
#1510-d266 @A: 06 22 09 08 | 05
#1511-d266 @A: 22 04 27 08 | 04
#1512-d266 @A: 28 15 35 30 | 08
#1513-d266 @A: 11 30 07 35 | 12
#1514-d266 @A: 15 13 30 19 | 09
#1515-d266 @A: 11 13 30 29 | 02
#1516-d266 @A: 33 30 31 29 | 10
#1517-d266 @A: 30 31 09 20 | 03
#1518-d266 @A: 04 30 19 31 | 07
#1519-d266 @A: 13 10 30 31 | 01
#1520-d266 @A: 30 06 31 27 | 06
#1521-d266 @A: 02 31 27 30 | 11
#1522-d266 @A: 05 19 33 30 | 05
#1523-d266 @A: 13 30 33 07 | 04
#1524-d266 @A: 04 21 33 30 | 08
#1525-d266 @A: 09 33 30 06 | 12
#1526-d266 @A: 04 30 33 02 | 09
#1527-d266 @A: 29 05 28 30 | 02
#1528-d266 @A: 28 08 20 30 | 10
#1529-d266 @A: 19 28 30 06 | 03
#1530-d266 @A: 28 13 30 21 | 07
#1531-d266 @A: 06 30 02 28 | 01
#1532-d266 @A: 27 28 09 30 | 06
#1533-d266 @A: 20 29 10 30 | 11
#1534-d266 @A: 30 29 07 21 | 05
#1535-d266 @A: 09 30 19 29 | 04
#1536-d266 @A: 08 27 30 29 | 08
#1537-d266 @A: 04 29 06 30 | 12
#1538-d266 @A: 30 09 29 02 | 09
#1539-d266 @A: 10 30 05 07 | 02
#1540-d266 @A: 05 09 30 21 | 10
#1541-d266 @A: 21 30 02 05 | 03
#1542-d266 @A: 05 08 04 30 | 07
#1543-d266 @A: 30 05 13 27 | 01
#1544-d266 @A: 19 07 30 20 | 06
#1545-d266 @A: 08 30 02 20 | 11
#1546-d266 @A: 13 20 30 04 | 05
#1547-d266 @A: 30 09 07 08 | 04
#1548-d266 @A: 10 30 19 08 | 08
#1549-d266 @A: 30 21 27 19 | 12
#1550-d266 @A: 21 30 06 10 | 09
#1551-d266 @A: 09 30 04 10 | 02
#1552-d266 @A: 13 08 06 30 | 10
#1553-d266 @A: 35 20 02 15 | 03
#1554-d266 @A: 15 35 04 08 | 07
#1555-d266 @A: 35 31 11 04 | 01
#1556-d266 @A: 33 10 31 35 | 06
#1557-d266 @A: 09 31 28 35 | 11
#1558-d266 @A: 29 31 27 35 | 05
#1559-d266 @A: 31 35 07 05 | 04
#1560-d266 @A: 08 31 20 35 | 08
#1561-d266 @A: 13 35 19 31 | 12
#1562-d266 @A: 35 21 31 06 | 09
#1563-d266 @A: 35 33 28 08 | 02
#1564-d266 @A: 33 35 05 27 | 10
#1565-d266 @A: 20 33 06 35 | 03
#1566-d266 @A: 35 07 33 04 | 07
#1567-d266 @A: 13 35 33 21 | 01
#1568-d266 @A: 28 20 29 35 | 06
#1569-d266 @A: 02 07 35 28 | 11
#1570-d266 @A: 04 21 35 28 | 05
#1571-d266 @A: 28 06 35 27 | 04
#1572-d266 @A: 05 04 35 29 | 08
#1573-d266 @A: 35 29 07 09 | 12
#1574-d266 @A: 08 10 35 29 | 09
#1575-d266 @A: 35 13 06 29 | 02
#1576-d266 @A: 13 02 29 35 | 10
#1577-d266 @A: 35 21 20 05 | 03
#1578-d266 @A: 19 10 35 05 | 07
#1579-d266 @A: 08 13 35 05 | 01
#1580-d266 @A: 02 35 05 04 | 06
#1581-d266 @A: 07 20 10 35 | 11
#1582-d266 @A: 20 09 35 19 | 05
#1583-d266 @A: 27 35 13 20 | 04
#1584-d266 @A: 06 35 07 08 | 08
#1585-d266 @A: 07 35 02 09 | 12
#1586-d266 @A: 08 35 19 21 | 09
#1587-d266 @A: 35 19 27 04 | 02
#1588-d266 @A: 06 04 10 35 | 10
#1589-d266 @A: 35 21 08 02 | 03
#1590-d266 @A: 27 35 09 08 | 07
#1591-d266 @A: 35 04 13 09 | 01
#1592-d266 @A: 10 11 15 31 | 06
#1593-d266 @A: 15 33 11 06 | 11
#1594-d266 @A: 28 15 29 11 | 05
#1595-d266 @A: 15 05 21 11 | 04
#1596-d266 @A: 11 20 04 15 | 08
#1597-d266 @A: 07 08 11 15 | 12
#1598-d266 @A: 15 27 19 11 | 09
#1599-d266 @A: 09 11 15 13 | 02
#1600-d266 @A: 02 33 15 31 | 10
#1601-d266 @A: 15 28 05 31 | 03
#1602-d266 @A: 07 15 31 29 | 07
#1603-d266 @A: 20 15 27 31 | 01
#1604-d266 @A: 08 15 31 19 | 06
#1605-d266 @A: 09 21 15 31 | 11
#1606-d266 @A: 06 15 13 31 | 05
#1607-d266 @A: 33 28 19 15 | 04
#1608-d266 @A: 29 08 15 33 | 08
#1609-d266 @A: 20 15 05 33 | 12
#1610-d266 @A: 33 10 15 09 | 09
#1611-d266 @A: 15 21 33 27 | 02
#1612-d266 @A: 13 15 33 04 | 10
#1613-d266 @A: 28 20 13 15 | 03
#1614-d266 @A: 15 07 28 06 | 07
#1615-d266 @A: 10 08 15 28 | 01
#1616-d266 @A: 27 04 15 28 | 06
#1617-d266 @A: 15 20 19 29 | 11
#1618-d266 @A: 10 21 15 29 | 05
#1619-d266 @A: 15 27 29 06 | 04
#1620-d266 @A: 09 04 15 29 | 08
#1621-d266 @A: 04 05 15 07 | 12
#1622-d266 @A: 15 06 19 05 | 09
#1623-d266 @A: 05 10 13 15 | 02
#1624-d266 @A: 08 09 05 15 | 10
#1625-d266 @A: 09 15 02 05 | 03
#1626-d266 @A: 08 20 15 21 | 07
#1627-d266 @A: 09 20 15 06 | 01
#1628-d266 @A: 19 07 15 09 | 06
#1629-d266 @A: 07 15 10 27 | 11
#1630-d266 @A: 02 15 07 10 | 05
#1631-d266 @A: 13 21 07 15 | 04
#1632-d266 @A: 19 10 04 15 | 08
#1633-d266 @A: 06 21 04 15 | 12
#1634-d266 @A: 15 02 06 08 | 09
#1635-d266 @A: 13 15 27 08 | 02
#1636-d266 @A: 02 13 27 15 | 10
#1637-d266 @A: 11 20 31 28 | 03
#1638-d266 @A: 19 31 29 11 | 07
#1639-d266 @A: 31 06 05 11 | 01
#1640-d266 @A: 11 07 31 21 | 06
#1641-d266 @A: 31 08 09 11 | 11
#1642-d266 @A: 08 11 31 02 | 05
#1643-d266 @A: 27 13 11 31 | 04
#1644-d266 @A: 04 33 28 11 | 08
#1645-d266 @A: 33 29 09 11 | 12
#1646-d266 @A: 11 13 05 33 | 09
#1647-d266 @A: 33 19 11 20 | 02
#1648-d266 @A: 10 11 33 21 | 10
#1649-d266 @A: 33 10 11 02 | 03
#1650-d266 @A: 08 33 11 27 | 07
#1651-d266 @A: 28 05 11 07 | 01
#1652-d266 @A: 28 19 08 11 | 06
#1653-d266 @A: 11 27 28 10 | 11
#1654-d266 @A: 28 11 13 06 | 05
#1655-d266 @A: 11 29 20 06 | 04
#1656-d266 @A: 29 07 11 27 | 08
#1657-d266 @A: 10 11 04 29 | 12
#1658-d266 @A: 29 08 11 21 | 09
#1659-d266 @A: 11 04 02 29 | 02
#1660-d266 @A: 05 11 09 20 | 10
#1661-d266 @A: 11 05 04 19 | 03
#1662-d266 @A: 10 05 08 11 | 07
#1663-d266 @A: 27 11 21 20 | 01
#1664-d266 @A: 13 11 20 08 | 06
#1665-d266 @A: 06 07 11 19 | 11
#1666-d266 @A: 13 07 11 10 | 05
#1667-d266 @A: 11 07 04 09 | 04
#1668-d266 @A: 19 10 11 09 | 08
#1669-d266 @A: 06 02 11 19 | 12
#1670-d266 @A: 11 06 09 21 | 09
#1671-d266 @A: 11 13 04 21 | 02
#1672-d266 @A: 06 27 04 11 | 10
#1673-d266 @A: 28 19 02 31 | 03
#1674-d266 @A: 31 02 29 06 | 07
#1675-d266 @A: 05 31 13 02 | 01
#1676-d266 @A: 31 20 02 09 | 06
#1677-d266 @A: 13 02 21 31 | 11
#1678-d266 @A: 27 07 02 33 | 05
#1679-d266 @A: 02 33 08 09 | 04
#1680-d266 @A: 02 13 33 06 | 08
#1681-d266 @A: 02 28 08 29 | 12
#1682-d266 @A: 09 02 28 13 | 09
#1683-d266 @A: 29 19 10 02 | 02
#1684-d266 @A: 08 02 29 27 | 10
#1685-d266 @A: 02 07 19 05 | 03
#1686-d266 @A: 05 27 06 02 | 07
#1687-d266 @A: 20 19 02 21 | 01
#1688-d266 @A: 21 07 04 02 | 06
#1689-d266 @A: 10 02 21 09 | 11
