#0001-d274 @A: 21 19 31 02 | 07
#0002-d274 @A: 20 31 19 06 | 06
#0003-d274 @A: 19 10 31 35 | 08
#0004-d274 @A: 17 31 19 30 | 03
#0005-d274 @A: 24 31 19 18 | 10
#0006-d274 @A: 31 19 07 26 | 04
#0007-d274 @A: 31 09 03 19 | 05
#0008-d274 @A: 32 31 19 08 | 12
#0009-d274 @A: 05 27 19 31 | 11
#0010-d274 @A: 31 04 29 19 | 02
#0011-d274 @A: 33 19 14 31 | 09
#0012-d274 @A: 19 28 31 25 | 01
#0013-d274 @A: 11 19 31 12 | 07
#0014-d274 @A: 15 19 31 13 | 06
#0015-d274 @A: 31 24 23 19 | 08
#0016-d274 @A: 22 31 19 16 | 03
#0017-d274 @A: 34 31 01 19 | 10
#0018-d274 @A: 24 31 20 21 | 04
#0019-d274 @A: 35 09 21 31 | 05
#0020-d274 @A: 21 31 17 34 | 12
#0021-d274 @A: 31 26 18 21 | 11
#0022-d274 @A: 10 30 21 31 | 02
#0023-d274 @A: 21 04 03 31 | 09
#0024-d274 @A: 21 31 27 32 | 01
#0025-d274 @A: 31 22 21 08 | 07
#0026-d274 @A: 29 21 31 15 | 06
#0027-d274 @A: 28 21 31 33 | 08
#0028-d274 @A: 21 25 31 01 | 03
#0029-d274 @A: 31 21 12 06 | 10
#0030-d274 @A: 13 05 31 21 | 04
#0031-d274 @A: 14 31 21 07 | 05
#0032-d274 @A: 31 16 11 21 | 12
#0033-d274 @A: 23 31 21 11 | 11
#0034-d274 @A: 16 20 31 35 | 02
#0035-d274 @A: 04 31 17 20 | 09
#0036-d274 @A: 31 09 18 20 | 01
#0037-d274 @A: 26 31 20 22 | 07
#0038-d274 @A: 11 30 31 20 | 06
#0039-d274 @A: 02 31 03 20 | 08
#0040-d274 @A: 14 31 20 32 | 03
#0041-d274 @A: 08 31 34 20 | 10
#0042-d274 @A: 27 10 20 31 | 04
#0043-d274 @A: 31 28 20 29 | 05
#0044-d274 @A: 33 07 31 20 | 12
#0045-d274 @A: 31 20 25 05 | 11
#0046-d274 @A: 31 12 20 15 | 02
#0047-d274 @A: 20 13 01 31 | 09
#0048-d274 @A: 31 20 23 09 | 01
#0049-d274 @A: 35 06 31 17 | 07
#0050-d274 @A: 31 35 33 18 | 06
#0051-d274 @A: 11 26 31 35 | 08
#0052-d274 @A: 02 30 31 35 | 03
#0053-d274 @A: 31 35 03 05 | 10
#0054-d274 @A: 32 24 35 31 | 04
#0055-d274 @A: 08 35 15 31 | 05
#0056-d274 @A: 27 31 35 28 | 12
#0057-d274 @A: 27 23 35 31 | 11
#0058-d274 @A: 34 29 31 35 | 02
#0059-d274 @A: 04 31 35 25 | 09
#0060-d274 @A: 12 35 31 22 | 01
#0061-d274 @A: 13 35 31 14 | 07
#0062-d274 @A: 07 01 31 35 | 06
#0063-d274 @A: 18 25 31 17 | 08
#0064-d274 @A: 17 15 31 26 | 03
#0065-d274 @A: 24 17 03 31 | 10
#0066-d274 @A: 01 32 31 17 | 04
#0067-d274 @A: 31 08 28 17 | 05
#0068-d274 @A: 31 17 07 27 | 12
#0069-d274 @A: 17 10 29 31 | 11
#0070-d274 @A: 11 31 33 17 | 02
#0071-d274 @A: 09 12 17 31 | 09
#0072-d274 @A: 31 13 17 02 | 01
#0073-d274 @A: 31 14 22 17 | 07
#0074-d274 @A: 16 31 05 17 | 06
#0075-d274 @A: 17 31 10 23 | 08
#0076-d274 @A: 31 30 06 18 | 03
#0077-d274 @A: 18 03 31 16 | 10
#0078-d274 @A: 32 28 18 31 | 04
#0079-d274 @A: 18 31 08 14 | 05
#0080-d274 @A: 23 18 31 08 | 12
#0081-d274 @A: 02 31 27 18 | 11
#0082-d274 @A: 29 31 18 01 | 02
#0083-d274 @A: 12 05 31 18 | 09
#0084-d274 @A: 18 31 10 13 | 01
#0085-d274 @A: 31 18 22 07 | 07
#0086-d274 @A: 18 34 31 15 | 06
#0087-d274 @A: 04 18 31 11 | 08
#0088-d274 @A: 31 26 14 30 | 03
#0089-d274 @A: 03 28 26 31 | 10
#0090-d274 @A: 32 06 26 31 | 04
#0091-d274 @A: 26 08 02 31 | 05
#0092-d274 @A: 04 27 26 31 | 12
#0093-d274 @A: 26 24 29 31 | 11
#0094-d274 @A: 05 26 33 31 | 02
#0095-d274 @A: 25 09 26 31 | 09
#0096-d274 @A: 26 16 31 12 | 01
#0097-d274 @A: 13 31 34 26 | 07
#0098-d274 @A: 31 23 26 04 | 06
#0099-d274 @A: 26 10 31 01 | 08
#0100-d274 @A: 31 03 30 01 | 03
#0101-d274 @A: 31 30 16 32 | 10
#0102-d274 @A: 31 30 08 25 | 04
#0103-d274 @A: 30 27 24 31 | 05
#0104-d274 @A: 29 22 30 31 | 12
#0105-d274 @A: 33 34 30 31 | 11
#0106-d274 @A: 12 30 31 13 | 02
#0107-d274 @A: 28 09 30 31 | 09
#0108-d274 @A: 30 07 31 04 | 01
#0109-d274 @A: 31 07 23 30 | 07
#0110-d274 @A: 15 05 30 31 | 06
#0111-d274 @A: 31 03 32 33 | 08
#0112-d274 @A: 07 08 03 31 | 03
#0113-d274 @A: 03 27 31 22 | 10
#0114-d274 @A: 03 11 31 29 | 04
#0115-d274 @A: 25 03 15 31 | 05
#0116-d274 @A: 10 12 03 31 | 12
#0117-d274 @A: 31 13 03 06 | 11
#0118-d274 @A: 31 14 03 34 | 02
#0119-d274 @A: 34 23 31 03 | 09
#0120-d274 @A: 32 09 31 29 | 01
#0121-d274 @A: 25 32 31 02 | 07
#0122-d274 @A: 31 12 32 34 | 06
#0123-d274 @A: 32 13 31 04 | 08
#0124-d274 @A: 31 23 32 13 | 03
#0125-d274 @A: 05 32 31 22 | 10
#0126-d274 @A: 31 32 07 10 | 04
#0127-d274 @A: 32 15 31 11 | 05
#0128-d274 @A: 16 08 31 27 | 12
#0129-d274 @A: 05 08 31 29 | 11
#0130-d274 @A: 31 08 10 33 | 02
#0131-d274 @A: 12 31 08 24 | 09
#0132-d274 @A: 08 31 09 13 | 01
#0133-d274 @A: 08 31 06 04 | 07
#0134-d274 @A: 08 11 01 31 | 06
#0135-d274 @A: 27 29 31 06 | 08
#0136-d274 @A: 09 31 33 27 | 03
#0137-d274 @A: 34 27 31 25 | 10
#0138-d274 @A: 31 27 01 12 | 04
#0139-d274 @A: 31 27 11 13 | 05
#0140-d274 @A: 27 15 31 14 | 12
#0141-d274 @A: 31 02 29 33 | 11
#0142-d274 @A: 25 29 31 16 | 02
#0143-d274 @A: 14 31 12 29 | 09
#0144-d274 @A: 13 29 31 07 | 01
#0145-d274 @A: 23 28 31 29 | 07
#0146-d274 @A: 33 24 25 31 | 06
#0147-d274 @A: 31 04 33 12 | 08
#0148-d274 @A: 12 23 31 33 | 03
#0149-d274 @A: 31 16 33 13 | 10
#0150-d274 @A: 06 31 33 22 | 04
#0151-d274 @A: 33 01 15 31 | 05
#0152-d274 @A: 25 12 07 31 | 12
#0153-d274 @A: 22 31 25 13 | 11
#0154-d274 @A: 11 25 06 31 | 02
#0155-d274 @A: 25 14 31 10 | 09
#0156-d274 @A: 23 25 31 14 | 01
#0157-d274 @A: 31 12 28 02 | 07
#0158-d274 @A: 13 24 31 28 | 06
#0159-d274 @A: 28 31 34 22 | 08
#0160-d274 @A: 31 05 28 04 | 03
#0161-d274 @A: 01 06 28 31 | 10
#0162-d274 @A: 28 15 31 07 | 04
#0163-d274 @A: 16 28 14 31 | 05
#0164-d274 @A: 28 10 11 31 | 12
#0165-d274 @A: 24 22 31 15 | 11
#0166-d274 @A: 34 11 31 24 | 02
#0167-d274 @A: 10 04 31 24 | 09
#0168-d274 @A: 24 05 31 01 | 01
#0169-d274 @A: 24 14 06 31 | 07
#0170-d274 @A: 16 07 31 24 | 06
#0171-d274 @A: 09 02 24 31 | 08
#0172-d274 @A: 22 01 31 04 | 03
#0173-d274 @A: 09 31 11 22 | 10
#0174-d274 @A: 31 22 23 05 | 04
#0175-d274 @A: 31 02 22 10 | 05
#0176-d274 @A: 16 34 04 31 | 12
#0177-d274 @A: 07 34 06 31 | 11
#0178-d274 @A: 10 09 34 31 | 02
#0179-d274 @A: 34 15 31 23 | 09
#0180-d274 @A: 31 02 34 05 | 01
#0181-d274 @A: 15 09 31 04 | 07
#0182-d274 @A: 02 31 04 14 | 06
#0183-d274 @A: 23 06 31 01 | 08
#0184-d274 @A: 31 14 01 09 | 03
#0185-d274 @A: 02 16 01 31 | 10
#0186-d274 @A: 06 09 16 31 | 04
#0187-d274 @A: 31 02 15 06 | 05
#0188-d274 @A: 10 31 05 06 | 12
#0189-d274 @A: 09 05 31 07 | 11
#0190-d274 @A: 11 07 31 02 | 02
#0191-d274 @A: 15 31 10 16 | 09
#0192-d274 @A: 31 02 23 16 | 01
#0193-d274 @A: 31 05 11 14 | 07
#0194-d274 @A: 20 19 28 21 | 06
#0195-d274 @A: 19 35 21 24 | 08
#0196-d274 @A: 17 19 09 21 | 03
#0197-d274 @A: 21 18 05 19 | 10
#0198-d274 @A: 21 26 34 19 | 04
#0199-d274 @A: 22 21 30 19 | 05
#0200-d274 @A: 19 21 07 03 | 12
#0201-d274 @A: 32 19 10 21 | 11
#0202-d274 @A: 21 08 15 19 | 02
#0203-d274 @A: 04 21 19 27 | 09
#0204-d274 @A: 01 21 29 19 | 01
#0205-d274 @A: 33 19 21 06 | 07
#0206-d274 @A: 21 14 19 25 | 06
#0207-d274 @A: 12 16 19 21 | 08
#0208-d274 @A: 11 13 21 19 | 03
#0209-d274 @A: 21 15 19 23 | 10
#0210-d274 @A: 11 19 20 35 | 04
#0211-d274 @A: 27 19 20 17 | 05
#0212-d274 @A: 19 16 18 20 | 12
#0213-d274 @A: 19 20 26 25 | 11
#0214-d274 @A: 30 34 20 19 | 02
#0215-d274 @A: 03 20 19 24 | 09
#0216-d274 @A: 32 19 20 22 | 01
#0217-d274 @A: 19 08 20 04 | 07
#0218-d274 @A: 19 29 20 14 | 06
#0219-d274 @A: 20 33 10 19 | 08
#0220-d274 @A: 12 19 05 20 | 03
#0221-d274 @A: 02 13 20 19 | 10
#0222-d274 @A: 01 19 15 20 | 04
#0223-d274 @A: 19 01 23 20 | 05
#0224-d274 @A: 07 19 09 20 | 12
#0225-d274 @A: 17 35 19 14 | 11
#0226-d274 @A: 19 35 01 18 | 02
#0227-d274 @A: 35 26 19 28 | 09
#0228-d274 @A: 19 30 35 05 | 01
#0229-d274 @A: 19 03 35 06 | 07
#0230-d274 @A: 04 19 32 35 | 06
#0231-d274 @A: 34 08 19 35 | 08
#0232-d274 @A: 35 02 27 19 | 03
#0233-d274 @A: 19 29 35 22 | 10
#0234-d274 @A: 35 19 33 15 | 04
#0235-d274 @A: 19 35 16 25 | 05
#0236-d274 @A: 12 19 35 07 | 12
#0237-d274 @A: 09 35 13 19 | 11
#0238-d274 @A: 23 02 19 35 | 02
#0239-d274 @A: 19 06 17 18 | 09
#0240-d274 @A: 26 19 17 02 | 01
#0241-d274 @A: 33 17 19 03 | 07
#0242-d274 @A: 19 17 32 16 | 06
#0243-d274 @A: 19 17 08 01 | 08
#0244-d274 @A: 17 29 19 28 | 03
#0245-d274 @A: 24 19 17 25 | 10
#0246-d274 @A: 19 17 12 10 | 04
#0247-d274 @A: 12 23 17 19 | 05
#0248-d274 @A: 17 13 22 19 | 12
#0249-d274 @A: 34 05 17 19 | 11
#0250-d274 @A: 07 04 17 19 | 02
#0251-d274 @A: 17 11 19 15 | 09
#0252-d274 @A: 19 14 18 26 | 01
#0253-d274 @A: 19 30 08 18 | 07
#0254-d274 @A: 03 18 28 19 | 06
#0255-d274 @A: 32 25 19 18 | 08
#0256-d274 @A: 18 19 27 22 | 03
#0257-d274 @A: 29 10 19 18 | 10
#0258-d274 @A: 18 11 33 19 | 04
#0259-d274 @A: 34 12 18 19 | 05
#0260-d274 @A: 07 13 18 19 | 12
#0261-d274 @A: 23 18 19 28 | 11
#0262-d274 @A: 09 18 19 04 | 02
#0263-d274 @A: 18 19 02 15 | 09
#0264-d274 @A: 14 23 19 18 | 01
#0265-d274 @A: 19 06 26 30 | 07
#0266-d274 @A: 03 05 26 19 | 06
#0267-d274 @A: 26 32 11 19 | 08
#0268-d274 @A: 19 26 09 08 | 03
#0269-d274 @A: 23 19 26 08 | 10
#0270-d274 @A: 27 10 19 26 | 04
#0271-d274 @A: 15 29 26 19 | 05
#0272-d274 @A: 19 33 26 24 | 12
#0273-d274 @A: 22 12 26 19 | 11
#0274-d274 @A: 01 13 19 26 | 02
#0275-d274 @A: 19 16 26 04 | 09
#0276-d274 @A: 19 04 03 30 | 01
#0277-d274 @A: 32 30 24 19 | 07
#0278-d274 @A: 27 30 01 19 | 06
#0279-d274 @A: 19 11 29 30 | 08
#0280-d274 @A: 33 07 19 30 | 03
#0281-d274 @A: 19 25 09 30 | 10
#0282-d274 @A: 19 14 30 12 | 04
#0283-d274 @A: 13 30 28 19 | 05
#0284-d274 @A: 30 06 23 19 | 12
#0285-d274 @A: 30 19 16 15 | 11
#0286-d274 @A: 30 10 19 02 | 02
#0287-d274 @A: 03 32 15 19 | 09
#0288-d274 @A: 03 19 08 22 | 01
#0289-d274 @A: 19 14 27 03 | 07
#0290-d274 @A: 19 29 03 25 | 06
#0291-d274 @A: 01 19 12 03 | 08
#0292-d274 @A: 19 03 10 13 | 03
#0293-d274 @A: 02 34 19 03 | 10
#0294-d274 @A: 16 19 03 11 | 04
#0295-d274 @A: 10 23 19 03 | 05
#0296-d274 @A: 07 27 32 19 | 12
#0297-d274 @A: 32 29 19 02 | 11
#0298-d274 @A: 33 19 32 28 | 02
#0299-d274 @A: 12 06 19 32 | 09
#0300-d274 @A: 14 13 32 19 | 01
#0301-d274 @A: 22 23 32 19 | 07
#0302-d274 @A: 32 09 34 19 | 06
#0303-d274 @A: 19 01 05 32 | 08
#0304-d274 @A: 19 28 08 27 | 03
#0305-d274 @A: 29 06 19 08 | 10
#0306-d274 @A: 08 16 33 19 | 04
#0307-d274 @A: 08 25 02 19 | 05
#0308-d274 @A: 08 12 13 19 | 12
#0309-d274 @A: 24 14 08 19 | 11
#0310-d274 @A: 07 19 08 10 | 02
#0311-d274 @A: 08 19 05 11 | 09
#0312-d274 @A: 27 24 29 19 | 01
#0313-d274 @A: 34 33 19 27 | 07
#0314-d274 @A: 25 27 06 19 | 06
#0315-d274 @A: 27 19 15 12 | 08
#0316-d274 @A: 19 13 27 16 | 03
#0317-d274 @A: 23 27 07 19 | 10
#0318-d274 @A: 27 11 19 09 | 04
#0319-d274 @A: 29 05 33 19 | 05
#0320-d274 @A: 09 29 19 12 | 12
#0321-d274 @A: 34 19 13 29 | 11
#0322-d274 @A: 34 29 19 23 | 02
#0323-d274 @A: 19 16 29 07 | 09
#0324-d274 @A: 19 01 33 25 | 01
#0325-d274 @A: 19 33 12 02 | 07
#0326-d274 @A: 33 13 19 04 | 06
#0327-d274 @A: 19 09 22 33 | 08
#0328-d274 @A: 33 11 19 23 | 03
#0329-d274 @A: 25 12 19 04 | 10
#0330-d274 @A: 05 13 25 19 | 04
#0331-d274 @A: 25 19 22 11 | 05
#0332-d274 @A: 19 25 34 07 | 12
#0333-d274 @A: 19 25 09 23 | 11
#0334-d274 @A: 19 10 25 15 | 02
#0335-d274 @A: 12 24 19 28 | 09
#0336-d274 @A: 24 06 19 13 | 01
#0337-d274 @A: 23 19 13 05 | 07
#0338-d274 @A: 22 19 28 15 | 06
#0339-d274 @A: 11 28 34 19 | 08
#0340-d274 @A: 19 04 10 28 | 03
#0341-d274 @A: 19 28 07 01 | 10
#0342-d274 @A: 14 19 06 28 | 04
#0343-d274 @A: 09 19 02 28 | 05
#0344-d274 @A: 28 19 16 05 | 12
#0345-d274 @A: 19 22 34 24 | 11
#0346-d274 @A: 15 19 04 24 | 02
#0347-d274 @A: 01 24 09 19 | 09
#0348-d274 @A: 07 11 24 19 | 01
#0349-d274 @A: 24 16 19 02 | 07
#0350-d274 @A: 10 19 05 24 | 06
#0351-d274 @A: 19 04 14 22 | 08
#0352-d274 @A: 22 01 10 19 | 03
#0353-d274 @A: 19 22 05 06 | 10
#0354-d274 @A: 22 02 07 19 | 04
#0355-d274 @A: 34 19 06 04 | 05
#0356-d274 @A: 19 15 34 14 | 12
#0357-d274 @A: 19 10 16 34 | 11
#0358-d274 @A: 04 11 19 01 | 02
#0359-d274 @A: 04 16 23 19 | 09
#0360-d274 @A: 05 04 02 19 | 01
#0361-d274 @A: 16 06 01 19 | 07
#0362-d274 @A: 01 19 14 02 | 06
#0363-d274 @A: 15 19 07 06 | 08
#0364-d274 @A: 10 09 19 06 | 03
#0365-d274 @A: 02 11 06 19 | 10
#0366-d274 @A: 19 14 07 05 | 04
#0367-d274 @A: 15 05 09 19 | 05
#0368-d274 @A: 16 14 09 19 | 12
#0369-d274 @A: 10 19 14 11 | 11
#0370-d274 @A: 29 35 20 21 | 02
#0371-d274 @A: 17 15 21 20 | 09
#0372-d274 @A: 18 20 10 21 | 01
#0373-d274 @A: 21 07 20 26 | 07
#0374-d274 @A: 30 20 14 21 | 06
#0375-d274 @A: 33 20 03 21 | 08
#0376-d274 @A: 21 20 23 03 | 03
#0377-d274 @A: 32 11 20 21 | 10
#0378-d274 @A: 20 21 08 09 | 04
#0379-d274 @A: 27 20 21 05 | 05
#0380-d274 @A: 04 25 20 21 | 12
#0381-d274 @A: 20 12 13 21 | 11
#0382-d274 @A: 34 21 20 22 | 02
#0383-d274 @A: 16 01 20 21 | 09
#0384-d274 @A: 06 20 02 21 | 01
#0385-d274 @A: 05 21 35 17 | 07
#0386-d274 @A: 16 35 21 18 | 06
#0387-d274 @A: 35 21 04 26 | 08
#0388-d274 @A: 30 21 35 01 | 03
#0389-d274 @A: 21 03 35 27 | 10
#0390-d274 @A: 21 35 02 32 | 04
#0391-d274 @A: 21 14 08 35 | 05
#0392-d274 @A: 21 35 33 22 | 12
#0393-d274 @A: 21 35 10 25 | 11
#0394-d274 @A: 12 35 21 15 | 02
#0395-d274 @A: 13 34 21 35 | 09
#0396-d274 @A: 21 35 11 28 | 01
#0397-d274 @A: 35 21 23 22 | 07
#0398-d274 @A: 06 21 07 35 | 06
#0399-d274 @A: 21 18 22 17 | 08
#0400-d274 @A: 21 10 26 17 | 03
#0401-d274 @A: 17 26 21 23 | 10
#0402-d274 @A: 21 30 07 17 | 04
#0403-d274 @A: 21 01 03 17 | 05
#0404-d274 @A: 17 21 14 32 | 12
#0405-d274 @A: 17 08 21 27 | 11
#0406-d274 @A: 21 17 24 29 | 02
#0407-d274 @A: 17 33 02 21 | 09
#0408-d274 @A: 25 21 06 17 | 01
#0409-d274 @A: 17 21 12 11 | 07
#0410-d274 @A: 17 28 21 13 | 06
#0411-d274 @A: 04 21 16 17 | 08
#0412-d274 @A: 18 24 30 21 | 03
#0413-d274 @A: 03 09 21 18 | 10
#0414-d274 @A: 21 32 18 01 | 04
#0415-d274 @A: 08 21 18 34 | 05
#0416-d274 @A: 15 21 27 18 | 12
#0417-d274 @A: 29 18 21 06 | 11
#0418-d274 @A: 21 07 33 18 | 02
#0419-d274 @A: 18 21 28 25 | 09
#0420-d274 @A: 21 14 12 18 | 01
#0421-d274 @A: 18 21 13 04 | 07
#0422-d274 @A: 23 18 24 21 | 06
#0423-d274 @A: 11 21 02 18 | 08
#0424-d274 @A: 30 26 11 21 | 03
#0425-d274 @A: 21 15 26 03 | 10
#0426-d274 @A: 05 32 21 26 | 04
#0427-d274 @A: 25 08 26 21 | 05
#0428-d274 @A: 21 27 22 26 | 12
#0429-d274 @A: 33 26 29 21 | 11
#0430-d274 @A: 26 12 21 01 | 02
#0431-d274 @A: 21 26 09 13 | 09
#0432-d274 @A: 28 06 21 26 | 01
#0433-d274 @A: 24 21 26 16 | 07
#0434-d274 @A: 21 14 26 02 | 06
#0435-d274 @A: 03 06 21 30 | 08
#0436-d274 @A: 30 28 21 32 | 03
#0437-d274 @A: 16 30 08 21 | 10
#0438-d274 @A: 27 21 30 34 | 04
#0439-d274 @A: 05 21 29 30 | 05
#0440-d274 @A: 30 09 21 33 | 12
#0441-d274 @A: 33 21 23 30 | 11
#0442-d274 @A: 30 15 21 25 | 02
#0443-d274 @A: 04 21 30 12 | 09
#0444-d274 @A: 30 21 02 13 | 01
#0445-d274 @A: 32 34 03 21 | 07
#0446-d274 @A: 21 03 08 10 | 06
#0447-d274 @A: 29 21 22 03 | 08
#0448-d274 @A: 02 25 21 03 | 03
#0449-d274 @A: 03 12 21 28 | 10
#0450-d274 @A: 03 16 13 21 | 04
#0451-d274 @A: 24 21 11 03 | 05
#0452-d274 @A: 03 05 21 14 | 12
#0453-d274 @A: 32 21 06 08 | 11
#0454-d274 @A: 32 29 16 21 | 02
#0455-d274 @A: 32 15 21 33 | 09
#0456-d274 @A: 22 21 32 25 | 01
#0457-d274 @A: 21 09 12 32 | 07
#0458-d274 @A: 21 13 32 07 | 06
#0459-d274 @A: 21 23 28 32 | 08
#0460-d274 @A: 04 21 32 24 | 03
#0461-d274 @A: 29 11 08 21 | 10
#0462-d274 @A: 24 33 08 21 | 04
#0463-d274 @A: 07 08 12 21 | 05
#0464-d274 @A: 01 13 21 08 | 12
#0465-d274 @A: 05 21 08 28 | 11
#0466-d274 @A: 04 02 08 21 | 02
#0467-d274 @A: 21 08 10 23 | 09
#0468-d274 @A: 21 27 10 29 | 01
#0469-d274 @A: 11 33 21 27 | 07
#0470-d274 @A: 25 27 21 07 | 06
#0471-d274 @A: 24 27 21 12 | 08
#0472-d274 @A: 13 21 27 06 | 03
#0473-d274 @A: 21 28 16 27 | 10
#0474-d274 @A: 04 23 27 21 | 04
#0475-d274 @A: 27 01 21 14 | 05
#0476-d274 @A: 02 09 21 27 | 12
#0477-d274 @A: 21 25 34 29 | 11
#0478-d274 @A: 21 12 02 29 | 02
#0479-d274 @A: 21 14 29 13 | 09
#0480-d274 @A: 23 21 29 13 | 01
#0481-d274 @A: 28 21 29 07 | 07
#0482-d274 @A: 04 09 29 21 | 06
#0483-d274 @A: 25 33 16 21 | 08
#0484-d274 @A: 33 34 21 12 | 03
#0485-d274 @A: 33 21 10 13 | 10
#0486-d274 @A: 21 04 14 33 | 04
#0487-d274 @A: 33 05 21 01 | 05
#0488-d274 @A: 25 05 21 12 | 12
#0489-d274 @A: 21 25 13 24 | 11
#0490-d274 @A: 09 25 21 11 | 02
#0491-d274 @A: 25 05 23 21 | 09
#0492-d274 @A: 21 13 12 23 | 01
#0493-d274 @A: 12 10 21 22 | 07
#0494-d274 @A: 13 21 22 15 | 06
#0495-d274 @A: 28 15 24 21 | 08
#0496-d274 @A: 21 22 09 28 | 03
#0497-d274 @A: 34 14 21 28 | 10
#0498-d274 @A: 04 28 01 21 | 04
#0499-d274 @A: 28 10 02 21 | 05
#0500-d274 @A: 24 21 14 22 | 12
#0501-d274 @A: 21 24 09 34 | 11
#0502-d274 @A: 21 24 01 10 | 02
#0503-d274 @A: 24 06 05 21 | 09
#0504-d274 @A: 24 02 21 07 | 01
#0505-d274 @A: 22 21 05 04 | 07
#0506-d274 @A: 21 06 22 01 | 06
#0507-d274 @A: 11 21 22 07 | 08
#0508-d274 @A: 21 02 22 16 | 03
#0509-d274 @A: 21 04 11 34 | 10
#0510-d274 @A: 34 21 01 02 | 04
#0511-d274 @A: 16 34 21 06 | 05
#0512-d274 @A: 23 21 06 34 | 12
#0513-d274 @A: 34 07 05 21 | 11
#0514-d274 @A: 21 10 34 15 | 02
#0515-d274 @A: 10 06 04 21 | 09
#0516-d274 @A: 07 21 15 04 | 01
#0517-d274 @A: 09 01 07 21 | 07
#0518-d274 @A: 21 11 15 01 | 06
#0519-d274 @A: 23 21 14 01 | 08
#0520-d274 @A: 15 21 06 09 | 03
#0521-d274 @A: 11 06 21 14 | 10
#0522-d274 @A: 10 07 21 16 | 04
#0523-d274 @A: 23 07 02 21 | 05
#0524-d274 @A: 05 16 09 21 | 12
#0525-d274 @A: 09 16 21 23 | 11
#0526-d274 @A: 09 14 21 10 | 02
#0527-d274 @A: 16 15 21 14 | 09
#0528-d274 @A: 15 21 05 02 | 01
#0529-d274 @A: 10 11 21 05 | 07
#0530-d274 @A: 20 01 35 17 | 06
#0531-d274 @A: 18 22 35 20 | 08
#0532-d274 @A: 20 35 03 26 | 03
#0533-d274 @A: 20 15 35 30 | 10
#0534-d274 @A: 28 20 35 32 | 04
#0535-d274 @A: 08 20 05 35 | 05
#0536-d274 @A: 27 04 20 35 | 12
#0537-d274 @A: 35 33 20 34 | 11
#0538-d274 @A: 20 35 23 33 | 02
#0539-d274 @A: 35 20 02 25 | 09
#0540-d274 @A: 20 12 35 09 | 01
#0541-d274 @A: 35 06 20 13 | 07
#0542-d274 @A: 24 35 20 07 | 06
#0543-d274 @A: 14 35 10 20 | 08
#0544-d274 @A: 18 20 34 17 | 03
#0545-d274 @A: 26 17 05 20 | 10
#0546-d274 @A: 30 17 02 20 | 04
#0547-d274 @A: 17 03 11 20 | 05
#0548-d274 @A: 20 32 17 09 | 12
#0549-d274 @A: 20 17 24 08 | 11
#0550-d274 @A: 17 06 20 29 | 02
#0551-d274 @A: 22 33 20 17 | 09
#0552-d274 @A: 16 25 17 20 | 01
#0553-d274 @A: 17 07 20 12 | 07
#0554-d274 @A: 13 20 14 17 | 06
#0555-d274 @A: 17 20 10 28 | 08
#0556-d274 @A: 20 17 23 04 | 03
#0557-d274 @A: 30 20 26 18 | 10
#0558-d274 @A: 18 20 03 01 | 04
#0559-d274 @A: 02 32 18 20 | 05
#0560-d274 @A: 20 08 18 11 | 12
#0561-d274 @A: 20 18 07 27 | 11
#0562-d274 @A: 04 29 20 18 | 02
#0563-d274 @A: 20 18 33 06 | 09
#0564-d274 @A: 18 25 24 20 | 01
#0565-d274 @A: 25 23 20 18 | 07
#0566-d274 @A: 18 20 28 12 | 06
#0567-d274 @A: 20 05 18 13 | 08
#0568-d274 @A: 15 20 14 18 | 03
#0569-d274 @A: 04 26 20 32 | 10
#0570-d274 @A: 23 20 32 26 | 04
#0571-d274 @A: 26 20 08 15 | 05
#0572-d274 @A: 26 34 20 27 | 12
#0573-d274 @A: 20 29 10 26 | 11
#0574-d274 @A: 26 11 33 20 | 02
#0575-d274 @A: 26 14 20 12 | 09
#0576-d274 @A: 13 20 16 26 | 01
#0577-d274 @A: 20 01 26 28 | 07
#0578-d274 @A: 20 26 24 02 | 06
#0579-d274 @A: 06 20 26 09 | 08
#0580-d274 @A: 03 20 30 28 | 03
#0581-d274 @A: 32 27 20 30 | 10
#0582-d274 @A: 20 30 08 01 | 04
#0583-d274 @A: 30 29 09 20 | 05
#0584-d274 @A: 30 04 20 33 | 12
#0585-d274 @A: 22 30 20 25 | 11
#0586-d274 @A: 16 12 30 20 | 02
#0587-d274 @A: 13 20 07 30 | 09
#0588-d274 @A: 30 24 20 05 | 01
#0589-d274 @A: 10 20 06 30 | 07
#0590-d274 @A: 30 05 20 23 | 06
#0591-d274 @A: 06 32 03 20 | 08
#0592-d274 @A: 14 20 08 03 | 03
#0593-d274 @A: 27 20 03 15 | 10
#0594-d274 @A: 03 34 20 29 | 04
#0595-d274 @A: 25 20 03 07 | 05
#0596-d274 @A: 12 04 03 20 | 12
#0597-d274 @A: 03 20 22 13 | 11
#0598-d274 @A: 09 03 10 20 | 02
#0599-d274 @A: 20 05 16 03 | 09
#0600-d274 @A: 08 20 07 32 | 01
#0601-d274 @A: 05 32 20 29 | 07
#0602-d274 @A: 16 20 32 33 | 06
#0603-d274 @A: 20 32 25 34 | 08
#0604-d274 @A: 32 12 24 20 | 03
#0605-d274 @A: 15 13 32 20 | 10
#0606-d274 @A: 10 01 32 20 | 04
#0607-d274 @A: 08 27 22 20 | 05
#0608-d274 @A: 29 16 08 20 | 12
#0609-d274 @A: 08 02 33 20 | 11
#0610-d274 @A: 20 28 25 08 | 02
#0611-d274 @A: 06 20 12 08 | 09
#0612-d274 @A: 10 08 13 20 | 01
#0613-d274 @A: 08 20 23 34 | 07
#0614-d274 @A: 29 27 33 20 | 06
#0615-d274 @A: 20 11 25 27 | 08
#0616-d274 @A: 02 27 12 20 | 03
#0617-d274 @A: 27 13 28 20 | 10
#0618-d274 @A: 28 20 23 27 | 04
#0619-d274 @A: 27 20 24 01 | 05
#0620-d274 @A: 06 20 27 14 | 12
#0621-d274 @A: 16 20 27 09 | 11
#0622-d274 @A: 25 29 20 01 | 02
#0623-d274 @A: 20 12 22 29 | 09
#0624-d274 @A: 11 29 20 13 | 01
#0625-d274 @A: 15 24 20 29 | 07
#0626-d274 @A: 29 07 20 02 | 06
#0627-d274 @A: 20 23 15 29 | 08
#0628-d274 @A: 14 20 33 25 | 03
#0629-d274 @A: 12 01 33 20 | 10
#0630-d274 @A: 13 24 33 20 | 04
#0631-d274 @A: 20 28 33 15 | 05
#0632-d274 @A: 05 33 09 20 | 12
#0633-d274 @A: 12 20 10 25 | 11
#0634-d274 @A: 09 20 25 13 | 02
#0635-d274 @A: 25 15 20 06 | 09
#0636-d274 @A: 12 34 20 11 | 01
#0637-d274 @A: 20 23 12 02 | 07
#0638-d274 @A: 22 13 20 23 | 06
#0639-d274 @A: 13 04 20 34 | 08
#0640-d274 @A: 11 20 24 28 | 03
#0641-d274 @A: 28 22 14 20 | 10
#0642-d274 @A: 28 20 09 34 | 04
#0643-d274 @A: 04 16 20 28 | 05
#0644-d274 @A: 07 28 06 20 | 12
#0645-d274 @A: 28 02 05 20 | 11
#0646-d274 @A: 22 20 09 24 | 02
#0647-d274 @A: 14 34 20 24 | 09
#0648-d274 @A: 24 20 34 23 | 01
#0649-d274 @A: 04 06 24 20 | 07
#0650-d274 @A: 24 20 10 16 | 06
#0651-d274 @A: 11 22 20 04 | 08
#0652-d274 @A: 20 02 01 22 | 03
#0653-d274 @A: 20 06 16 22 | 10
#0654-d274 @A: 07 05 22 20 | 04
#0655-d274 @A: 20 22 10 15 | 05
#0656-d274 @A: 34 01 20 06 | 12
#0657-d274 @A: 07 34 15 20 | 11
#0658-d274 @A: 16 34 02 20 | 02
#0659-d274 @A: 20 34 05 10 | 09
#0660-d274 @A: 20 01 04 07 | 01
#0661-d274 @A: 09 14 20 04 | 07
#0662-d274 @A: 15 20 05 04 | 06
#0663-d274 @A: 02 04 20 10 | 08
#0664-d274 @A: 20 09 01 11 | 03
#0665-d274 @A: 01 05 20 14 | 10
#0666-d274 @A: 23 14 20 06 | 04
#0667-d274 @A: 20 06 11 05 | 05
#0668-d274 @A: 14 20 07 16 | 12
#0669-d274 @A: 07 10 11 20 | 11
#0670-d274 @A: 07 20 10 23 | 02
#0671-d274 @A: 02 09 20 15 | 09
#0672-d274 @A: 11 15 16 20 | 01
#0673-d274 @A: 20 16 23 11 | 07
#0674-d274 @A: 11 14 20 02 | 06
#0675-d274 @A: 18 02 35 17 | 08
#0676-d274 @A: 35 09 26 17 | 03
#0677-d274 @A: 17 04 35 30 | 10
#0678-d274 @A: 17 03 35 22 | 04
#0679-d274 @A: 35 34 17 32 | 05
#0680-d274 @A: 08 35 33 17 | 12
#0681-d274 @A: 23 35 08 17 | 11
#0682-d274 @A: 27 35 15 17 | 02
#0683-d274 @A: 17 35 11 29 | 09
#0684-d274 @A: 28 35 25 17 | 01
#0685-d274 @A: 12 35 17 24 | 07
#0686-d274 @A: 35 10 17 13 | 06
#0687-d274 @A: 17 35 16 07 | 08
#0688-d274 @A: 35 06 18 26 | 03
#0689-d274 @A: 35 29 18 30 | 10
#0690-d274 @A: 18 35 24 03 | 04
#0691-d274 @A: 32 35 18 05 | 05
#0692-d274 @A: 04 08 18 35 | 12
#0693-d274 @A: 18 35 27 34 | 11
#0694-d274 @A: 18 25 15 35 | 02
#0695-d274 @A: 12 35 10 18 | 09
#0696-d274 @A: 18 35 28 13 | 01
#0697-d274 @A: 23 35 06 18 | 07
#0698-d274 @A: 07 35 18 09 | 06
#0699-d274 @A: 18 35 14 11 | 08
#0700-d274 @A: 35 26 34 30 | 03
#0701-d274 @A: 32 16 26 35 | 10
#0702-d274 @A: 24 08 35 26 | 04
#0703-d274 @A: 26 27 35 33 | 05
#0704-d274 @A: 07 35 29 26 | 12
#0705-d274 @A: 25 01 26 35 | 11
#0706-d274 @A: 12 05 35 26 | 02
#0707-d274 @A: 26 15 35 13 | 09
#0708-d274 @A: 14 22 26 35 | 01
#0709-d274 @A: 35 23 26 34 | 07
#0710-d274 @A: 35 26 10 02 | 06
#0711-d274 @A: 35 30 07 03 | 08
#0712-d274 @A: 35 30 06 32 | 03
#0713-d274 @A: 08 35 30 28 | 10
#0714-d274 @A: 09 30 27 35 | 04
#0715-d274 @A: 10 33 30 35 | 05
#0716-d274 @A: 25 14 30 35 | 12
#0717-d274 @A: 35 12 11 30 | 11
#0718-d274 @A: 16 35 30 13 | 02
#0719-d274 @A: 30 35 22 24 | 09
#0720-d274 @A: 35 10 30 23 | 01
#0721-d274 @A: 35 14 03 32 | 07
#0722-d274 @A: 16 35 08 03 | 06
#0723-d274 @A: 29 35 03 10 | 08
#0724-d274 @A: 29 35 23 03 | 03
#0725-d274 @A: 35 11 03 33 | 10
#0726-d274 @A: 34 25 35 03 | 04
#0727-d274 @A: 35 13 12 03 | 05
#0728-d274 @A: 03 28 35 01 | 12
#0729-d274 @A: 15 04 03 35 | 11
#0730-d274 @A: 03 09 02 35 | 02
#0731-d274 @A: 35 09 32 08 | 09
#0732-d274 @A: 10 32 35 27 | 01
#0733-d274 @A: 29 35 15 32 | 07
#0734-d274 @A: 32 33 07 35 | 06
#0735-d274 @A: 11 25 32 35 | 08
#0736-d274 @A: 01 32 35 12 | 03
#0737-d274 @A: 32 35 22 13 | 10
#0738-d274 @A: 32 16 35 23 | 04
#0739-d274 @A: 07 35 27 08 | 05
#0740-d274 @A: 29 35 08 25 | 12
#0741-d274 @A: 35 12 08 02 | 11
#0742-d274 @A: 13 35 08 11 | 02
#0743-d274 @A: 08 01 22 35 | 09
#0744-d274 @A: 10 08 35 06 | 01
#0745-d274 @A: 35 27 05 29 | 07
#0746-d274 @A: 24 35 25 27 | 06
#0747-d274 @A: 27 14 12 35 | 08
#0748-d274 @A: 13 01 27 35 | 03
#0749-d274 @A: 35 16 22 27 | 10
#0750-d274 @A: 35 06 27 11 | 04
#0751-d274 @A: 29 04 33 35 | 05
#0752-d274 @A: 28 35 12 29 | 12
#0753-d274 @A: 24 35 13 29 | 11
#0754-d274 @A: 01 29 16 35 | 02
#0755-d274 @A: 06 29 09 35 | 09
#0756-d274 @A: 14 29 02 35 | 01
#0757-d274 @A: 05 33 25 35 | 07
#0758-d274 @A: 12 35 33 16 | 06
#0759-d274 @A: 13 02 33 35 | 08
#0760-d274 @A: 33 28 35 06 | 03
#0761-d274 @A: 09 35 33 24 | 10
#0762-d274 @A: 33 14 35 01 | 04
#0763-d274 @A: 06 12 25 35 | 05
#0764-d274 @A: 13 25 07 35 | 12
#0765-d274 @A: 28 25 23 35 | 11
#0766-d274 @A: 22 09 35 25 | 02
#0767-d274 @A: 04 35 12 34 | 09
#0768-d274 @A: 23 35 12 07 | 01
#0769-d274 @A: 05 13 04 35 | 07
#0770-d274 @A: 23 13 35 04 | 06
#0771-d274 @A: 35 28 24 10 | 08
#0772-d274 @A: 28 35 05 22 | 03
#0773-d274 @A: 35 34 16 28 | 10
#0774-d274 @A: 28 35 04 02 | 04
#0775-d274 @A: 35 07 28 14 | 05
#0776-d274 @A: 09 35 28 15 | 12
#0777-d274 @A: 06 24 34 35 | 11
#0778-d274 @A: 14 35 04 24 | 02
#0779-d274 @A: 01 24 35 11 | 09
#0780-d274 @A: 07 24 23 35 | 01
#0781-d274 @A: 35 24 16 15 | 07
#0782-d274 @A: 05 02 35 24 | 06
#0783-d274 @A: 11 35 34 22 | 08
#0784-d274 @A: 04 10 35 22 | 03
#0785-d274 @A: 02 35 06 22 | 10
#0786-d274 @A: 07 35 15 22 | 04
#0787-d274 @A: 35 34 01 10 | 05
#0788-d274 @A: 02 34 35 07 | 12
#0789-d274 @A: 14 35 34 09 | 11
#0790-d274 @A: 05 34 35 15 | 02
#0791-d274 @A: 04 01 35 09 | 09
#0792-d274 @A: 35 04 06 16 | 01
#0793-d274 @A: 07 35 04 11 | 07
#0794-d274 @A: 06 01 35 05 | 06
#0795-d274 @A: 02 15 01 35 | 08
#0796-d274 @A: 35 01 11 23 | 03
#0797-d274 @A: 06 14 35 15 | 10
#0798-d274 @A: 10 35 07 05 | 04
#0799-d274 @A: 09 16 35 10 | 05
#0800-d274 @A: 14 23 09 35 | 12
#0801-d274 @A: 11 35 09 05 | 11
#0802-d274 @A: 35 15 23 05 | 02
#0803-d274 @A: 15 35 10 11 | 09
#0804-d274 @A: 16 35 14 05 | 01
#0805-d274 @A: 16 11 35 02 | 07
#0806-d274 @A: 24 17 18 26 | 06
#0807-d274 @A: 18 01 17 30 | 08
#0808-d274 @A: 18 30 23 17 | 03
#0809-d274 @A: 17 03 10 18 | 10
#0810-d274 @A: 08 17 18 32 | 04
#0811-d274 @A: 27 18 17 09 | 05
#0812-d274 @A: 15 18 17 29 | 12
#0813-d274 @A: 16 33 17 18 | 11
#0814-d274 @A: 17 04 18 12 | 02
#0815-d274 @A: 18 17 11 13 | 09
#0816-d274 @A: 07 17 18 28 | 01
#0817-d274 @A: 17 18 14 05 | 07
#0818-d274 @A: 30 26 17 22 | 06
#0819-d274 @A: 26 17 03 14 | 08
#0820-d274 @A: 26 07 17 32 | 03
#0821-d274 @A: 26 08 17 16 | 10
#0822-d274 @A: 06 17 27 26 | 04
#0823-d274 @A: 29 01 17 26 | 05
#0824-d274 @A: 26 17 33 34 | 12
#0825-d274 @A: 17 25 26 11 | 11
#0826-d274 @A: 12 28 26 17 | 02
#0827-d274 @A: 17 13 04 26 | 09
#0828-d274 @A: 03 15 17 30 | 01
#0829-d274 @A: 17 30 32 25 | 07
#0830-d274 @A: 09 08 30 17 | 06
#0831-d274 @A: 28 27 17 30 | 08
#0832-d274 @A: 14 30 29 17 | 03
#0833-d274 @A: 06 30 33 17 | 10
#0834-d274 @A: 05 12 30 17 | 04
#0835-d274 @A: 34 17 30 13 | 05
#0836-d274 @A: 24 11 30 17 | 12
#0837-d274 @A: 10 30 16 17 | 11
#0838-d274 @A: 30 17 23 11 | 02
#0839-d274 @A: 17 04 32 03 | 09
#0840-d274 @A: 17 06 03 08 | 01
#0841-d274 @A: 27 03 17 02 | 07
#0842-d274 @A: 17 07 29 03 | 06
#0843-d274 @A: 25 09 17 03 | 08
#0844-d274 @A: 17 03 12 16 | 03
#0845-d274 @A: 03 17 13 05 | 10
#0846-d274 @A: 03 28 17 34 | 04
#0847-d274 @A: 24 23 17 03 | 05
#0848-d274 @A: 32 05 27 17 | 12
#0849-d274 @A: 32 29 22 17 | 11
#0850-d274 @A: 32 10 17 33 | 02
#0851-d274 @A: 17 02 32 12 | 09
#0852-d274 @A: 32 13 06 17 | 01
#0853-d274 @A: 11 28 17 32 | 07
#0854-d274 @A: 24 32 17 15 | 06
#0855-d274 @A: 34 17 32 23 | 08
#0856-d274 @A: 17 08 29 02 | 03
#0857-d274 @A: 14 17 08 25 | 10
#0858-d274 @A: 17 15 08 12 | 04
#0859-d274 @A: 13 07 17 08 | 05
#0860-d274 @A: 05 08 17 22 | 12
#0861-d274 @A: 08 10 34 17 | 11
#0862-d274 @A: 08 17 11 04 | 02
#0863-d274 @A: 04 17 29 27 | 09
#0864-d274 @A: 01 33 17 27 | 01
#0865-d274 @A: 27 25 17 10 | 07
#0866-d274 @A: 17 22 12 27 | 06
#0867-d274 @A: 24 27 17 13 | 08
#0868-d274 @A: 16 34 27 17 | 03
#0869-d274 @A: 14 11 17 27 | 10
#0870-d274 @A: 05 23 17 27 | 04
#0871-d274 @A: 33 17 09 29 | 05
#0872-d274 @A: 25 17 29 05 | 12
#0873-d274 @A: 25 29 23 17 | 11
#0874-d274 @A: 12 29 34 17 | 02
#0875-d274 @A: 29 13 17 16 | 09
#0876-d274 @A: 17 25 33 07 | 01
#0877-d274 @A: 14 12 17 33 | 07
#0878-d274 @A: 33 13 15 17 | 06
#0879-d274 @A: 33 04 17 28 | 08
#0880-d274 @A: 05 33 17 24 | 03
#0881-d274 @A: 33 17 23 07 | 10
#0882-d274 @A: 17 13 12 25 | 04
#0883-d274 @A: 25 04 17 22 | 05
#0884-d274 @A: 25 17 34 15 | 12
#0885-d274 @A: 17 02 01 25 | 11
#0886-d274 @A: 17 12 01 06 | 02
#0887-d274 @A: 17 01 09 13 | 09
#0888-d274 @A: 23 01 17 13 | 01
#0889-d274 @A: 28 24 17 01 | 07
#0890-d274 @A: 06 22 17 28 | 06
#0891-d274 @A: 28 14 17 09 | 08
#0892-d274 @A: 28 09 23 17 | 03
#0893-d274 @A: 15 17 05 28 | 10
#0894-d274 @A: 17 02 16 28 | 04
#0895-d274 @A: 22 10 24 17 | 05
#0896-d274 @A: 34 07 24 17 | 12
#0897-d274 @A: 04 17 09 24 | 11
#0898-d274 @A: 16 17 24 06 | 02
#0899-d274 @A: 24 02 14 17 | 09
#0900-d274 @A: 02 17 34 22 | 01
#0901-d274 @A: 15 17 01 22 | 07
#0902-d274 @A: 22 07 17 09 | 06
#0903-d274 @A: 22 17 16 11 | 08
#0904-d274 @A: 22 02 17 23 | 03
#0905-d274 @A: 34 04 17 01 | 10
#0906-d274 @A: 06 34 17 14 | 04
#0907-d274 @A: 11 34 09 17 | 05
#0908-d274 @A: 04 05 17 06 | 12
#0909-d274 @A: 15 17 02 04 | 11
#0910-d274 @A: 04 14 17 10 | 02
#0911-d274 @A: 05 17 07 01 | 09
#0912-d274 @A: 16 14 17 01 | 01
#0913-d274 @A: 17 01 11 10 | 07
#0914-d274 @A: 06 11 07 17 | 06
#0915-d274 @A: 09 06 02 17 | 08
#0916-d274 @A: 10 15 06 17 | 03
#0917-d274 @A: 06 16 23 17 | 10
#0918-d274 @A: 14 15 07 17 | 04
#0919-d274 @A: 07 02 10 17 | 05
#0920-d274 @A: 16 15 17 09 | 12
#0921-d274 @A: 05 09 17 10 | 11
#0922-d274 @A: 15 23 14 17 | 02
#0923-d274 @A: 05 02 11 17 | 09
#0924-d274 @A: 03 18 26 11 | 01
#0925-d274 @A: 32 26 18 15 | 07
#0926-d274 @A: 18 08 26 05 | 06
#0927-d274 @A: 26 27 18 01 | 08
#0928-d274 @A: 18 16 26 29 | 03
#0929-d274 @A: 18 10 33 26 | 10
#0930-d274 @A: 26 18 07 25 | 04
#0931-d274 @A: 26 12 18 09 | 05
#0932-d274 @A: 26 13 22 18 | 12
#0933-d274 @A: 18 04 28 26 | 11
#0934-d274 @A: 18 02 26 34 | 02
#0935-d274 @A: 18 16 26 23 | 09
#0936-d274 @A: 30 14 18 03 | 01
#0937-d274 @A: 30 32 09 18 | 07
#0938-d274 @A: 18 27 16 30 | 06
#0939-d274 @A: 30 18 28 33 | 08
#0940-d274 @A: 30 25 02 18 | 03
#0941-d274 @A: 22 30 18 12 | 10
#0942-d274 @A: 13 15 18 30 | 04
#0943-d274 @A: 30 34 18 07 | 05
#0944-d274 @A: 30 10 04 18 | 12
#0945-d274 @A: 18 11 30 05 | 11
#0946-d274 @A: 07 18 32 03 | 02
#0947-d274 @A: 08 03 18 15 | 09
#0948-d274 @A: 18 06 27 03 | 01
#0949-d274 @A: 27 18 23 03 | 07
#0950-d274 @A: 18 03 29 05 | 06
#0951-d274 @A: 18 03 33 04 | 08
#0952-d274 @A: 18 22 25 03 | 03
#0953-d274 @A: 02 18 12 03 | 10
#0954-d274 @A: 18 03 34 13 | 04
#0955-d274 @A: 27 04 18 32 | 05
#0956-d274 @A: 18 29 24 32 | 12
#0957-d274 @A: 14 32 33 18 | 11
#0958-d274 @A: 32 13 18 12 | 02
#0959-d274 @A: 18 11 22 32 | 09
#0960-d274 @A: 18 32 34 10 | 01
#0961-d274 @A: 18 23 04 32 | 07
#0962-d274 @A: 06 16 18 32 | 06
#0963-d274 @A: 10 18 08 27 | 08
#0964-d274 @A: 08 18 09 29 | 03
#0965-d274 @A: 08 33 01 18 | 10
#0966-d274 @A: 08 25 18 06 | 04
#0967-d274 @A: 16 08 12 18 | 05
#0968-d274 @A: 18 24 08 13 | 12
#0969-d274 @A: 28 08 22 18 | 11
#0970-d274 @A: 18 02 07 08 | 02
#0971-d274 @A: 27 29 18 28 | 09
#0972-d274 @A: 27 18 24 33 | 01
#0973-d274 @A: 25 18 27 05 | 07
#0974-d274 @A: 27 18 12 11 | 06
#0975-d274 @A: 13 14 27 18 | 08
#0976-d274 @A: 18 22 29 33 | 03
#0977-d274 @A: 11 18 25 29 | 10
#0978-d274 @A: 18 29 12 07 | 04
#0979-d274 @A: 18 13 29 02 | 05
#0980-d274 @A: 34 14 29 18 | 12
#0981-d274 @A: 02 23 29 18 | 11
#0982-d274 @A: 18 25 33 34 | 02
#0983-d274 @A: 33 18 15 12 | 09
#0984-d274 @A: 33 18 09 13 | 01
#0985-d274 @A: 33 23 18 13 | 07
#0986-d274 @A: 05 18 33 02 | 06
#0987-d274 @A: 01 12 18 25 | 08
#0988-d274 @A: 16 13 25 18 | 03
#0989-d274 @A: 18 25 14 04 | 10
#0990-d274 @A: 18 10 25 09 | 04
#0991-d274 @A: 06 12 18 24 | 05
#0992-d274 @A: 12 23 18 15 | 12
#0993-d274 @A: 06 18 13 01 | 11
#0994-d274 @A: 24 18 14 28 | 02
#0995-d274 @A: 18 01 28 34 | 09
#0996-d274 @A: 28 18 06 02 | 01
#0997-d274 @A: 18 16 28 09 | 07
#0998-d274 @A: 28 18 11 15 | 06
#0999-d274 @A: 10 28 05 18 | 08
#1000-d274 @A: 22 18 05 24 | 03
#1001-d274 @A: 24 34 04 18 | 10
#1002-d274 @A: 01 24 16 18 | 04
#1003-d274 @A: 07 18 24 15 | 05
#1004-d274 @A: 24 11 18 09 | 12
#1005-d274 @A: 02 10 18 24 | 11
#1006-d274 @A: 34 22 18 16 | 02
#1007-d274 @A: 22 02 04 18 | 09
#1008-d274 @A: 14 18 01 22 | 01
#1009-d274 @A: 06 10 22 18 | 07
#1010-d274 @A: 15 22 18 09 | 06
#1011-d274 @A: 23 09 22 18 | 08
#1012-d274 @A: 01 34 18 23 | 03
#1013-d274 @A: 11 34 18 06 | 10
#1014-d274 @A: 18 09 34 05 | 04
#1015-d274 @A: 05 04 18 01 | 05
#1016-d274 @A: 04 15 18 06 | 12
#1017-d274 @A: 07 04 18 16 | 11
#1018-d274 @A: 07 11 18 01 | 02
#1019-d274 @A: 18 09 01 02 | 09
#1020-d274 @A: 18 01 10 15 | 01
#1021-d274 @A: 07 06 18 05 | 07
#1022-d274 @A: 14 18 06 09 | 06
#1023-d274 @A: 18 07 14 10 | 08
#1024-d274 @A: 18 23 11 07 | 03
#1025-d274 @A: 05 15 16 18 | 10
#1026-d274 @A: 18 16 14 02 | 04
#1027-d274 @A: 16 10 11 18 | 05
#1028-d274 @A: 10 05 23 18 | 12
#1029-d274 @A: 09 03 30 26 | 11
#1030-d274 @A: 32 30 26 01 | 02
#1031-d274 @A: 26 07 08 30 | 09
#1032-d274 @A: 26 15 30 27 | 01
#1033-d274 @A: 29 26 28 30 | 07
#1034-d274 @A: 26 30 16 33 | 06
#1035-d274 @A: 25 30 05 26 | 08
#1036-d274 @A: 26 12 30 02 | 03
#1037-d274 @A: 26 13 30 10 | 10
#1038-d274 @A: 26 28 23 30 | 04
#1039-d274 @A: 04 24 26 30 | 05
#1040-d274 @A: 26 03 22 32 | 12
#1041-d274 @A: 26 01 08 03 | 11
#1042-d274 @A: 03 27 29 26 | 02
#1043-d274 @A: 33 07 26 03 | 09
#1044-d274 @A: 04 03 26 25 | 01
#1045-d274 @A: 03 24 12 26 | 07
#1046-d274 @A: 13 26 02 03 | 06
#1047-d274 @A: 03 26 06 34 | 08
#1048-d274 @A: 03 26 10 16 | 03
#1049-d274 @A: 23 14 03 26 | 10
#1050-d274 @A: 34 26 08 32 | 04
#1051-d274 @A: 27 02 26 32 | 05
#1052-d274 @A: 14 26 32 29 | 12
#1053-d274 @A: 09 26 33 32 | 11
#1054-d274 @A: 32 28 25 26 | 02
#1055-d274 @A: 26 12 10 32 | 09
#1056-d274 @A: 26 24 32 13 | 01
#1057-d274 @A: 08 26 27 11 | 07
#1058-d274 @A: 22 26 08 29 | 06
#1059-d274 @A: 14 33 26 08 | 08
#1060-d274 @A: 04 26 08 12 | 03
#1061-d274 @A: 26 08 06 13 | 10
#1062-d274 @A: 08 10 26 28 | 04
#1063-d274 @A: 16 27 25 26 | 05
#1064-d274 @A: 26 13 27 12 | 12
#1065-d274 @A: 12 26 23 27 | 11
#1066-d274 @A: 14 27 28 26 | 02
#1067-d274 @A: 09 27 26 24 | 09
#1068-d274 @A: 26 07 05 27 | 01
#1069-d274 @A: 25 26 02 29 | 07
#1070-d274 @A: 26 29 11 12 | 06
#1071-d274 @A: 29 13 05 26 | 08
#1072-d274 @A: 26 29 34 09 | 03
#1073-d274 @A: 04 29 06 26 | 10
#1074-d274 @A: 29 10 23 26 | 04
#1075-d274 @A: 26 15 25 33 | 05
#1076-d274 @A: 12 06 26 33 | 12
#1077-d274 @A: 33 13 28 26 | 11
#1078-d274 @A: 22 33 26 02 | 02
#1079-d274 @A: 26 33 04 01 | 09
#1080-d274 @A: 33 09 26 23 | 01
#1081-d274 @A: 25 12 26 34 | 07
#1082-d274 @A: 26 13 14 25 | 06
#1083-d274 @A: 26 25 24 10 | 08
#1084-d274 @A: 23 25 26 24 | 03
#1085-d274 @A: 22 26 06 25 | 10
#1086-d274 @A: 15 12 07 26 | 04
#1087-d274 @A: 11 26 13 07 | 05
#1088-d274 @A: 23 10 13 26 | 12
#1089-d274 @A: 07 24 28 26 | 11
#1090-d274 @A: 22 28 26 16 | 02
#1091-d274 @A: 28 34 15 26 | 09
#1092-d274 @A: 05 26 09 28 | 01
#1093-d274 @A: 11 28 26 02 | 07
#1094-d274 @A: 22 24 11 26 | 06
#1095-d274 @A: 26 24 34 01 | 08
#1096-d274 @A: 15 06 24 26 | 03
#1097-d274 @A: 05 14 26 24 | 10
#1098-d274 @A: 26 34 22 05 | 04
#1099-d274 @A: 15 04 26 22 | 05
#1100-d274 @A: 09 22 01 26 | 12
#1101-d274 @A: 22 10 26 07 | 11
#1102-d274 @A: 15 23 26 22 | 02
#1103-d274 @A: 04 26 07 34 | 09
#1104-d274 @A: 14 34 26 16 | 01
#1105-d274 @A: 10 11 26 34 | 07
#1106-d274 @A: 02 09 26 04 | 06
#1107-d274 @A: 14 04 11 26 | 08
#1108-d274 @A: 04 26 10 05 | 03
#1109-d274 @A: 11 01 26 06 | 10
#1110-d274 @A: 26 01 07 02 | 04
#1111-d274 @A: 26 15 14 01 | 05
#1112-d274 @A: 26 16 05 01 | 12
#1113-d274 @A: 23 02 26 01 | 11
#1114-d274 @A: 06 26 16 07 | 02
#1115-d274 @A: 26 14 10 06 | 09
#1116-d274 @A: 05 02 06 26 | 01
#1117-d274 @A: 11 26 06 23 | 07
#1118-d274 @A: 07 14 26 09 | 06
#1119-d274 @A: 23 07 05 26 | 08
#1120-d274 @A: 10 09 26 15 | 03
#1121-d274 @A: 11 16 09 26 | 10
#1122-d274 @A: 16 15 26 02 | 04
#1123-d274 @A: 26 15 05 11 | 05
#1124-d274 @A: 03 32 30 29 | 12
#1125-d274 @A: 30 08 11 03 | 11
#1126-d274 @A: 27 03 30 10 | 02
#1127-d274 @A: 22 33 30 03 | 09
#1128-d274 @A: 16 30 25 03 | 01
#1129-d274 @A: 12 30 34 03 | 07
#1130-d274 @A: 24 03 13 30 | 06
#1131-d274 @A: 03 16 23 30 | 08
#1132-d274 @A: 05 03 02 30 | 03
#1133-d274 @A: 08 30 32 14 | 10
#1134-d274 @A: 02 30 32 33 | 04
#1135-d274 @A: 32 30 07 12 | 05
#1136-d274 @A: 11 30 13 32 | 12
#1137-d274 @A: 04 30 22 32 | 11
#1138-d274 @A: 30 32 34 05 | 02
#1139-d274 @A: 10 15 30 32 | 09
#1140-d274 @A: 32 23 14 30 | 01
#1141-d274 @A: 30 05 27 08 | 07
#1142-d274 @A: 24 08 30 29 | 06
#1143-d274 @A: 30 08 33 15 | 08
#1144-d274 @A: 23 30 08 25 | 03
#1145-d274 @A: 30 08 10 12 | 10
#1146-d274 @A: 30 08 04 13 | 04
#1147-d274 @A: 30 22 08 02 | 05
#1148-d274 @A: 06 34 08 30 | 12
#1149-d274 @A: 27 07 29 30 | 11
#1150-d274 @A: 14 30 27 33 | 02
#1151-d274 @A: 04 30 25 27 | 09
#1152-d274 @A: 06 12 30 27 | 01
#1153-d274 @A: 22 13 30 27 | 07
#1154-d274 @A: 01 30 23 27 | 06
#1155-d274 @A: 02 27 30 11 | 08
#1156-d274 @A: 01 33 30 29 | 03
#1157-d274 @A: 10 25 30 29 | 10
#1158-d274 @A: 15 30 29 12 | 04
#1159-d274 @A: 12 23 30 29 | 05
#1160-d274 @A: 29 30 06 13 | 12
#1161-d274 @A: 16 34 29 30 | 11
#1162-d274 @A: 29 02 30 04 | 02
#1163-d274 @A: 11 25 30 33 | 09
#1164-d274 @A: 12 24 30 33 | 01
#1165-d274 @A: 05 33 13 30 | 07
#1166-d274 @A: 28 25 30 12 | 06
#1167-d274 @A: 25 13 30 01 | 08
#1168-d274 @A: 34 30 25 24 | 03
#1169-d274 @A: 30 07 25 06 | 10
#1170-d274 @A: 01 09 30 12 | 04
#1171-d274 @A: 09 30 13 14 | 05
#1172-d274 @A: 15 13 23 30 | 12
#1173-d274 @A: 24 02 30 28 | 11
#1174-d274 @A: 11 22 28 30 | 02
#1175-d274 @A: 28 30 34 10 | 09
#1176-d274 @A: 15 30 28 04 | 01
#1177-d274 @A: 30 28 01 14 | 07
#1178-d274 @A: 28 16 06 30 | 06
#1179-d274 @A: 05 07 30 28 | 08
#1180-d274 @A: 30 24 23 22 | 03
#1181-d274 @A: 24 01 15 30 | 10
#1182-d274 @A: 06 09 24 30 | 04
#1183-d274 @A: 24 10 30 07 | 05
#1184-d274 @A: 14 16 24 30 | 12
#1185-d274 @A: 30 22 09 34 | 11
#1186-d274 @A: 07 22 30 01 | 02
#1187-d274 @A: 22 30 15 06 | 09
#1188-d274 @A: 22 05 30 16 | 01
#1189-d274 @A: 22 14 10 30 | 07
#1190-d274 @A: 04 14 30 34 | 06
#1191-d274 @A: 04 34 30 23 | 08
#1192-d274 @A: 01 34 11 30 | 03
#1193-d274 @A: 15 30 02 34 | 10
#1194-d274 @A: 01 04 16 30 | 04
#1195-d274 @A: 04 06 11 30 | 05
#1196-d274 @A: 04 09 30 05 | 12
#1197-d274 @A: 06 30 02 01 | 11
#1198-d274 @A: 30 10 05 01 | 02
#1199-d274 @A: 14 05 06 30 | 09
#1200-d274 @A: 15 09 07 30 | 01
#1201-d274 @A: 30 11 16 07 | 07
#1202-d274 @A: 07 02 30 14 | 06
#1203-d274 @A: 09 02 30 16 | 08
#1204-d274 @A: 30 11 09 10 | 03
#1205-d274 @A: 30 23 02 09 | 10
#1206-d274 @A: 15 14 30 11 | 04
#1207-d274 @A: 02 08 32 03 | 05
#1208-d274 @A: 32 03 27 16 | 12
#1209-d274 @A: 25 01 32 03 | 11
#1210-d274 @A: 32 12 11 03 | 02
#1211-d274 @A: 03 12 32 23 | 09
#1212-d274 @A: 32 03 13 09 | 01
#1213-d274 @A: 28 05 03 32 | 07
#1214-d274 @A: 24 03 10 32 | 06
#1215-d274 @A: 09 08 27 03 | 08
#1216-d274 @A: 08 04 03 29 | 03
#1217-d274 @A: 03 33 34 08 | 10
#1218-d274 @A: 08 03 23 33 | 04
#1219-d274 @A: 24 08 25 03 | 05
#1220-d274 @A: 08 12 05 03 | 12
#1221-d274 @A: 13 03 28 08 | 11
#1222-d274 @A: 27 33 03 05 | 02
#1223-d274 @A: 28 27 25 03 | 09
#1224-d274 @A: 12 07 27 03 | 01
#1225-d274 @A: 03 27 13 04 | 07
#1226-d274 @A: 34 24 27 03 | 06
#1227-d274 @A: 03 27 11 01 | 08
#1228-d274 @A: 15 03 33 29 | 03
#1229-d274 @A: 12 03 29 06 | 10
#1230-d274 @A: 03 29 01 13 | 04
#1231-d274 @A: 29 03 28 14 | 05
#1232-d274 @A: 24 29 03 02 | 12
#1233-d274 @A: 29 09 16 03 | 11
#1234-d274 @A: 03 10 33 25 | 02
#1235-d274 @A: 12 33 03 09 | 09
#1236-d274 @A: 03 33 14 13 | 01
#1237-d274 @A: 16 33 28 03 | 07
#1238-d274 @A: 01 03 24 33 | 06
#1239-d274 @A: 02 33 03 06 | 08
#1240-d274 @A: 14 25 03 12 | 03
#1241-d274 @A: 11 13 25 03 | 10
#1242-d274 @A: 25 05 03 06 | 04
#1243-d274 @A: 03 07 23 25 | 05
#1244-d274 @A: 03 12 22 15 | 12
#1245-d274 @A: 07 15 03 13 | 11
#1246-d274 @A: 11 13 03 23 | 02
#1247-d274 @A: 28 24 22 03 | 09
#1248-d274 @A: 04 03 09 28 | 01
#1249-d274 @A: 28 03 06 11 | 07
#1250-d274 @A: 06 03 23 28 | 06
#1251-d274 @A: 07 03 10 28 | 08
#1252-d274 @A: 03 02 28 15 | 03
#1253-d274 @A: 04 03 24 16 | 10
#1254-d274 @A: 07 24 06 03 | 04
#1255-d274 @A: 09 03 05 24 | 05
#1256-d274 @A: 03 15 14 24 | 12
#1257-d274 @A: 03 22 34 10 | 11
#1258-d274 @A: 22 03 04 07 | 02
#1259-d274 @A: 01 22 03 05 | 09
#1260-d274 @A: 01 22 03 23 | 01
#1261-d274 @A: 09 06 03 22 | 07
#1262-d274 @A: 03 22 14 16 | 06
#1263-d274 @A: 11 02 03 22 | 08
#1264-d274 @A: 03 05 34 04 | 03
#1265-d274 @A: 03 01 16 34 | 10
#1266-d274 @A: 03 34 09 07 | 04
#1267-d274 @A: 11 03 15 34 | 05
#1268-d274 @A: 01 03 02 04 | 12
#1269-d274 @A: 03 14 06 04 | 11
#1270-d274 @A: 03 09 23 04 | 02
#1271-d274 @A: 04 11 03 10 | 09
#1272-d274 @A: 06 03 01 10 | 01
#1273-d274 @A: 07 03 01 14 | 07
#1274-d274 @A: 01 09 03 15 | 06
#1275-d274 @A: 16 15 03 06 | 08
#1276-d274 @A: 16 02 03 07 | 03
#1277-d274 @A: 03 11 05 07 | 10
#1278-d274 @A: 03 11 09 14 | 04
#1279-d274 @A: 15 10 03 05 | 05
#1280-d274 @A: 05 15 03 23 | 12
#1281-d274 @A: 02 10 03 14 | 11
#1282-d274 @A: 02 14 03 23 | 02
#1283-d274 @A: 08 27 24 32 | 09
#1284-d274 @A: 29 08 32 10 | 01
#1285-d274 @A: 11 32 08 33 | 07
#1286-d274 @A: 08 32 25 16 | 06
#1287-d274 @A: 08 32 22 12 | 08
#1288-d274 @A: 13 05 08 32 | 03
#1289-d274 @A: 15 32 08 28 | 10
#1290-d274 @A: 08 01 04 32 | 04
#1291-d274 @A: 23 32 11 08 | 05
#1292-d274 @A: 29 11 27 32 | 12
#1293-d274 @A: 27 32 06 33 | 11
#1294-d274 @A: 27 25 32 14 | 02
#1295-d274 @A: 28 32 27 12 | 09
#1296-d274 @A: 27 13 34 32 | 01
#1297-d274 @A: 01 32 22 27 | 07
#1298-d274 @A: 27 06 32 23 | 06
#1299-d274 @A: 15 09 32 27 | 08
#1300-d274 @A: 29 33 32 34 | 03
#1301-d274 @A: 32 29 25 06 | 10
#1302-d274 @A: 32 04 12 29 | 04
#1303-d274 @A: 13 29 28 32 | 05
#1304-d274 @A: 32 07 29 01 | 12
#1305-d274 @A: 23 07 32 29 | 11
#1306-d274 @A: 25 04 32 33 | 02
#1307-d274 @A: 25 32 23 33 | 09
#1308-d274 @A: 33 32 12 05 | 01
#1309-d274 @A: 13 01 32 33 | 07
#1310-d274 @A: 33 32 22 24 | 06
#1311-d274 @A: 32 12 15 25 | 08
#1312-d274 @A: 10 32 25 13 | 03
#1313-d274 @A: 24 25 32 07 | 10
#1314-d274 @A: 09 32 05 25 | 04
#1315-d274 @A: 32 12 16 14 | 05
#1316-d274 @A: 16 02 13 32 | 12
#1317-d274 @A: 24 32 28 16 | 11
#1318-d274 @A: 22 28 07 32 | 02
#1319-d274 @A: 32 04 34 28 | 09
#1320-d274 @A: 32 28 02 01 | 01
#1321-d274 @A: 09 32 28 06 | 07
#1322-d274 @A: 32 10 28 14 | 06
#1323-d274 @A: 32 34 02 24 | 08
#1324-d274 @A: 01 24 06 32 | 03
#1325-d274 @A: 09 32 24 14 | 10
#1326-d274 @A: 23 15 24 32 | 04
#1327-d274 @A: 32 24 05 11 | 05
#1328-d274 @A: 34 06 22 32 | 12
#1329-d274 @A: 32 09 02 22 | 11
#1330-d274 @A: 22 14 15 32 | 02
#1331-d274 @A: 32 16 22 10 | 09
#1332-d274 @A: 15 32 34 01 | 01
#1333-d274 @A: 34 14 32 07 | 07
#1334-d274 @A: 32 34 16 11 | 06
#1335-d274 @A: 01 23 04 32 | 08
#1336-d274 @A: 32 04 07 06 | 03
#1337-d274 @A: 10 09 32 04 | 10
#1338-d274 @A: 32 15 04 16 | 04
#1339-d274 @A: 05 14 04 32 | 05
#1340-d274 @A: 32 04 11 02 | 12
#1341-d274 @A: 09 01 16 32 | 11
#1342-d274 @A: 32 14 11 01 | 02
#1343-d274 @A: 32 06 05 15 | 09
#1344-d274 @A: 32 14 02 06 | 01
#1345-d274 @A: 11 06 32 10 | 07
#1346-d274 @A: 32 09 11 07 | 06
#1347-d274 @A: 15 32 02 07 | 08
#1348-d274 @A: 07 32 16 05 | 03
#1349-d274 @A: 09 23 32 05 | 10
#1350-d274 @A: 02 32 10 05 | 04
#1351-d274 @A: 32 02 10 23 | 05
#1352-d274 @A: 08 27 14 29 | 12
#1353-d274 @A: 27 08 04 33 | 11
#1354-d274 @A: 25 27 08 01 | 02
#1355-d274 @A: 27 34 12 08 | 09
#1356-d274 @A: 13 27 08 02 | 01
#1357-d274 @A: 06 27 08 15 | 07
#1358-d274 @A: 23 08 27 15 | 06
#1359-d274 @A: 07 33 29 08 | 08
#1360-d274 @A: 08 12 01 29 | 03
#1361-d274 @A: 13 29 15 08 | 10
#1362-d274 @A: 34 08 28 29 | 04
#1363-d274 @A: 14 23 29 08 | 05
#1364-d274 @A: 09 25 08 33 | 12
#1365-d274 @A: 08 33 28 12 | 11
#1366-d274 @A: 33 13 22 08 | 02
#1367-d274 @A: 08 05 06 33 | 09
#1368-d274 @A: 11 25 12 08 | 01
#1369-d274 @A: 08 34 13 25 | 07
#1370-d274 @A: 08 25 22 07 | 06
#1371-d274 @A: 10 08 04 25 | 08
#1372-d274 @A: 15 05 08 25 | 03
#1373-d274 @A: 23 08 22 12 | 10
#1374-d274 @A: 08 09 12 14 | 04
#1375-d274 @A: 23 08 13 06 | 05
#1376-d274 @A: 13 08 16 14 | 12
#1377-d274 @A: 28 24 08 06 | 11
#1378-d274 @A: 07 08 28 04 | 02
#1379-d274 @A: 09 01 08 28 | 09
#1380-d274 @A: 11 28 16 08 | 01
#1381-d274 @A: 02 14 28 08 | 07
#1382-d274 @A: 23 02 08 28 | 06
#1383-d274 @A: 24 22 08 04 | 08
#1384-d274 @A: 34 15 08 24 | 03
#1385-d274 @A: 08 24 23 04 | 10
#1386-d274 @A: 08 02 24 01 | 04
#1387-d274 @A: 08 24 05 07 | 05
#1388-d274 @A: 09 24 16 08 | 12
#1389-d274 @A: 08 10 24 11 | 11
#1390-d274 @A: 08 22 34 14 | 02
#1391-d274 @A: 11 08 06 22 | 09
#1392-d274 @A: 10 22 09 08 | 01
#1393-d274 @A: 16 22 15 08 | 07
#1394-d274 @A: 04 08 34 09 | 06
#1395-d274 @A: 05 01 34 08 | 08
#1396-d274 @A: 34 07 16 08 | 03
#1397-d274 @A: 02 08 11 34 | 10
#1398-d274 @A: 15 04 14 08 | 04
#1399-d274 @A: 16 04 08 05 | 05
#1400-d274 @A: 01 06 14 08 | 12
#1401-d274 @A: 15 07 08 01 | 11
#1402-d274 @A: 23 09 01 08 | 02
#1403-d274 @A: 01 10 16 08 | 09
#1404-d274 @A: 09 08 06 07 | 01
#1405-d274 @A: 06 16 02 08 | 07
#1406-d274 @A: 16 23 08 07 | 06
#1407-d274 @A: 08 07 11 14 | 08
#1408-d274 @A: 09 15 11 08 | 03
#1409-d274 @A: 05 08 02 09 | 10
#1410-d274 @A: 15 02 08 10 | 04
#1411-d274 @A: 08 14 05 10 | 05
#1412-d274 @A: 02 23 05 08 | 12
#1413-d274 @A: 25 22 29 27 | 11
#1414-d274 @A: 27 16 29 12 | 02
#1415-d274 @A: 13 27 09 29 | 09
#1416-d274 @A: 27 34 01 29 | 01
#1417-d274 @A: 27 29 02 15 | 07
#1418-d274 @A: 27 23 16 29 | 06
#1419-d274 @A: 02 27 25 33 | 08
#1420-d274 @A: 12 33 27 10 | 03
#1421-d274 @A: 13 07 33 27 | 10
#1422-d274 @A: 27 33 22 28 | 04
#1423-d274 @A: 23 33 24 27 | 05
#1424-d274 @A: 27 33 15 16 | 12
#1425-d274 @A: 27 09 12 25 | 11
#1426-d274 @A: 27 13 15 25 | 02
#1427-d274 @A: 25 13 27 23 | 09
#1428-d274 @A: 27 23 34 12 | 01
#1429-d274 @A: 05 12 04 27 | 07
#1430-d274 @A: 27 13 05 10 | 06
#1431-d274 @A: 28 27 05 24 | 08
#1432-d274 @A: 27 34 28 02 | 03
#1433-d274 @A: 28 27 11 04 | 10
#1434-d274 @A: 15 28 27 01 | 04
#1435-d274 @A: 27 10 28 06 | 05
#1436-d274 @A: 07 09 27 28 | 12
#1437-d274 @A: 27 24 06 22 | 11
#1438-d274 @A: 27 24 04 02 | 02
#1439-d274 @A: 27 24 14 07 | 09
#1440-d274 @A: 24 27 15 10 | 01
#1441-d274 @A: 27 16 24 11 | 07
#1442-d274 @A: 07 34 27 22 | 06
#1443-d274 @A: 04 27 22 09 | 08
#1444-d274 @A: 22 09 27 23 | 03
#1445-d274 @A: 05 15 22 27 | 10
#1446-d274 @A: 02 27 22 14 | 04
#1447-d274 @A: 11 10 27 22 | 05
#1448-d274 @A: 27 04 15 34 | 12
#1449-d274 @A: 09 27 06 34 | 11
#1450-d274 @A: 27 34 10 14 | 02
#1451-d274 @A: 05 27 34 11 | 09
#1452-d274 @A: 06 27 01 04 | 01
#1453-d274 @A: 10 27 04 07 | 07
#1454-d274 @A: 14 04 16 27 | 06
#1455-d274 @A: 16 07 27 01 | 08
#1456-d274 @A: 10 09 27 01 | 03
#1457-d274 @A: 05 01 27 02 | 10
#1458-d274 @A: 27 02 06 07 | 04
#1459-d274 @A: 27 06 05 16 | 05
#1460-d274 @A: 15 07 27 11 | 12
#1461-d274 @A: 05 27 14 09 | 11
#1462-d274 @A: 10 16 02 27 | 02
#1463-d274 @A: 14 10 23 27 | 09
#1464-d274 @A: 11 27 23 02 | 01
#1465-d274 @A: 29 25 33 28 | 07
#1466-d274 @A: 33 13 29 12 | 06
#1467-d274 @A: 24 16 33 29 | 08
#1468-d274 @A: 14 06 33 29 | 03
#1469-d274 @A: 06 29 23 33 | 10
#1470-d274 @A: 10 33 29 11 | 04
#1471-d274 @A: 24 12 25 29 | 05
#1472-d274 @A: 13 29 04 25 | 12
#1473-d274 @A: 25 14 29 07 | 11
#1474-d274 @A: 29 15 09 25 | 02
#1475-d274 @A: 29 12 05 10 | 09
#1476-d274 @A: 22 10 13 29 | 01
#1477-d274 @A: 04 28 29 24 | 07
#1478-d274 @A: 02 28 29 22 | 06
#1479-d274 @A: 11 28 01 29 | 08
#1480-d274 @A: 29 28 06 05 | 03
#1481-d274 @A: 29 09 28 10 | 10
#1482-d274 @A: 28 15 29 16 | 04
#1483-d274 @A: 24 29 22 01 | 05
#1484-d274 @A: 05 24 34 29 | 12
#1485-d274 @A: 29 01 24 23 | 11
#1486-d274 @A: 06 29 10 24 | 02
#1487-d274 @A: 29 07 09 24 | 09
#1488-d274 @A: 14 29 11 24 | 01
#1489-d274 @A: 34 29 22 15 | 07
#1490-d274 @A: 22 16 29 04 | 06
#1491-d274 @A: 04 23 29 22 | 08
#1492-d274 @A: 29 22 06 07 | 03
#1493-d274 @A: 14 09 29 22 | 10
#1494-d274 @A: 11 05 29 22 | 04
#1495-d274 @A: 34 29 10 04 | 05
#1496-d274 @A: 02 06 34 29 | 12
#1497-d274 @A: 11 07 34 29 | 11
#1498-d274 @A: 29 14 04 01 | 02
#1499-d274 @A: 07 29 05 04 | 09
#1500-d274 @A: 04 11 29 15 | 01
#1501-d274 @A: 06 01 29 15 | 07
#1502-d274 @A: 09 29 05 01 | 06
#1503-d274 @A: 29 01 23 05 | 08
#1504-d274 @A: 10 01 29 02 | 03
#1505-d274 @A: 06 16 29 11 | 10
#1506-d274 @A: 29 15 10 07 | 04
#1507-d274 @A: 29 02 11 09 | 05
#1508-d274 @A: 29 23 09 11 | 12
#1509-d274 @A: 14 29 15 05 | 11
#1510-d274 @A: 10 29 16 14 | 02
#1511-d274 @A: 16 02 29 05 | 09
#1512-d274 @A: 22 12 33 25 | 01
#1513-d274 @A: 13 25 06 33 | 07
#1514-d274 @A: 11 07 33 12 | 06
#1515-d274 @A: 11 13 34 33 | 08
#1516-d274 @A: 34 28 33 24 | 03
#1517-d274 @A: 28 33 01 10 | 10
#1518-d274 @A: 02 28 07 33 | 04
#1519-d274 @A: 11 09 28 33 | 05
#1520-d274 @A: 28 05 33 14 | 12
#1521-d274 @A: 05 33 23 28 | 11
#1522-d274 @A: 04 07 33 24 | 02
#1523-d274 @A: 11 24 33 06 | 09
#1524-d274 @A: 02 15 33 24 | 01
#1525-d274 @A: 14 33 24 10 | 07
#1526-d274 @A: 23 24 33 02 | 06
#1527-d274 @A: 33 04 22 34 | 08
#1528-d274 @A: 22 01 16 33 | 03
#1529-d274 @A: 14 22 33 07 | 10
#1530-d274 @A: 22 11 33 15 | 04
#1531-d274 @A: 22 33 14 23 | 05
#1532-d274 @A: 10 22 05 33 | 12
#1533-d274 @A: 09 33 01 34 | 11
#1534-d274 @A: 34 33 06 15 | 02
#1535-d274 @A: 07 34 10 33 | 09
#1536-d274 @A: 05 16 34 33 | 01
#1537-d274 @A: 02 33 14 34 | 07
#1538-d274 @A: 34 23 33 10 | 06
#1539-d274 @A: 09 33 04 06 | 08
#1540-d274 @A: 04 10 33 15 | 03
#1541-d274 @A: 23 33 04 15 | 10
#1542-d274 @A: 04 16 02 33 | 04
#1543-d274 @A: 33 04 05 11 | 05
#1544-d274 @A: 06 01 33 07 | 12
#1545-d274 @A: 16 33 01 23 | 11
#1546-d274 @A: 02 11 33 01 | 02
#1547-d274 @A: 33 16 06 10 | 09
#1548-d274 @A: 09 33 16 07 | 01
#1549-d274 @A: 33 07 15 05 | 07
#1550-d274 @A: 15 33 09 14 | 06
#1551-d274 @A: 09 33 02 10 | 08
#1552-d274 @A: 16 14 11 33 | 03
#1553-d274 @A: 25 23 01 12 | 10
#1554-d274 @A: 16 25 02 12 | 04
#1555-d274 @A: 28 25 13 02 | 05
#1556-d274 @A: 25 09 24 28 | 12
#1557-d274 @A: 10 25 22 28 | 11
#1558-d274 @A: 25 28 05 34 | 02
#1559-d274 @A: 25 28 06 04 | 09
#1560-d274 @A: 01 25 16 28 | 01
#1561-d274 @A: 07 28 11 25 | 07
#1562-d274 @A: 28 15 25 14 | 06
#1563-d274 @A: 25 24 22 16 | 08
#1564-d274 @A: 24 25 04 05 | 03
#1565-d274 @A: 14 24 01 25 | 10
#1566-d274 @A: 25 06 24 02 | 04
#1567-d274 @A: 11 25 24 15 | 05
#1568-d274 @A: 22 01 25 34 | 12
#1569-d274 @A: 06 22 25 23 | 11
#1570-d274 @A: 02 15 25 22 | 02
#1571-d274 @A: 22 05 25 14 | 09
#1572-d274 @A: 04 02 34 25 | 01
#1573-d274 @A: 34 25 06 10 | 07
#1574-d274 @A: 09 16 34 25 | 06
#1575-d274 @A: 34 14 11 25 | 08
#1576-d274 @A: 23 11 25 34 | 03
#1577-d274 @A: 25 15 04 01 | 10
#1578-d274 @A: 09 07 25 04 | 04
#1579-d274 @A: 11 16 25 04 | 05
#1580-d274 @A: 02 25 23 04 | 12
#1581-d274 @A: 01 09 06 25 | 11
#1582-d274 @A: 10 01 25 07 | 02
#1583-d274 @A: 11 25 01 05 | 09
#1584-d274 @A: 06 25 14 16 | 01
#1585-d274 @A: 10 25 06 23 | 07
#1586-d274 @A: 07 25 15 16 | 06
#1587-d274 @A: 25 05 07 02 | 08
#1588-d274 @A: 09 02 14 25 | 03
#1589-d274 @A: 25 23 16 15 | 10
#1590-d274 @A: 16 25 10 05 | 04
#1591-d274 @A: 25 02 11 10 | 05
#1592-d274 @A: 09 12 13 28 | 12
#1593-d274 @A: 14 24 13 12 | 11
#1594-d274 @A: 22 13 34 12 | 02
#1595-d274 @A: 13 04 15 12 | 09
#1596-d274 @A: 02 13 01 12 | 01
#1597-d274 @A: 06 12 13 16 | 07
#1598-d274 @A: 07 13 12 05 | 06
#1599-d274 @A: 10 11 13 12 | 08
#1600-d274 @A: 12 28 23 24 | 03
#1601-d274 @A: 12 22 04 28 | 10
#1602-d274 @A: 06 12 34 28 | 04
#1603-d274 @A: 05 01 12 28 | 05
#1604-d274 @A: 07 12 28 16 | 12
#1605-d274 @A: 10 15 12 28 | 11
#1606-d274 @A: 11 14 12 28 | 02
#1607-d274 @A: 24 22 12 07 | 09
#1608-d274 @A: 24 12 16 34 | 01
#1609-d274 @A: 12 04 01 24 | 07
#1610-d274 @A: 24 10 12 09 | 06
#1611-d274 @A: 05 12 24 15 | 08
#1612-d274 @A: 11 12 24 02 | 03
#1613-d274 @A: 22 12 01 11 | 10
#1614-d274 @A: 14 12 22 06 | 04
#1615-d274 @A: 12 09 16 22 | 05
#1616-d274 @A: 12 02 05 22 | 12
#1617-d274 @A: 01 12 07 34 | 11
#1618-d274 @A: 09 15 12 34 | 02
#1619-d274 @A: 12 14 34 05 | 09
#1620-d274 @A: 10 02 12 34 | 01
#1621-d274 @A: 02 04 12 06 | 07
#1622-d274 @A: 12 07 14 04 | 06
#1623-d274 @A: 04 09 11 12 | 08
#1624-d274 @A: 10 12 04 16 | 03
#1625-d274 @A: 12 23 04 10 | 10
#1626-d274 @A: 01 15 12 16 | 04
#1627-d274 @A: 10 14 12 01 | 05
#1628-d274 @A: 12 06 10 07 | 12
#1629-d274 @A: 05 09 06 12 | 11
#1630-d274 @A: 06 23 09 12 | 02
#1631-d274 @A: 11 15 06 12 | 09
#1632-d274 @A: 12 07 02 09 | 01
#1633-d274 @A: 12 15 02 14 | 07
#1634-d274 @A: 23 12 14 16 | 06
#1635-d274 @A: 11 12 16 05 | 08
#1636-d274 @A: 05 11 23 12 | 03
#1637-d274 @A: 01 13 28 22 | 10
#1638-d274 @A: 13 34 28 07 | 04
#1639-d274 @A: 28 13 04 14 | 05
#1640-d274 @A: 13 06 28 15 | 12
#1641-d274 @A: 28 10 13 16 | 11
#1642-d274 @A: 16 23 28 13 | 02
#1643-d274 @A: 13 11 05 28 | 09
#1644-d274 @A: 02 24 22 13 | 01
#1645-d274 @A: 34 24 10 13 | 07
#1646-d274 @A: 11 13 04 24 | 06
#1647-d274 @A: 24 07 01 13 | 08
#1648-d274 @A: 09 13 24 15 | 03
#1649-d274 @A: 24 13 23 09 | 10
#1650-d274 @A: 05 24 13 16 | 04
#1651-d274 @A: 22 04 13 06 | 05
#1652-d274 @A: 22 16 07 13 | 12
#1653-d274 @A: 09 13 22 05 | 11
#1654-d274 @A: 22 13 14 11 | 02
#1655-d274 @A: 13 34 14 01 | 09
#1656-d274 @A: 34 05 06 13 | 01
#1657-d274 @A: 09 13 02 34 | 07
#1658-d274 @A: 34 13 15 16 | 06
#1659-d274 @A: 23 13 02 34 | 08
#1660-d274 @A: 01 10 04 13 | 03
#1661-d274 @A: 07 04 02 13 | 10
#1662-d274 @A: 13 04 09 16 | 04
#1663-d274 @A: 15 01 13 05 | 05
#1664-d274 @A: 13 11 16 01 | 12
#1665-d274 @A: 06 07 13 14 | 11
#1666-d274 @A: 13 06 11 09 | 02
#1667-d274 @A: 13 06 02 10 | 09
#1668-d274 @A: 13 09 10 07 | 01
#1669-d274 @A: 13 07 14 23 | 07
#1670-d274 @A: 14 10 13 15 | 06
#1671-d274 @A: 11 13 02 15 | 08
#1672-d274 @A: 05 14 02 13 | 03
#1673-d274 @A: 23 22 07 28 | 10
#1674-d274 @A: 34 14 28 23 | 04
#1675-d274 @A: 11 28 23 04 | 05
#1676-d274 @A: 28 23 01 10 | 12
#1677-d274 @A: 15 11 23 28 | 11
#1678-d274 @A: 23 06 05 24 | 02
#1679-d274 @A: 10 24 16 23 | 09
#1680-d274 @A: 11 23 24 14 | 01
#1681-d274 @A: 16 23 22 34 | 07
#1682-d274 @A: 11 10 23 22 | 06
#1683-d274 @A: 34 23 09 07 | 08
#1684-d274 @A: 16 05 34 23 | 03
#1685-d274 @A: 04 07 23 06 | 10
#1686-d274 @A: 05 23 14 04 | 04
#1687-d274 @A: 15 07 01 23 | 05
#1688-d274 @A: 23 15 06 02 | 12
#1689-d274 @A: 15 09 23 10 | 11
