#0001-d300 @A: 18 17 24 07 | 08
#0002-d300 @A: 17 24 14 11 | 01
#0003-d300 @A: 06 05 17 24 | 11
#0004-d300 @A: 15 34 17 24 | 06
#0005-d300 @A: 17 24 08 01 | 10
#0006-d300 @A: 24 16 13 17 | 12
#0007-d300 @A: 32 21 17 24 | 07
#0008-d300 @A: 27 24 17 02 | 09
#0009-d300 @A: 17 25 24 28 | 02
#0010-d300 @A: 24 09 17 10 | 04
#0011-d300 @A: 35 19 17 24 | 05
#0012-d300 @A: 17 29 33 24 | 03
#0013-d300 @A: 17 24 30 23 | 08
#0014-d300 @A: 22 24 31 17 | 01
#0015-d300 @A: 24 17 12 08 | 11
#0016-d300 @A: 24 26 20 17 | 06
#0017-d300 @A: 24 17 03 04 | 10
#0018-d300 @A: 18 24 08 11 | 12
#0019-d300 @A: 24 06 18 21 | 07
#0020-d300 @A: 18 24 03 34 | 09
#0021-d300 @A: 24 18 01 13 | 02
#0022-d300 @A: 05 18 15 24 | 04
#0023-d300 @A: 24 18 09 32 | 05
#0024-d300 @A: 18 25 24 27 | 03
#0025-d300 @A: 26 24 18 02 | 08
#0026-d300 @A: 24 18 31 10 | 01
#0027-d300 @A: 19 18 24 29 | 11
#0028-d300 @A: 18 24 33 04 | 06
#0029-d300 @A: 24 23 18 14 | 10
#0030-d300 @A: 22 18 28 24 | 12
#0031-d300 @A: 18 35 24 16 | 07
#0032-d300 @A: 30 20 18 24 | 09
#0033-d300 @A: 24 30 18 12 | 02
#0034-d300 @A: 06 11 20 24 | 04
#0035-d300 @A: 09 34 11 24 | 05
#0036-d300 @A: 24 01 11 21 | 03
#0037-d300 @A: 24 26 11 13 | 08
#0038-d300 @A: 11 24 30 15 | 01
#0039-d300 @A: 07 32 11 24 | 11
#0040-d300 @A: 11 27 24 35 | 06
#0041-d300 @A: 02 11 24 03 | 10
#0042-d300 @A: 24 05 11 25 | 12
#0043-d300 @A: 29 11 10 24 | 07
#0044-d300 @A: 24 11 19 16 | 09
#0045-d300 @A: 33 24 28 11 | 02
#0046-d300 @A: 31 11 24 23 | 04
#0047-d300 @A: 22 11 04 24 | 05
#0048-d300 @A: 24 12 21 11 | 03
#0049-d300 @A: 34 06 24 14 | 08
#0050-d300 @A: 06 24 19 01 | 01
#0051-d300 @A: 06 13 24 30 | 11
#0052-d300 @A: 06 07 15 24 | 06
#0053-d300 @A: 28 32 06 24 | 10
#0054-d300 @A: 24 06 27 08 | 12
#0055-d300 @A: 02 31 06 24 | 07
#0056-d300 @A: 06 25 29 24 | 09
#0057-d300 @A: 12 06 25 24 | 02
#0058-d300 @A: 10 03 06 24 | 04
#0059-d300 @A: 06 24 33 09 | 05
#0060-d300 @A: 06 26 24 23 | 03
#0061-d300 @A: 06 35 24 22 | 08
#0062-d300 @A: 06 04 16 24 | 01
#0063-d300 @A: 24 33 34 01 | 11
#0064-d300 @A: 24 13 34 31 | 06
#0065-d300 @A: 32 24 08 34 | 10
#0066-d300 @A: 04 34 27 24 | 12
#0067-d300 @A: 34 02 29 24 | 07
#0068-d300 @A: 34 24 16 25 | 09
#0069-d300 @A: 10 05 24 34 | 02
#0070-d300 @A: 19 30 34 24 | 04
#0071-d300 @A: 21 23 24 34 | 05
#0072-d300 @A: 34 22 24 07 | 03
#0073-d300 @A: 35 24 34 26 | 08
#0074-d300 @A: 24 34 20 28 | 01
#0075-d300 @A: 12 34 05 24 | 11
#0076-d300 @A: 24 15 01 14 | 06
#0077-d300 @A: 24 01 32 20 | 10
#0078-d300 @A: 29 24 01 27 | 12
#0079-d300 @A: 24 35 01 02 | 07
#0080-d300 @A: 12 02 24 01 | 09
#0081-d300 @A: 01 25 24 07 | 02
#0082-d300 @A: 10 24 04 01 | 04
#0083-d300 @A: 23 01 28 24 | 05
#0084-d300 @A: 22 24 01 05 | 03
#0085-d300 @A: 26 16 24 01 | 08
#0086-d300 @A: 03 31 24 01 | 01
#0087-d300 @A: 01 24 30 09 | 11
#0088-d300 @A: 35 15 13 24 | 06
#0089-d300 @A: 13 29 24 32 | 10
#0090-d300 @A: 27 13 14 24 | 12
#0091-d300 @A: 13 07 02 24 | 07
#0092-d300 @A: 09 24 13 25 | 09
#0093-d300 @A: 10 08 13 24 | 02
#0094-d300 @A: 13 19 28 24 | 04
#0095-d300 @A: 21 13 24 33 | 05
#0096-d300 @A: 23 20 24 13 | 03
#0097-d300 @A: 03 22 24 13 | 08
#0098-d300 @A: 24 12 13 09 | 01
#0099-d300 @A: 13 05 24 04 | 11
#0100-d300 @A: 32 15 24 04 | 06
#0101-d300 @A: 24 20 15 27 | 10
#0102-d300 @A: 33 24 02 15 | 12
#0103-d300 @A: 24 15 08 25 | 07
#0104-d300 @A: 15 10 24 26 | 09
#0105-d300 @A: 19 24 03 15 | 02
#0106-d300 @A: 15 23 24 22 | 04
#0107-d300 @A: 21 15 24 29 | 05
#0108-d300 @A: 16 15 24 09 | 03
#0109-d300 @A: 24 12 15 16 | 08
#0110-d300 @A: 24 15 28 31 | 01
#0111-d300 @A: 24 19 27 32 | 11
#0112-d300 @A: 16 24 02 32 | 06
#0113-d300 @A: 24 26 32 25 | 10
#0114-d300 @A: 10 24 32 30 | 12
#0115-d300 @A: 32 24 31 33 | 07
#0116-d300 @A: 23 24 05 32 | 09
#0117-d300 @A: 32 24 14 22 | 02
#0118-d300 @A: 32 24 03 35 | 04
#0119-d300 @A: 32 12 24 03 | 05
#0120-d300 @A: 27 10 24 21 | 03
#0121-d300 @A: 24 33 27 07 | 08
#0122-d300 @A: 23 03 24 27 | 01
#0123-d300 @A: 27 22 24 09 | 11
#0124-d300 @A: 24 22 27 12 | 06
#0125-d300 @A: 24 28 27 26 | 10
#0126-d300 @A: 24 27 05 16 | 12
#0127-d300 @A: 31 27 30 24 | 07
#0128-d300 @A: 20 02 25 24 | 09
#0129-d300 @A: 02 10 28 24 | 02
#0130-d300 @A: 19 02 05 24 | 04
#0131-d300 @A: 08 24 02 23 | 05
#0132-d300 @A: 02 24 21 22 | 03
#0133-d300 @A: 14 24 09 02 | 08
#0134-d300 @A: 04 24 02 30 | 01
#0135-d300 @A: 14 24 25 10 | 11
#0136-d300 @A: 19 24 25 21 | 06
#0137-d300 @A: 33 24 25 03 | 10
#0138-d300 @A: 25 24 04 23 | 12
#0139-d300 @A: 30 25 22 24 | 07
#0140-d300 @A: 31 25 35 24 | 09
#0141-d300 @A: 19 07 10 24 | 02
#0142-d300 @A: 20 24 33 10 | 04
#0143-d300 @A: 23 35 10 24 | 05
#0144-d300 @A: 16 22 24 10 | 03
#0145-d300 @A: 10 12 29 24 | 08
#0146-d300 @A: 33 08 19 24 | 01
#0147-d300 @A: 23 09 24 19 | 11
#0148-d300 @A: 12 19 23 24 | 06
#0149-d300 @A: 22 20 24 19 | 10
#0150-d300 @A: 14 24 26 19 | 12
#0151-d300 @A: 31 04 19 24 | 07
#0152-d300 @A: 24 23 16 33 | 09
#0153-d300 @A: 24 33 26 22 | 02
#0154-d300 @A: 24 30 14 33 | 04
#0155-d300 @A: 33 24 35 05 | 05
#0156-d300 @A: 24 33 35 12 | 03
#0157-d300 @A: 29 23 24 07 | 08
#0158-d300 @A: 08 22 29 24 | 01
#0159-d300 @A: 24 26 29 03 | 11
#0160-d300 @A: 29 24 28 09 | 06
#0161-d300 @A: 04 14 24 29 | 10
#0162-d300 @A: 29 24 31 16 | 12
#0163-d300 @A: 24 29 20 35 | 07
#0164-d300 @A: 29 05 24 30 | 09
#0165-d300 @A: 26 24 31 08 | 02
#0166-d300 @A: 30 03 24 08 | 04
#0167-d300 @A: 08 05 24 09 | 05
#0168-d300 @A: 24 08 28 04 | 03
#0169-d300 @A: 24 14 08 35 | 08
#0170-d300 @A: 16 08 24 20 | 01
#0171-d300 @A: 08 07 21 24 | 11
#0172-d300 @A: 24 04 26 09 | 06
#0173-d300 @A: 21 30 24 26 | 10
#0174-d300 @A: 28 24 26 12 | 12
#0175-d300 @A: 26 05 24 07 | 07
#0176-d300 @A: 09 24 03 20 | 09
#0177-d300 @A: 14 24 03 16 | 02
#0178-d300 @A: 05 03 24 21 | 04
#0179-d300 @A: 31 03 24 12 | 05
#0180-d300 @A: 24 03 28 07 | 03
#0181-d300 @A: 24 21 31 09 | 08
#0182-d300 @A: 07 35 09 24 | 01
#0183-d300 @A: 14 12 24 04 | 11
#0184-d300 @A: 35 24 04 21 | 06
#0185-d300 @A: 07 20 04 24 | 10
#0186-d300 @A: 14 20 21 24 | 12
#0187-d300 @A: 31 07 24 14 | 07
#0188-d300 @A: 24 28 05 14 | 09
#0189-d300 @A: 24 16 28 21 | 02
#0190-d300 @A: 24 16 30 07 | 04
#0191-d300 @A: 20 31 05 24 | 05
#0192-d300 @A: 24 07 20 12 | 03
#0193-d300 @A: 35 24 28 30 | 08
#0194-d300 @A: 17 11 29 18 | 01
#0195-d300 @A: 06 18 08 17 | 11
#0196-d300 @A: 18 21 17 34 | 06
#0197-d300 @A: 28 17 01 18 | 10
#0198-d300 @A: 13 17 18 03 | 12
#0199-d300 @A: 18 17 26 15 | 07
#0200-d300 @A: 18 32 17 16 | 09
#0201-d300 @A: 27 17 05 18 | 02
#0202-d300 @A: 31 02 17 18 | 04
#0203-d300 @A: 09 18 17 25 | 05
#0204-d300 @A: 04 17 18 10 | 03
#0205-d300 @A: 19 17 18 14 | 08
#0206-d300 @A: 33 17 18 35 | 01
#0207-d300 @A: 17 18 20 23 | 11
#0208-d300 @A: 17 18 30 22 | 06
#0209-d300 @A: 18 12 17 31 | 10
#0210-d300 @A: 06 11 17 30 | 12
#0211-d300 @A: 34 17 25 11 | 07
#0212-d300 @A: 17 01 11 20 | 09
#0213-d300 @A: 11 13 33 17 | 02
#0214-d300 @A: 15 17 11 03 | 04
#0215-d300 @A: 08 17 11 32 | 05
#0216-d300 @A: 27 11 17 26 | 03
#0217-d300 @A: 11 09 17 02 | 08
#0218-d300 @A: 11 35 17 10 | 01
#0219-d300 @A: 17 19 05 11 | 11
#0220-d300 @A: 17 23 11 28 | 06
#0221-d300 @A: 07 11 22 17 | 10
#0222-d300 @A: 04 17 11 31 | 12
#0223-d300 @A: 11 04 17 12 | 07
#0224-d300 @A: 11 17 16 21 | 09
#0225-d300 @A: 17 35 34 06 | 02
#0226-d300 @A: 06 17 01 04 | 04
#0227-d300 @A: 29 13 06 17 | 05
#0228-d300 @A: 15 17 28 06 | 03
#0229-d300 @A: 17 06 32 14 | 08
#0230-d300 @A: 06 09 17 27 | 01
#0231-d300 @A: 06 02 03 17 | 11
#0232-d300 @A: 25 06 17 07 | 06
#0233-d300 @A: 06 17 26 10 | 10
#0234-d300 @A: 31 17 19 06 | 12
#0235-d300 @A: 17 33 06 20 | 07
#0236-d300 @A: 16 17 23 06 | 09
#0237-d300 @A: 06 22 17 21 | 02
#0238-d300 @A: 12 06 07 17 | 04
#0239-d300 @A: 34 01 14 17 | 05
#0240-d300 @A: 34 17 13 07 | 03
#0241-d300 @A: 34 19 32 17 | 08
#0242-d300 @A: 27 20 34 17 | 01
#0243-d300 @A: 34 17 04 02 | 11
#0244-d300 @A: 10 34 17 29 | 06
#0245-d300 @A: 33 17 08 34 | 10
#0246-d300 @A: 34 23 17 05 | 12
#0247-d300 @A: 12 34 17 23 | 07
#0248-d300 @A: 22 17 34 26 | 09
#0249-d300 @A: 34 03 17 28 | 02
#0250-d300 @A: 16 09 17 34 | 04
#0251-d300 @A: 31 17 34 30 | 05
#0252-d300 @A: 17 01 13 35 | 03
#0253-d300 @A: 15 17 01 02 | 08
#0254-d300 @A: 01 17 32 29 | 01
#0255-d300 @A: 33 27 17 01 | 11
#0256-d300 @A: 01 17 26 25 | 06
#0257-d300 @A: 17 01 10 05 | 10
#0258-d300 @A: 17 01 30 19 | 12
#0259-d300 @A: 23 01 03 17 | 07
#0260-d300 @A: 01 16 17 22 | 09
#0261-d300 @A: 17 01 12 29 | 02
#0262-d300 @A: 09 17 21 01 | 04
#0263-d300 @A: 17 31 01 07 | 05
#0264-d300 @A: 01 35 17 12 | 03
#0265-d300 @A: 14 13 15 17 | 08
#0266-d300 @A: 13 17 32 28 | 01
#0267-d300 @A: 27 30 13 17 | 11
#0268-d300 @A: 17 21 13 02 | 06
#0269-d300 @A: 13 12 17 02 | 10
#0270-d300 @A: 25 05 13 17 | 12
#0271-d300 @A: 10 31 17 13 | 07
#0272-d300 @A: 08 19 17 13 | 09
#0273-d300 @A: 23 13 26 17 | 02
#0274-d300 @A: 04 13 17 22 | 04
#0275-d300 @A: 17 13 20 09 | 05
#0276-d300 @A: 17 15 09 32 | 03
#0277-d300 @A: 27 17 15 08 | 08
#0278-d300 @A: 17 25 04 15 | 01
#0279-d300 @A: 15 10 17 30 | 11
#0280-d300 @A: 19 15 16 17 | 06
#0281-d300 @A: 17 21 15 33 | 10
#0282-d300 @A: 23 17 35 15 | 12
#0283-d300 @A: 15 29 22 17 | 07
#0284-d300 @A: 17 12 15 14 | 09
#0285-d300 @A: 31 20 17 15 | 02
#0286-d300 @A: 17 07 15 05 | 04
#0287-d300 @A: 17 32 27 31 | 05
#0288-d300 @A: 02 26 17 32 | 03
#0289-d300 @A: 32 25 35 17 | 08
#0290-d300 @A: 17 33 10 32 | 01
#0291-d300 @A: 04 32 23 17 | 11
#0292-d300 @A: 32 05 17 22 | 06
#0293-d300 @A: 03 32 17 07 | 10
#0294-d300 @A: 30 32 17 20 | 12
#0295-d300 @A: 12 32 17 05 | 07
#0296-d300 @A: 16 25 27 17 | 09
#0297-d300 @A: 27 17 10 07 | 02
#0298-d300 @A: 29 17 27 19 | 04
#0299-d300 @A: 17 14 23 27 | 05
#0300-d300 @A: 22 17 35 27 | 03
#0301-d300 @A: 17 26 27 12 | 08
#0302-d300 @A: 21 03 27 17 | 01
#0303-d300 @A: 27 04 17 28 | 11
#0304-d300 @A: 17 29 02 25 | 06
#0305-d300 @A: 17 02 14 10 | 10
#0306-d300 @A: 02 17 20 19 | 12
#0307-d300 @A: 07 33 02 17 | 07
#0308-d300 @A: 02 17 22 23 | 09
#0309-d300 @A: 35 08 02 17 | 02
#0310-d300 @A: 02 17 05 16 | 04
#0311-d300 @A: 17 30 02 28 | 05
#0312-d300 @A: 17 10 25 08 | 03
#0313-d300 @A: 25 19 03 17 | 08
#0314-d300 @A: 25 33 14 17 | 01
#0315-d300 @A: 31 25 23 17 | 11
#0316-d300 @A: 22 17 25 20 | 06
#0317-d300 @A: 17 25 12 16 | 10
#0318-d300 @A: 30 21 25 17 | 12
#0319-d300 @A: 19 10 28 17 | 07
#0320-d300 @A: 10 23 21 17 | 09
#0321-d300 @A: 22 10 03 17 | 02
#0322-d300 @A: 17 12 03 10 | 04
#0323-d300 @A: 17 16 20 10 | 05
#0324-d300 @A: 17 04 33 19 | 03
#0325-d300 @A: 19 23 17 07 | 08
#0326-d300 @A: 22 17 19 09 | 01
#0327-d300 @A: 19 17 21 26 | 11
#0328-d300 @A: 30 12 17 19 | 06
#0329-d300 @A: 33 17 23 09 | 10
#0330-d300 @A: 17 22 33 28 | 12
#0331-d300 @A: 33 26 30 17 | 07
#0332-d300 @A: 16 17 33 03 | 09
#0333-d300 @A: 17 33 12 21 | 02
#0334-d300 @A: 31 05 33 17 | 04
#0335-d300 @A: 08 23 17 29 | 05
#0336-d300 @A: 22 08 17 14 | 03
#0337-d300 @A: 28 22 17 12 | 08
#0338-d300 @A: 29 26 31 17 | 01
#0339-d300 @A: 03 29 30 17 | 11
#0340-d300 @A: 17 05 09 29 | 06
#0341-d300 @A: 17 29 16 04 | 10
#0342-d300 @A: 17 29 14 35 | 12
#0343-d300 @A: 17 21 07 29 | 07
#0344-d300 @A: 29 28 20 17 | 09
#0345-d300 @A: 03 08 26 17 | 02
#0346-d300 @A: 09 17 08 31 | 04
#0347-d300 @A: 04 21 08 17 | 05
#0348-d300 @A: 08 16 30 17 | 03
#0349-d300 @A: 20 08 17 07 | 08
#0350-d300 @A: 08 17 05 28 | 01
#0351-d300 @A: 26 09 17 35 | 11
#0352-d300 @A: 26 04 05 17 | 06
#0353-d300 @A: 26 28 14 17 | 10
#0354-d300 @A: 26 07 16 17 | 12
#0355-d300 @A: 17 14 09 03 | 07
#0356-d300 @A: 31 17 35 03 | 09
#0357-d300 @A: 17 03 05 20 | 02
#0358-d300 @A: 09 17 30 04 | 04
#0359-d300 @A: 09 12 20 17 | 05
#0360-d300 @A: 17 09 07 28 | 03
#0361-d300 @A: 17 14 04 20 | 08
#0362-d300 @A: 04 35 17 07 | 01
#0363-d300 @A: 17 31 16 14 | 11
#0364-d300 @A: 17 14 21 05 | 06
#0365-d300 @A: 07 17 14 30 | 10
#0366-d300 @A: 35 28 17 16 | 12
#0367-d300 @A: 28 17 21 31 | 07
#0368-d300 @A: 21 20 17 35 | 09
#0369-d300 @A: 05 35 30 17 | 02
#0370-d300 @A: 11 18 06 10 | 04
#0371-d300 @A: 18 11 34 31 | 05
#0372-d300 @A: 05 11 01 18 | 03
#0373-d300 @A: 16 11 13 18 | 08
#0374-d300 @A: 35 15 11 18 | 01
#0375-d300 @A: 32 18 11 19 | 11
#0376-d300 @A: 18 12 32 11 | 06
#0377-d300 @A: 30 11 18 27 | 10
#0378-d300 @A: 18 21 02 11 | 12
#0379-d300 @A: 28 18 25 11 | 07
#0380-d300 @A: 09 33 11 18 | 09
#0381-d300 @A: 22 11 18 23 | 02
#0382-d300 @A: 26 11 03 18 | 04
#0383-d300 @A: 11 04 18 20 | 05
#0384-d300 @A: 11 14 07 18 | 03
#0385-d300 @A: 06 28 34 18 | 08
#0386-d300 @A: 01 20 18 06 | 01
#0387-d300 @A: 18 09 06 13 | 11
#0388-d300 @A: 15 06 18 04 | 06
#0389-d300 @A: 18 06 32 25 | 10
#0390-d300 @A: 07 27 06 18 | 12
#0391-d300 @A: 18 06 02 35 | 07
#0392-d300 @A: 06 26 19 18 | 09
#0393-d300 @A: 06 33 05 18 | 02
#0394-d300 @A: 06 31 23 18 | 04
#0395-d300 @A: 03 18 06 22 | 05
#0396-d300 @A: 18 30 06 29 | 03
#0397-d300 @A: 26 06 18 12 | 08
#0398-d300 @A: 06 16 14 18 | 01
#0399-d300 @A: 26 18 34 01 | 11
#0400-d300 @A: 18 05 34 13 | 06
#0401-d300 @A: 12 34 13 18 | 10
#0402-d300 @A: 18 34 15 16 | 12
#0403-d300 @A: 34 04 18 32 | 07
#0404-d300 @A: 27 34 18 35 | 09
#0405-d300 @A: 18 02 25 34 | 02
#0406-d300 @A: 10 08 18 34 | 04
#0407-d300 @A: 18 34 07 19 | 05
#0408-d300 @A: 34 33 14 18 | 03
#0409-d300 @A: 30 34 23 18 | 08
#0410-d300 @A: 22 34 29 18 | 01
#0411-d300 @A: 09 34 18 20 | 11
#0412-d300 @A: 01 15 18 08 | 06
#0413-d300 @A: 01 18 32 21 | 10
#0414-d300 @A: 18 27 04 01 | 12
#0415-d300 @A: 01 03 02 18 | 07
#0416-d300 @A: 01 25 31 18 | 09
#0417-d300 @A: 18 10 14 01 | 02
#0418-d300 @A: 18 01 19 16 | 04
#0419-d300 @A: 01 18 33 29 | 05
#0420-d300 @A: 35 18 01 23 | 03
#0421-d300 @A: 18 22 09 01 | 08
#0422-d300 @A: 12 01 18 08 | 01
#0423-d300 @A: 07 30 01 18 | 11
#0424-d300 @A: 30 18 13 15 | 06
#0425-d300 @A: 31 18 32 13 | 10
#0426-d300 @A: 13 28 18 27 | 12
#0427-d300 @A: 18 02 33 13 | 07
#0428-d300 @A: 13 26 18 25 | 09
#0429-d300 @A: 19 13 18 10 | 02
#0430-d300 @A: 23 13 18 04 | 04
#0431-d300 @A: 21 22 13 18 | 05
#0432-d300 @A: 29 13 14 18 | 03
#0433-d300 @A: 18 13 20 08 | 08
#0434-d300 @A: 18 13 35 07 | 01
#0435-d300 @A: 14 15 18 32 | 11
#0436-d300 @A: 27 18 15 29 | 06
#0437-d300 @A: 15 20 02 18 | 10
#0438-d300 @A: 15 03 18 25 | 12
#0439-d300 @A: 10 15 18 28 | 07
#0440-d300 @A: 19 15 18 21 | 09
#0441-d300 @A: 19 12 15 18 | 02
#0442-d300 @A: 33 15 18 31 | 04
#0443-d300 @A: 09 18 23 15 | 05
#0444-d300 @A: 22 18 07 15 | 03
#0445-d300 @A: 27 32 03 18 | 08
#0446-d300 @A: 32 02 05 18 | 01
#0447-d300 @A: 32 18 26 10 | 11
#0448-d300 @A: 07 33 32 18 | 06
#0449-d300 @A: 18 23 29 32 | 10
#0450-d300 @A: 18 22 20 32 | 12
#0451-d300 @A: 32 30 18 08 | 07
#0452-d300 @A: 18 28 35 32 | 09
#0453-d300 @A: 27 18 02 14 | 02
#0454-d300 @A: 27 20 10 18 | 04
#0455-d300 @A: 27 18 19 31 | 05
#0456-d300 @A: 26 18 33 27 | 03
#0457-d300 @A: 23 18 21 27 | 08
#0458-d300 @A: 22 18 27 16 | 01
#0459-d300 @A: 12 18 27 29 | 11
#0460-d300 @A: 08 09 27 18 | 06
#0461-d300 @A: 30 10 02 18 | 10
#0462-d300 @A: 18 19 02 08 | 12
#0463-d300 @A: 02 16 18 23 | 07
#0464-d300 @A: 02 18 22 04 | 09
#0465-d300 @A: 02 28 18 29 | 02
#0466-d300 @A: 07 02 09 18 | 04
#0467-d300 @A: 12 02 05 18 | 05
#0468-d300 @A: 10 18 05 25 | 03
#0469-d300 @A: 18 30 19 25 | 08
#0470-d300 @A: 25 33 18 16 | 01
#0471-d300 @A: 23 25 18 08 | 11
#0472-d300 @A: 18 22 25 14 | 06
#0473-d300 @A: 20 29 18 25 | 10
#0474-d300 @A: 09 18 25 12 | 12
#0475-d300 @A: 35 04 25 18 | 07
#0476-d300 @A: 07 18 21 25 | 09
#0477-d300 @A: 03 10 33 18 | 02
#0478-d300 @A: 18 10 07 23 | 04
#0479-d300 @A: 22 18 35 10 | 05
#0480-d300 @A: 18 12 22 10 | 03
#0481-d300 @A: 18 16 29 10 | 08
#0482-d300 @A: 09 10 21 18 | 01
#0483-d300 @A: 20 33 18 19 | 11
#0484-d300 @A: 19 23 18 03 | 06
#0485-d300 @A: 22 19 05 18 | 10
#0486-d300 @A: 19 09 18 35 | 12
#0487-d300 @A: 28 18 19 04 | 07
#0488-d300 @A: 33 18 28 23 | 09
#0489-d300 @A: 18 33 08 22 | 02
#0490-d300 @A: 18 33 30 21 | 04
#0491-d300 @A: 33 12 28 18 | 05
#0492-d300 @A: 22 18 12 23 | 03
#0493-d300 @A: 18 05 23 26 | 08
#0494-d300 @A: 18 26 31 22 | 01
#0495-d300 @A: 31 08 29 18 | 11
#0496-d300 @A: 21 26 18 29 | 06
#0497-d300 @A: 35 03 18 29 | 10
#0498-d300 @A: 09 29 04 18 | 12
#0499-d300 @A: 29 07 05 18 | 07
#0500-d300 @A: 35 18 08 26 | 09
#0501-d300 @A: 08 18 03 21 | 02
#0502-d300 @A: 08 18 04 05 | 04
#0503-d300 @A: 28 14 08 18 | 05
#0504-d300 @A: 18 07 16 08 | 03
#0505-d300 @A: 28 26 18 09 | 08
#0506-d300 @A: 18 14 26 04 | 01
#0507-d300 @A: 18 26 30 16 | 11
#0508-d300 @A: 20 07 26 18 | 06
#0509-d300 @A: 18 03 09 30 | 10
#0510-d300 @A: 18 07 03 04 | 12
#0511-d300 @A: 14 20 18 03 | 07
#0512-d300 @A: 14 12 03 18 | 09
#0513-d300 @A: 28 16 03 18 | 02
#0514-d300 @A: 18 03 31 05 | 04
#0515-d300 @A: 14 09 05 18 | 05
#0516-d300 @A: 16 31 18 09 | 03
#0517-d300 @A: 18 04 16 21 | 08
#0518-d300 @A: 31 18 30 04 | 01
#0519-d300 @A: 35 18 12 04 | 11
#0520-d300 @A: 21 31 14 18 | 06
#0521-d300 @A: 18 14 35 30 | 10
#0522-d300 @A: 16 05 20 18 | 12
#0523-d300 @A: 18 12 07 16 | 07
#0524-d300 @A: 18 21 20 28 | 09
#0525-d300 @A: 12 18 20 21 | 02
#0526-d300 @A: 05 21 35 18 | 04
#0527-d300 @A: 31 20 35 18 | 05
#0528-d300 @A: 28 31 18 07 | 03
#0529-d300 @A: 18 28 30 05 | 08
#0530-d300 @A: 11 04 34 06 | 01
#0531-d300 @A: 01 11 26 06 | 11
#0532-d300 @A: 11 32 06 13 | 06
#0533-d300 @A: 11 06 31 15 | 10
#0534-d300 @A: 11 06 29 27 | 12
#0535-d300 @A: 06 11 02 28 | 07
#0536-d300 @A: 11 06 09 25 | 09
#0537-d300 @A: 19 06 03 11 | 02
#0538-d300 @A: 06 19 11 12 | 04
#0539-d300 @A: 33 07 06 11 | 05
#0540-d300 @A: 21 11 23 06 | 03
#0541-d300 @A: 22 06 14 11 | 08
#0542-d300 @A: 11 16 08 06 | 01
#0543-d300 @A: 06 35 05 11 | 11
#0544-d300 @A: 03 11 34 01 | 06
#0545-d300 @A: 34 13 11 28 | 10
#0546-d300 @A: 34 11 07 15 | 12
#0547-d300 @A: 32 11 30 34 | 07
#0548-d300 @A: 27 34 21 11 | 09
#0549-d300 @A: 11 08 34 02 | 02
#0550-d300 @A: 11 10 14 34 | 04
#0551-d300 @A: 26 34 19 11 | 05
#0552-d300 @A: 11 34 20 33 | 03
#0553-d300 @A: 23 11 34 16 | 08
#0554-d300 @A: 11 35 22 34 | 01
#0555-d300 @A: 11 29 05 34 | 11
#0556-d300 @A: 12 11 34 09 | 06
#0557-d300 @A: 15 11 13 01 | 10
#0558-d300 @A: 11 32 04 01 | 12
#0559-d300 @A: 01 27 07 11 | 07
#0560-d300 @A: 30 01 11 02 | 09
#0561-d300 @A: 16 11 01 25 | 02
#0562-d300 @A: 01 11 10 09 | 04
#0563-d300 @A: 14 11 19 01 | 05
#0564-d300 @A: 01 33 11 08 | 03
#0565-d300 @A: 33 12 11 01 | 08
#0566-d300 @A: 11 23 29 01 | 01
#0567-d300 @A: 28 01 22 11 | 11
#0568-d300 @A: 11 35 01 31 | 06
#0569-d300 @A: 09 13 11 27 | 10
#0570-d300 @A: 12 11 27 13 | 12
#0571-d300 @A: 31 13 02 11 | 07
#0572-d300 @A: 11 25 03 13 | 09
#0573-d300 @A: 10 13 05 11 | 02
#0574-d300 @A: 19 11 30 13 | 04
#0575-d300 @A: 35 13 23 11 | 05
#0576-d300 @A: 11 20 13 22 | 03
#0577-d300 @A: 11 04 13 29 | 08
#0578-d300 @A: 08 13 11 07 | 01
#0579-d300 @A: 11 14 21 13 | 11
#0580-d300 @A: 11 15 32 29 | 06
#0581-d300 @A: 27 15 11 25 | 10
#0582-d300 @A: 11 15 04 02 | 12
#0583-d300 @A: 21 15 10 11 | 07
#0584-d300 @A: 15 09 11 19 | 09
#0585-d300 @A: 15 33 11 26 | 02
#0586-d300 @A: 15 11 23 20 | 04
#0587-d300 @A: 15 16 11 22 | 05
#0588-d300 @A: 28 15 11 08 | 03
#0589-d300 @A: 11 14 05 15 | 08
#0590-d300 @A: 28 11 12 15 | 01
#0591-d300 @A: 14 32 11 27 | 11
#0592-d300 @A: 32 35 11 02 | 06
#0593-d300 @A: 32 31 11 25 | 10
#0594-d300 @A: 03 32 10 11 | 12
#0595-d300 @A: 33 32 11 16 | 07
#0596-d300 @A: 23 11 09 32 | 09
#0597-d300 @A: 11 26 32 22 | 02
#0598-d300 @A: 11 05 21 32 | 04
#0599-d300 @A: 32 20 28 11 | 05
#0600-d300 @A: 11 16 02 27 | 03
#0601-d300 @A: 10 28 11 27 | 08
#0602-d300 @A: 11 19 20 27 | 01
#0603-d300 @A: 03 27 11 33 | 11
#0604-d300 @A: 27 08 23 11 | 06
#0605-d300 @A: 22 11 31 27 | 10
#0606-d300 @A: 05 04 27 11 | 12
#0607-d300 @A: 02 26 25 11 | 07
#0608-d300 @A: 20 10 02 11 | 09
#0609-d300 @A: 07 02 19 11 | 02
#0610-d300 @A: 11 33 29 02 | 04
#0611-d300 @A: 02 23 14 11 | 05
#0612-d300 @A: 05 02 11 22 | 03
#0613-d300 @A: 02 03 11 12 | 08
#0614-d300 @A: 19 11 25 10 | 01
#0615-d300 @A: 25 11 30 33 | 11
#0616-d300 @A: 07 25 11 23 | 06
#0617-d300 @A: 25 11 29 22 | 10
#0618-d300 @A: 29 11 12 25 | 12
#0619-d300 @A: 25 08 11 04 | 07
#0620-d300 @A: 11 25 35 14 | 09
#0621-d300 @A: 20 21 25 11 | 02
#0622-d300 @A: 11 33 10 04 | 04
#0623-d300 @A: 11 10 23 26 | 05
#0624-d300 @A: 10 30 22 11 | 03
#0625-d300 @A: 08 11 10 31 | 08
#0626-d300 @A: 16 10 11 07 | 01
#0627-d300 @A: 11 12 10 31 | 11
#0628-d300 @A: 11 19 35 33 | 06
#0629-d300 @A: 11 04 23 19 | 10
#0630-d300 @A: 08 19 22 11 | 12
#0631-d300 @A: 19 29 31 11 | 07
#0632-d300 @A: 11 28 19 21 | 09
#0633-d300 @A: 11 23 05 33 | 02
#0634-d300 @A: 11 22 33 21 | 04
#0635-d300 @A: 33 14 31 11 | 05
#0636-d300 @A: 11 30 23 03 | 03
#0637-d300 @A: 12 23 11 07 | 08
#0638-d300 @A: 22 11 12 26 | 01
#0639-d300 @A: 09 03 11 22 | 11
#0640-d300 @A: 08 11 29 30 | 06
#0641-d300 @A: 35 29 11 26 | 10
#0642-d300 @A: 21 11 03 29 | 12
#0643-d300 @A: 09 11 20 29 | 07
#0644-d300 @A: 14 29 11 16 | 09
#0645-d300 @A: 29 07 11 28 | 02
#0646-d300 @A: 21 11 08 26 | 04
#0647-d300 @A: 03 35 08 11 | 05
#0648-d300 @A: 11 03 12 08 | 03
#0649-d300 @A: 08 09 14 11 | 08
#0650-d300 @A: 20 11 05 08 | 01
#0651-d300 @A: 11 30 26 09 | 11
#0652-d300 @A: 11 07 04 26 | 06
#0653-d300 @A: 20 11 14 26 | 10
#0654-d300 @A: 16 11 28 26 | 12
#0655-d300 @A: 26 31 05 11 | 07
#0656-d300 @A: 14 03 11 04 | 09
#0657-d300 @A: 03 31 11 16 | 02
#0658-d300 @A: 07 20 03 11 | 04
#0659-d300 @A: 11 28 03 05 | 05
#0660-d300 @A: 16 04 09 11 | 03
#0661-d300 @A: 11 21 35 09 | 08
#0662-d300 @A: 28 31 11 09 | 01
#0663-d300 @A: 05 07 11 09 | 11
#0664-d300 @A: 30 11 04 21 | 06
#0665-d300 @A: 04 11 35 28 | 10
#0666-d300 @A: 35 12 14 11 | 12
#0667-d300 @A: 30 14 28 11 | 07
#0668-d300 @A: 16 35 11 20 | 09
#0669-d300 @A: 05 11 16 30 | 02
#0670-d300 @A: 05 12 11 16 | 04
#0671-d300 @A: 07 11 31 21 | 05
#0672-d300 @A: 11 20 30 31 | 03
#0673-d300 @A: 20 12 30 11 | 08
#0674-d300 @A: 11 30 35 07 | 01
#0675-d300 @A: 07 01 34 06 | 11
#0676-d300 @A: 34 06 21 13 | 06
#0677-d300 @A: 09 06 34 15 | 10
#0678-d300 @A: 26 06 34 32 | 12
#0679-d300 @A: 34 27 03 06 | 07
#0680-d300 @A: 02 34 19 06 | 09
#0681-d300 @A: 12 34 02 06 | 02
#0682-d300 @A: 31 34 06 25 | 04
#0683-d300 @A: 10 34 06 30 | 05
#0684-d300 @A: 33 34 29 06 | 03
#0685-d300 @A: 06 34 08 23 | 08
#0686-d300 @A: 34 05 22 06 | 01
#0687-d300 @A: 20 34 16 06 | 11
#0688-d300 @A: 14 01 06 13 | 06
#0689-d300 @A: 15 06 01 10 | 10
#0690-d300 @A: 06 32 08 01 | 12
#0691-d300 @A: 27 28 06 01 | 07
#0692-d300 @A: 01 02 06 09 | 09
#0693-d300 @A: 01 25 03 06 | 02
#0694-d300 @A: 06 31 01 33 | 04
#0695-d300 @A: 05 23 01 06 | 05
#0696-d300 @A: 06 29 22 01 | 03
#0697-d300 @A: 12 14 01 06 | 08
#0698-d300 @A: 01 21 16 06 | 01
#0699-d300 @A: 30 35 06 01 | 11
#0700-d300 @A: 15 03 13 06 | 06
#0701-d300 @A: 20 06 13 27 | 10
#0702-d300 @A: 06 02 13 08 | 12
#0703-d300 @A: 06 13 25 19 | 07
#0704-d300 @A: 06 16 13 10 | 09
#0705-d300 @A: 06 04 13 33 | 02
#0706-d300 @A: 13 06 28 23 | 04
#0707-d300 @A: 22 13 31 06 | 05
#0708-d300 @A: 06 13 26 35 | 03
#0709-d300 @A: 13 03 06 12 | 08
#0710-d300 @A: 13 07 06 05 | 01
#0711-d300 @A: 32 16 15 06 | 11
#0712-d300 @A: 27 14 06 15 | 06
#0713-d300 @A: 02 29 15 06 | 10
#0714-d300 @A: 06 21 15 25 | 12
#0715-d300 @A: 05 15 06 19 | 07
#0716-d300 @A: 15 06 33 35 | 09
#0717-d300 @A: 30 15 06 23 | 02
#0718-d300 @A: 15 22 20 06 | 04
#0719-d300 @A: 15 26 06 08 | 05
#0720-d300 @A: 15 05 12 06 | 03
#0721-d300 @A: 35 27 06 32 | 08
#0722-d300 @A: 20 32 06 02 | 01
#0723-d300 @A: 10 32 05 06 | 11
#0724-d300 @A: 12 32 10 06 | 06
#0725-d300 @A: 32 19 06 30 | 10
#0726-d300 @A: 32 06 33 03 | 12
#0727-d300 @A: 32 23 22 06 | 07
#0728-d300 @A: 06 29 32 04 | 09
#0729-d300 @A: 31 09 06 32 | 02
#0730-d300 @A: 07 21 06 32 | 04
#0731-d300 @A: 27 06 21 02 | 05
#0732-d300 @A: 05 25 27 06 | 03
#0733-d300 @A: 10 31 06 27 | 08
#0734-d300 @A: 16 19 06 27 | 01
#0735-d300 @A: 06 27 30 33 | 11
#0736-d300 @A: 04 23 27 06 | 06
#0737-d300 @A: 26 27 22 06 | 10
#0738-d300 @A: 20 06 27 12 | 12
#0739-d300 @A: 02 25 16 06 | 07
#0740-d300 @A: 10 33 02 06 | 09
#0741-d300 @A: 23 07 06 02 | 02
#0742-d300 @A: 22 30 02 06 | 04
#0743-d300 @A: 04 02 06 26 | 05
#0744-d300 @A: 06 05 14 02 | 03
#0745-d300 @A: 28 10 06 25 | 08
#0746-d300 @A: 06 33 08 25 | 01
#0747-d300 @A: 25 23 06 35 | 11
#0748-d300 @A: 06 04 22 25 | 06
#0749-d300 @A: 26 06 20 25 | 10
#0750-d300 @A: 30 06 25 14 | 12
#0751-d300 @A: 09 06 10 19 | 07
#0752-d300 @A: 10 29 06 23 | 09
#0753-d300 @A: 08 22 06 10 | 02
#0754-d300 @A: 04 10 06 20 | 04
#0755-d300 @A: 06 14 10 21 | 05
#0756-d300 @A: 07 10 06 35 | 03
#0757-d300 @A: 06 28 19 33 | 08
#0758-d300 @A: 06 23 20 19 | 01
#0759-d300 @A: 07 06 19 22 | 11
#0760-d300 @A: 19 14 29 06 | 06
#0761-d300 @A: 06 21 19 08 | 10
#0762-d300 @A: 19 06 35 04 | 12
#0763-d300 @A: 06 14 23 33 | 07
#0764-d300 @A: 16 22 06 33 | 09
#0765-d300 @A: 29 12 06 33 | 02
#0766-d300 @A: 21 06 33 26 | 04
#0767-d300 @A: 03 23 06 09 | 05
#0768-d300 @A: 16 23 12 06 | 03
#0769-d300 @A: 09 22 06 28 | 08
#0770-d300 @A: 12 09 22 06 | 01
#0771-d300 @A: 29 08 06 05 | 11
#0772-d300 @A: 28 29 06 26 | 06
#0773-d300 @A: 29 20 03 06 | 10
#0774-d300 @A: 09 29 07 06 | 12
#0775-d300 @A: 35 06 29 16 | 07
#0776-d300 @A: 06 31 29 21 | 09
#0777-d300 @A: 03 06 08 14 | 02
#0778-d300 @A: 08 35 06 09 | 04
#0779-d300 @A: 04 08 30 06 | 05
#0780-d300 @A: 06 12 08 16 | 03
#0781-d300 @A: 31 20 08 06 | 08
#0782-d300 @A: 07 06 28 08 | 01
#0783-d300 @A: 03 30 26 06 | 11
#0784-d300 @A: 05 06 26 09 | 06
#0785-d300 @A: 06 26 07 14 | 10
#0786-d300 @A: 06 31 16 26 | 12
#0787-d300 @A: 06 05 03 04 | 07
#0788-d300 @A: 03 07 16 06 | 09
#0789-d300 @A: 06 35 21 03 | 02
#0790-d300 @A: 03 28 31 06 | 04
#0791-d300 @A: 06 04 21 09 | 05
#0792-d300 @A: 20 06 09 14 | 03
#0793-d300 @A: 09 30 06 16 | 08
#0794-d300 @A: 14 04 28 06 | 01
#0795-d300 @A: 06 07 04 31 | 11
#0796-d300 @A: 30 04 06 12 | 06
#0797-d300 @A: 06 14 35 31 | 10
#0798-d300 @A: 16 28 06 05 | 12
#0799-d300 @A: 05 20 21 06 | 07
#0800-d300 @A: 12 21 06 35 | 09
#0801-d300 @A: 28 30 21 06 | 02
#0802-d300 @A: 31 12 28 06 | 04
#0803-d300 @A: 30 31 05 06 | 05
#0804-d300 @A: 28 35 20 06 | 03
#0805-d300 @A: 20 07 30 06 | 08
#0806-d300 @A: 13 01 08 34 | 01
#0807-d300 @A: 15 01 04 34 | 11
#0808-d300 @A: 12 34 15 01 | 06
#0809-d300 @A: 32 01 05 34 | 10
#0810-d300 @A: 01 02 27 34 | 12
#0811-d300 @A: 34 25 21 01 | 07
#0812-d300 @A: 01 31 10 34 | 09
#0813-d300 @A: 01 34 19 20 | 02
#0814-d300 @A: 23 01 34 09 | 04
#0815-d300 @A: 34 30 01 22 | 05
#0816-d300 @A: 01 16 29 34 | 03
#0817-d300 @A: 34 35 28 01 | 08
#0818-d300 @A: 34 26 13 15 | 01
#0819-d300 @A: 35 34 13 32 | 11
#0820-d300 @A: 27 13 16 34 | 06
#0821-d300 @A: 34 02 20 13 | 10
#0822-d300 @A: 13 14 34 25 | 12
#0823-d300 @A: 34 04 10 13 | 07
#0824-d300 @A: 13 03 19 34 | 09
#0825-d300 @A: 30 33 34 13 | 02
#0826-d300 @A: 13 34 29 23 | 04
#0827-d300 @A: 22 13 09 34 | 05
#0828-d300 @A: 15 31 32 34 | 03
#0829-d300 @A: 15 33 34 27 | 08
#0830-d300 @A: 15 02 34 21 | 01
#0831-d300 @A: 29 25 15 34 | 11
#0832-d300 @A: 10 35 34 15 | 06
#0833-d300 @A: 14 19 34 15 | 10
#0834-d300 @A: 15 23 34 28 | 12
#0835-d300 @A: 34 15 22 03 | 07
#0836-d300 @A: 30 08 34 15 | 09
#0837-d300 @A: 05 34 15 20 | 02
#0838-d300 @A: 34 15 30 12 | 04
#0839-d300 @A: 32 27 34 09 | 05
#0840-d300 @A: 34 14 02 32 | 03
#0841-d300 @A: 34 25 32 07 | 08
#0842-d300 @A: 32 16 34 10 | 01
#0843-d300 @A: 34 32 33 21 | 11
#0844-d300 @A: 34 20 23 32 | 06
#0845-d300 @A: 22 34 32 28 | 10
#0846-d300 @A: 03 32 29 34 | 12
#0847-d300 @A: 34 32 12 08 | 07
#0848-d300 @A: 34 25 28 27 | 09
#0849-d300 @A: 34 27 26 10 | 02
#0850-d300 @A: 27 05 19 34 | 04
#0851-d300 @A: 27 07 34 23 | 05
#0852-d300 @A: 34 22 14 27 | 03
#0853-d300 @A: 27 30 29 34 | 08
#0854-d300 @A: 31 34 27 08 | 01
#0855-d300 @A: 34 03 27 12 | 11
#0856-d300 @A: 10 07 34 02 | 06
#0857-d300 @A: 33 34 02 35 | 10
#0858-d300 @A: 34 31 02 23 | 12
#0859-d300 @A: 22 02 34 16 | 07
#0860-d300 @A: 02 26 28 34 | 09
#0861-d300 @A: 02 03 34 05 | 02
#0862-d300 @A: 09 34 30 02 | 04
#0863-d300 @A: 09 10 34 25 | 05
#0864-d300 @A: 04 34 19 25 | 03
#0865-d300 @A: 34 33 25 05 | 08
#0866-d300 @A: 25 26 23 34 | 01
#0867-d300 @A: 25 34 22 08 | 11
#0868-d300 @A: 03 34 25 20 | 06
#0869-d300 @A: 30 25 34 35 | 10
#0870-d300 @A: 12 28 25 34 | 12
#0871-d300 @A: 34 19 10 21 | 07
#0872-d300 @A: 33 28 34 10 | 09
#0873-d300 @A: 33 34 12 10 | 02
#0874-d300 @A: 03 23 34 10 | 04
#0875-d300 @A: 34 10 22 20 | 05
#0876-d300 @A: 19 33 34 16 | 03
#0877-d300 @A: 23 19 34 35 | 08
#0878-d300 @A: 34 19 22 31 | 01
#0879-d300 @A: 34 09 19 29 | 11
#0880-d300 @A: 08 34 19 28 | 06
#0881-d300 @A: 34 16 19 12 | 10
#0882-d300 @A: 33 23 22 34 | 12
#0883-d300 @A: 34 09 26 33 | 07
#0884-d300 @A: 33 31 34 03 | 09
#0885-d300 @A: 33 07 04 34 | 02
#0886-d300 @A: 34 23 04 14 | 04
#0887-d300 @A: 34 04 21 22 | 05
#0888-d300 @A: 34 04 22 12 | 03
#0889-d300 @A: 34 29 08 04 | 08
#0890-d300 @A: 14 29 26 34 | 01
#0891-d300 @A: 35 29 34 21 | 11
#0892-d300 @A: 34 12 29 21 | 06
#0893-d300 @A: 29 31 28 34 | 10
#0894-d300 @A: 29 07 20 34 | 12
#0895-d300 @A: 26 05 34 08 | 07
#0896-d300 @A: 34 03 16 08 | 09
#0897-d300 @A: 08 21 09 34 | 02
#0898-d300 @A: 14 20 34 08 | 04
#0899-d300 @A: 35 07 08 34 | 05
#0900-d300 @A: 03 07 34 26 | 03
#0901-d300 @A: 26 31 04 34 | 08
#0902-d300 @A: 34 16 26 21 | 01
#0903-d300 @A: 34 30 26 20 | 11
#0904-d300 @A: 26 07 12 34 | 06
#0905-d300 @A: 34 04 09 03 | 10
#0906-d300 @A: 03 35 34 14 | 12
#0907-d300 @A: 21 34 03 30 | 07
#0908-d300 @A: 09 14 34 28 | 09
#0909-d300 @A: 31 34 07 09 | 02
#0910-d300 @A: 05 34 35 09 | 04
#0911-d300 @A: 16 34 28 04 | 05
#0912-d300 @A: 34 20 35 04 | 03
#0913-d300 @A: 34 04 30 05 | 08
#0914-d300 @A: 14 30 16 34 | 01
#0915-d300 @A: 21 14 07 34 | 11
#0916-d300 @A: 14 31 05 34 | 06
#0917-d300 @A: 12 14 34 20 | 10
#0918-d300 @A: 31 34 16 35 | 12
#0919-d300 @A: 07 05 16 34 | 07
#0920-d300 @A: 31 21 34 20 | 09
#0921-d300 @A: 05 21 34 28 | 02
#0922-d300 @A: 31 35 12 34 | 04
#0923-d300 @A: 28 07 30 34 | 05
#0924-d300 @A: 01 30 32 13 | 03
#0925-d300 @A: 31 27 13 01 | 08
#0926-d300 @A: 13 02 28 01 | 01
#0927-d300 @A: 13 25 04 01 | 11
#0928-d300 @A: 10 01 13 20 | 06
#0929-d300 @A: 05 01 19 13 | 10
#0930-d300 @A: 33 13 01 16 | 12
#0931-d300 @A: 23 13 21 01 | 07
#0932-d300 @A: 26 01 22 13 | 09
#0933-d300 @A: 09 01 29 13 | 02
#0934-d300 @A: 03 01 07 13 | 04
#0935-d300 @A: 12 01 20 13 | 05
#0936-d300 @A: 35 15 32 01 | 03
#0937-d300 @A: 21 27 01 15 | 08
#0938-d300 @A: 15 20 01 25 | 01
#0939-d300 @A: 19 01 15 29 | 11
#0940-d300 @A: 33 15 01 07 | 06
#0941-d300 @A: 23 26 15 01 | 10
#0942-d300 @A: 01 15 22 31 | 12
#0943-d300 @A: 15 16 03 01 | 07
#0944-d300 @A: 15 05 01 09 | 09
#0945-d300 @A: 28 15 30 01 | 02
#0946-d300 @A: 16 27 32 01 | 04
#0947-d300 @A: 02 01 32 31 | 05
#0948-d300 @A: 25 14 32 01 | 03
#0949-d300 @A: 32 12 25 01 | 08
#0950-d300 @A: 28 01 32 10 | 01
#0951-d300 @A: 19 01 32 09 | 11
#0952-d300 @A: 26 32 33 01 | 06
#0953-d300 @A: 01 32 23 07 | 10
#0954-d300 @A: 22 01 32 03 | 12
#0955-d300 @A: 25 01 09 27 | 07
#0956-d300 @A: 01 10 08 27 | 09
#0957-d300 @A: 01 27 35 19 | 02
#0958-d300 @A: 27 22 23 01 | 04
#0959-d300 @A: 26 01 27 30 | 05
#0960-d300 @A: 03 05 27 01 | 03
#0961-d300 @A: 09 12 01 27 | 08
#0962-d300 @A: 01 14 20 27 | 01
#0963-d300 @A: 02 05 01 25 | 11
#0964-d300 @A: 01 10 02 21 | 06
#0965-d300 @A: 02 19 01 04 | 10
#0966-d300 @A: 02 33 14 01 | 12
#0967-d300 @A: 20 01 02 23 | 07
#0968-d300 @A: 08 22 01 02 | 09
#0969-d300 @A: 29 01 26 02 | 02
#0970-d300 @A: 16 01 02 07 | 04
#0971-d300 @A: 10 29 01 25 | 05
#0972-d300 @A: 19 01 08 25 | 03
#0973-d300 @A: 28 25 33 01 | 08
#0974-d300 @A: 30 25 23 01 | 01
#0975-d300 @A: 01 22 35 25 | 11
#0976-d300 @A: 01 10 19 26 | 06
#0977-d300 @A: 01 10 30 33 | 10
#0978-d300 @A: 16 23 10 01 | 12
#0979-d300 @A: 10 07 22 01 | 07
#0980-d300 @A: 35 01 10 03 | 09
#0981-d300 @A: 01 10 12 07 | 02
#0982-d300 @A: 01 03 19 33 | 04
#0983-d300 @A: 31 23 19 01 | 05
#0984-d300 @A: 22 21 01 19 | 03
#0985-d300 @A: 22 19 12 01 | 08
#0986-d300 @A: 07 19 28 01 | 01
#0987-d300 @A: 01 04 23 33 | 11
#0988-d300 @A: 20 01 33 22 | 06
#0989-d300 @A: 33 35 09 01 | 10
#0990-d300 @A: 21 05 33 01 | 12
#0991-d300 @A: 01 08 14 23 | 07
#0992-d300 @A: 01 31 23 12 | 09
#0993-d300 @A: 04 22 14 01 | 02
#0994-d300 @A: 29 08 01 35 | 04
#0995-d300 @A: 03 01 04 29 | 05
#0996-d300 @A: 29 14 07 01 | 03
#0997-d300 @A: 21 20 29 01 | 08
#0998-d300 @A: 31 30 01 29 | 01
#0999-d300 @A: 05 29 01 28 | 11
#1000-d300 @A: 26 08 01 28 | 06
#1001-d300 @A: 08 09 01 03 | 10
#1002-d300 @A: 01 20 04 08 | 12
#1003-d300 @A: 01 16 31 08 | 07
#1004-d300 @A: 30 08 21 01 | 09
#1005-d300 @A: 01 05 07 08 | 02
#1006-d300 @A: 26 20 03 01 | 04
#1007-d300 @A: 26 01 07 09 | 05
#1008-d300 @A: 04 26 01 35 | 03
#1009-d300 @A: 01 05 26 14 | 08
#1010-d300 @A: 21 31 26 01 | 01
#1011-d300 @A: 26 01 21 12 | 11
#1012-d300 @A: 01 12 03 04 | 06
#1013-d300 @A: 03 30 14 01 | 10
#1014-d300 @A: 21 03 28 01 | 12
#1015-d300 @A: 09 04 28 01 | 07
#1016-d300 @A: 01 14 31 09 | 09
#1017-d300 @A: 09 01 20 16 | 02
#1018-d300 @A: 04 16 30 01 | 04
#1019-d300 @A: 21 07 01 04 | 05
#1020-d300 @A: 31 01 04 05 | 03
#1021-d300 @A: 16 14 28 01 | 08
#1022-d300 @A: 21 35 01 14 | 01
#1023-d300 @A: 35 01 16 05 | 11
#1024-d300 @A: 16 30 12 01 | 06
#1025-d300 @A: 01 20 28 31 | 10
#1026-d300 @A: 35 20 07 01 | 12
#1027-d300 @A: 20 01 05 30 | 07
#1028-d300 @A: 05 01 28 12 | 09
#1029-d300 @A: 15 13 32 21 | 02
#1030-d300 @A: 27 15 13 04 | 04
#1031-d300 @A: 15 02 13 16 | 05
#1032-d300 @A: 15 13 31 25 | 03
#1033-d300 @A: 15 10 13 29 | 08
#1034-d300 @A: 15 19 13 20 | 01
#1035-d300 @A: 15 33 13 28 | 11
#1036-d300 @A: 15 13 23 07 | 06
#1037-d300 @A: 15 13 22 05 | 10
#1038-d300 @A: 13 15 12 29 | 12
#1039-d300 @A: 08 09 13 15 | 07
#1040-d300 @A: 27 13 26 32 | 09
#1041-d300 @A: 32 02 13 04 | 02
#1042-d300 @A: 10 25 32 13 | 04
#1043-d300 @A: 32 16 19 13 | 05
#1044-d300 @A: 13 09 33 32 | 03
#1045-d300 @A: 08 23 13 32 | 08
#1046-d300 @A: 22 32 07 13 | 01
#1047-d300 @A: 03 14 13 32 | 11
#1048-d300 @A: 05 32 13 20 | 06
#1049-d300 @A: 32 13 12 35 | 10
#1050-d300 @A: 27 03 02 13 | 12
#1051-d300 @A: 25 07 13 27 | 07
#1052-d300 @A: 10 13 35 27 | 09
#1053-d300 @A: 13 19 27 21 | 02
#1054-d300 @A: 33 29 13 27 | 04
#1055-d300 @A: 23 13 05 27 | 05
#1056-d300 @A: 22 13 27 08 | 03
#1057-d300 @A: 02 25 30 13 | 08
#1058-d300 @A: 10 13 02 26 | 01
#1059-d300 @A: 13 35 19 02 | 11
#1060-d300 @A: 02 23 09 13 | 06
#1061-d300 @A: 22 13 02 14 | 10
#1062-d300 @A: 02 05 13 29 | 12
#1063-d300 @A: 13 33 20 25 | 07
#1064-d300 @A: 23 22 25 13 | 09
#1065-d300 @A: 12 23 13 25 | 02
#1066-d300 @A: 13 29 35 25 | 04
#1067-d300 @A: 08 25 21 13 | 05
#1068-d300 @A: 25 16 13 28 | 03
#1069-d300 @A: 10 13 07 33 | 08
#1070-d300 @A: 23 30 10 13 | 01
#1071-d300 @A: 28 13 10 22 | 11
#1072-d300 @A: 10 13 21 03 | 06
#1073-d300 @A: 09 14 10 13 | 10
#1074-d300 @A: 13 05 10 12 | 12
#1075-d300 @A: 31 13 19 33 | 07
#1076-d300 @A: 14 13 19 23 | 09
#1077-d300 @A: 29 13 22 19 | 02
#1078-d300 @A: 13 26 19 07 | 04
#1079-d300 @A: 13 19 09 04 | 05
#1080-d300 @A: 21 12 19 13 | 03
#1081-d300 @A: 13 03 23 33 | 08
#1082-d300 @A: 35 13 22 33 | 01
#1083-d300 @A: 33 13 08 05 | 11
#1084-d300 @A: 08 13 33 12 | 06
#1085-d300 @A: 14 33 13 26 | 10
#1086-d300 @A: 23 16 13 31 | 12
#1087-d300 @A: 16 30 22 13 | 07
#1088-d300 @A: 13 05 12 22 | 09
#1089-d300 @A: 08 13 29 16 | 02
#1090-d300 @A: 20 29 26 13 | 04
#1091-d300 @A: 29 31 03 13 | 05
#1092-d300 @A: 13 28 21 29 | 03
#1093-d300 @A: 13 30 29 07 | 08
#1094-d300 @A: 13 26 08 30 | 01
#1095-d300 @A: 08 04 13 03 | 11
#1096-d300 @A: 13 08 14 31 | 06
#1097-d300 @A: 08 13 35 28 | 10
#1098-d300 @A: 26 28 13 03 | 12
#1099-d300 @A: 13 09 31 26 | 07
#1100-d300 @A: 13 21 04 26 | 09
#1101-d300 @A: 16 13 26 05 | 02
#1102-d300 @A: 12 26 31 13 | 04
#1103-d300 @A: 03 13 09 16 | 05
#1104-d300 @A: 03 35 20 13 | 03
#1105-d300 @A: 03 05 13 30 | 08
#1106-d300 @A: 07 13 21 09 | 01
#1107-d300 @A: 30 09 13 35 | 11
#1108-d300 @A: 05 28 13 09 | 06
#1109-d300 @A: 14 04 30 13 | 10
#1110-d300 @A: 16 04 13 07 | 12
#1111-d300 @A: 35 31 13 04 | 07
#1112-d300 @A: 28 20 13 04 | 09
#1113-d300 @A: 12 07 13 04 | 02
#1114-d300 @A: 13 20 16 14 | 04
#1115-d300 @A: 35 14 13 05 | 05
#1116-d300 @A: 13 07 14 28 | 03
#1117-d300 @A: 13 30 12 14 | 08
#1118-d300 @A: 13 21 35 16 | 01
#1119-d300 @A: 16 13 12 28 | 11
#1120-d300 @A: 13 05 31 21 | 06
#1121-d300 @A: 20 21 13 30 | 10
#1122-d300 @A: 20 13 31 07 | 12
#1123-d300 @A: 31 30 13 28 | 07
#1124-d300 @A: 10 32 27 15 | 09
#1125-d300 @A: 32 15 30 02 | 02
#1126-d300 @A: 25 05 32 15 | 04
#1127-d300 @A: 19 32 26 15 | 05
#1128-d300 @A: 20 33 32 15 | 03
#1129-d300 @A: 15 23 32 03 | 08
#1130-d300 @A: 22 08 15 32 | 01
#1131-d300 @A: 12 15 20 32 | 11
#1132-d300 @A: 28 15 07 32 | 06
#1133-d300 @A: 02 27 35 15 | 10
#1134-d300 @A: 07 15 19 27 | 12
#1135-d300 @A: 27 23 15 16 | 07
#1136-d300 @A: 15 27 22 30 | 09
#1137-d300 @A: 09 26 15 27 | 02
#1138-d300 @A: 15 27 28 03 | 04
#1139-d300 @A: 05 15 27 31 | 05
#1140-d300 @A: 35 15 12 27 | 03
#1141-d300 @A: 28 02 25 15 | 08
#1142-d300 @A: 08 02 15 10 | 01
#1143-d300 @A: 19 02 31 15 | 11
#1144-d300 @A: 12 33 02 15 | 06
#1145-d300 @A: 23 02 05 15 | 10
#1146-d300 @A: 22 09 02 15 | 12
#1147-d300 @A: 26 15 07 02 | 07
#1148-d300 @A: 02 15 03 14 | 09
#1149-d300 @A: 15 10 16 25 | 02
#1150-d300 @A: 15 25 19 35 | 04
#1151-d300 @A: 09 33 15 25 | 05
#1152-d300 @A: 14 15 25 23 | 03
#1153-d300 @A: 22 15 26 25 | 08
#1154-d300 @A: 04 25 12 15 | 01
#1155-d300 @A: 07 25 30 15 | 11
#1156-d300 @A: 04 19 15 10 | 06
#1157-d300 @A: 05 10 33 15 | 10
#1158-d300 @A: 15 31 23 10 | 12
#1159-d300 @A: 10 12 23 15 | 07
#1160-d300 @A: 15 22 10 14 | 09
#1161-d300 @A: 03 20 10 15 | 02
#1162-d300 @A: 10 07 15 09 | 04
#1163-d300 @A: 15 19 30 33 | 05
#1164-d300 @A: 08 15 19 23 | 03
#1165-d300 @A: 15 28 19 22 | 08
#1166-d300 @A: 29 23 33 15 | 01
#1167-d300 @A: 22 15 33 04 | 11
#1168-d300 @A: 33 15 08 03 | 06
#1169-d300 @A: 33 15 16 14 | 10
#1170-d300 @A: 04 15 23 21 | 12
#1171-d300 @A: 15 35 21 22 | 07
#1172-d300 @A: 15 12 22 31 | 09
#1173-d300 @A: 08 07 29 15 | 02
#1174-d300 @A: 15 26 29 30 | 04
#1175-d300 @A: 05 15 29 03 | 05
#1176-d300 @A: 15 31 29 09 | 03
#1177-d300 @A: 35 29 04 15 | 08
#1178-d300 @A: 20 15 14 29 | 01
#1179-d300 @A: 15 16 29 28 | 11
#1180-d300 @A: 26 15 12 08 | 06
#1181-d300 @A: 15 04 08 31 | 10
#1182-d300 @A: 08 14 15 21 | 12
#1183-d300 @A: 15 08 16 05 | 07
#1184-d300 @A: 08 15 20 35 | 09
#1185-d300 @A: 21 15 03 26 | 02
#1186-d300 @A: 15 16 26 04 | 04
#1187-d300 @A: 26 31 15 14 | 05
#1188-d300 @A: 26 15 28 20 | 03
#1189-d300 @A: 26 15 05 35 | 08
#1190-d300 @A: 03 09 15 35 | 01
#1191-d300 @A: 03 15 12 09 | 11
#1192-d300 @A: 03 30 04 15 | 06
#1193-d300 @A: 07 15 03 31 | 10
#1194-d300 @A: 04 09 15 20 | 12
#1195-d300 @A: 09 14 15 30 | 07
#1196-d300 @A: 09 21 28 15 | 09
#1197-d300 @A: 14 15 07 04 | 02
#1198-d300 @A: 28 15 05 04 | 04
#1199-d300 @A: 28 14 15 35 | 05
#1200-d300 @A: 21 16 15 31 | 03
#1201-d300 @A: 30 16 20 15 | 08
#1202-d300 @A: 15 07 35 16 | 01
#1203-d300 @A: 15 07 21 20 | 11
#1204-d300 @A: 30 21 05 15 | 06
#1205-d300 @A: 21 15 07 12 | 10
#1206-d300 @A: 31 30 35 15 | 12
#1207-d300 @A: 02 27 32 07 | 07
#1208-d300 @A: 32 20 27 25 | 09
#1209-d300 @A: 32 04 33 27 | 02
#1210-d300 @A: 32 30 27 23 | 04
#1211-d300 @A: 12 23 32 27 | 05
#1212-d300 @A: 32 21 27 22 | 03
#1213-d300 @A: 29 28 27 32 | 08
#1214-d300 @A: 27 05 08 32 | 01
#1215-d300 @A: 25 21 32 02 | 11
#1216-d300 @A: 10 09 02 32 | 06
#1217-d300 @A: 02 19 32 03 | 10
#1218-d300 @A: 12 02 19 32 | 12
#1219-d300 @A: 32 08 33 02 | 07
#1220-d300 @A: 28 32 23 02 | 09
#1221-d300 @A: 29 02 32 22 | 02
#1222-d300 @A: 28 32 19 25 | 04
#1223-d300 @A: 33 32 29 25 | 05
#1224-d300 @A: 25 23 32 16 | 03
#1225-d300 @A: 09 32 25 22 | 08
#1226-d300 @A: 32 08 25 03 | 01
#1227-d300 @A: 25 32 30 04 | 11
#1228-d300 @A: 19 10 32 31 | 06
#1229-d300 @A: 23 10 32 14 | 10
#1230-d300 @A: 10 32 04 22 | 12
#1231-d300 @A: 35 10 32 29 | 07
#1232-d300 @A: 10 32 08 07 | 09
#1233-d300 @A: 32 20 21 10 | 02
#1234-d300 @A: 05 19 33 32 | 04
#1235-d300 @A: 23 32 19 21 | 05
#1236-d300 @A: 19 35 32 22 | 03
#1237-d300 @A: 20 32 29 19 | 08
#1238-d300 @A: 04 08 19 32 | 01
#1239-d300 @A: 07 32 14 19 | 11
#1240-d300 @A: 33 35 23 32 | 06
#1241-d300 @A: 30 32 33 22 | 10
#1242-d300 @A: 33 28 14 32 | 12
#1243-d300 @A: 12 16 32 33 | 07
#1244-d300 @A: 23 26 32 31 | 09
#1245-d300 @A: 22 32 16 31 | 02
#1246-d300 @A: 22 30 12 32 | 04
#1247-d300 @A: 32 29 26 08 | 05
#1248-d300 @A: 21 09 29 32 | 03
#1249-d300 @A: 32 14 29 30 | 08
#1250-d300 @A: 14 12 29 32 | 01
#1251-d300 @A: 16 05 29 32 | 11
#1252-d300 @A: 29 07 32 31 | 06
#1253-d300 @A: 09 08 32 20 | 10
#1254-d300 @A: 16 32 14 08 | 12
#1255-d300 @A: 28 08 21 32 | 07
#1256-d300 @A: 08 32 31 35 | 09
#1257-d300 @A: 03 26 32 05 | 02
#1258-d300 @A: 32 09 16 26 | 04
#1259-d300 @A: 04 32 26 28 | 05
#1260-d300 @A: 04 26 12 32 | 03
#1261-d300 @A: 26 21 14 32 | 08
#1262-d300 @A: 20 35 26 32 | 01
#1263-d300 @A: 30 07 26 32 | 11
#1264-d300 @A: 03 28 32 09 | 06
#1265-d300 @A: 04 03 20 32 | 10
#1266-d300 @A: 03 32 21 16 | 12
#1267-d300 @A: 30 03 31 32 | 07
#1268-d300 @A: 04 09 07 32 | 09
#1269-d300 @A: 09 35 32 14 | 02
#1270-d300 @A: 09 21 32 12 | 04
#1271-d300 @A: 09 32 05 30 | 05
#1272-d300 @A: 14 05 04 32 | 03
#1273-d300 @A: 32 16 04 35 | 08
#1274-d300 @A: 04 31 21 32 | 01
#1275-d300 @A: 32 31 14 20 | 11
#1276-d300 @A: 32 07 16 20 | 06
#1277-d300 @A: 16 32 28 30 | 10
#1278-d300 @A: 21 32 30 35 | 12
#1279-d300 @A: 32 31 05 28 | 07
#1280-d300 @A: 28 31 12 32 | 09
#1281-d300 @A: 05 32 07 35 | 02
#1282-d300 @A: 07 32 12 35 | 04
#1283-d300 @A: 02 25 08 27 | 05
#1284-d300 @A: 10 02 27 05 | 03
#1285-d300 @A: 19 27 02 30 | 08
#1286-d300 @A: 02 33 27 20 | 01
#1287-d300 @A: 02 27 26 23 | 11
#1288-d300 @A: 27 02 22 28 | 06
#1289-d300 @A: 27 31 02 29 | 10
#1290-d300 @A: 09 02 04 27 | 12
#1291-d300 @A: 27 30 12 02 | 07
#1292-d300 @A: 27 10 25 30 | 09
#1293-d300 @A: 19 25 14 27 | 02
#1294-d300 @A: 33 27 35 25 | 04
#1295-d300 @A: 27 29 25 23 | 05
#1296-d300 @A: 22 03 27 25 | 03
#1297-d300 @A: 04 27 25 26 | 08
#1298-d300 @A: 25 12 27 14 | 01
#1299-d300 @A: 25 21 31 27 | 11
#1300-d300 @A: 03 19 10 27 | 06
#1301-d300 @A: 33 27 14 10 | 10
#1302-d300 @A: 27 09 10 23 | 12
#1303-d300 @A: 10 27 22 29 | 07
#1304-d300 @A: 27 10 16 04 | 09
#1305-d300 @A: 12 10 27 16 | 02
#1306-d300 @A: 19 09 27 33 | 04
#1307-d300 @A: 19 27 12 33 | 05
#1308-d300 @A: 28 27 23 19 | 03
#1309-d300 @A: 19 04 22 27 | 08
#1310-d300 @A: 27 26 08 19 | 01
#1311-d300 @A: 33 23 27 31 | 11
#1312-d300 @A: 05 33 27 22 | 06
#1313-d300 @A: 16 27 33 08 | 10
#1314-d300 @A: 27 33 21 28 | 12
#1315-d300 @A: 35 20 27 23 | 07
#1316-d300 @A: 22 07 20 27 | 09
#1317-d300 @A: 20 29 27 08 | 02
#1318-d300 @A: 26 27 16 29 | 04
#1319-d300 @A: 27 03 29 09 | 05
#1320-d300 @A: 29 27 07 04 | 03
#1321-d300 @A: 21 29 27 14 | 08
#1322-d300 @A: 35 05 29 27 | 01
#1323-d300 @A: 08 27 03 07 | 11
#1324-d300 @A: 04 14 08 27 | 06
#1325-d300 @A: 08 35 27 21 | 10
#1326-d300 @A: 12 08 27 31 | 12
#1327-d300 @A: 30 28 08 27 | 07
#1328-d300 @A: 27 03 14 26 | 09
#1329-d300 @A: 27 21 07 26 | 02
#1330-d300 @A: 31 26 27 35 | 04
#1331-d300 @A: 27 20 26 05 | 05
#1332-d300 @A: 04 27 31 03 | 03
#1333-d300 @A: 35 16 27 03 | 08
#1334-d300 @A: 27 30 20 03 | 01
#1335-d300 @A: 04 12 09 27 | 11
#1336-d300 @A: 27 09 16 14 | 06
#1337-d300 @A: 21 09 27 05 | 10
#1338-d300 @A: 31 20 09 27 | 12
#1339-d300 @A: 27 28 09 35 | 07
#1340-d300 @A: 30 09 27 07 | 09
#1341-d300 @A: 20 04 21 27 | 02
#1342-d300 @A: 35 30 27 04 | 04
#1343-d300 @A: 31 27 14 28 | 05
#1344-d300 @A: 35 27 07 14 | 03
#1345-d300 @A: 27 05 30 14 | 08
#1346-d300 @A: 30 21 27 16 | 01
#1347-d300 @A: 27 31 07 16 | 11
#1348-d300 @A: 20 28 27 16 | 06
#1349-d300 @A: 21 27 28 12 | 10
#1350-d300 @A: 05 28 27 07 | 12
#1351-d300 @A: 27 05 07 12 | 07
#1352-d300 @A: 02 25 10 35 | 09
#1353-d300 @A: 19 09 02 25 | 02
#1354-d300 @A: 25 33 04 02 | 04
#1355-d300 @A: 23 25 03 02 | 05
#1356-d300 @A: 22 25 07 02 | 03
#1357-d300 @A: 02 31 14 25 | 08
#1358-d300 @A: 25 02 31 12 | 01
#1359-d300 @A: 02 19 16 10 | 11
#1360-d300 @A: 04 10 02 23 | 06
#1361-d300 @A: 10 31 22 02 | 10
#1362-d300 @A: 29 02 03 10 | 12
#1363-d300 @A: 10 12 35 02 | 07
#1364-d300 @A: 19 21 02 33 | 09
#1365-d300 @A: 02 29 23 19 | 02
#1366-d300 @A: 26 19 22 02 | 04
#1367-d300 @A: 19 02 14 28 | 05
#1368-d300 @A: 23 33 30 02 | 03
#1369-d300 @A: 02 33 03 22 | 08
#1370-d300 @A: 16 33 26 02 | 01
#1371-d300 @A: 09 05 02 33 | 11
#1372-d300 @A: 31 02 28 33 | 06
#1373-d300 @A: 26 02 23 12 | 10
#1374-d300 @A: 02 21 23 35 | 12
#1375-d300 @A: 22 12 14 02 | 07
#1376-d300 @A: 20 02 35 22 | 09
#1377-d300 @A: 29 14 08 02 | 02
#1378-d300 @A: 09 16 29 02 | 04
#1379-d300 @A: 21 02 04 29 | 05
#1380-d300 @A: 20 30 29 02 | 03
#1381-d300 @A: 02 29 35 07 | 08
#1382-d300 @A: 12 02 07 29 | 01
#1383-d300 @A: 26 09 08 02 | 11
#1384-d300 @A: 31 03 02 08 | 06
#1385-d300 @A: 08 12 09 02 | 10
#1386-d300 @A: 07 04 08 02 | 12
#1387-d300 @A: 16 28 02 08 | 07
#1388-d300 @A: 08 21 20 02 | 09
#1389-d300 @A: 02 05 30 08 | 02
#1390-d300 @A: 02 26 35 03 | 04
#1391-d300 @A: 26 14 02 30 | 05
#1392-d300 @A: 21 26 05 02 | 03
#1393-d300 @A: 26 31 20 02 | 08
#1394-d300 @A: 02 03 21 09 | 01
#1395-d300 @A: 03 02 28 04 | 11
#1396-d300 @A: 20 02 16 03 | 06
#1397-d300 @A: 02 03 07 30 | 10
#1398-d300 @A: 35 02 31 09 | 12
#1399-d300 @A: 28 02 20 09 | 07
#1400-d300 @A: 02 04 35 14 | 09
#1401-d300 @A: 31 04 16 02 | 02
#1402-d300 @A: 21 12 02 04 | 04
#1403-d300 @A: 02 05 20 04 | 05
#1404-d300 @A: 21 16 02 14 | 03
#1405-d300 @A: 07 20 02 14 | 08
#1406-d300 @A: 16 20 12 02 | 01
#1407-d300 @A: 16 02 30 35 | 11
#1408-d300 @A: 21 31 30 02 | 06
#1409-d300 @A: 07 21 02 28 | 10
#1410-d300 @A: 31 02 05 07 | 12
#1411-d300 @A: 05 35 02 28 | 07
#1412-d300 @A: 02 28 07 12 | 09
#1413-d300 @A: 25 10 33 26 | 02
#1414-d300 @A: 23 20 25 10 | 04
#1415-d300 @A: 21 22 10 25 | 05
#1416-d300 @A: 04 25 03 10 | 03
#1417-d300 @A: 25 31 07 10 | 08
#1418-d300 @A: 20 12 10 25 | 01
#1419-d300 @A: 07 25 19 33 | 11
#1420-d300 @A: 19 25 23 05 | 06
#1421-d300 @A: 19 16 25 22 | 10
#1422-d300 @A: 25 29 19 26 | 12
#1423-d300 @A: 08 25 12 19 | 07
#1424-d300 @A: 25 31 19 20 | 09
#1425-d300 @A: 33 21 23 25 | 02
#1426-d300 @A: 33 22 25 31 | 04
#1427-d300 @A: 25 12 33 22 | 05
#1428-d300 @A: 23 12 25 03 | 03
#1429-d300 @A: 23 25 09 28 | 08
#1430-d300 @A: 28 25 05 22 | 01
#1431-d300 @A: 29 28 08 25 | 11
#1432-d300 @A: 07 29 25 03 | 06
#1433-d300 @A: 30 29 25 09 | 10
#1434-d300 @A: 25 31 29 04 | 12
#1435-d300 @A: 25 14 29 05 | 07
#1436-d300 @A: 16 21 25 29 | 09
#1437-d300 @A: 26 25 08 14 | 02
#1438-d300 @A: 25 09 08 07 | 04
#1439-d300 @A: 35 25 16 08 | 05
#1440-d300 @A: 25 31 08 05 | 03
#1441-d300 @A: 30 20 25 08 | 08
#1442-d300 @A: 03 26 25 16 | 01
#1443-d300 @A: 09 26 25 21 | 11
#1444-d300 @A: 21 12 26 25 | 06
#1445-d300 @A: 25 26 28 31 | 10
#1446-d300 @A: 07 35 26 25 | 12
#1447-d300 @A: 25 05 30 26 | 07
#1448-d300 @A: 25 03 09 31 | 09
#1449-d300 @A: 14 21 03 25 | 02
#1450-d300 @A: 25 35 03 05 | 04
#1451-d300 @A: 03 28 30 25 | 05
#1452-d300 @A: 14 25 04 09 | 03
#1453-d300 @A: 16 25 05 09 | 08
#1454-d300 @A: 20 09 25 35 | 01
#1455-d300 @A: 20 16 25 04 | 11
#1456-d300 @A: 21 05 25 04 | 06
#1457-d300 @A: 25 04 28 07 | 10
#1458-d300 @A: 25 07 14 16 | 12
#1459-d300 @A: 28 20 14 25 | 07
#1460-d300 @A: 30 16 31 25 | 09
#1461-d300 @A: 21 35 28 25 | 02
#1462-d300 @A: 07 20 05 25 | 04
#1463-d300 @A: 12 05 25 35 | 05
#1464-d300 @A: 12 30 25 07 | 03
#1465-d300 @A: 29 10 33 19 | 08
#1466-d300 @A: 23 19 22 10 | 01
#1467-d300 @A: 10 08 20 19 | 11
#1468-d300 @A: 14 10 35 19 | 06
#1469-d300 @A: 10 14 12 19 | 10
#1470-d300 @A: 05 30 19 10 | 12
#1471-d300 @A: 10 08 23 33 | 07
#1472-d300 @A: 10 33 09 22 | 09
#1473-d300 @A: 33 16 35 10 | 02
#1474-d300 @A: 33 21 10 31 | 04
#1475-d300 @A: 28 23 05 10 | 05
#1476-d300 @A: 22 05 10 26 | 03
#1477-d300 @A: 08 10 29 09 | 08
#1478-d300 @A: 07 26 29 10 | 01
#1479-d300 @A: 10 29 04 30 | 11
#1480-d300 @A: 29 28 14 10 | 06
#1481-d300 @A: 29 05 21 10 | 10
#1482-d300 @A: 29 10 31 20 | 12
#1483-d300 @A: 10 26 08 04 | 07
#1484-d300 @A: 03 08 28 10 | 09
#1485-d300 @A: 12 04 10 08 | 02
#1486-d300 @A: 05 14 08 10 | 04
#1487-d300 @A: 21 08 10 16 | 05
#1488-d300 @A: 10 35 08 30 | 03
#1489-d300 @A: 31 26 10 03 | 08
#1490-d300 @A: 20 10 26 09 | 01
#1491-d300 @A: 09 12 26 10 | 11
#1492-d300 @A: 26 16 10 14 | 06
#1493-d300 @A: 21 10 35 26 | 10
#1494-d300 @A: 26 10 30 28 | 12
#1495-d300 @A: 10 09 05 03 | 07
#1496-d300 @A: 03 07 14 10 | 09
#1497-d300 @A: 10 03 30 16 | 02
#1498-d300 @A: 35 10 09 04 | 04
#1499-d300 @A: 16 28 10 09 | 05
#1500-d300 @A: 09 10 31 30 | 03
#1501-d300 @A: 10 04 31 14 | 08
#1502-d300 @A: 21 28 10 04 | 01
#1503-d300 @A: 28 04 12 10 | 11
#1504-d300 @A: 07 04 10 05 | 06
#1505-d300 @A: 10 20 30 14 | 10
#1506-d300 @A: 31 16 10 05 | 12
#1507-d300 @A: 30 07 21 10 | 07
#1508-d300 @A: 30 21 10 12 | 09
#1509-d300 @A: 28 35 31 10 | 02
#1510-d300 @A: 05 35 20 10 | 04
#1511-d300 @A: 20 07 28 10 | 05
#1512-d300 @A: 23 19 33 26 | 03
#1513-d300 @A: 19 22 14 33 | 08
#1514-d300 @A: 19 16 30 23 | 01
#1515-d300 @A: 03 19 30 22 | 11
#1516-d300 @A: 29 08 19 03 | 06
#1517-d300 @A: 19 29 04 05 | 10
#1518-d300 @A: 07 19 16 29 | 12
#1519-d300 @A: 21 19 29 30 | 07
#1520-d300 @A: 29 19 35 28 | 09
#1521-d300 @A: 12 29 19 28 | 02
#1522-d300 @A: 08 09 19 16 | 04
#1523-d300 @A: 14 19 30 08 | 05
#1524-d300 @A: 07 08 31 19 | 03
#1525-d300 @A: 08 35 19 05 | 08
#1526-d300 @A: 08 12 19 07 | 01
#1527-d300 @A: 19 03 09 26 | 11
#1528-d300 @A: 20 04 19 26 | 06
#1529-d300 @A: 19 26 35 16 | 10
#1530-d300 @A: 30 19 31 26 | 12
#1531-d300 @A: 19 35 12 26 | 07
#1532-d300 @A: 19 26 05 28 | 09
#1533-d300 @A: 04 19 03 21 | 02
#1534-d300 @A: 31 19 03 14 | 04
#1535-d300 @A: 03 19 05 16 | 05
#1536-d300 @A: 03 19 28 20 | 03
#1537-d300 @A: 03 19 07 35 | 08
#1538-d300 @A: 19 05 12 03 | 01
#1539-d300 @A: 19 21 09 14 | 11
#1540-d300 @A: 05 09 31 19 | 06
#1541-d300 @A: 19 31 09 12 | 10
#1542-d300 @A: 09 19 07 20 | 12
#1543-d300 @A: 30 09 19 28 | 07
#1544-d300 @A: 14 04 19 16 | 09
#1545-d300 @A: 12 20 04 19 | 02
#1546-d300 @A: 07 19 30 04 | 04
#1547-d300 @A: 20 19 05 14 | 05
#1548-d300 @A: 19 21 20 16 | 03
#1549-d300 @A: 31 19 28 16 | 08
#1550-d300 @A: 31 35 19 21 | 01
#1551-d300 @A: 07 21 05 19 | 11
#1552-d300 @A: 30 20 19 35 | 06
#1553-d300 @A: 33 23 04 12 | 10
#1554-d300 @A: 23 33 07 20 | 12
#1555-d300 @A: 33 29 22 07 | 07
#1556-d300 @A: 29 08 21 33 | 09
#1557-d300 @A: 05 29 26 33 | 02
#1558-d300 @A: 28 29 03 33 | 04
#1559-d300 @A: 29 33 14 09 | 05
#1560-d300 @A: 04 29 20 33 | 03
#1561-d300 @A: 16 33 29 30 | 08
#1562-d300 @A: 35 31 33 29 | 01
#1563-d300 @A: 33 26 20 08 | 11
#1564-d300 @A: 28 33 08 09 | 06
#1565-d300 @A: 08 33 04 35 | 10
#1566-d300 @A: 33 08 14 07 | 12
#1567-d300 @A: 08 33 31 30 | 07
#1568-d300 @A: 04 03 26 33 | 09
#1569-d300 @A: 12 14 33 26 | 02
#1570-d300 @A: 07 26 33 31 | 04
#1571-d300 @A: 33 26 35 28 | 05
#1572-d300 @A: 07 03 33 09 | 03
#1573-d300 @A: 33 14 03 05 | 08
#1574-d300 @A: 03 20 33 21 | 01
#1575-d300 @A: 35 30 03 33 | 11
#1576-d300 @A: 12 03 30 33 | 06
#1577-d300 @A: 33 31 09 04 | 10
#1578-d300 @A: 21 16 33 09 | 12
#1579-d300 @A: 20 30 33 09 | 07
#1580-d300 @A: 07 33 12 09 | 09
#1581-d300 @A: 04 21 14 33 | 02
#1582-d300 @A: 16 04 33 05 | 04
#1583-d300 @A: 30 33 04 28 | 05
#1584-d300 @A: 14 35 20 33 | 03
#1585-d300 @A: 12 33 05 14 | 08
#1586-d300 @A: 16 33 20 31 | 01
#1587-d300 @A: 33 16 28 07 | 11
#1588-d300 @A: 21 07 33 35 | 06
#1589-d300 @A: 33 31 20 12 | 10
#1590-d300 @A: 28 33 20 05 | 12
#1591-d300 @A: 33 05 30 07 | 07
#1592-d300 @A: 21 22 23 29 | 09
#1593-d300 @A: 23 35 22 08 | 02
#1594-d300 @A: 23 22 26 03 | 04
#1595-d300 @A: 23 09 31 22 | 05
#1596-d300 @A: 07 23 04 22 | 03
#1597-d300 @A: 14 20 22 23 | 08
#1598-d300 @A: 22 28 23 16 | 01
#1599-d300 @A: 05 22 30 23 | 11
#1600-d300 @A: 08 29 12 23 | 06
#1601-d300 @A: 23 26 09 29 | 10
#1602-d300 @A: 03 14 29 23 | 12
#1603-d300 @A: 23 04 28 29 | 07
#1604-d300 @A: 16 20 29 23 | 09
#1605-d300 @A: 05 29 23 31 | 02
#1606-d300 @A: 23 30 29 35 | 04
#1607-d300 @A: 26 23 16 08 | 05
#1608-d300 @A: 20 03 08 23 | 03
#1609-d300 @A: 09 08 04 23 | 08
#1610-d300 @A: 23 08 21 05 | 01
#1611-d300 @A: 08 23 31 28 | 11
#1612-d300 @A: 08 23 30 07 | 06
#1613-d300 @A: 30 26 04 23 | 10
#1614-d300 @A: 26 23 35 14 | 12
#1615-d300 @A: 21 20 23 26 | 07
#1616-d300 @A: 26 07 23 28 | 09
#1617-d300 @A: 03 16 04 23 | 02
#1618-d300 @A: 03 23 21 31 | 04
#1619-d300 @A: 23 28 35 03 | 05
#1620-d300 @A: 05 03 07 23 | 03
#1621-d300 @A: 07 09 23 14 | 08
#1622-d300 @A: 23 16 35 09 | 01
#1623-d300 @A: 09 21 23 30 | 11
#1624-d300 @A: 09 20 05 23 | 06
#1625-d300 @A: 12 23 05 09 | 10
#1626-d300 @A: 04 23 20 31 | 12
#1627-d300 @A: 05 35 23 04 | 07
#1628-d300 @A: 23 05 16 14 | 09
#1629-d300 @A: 14 23 21 28 | 02
#1630-d300 @A: 12 23 14 21 | 04
#1631-d300 @A: 23 31 14 30 | 05
#1632-d300 @A: 23 16 07 21 | 03
#1633-d300 @A: 23 35 07 31 | 08
#1634-d300 @A: 35 12 20 23 | 01
#1635-d300 @A: 23 28 30 20 | 11
#1636-d300 @A: 12 23 30 28 | 06
#1637-d300 @A: 04 22 29 26 | 10
#1638-d300 @A: 16 29 22 03 | 12
#1639-d300 @A: 35 22 09 29 | 07
#1640-d300 @A: 22 14 31 29 | 09
#1641-d300 @A: 29 05 20 22 | 02
#1642-d300 @A: 20 22 29 12 | 04
#1643-d300 @A: 29 28 22 30 | 05
#1644-d300 @A: 07 26 22 08 | 03
#1645-d300 @A: 22 08 03 05 | 08
#1646-d300 @A: 09 22 08 30 | 01
#1647-d300 @A: 22 08 04 16 | 11
#1648-d300 @A: 08 21 31 22 | 06
#1649-d300 @A: 22 12 21 08 | 10
#1650-d300 @A: 08 28 20 22 | 12
#1651-d300 @A: 26 09 22 14 | 07
#1652-d300 @A: 26 22 16 20 | 09
#1653-d300 @A: 22 26 28 21 | 02
#1654-d300 @A: 35 26 30 22 | 04
#1655-d300 @A: 04 35 22 03 | 05
#1656-d300 @A: 28 03 14 22 | 03
#1657-d300 @A: 07 21 03 22 | 08
#1658-d300 @A: 31 03 20 22 | 01
#1659-d300 @A: 12 07 03 22 | 11
#1660-d300 @A: 04 09 05 22 | 06
#1661-d300 @A: 16 09 07 22 | 10
#1662-d300 @A: 21 09 20 22 | 12
#1663-d300 @A: 31 04 28 22 | 07
#1664-d300 @A: 22 20 30 04 | 09
#1665-d300 @A: 14 16 22 35 | 02
#1666-d300 @A: 30 14 22 21 | 04
#1667-d300 @A: 22 07 05 14 | 05
#1668-d300 @A: 22 16 21 05 | 03
#1669-d300 @A: 16 12 22 35 | 08
#1670-d300 @A: 31 05 22 35 | 01
#1671-d300 @A: 22 30 07 31 | 11
#1672-d300 @A: 22 35 07 28 | 06
#1673-d300 @A: 26 16 12 29 | 10
#1674-d300 @A: 35 03 29 12 | 12
#1675-d300 @A: 12 30 29 09 | 07
#1676-d300 @A: 29 12 04 05 | 09
#1677-d300 @A: 29 12 30 31 | 02
#1678-d300 @A: 14 12 08 28 | 04
#1679-d300 @A: 05 20 08 12 | 05
#1680-d300 @A: 08 30 35 12 | 03
#1681-d300 @A: 03 20 12 26 | 08
#1682-d300 @A: 12 05 30 26 | 01
#1683-d300 @A: 21 16 12 03 | 11
#1684-d300 @A: 12 03 28 20 | 06
#1685-d300 @A: 09 14 16 12 | 10
#1686-d300 @A: 12 35 28 09 | 12
#1687-d300 @A: 16 12 04 31 | 07
#1688-d300 @A: 31 14 12 07 | 09
#1689-d300 @A: 21 05 31 12 | 02
