#0001-d301 @A: 22 12 34 02 | 12
#0002-d301 @A: 29 34 22 16 | 04
#0003-d301 @A: 17 11 22 34 | 01
#0004-d301 @A: 21 34 22 23 | 03
#0005-d301 @A: 22 34 10 09 | 05
#0006-d301 @A: 34 22 14 26 | 02
#0007-d301 @A: 34 13 01 22 | 06
#0008-d301 @A: 34 22 20 03 | 10
#0009-d301 @A: 05 33 22 34 | 09
#0010-d301 @A: 34 06 24 22 | 08
#0011-d301 @A: 34 18 08 22 | 11
#0012-d301 @A: 19 32 34 22 | 07
#0013-d301 @A: 22 34 35 31 | 12
#0014-d301 @A: 22 30 34 07 | 04
#0015-d301 @A: 34 22 09 04 | 01
#0016-d301 @A: 28 34 22 15 | 03
#0017-d301 @A: 34 27 22 25 | 05
#0018-d301 @A: 29 34 09 12 | 02
#0019-d301 @A: 34 11 12 13 | 06
#0020-d301 @A: 23 25 12 34 | 10
#0021-d301 @A: 34 14 10 12 | 09
#0022-d301 @A: 12 21 17 34 | 08
#0023-d301 @A: 24 12 01 34 | 11
#0024-d301 @A: 03 12 05 34 | 07
#0025-d301 @A: 34 20 15 12 | 12
#0026-d301 @A: 30 12 34 06 | 04
#0027-d301 @A: 18 12 32 34 | 01
#0028-d301 @A: 19 27 34 12 | 03
#0029-d301 @A: 35 34 16 12 | 05
#0030-d301 @A: 12 07 34 33 | 02
#0031-d301 @A: 12 34 26 08 | 06
#0032-d301 @A: 34 28 12 31 | 10
#0033-d301 @A: 31 34 12 04 | 09
#0034-d301 @A: 11 28 29 34 | 08
#0035-d301 @A: 23 34 24 29 | 11
#0036-d301 @A: 34 10 13 29 | 07
#0037-d301 @A: 29 34 14 15 | 12
#0038-d301 @A: 21 31 34 29 | 04
#0039-d301 @A: 01 34 02 29 | 01
#0040-d301 @A: 03 29 08 34 | 03
#0041-d301 @A: 20 29 34 25 | 05
#0042-d301 @A: 29 05 17 34 | 02
#0043-d301 @A: 34 29 06 32 | 06
#0044-d301 @A: 34 18 29 26 | 10
#0045-d301 @A: 34 29 33 19 | 09
#0046-d301 @A: 35 29 34 30 | 08
#0047-d301 @A: 29 27 07 34 | 11
#0048-d301 @A: 34 13 29 04 | 07
#0049-d301 @A: 34 11 23 16 | 12
#0050-d301 @A: 11 34 18 10 | 04
#0051-d301 @A: 11 14 31 34 | 01
#0052-d301 @A: 02 11 21 34 | 03
#0053-d301 @A: 33 34 01 11 | 05
#0054-d301 @A: 11 03 34 09 | 02
#0055-d301 @A: 11 34 20 30 | 06
#0056-d301 @A: 05 32 34 11 | 10
#0057-d301 @A: 05 04 34 11 | 09
#0058-d301 @A: 25 06 11 34 | 08
#0059-d301 @A: 11 24 34 19 | 11
#0060-d301 @A: 11 35 34 15 | 07
#0061-d301 @A: 07 34 11 08 | 12
#0062-d301 @A: 26 11 27 34 | 04
#0063-d301 @A: 19 23 34 10 | 01
#0064-d301 @A: 23 14 34 30 | 03
#0065-d301 @A: 23 09 01 34 | 05
#0066-d301 @A: 03 34 27 23 | 02
#0067-d301 @A: 34 20 32 23 | 06
#0068-d301 @A: 34 23 05 26 | 10
#0069-d301 @A: 17 06 23 34 | 09
#0070-d301 @A: 18 31 34 23 | 08
#0071-d301 @A: 13 23 34 35 | 11
#0072-d301 @A: 34 07 23 02 | 07
#0073-d301 @A: 34 08 23 15 | 12
#0074-d301 @A: 28 34 23 33 | 04
#0075-d301 @A: 17 34 04 23 | 01
#0076-d301 @A: 34 21 10 16 | 03
#0077-d301 @A: 28 01 34 10 | 05
#0078-d301 @A: 34 10 03 32 | 02
#0079-d301 @A: 20 34 08 10 | 06
#0080-d301 @A: 20 10 34 04 | 10
#0081-d301 @A: 02 34 10 05 | 09
#0082-d301 @A: 27 34 10 06 | 08
#0083-d301 @A: 33 10 35 34 | 11
#0084-d301 @A: 17 34 07 10 | 07
#0085-d301 @A: 34 15 26 10 | 12
#0086-d301 @A: 25 34 30 10 | 04
#0087-d301 @A: 10 31 34 24 | 01
#0088-d301 @A: 34 14 08 21 | 03
#0089-d301 @A: 01 32 14 34 | 05
#0090-d301 @A: 34 03 14 16 | 02
#0091-d301 @A: 20 14 02 34 | 06
#0092-d301 @A: 05 24 14 34 | 10
#0093-d301 @A: 09 06 14 34 | 09
#0094-d301 @A: 14 18 34 33 | 08
#0095-d301 @A: 14 13 19 34 | 11
#0096-d301 @A: 34 28 35 14 | 07
#0097-d301 @A: 07 25 34 14 | 12
#0098-d301 @A: 34 14 24 04 | 04
#0099-d301 @A: 27 17 34 14 | 01
#0100-d301 @A: 34 21 27 01 | 03
#0101-d301 @A: 28 21 03 34 | 05
#0102-d301 @A: 34 21 19 20 | 02
#0103-d301 @A: 21 09 05 34 | 06
#0104-d301 @A: 15 06 21 34 | 10
#0105-d301 @A: 25 34 18 21 | 09
#0106-d301 @A: 07 34 35 21 | 08
#0107-d301 @A: 21 13 32 34 | 11
#0108-d301 @A: 26 24 34 21 | 07
#0109-d301 @A: 34 04 21 26 | 12
#0110-d301 @A: 30 21 33 34 | 04
#0111-d301 @A: 03 01 18 34 | 01
#0112-d301 @A: 20 26 01 34 | 03
#0113-d301 @A: 01 15 34 05 | 05
#0114-d301 @A: 01 06 34 31 | 02
#0115-d301 @A: 30 01 19 34 | 06
#0116-d301 @A: 17 34 01 35 | 10
#0117-d301 @A: 34 16 01 07 | 09
#0118-d301 @A: 25 08 01 34 | 08
#0119-d301 @A: 34 04 25 01 | 11
#0120-d301 @A: 34 03 13 06 | 07
#0121-d301 @A: 03 34 19 02 | 12
#0122-d301 @A: 25 03 34 35 | 04
#0123-d301 @A: 34 07 24 03 | 01
#0124-d301 @A: 07 04 34 03 | 03
#0125-d301 @A: 03 34 33 15 | 05
#0126-d301 @A: 26 34 03 17 | 02
#0127-d301 @A: 34 30 31 03 | 06
#0128-d301 @A: 20 05 34 28 | 10
#0129-d301 @A: 06 20 34 33 | 09
#0130-d301 @A: 20 17 18 34 | 08
#0131-d301 @A: 20 35 09 34 | 11
#0132-d301 @A: 07 34 13 20 | 07
#0133-d301 @A: 24 34 20 16 | 12
#0134-d301 @A: 27 31 20 34 | 04
#0135-d301 @A: 06 16 34 05 | 01
#0136-d301 @A: 05 18 34 13 | 03
#0137-d301 @A: 34 19 25 05 | 05
#0138-d301 @A: 35 34 05 27 | 02
#0139-d301 @A: 34 31 05 07 | 06
#0140-d301 @A: 30 08 34 05 | 10
#0141-d301 @A: 18 02 06 34 | 09
#0142-d301 @A: 19 28 34 06 | 08
#0143-d301 @A: 08 35 06 34 | 11
#0144-d301 @A: 07 26 34 06 | 07
#0145-d301 @A: 04 06 34 32 | 12
#0146-d301 @A: 34 09 18 19 | 04
#0147-d301 @A: 34 18 35 24 | 01
#0148-d301 @A: 04 18 34 35 | 03
#0149-d301 @A: 28 18 34 07 | 05
#0150-d301 @A: 15 18 34 16 | 02
#0151-d301 @A: 34 18 27 30 | 06
#0152-d301 @A: 34 26 19 35 | 10
#0153-d301 @A: 15 34 19 07 | 09
#0154-d301 @A: 19 31 16 34 | 08
#0155-d301 @A: 19 17 34 08 | 11
#0156-d301 @A: 08 19 34 04 | 07
#0157-d301 @A: 35 32 34 02 | 12
#0158-d301 @A: 07 09 34 32 | 04
#0159-d301 @A: 25 32 34 15 | 01
#0160-d301 @A: 34 32 33 24 | 03
#0161-d301 @A: 16 27 32 34 | 05
#0162-d301 @A: 32 30 34 26 | 02
#0163-d301 @A: 28 32 08 34 | 06
#0164-d301 @A: 32 17 31 34 | 10
#0165-d301 @A: 30 15 34 09 | 09
#0166-d301 @A: 34 09 31 25 | 08
#0167-d301 @A: 17 09 34 24 | 11
#0168-d301 @A: 33 27 34 09 | 07
#0169-d301 @A: 16 09 08 34 | 12
#0170-d301 @A: 26 09 34 28 | 04
#0171-d301 @A: 09 02 13 34 | 01
#0172-d301 @A: 27 15 34 24 | 03
#0173-d301 @A: 13 34 15 31 | 05
#0174-d301 @A: 34 15 33 04 | 02
#0175-d301 @A: 34 02 17 15 | 06
#0176-d301 @A: 25 34 24 28 | 10
#0177-d301 @A: 25 34 16 26 | 09
#0178-d301 @A: 17 13 34 25 | 08
#0179-d301 @A: 34 04 30 25 | 11
#0180-d301 @A: 33 02 34 25 | 07
#0181-d301 @A: 30 24 34 13 | 12
#0182-d301 @A: 02 34 08 24 | 04
#0183-d301 @A: 27 16 34 04 | 01
#0184-d301 @A: 34 27 08 13 | 03
#0185-d301 @A: 27 28 02 34 | 05
#0186-d301 @A: 13 16 28 34 | 02
#0187-d301 @A: 34 02 30 16 | 06
#0188-d301 @A: 33 34 16 17 | 10
#0189-d301 @A: 33 13 34 26 | 09
#0190-d301 @A: 31 26 34 02 | 08
#0191-d301 @A: 28 34 17 30 | 11
#0192-d301 @A: 34 02 28 04 | 07
#0193-d301 @A: 34 08 31 33 | 12
#0194-d301 @A: 22 12 32 29 | 04
#0195-d301 @A: 09 22 11 12 | 01
#0196-d301 @A: 13 22 12 23 | 03
#0197-d301 @A: 33 12 10 22 | 05
#0198-d301 @A: 14 22 25 12 | 02
#0199-d301 @A: 21 15 22 12 | 06
#0200-d301 @A: 22 26 12 01 | 10
#0201-d301 @A: 22 12 03 17 | 09
#0202-d301 @A: 30 12 20 22 | 08
#0203-d301 @A: 05 22 12 24 | 11
#0204-d301 @A: 06 22 27 12 | 07
#0205-d301 @A: 22 16 18 12 | 12
#0206-d301 @A: 19 08 12 22 | 04
#0207-d301 @A: 12 22 28 35 | 01
#0208-d301 @A: 07 12 31 22 | 03
#0209-d301 @A: 22 04 12 30 | 05
#0210-d301 @A: 11 22 29 31 | 02
#0211-d301 @A: 29 22 23 05 | 06
#0212-d301 @A: 28 10 22 29 | 10
#0213-d301 @A: 14 19 29 22 | 09
#0214-d301 @A: 25 29 22 21 | 08
#0215-d301 @A: 01 22 09 29 | 11
#0216-d301 @A: 29 03 15 22 | 07
#0217-d301 @A: 24 22 29 20 | 12
#0218-d301 @A: 08 29 22 06 | 04
#0219-d301 @A: 22 29 17 18 | 01
#0220-d301 @A: 29 33 22 35 | 03
#0221-d301 @A: 02 07 29 22 | 05
#0222-d301 @A: 22 29 27 30 | 02
#0223-d301 @A: 22 04 29 27 | 06
#0224-d301 @A: 13 26 22 29 | 10
#0225-d301 @A: 11 23 22 08 | 09
#0226-d301 @A: 22 27 10 11 | 08
#0227-d301 @A: 32 14 11 22 | 11
#0228-d301 @A: 21 22 33 11 | 07
#0229-d301 @A: 16 01 22 11 | 12
#0230-d301 @A: 03 11 22 24 | 04
#0231-d301 @A: 22 11 20 25 | 01
#0232-d301 @A: 22 02 11 05 | 03
#0233-d301 @A: 06 15 22 11 | 05
#0234-d301 @A: 30 18 22 11 | 02
#0235-d301 @A: 19 28 11 22 | 06
#0236-d301 @A: 22 26 35 11 | 10
#0237-d301 @A: 07 22 11 13 | 09
#0238-d301 @A: 11 02 04 22 | 08
#0239-d301 @A: 23 10 16 22 | 11
#0240-d301 @A: 23 22 14 02 | 07
#0241-d301 @A: 23 18 22 01 | 12
#0242-d301 @A: 23 22 28 03 | 04
#0243-d301 @A: 27 23 22 20 | 01
#0244-d301 @A: 06 32 22 23 | 03
#0245-d301 @A: 22 19 09 23 | 05
#0246-d301 @A: 35 23 22 17 | 02
#0247-d301 @A: 04 35 22 23 | 06
#0248-d301 @A: 15 07 23 22 | 10
#0249-d301 @A: 33 22 23 25 | 09
#0250-d301 @A: 23 22 24 26 | 08
#0251-d301 @A: 30 22 31 23 | 11
#0252-d301 @A: 14 08 10 22 | 07
#0253-d301 @A: 21 22 10 20 | 12
#0254-d301 @A: 01 10 32 22 | 04
#0255-d301 @A: 22 19 10 03 | 01
#0256-d301 @A: 05 10 22 15 | 03
#0257-d301 @A: 22 06 17 10 | 05
#0258-d301 @A: 18 10 31 22 | 02
#0259-d301 @A: 35 10 22 25 | 06
#0260-d301 @A: 07 10 22 26 | 10
#0261-d301 @A: 22 04 10 32 | 09
#0262-d301 @A: 13 22 24 10 | 08
#0263-d301 @A: 22 30 02 10 | 11
#0264-d301 @A: 04 22 10 08 | 07
#0265-d301 @A: 16 14 21 22 | 12
#0266-d301 @A: 01 14 33 22 | 04
#0267-d301 @A: 22 31 03 14 | 01
#0268-d301 @A: 20 22 14 13 | 03
#0269-d301 @A: 20 14 22 04 | 05
#0270-d301 @A: 22 05 14 17 | 02
#0271-d301 @A: 06 30 22 14 | 06
#0272-d301 @A: 09 22 18 14 | 10
#0273-d301 @A: 22 14 35 15 | 09
#0274-d301 @A: 07 14 22 27 | 08
#0275-d301 @A: 24 22 28 14 | 11
#0276-d301 @A: 22 21 01 24 | 07
#0277-d301 @A: 22 21 09 03 | 12
#0278-d301 @A: 22 27 05 21 | 04
#0279-d301 @A: 21 06 22 31 | 01
#0280-d301 @A: 26 18 21 22 | 03
#0281-d301 @A: 19 21 13 22 | 05
#0282-d301 @A: 22 21 35 08 | 02
#0283-d301 @A: 07 32 22 21 | 06
#0284-d301 @A: 22 04 21 16 | 10
#0285-d301 @A: 30 28 22 21 | 09
#0286-d301 @A: 22 17 21 02 | 08
#0287-d301 @A: 01 30 03 22 | 11
#0288-d301 @A: 01 20 15 22 | 07
#0289-d301 @A: 08 05 22 01 | 12
#0290-d301 @A: 06 22 01 19 | 04
#0291-d301 @A: 01 35 27 22 | 01
#0292-d301 @A: 22 01 07 17 | 03
#0293-d301 @A: 01 25 22 02 | 05
#0294-d301 @A: 28 31 01 22 | 02
#0295-d301 @A: 04 22 17 01 | 06
#0296-d301 @A: 03 22 26 05 | 10
#0297-d301 @A: 22 06 03 02 | 09
#0298-d301 @A: 32 03 22 18 | 08
#0299-d301 @A: 16 03 22 35 | 11
#0300-d301 @A: 07 03 22 08 | 07
#0301-d301 @A: 04 15 22 03 | 12
#0302-d301 @A: 22 03 25 13 | 04
#0303-d301 @A: 27 03 22 33 | 01
#0304-d301 @A: 20 32 05 22 | 03
#0305-d301 @A: 22 06 20 16 | 05
#0306-d301 @A: 18 20 28 22 | 02
#0307-d301 @A: 19 22 02 20 | 06
#0308-d301 @A: 07 20 22 35 | 10
#0309-d301 @A: 22 09 08 20 | 09
#0310-d301 @A: 17 26 20 22 | 08
#0311-d301 @A: 22 33 20 31 | 11
#0312-d301 @A: 09 06 22 05 | 07
#0313-d301 @A: 25 22 05 18 | 12
#0314-d301 @A: 19 22 05 16 | 04
#0315-d301 @A: 35 30 22 05 | 01
#0316-d301 @A: 22 05 28 07 | 03
#0317-d301 @A: 22 26 04 05 | 05
#0318-d301 @A: 31 13 22 05 | 02
#0319-d301 @A: 22 06 33 18 | 06
#0320-d301 @A: 06 35 22 13 | 10
#0321-d301 @A: 25 07 06 22 | 09
#0322-d301 @A: 25 22 04 06 | 08
#0323-d301 @A: 26 22 28 06 | 11
#0324-d301 @A: 19 18 27 22 | 07
#0325-d301 @A: 22 35 18 02 | 12
#0326-d301 @A: 24 18 22 07 | 04
#0327-d301 @A: 15 13 18 22 | 01
#0328-d301 @A: 31 04 18 22 | 03
#0329-d301 @A: 35 22 24 19 | 05
#0330-d301 @A: 07 19 33 22 | 02
#0331-d301 @A: 31 19 22 15 | 06
#0332-d301 @A: 22 25 26 19 | 10
#0333-d301 @A: 13 22 04 19 | 09
#0334-d301 @A: 22 17 30 19 | 08
#0335-d301 @A: 09 32 22 35 | 11
#0336-d301 @A: 22 07 16 09 | 07
#0337-d301 @A: 33 22 07 04 | 12
#0338-d301 @A: 30 22 32 15 | 04
#0339-d301 @A: 22 31 32 25 | 01
#0340-d301 @A: 24 17 22 32 | 03
#0341-d301 @A: 27 32 26 22 | 05
#0342-d301 @A: 16 22 08 32 | 02
#0343-d301 @A: 13 22 02 32 | 06
#0344-d301 @A: 33 32 28 22 | 10
#0345-d301 @A: 09 15 25 22 | 09
#0346-d301 @A: 22 24 09 30 | 08
#0347-d301 @A: 09 27 13 22 | 11
#0348-d301 @A: 09 22 31 26 | 07
#0349-d301 @A: 28 09 22 02 | 12
#0350-d301 @A: 17 22 09 33 | 04
#0351-d301 @A: 22 08 15 24 | 01
#0352-d301 @A: 27 15 17 22 | 03
#0353-d301 @A: 22 33 15 16 | 05
#0354-d301 @A: 26 02 15 22 | 02
#0355-d301 @A: 25 24 22 16 | 06
#0356-d301 @A: 25 22 30 08 | 10
#0357-d301 @A: 25 17 22 28 | 09
#0358-d301 @A: 24 27 31 22 | 08
#0359-d301 @A: 04 22 28 24 | 11
#0360-d301 @A: 24 22 02 33 | 07
#0361-d301 @A: 27 22 16 28 | 12
#0362-d301 @A: 02 27 22 08 | 04
#0363-d301 @A: 26 30 22 16 | 01
#0364-d301 @A: 17 16 22 13 | 03
#0365-d301 @A: 02 22 16 31 | 05
#0366-d301 @A: 33 26 22 08 | 02
#0367-d301 @A: 30 13 22 33 | 06
#0368-d301 @A: 22 13 08 28 | 10
#0369-d301 @A: 08 31 22 17 | 09
#0370-d301 @A: 12 29 06 11 | 08
#0371-d301 @A: 23 12 30 29 | 11
#0372-d301 @A: 12 17 10 29 | 07
#0373-d301 @A: 26 12 14 29 | 12
#0374-d301 @A: 29 12 08 21 | 04
#0375-d301 @A: 29 12 01 18 | 01
#0376-d301 @A: 12 04 29 01 | 03
#0377-d301 @A: 31 03 12 29 | 05
#0378-d301 @A: 20 29 12 13 | 02
#0379-d301 @A: 33 12 29 05 | 06
#0380-d301 @A: 12 29 19 24 | 10
#0381-d301 @A: 29 07 12 35 | 09
#0382-d301 @A: 29 15 12 25 | 08
#0383-d301 @A: 27 12 28 29 | 11
#0384-d301 @A: 12 16 02 29 | 07
#0385-d301 @A: 11 23 33 12 | 12
#0386-d301 @A: 10 28 12 11 | 04
#0387-d301 @A: 24 12 11 14 | 01
#0388-d301 @A: 21 12 27 11 | 03
#0389-d301 @A: 05 01 12 11 | 05
#0390-d301 @A: 03 12 02 11 | 02
#0391-d301 @A: 12 11 08 20 | 06
#0392-d301 @A: 11 18 15 12 | 10
#0393-d301 @A: 12 19 11 17 | 09
#0394-d301 @A: 11 35 30 12 | 08
#0395-d301 @A: 07 12 11 25 | 11
#0396-d301 @A: 12 32 11 31 | 07
#0397-d301 @A: 15 04 12 11 | 12
#0398-d301 @A: 11 16 12 26 | 04
#0399-d301 @A: 15 12 23 10 | 01
#0400-d301 @A: 17 12 23 14 | 03
#0401-d301 @A: 04 23 12 14 | 05
#0402-d301 @A: 23 26 12 21 | 02
#0403-d301 @A: 27 01 12 23 | 06
#0404-d301 @A: 08 12 03 23 | 10
#0405-d301 @A: 12 05 20 23 | 09
#0406-d301 @A: 09 06 12 23 | 08
#0407-d301 @A: 12 23 02 18 | 11
#0408-d301 @A: 23 19 12 16 | 07
#0409-d301 @A: 31 35 23 12 | 12
#0410-d301 @A: 12 32 23 07 | 04
#0411-d301 @A: 12 28 23 24 | 01
#0412-d301 @A: 09 12 21 10 | 03
#0413-d301 @A: 01 10 13 12 | 05
#0414-d301 @A: 12 27 10 03 | 02
#0415-d301 @A: 10 20 12 25 | 06
#0416-d301 @A: 05 12 30 10 | 10
#0417-d301 @A: 16 10 12 06 | 09
#0418-d301 @A: 18 10 26 12 | 08
#0419-d301 @A: 10 12 32 19 | 11
#0420-d301 @A: 35 10 08 12 | 07
#0421-d301 @A: 12 24 10 07 | 12
#0422-d301 @A: 10 04 12 09 | 04
#0423-d301 @A: 10 31 02 12 | 01
#0424-d301 @A: 31 21 12 14 | 03
#0425-d301 @A: 14 12 30 01 | 05
#0426-d301 @A: 03 33 12 14 | 02
#0427-d301 @A: 19 12 20 14 | 06
#0428-d301 @A: 05 15 12 14 | 10
#0429-d301 @A: 18 12 14 06 | 09
#0430-d301 @A: 35 14 27 12 | 08
#0431-d301 @A: 13 14 07 12 | 11
#0432-d301 @A: 32 12 14 16 | 07
#0433-d301 @A: 14 12 28 09 | 12
#0434-d301 @A: 12 08 14 02 | 04
#0435-d301 @A: 01 12 16 21 | 01
#0436-d301 @A: 21 12 03 32 | 03
#0437-d301 @A: 20 28 12 21 | 05
#0438-d301 @A: 12 05 21 25 | 02
#0439-d301 @A: 06 12 21 33 | 06
#0440-d301 @A: 18 12 13 21 | 10
#0441-d301 @A: 21 04 12 18 | 09
#0442-d301 @A: 30 12 19 21 | 08
#0443-d301 @A: 12 24 35 21 | 11
#0444-d301 @A: 21 12 02 07 | 07
#0445-d301 @A: 12 25 01 03 | 12
#0446-d301 @A: 20 01 12 17 | 04
#0447-d301 @A: 15 06 12 01 | 01
#0448-d301 @A: 01 19 12 02 | 03
#0449-d301 @A: 01 12 32 35 | 05
#0450-d301 @A: 01 12 07 28 | 02
#0451-d301 @A: 31 12 09 01 | 06
#0452-d301 @A: 01 08 33 12 | 10
#0453-d301 @A: 20 16 03 12 | 09
#0454-d301 @A: 28 12 03 06 | 08
#0455-d301 @A: 18 03 12 30 | 11
#0456-d301 @A: 12 03 19 15 | 07
#0457-d301 @A: 13 03 12 35 | 12
#0458-d301 @A: 12 07 26 03 | 04
#0459-d301 @A: 03 04 12 32 | 01
#0460-d301 @A: 03 09 24 12 | 03
#0461-d301 @A: 31 12 06 20 | 05
#0462-d301 @A: 18 20 09 12 | 02
#0463-d301 @A: 12 20 26 35 | 06
#0464-d301 @A: 07 20 27 12 | 10
#0465-d301 @A: 12 32 20 33 | 09
#0466-d301 @A: 12 02 20 24 | 08
#0467-d301 @A: 17 04 12 20 | 11
#0468-d301 @A: 06 12 05 17 | 07
#0469-d301 @A: 05 31 12 18 | 12
#0470-d301 @A: 19 26 12 05 | 04
#0471-d301 @A: 12 35 09 05 | 01
#0472-d301 @A: 07 12 16 05 | 03
#0473-d301 @A: 12 32 05 28 | 05
#0474-d301 @A: 04 12 24 05 | 02
#0475-d301 @A: 27 05 12 08 | 06
#0476-d301 @A: 02 05 12 13 | 10
#0477-d301 @A: 06 12 25 19 | 09
#0478-d301 @A: 12 06 02 35 | 08
#0479-d301 @A: 08 07 12 06 | 11
#0480-d301 @A: 07 06 12 04 | 07
#0481-d301 @A: 26 12 32 06 | 12
#0482-d301 @A: 06 12 24 13 | 04
#0483-d301 @A: 19 28 12 18 | 01
#0484-d301 @A: 25 35 18 12 | 03
#0485-d301 @A: 18 17 07 12 | 05
#0486-d301 @A: 18 08 12 24 | 02
#0487-d301 @A: 33 18 27 12 | 06
#0488-d301 @A: 35 12 33 19 | 10
#0489-d301 @A: 09 19 07 12 | 09
#0490-d301 @A: 12 31 19 13 | 08
#0491-d301 @A: 33 04 19 12 | 11
#0492-d301 @A: 12 07 04 35 | 07
#0493-d301 @A: 15 12 17 35 | 12
#0494-d301 @A: 07 15 30 12 | 04
#0495-d301 @A: 32 09 30 12 | 01
#0496-d301 @A: 13 15 12 32 | 03
#0497-d301 @A: 32 08 12 25 | 05
#0498-d301 @A: 24 32 12 27 | 02
#0499-d301 @A: 32 12 02 17 | 06
#0500-d301 @A: 15 09 08 12 | 10
#0501-d301 @A: 12 13 09 25 | 09
#0502-d301 @A: 17 27 09 12 | 08
#0503-d301 @A: 33 12 09 16 | 11
#0504-d301 @A: 26 02 12 09 | 07
#0505-d301 @A: 33 24 15 12 | 12
#0506-d301 @A: 16 15 27 12 | 04
#0507-d301 @A: 15 26 31 12 | 01
#0508-d301 @A: 15 02 28 12 | 03
#0509-d301 @A: 25 12 24 31 | 05
#0510-d301 @A: 27 25 02 12 | 02
#0511-d301 @A: 16 28 25 12 | 06
#0512-d301 @A: 16 12 04 25 | 10
#0513-d301 @A: 33 25 12 26 | 09
#0514-d301 @A: 25 12 30 17 | 08
#0515-d301 @A: 17 16 12 24 | 11
#0516-d301 @A: 24 30 26 12 | 07
#0517-d301 @A: 26 12 13 27 | 12
#0518-d301 @A: 31 27 30 12 | 04
#0519-d301 @A: 27 12 08 04 | 01
#0520-d301 @A: 16 30 12 13 | 03
#0521-d301 @A: 12 08 31 16 | 05
#0522-d301 @A: 17 12 28 26 | 02
#0523-d301 @A: 26 04 02 12 | 06
#0524-d301 @A: 12 28 13 33 | 10
#0525-d301 @A: 04 12 13 28 | 09
#0526-d301 @A: 08 13 17 12 | 08
#0527-d301 @A: 28 12 30 08 | 11
#0528-d301 @A: 30 33 12 02 | 07
#0529-d301 @A: 17 31 33 12 | 12
#0530-d301 @A: 27 11 29 23 | 04
#0531-d301 @A: 10 15 29 11 | 01
#0532-d301 @A: 11 29 01 14 | 03
#0533-d301 @A: 21 11 30 29 | 05
#0534-d301 @A: 11 03 32 29 | 02
#0535-d301 @A: 20 29 11 33 | 06
#0536-d301 @A: 24 05 11 29 | 10
#0537-d301 @A: 29 18 11 25 | 09
#0538-d301 @A: 04 29 11 18 | 08
#0539-d301 @A: 29 11 02 19 | 11
#0540-d301 @A: 29 13 35 11 | 07
#0541-d301 @A: 29 07 16 11 | 12
#0542-d301 @A: 26 29 11 09 | 04
#0543-d301 @A: 11 29 08 17 | 01
#0544-d301 @A: 23 25 29 10 | 03
#0545-d301 @A: 33 23 14 29 | 05
#0546-d301 @A: 29 21 02 23 | 02
#0547-d301 @A: 29 01 23 31 | 06
#0548-d301 @A: 23 29 13 03 | 10
#0549-d301 @A: 23 20 29 09 | 09
#0550-d301 @A: 16 06 23 29 | 08
#0551-d301 @A: 23 29 18 15 | 11
#0552-d301 @A: 19 29 23 28 | 07
#0553-d301 @A: 29 23 35 26 | 12
#0554-d301 @A: 07 29 08 23 | 04
#0555-d301 @A: 23 29 17 32 | 01
#0556-d301 @A: 24 23 29 04 | 03
#0557-d301 @A: 29 14 21 10 | 05
#0558-d301 @A: 27 29 10 01 | 02
#0559-d301 @A: 02 29 03 10 | 06
#0560-d301 @A: 31 10 29 20 | 10
#0561-d301 @A: 26 10 05 29 | 09
#0562-d301 @A: 06 29 24 10 | 08
#0563-d301 @A: 18 16 29 10 | 11
#0564-d301 @A: 09 29 19 10 | 07
#0565-d301 @A: 29 19 10 04 | 12
#0566-d301 @A: 29 32 35 10 | 04
#0567-d301 @A: 33 07 29 10 | 01
#0568-d301 @A: 10 30 08 29 | 03
#0569-d301 @A: 03 24 14 29 | 05
#0570-d301 @A: 04 03 29 14 | 02
#0571-d301 @A: 30 29 14 20 | 06
#0572-d301 @A: 14 29 05 25 | 10
#0573-d301 @A: 14 29 06 17 | 09
#0574-d301 @A: 29 14 31 18 | 08
#0575-d301 @A: 35 14 29 08 | 11
#0576-d301 @A: 07 28 14 29 | 07
#0577-d301 @A: 27 14 29 32 | 12
#0578-d301 @A: 09 29 14 02 | 04
#0579-d301 @A: 13 16 29 14 | 01
#0580-d301 @A: 01 21 32 29 | 03
#0581-d301 @A: 29 05 03 21 | 05
#0582-d301 @A: 27 29 21 20 | 02
#0583-d301 @A: 29 21 06 13 | 06
#0584-d301 @A: 24 18 21 29 | 10
#0585-d301 @A: 19 29 15 21 | 09
#0586-d301 @A: 28 21 35 29 | 08
#0587-d301 @A: 21 26 07 29 | 11
#0588-d301 @A: 33 29 21 09 | 07
#0589-d301 @A: 17 21 16 29 | 12
#0590-d301 @A: 33 04 21 29 | 04
#0591-d301 @A: 03 29 01 16 | 01
#0592-d301 @A: 20 29 08 01 | 03
#0593-d301 @A: 30 29 01 05 | 05
#0594-d301 @A: 01 29 06 25 | 02
#0595-d301 @A: 29 26 01 19 | 06
#0596-d301 @A: 29 24 01 35 | 10
#0597-d301 @A: 01 15 29 07 | 09
#0598-d301 @A: 13 01 17 29 | 08
#0599-d301 @A: 33 28 29 01 | 11
#0600-d301 @A: 20 26 03 29 | 07
#0601-d301 @A: 03 33 06 29 | 12
#0602-d301 @A: 03 18 28 29 | 04
#0603-d301 @A: 03 25 19 29 | 01
#0604-d301 @A: 35 03 29 09 | 03
#0605-d301 @A: 07 03 30 29 | 05
#0606-d301 @A: 17 03 29 27 | 02
#0607-d301 @A: 05 29 20 15 | 06
#0608-d301 @A: 29 20 06 28 | 10
#0609-d301 @A: 18 02 29 20 | 09
#0610-d301 @A: 20 32 29 19 | 08
#0611-d301 @A: 16 35 29 20 | 11
#0612-d301 @A: 17 07 20 29 | 07
#0613-d301 @A: 04 20 25 29 | 12
#0614-d301 @A: 18 06 29 05 | 04
#0615-d301 @A: 19 05 29 31 | 01
#0616-d301 @A: 02 35 05 29 | 03
#0617-d301 @A: 29 05 32 07 | 05
#0618-d301 @A: 32 04 05 29 | 02
#0619-d301 @A: 29 09 27 05 | 06
#0620-d301 @A: 05 16 29 08 | 10
#0621-d301 @A: 13 28 29 05 | 09
#0622-d301 @A: 27 29 19 06 | 08
#0623-d301 @A: 15 06 29 35 | 11
#0624-d301 @A: 06 31 29 07 | 07
#0625-d301 @A: 06 29 09 30 | 12
#0626-d301 @A: 29 06 26 02 | 04
#0627-d301 @A: 06 29 04 30 | 01
#0628-d301 @A: 08 18 29 19 | 03
#0629-d301 @A: 27 18 35 29 | 05
#0630-d301 @A: 07 18 29 09 | 02
#0631-d301 @A: 29 30 32 18 | 06
#0632-d301 @A: 13 33 18 29 | 10
#0633-d301 @A: 19 29 17 35 | 09
#0634-d301 @A: 07 19 29 13 | 08
#0635-d301 @A: 30 19 29 16 | 11
#0636-d301 @A: 29 35 31 25 | 07
#0637-d301 @A: 29 35 04 02 | 12
#0638-d301 @A: 15 04 07 29 | 04
#0639-d301 @A: 24 07 25 29 | 01
#0640-d301 @A: 09 29 31 32 | 03
#0641-d301 @A: 32 29 08 15 | 05
#0642-d301 @A: 29 25 13 32 | 02
#0643-d301 @A: 24 28 29 32 | 06
#0644-d301 @A: 26 32 16 29 | 10
#0645-d301 @A: 33 02 29 32 | 09
#0646-d301 @A: 15 13 09 29 | 08
#0647-d301 @A: 08 29 09 25 | 11
#0648-d301 @A: 25 04 29 09 | 07
#0649-d301 @A: 09 16 29 24 | 12
#0650-d301 @A: 29 28 09 17 | 04
#0651-d301 @A: 24 31 29 15 | 01
#0652-d301 @A: 27 15 02 29 | 03
#0653-d301 @A: 28 15 16 29 | 05
#0654-d301 @A: 26 15 33 29 | 02
#0655-d301 @A: 29 30 15 17 | 06
#0656-d301 @A: 29 16 27 25 | 10
#0657-d301 @A: 25 30 26 29 | 09
#0658-d301 @A: 25 29 02 28 | 08
#0659-d301 @A: 29 33 17 25 | 11
#0660-d301 @A: 29 24 26 27 | 07
#0661-d301 @A: 13 24 29 08 | 12
#0662-d301 @A: 30 33 29 24 | 04
#0663-d301 @A: 02 17 29 24 | 01
#0664-d301 @A: 31 27 13 29 | 03
#0665-d301 @A: 08 27 33 29 | 05
#0666-d301 @A: 29 08 16 04 | 02
#0667-d301 @A: 33 29 31 16 | 06
#0668-d301 @A: 26 29 08 28 | 10
#0669-d301 @A: 17 26 29 31 | 09
#0670-d301 @A: 04 26 17 29 | 08
#0671-d301 @A: 02 13 30 29 | 11
#0672-d301 @A: 28 29 30 31 | 07
#0673-d301 @A: 29 28 31 04 | 12
#0674-d301 @A: 08 29 31 02 | 04
#0675-d301 @A: 11 02 23 10 | 01
#0676-d301 @A: 23 11 14 13 | 03
#0677-d301 @A: 21 11 24 23 | 05
#0678-d301 @A: 11 01 23 15 | 02
#0679-d301 @A: 25 23 03 11 | 06
#0680-d301 @A: 11 23 20 18 | 10
#0681-d301 @A: 20 23 04 11 | 09
#0682-d301 @A: 23 30 05 11 | 08
#0683-d301 @A: 11 31 06 23 | 11
#0684-d301 @A: 23 32 19 11 | 07
#0685-d301 @A: 09 35 11 23 | 12
#0686-d301 @A: 23 07 17 11 | 04
#0687-d301 @A: 26 28 23 11 | 01
#0688-d301 @A: 16 10 11 14 | 03
#0689-d301 @A: 21 10 06 11 | 05
#0690-d301 @A: 09 11 10 01 | 02
#0691-d301 @A: 11 33 10 03 | 06
#0692-d301 @A: 10 11 20 24 | 10
#0693-d301 @A: 05 25 10 11 | 09
#0694-d301 @A: 11 19 10 30 | 08
#0695-d301 @A: 11 35 10 17 | 11
#0696-d301 @A: 10 32 11 07 | 07
#0697-d301 @A: 11 16 04 10 | 12
#0698-d301 @A: 10 26 13 11 | 04
#0699-d301 @A: 11 31 10 08 | 01
#0700-d301 @A: 25 11 21 14 | 03
#0701-d301 @A: 14 03 11 28 | 05
#0702-d301 @A: 11 09 20 14 | 02
#0703-d301 @A: 05 11 18 14 | 06
#0704-d301 @A: 06 26 14 11 | 10
#0705-d301 @A: 14 11 19 27 | 09
#0706-d301 @A: 14 11 35 33 | 08
#0707-d301 @A: 14 11 30 07 | 11
#0708-d301 @A: 08 11 14 15 | 07
#0709-d301 @A: 25 04 11 14 | 12
#0710-d301 @A: 17 14 11 02 | 04
#0711-d301 @A: 26 21 11 01 | 01
#0712-d301 @A: 21 11 03 16 | 03
#0713-d301 @A: 11 32 21 20 | 05
#0714-d301 @A: 05 13 11 21 | 02
#0715-d301 @A: 11 18 17 21 | 06
#0716-d301 @A: 11 08 19 21 | 10
#0717-d301 @A: 35 21 11 31 | 09
#0718-d301 @A: 11 28 21 07 | 08
#0719-d301 @A: 15 21 09 11 | 11
#0720-d301 @A: 21 04 17 11 | 07
#0721-d301 @A: 11 03 01 08 | 12
#0722-d301 @A: 20 28 11 01 | 04
#0723-d301 @A: 11 17 01 06 | 01
#0724-d301 @A: 06 11 04 01 | 03
#0725-d301 @A: 31 11 01 18 | 05
#0726-d301 @A: 19 11 25 01 | 02
#0727-d301 @A: 35 11 07 01 | 06
#0728-d301 @A: 11 27 32 01 | 10
#0729-d301 @A: 24 11 01 30 | 09
#0730-d301 @A: 02 11 01 13 | 08
#0731-d301 @A: 20 11 13 03 | 11
#0732-d301 @A: 03 11 17 05 | 07
#0733-d301 @A: 06 30 03 11 | 12
#0734-d301 @A: 11 18 03 26 | 04
#0735-d301 @A: 03 11 19 31 | 01
#0736-d301 @A: 03 27 35 11 | 03
#0737-d301 @A: 11 15 07 03 | 05
#0738-d301 @A: 11 03 28 04 | 02
#0739-d301 @A: 05 26 20 11 | 06
#0740-d301 @A: 19 20 06 11 | 10
#0741-d301 @A: 35 20 11 02 | 09
#0742-d301 @A: 20 31 07 11 | 08
#0743-d301 @A: 15 11 20 27 | 11
#0744-d301 @A: 17 16 20 11 | 07
#0745-d301 @A: 33 06 05 11 | 12
#0746-d301 @A: 05 19 09 11 | 04
#0747-d301 @A: 11 08 05 35 | 01
#0748-d301 @A: 07 05 11 27 | 03
#0749-d301 @A: 28 05 11 15 | 05
#0750-d301 @A: 31 05 16 11 | 02
#0751-d301 @A: 11 06 18 24 | 06
#0752-d301 @A: 11 35 06 32 | 10
#0753-d301 @A: 07 11 06 09 | 09
#0754-d301 @A: 06 27 11 28 | 08
#0755-d301 @A: 06 13 11 16 | 11
#0756-d301 @A: 06 08 02 11 | 07
#0757-d301 @A: 11 19 18 33 | 12
#0758-d301 @A: 11 35 28 18 | 04
#0759-d301 @A: 07 02 11 18 | 01
#0760-d301 @A: 18 16 32 11 | 03
#0761-d301 @A: 09 18 13 11 | 05
#0762-d301 @A: 18 11 27 08 | 02
#0763-d301 @A: 11 16 19 35 | 06
#0764-d301 @A: 11 19 07 26 | 10
#0765-d301 @A: 19 11 04 32 | 09
#0766-d301 @A: 13 11 19 15 | 08
#0767-d301 @A: 11 35 24 25 | 11
#0768-d301 @A: 26 35 11 04 | 07
#0769-d301 @A: 11 24 07 33 | 12
#0770-d301 @A: 11 07 24 04 | 04
#0771-d301 @A: 32 17 11 09 | 01
#0772-d301 @A: 32 33 11 15 | 03
#0773-d301 @A: 32 28 11 25 | 05
#0774-d301 @A: 24 32 11 02 | 02
#0775-d301 @A: 32 08 26 11 | 06
#0776-d301 @A: 11 32 30 13 | 10
#0777-d301 @A: 09 11 16 25 | 09
#0778-d301 @A: 09 24 08 11 | 08
#0779-d301 @A: 09 27 31 11 | 11
#0780-d301 @A: 04 11 09 26 | 07
#0781-d301 @A: 30 28 11 09 | 12
#0782-d301 @A: 09 02 33 11 | 04
#0783-d301 @A: 11 31 25 15 | 01
#0784-d301 @A: 11 15 24 17 | 03
#0785-d301 @A: 02 16 11 15 | 05
#0786-d301 @A: 11 30 15 26 | 02
#0787-d301 @A: 27 25 11 17 | 06
#0788-d301 @A: 02 25 26 11 | 10
#0789-d301 @A: 11 25 13 08 | 09
#0790-d301 @A: 11 30 33 25 | 08
#0791-d301 @A: 13 11 27 24 | 11
#0792-d301 @A: 28 11 16 24 | 07
#0793-d301 @A: 24 31 11 26 | 12
#0794-d301 @A: 27 11 33 16 | 04
#0795-d301 @A: 11 27 02 30 | 01
#0796-d301 @A: 31 04 11 27 | 03
#0797-d301 @A: 08 11 30 16 | 05
#0798-d301 @A: 26 33 17 11 | 02
#0799-d301 @A: 11 17 28 13 | 06
#0800-d301 @A: 08 11 04 13 | 10
#0801-d301 @A: 31 33 13 11 | 09
#0802-d301 @A: 33 11 30 04 | 08
#0803-d301 @A: 30 31 11 17 | 11
#0804-d301 @A: 28 33 11 08 | 07
#0805-d301 @A: 28 11 31 02 | 12
#0806-d301 @A: 14 09 10 23 | 04
#0807-d301 @A: 23 10 21 27 | 01
#0808-d301 @A: 10 23 21 04 | 03
#0809-d301 @A: 17 01 10 23 | 05
#0810-d301 @A: 03 10 20 23 | 02
#0811-d301 @A: 23 13 10 05 | 06
#0812-d301 @A: 06 23 10 30 | 10
#0813-d301 @A: 10 28 18 23 | 09
#0814-d301 @A: 24 10 35 23 | 08
#0815-d301 @A: 31 23 07 10 | 11
#0816-d301 @A: 10 23 26 32 | 07
#0817-d301 @A: 23 33 10 08 | 12
#0818-d301 @A: 23 21 14 15 | 04
#0819-d301 @A: 23 14 01 08 | 01
#0820-d301 @A: 23 03 14 26 | 03
#0821-d301 @A: 28 14 23 20 | 05
#0822-d301 @A: 05 14 23 16 | 02
#0823-d301 @A: 27 06 14 23 | 06
#0824-d301 @A: 18 14 23 25 | 10
#0825-d301 @A: 19 23 31 14 | 09
#0826-d301 @A: 14 35 32 23 | 08
#0827-d301 @A: 23 14 07 24 | 11
#0828-d301 @A: 01 21 23 30 | 07
#0829-d301 @A: 03 21 23 19 | 12
#0830-d301 @A: 20 13 23 21 | 04
#0831-d301 @A: 23 21 05 32 | 01
#0832-d301 @A: 06 23 21 08 | 03
#0833-d301 @A: 16 21 23 18 | 05
#0834-d301 @A: 21 23 35 33 | 02
#0835-d301 @A: 25 21 23 07 | 06
#0836-d301 @A: 23 09 31 21 | 10
#0837-d301 @A: 17 28 21 23 | 09
#0838-d301 @A: 31 21 23 04 | 08
#0839-d301 @A: 23 03 24 01 | 11
#0840-d301 @A: 23 16 01 20 | 07
#0841-d301 @A: 23 02 05 01 | 12
#0842-d301 @A: 23 06 26 01 | 04
#0843-d301 @A: 23 13 19 01 | 01
#0844-d301 @A: 35 01 23 28 | 03
#0845-d301 @A: 01 33 23 07 | 05
#0846-d301 @A: 01 25 23 32 | 02
#0847-d301 @A: 23 09 04 01 | 06
#0848-d301 @A: 33 03 23 05 | 10
#0849-d301 @A: 23 15 06 03 | 09
#0850-d301 @A: 18 03 17 23 | 08
#0851-d301 @A: 23 02 35 03 | 11
#0852-d301 @A: 23 07 03 16 | 07
#0853-d301 @A: 03 31 23 32 | 12
#0854-d301 @A: 23 30 09 03 | 04
#0855-d301 @A: 25 03 23 04 | 01
#0856-d301 @A: 20 06 23 02 | 03
#0857-d301 @A: 19 20 08 23 | 05
#0858-d301 @A: 35 30 20 23 | 02
#0859-d301 @A: 23 07 26 20 | 06
#0860-d301 @A: 15 20 23 33 | 10
#0861-d301 @A: 17 20 25 23 | 09
#0862-d301 @A: 23 31 24 20 | 08
#0863-d301 @A: 05 06 24 23 | 11
#0864-d301 @A: 05 27 18 23 | 07
#0865-d301 @A: 23 19 17 05 | 12
#0866-d301 @A: 15 23 05 35 | 04
#0867-d301 @A: 09 23 07 05 | 01
#0868-d301 @A: 05 28 25 23 | 03
#0869-d301 @A: 08 05 23 31 | 05
#0870-d301 @A: 04 23 05 33 | 02
#0871-d301 @A: 23 13 06 18 | 06
#0872-d301 @A: 23 19 33 06 | 10
#0873-d301 @A: 19 23 06 04 | 09
#0874-d301 @A: 06 25 35 23 | 08
#0875-d301 @A: 28 06 23 07 | 11
#0876-d301 @A: 19 23 26 18 | 07
#0877-d301 @A: 18 08 23 35 | 12
#0878-d301 @A: 30 07 18 23 | 04
#0879-d301 @A: 32 18 23 24 | 01
#0880-d301 @A: 09 33 18 23 | 03
#0881-d301 @A: 26 18 23 04 | 05
#0882-d301 @A: 23 19 07 35 | 02
#0883-d301 @A: 24 15 19 23 | 06
#0884-d301 @A: 25 23 30 19 | 10
#0885-d301 @A: 23 19 02 27 | 09
#0886-d301 @A: 35 27 16 23 | 08
#0887-d301 @A: 27 07 13 23 | 11
#0888-d301 @A: 27 04 23 07 | 07
#0889-d301 @A: 32 27 23 09 | 12
#0890-d301 @A: 15 23 16 32 | 04
#0891-d301 @A: 32 13 23 08 | 01
#0892-d301 @A: 32 04 23 13 | 03
#0893-d301 @A: 30 32 23 33 | 05
#0894-d301 @A: 28 02 23 32 | 02
#0895-d301 @A: 17 09 23 15 | 06
#0896-d301 @A: 26 09 25 23 | 10
#0897-d301 @A: 09 23 13 24 | 09
#0898-d301 @A: 16 23 28 09 | 08
#0899-d301 @A: 23 02 08 09 | 11
#0900-d301 @A: 02 15 25 23 | 07
#0901-d301 @A: 23 27 15 30 | 12
#0902-d301 @A: 26 13 23 15 | 04
#0903-d301 @A: 31 28 23 15 | 01
#0904-d301 @A: 15 02 04 23 | 03
#0905-d301 @A: 27 24 25 23 | 05
#0906-d301 @A: 08 25 23 16 | 02
#0907-d301 @A: 23 31 13 25 | 06
#0908-d301 @A: 16 23 33 24 | 10
#0909-d301 @A: 24 30 02 23 | 09
#0910-d301 @A: 08 23 24 17 | 08
#0911-d301 @A: 26 33 27 23 | 11
#0912-d301 @A: 27 23 28 08 | 07
#0913-d301 @A: 31 17 27 23 | 12
#0914-d301 @A: 16 26 23 31 | 04
#0915-d301 @A: 16 13 02 23 | 01
#0916-d301 @A: 17 23 16 30 | 03
#0917-d301 @A: 04 16 28 23 | 05
#0918-d301 @A: 23 26 08 30 | 02
#0919-d301 @A: 17 02 23 26 | 06
#0920-d301 @A: 28 23 30 13 | 10
#0921-d301 @A: 13 17 33 23 | 09
#0922-d301 @A: 08 30 04 23 | 08
#0923-d301 @A: 23 02 31 33 | 11
#0924-d301 @A: 01 14 31 10 | 07
#0925-d301 @A: 30 14 10 03 | 12
#0926-d301 @A: 20 14 33 10 | 04
#0927-d301 @A: 14 27 10 05 | 01
#0928-d301 @A: 10 06 14 28 | 03
#0929-d301 @A: 14 10 18 17 | 05
#0930-d301 @A: 26 14 10 19 | 02
#0931-d301 @A: 35 13 14 10 | 06
#0932-d301 @A: 15 07 14 10 | 10
#0933-d301 @A: 14 10 32 24 | 09
#0934-d301 @A: 10 02 14 25 | 08
#0935-d301 @A: 10 04 28 14 | 11
#0936-d301 @A: 21 08 10 01 | 07
#0937-d301 @A: 13 21 03 10 | 12
#0938-d301 @A: 10 21 05 28 | 04
#0939-d301 @A: 21 10 18 32 | 01
#0940-d301 @A: 21 19 02 10 | 03
#0941-d301 @A: 21 35 15 10 | 05
#0942-d301 @A: 07 10 21 30 | 02
#0943-d301 @A: 25 26 21 10 | 06
#0944-d301 @A: 24 17 10 21 | 10
#0945-d301 @A: 31 21 33 10 | 09
#0946-d301 @A: 03 10 26 01 | 08
#0947-d301 @A: 10 01 30 20 | 11
#0948-d301 @A: 10 05 16 01 | 07
#0949-d301 @A: 10 04 05 01 | 12
#0950-d301 @A: 10 01 33 06 | 04
#0951-d301 @A: 18 01 24 10 | 01
#0952-d301 @A: 10 15 19 01 | 03
#0953-d301 @A: 01 35 10 02 | 05
#0954-d301 @A: 10 01 25 07 | 02
#0955-d301 @A: 10 03 05 24 | 06
#0956-d301 @A: 03 09 06 10 | 10
#0957-d301 @A: 03 10 18 08 | 09
#0958-d301 @A: 35 07 10 03 | 08
#0959-d301 @A: 10 03 15 31 | 11
#0960-d301 @A: 10 17 25 03 | 07
#0961-d301 @A: 04 10 03 24 | 12
#0962-d301 @A: 03 10 16 28 | 04
#0963-d301 @A: 10 17 05 20 | 01
#0964-d301 @A: 06 13 10 20 | 03
#0965-d301 @A: 18 27 10 20 | 05
#0966-d301 @A: 16 20 19 10 | 02
#0967-d301 @A: 28 10 20 35 | 06
#0968-d301 @A: 10 20 07 09 | 10
#0969-d301 @A: 32 10 20 15 | 09
#0970-d301 @A: 26 02 10 20 | 08
#0971-d301 @A: 06 32 05 10 | 11
#0972-d301 @A: 10 05 09 18 | 07
#0973-d301 @A: 19 10 33 05 | 12
#0974-d301 @A: 35 31 10 05 | 04
#0975-d301 @A: 05 07 10 08 | 01
#0976-d301 @A: 06 10 15 18 | 03
#0977-d301 @A: 06 10 19 31 | 05
#0978-d301 @A: 26 35 10 06 | 02
#0979-d301 @A: 07 06 10 02 | 06
#0980-d301 @A: 25 06 10 08 | 10
#0981-d301 @A: 02 06 10 04 | 09
#0982-d301 @A: 10 18 19 25 | 08
#0983-d301 @A: 35 30 18 10 | 11
#0984-d301 @A: 18 13 07 10 | 07
#0985-d301 @A: 18 10 07 04 | 12
#0986-d301 @A: 10 18 33 02 | 04
#0987-d301 @A: 10 19 27 35 | 01
#0988-d301 @A: 10 07 28 19 | 03
#0989-d301 @A: 19 24 10 08 | 05
#0990-d301 @A: 17 13 19 10 | 02
#0991-d301 @A: 09 10 16 35 | 06
#0992-d301 @A: 04 35 30 10 | 10
#0993-d301 @A: 10 27 16 07 | 09
#0994-d301 @A: 10 09 08 32 | 08
#0995-d301 @A: 25 10 27 32 | 11
#0996-d301 @A: 32 16 10 02 | 07
#0997-d301 @A: 28 13 32 10 | 12
#0998-d301 @A: 32 31 10 30 | 04
#0999-d301 @A: 17 33 10 32 | 01
#1000-d301 @A: 15 10 09 33 | 03
#1001-d301 @A: 24 25 09 10 | 05
#1002-d301 @A: 09 28 10 27 | 02
#1003-d301 @A: 09 26 30 10 | 06
#1004-d301 @A: 31 10 13 09 | 10
#1005-d301 @A: 02 09 10 17 | 09
#1006-d301 @A: 28 25 15 10 | 08
#1007-d301 @A: 24 02 10 15 | 11
#1008-d301 @A: 10 15 08 27 | 07
#1009-d301 @A: 10 15 17 16 | 12
#1010-d301 @A: 13 30 15 10 | 04
#1011-d301 @A: 15 04 13 10 | 01
#1012-d301 @A: 04 27 10 25 | 03
#1013-d301 @A: 16 31 25 10 | 05
#1014-d301 @A: 25 13 33 10 | 02
#1015-d301 @A: 27 24 33 10 | 06
#1016-d301 @A: 10 24 30 16 | 10
#1017-d301 @A: 24 10 28 26 | 09
#1018-d301 @A: 26 27 31 10 | 08
#1019-d301 @A: 27 13 02 10 | 11
#1020-d301 @A: 30 10 17 27 | 07
#1021-d301 @A: 26 16 33 10 | 12
#1022-d301 @A: 13 16 08 10 | 04
#1023-d301 @A: 26 08 17 10 | 01
#1024-d301 @A: 26 31 10 04 | 03
#1025-d301 @A: 10 28 30 33 | 05
#1026-d301 @A: 28 10 08 02 | 02
#1027-d301 @A: 28 10 17 31 | 06
#1028-d301 @A: 10 04 33 17 | 10
#1029-d301 @A: 13 01 21 14 | 09
#1030-d301 @A: 27 21 14 03 | 08
#1031-d301 @A: 21 14 20 26 | 11
#1032-d301 @A: 14 05 30 21 | 07
#1033-d301 @A: 21 06 14 32 | 12
#1034-d301 @A: 18 21 14 28 | 04
#1035-d301 @A: 19 33 14 21 | 01
#1036-d301 @A: 21 14 35 02 | 03
#1037-d301 @A: 17 14 21 07 | 05
#1038-d301 @A: 14 21 04 32 | 02
#1039-d301 @A: 09 14 21 24 | 06
#1040-d301 @A: 14 01 03 15 | 10
#1041-d301 @A: 27 01 20 14 | 09
#1042-d301 @A: 01 06 14 05 | 08
#1043-d301 @A: 26 14 18 01 | 11
#1044-d301 @A: 14 01 24 19 | 07
#1045-d301 @A: 01 14 09 35 | 12
#1046-d301 @A: 07 14 01 02 | 04
#1047-d301 @A: 01 16 14 25 | 01
#1048-d301 @A: 01 28 14 17 | 03
#1049-d301 @A: 08 04 01 14 | 05
#1050-d301 @A: 25 14 03 20 | 02
#1051-d301 @A: 05 02 03 14 | 06
#1052-d301 @A: 03 06 14 08 | 10
#1053-d301 @A: 03 13 18 14 | 09
#1054-d301 @A: 32 19 03 14 | 08
#1055-d301 @A: 17 14 03 35 | 11
#1056-d301 @A: 09 07 14 03 | 07
#1057-d301 @A: 05 20 31 14 | 12
#1058-d301 @A: 14 15 06 20 | 04
#1059-d301 @A: 14 20 18 08 | 01
#1060-d301 @A: 14 35 20 24 | 03
#1061-d301 @A: 20 14 07 16 | 05
#1062-d301 @A: 14 17 20 32 | 02
#1063-d301 @A: 05 28 14 19 | 06
#1064-d301 @A: 14 07 35 05 | 10
#1065-d301 @A: 04 14 05 35 | 09
#1066-d301 @A: 05 14 32 08 | 08
#1067-d301 @A: 05 14 13 09 | 11
#1068-d301 @A: 26 14 05 33 | 07
#1069-d301 @A: 06 14 02 19 | 12
#1070-d301 @A: 31 35 06 14 | 04
#1071-d301 @A: 33 07 06 14 | 01
#1072-d301 @A: 13 14 25 06 | 03
#1073-d301 @A: 06 24 14 16 | 05
#1074-d301 @A: 17 04 06 14 | 02
#1075-d301 @A: 19 14 18 30 | 06
#1076-d301 @A: 16 14 18 35 | 10
#1077-d301 @A: 32 07 18 14 | 09
#1078-d301 @A: 14 18 15 02 | 08
#1079-d301 @A: 24 27 18 14 | 11
#1080-d301 @A: 18 04 14 13 | 07
#1081-d301 @A: 19 14 25 35 | 12
#1082-d301 @A: 19 07 08 14 | 04
#1083-d301 @A: 19 17 14 09 | 01
#1084-d301 @A: 04 14 19 09 | 03
#1085-d301 @A: 15 19 14 16 | 05
#1086-d301 @A: 30 26 14 35 | 02
#1087-d301 @A: 14 31 26 07 | 06
#1088-d301 @A: 14 04 07 17 | 10
#1089-d301 @A: 09 14 32 26 | 09
#1090-d301 @A: 15 32 28 14 | 08
#1091-d301 @A: 30 32 14 25 | 11
#1092-d301 @A: 13 32 14 33 | 07
#1093-d301 @A: 14 32 31 02 | 12
#1094-d301 @A: 14 15 09 31 | 04
#1095-d301 @A: 25 14 27 09 | 01
#1096-d301 @A: 14 09 16 30 | 03
#1097-d301 @A: 08 09 33 14 | 05
#1098-d301 @A: 25 33 15 14 | 02
#1099-d301 @A: 15 14 30 24 | 06
#1100-d301 @A: 14 15 13 27 | 10
#1101-d301 @A: 17 15 26 14 | 09
#1102-d301 @A: 04 15 30 14 | 08
#1103-d301 @A: 14 25 24 26 | 11
#1104-d301 @A: 08 28 25 14 | 07
#1105-d301 @A: 14 17 25 31 | 12
#1106-d301 @A: 02 14 24 13 | 04
#1107-d301 @A: 24 08 14 31 | 01
#1108-d301 @A: 14 33 24 17 | 03
#1109-d301 @A: 27 14 31 16 | 05
#1110-d301 @A: 27 02 26 14 | 02
#1111-d301 @A: 30 27 14 08 | 06
#1112-d301 @A: 33 28 27 14 | 10
#1113-d301 @A: 14 04 27 02 | 09
#1114-d301 @A: 14 28 26 16 | 08
#1115-d301 @A: 17 16 14 08 | 11
#1116-d301 @A: 14 02 16 33 | 07
#1117-d301 @A: 14 31 04 16 | 12
#1118-d301 @A: 08 14 26 13 | 04
#1119-d301 @A: 26 14 04 33 | 01
#1120-d301 @A: 14 13 30 17 | 03
#1121-d301 @A: 14 28 13 31 | 05
#1122-d301 @A: 28 14 30 02 | 02
#1123-d301 @A: 33 31 14 30 | 06
#1124-d301 @A: 01 21 06 03 | 10
#1125-d301 @A: 31 20 21 01 | 09
#1126-d301 @A: 17 01 21 05 | 08
#1127-d301 @A: 15 21 18 01 | 11
#1128-d301 @A: 19 28 21 01 | 07
#1129-d301 @A: 21 25 35 01 | 12
#1130-d301 @A: 09 01 07 21 | 04
#1131-d301 @A: 01 04 21 28 | 01
#1132-d301 @A: 21 02 01 33 | 03
#1133-d301 @A: 03 20 21 08 | 05
#1134-d301 @A: 02 03 18 21 | 02
#1135-d301 @A: 35 26 03 21 | 06
#1136-d301 @A: 03 21 07 31 | 10
#1137-d301 @A: 03 21 15 24 | 09
#1138-d301 @A: 21 25 33 03 | 08
#1139-d301 @A: 03 17 21 30 | 11
#1140-d301 @A: 21 04 03 08 | 07
#1141-d301 @A: 33 05 21 20 | 12
#1142-d301 @A: 09 06 21 20 | 04
#1143-d301 @A: 21 18 30 20 | 01
#1144-d301 @A: 19 21 04 20 | 03
#1145-d301 @A: 35 17 20 21 | 05
#1146-d301 @A: 24 20 07 21 | 02
#1147-d301 @A: 21 20 15 02 | 06
#1148-d301 @A: 16 25 20 21 | 10
#1149-d301 @A: 06 05 21 26 | 09
#1150-d301 @A: 05 18 08 21 | 08
#1151-d301 @A: 05 24 19 21 | 11
#1152-d301 @A: 05 16 35 21 | 07
#1153-d301 @A: 07 05 21 15 | 12
#1154-d301 @A: 04 27 05 21 | 04
#1155-d301 @A: 02 21 31 05 | 01
#1156-d301 @A: 06 27 21 18 | 03
#1157-d301 @A: 06 17 21 19 | 05
#1158-d301 @A: 21 35 30 06 | 02
#1159-d301 @A: 04 06 35 21 | 06
#1160-d301 @A: 16 21 06 07 | 10
#1161-d301 @A: 06 28 21 25 | 09
#1162-d301 @A: 21 02 24 06 | 08
#1163-d301 @A: 18 19 21 31 | 11
#1164-d301 @A: 09 18 21 35 | 07
#1165-d301 @A: 07 33 18 21 | 12
#1166-d301 @A: 32 21 35 19 | 04
#1167-d301 @A: 21 19 27 07 | 01
#1168-d301 @A: 25 21 19 09 | 03
#1169-d301 @A: 26 19 21 16 | 05
#1170-d301 @A: 13 21 35 27 | 02
#1171-d301 @A: 07 21 08 13 | 06
#1172-d301 @A: 07 04 21 30 | 10
#1173-d301 @A: 09 02 32 21 | 09
#1174-d301 @A: 15 21 31 32 | 08
#1175-d301 @A: 21 25 32 17 | 11
#1176-d301 @A: 24 32 30 21 | 07
#1177-d301 @A: 32 27 08 21 | 12
#1178-d301 @A: 28 21 16 32 | 04
#1179-d301 @A: 21 26 33 32 | 01
#1180-d301 @A: 21 15 09 04 | 03
#1181-d301 @A: 27 09 21 30 | 05
#1182-d301 @A: 09 13 16 21 | 02
#1183-d301 @A: 21 17 26 09 | 06
#1184-d301 @A: 08 09 21 28 | 10
#1185-d301 @A: 21 15 13 25 | 09
#1186-d301 @A: 21 26 27 15 | 08
#1187-d301 @A: 21 30 16 15 | 11
#1188-d301 @A: 28 15 33 21 | 07
#1189-d301 @A: 17 15 08 21 | 12
#1190-d301 @A: 08 21 24 25 | 04
#1191-d301 @A: 04 25 24 21 | 01
#1192-d301 @A: 21 31 25 27 | 03
#1193-d301 @A: 21 25 02 30 | 05
#1194-d301 @A: 21 24 27 28 | 02
#1195-d301 @A: 16 21 24 31 | 06
#1196-d301 @A: 13 24 33 21 | 10
#1197-d301 @A: 21 27 16 02 | 09
#1198-d301 @A: 33 27 21 17 | 08
#1199-d301 @A: 21 08 16 33 | 11
#1200-d301 @A: 26 21 13 30 | 07
#1201-d301 @A: 31 26 28 21 | 12
#1202-d301 @A: 08 02 26 21 | 04
#1203-d301 @A: 13 02 28 21 | 01
#1204-d301 @A: 31 21 13 17 | 03
#1205-d301 @A: 21 13 02 04 | 05
#1206-d301 @A: 30 21 31 08 | 02
#1207-d301 @A: 01 03 20 02 | 06
#1208-d301 @A: 28 01 05 03 | 10
#1209-d301 @A: 19 01 27 03 | 09
#1210-d301 @A: 35 31 03 01 | 08
#1211-d301 @A: 01 03 35 04 | 11
#1212-d301 @A: 13 01 07 03 | 07
#1213-d301 @A: 32 03 01 33 | 12
#1214-d301 @A: 09 01 03 17 | 04
#1215-d301 @A: 13 05 20 01 | 01
#1216-d301 @A: 20 06 01 24 | 03
#1217-d301 @A: 01 20 25 18 | 05
#1218-d301 @A: 04 01 18 20 | 02
#1219-d301 @A: 19 09 20 01 | 06
#1220-d301 @A: 33 35 20 01 | 10
#1221-d301 @A: 20 01 32 07 | 09
#1222-d301 @A: 18 33 01 05 | 08
#1223-d301 @A: 32 19 05 01 | 11
#1224-d301 @A: 26 05 35 01 | 07
#1225-d301 @A: 01 24 07 05 | 12
#1226-d301 @A: 25 05 09 01 | 04
#1227-d301 @A: 05 31 27 01 | 01
#1228-d301 @A: 06 01 30 18 | 03
#1229-d301 @A: 16 01 35 06 | 05
#1230-d301 @A: 06 27 01 07 | 02
#1231-d301 @A: 32 01 08 06 | 06
#1232-d301 @A: 06 09 02 01 | 10
#1233-d301 @A: 28 06 13 01 | 09
#1234-d301 @A: 01 17 19 18 | 08
#1235-d301 @A: 18 35 01 13 | 11
#1236-d301 @A: 01 18 08 07 | 07
#1237-d301 @A: 18 32 28 01 | 12
#1238-d301 @A: 01 09 18 27 | 04
#1239-d301 @A: 01 18 02 16 | 01
#1240-d301 @A: 19 35 01 08 | 03
#1241-d301 @A: 07 19 31 01 | 05
#1242-d301 @A: 33 16 01 19 | 02
#1243-d301 @A: 01 04 19 26 | 06
#1244-d301 @A: 01 15 35 30 | 10
#1245-d301 @A: 07 30 01 26 | 09
#1246-d301 @A: 04 07 01 31 | 08
#1247-d301 @A: 32 15 09 01 | 11
#1248-d301 @A: 13 01 24 32 | 07
#1249-d301 @A: 32 01 16 31 | 12
#1250-d301 @A: 04 01 16 32 | 04
#1251-d301 @A: 17 01 26 32 | 01
#1252-d301 @A: 02 01 32 30 | 03
#1253-d301 @A: 09 01 28 24 | 05
#1254-d301 @A: 16 26 09 01 | 02
#1255-d301 @A: 13 01 09 33 | 06
#1256-d301 @A: 01 09 08 30 | 10
#1257-d301 @A: 01 17 25 15 | 09
#1258-d301 @A: 26 01 15 24 | 08
#1259-d301 @A: 01 33 15 27 | 11
#1260-d301 @A: 01 15 04 27 | 07
#1261-d301 @A: 15 13 01 16 | 12
#1262-d301 @A: 01 28 08 15 | 04
#1263-d301 @A: 15 01 02 31 | 01
#1264-d301 @A: 01 25 33 24 | 03
#1265-d301 @A: 25 01 27 28 | 05
#1266-d301 @A: 01 26 25 13 | 02
#1267-d301 @A: 25 01 30 31 | 06
#1268-d301 @A: 01 24 02 27 | 10
#1269-d301 @A: 01 24 16 08 | 09
#1270-d301 @A: 01 13 24 04 | 08
#1271-d301 @A: 17 31 01 24 | 11
#1272-d301 @A: 17 16 01 27 | 07
#1273-d301 @A: 26 08 01 27 | 12
#1274-d301 @A: 01 27 13 30 | 04
#1275-d301 @A: 30 28 01 16 | 01
#1276-d301 @A: 28 01 02 26 | 03
#1277-d301 @A: 01 33 26 31 | 05
#1278-d301 @A: 01 13 08 31 | 02
#1279-d301 @A: 33 30 01 17 | 06
#1280-d301 @A: 04 30 01 33 | 10
#1281-d301 @A: 01 08 02 17 | 09
#1282-d301 @A: 01 04 02 08 | 08
#1283-d301 @A: 03 09 05 20 | 11
#1284-d301 @A: 17 03 20 06 | 07
#1285-d301 @A: 18 20 03 31 | 12
#1286-d301 @A: 03 28 20 19 | 04
#1287-d301 @A: 03 35 20 15 | 01
#1288-d301 @A: 20 03 07 33 | 03
#1289-d301 @A: 20 32 03 30 | 05
#1290-d301 @A: 24 03 20 27 | 02
#1291-d301 @A: 20 31 04 03 | 06
#1292-d301 @A: 06 03 05 31 | 10
#1293-d301 @A: 05 16 03 18 | 09
#1294-d301 @A: 08 05 19 03 | 08
#1295-d301 @A: 32 35 05 03 | 11
#1296-d301 @A: 05 03 25 07 | 07
#1297-d301 @A: 03 27 05 15 | 12
#1298-d301 @A: 05 03 16 04 | 04
#1299-d301 @A: 05 03 30 13 | 01
#1300-d301 @A: 03 18 06 25 | 03
#1301-d301 @A: 19 16 06 03 | 05
#1302-d301 @A: 35 03 06 24 | 02
#1303-d301 @A: 03 07 06 32 | 06
#1304-d301 @A: 27 06 26 03 | 10
#1305-d301 @A: 04 03 26 06 | 09
#1306-d301 @A: 18 03 19 24 | 08
#1307-d301 @A: 04 18 03 19 | 11
#1308-d301 @A: 35 33 18 03 | 07
#1309-d301 @A: 07 03 18 27 | 12
#1310-d301 @A: 18 15 03 09 | 04
#1311-d301 @A: 35 03 19 30 | 01
#1312-d301 @A: 03 19 17 07 | 03
#1313-d301 @A: 09 19 26 03 | 05
#1314-d301 @A: 13 33 03 19 | 02
#1315-d301 @A: 35 03 28 08 | 06
#1316-d301 @A: 07 02 03 28 | 10
#1317-d301 @A: 09 32 28 03 | 09
#1318-d301 @A: 15 26 03 32 | 08
#1319-d301 @A: 25 03 32 24 | 11
#1320-d301 @A: 32 27 03 02 | 07
#1321-d301 @A: 13 32 16 03 | 12
#1322-d301 @A: 32 03 17 08 | 04
#1323-d301 @A: 09 25 02 03 | 01
#1324-d301 @A: 03 16 09 27 | 03
#1325-d301 @A: 03 13 09 08 | 05
#1326-d301 @A: 04 03 09 30 | 02
#1327-d301 @A: 33 31 03 09 | 06
#1328-d301 @A: 25 03 15 16 | 10
#1329-d301 @A: 15 03 02 13 | 09
#1330-d301 @A: 15 03 08 30 | 08
#1331-d301 @A: 28 15 17 03 | 11
#1332-d301 @A: 25 27 30 03 | 07
#1333-d301 @A: 26 08 25 03 | 12
#1334-d301 @A: 28 31 25 03 | 04
#1335-d301 @A: 03 24 04 27 | 01
#1336-d301 @A: 26 03 24 16 | 03
#1337-d301 @A: 17 13 24 03 | 05
#1338-d301 @A: 30 24 03 28 | 02
#1339-d301 @A: 08 24 03 33 | 06
#1340-d301 @A: 31 03 24 02 | 10
#1341-d301 @A: 13 03 27 28 | 09
#1342-d301 @A: 31 27 08 03 | 08
#1343-d301 @A: 33 16 03 30 | 11
#1344-d301 @A: 16 08 02 03 | 07
#1345-d301 @A: 17 03 31 16 | 12
#1346-d301 @A: 31 13 26 03 | 04
#1347-d301 @A: 26 30 02 03 | 01
#1348-d301 @A: 26 33 28 03 | 03
#1349-d301 @A: 04 13 33 03 | 05
#1350-d301 @A: 02 33 17 03 | 02
#1351-d301 @A: 17 02 03 04 | 06
#1352-d301 @A: 05 08 06 20 | 10
#1353-d301 @A: 20 18 05 24 | 09
#1354-d301 @A: 20 27 19 05 | 08
#1355-d301 @A: 25 35 20 05 | 11
#1356-d301 @A: 07 20 05 02 | 07
#1357-d301 @A: 05 30 16 20 | 12
#1358-d301 @A: 20 04 30 05 | 04
#1359-d301 @A: 06 26 20 18 | 01
#1360-d301 @A: 20 27 06 35 | 03
#1361-d301 @A: 07 30 20 06 | 05
#1362-d301 @A: 32 06 20 25 | 02
#1363-d301 @A: 06 08 20 04 | 06
#1364-d301 @A: 18 19 13 20 | 10
#1365-d301 @A: 18 35 32 20 | 09
#1366-d301 @A: 20 15 18 07 | 08
#1367-d301 @A: 20 16 18 33 | 11
#1368-d301 @A: 20 35 31 19 | 07
#1369-d301 @A: 07 25 19 20 | 12
#1370-d301 @A: 19 26 20 15 | 04
#1371-d301 @A: 20 19 17 24 | 01
#1372-d301 @A: 30 19 20 33 | 03
#1373-d301 @A: 35 04 20 15 | 05
#1374-d301 @A: 08 13 20 35 | 02
#1375-d301 @A: 20 07 16 04 | 06
#1376-d301 @A: 08 07 28 20 | 10
#1377-d301 @A: 32 20 16 09 | 09
#1378-d301 @A: 24 26 32 20 | 08
#1379-d301 @A: 27 13 20 32 | 11
#1380-d301 @A: 28 32 31 20 | 07
#1381-d301 @A: 02 20 32 08 | 12
#1382-d301 @A: 20 02 04 32 | 04
#1383-d301 @A: 24 20 15 09 | 01
#1384-d301 @A: 30 20 09 25 | 03
#1385-d301 @A: 09 24 20 04 | 05
#1386-d301 @A: 20 09 27 02 | 02
#1387-d301 @A: 26 33 09 20 | 06
#1388-d301 @A: 13 28 20 09 | 10
#1389-d301 @A: 09 17 31 20 | 09
#1390-d301 @A: 08 20 25 15 | 08
#1391-d301 @A: 20 16 15 31 | 11
#1392-d301 @A: 17 20 15 13 | 07
#1393-d301 @A: 28 30 20 15 | 12
#1394-d301 @A: 13 20 25 24 | 04
#1395-d301 @A: 25 20 33 27 | 01
#1396-d301 @A: 28 20 26 25 | 03
#1397-d301 @A: 02 20 25 31 | 05
#1398-d301 @A: 30 08 24 20 | 02
#1399-d301 @A: 33 20 28 24 | 06
#1400-d301 @A: 08 16 27 20 | 10
#1401-d301 @A: 30 26 27 20 | 09
#1402-d301 @A: 27 20 04 13 | 08
#1403-d301 @A: 17 27 28 20 | 11
#1404-d301 @A: 26 20 13 16 | 07
#1405-d301 @A: 16 28 02 20 | 12
#1406-d301 @A: 26 28 20 04 | 04
#1407-d301 @A: 20 08 26 31 | 01
#1408-d301 @A: 20 31 30 13 | 03
#1409-d301 @A: 13 20 02 33 | 05
#1410-d301 @A: 30 02 17 20 | 02
#1411-d301 @A: 17 33 08 20 | 06
#1412-d301 @A: 02 33 04 20 | 10
#1413-d301 @A: 06 05 19 15 | 09
#1414-d301 @A: 28 06 35 05 | 08
#1415-d301 @A: 06 07 05 13 | 11
#1416-d301 @A: 06 27 05 25 | 07
#1417-d301 @A: 06 30 02 05 | 12
#1418-d301 @A: 06 05 04 28 | 04
#1419-d301 @A: 02 18 05 19 | 01
#1420-d301 @A: 17 35 18 05 | 03
#1421-d301 @A: 07 05 26 18 | 05
#1422-d301 @A: 15 32 05 18 | 02
#1423-d301 @A: 04 18 05 09 | 06
#1424-d301 @A: 28 30 05 18 | 10
#1425-d301 @A: 35 05 13 19 | 09
#1426-d301 @A: 30 05 07 19 | 08
#1427-d301 @A: 07 04 19 05 | 11
#1428-d301 @A: 25 05 35 04 | 07
#1429-d301 @A: 24 33 05 35 | 12
#1430-d301 @A: 33 17 05 07 | 04
#1431-d301 @A: 33 32 05 09 | 01
#1432-d301 @A: 05 32 25 02 | 03
#1433-d301 @A: 32 31 24 05 | 05
#1434-d301 @A: 27 32 30 05 | 02
#1435-d301 @A: 17 16 32 05 | 06
#1436-d301 @A: 05 13 26 32 | 10
#1437-d301 @A: 16 15 05 09 | 09
#1438-d301 @A: 24 09 05 02 | 08
#1439-d301 @A: 26 09 08 05 | 11
#1440-d301 @A: 17 30 09 05 | 07
#1441-d301 @A: 31 09 28 05 | 12
#1442-d301 @A: 05 26 25 15 | 04
#1443-d301 @A: 05 24 15 13 | 01
#1444-d301 @A: 05 04 15 13 | 03
#1445-d301 @A: 05 15 30 33 | 05
#1446-d301 @A: 02 15 08 05 | 02
#1447-d301 @A: 15 05 31 17 | 06
#1448-d301 @A: 25 05 24 30 | 10
#1449-d301 @A: 13 16 05 25 | 09
#1450-d301 @A: 17 25 05 08 | 08
#1451-d301 @A: 05 31 33 25 | 11
#1452-d301 @A: 24 27 05 16 | 07
#1453-d301 @A: 24 26 05 17 | 12
#1454-d301 @A: 08 05 24 28 | 04
#1455-d301 @A: 27 26 28 05 | 01
#1456-d301 @A: 17 13 27 05 | 03
#1457-d301 @A: 27 02 33 05 | 05
#1458-d301 @A: 26 02 05 16 | 02
#1459-d301 @A: 33 16 05 28 | 06
#1460-d301 @A: 30 05 31 26 | 10
#1461-d301 @A: 05 33 13 08 | 09
#1462-d301 @A: 05 17 02 28 | 08
#1463-d301 @A: 05 04 08 17 | 11
#1464-d301 @A: 04 31 05 02 | 07
#1465-d301 @A: 19 06 32 18 | 12
#1466-d301 @A: 35 07 18 06 | 04
#1467-d301 @A: 09 06 28 18 | 01
#1468-d301 @A: 08 06 18 16 | 03
#1469-d301 @A: 04 16 06 18 | 05
#1470-d301 @A: 06 31 18 17 | 02
#1471-d301 @A: 09 06 19 35 | 06
#1472-d301 @A: 07 24 06 19 | 10
#1473-d301 @A: 19 08 26 06 | 09
#1474-d301 @A: 30 13 06 19 | 08
#1475-d301 @A: 35 33 06 17 | 11
#1476-d301 @A: 15 06 07 17 | 07
#1477-d301 @A: 06 24 32 09 | 12
#1478-d301 @A: 02 15 32 06 | 04
#1479-d301 @A: 27 31 06 32 | 01
#1480-d301 @A: 33 32 16 06 | 03
#1481-d301 @A: 32 06 17 13 | 05
#1482-d301 @A: 30 06 32 28 | 02
#1483-d301 @A: 15 27 09 06 | 06
#1484-d301 @A: 06 09 33 25 | 10
#1485-d301 @A: 27 04 09 06 | 09
#1486-d301 @A: 06 17 09 16 | 08
#1487-d301 @A: 26 06 09 13 | 11
#1488-d301 @A: 08 31 06 09 | 07
#1489-d301 @A: 30 25 15 06 | 12
#1490-d301 @A: 24 15 28 06 | 04
#1491-d301 @A: 04 15 24 06 | 01
#1492-d301 @A: 26 16 06 15 | 03
#1493-d301 @A: 08 06 15 13 | 05
#1494-d301 @A: 15 06 33 31 | 02
#1495-d301 @A: 25 24 17 06 | 06
#1496-d301 @A: 02 06 25 16 | 10
#1497-d301 @A: 25 06 31 26 | 09
#1498-d301 @A: 27 24 08 06 | 08
#1499-d301 @A: 26 33 24 06 | 11
#1500-d301 @A: 06 24 31 30 | 07
#1501-d301 @A: 16 06 30 27 | 12
#1502-d301 @A: 27 33 13 06 | 04
#1503-d301 @A: 33 04 27 06 | 01
#1504-d301 @A: 17 02 27 06 | 03
#1505-d301 @A: 06 28 31 16 | 05
#1506-d301 @A: 30 26 17 06 | 02
#1507-d301 @A: 31 02 13 06 | 06
#1508-d301 @A: 31 13 04 06 | 10
#1509-d301 @A: 08 33 30 06 | 09
#1510-d301 @A: 06 28 17 08 | 08
#1511-d301 @A: 28 02 33 06 | 11
#1512-d301 @A: 18 15 35 19 | 07
#1513-d301 @A: 16 18 07 19 | 12
#1514-d301 @A: 26 18 35 31 | 04
#1515-d301 @A: 07 18 31 25 | 01
#1516-d301 @A: 32 18 25 09 | 03
#1517-d301 @A: 27 32 17 18 | 05
#1518-d301 @A: 02 26 18 32 | 02
#1519-d301 @A: 18 13 31 32 | 06
#1520-d301 @A: 32 08 33 18 | 10
#1521-d301 @A: 04 33 18 32 | 09
#1522-d301 @A: 09 18 26 24 | 08
#1523-d301 @A: 16 18 31 09 | 11
#1524-d301 @A: 02 09 30 18 | 07
#1525-d301 @A: 09 18 17 08 | 12
#1526-d301 @A: 04 09 18 02 | 04
#1527-d301 @A: 24 15 18 25 | 01
#1528-d301 @A: 27 15 18 28 | 03
#1529-d301 @A: 15 18 26 08 | 05
#1530-d301 @A: 30 15 31 18 | 02
#1531-d301 @A: 08 18 04 15 | 06
#1532-d301 @A: 17 18 15 33 | 10
#1533-d301 @A: 18 25 13 27 | 09
#1534-d301 @A: 30 25 16 18 | 08
#1535-d301 @A: 17 26 18 25 | 11
#1536-d301 @A: 18 25 33 28 | 07
#1537-d301 @A: 02 18 08 25 | 12
#1538-d301 @A: 25 17 18 04 | 04
#1539-d301 @A: 18 24 13 16 | 01
#1540-d301 @A: 17 18 30 24 | 03
#1541-d301 @A: 24 30 04 18 | 05
#1542-d301 @A: 18 24 02 28 | 02
#1543-d301 @A: 33 18 24 31 | 06
#1544-d301 @A: 18 16 27 26 | 10
#1545-d301 @A: 18 28 04 27 | 09
#1546-d301 @A: 18 27 31 02 | 08
#1547-d301 @A: 28 18 16 17 | 11
#1548-d301 @A: 18 28 26 13 | 07
#1549-d301 @A: 33 26 30 18 | 12
#1550-d301 @A: 18 30 08 13 | 04
#1551-d301 @A: 13 18 02 17 | 01
#1552-d301 @A: 28 18 08 31 | 03
#1553-d301 @A: 35 27 04 19 | 05
#1554-d301 @A: 28 35 02 19 | 02
#1555-d301 @A: 32 19 07 02 | 06
#1556-d301 @A: 19 09 13 32 | 10
#1557-d301 @A: 15 19 17 32 | 09
#1558-d301 @A: 25 32 19 33 | 08
#1559-d301 @A: 24 32 19 16 | 11
#1560-d301 @A: 19 28 27 32 | 07
#1561-d301 @A: 19 32 26 31 | 12
#1562-d301 @A: 32 19 30 08 | 04
#1563-d301 @A: 28 19 15 09 | 01
#1564-d301 @A: 24 33 09 19 | 03
#1565-d301 @A: 09 19 08 27 | 05
#1566-d301 @A: 19 09 16 02 | 02
#1567-d301 @A: 09 31 30 19 | 06
#1568-d301 @A: 19 15 25 27 | 10
#1569-d301 @A: 04 15 19 16 | 09
#1570-d301 @A: 02 15 30 19 | 08
#1571-d301 @A: 19 08 33 15 | 11
#1572-d301 @A: 19 02 25 24 | 07
#1573-d301 @A: 25 19 16 17 | 12
#1574-d301 @A: 13 19 28 25 | 04
#1575-d301 @A: 31 19 08 25 | 01
#1576-d301 @A: 19 04 25 31 | 03
#1577-d301 @A: 30 27 24 19 | 05
#1578-d301 @A: 24 19 26 13 | 02
#1579-d301 @A: 24 28 31 19 | 06
#1580-d301 @A: 02 24 19 04 | 10
#1581-d301 @A: 13 19 16 27 | 09
#1582-d301 @A: 26 17 27 19 | 08
#1583-d301 @A: 31 33 19 27 | 11
#1584-d301 @A: 08 28 16 19 | 07
#1585-d301 @A: 16 19 04 17 | 12
#1586-d301 @A: 19 30 26 28 | 04
#1587-d301 @A: 33 19 26 02 | 01
#1588-d301 @A: 08 02 13 19 | 03
#1589-d301 @A: 30 28 19 04 | 05
#1590-d301 @A: 28 33 19 17 | 02
#1591-d301 @A: 31 02 19 17 | 06
#1592-d301 @A: 07 13 32 35 | 10
#1593-d301 @A: 09 35 08 07 | 09
#1594-d301 @A: 25 15 35 07 | 08
#1595-d301 @A: 30 07 35 24 | 11
#1596-d301 @A: 07 35 02 27 | 07
#1597-d301 @A: 07 16 28 35 | 12
#1598-d301 @A: 26 35 33 07 | 04
#1599-d301 @A: 07 17 35 31 | 01
#1600-d301 @A: 04 35 09 32 | 03
#1601-d301 @A: 24 32 15 35 | 05
#1602-d301 @A: 16 25 35 32 | 02
#1603-d301 @A: 32 27 33 35 | 06
#1604-d301 @A: 26 28 35 32 | 10
#1605-d301 @A: 17 32 30 35 | 09
#1606-d301 @A: 08 32 31 35 | 08
#1607-d301 @A: 35 26 15 09 | 11
#1608-d301 @A: 28 09 25 35 | 07
#1609-d301 @A: 27 24 09 35 | 12
#1610-d301 @A: 35 13 17 09 | 04
#1611-d301 @A: 09 30 35 33 | 01
#1612-d301 @A: 09 31 35 02 | 03
#1613-d301 @A: 35 31 15 27 | 05
#1614-d301 @A: 16 15 35 08 | 02
#1615-d301 @A: 15 13 28 35 | 06
#1616-d301 @A: 33 02 15 35 | 10
#1617-d301 @A: 25 27 26 35 | 09
#1618-d301 @A: 13 30 25 35 | 08
#1619-d301 @A: 25 33 35 08 | 11
#1620-d301 @A: 17 02 25 35 | 07
#1621-d301 @A: 02 16 35 24 | 12
#1622-d301 @A: 26 24 35 08 | 04
#1623-d301 @A: 13 24 31 35 | 01
#1624-d301 @A: 24 28 17 35 | 03
#1625-d301 @A: 24 35 04 17 | 05
#1626-d301 @A: 27 30 28 35 | 02
#1627-d301 @A: 17 35 27 08 | 06
#1628-d301 @A: 35 16 26 17 | 10
#1629-d301 @A: 13 33 16 35 | 09
#1630-d301 @A: 04 35 13 16 | 08
#1631-d301 @A: 30 35 16 31 | 11
#1632-d301 @A: 35 13 02 26 | 07
#1633-d301 @A: 08 35 02 30 | 12
#1634-d301 @A: 35 04 08 28 | 04
#1635-d301 @A: 31 33 35 28 | 01
#1636-d301 @A: 04 31 35 33 | 03
#1637-d301 @A: 07 15 32 27 | 05
#1638-d301 @A: 25 32 26 07 | 02
#1639-d301 @A: 32 08 07 24 | 06
#1640-d301 @A: 16 07 32 30 | 10
#1641-d301 @A: 32 07 17 28 | 09
#1642-d301 @A: 07 28 32 04 | 08
#1643-d301 @A: 32 31 07 33 | 11
#1644-d301 @A: 02 15 09 07 | 07
#1645-d301 @A: 25 17 07 09 | 12
#1646-d301 @A: 09 24 07 31 | 04
#1647-d301 @A: 27 09 07 26 | 01
#1648-d301 @A: 07 09 30 13 | 03
#1649-d301 @A: 13 07 09 04 | 05
#1650-d301 @A: 07 33 09 28 | 02
#1651-d301 @A: 24 07 16 15 | 06
#1652-d301 @A: 28 26 07 15 | 10
#1653-d301 @A: 13 15 33 07 | 09
#1654-d301 @A: 31 08 15 07 | 08
#1655-d301 @A: 08 27 25 07 | 11
#1656-d301 @A: 33 07 16 25 | 07
#1657-d301 @A: 07 13 02 25 | 12
#1658-d301 @A: 30 07 25 28 | 04
#1659-d301 @A: 07 04 02 25 | 01
#1660-d301 @A: 07 24 17 27 | 03
#1661-d301 @A: 24 07 02 26 | 05
#1662-d301 @A: 24 07 13 28 | 02
#1663-d301 @A: 33 07 30 27 | 06
#1664-d301 @A: 28 27 31 07 | 10
#1665-d301 @A: 07 08 16 26 | 09
#1666-d301 @A: 31 07 16 13 | 08
#1667-d301 @A: 17 07 02 16 | 11
#1668-d301 @A: 26 13 17 07 | 07
#1669-d301 @A: 07 04 08 26 | 12
#1670-d301 @A: 17 07 08 30 | 04
#1671-d301 @A: 07 30 02 31 | 01
#1672-d301 @A: 07 33 02 08 | 03
#1673-d301 @A: 26 15 04 32 | 05
#1674-d301 @A: 32 04 25 08 | 02
#1675-d301 @A: 24 32 31 04 | 06
#1676-d301 @A: 32 27 04 17 | 10
#1677-d301 @A: 30 04 31 32 | 09
#1678-d301 @A: 16 09 04 33 | 08
#1679-d301 @A: 04 28 09 17 | 11
#1680-d301 @A: 04 09 31 08 | 07
#1681-d301 @A: 04 25 15 28 | 12
#1682-d301 @A: 15 04 31 17 | 04
#1683-d301 @A: 26 25 13 04 | 01
#1684-d301 @A: 25 04 33 28 | 03
#1685-d301 @A: 04 24 26 16 | 05
#1686-d301 @A: 08 33 24 04 | 02
#1687-d301 @A: 27 26 04 30 | 06
#1688-d301 @A: 30 16 04 02 | 10
#1689-d301 @A: 17 04 30 13 | 09
