#0001-d133 @A: 18 15 30 04 | 08
#0002-d133 @A: 19 30 18 17 | 12
#0003-d133 @A: 20 18 24 29 | 01
#0004-d133 @A: 18 35 25 29 | 09
#0005-d133 @A: 23 35 18 09 | 06
#0006-d133 @A: 35 18 01 31 | 07
#0007-d133 @A: 33 18 13 24 | 04
#0008-d133 @A: 21 18 17 05 | 11
#0009-d133 @A: 15 26 18 35 | 05
#0010-d133 @A: 32 08 18 15 | 02
#0011-d133 @A: 19 11 08 18 | 10
#0012-d133 @A: 04 18 20 12 | 03
#0013-d133 @A: 03 18 34 12 | 08
#0014-d133 @A: 13 18 34 04 | 12
#0015-d133 @A: 31 30 19 07 | 01
#0016-d133 @A: 16 23 07 01 | 09
#0017-d133 @A: 23 19 07 12 | 06
#0018-d133 @A: 13 21 05 07 | 07
#0019-d133 @A: 32 07 21 28 | 04
#0020-d133 @A: 15 16 07 35 | 11
#0021-d133 @A: 33 08 06 07 | 05
#0022-d133 @A: 02 19 07 20 | 02
#0023-d133 @A: 19 07 04 28 | 10
#0024-d133 @A: 07 11 09 12 | 03
#0025-d133 @A: 17 16 10 07 | 08
#0026-d133 @A: 26 07 34 04 | 12
#0027-d133 @A: 29 05 30 31 | 01
#0028-d133 @A: 16 29 30 03 | 09
#0029-d133 @A: 30 22 10 01 | 06
#0030-d133 @A: 15 14 30 24 | 07
#0031-d133 @A: 30 34 32 24 | 04
#0032-d133 @A: 30 12 10 24 | 11
#0033-d133 @A: 28 30 15 06 | 05
#0034-d133 @A: 15 30 32 33 | 02
#0035-d133 @A: 03 30 10 20 | 10
#0036-d133 @A: 30 13 16 28 | 03
#0037-d133 @A: 30 34 04 16 | 08
#0038-d133 @A: 22 29 35 26 | 12
#0039-d133 @A: 11 34 22 29 | 01
#0040-d133 @A: 16 29 22 32 | 09
#0041-d133 @A: 22 29 31 28 | 06
#0042-d133 @A: 26 23 24 29 | 07
#0043-d133 @A: 29 23 09 28 | 04
#0044-d133 @A: 29 01 24 05 | 11
#0045-d133 @A: 34 15 29 05 | 05
#0046-d133 @A: 32 06 29 09 | 02
#0047-d133 @A: 29 16 06 31 | 10
#0048-d133 @A: 34 10 29 06 | 03
#0049-d133 @A: 29 04 19 16 | 08
#0050-d133 @A: 25 34 29 09 | 12
#0051-d133 @A: 04 08 25 29 | 01
#0052-d133 @A: 25 26 28 29 | 09
#0053-d133 @A: 29 31 08 10 | 06
#0054-d133 @A: 29 02 33 10 | 07
#0055-d133 @A: 01 23 03 22 | 04
#0056-d133 @A: 01 22 24 16 | 11
#0057-d133 @A: 22 05 25 24 | 05
#0058-d133 @A: 22 05 10 32 | 02
#0059-d133 @A: 06 22 31 11 | 10
#0060-d133 @A: 12 32 22 15 | 03
#0061-d133 @A: 12 34 22 14 | 08
#0062-d133 @A: 09 03 13 22 | 12
#0063-d133 @A: 17 22 26 16 | 01
#0064-d133 @A: 22 08 28 26 | 09
#0065-d133 @A: 23 12 01 24 | 06
#0066-d133 @A: 01 23 09 08 | 07
#0067-d133 @A: 24 05 23 20 | 04
#0068-d133 @A: 24 11 09 23 | 11
#0069-d133 @A: 23 06 26 27 | 05
#0070-d133 @A: 23 27 33 25 | 02
#0071-d133 @A: 20 23 26 35 | 10
#0072-d133 @A: 33 19 23 15 | 03
#0073-d133 @A: 26 12 23 14 | 08
#0074-d133 @A: 12 25 08 23 | 12
#0075-d133 @A: 20 33 03 23 | 01
#0076-d133 @A: 23 16 02 08 | 09
#0077-d133 @A: 24 01 34 11 | 06
#0078-d133 @A: 35 09 01 20 | 07
#0079-d133 @A: 19 26 01 06 | 04
#0080-d133 @A: 32 14 33 01 | 11
#0081-d133 @A: 01 26 14 03 | 05
#0082-d133 @A: 04 09 02 01 | 02
#0083-d133 @A: 09 01 28 26 | 10
#0084-d133 @A: 13 16 01 04 | 03
#0085-d133 @A: 32 24 28 05 | 08
#0086-d133 @A: 21 27 24 20 | 12
#0087-d133 @A: 11 27 28 24 | 01
#0088-d133 @A: 32 24 12 27 | 09
#0089-d133 @A: 03 19 15 24 | 06
#0090-d133 @A: 32 15 24 26 | 07
#0091-d133 @A: 09 03 02 24 | 04
#0092-d133 @A: 03 24 17 33 | 11
#0093-d133 @A: 24 08 26 33 | 05
#0094-d133 @A: 05 08 27 11 | 02
#0095-d133 @A: 06 05 13 19 | 10
#0096-d133 @A: 09 05 20 02 | 03
#0097-d133 @A: 05 25 28 09 | 08
#0098-d133 @A: 33 12 20 05 | 12
#0099-d133 @A: 20 10 26 05 | 01
#0100-d133 @A: 16 05 13 02 | 09
#0101-d133 @A: 08 05 04 34 | 06
#0102-d133 @A: 31 08 03 05 | 07
#0103-d133 @A: 27 21 11 33 | 04
#0104-d133 @A: 15 13 21 35 | 11
#0105-d133 @A: 11 21 06 08 | 05
#0106-d133 @A: 11 21 34 14 | 02
#0107-d133 @A: 14 03 16 21 | 10
#0108-d133 @A: 21 19 33 08 | 03
#0109-d133 @A: 21 03 04 09 | 08
#0110-d133 @A: 17 08 21 31 | 12
#0111-d133 @A: 21 03 28 31 | 01
#0112-d133 @A: 12 27 06 35 | 09
#0113-d133 @A: 02 15 27 06 | 06
#0114-d133 @A: 11 13 27 15 | 07
#0115-d133 @A: 26 11 14 27 | 04
#0116-d133 @A: 26 27 19 34 | 11
#0117-d133 @A: 27 17 12 16 | 05
#0118-d133 @A: 27 16 03 31 | 02
#0119-d133 @A: 35 13 14 06 | 10
#0120-d133 @A: 35 03 32 06 | 03
#0121-d133 @A: 06 35 33 04 | 08
#0122-d133 @A: 15 11 17 35 | 12
#0123-d133 @A: 35 12 34 10 | 01
#0124-d133 @A: 34 28 35 20 | 09
#0125-d133 @A: 03 35 16 10 | 06
#0126-d133 @A: 34 35 02 04 | 07
#0127-d133 @A: 32 26 28 06 | 04
#0128-d133 @A: 13 08 26 15 | 11
#0129-d133 @A: 04 08 28 15 | 05
#0130-d133 @A: 19 14 16 32 | 02
#0131-d133 @A: 14 25 13 20 | 10
#0132-d133 @A: 08 28 14 25 | 03
#0133-d133 @A: 17 33 14 10 | 08
#0134-d133 @A: 03 14 02 17 | 12
#0135-d133 @A: 10 17 19 09 | 01
#0136-d133 @A: 02 09 19 08 | 09
#0137-d133 @A: 33 19 25 02 | 06
#0138-d133 @A: 20 17 02 11 | 07
#0139-d133 @A: 31 26 11 25 | 04
#0140-d133 @A: 13 11 16 03 | 11
#0141-d133 @A: 11 02 10 26 | 05
#0142-d133 @A: 10 20 32 08 | 02
#0143-d133 @A: 20 32 02 31 | 10
#0144-d133 @A: 17 28 32 13 | 03
#0145-d133 @A: 08 16 32 31 | 08
#0146-d133 @A: 33 02 12 31 | 12
#0147-d133 @A: 22 07 28 18 | 01
#0148-d133 @A: 06 07 18 26 | 09
#0149-d133 @A: 18 07 32 04 | 06
#0150-d133 @A: 05 28 30 18 | 07
#0151-d133 @A: 30 09 14 18 | 04
#0152-d133 @A: 22 18 02 24 | 11
#0153-d133 @A: 04 25 18 01 | 05
#0154-d133 @A: 10 18 05 27 | 02
#0155-d133 @A: 18 15 20 05 | 10
#0156-d133 @A: 18 21 27 14 | 03
#0157-d133 @A: 21 18 20 06 | 08
#0158-d133 @A: 18 21 31 25 | 12
#0159-d133 @A: 04 18 27 02 | 01
#0160-d133 @A: 32 06 18 02 | 09
#0161-d133 @A: 03 14 15 18 | 06
#0162-d133 @A: 18 15 31 11 | 07
#0163-d133 @A: 16 18 02 19 | 04
#0164-d133 @A: 25 04 18 33 | 11
#0165-d133 @A: 18 16 34 10 | 05
#0166-d133 @A: 30 07 25 24 | 02
#0167-d133 @A: 07 04 35 30 | 10
#0168-d133 @A: 25 07 29 05 | 03
#0169-d133 @A: 23 22 07 31 | 08
#0170-d133 @A: 07 01 32 08 | 12
#0171-d133 @A: 11 07 16 27 | 01
#0172-d133 @A: 27 07 33 20 | 09
#0173-d133 @A: 06 35 07 09 | 06
#0174-d133 @A: 35 12 31 07 | 07
#0175-d133 @A: 32 07 14 13 | 04
#0176-d133 @A: 19 34 07 33 | 11
#0177-d133 @A: 09 28 07 13 | 05
#0178-d133 @A: 08 07 17 09 | 02
#0179-d133 @A: 34 03 09 07 | 10
#0180-d133 @A: 20 07 26 16 | 03
#0181-d133 @A: 31 10 34 07 | 08
#0182-d133 @A: 01 30 20 23 | 12
#0183-d133 @A: 23 19 30 16 | 01
#0184-d133 @A: 34 30 01 21 | 09
#0185-d133 @A: 17 27 01 30 | 06
#0186-d133 @A: 01 12 30 33 | 07
#0187-d133 @A: 33 09 30 27 | 04
#0188-d133 @A: 30 35 12 14 | 11
#0189-d133 @A: 30 03 35 13 | 05
#0190-d133 @A: 15 09 30 08 | 02
#0191-d133 @A: 15 34 13 30 | 10
#0192-d133 @A: 30 11 26 19 | 03
#0193-d133 @A: 33 19 26 30 | 08
#0194-d133 @A: 17 16 30 20 | 12
#0195-d133 @A: 08 29 12 22 | 01
#0196-d133 @A: 09 11 01 29 | 09
#0197-d133 @A: 29 24 13 27 | 06
#0198-d133 @A: 27 29 33 24 | 07
#0199-d133 @A: 29 24 31 11 | 04
#0200-d133 @A: 21 29 09 05 | 11
#0201-d133 @A: 29 12 05 26 | 05
#0202-d133 @A: 35 21 29 31 | 02
#0203-d133 @A: 19 27 25 29 | 10
#0204-d133 @A: 11 27 29 12 | 03
#0205-d133 @A: 32 27 29 04 | 08
#0206-d133 @A: 15 06 14 29 | 12
#0207-d133 @A: 11 14 17 29 | 01
#0208-d133 @A: 14 26 34 29 | 09
#0209-d133 @A: 29 13 25 32 | 06
#0210-d133 @A: 09 10 13 29 | 07
#0211-d133 @A: 29 08 28 02 | 04
#0212-d133 @A: 22 05 06 34 | 11
#0213-d133 @A: 05 19 31 22 | 05
#0214-d133 @A: 21 22 17 09 | 02
#0215-d133 @A: 02 22 19 27 | 10
#0216-d133 @A: 32 20 22 27 | 03
#0217-d133 @A: 28 22 35 16 | 08
#0218-d133 @A: 11 22 15 09 | 12
#0219-d133 @A: 16 22 10 13 | 01
#0220-d133 @A: 23 24 21 31 | 09
#0221-d133 @A: 05 14 23 16 | 06
#0222-d133 @A: 05 25 23 32 | 07
#0223-d133 @A: 06 03 23 21 | 04
#0224-d133 @A: 04 23 12 27 | 11
#0225-d133 @A: 12 23 16 10 | 05
#0226-d133 @A: 23 25 13 17 | 02
#0227-d133 @A: 24 10 01 15 | 10
#0228-d133 @A: 02 05 26 01 | 03
#0229-d133 @A: 21 01 35 04 | 08
#0230-d133 @A: 01 12 15 27 | 12
#0231-d133 @A: 28 01 06 35 | 01
#0232-d133 @A: 14 01 12 06 | 09
#0233-d133 @A: 01 15 20 14 | 06
#0234-d133 @A: 15 08 11 01 | 07
#0235-d133 @A: 03 28 01 12 | 04
#0236-d133 @A: 16 31 34 01 | 11
#0237-d133 @A: 05 24 10 14 | 05
#0238-d133 @A: 21 13 19 24 | 02
#0239-d133 @A: 32 03 21 24 | 10
#0240-d133 @A: 34 27 24 14 | 03
#0241-d133 @A: 25 17 24 12 | 08
#0242-d133 @A: 25 24 28 02 | 12
#0243-d133 @A: 24 10 04 03 | 01
#0244-d133 @A: 05 14 11 12 | 09
#0245-d133 @A: 25 20 05 34 | 06
#0246-d133 @A: 20 16 05 04 | 07
#0247-d133 @A: 02 10 05 08 | 04
#0248-d133 @A: 05 03 34 10 | 11
#0249-d133 @A: 28 12 21 27 | 05
#0250-d133 @A: 08 04 21 32 | 02
#0251-d133 @A: 32 02 33 21 | 10
#0252-d133 @A: 25 20 21 28 | 03
#0253-d133 @A: 25 34 08 21 | 08
#0254-d133 @A: 02 21 34 31 | 12
#0255-d133 @A: 28 26 21 04 | 01
#0256-d133 @A: 04 09 35 27 | 09
#0257-d133 @A: 34 04 27 06 | 06
#0258-d133 @A: 15 14 27 25 | 07
#0259-d133 @A: 27 15 16 19 | 04
#0260-d133 @A: 19 27 28 32 | 11
#0261-d133 @A: 17 03 09 27 | 05
#0262-d133 @A: 12 26 27 02 | 02
#0263-d133 @A: 13 27 04 10 | 10
#0264-d133 @A: 02 28 27 16 | 03
#0265-d133 @A: 11 06 25 35 | 08
#0266-d133 @A: 03 12 35 17 | 12
#0267-d133 @A: 17 35 04 08 | 01
#0268-d133 @A: 11 15 10 06 | 09
#0269-d133 @A: 13 11 26 06 | 06
#0270-d133 @A: 25 04 06 13 | 07
#0271-d133 @A: 06 26 16 10 | 04
#0272-d133 @A: 09 26 16 15 | 11
#0273-d133 @A: 17 12 33 15 | 05
#0274-d133 @A: 02 03 15 34 | 02
#0275-d133 @A: 11 08 14 02 | 10
#0276-d133 @A: 20 14 08 31 | 03
#0277-d133 @A: 28 26 20 14 | 08
#0278-d133 @A: 16 34 13 14 | 12
#0279-d133 @A: 04 02 12 19 | 01
#0280-d133 @A: 34 08 13 19 | 09
#0281-d133 @A: 17 19 08 28 | 06
#0282-d133 @A: 19 17 26 02 | 07
#0283-d133 @A: 08 32 26 11 | 04
#0284-d133 @A: 17 11 13 12 | 11
#0285-d133 @A: 26 12 11 04 | 05
#0286-d133 @A: 34 11 20 10 | 02
#0287-d133 @A: 03 31 04 11 | 10
#0288-d133 @A: 17 31 25 32 | 03
#0289-d133 @A: 26 25 33 10 | 08
#0290-d133 @A: 08 24 07 18 | 12
#0291-d133 @A: 07 20 18 10 | 01
#0292-d133 @A: 30 01 18 24 | 09
#0293-d133 @A: 18 35 30 20 | 06
#0294-d133 @A: 29 31 18 27 | 07
#0295-d133 @A: 18 27 23 17 | 04
#0296-d133 @A: 14 24 26 18 | 11
#0297-d133 @A: 33 25 21 18 | 05
#0298-d133 @A: 33 18 32 27 | 02
#0299-d133 @A: 16 14 18 20 | 10
#0300-d133 @A: 13 10 25 18 | 03
#0301-d133 @A: 18 25 26 03 | 08
#0302-d133 @A: 08 02 18 03 | 12
#0303-d133 @A: 28 07 27 30 | 01
#0304-d133 @A: 15 30 07 17 | 09
#0305-d133 @A: 22 03 07 06 | 06
#0306-d133 @A: 04 07 22 14 | 07
#0307-d133 @A: 14 23 07 21 | 04
#0308-d133 @A: 07 11 23 28 | 11
#0309-d133 @A: 33 07 01 09 | 05
#0310-d133 @A: 05 32 07 09 | 02
#0311-d133 @A: 07 25 03 21 | 10
#0312-d133 @A: 19 07 35 03 | 03
#0313-d133 @A: 35 26 02 07 | 08
#0314-d133 @A: 07 11 04 06 | 12
#0315-d133 @A: 32 10 07 06 | 01
#0316-d133 @A: 29 14 30 21 | 09
#0317-d133 @A: 30 33 21 29 | 06
#0318-d133 @A: 35 30 33 28 | 07
#0319-d133 @A: 25 02 30 13 | 04
#0320-d133 @A: 08 30 26 25 | 11
#0321-d133 @A: 29 05 04 22 | 05
#0322-d133 @A: 35 29 01 02 | 02
#0323-d133 @A: 29 17 35 05 | 10
#0324-d133 @A: 15 10 35 29 | 03
#0325-d133 @A: 19 29 17 15 | 08
#0326-d133 @A: 32 14 29 12 | 12
#0327-d133 @A: 09 03 26 29 | 01
#0328-d133 @A: 33 12 25 29 | 09
#0329-d133 @A: 29 20 28 04 | 06
#0330-d133 @A: 03 10 29 25 | 07
#0331-d133 @A: 25 06 22 01 | 04
#0332-d133 @A: 04 19 22 01 | 11
#0333-d133 @A: 15 24 08 22 | 05
#0334-d133 @A: 25 22 33 24 | 02
#0335-d133 @A: 05 28 22 33 | 10
#0336-d133 @A: 22 13 15 14 | 03
#0337-d133 @A: 31 22 15 03 | 08
#0338-d133 @A: 14 11 22 10 | 12
#0339-d133 @A: 09 22 25 10 | 01
#0340-d133 @A: 22 04 09 34 | 09
#0341-d133 @A: 22 25 16 12 | 06
#0342-d133 @A: 16 20 03 22 | 07
#0343-d133 @A: 08 22 03 25 | 04
#0344-d133 @A: 22 17 04 03 | 11
#0345-d133 @A: 02 04 28 22 | 05
#0346-d133 @A: 04 15 01 23 | 02
#0347-d133 @A: 05 35 23 34 | 10
#0348-d133 @A: 05 06 23 09 | 03
#0349-d133 @A: 33 05 23 02 | 08
#0350-d133 @A: 23 27 14 28 | 12
#0351-d133 @A: 27 16 23 32 | 01
#0352-d133 @A: 33 06 23 26 | 09
#0353-d133 @A: 19 23 08 14 | 06
#0354-d133 @A: 31 10 17 23 | 07
#0355-d133 @A: 33 23 16 10 | 04
#0356-d133 @A: 13 09 24 01 | 11
#0357-d133 @A: 27 01 05 34 | 05
#0358-d133 @A: 08 21 27 01 | 02
#0359-d133 @A: 01 12 35 32 | 10
#0360-d133 @A: 08 03 01 35 | 03
#0361-d133 @A: 19 14 01 25 | 08
#0362-d133 @A: 01 28 20 16 | 12
#0363-d133 @A: 33 34 20 01 | 01
#0364-d133 @A: 26 25 34 01 | 09
#0365-d133 @A: 01 10 08 13 | 06
#0366-d133 @A: 33 28 26 01 | 07
#0367-d133 @A: 24 05 09 33 | 04
#0368-d133 @A: 24 21 10 28 | 11
#0369-d133 @A: 14 35 31 24 | 05
#0370-d133 @A: 25 34 15 24 | 02
#0371-d133 @A: 28 24 33 32 | 10
#0372-d133 @A: 16 17 02 24 | 03
#0373-d133 @A: 21 05 15 27 | 08
#0374-d133 @A: 32 12 05 21 | 12
#0375-d133 @A: 35 11 05 28 | 01
#0376-d133 @A: 25 16 35 05 | 09
#0377-d133 @A: 13 04 05 09 | 06
#0378-d133 @A: 16 17 03 05 | 07
#0379-d133 @A: 28 17 26 05 | 04
#0380-d133 @A: 14 35 21 33 | 11
#0381-d133 @A: 19 06 09 21 | 05
#0382-d133 @A: 25 12 06 21 | 02
#0383-d133 @A: 06 02 17 21 | 10
#0384-d133 @A: 09 21 08 28 | 03
#0385-d133 @A: 10 21 25 17 | 08
#0386-d133 @A: 13 34 33 21 | 12
#0387-d133 @A: 32 15 09 27 | 01
#0388-d133 @A: 19 11 27 04 | 09
#0389-d133 @A: 09 08 27 20 | 06
#0390-d133 @A: 20 27 16 25 | 07
#0391-d133 @A: 27 20 10 28 | 04
#0392-d133 @A: 08 35 15 14 | 11
#0393-d133 @A: 11 35 02 19 | 05
#0394-d133 @A: 09 35 34 17 | 02
#0395-d133 @A: 17 26 25 35 | 10
#0396-d133 @A: 26 35 03 33 | 03
#0397-d133 @A: 19 03 14 06 | 08
#0398-d133 @A: 06 12 08 31 | 12
#0399-d133 @A: 10 06 12 02 | 01
#0400-d133 @A: 25 06 34 16 | 09
#0401-d133 @A: 15 32 20 28 | 06
#0402-d133 @A: 15 34 08 12 | 07
#0403-d133 @A: 34 15 20 31 | 04
#0404-d133 @A: 15 25 13 28 | 11
#0405-d133 @A: 14 12 28 31 | 05
#0406-d133 @A: 12 03 14 33 | 02
#0407-d133 @A: 14 31 03 25 | 10
#0408-d133 @A: 31 14 02 10 | 03
#0409-d133 @A: 25 34 19 10 | 08
#0410-d133 @A: 19 34 31 03 | 12
#0411-d133 @A: 04 33 10 19 | 01
#0412-d133 @A: 09 32 34 11 | 09
#0413-d133 @A: 04 12 34 32 | 06
#0414-d133 @A: 26 32 12 10 | 07
#0415-d133 @A: 16 26 25 32 | 04
#0416-d133 @A: 03 32 34 25 | 11
#0417-d133 @A: 34 28 32 08 | 05
#0418-d133 @A: 28 09 33 17 | 02
#0419-d133 @A: 07 17 25 18 | 10
#0420-d133 @A: 23 18 01 19 | 03
#0421-d133 @A: 24 34 19 18 | 08
#0422-d133 @A: 18 10 24 11 | 12
#0423-d133 @A: 18 35 05 19 | 01
#0424-d133 @A: 21 19 04 18 | 09
#0425-d133 @A: 18 14 34 06 | 06
#0426-d133 @A: 04 31 06 18 | 07
#0427-d133 @A: 18 09 33 15 | 04
#0428-d133 @A: 12 19 14 18 | 11
#0429-d133 @A: 25 18 20 09 | 05
#0430-d133 @A: 26 17 18 12 | 02
#0431-d133 @A: 18 20 13 17 | 10
#0432-d133 @A: 28 16 18 26 | 03
#0433-d133 @A: 22 09 24 07 | 08
#0434-d133 @A: 20 15 22 07 | 12
#0435-d133 @A: 07 11 23 33 | 01
#0436-d133 @A: 23 20 07 32 | 09
#0437-d133 @A: 07 25 01 11 | 06
#0438-d133 @A: 11 07 20 24 | 07
#0439-d133 @A: 05 07 11 31 | 04
#0440-d133 @A: 07 03 05 28 | 11
#0441-d133 @A: 21 02 07 10 | 05
#0442-d133 @A: 25 07 12 20 | 02
#0443-d133 @A: 07 20 31 13 | 10
#0444-d133 @A: 31 28 02 07 | 03
#0445-d133 @A: 29 30 01 28 | 08
#0446-d133 @A: 32 09 23 30 | 12
#0447-d133 @A: 32 13 30 01 | 01
#0448-d133 @A: 05 34 30 14 | 09
#0449-d133 @A: 09 11 21 30 | 06
#0450-d133 @A: 13 26 20 30 | 07
#0451-d133 @A: 30 25 16 10 | 04
#0452-d133 @A: 01 20 29 22 | 11
#0453-d133 @A: 29 23 10 19 | 05
#0454-d133 @A: 29 20 05 19 | 02
#0455-d133 @A: 28 05 16 29 | 10
#0456-d133 @A: 21 15 29 25 | 03
#0457-d133 @A: 29 08 27 35 | 08
#0458-d133 @A: 27 26 29 15 | 12
#0459-d133 @A: 04 15 29 33 | 01
#0460-d133 @A: 04 09 29 14 | 09
#0461-d133 @A: 23 12 11 22 | 06
#0462-d133 @A: 15 22 01 05 | 07
#0463-d133 @A: 01 08 22 34 | 04
#0464-d133 @A: 10 24 27 22 | 11
#0465-d133 @A: 12 24 22 35 | 05
#0466-d133 @A: 22 11 24 26 | 02
#0467-d133 @A: 27 21 22 31 | 10
#0468-d133 @A: 21 22 15 33 | 03
#0469-d133 @A: 06 28 22 27 | 08
#0470-d133 @A: 22 27 15 04 | 12
#0471-d133 @A: 32 35 22 02 | 01
#0472-d133 @A: 17 22 31 14 | 09
#0473-d133 @A: 19 32 08 22 | 06
#0474-d133 @A: 12 22 31 13 | 07
#0475-d133 @A: 25 02 22 20 | 04
#0476-d133 @A: 02 03 10 22 | 11
#0477-d133 @A: 01 11 23 13 | 05
#0478-d133 @A: 24 23 08 27 | 02
#0479-d133 @A: 23 17 24 15 | 10
#0480-d133 @A: 23 19 24 02 | 03
#0481-d133 @A: 23 21 27 13 | 08
#0482-d133 @A: 13 19 23 20 | 12
#0483-d133 @A: 19 23 03 17 | 01
#0484-d133 @A: 23 26 16 13 | 09
#0485-d133 @A: 34 23 04 10 | 06
#0486-d133 @A: 25 01 21 32 | 07
#0487-d133 @A: 11 02 06 01 | 04
#0488-d133 @A: 32 01 15 03 | 11
#0489-d133 @A: 03 33 01 15 | 05
#0490-d133 @A: 01 14 11 04 | 02
#0491-d133 @A: 34 01 32 14 | 10
#0492-d133 @A: 17 11 01 19 | 03
#0493-d133 @A: 10 01 19 32 | 08
#0494-d133 @A: 01 11 33 04 | 12
#0495-d133 @A: 25 01 13 12 | 01
#0496-d133 @A: 02 10 01 28 | 09
#0497-d133 @A: 27 05 17 24 | 06
#0498-d133 @A: 09 24 05 15 | 07
#0499-d133 @A: 24 14 08 21 | 04
#0500-d133 @A: 35 06 02 24 | 11
#0501-d133 @A: 08 24 06 26 | 05
#0502-d133 @A: 16 24 08 10 | 02
#0503-d133 @A: 28 05 04 27 | 10
#0504-d133 @A: 35 03 20 05 | 03
#0505-d133 @A: 15 08 06 05 | 08
#0506-d133 @A: 05 04 31 02 | 12
#0507-d133 @A: 10 21 27 06 | 01
#0508-d133 @A: 21 17 27 19 | 09
#0509-d133 @A: 26 09 21 27 | 06
#0510-d133 @A: 31 21 09 15 | 07
#0511-d133 @A: 12 21 13 10 | 04
#0512-d133 @A: 21 20 17 33 | 11
#0513-d133 @A: 21 08 03 10 | 05
#0514-d133 @A: 17 08 27 15 | 02
#0515-d133 @A: 19 12 08 27 | 10
#0516-d133 @A: 10 27 25 02 | 03
#0517-d133 @A: 19 06 17 35 | 08
#0518-d133 @A: 35 32 33 16 | 12
#0519-d133 @A: 35 34 25 13 | 01
#0520-d133 @A: 31 35 02 08 | 09
#0521-d133 @A: 09 06 26 12 | 06
#0522-d133 @A: 06 03 13 12 | 07
#0523-d133 @A: 19 14 09 15 | 04
#0524-d133 @A: 13 19 15 32 | 11
#0525-d133 @A: 15 17 26 33 | 05
#0526-d133 @A: 02 33 34 15 | 02
#0527-d133 @A: 25 14 32 02 | 10
#0528-d133 @A: 17 20 14 10 | 03
#0529-d133 @A: 12 19 34 09 | 08
#0530-d133 @A: 16 03 19 12 | 12
#0531-d133 @A: 19 26 31 20 | 01
#0532-d133 @A: 08 19 04 10 | 09
#0533-d133 @A: 20 11 32 25 | 06
#0534-d133 @A: 11 04 32 13 | 07
#0535-d133 @A: 09 11 02 31 | 04
#0536-d133 @A: 20 03 11 26 | 11
#0537-d133 @A: 32 13 09 31 | 05
#0538-d133 @A: 08 32 12 17 | 02
#0539-d133 @A: 32 08 03 13 | 10
#0540-d133 @A: 13 09 33 02 | 03
#0541-d133 @A: 34 07 21 18 | 08
#0542-d133 @A: 15 18 13 07 | 12
#0543-d133 @A: 16 25 08 18 | 01
#0544-d133 @A: 12 22 30 07 | 09
#0545-d133 @A: 34 23 07 30 | 06
#0546-d133 @A: 30 07 06 13 | 07
#0547-d133 @A: 29 07 15 31 | 04
#0548-d133 @A: 29 33 17 07 | 11
#0549-d133 @A: 29 08 34 07 | 05
#0550-d133 @A: 17 07 23 35 | 02
#0551-d133 @A: 19 27 07 01 | 10
#0552-d133 @A: 01 20 06 07 | 03
#0553-d133 @A: 07 01 14 02 | 08
#0554-d133 @A: 02 27 07 24 | 12
#0555-d133 @A: 24 34 07 35 | 01
#0556-d133 @A: 07 05 10 04 | 09
#0557-d133 @A: 19 14 17 07 | 06
#0558-d133 @A: 16 31 09 07 | 07
#0559-d133 @A: 03 12 07 10 | 04
#0560-d133 @A: 28 07 26 12 | 11
#0561-d133 @A: 23 08 05 30 | 05
#0562-d133 @A: 23 31 30 27 | 02
#0563-d133 @A: 23 13 30 10 | 10
#0564-d133 @A: 01 30 12 05 | 03
#0565-d133 @A: 30 19 09 01 | 08
#0566-d133 @A: 26 27 30 24 | 12
#0567-d133 @A: 31 03 30 24 | 01
#0568-d133 @A: 06 30 05 25 | 09
#0569-d133 @A: 05 13 11 30 | 06
#0570-d133 @A: 28 14 32 30 | 07
#0571-d133 @A: 30 17 09 13 | 04
#0572-d133 @A: 17 30 12 28 | 11
#0573-d133 @A: 30 34 28 31 | 05
#0574-d133 @A: 30 04 31 10 | 02
#0575-d133 @A: 29 05 23 03 | 10
#0576-d133 @A: 02 23 21 29 | 03
#0577-d133 @A: 11 08 23 29 | 08
#0578-d133 @A: 13 29 15 01 | 12
#0579-d133 @A: 01 29 31 04 | 01
#0580-d133 @A: 09 17 29 24 | 09
#0581-d133 @A: 29 10 05 11 | 06
#0582-d133 @A: 29 34 28 21 | 07
#0583-d133 @A: 29 26 10 21 | 04
#0584-d133 @A: 29 06 09 33 | 11
#0585-d133 @A: 12 29 06 17 | 05
#0586-d133 @A: 19 11 29 28 | 02
#0587-d133 @A: 11 29 03 33 | 10
#0588-d133 @A: 29 20 17 03 | 03
#0589-d133 @A: 16 26 02 29 | 08
#0590-d133 @A: 35 22 23 33 | 12
#0591-d133 @A: 23 32 22 28 | 01
#0592-d133 @A: 22 31 02 01 | 09
#0593-d133 @A: 28 24 03 22 | 06
#0594-d133 @A: 22 35 27 34 | 07
#0595-d133 @A: 28 25 17 22 | 04
#0596-d133 @A: 22 17 13 34 | 11
#0597-d133 @A: 02 22 33 17 | 05
#0598-d133 @A: 16 04 22 31 | 02
#0599-d133 @A: 34 22 28 10 | 10
#0600-d133 @A: 23 27 01 35 | 03
#0601-d133 @A: 05 26 11 23 | 08
#0602-d133 @A: 09 21 23 25 | 12
#0603-d133 @A: 19 31 23 35 | 01
#0604-d133 @A: 35 04 23 11 | 09
#0605-d133 @A: 12 06 32 23 | 06
#0606-d133 @A: 16 11 23 17 | 07
#0607-d133 @A: 09 23 20 16 | 04
#0608-d133 @A: 23 04 03 13 | 11
#0609-d133 @A: 17 08 26 23 | 05
#0610-d133 @A: 20 32 24 01 | 02
#0611-d133 @A: 01 33 24 10 | 10
#0612-d133 @A: 05 01 08 25 | 03
#0613-d133 @A: 01 16 19 35 | 08
#0614-d133 @A: 11 10 35 01 | 12
#0615-d133 @A: 09 01 12 31 | 01
#0616-d133 @A: 01 16 03 09 | 09
#0617-d133 @A: 20 03 24 14 | 06
#0618-d133 @A: 28 12 19 24 | 07
#0619-d133 @A: 28 24 26 13 | 04
#0620-d133 @A: 05 20 27 13 | 11
#0621-d133 @A: 05 14 35 04 | 05
#0622-d133 @A: 11 19 09 05 | 02
#0623-d133 @A: 08 05 17 20 | 10
#0624-d133 @A: 14 35 25 21 | 03
#0625-d133 @A: 10 21 15 34 | 08
#0626-d133 @A: 28 19 21 14 | 12
#0627-d133 @A: 11 20 04 21 | 01
#0628-d133 @A: 16 20 34 21 | 09
#0629-d133 @A: 04 02 25 21 | 06
#0630-d133 @A: 02 21 26 08 | 07
#0631-d133 @A: 15 27 33 08 | 04
#0632-d133 @A: 09 27 10 12 | 11
#0633-d133 @A: 17 25 04 27 | 05
#0634-d133 @A: 03 28 33 27 | 02
#0635-d133 @A: 35 31 33 15 | 10
#0636-d133 @A: 09 35 10 02 | 03
#0637-d133 @A: 33 35 13 12 | 08
#0638-d133 @A: 33 08 10 35 | 12
#0639-d133 @A: 11 06 14 28 | 01
#0640-d133 @A: 06 19 32 33 | 09
#0641-d133 @A: 28 12 04 06 | 06
#0642-d133 @A: 20 13 06 34 | 07
#0643-d133 @A: 03 06 20 31 | 04
#0644-d133 @A: 10 31 06 13 | 11
#0645-d133 @A: 34 06 26 31 | 05
#0646-d133 @A: 31 28 06 33 | 02
#0647-d133 @A: 11 32 14 15 | 10
#0648-d133 @A: 16 14 33 15 | 03
#0649-d133 @A: 03 15 25 16 | 08
#0650-d133 @A: 17 16 04 15 | 12
#0651-d133 @A: 12 25 14 09 | 01
#0652-d133 @A: 09 08 03 14 | 09
#0653-d133 @A: 26 09 14 33 | 06
#0654-d133 @A: 13 04 33 14 | 07
#0655-d133 @A: 13 14 03 10 | 04
#0656-d133 @A: 31 12 19 17 | 11
#0657-d133 @A: 17 25 19 20 | 05
#0658-d133 @A: 13 19 04 17 | 02
#0659-d133 @A: 28 33 16 19 | 10
#0660-d133 @A: 20 08 11 12 | 03
#0661-d133 @A: 11 13 28 10 | 08
#0662-d133 @A: 28 31 17 11 | 12
#0663-d133 @A: 09 10 32 28 | 01
#0664-d133 @A: 32 16 13 20 | 09
#0665-d133 @A: 03 25 33 32 | 06
#0666-d133 @A: 32 10 17 02 | 07
#0667-d133 @A: 33 26 31 13 | 04
#0668-d133 @A: 18 33 02 30 | 11
#0669-d133 @A: 06 18 28 29 | 05
#0670-d133 @A: 18 26 19 29 | 02
#0671-d133 @A: 15 18 25 22 | 10
#0672-d133 @A: 08 17 18 22 | 03
#0673-d133 @A: 06 03 18 01 | 08
#0674-d133 @A: 18 28 32 01 | 12
#0675-d133 @A: 21 16 32 18 | 01
#0676-d133 @A: 35 14 28 18 | 09
#0677-d133 @A: 12 11 35 18 | 06
#0678-d133 @A: 16 13 35 18 | 07
#0679-d133 @A: 19 18 10 15 | 04
#0680-d133 @A: 18 31 28 19 | 11
#0681-d133 @A: 09 18 04 08 | 05
#0682-d133 @A: 18 25 02 12 | 02
#0683-d133 @A: 18 34 08 26 | 10
#0684-d133 @A: 22 29 07 02 | 03
#0685-d133 @A: 07 29 20 27 | 08
#0686-d133 @A: 22 07 11 08 | 12
#0687-d133 @A: 09 21 07 01 | 01
#0688-d133 @A: 24 07 10 13 | 09
#0689-d133 @A: 34 07 05 19 | 06
#0690-d133 @A: 15 21 19 07 | 07
#0691-d133 @A: 15 27 07 03 | 04
#0692-d133 @A: 04 07 09 20 | 11
#0693-d133 @A: 07 28 17 20 | 05
#0694-d133 @A: 07 13 03 26 | 02
#0695-d133 @A: 24 30 08 29 | 10
#0696-d133 @A: 27 30 29 02 | 03
#0697-d133 @A: 26 30 22 23 | 08
#0698-d133 @A: 03 30 27 22 | 12
#0699-d133 @A: 30 32 25 22 | 01
#0700-d133 @A: 30 02 22 09 | 09
#0701-d133 @A: 30 20 22 33 | 06
#0702-d133 @A: 21 17 30 23 | 07
#0703-d133 @A: 01 04 30 06 | 04
#0704-d133 @A: 01 30 14 08 | 11
#0705-d133 @A: 16 05 21 30 | 05
#0706-d133 @A: 09 05 30 27 | 02
#0707-d133 @A: 30 28 35 21 | 10
#0708-d133 @A: 02 15 30 35 | 03
#0709-d133 @A: 30 02 06 14 | 08
#0710-d133 @A: 30 10 09 06 | 12
#0711-d133 @A: 33 30 13 06 | 01
#0712-d133 @A: 31 20 12 30 | 09
#0713-d133 @A: 12 34 30 25 | 06
#0714-d133 @A: 02 20 08 30 | 07
#0715-d133 @A: 02 17 04 30 | 04
#0716-d133 @A: 06 01 08 29 | 11
#0717-d133 @A: 32 26 01 29 | 05
#0718-d133 @A: 24 32 29 10 | 02
#0719-d133 @A: 14 29 05 13 | 10
#0720-d133 @A: 32 20 29 21 | 03
#0721-d133 @A: 29 27 17 28 | 08
#0722-d133 @A: 15 29 08 03 | 12
#0723-d133 @A: 32 34 19 29 | 01
#0724-d133 @A: 28 29 13 03 | 09
#0725-d133 @A: 33 29 16 31 | 06
#0726-d133 @A: 29 04 34 03 | 07
#0727-d133 @A: 34 24 23 22 | 04
#0728-d133 @A: 15 22 26 06 | 11
#0729-d133 @A: 19 12 06 22 | 05
#0730-d133 @A: 10 20 06 22 | 02
#0731-d133 @A: 25 13 22 11 | 10
#0732-d133 @A: 13 32 33 22 | 03
#0733-d133 @A: 09 31 08 22 | 08
#0734-d133 @A: 06 23 01 34 | 12
#0735-d133 @A: 01 10 14 23 | 01
#0736-d133 @A: 05 23 28 10 | 09
#0737-d133 @A: 23 31 14 11 | 06
#0738-d133 @A: 23 04 32 14 | 07
#0739-d133 @A: 09 23 14 13 | 04
#0740-d133 @A: 32 33 17 23 | 11
#0741-d133 @A: 34 28 26 23 | 05
#0742-d133 @A: 24 28 01 14 | 02
#0743-d133 @A: 15 01 21 26 | 10
#0744-d133 @A: 14 13 21 01 | 03
#0745-d133 @A: 21 19 01 20 | 08
#0746-d133 @A: 01 21 03 11 | 12
#0747-d133 @A: 27 14 01 31 | 01
#0748-d133 @A: 12 01 20 26 | 09
#0749-d133 @A: 25 01 10 20 | 06
#0750-d133 @A: 31 01 20 17 | 07
#0751-d133 @A: 02 01 08 33 | 04
#0752-d133 @A: 08 35 05 24 | 11
#0753-d133 @A: 25 35 24 27 | 05
#0754-d133 @A: 06 24 11 33 | 02
#0755-d133 @A: 06 24 09 31 | 10
#0756-d133 @A: 19 20 16 24 | 03
#0757-d133 @A: 09 20 10 24 | 08
#0758-d133 @A: 02 31 24 13 | 12
#0759-d133 @A: 10 05 19 21 | 01
#0760-d133 @A: 20 06 32 05 | 09
#0761-d133 @A: 05 33 15 11 | 06
#0762-d133 @A: 16 12 34 05 | 07
#0763-d133 @A: 05 13 25 31 | 04
#0764-d133 @A: 05 17 02 25 | 11
#0765-d133 @A: 28 05 02 34 | 05
#0766-d133 @A: 05 03 34 33 | 02
#0767-d133 @A: 02 27 11 21 | 10
#0768-d133 @A: 21 31 12 04 | 03
#0769-d133 @A: 03 20 02 21 | 08
#0770-d133 @A: 16 10 21 04 | 12
#0771-d133 @A: 27 16 14 06 | 01
#0772-d133 @A: 27 34 03 20 | 09
#0773-d133 @A: 34 33 26 27 | 06
#0774-d133 @A: 31 35 15 06 | 07
#0775-d133 @A: 35 04 16 06 | 04
#0776-d133 @A: 14 35 26 16 | 11
#0777-d133 @A: 10 31 32 35 | 05
#0778-d133 @A: 10 35 08 25 | 02
#0779-d133 @A: 02 25 35 03 | 10
#0780-d133 @A: 06 14 08 32 | 03
#0781-d133 @A: 14 10 06 04 | 08
#0782-d133 @A: 08 06 17 10 | 12
#0783-d133 @A: 03 26 17 06 | 01
#0784-d133 @A: 03 06 16 08 | 09
#0785-d133 @A: 12 26 15 25 | 06
#0786-d133 @A: 13 33 15 20 | 07
#0787-d133 @A: 20 14 02 04 | 04
#0788-d133 @A: 04 16 25 14 | 11
#0789-d133 @A: 14 26 25 10 | 05
#0790-d133 @A: 10 16 28 14 | 02
#0791-d133 @A: 17 11 33 19 | 10
#0792-d133 @A: 20 10 12 19 | 03
#0793-d133 @A: 04 20 03 19 | 08
#0794-d133 @A: 19 03 33 13 | 12
#0795-d133 @A: 11 31 10 33 | 01
#0796-d133 @A: 32 09 17 20 | 09
#0797-d133 @A: 08 09 32 25 | 06
#0798-d133 @A: 32 34 13 10 | 07
#0799-d133 @A: 03 28 32 16 | 04
#0800-d133 @A: 22 30 18 34 | 11
#0801-d133 @A: 21 30 18 13 | 05
#0802-d133 @A: 29 18 22 10 | 02
#0803-d133 @A: 29 32 17 18 | 10
#0804-d133 @A: 18 22 14 01 | 03
#0805-d133 @A: 22 18 27 12 | 08
#0806-d133 @A: 22 06 18 33 | 12
#0807-d133 @A: 31 18 22 32 | 01
#0808-d133 @A: 08 23 18 06 | 09
#0809-d133 @A: 23 03 18 32 | 06
#0810-d133 @A: 01 11 18 26 | 07
#0811-d133 @A: 20 18 08 01 | 04
#0812-d133 @A: 12 18 15 24 | 11
#0813-d133 @A: 02 21 15 18 | 05
#0814-d133 @A: 21 11 28 18 | 02
#0815-d133 @A: 34 27 15 18 | 10
#0816-d133 @A: 08 18 27 28 | 03
#0817-d133 @A: 18 35 10 06 | 08
#0818-d133 @A: 18 17 06 11 | 12
#0819-d133 @A: 18 14 11 13 | 01
#0820-d133 @A: 17 09 16 18 | 09
#0821-d133 @A: 28 02 18 09 | 06
#0822-d133 @A: 02 07 32 30 | 07
#0823-d133 @A: 29 06 07 23 | 04
#0824-d133 @A: 07 01 10 29 | 11
#0825-d133 @A: 13 29 35 07 | 05
#0826-d133 @A: 03 33 22 07 | 02
#0827-d133 @A: 15 09 07 23 | 10
#0828-d133 @A: 01 05 07 35 | 03
#0829-d133 @A: 01 31 33 07 | 08
#0830-d133 @A: 07 05 24 16 | 12
#0831-d133 @A: 33 24 07 35 | 01
#0832-d133 @A: 07 27 26 17 | 09
#0833-d133 @A: 07 32 35 11 | 06
#0834-d133 @A: 06 07 25 14 | 07
#0835-d133 @A: 31 07 25 04 | 04
#0836-d133 @A: 29 04 30 23 | 11
#0837-d133 @A: 13 30 19 29 | 05
#0838-d133 @A: 30 22 24 13 | 02
#0839-d133 @A: 31 30 35 22 | 10
#0840-d133 @A: 30 22 19 28 | 03
#0841-d133 @A: 31 26 30 21 | 08
#0842-d133 @A: 27 13 30 12 | 12
#0843-d133 @A: 35 26 30 09 | 01
#0844-d133 @A: 31 13 14 30 | 09
#0845-d133 @A: 17 33 31 30 | 06
#0846-d133 @A: 08 28 10 30 | 07
#0847-d133 @A: 29 24 22 21 | 04
#0848-d133 @A: 29 01 21 17 | 11
#0849-d133 @A: 29 19 12 01 | 05
#0850-d133 @A: 28 15 24 29 | 02
#0851-d133 @A: 29 05 33 26 | 10
#0852-d133 @A: 29 06 04 21 | 03
#0853-d133 @A: 08 21 19 29 | 08
#0854-d133 @A: 29 35 19 09 | 12
#0855-d133 @A: 29 02 19 06 | 01
#0856-d133 @A: 20 15 29 11 | 09
#0857-d133 @A: 29 32 20 33 | 06
#0858-d133 @A: 23 22 20 21 | 07
#0859-d133 @A: 25 22 27 23 | 04
#0860-d133 @A: 05 14 22 28 | 11
#0861-d133 @A: 19 21 25 22 | 05
#0862-d133 @A: 14 27 22 08 | 02
#0863-d133 @A: 03 11 35 22 | 10
#0864-d133 @A: 06 32 17 22 | 03
#0865-d133 @A: 28 22 12 09 | 08
#0866-d133 @A: 12 22 03 26 | 12
#0867-d133 @A: 20 22 08 04 | 01
#0868-d133 @A: 10 35 24 23 | 09
#0869-d133 @A: 16 06 23 24 | 06
#0870-d133 @A: 05 23 15 31 | 07
#0871-d133 @A: 23 11 10 21 | 04
#0872-d133 @A: 26 23 32 21 | 11
#0873-d133 @A: 23 34 15 14 | 05
#0874-d133 @A: 09 33 34 23 | 02
#0875-d133 @A: 26 04 23 09 | 10
#0876-d133 @A: 20 23 28 12 | 03
#0877-d133 @A: 16 03 23 34 | 08
#0878-d133 @A: 32 01 04 05 | 12
#0879-d133 @A: 21 01 06 16 | 01
#0880-d133 @A: 01 32 11 27 | 09
#0881-d133 @A: 33 13 27 01 | 06
#0882-d133 @A: 16 10 01 27 | 07
#0883-d133 @A: 31 01 15 25 | 04
#0884-d133 @A: 12 02 34 01 | 11
#0885-d133 @A: 17 13 01 26 | 05
#0886-d133 @A: 31 10 01 03 | 02
#0887-d133 @A: 24 11 12 21 | 10
#0888-d133 @A: 25 16 24 21 | 03
#0889-d133 @A: 35 24 20 15 | 08
#0890-d133 @A: 06 24 12 34 | 12
#0891-d133 @A: 32 24 31 19 | 01
#0892-d133 @A: 25 04 24 09 | 09
#0893-d133 @A: 12 20 02 24 | 06
#0894-d133 @A: 16 04 12 24 | 07
#0895-d133 @A: 24 08 25 13 | 04
#0896-d133 @A: 26 02 24 04 | 11
#0897-d133 @A: 02 27 05 32 | 05
#0898-d133 @A: 06 26 35 05 | 02
#0899-d133 @A: 33 04 05 32 | 10
#0900-d133 @A: 05 08 28 12 | 03
#0901-d133 @A: 13 26 05 34 | 08
#0902-d133 @A: 35 12 21 19 | 12
#0903-d133 @A: 35 32 21 09 | 01
#0904-d133 @A: 21 06 14 26 | 09
#0905-d133 @A: 32 13 21 06 | 06
#0906-d133 @A: 09 34 21 13 | 07
#0907-d133 @A: 12 21 08 16 | 04
#0908-d133 @A: 02 14 35 27 | 11
#0909-d133 @A: 27 33 14 19 | 05
#0910-d133 @A: 09 27 34 16 | 02
#0911-d133 @A: 27 31 28 09 | 10
#0912-d133 @A: 31 27 34 12 | 03
#0913-d133 @A: 34 13 28 27 | 08
#0914-d133 @A: 02 27 17 31 | 12
#0915-d133 @A: 26 16 04 27 | 01
#0916-d133 @A: 15 25 09 35 | 09
#0917-d133 @A: 14 20 35 32 | 06
#0918-d133 @A: 12 28 02 35 | 07
#0919-d133 @A: 04 03 28 35 | 04
#0920-d133 @A: 32 15 34 06 | 11
#0921-d133 @A: 06 10 33 15 | 05
#0922-d133 @A: 11 34 06 19 | 02
#0923-d133 @A: 15 09 28 34 | 10
#0924-d133 @A: 10 15 20 13 | 03
#0925-d133 @A: 20 16 15 08 | 08
#0926-d133 @A: 15 08 25 02 | 12
#0927-d133 @A: 17 28 15 03 | 01
#0928-d133 @A: 10 02 15 16 | 09
#0929-d133 @A: 15 10 31 28 | 06
#0930-d133 @A: 17 14 08 16 | 07
#0931-d133 @A: 26 08 14 04 | 04
#0932-d133 @A: 34 04 31 14 | 11
#0933-d133 @A: 10 03 19 11 | 05
#0934-d133 @A: 19 16 25 28 | 02
#0935-d133 @A: 11 09 33 12 | 10
#0936-d133 @A: 12 03 11 02 | 03
#0937-d133 @A: 13 31 08 11 | 08
#0938-d133 @A: 13 28 11 33 | 12
#0939-d133 @A: 26 11 16 34 | 01
#0940-d133 @A: 16 11 02 04 | 09
#0941-d133 @A: 11 34 08 03 | 06
#0942-d133 @A: 03 12 20 32 | 07
#0943-d133 @A: 32 34 16 02 | 04
#0944-d133 @A: 33 09 08 20 | 11
#0945-d133 @A: 26 16 33 12 | 05
#0946-d133 @A: 20 28 33 02 | 02
#0947-d133 @A: 07 01 18 12 | 10
#0948-d133 @A: 11 07 18 02 | 03
#0949-d133 @A: 23 18 22 16 | 08
#0950-d133 @A: 18 06 22 09 | 12
#0951-d133 @A: 23 04 24 18 | 01
#0952-d133 @A: 18 21 23 12 | 09
#0953-d133 @A: 01 18 16 05 | 06
#0954-d133 @A: 33 01 35 18 | 07
#0955-d133 @A: 21 08 18 35 | 04
#0956-d133 @A: 03 19 18 27 | 11
#0957-d133 @A: 18 31 33 19 | 05
#0958-d133 @A: 18 09 11 03 | 02
#0959-d133 @A: 13 12 18 28 | 10
#0960-d133 @A: 13 18 31 03 | 03
#0961-d133 @A: 17 18 16 33 | 08
#0962-d133 @A: 17 18 31 34 | 12
#0963-d133 @A: 10 18 03 33 | 01
#0964-d133 @A: 07 29 09 30 | 09
#0965-d133 @A: 14 30 07 16 | 06
#0966-d133 @A: 10 30 11 07 | 07
#0967-d133 @A: 26 07 11 29 | 04
#0968-d133 @A: 23 24 03 07 | 11
#0969-d133 @A: 33 05 16 07 | 05
#0970-d133 @A: 33 07 15 25 | 02
#0971-d133 @A: 12 32 07 16 | 10
#0972-d133 @A: 10 07 09 26 | 03
#0973-d133 @A: 12 07 13 04 | 08
#0974-d133 @A: 34 28 16 07 | 12
#0975-d133 @A: 15 22 30 29 | 01
#0976-d133 @A: 29 30 34 35 | 09
#0977-d133 @A: 10 17 29 30 | 06
#0978-d133 @A: 22 30 21 06 | 07
#0979-d133 @A: 28 24 30 23 | 04
#0980-d133 @A: 31 01 30 11 | 11
#0981-d133 @A: 02 24 30 05 | 05
#0982-d133 @A: 10 21 30 32 | 02
#0983-d133 @A: 30 21 12 02 | 10
#0984-d133 @A: 35 30 16 27 | 03
#0985-d133 @A: 30 19 08 06 | 08
#0986-d133 @A: 06 30 34 03 | 12
#0987-d133 @A: 15 19 25 30 | 01
#0988-d133 @A: 17 14 30 26 | 09
#0989-d133 @A: 30 34 20 09 | 06
#0990-d133 @A: 26 16 30 12 | 07
#0991-d133 @A: 03 08 12 30 | 04
#0992-d133 @A: 16 33 30 25 | 11
#0993-d133 @A: 08 30 13 04 | 05
#0994-d133 @A: 30 17 08 34 | 02
#0995-d133 @A: 26 02 28 30 | 10
#0996-d133 @A: 29 22 13 06 | 03
#0997-d133 @A: 25 22 29 14 | 08
#0998-d133 @A: 34 29 23 27 | 12
#0999-d133 @A: 16 29 15 23 | 01
#1000-d133 @A: 29 19 01 33 | 09
#1001-d133 @A: 27 29 05 06 | 06
#1002-d133 @A: 05 32 08 29 | 07
#1003-d133 @A: 11 21 29 13 | 04
#1004-d133 @A: 29 14 27 10 | 11
#1005-d133 @A: 03 14 29 35 | 05
#1006-d133 @A: 31 29 19 14 | 02
#1007-d133 @A: 29 02 11 25 | 10
#1008-d133 @A: 13 26 04 29 | 03
#1009-d133 @A: 02 04 29 10 | 08
#1010-d133 @A: 10 23 22 08 | 12
#1011-d133 @A: 24 06 22 14 | 01
#1012-d133 @A: 10 22 15 17 | 09
#1013-d133 @A: 16 22 19 11 | 06
#1014-d133 @A: 22 19 33 09 | 07
#1015-d133 @A: 22 20 26 09 | 04
#1016-d133 @A: 02 26 34 22 | 11
#1017-d133 @A: 21 01 28 23 | 05
#1018-d133 @A: 23 24 25 14 | 02
#1019-d133 @A: 34 23 19 21 | 10
#1020-d133 @A: 26 15 19 23 | 03
#1021-d133 @A: 17 12 23 09 | 08
#1022-d133 @A: 23 34 12 13 | 12
#1023-d133 @A: 26 02 23 03 | 01
#1024-d133 @A: 21 24 02 01 | 09
#1025-d133 @A: 01 24 26 35 | 06
#1026-d133 @A: 24 19 08 01 | 07
#1027-d133 @A: 05 01 03 19 | 04
#1028-d133 @A: 02 01 27 20 | 11
#1029-d133 @A: 25 01 28 27 | 05
#1030-d133 @A: 35 17 14 01 | 02
#1031-d133 @A: 17 01 09 25 | 10
#1032-d133 @A: 04 01 34 20 | 03
#1033-d133 @A: 24 03 06 27 | 08
#1034-d133 @A: 11 15 02 24 | 12
#1035-d133 @A: 15 24 13 16 | 01
#1036-d133 @A: 19 14 24 04 | 09
#1037-d133 @A: 24 19 25 11 | 06
#1038-d133 @A: 24 26 12 31 | 07
#1039-d133 @A: 17 20 24 34 | 04
#1040-d133 @A: 25 10 24 31 | 11
#1041-d133 @A: 24 03 17 08 | 05
#1042-d133 @A: 04 24 31 17 | 02
#1043-d133 @A: 31 24 28 16 | 10
#1044-d133 @A: 24 08 34 31 | 03
#1045-d133 @A: 03 21 05 26 | 08
#1046-d133 @A: 33 35 05 19 | 12
#1047-d133 @A: 05 26 14 32 | 01
#1048-d133 @A: 05 32 17 19 | 09
#1049-d133 @A: 32 31 05 34 | 06
#1050-d133 @A: 31 09 05 17 | 07
#1051-d133 @A: 12 05 10 31 | 04
#1052-d133 @A: 05 20 31 28 | 11
#1053-d133 @A: 21 27 34 32 | 05
#1054-d133 @A: 35 26 11 21 | 02
#1055-d133 @A: 15 12 03 21 | 10
#1056-d133 @A: 17 14 21 12 | 03
#1057-d133 @A: 12 26 34 21 | 08
#1058-d133 @A: 13 20 08 21 | 12
#1059-d133 @A: 21 26 25 13 | 01
#1060-d133 @A: 03 21 13 17 | 09
#1061-d133 @A: 31 16 13 21 | 06
#1062-d133 @A: 04 21 26 33 | 07
#1063-d133 @A: 11 35 20 27 | 04
#1064-d133 @A: 27 19 31 06 | 11
#1065-d133 @A: 03 27 10 32 | 05
#1066-d133 @A: 08 27 31 25 | 02
#1067-d133 @A: 02 27 13 03 | 10
#1068-d133 @A: 34 19 14 35 | 03
#1069-d133 @A: 19 20 08 35 | 08
#1070-d133 @A: 26 35 04 19 | 12
#1071-d133 @A: 35 09 03 31 | 01
#1072-d133 @A: 26 34 35 03 | 09
#1073-d133 @A: 26 35 28 31 | 06
#1074-d133 @A: 13 02 06 09 | 07
#1075-d133 @A: 16 06 12 20 | 04
#1076-d133 @A: 06 04 20 26 | 11
#1077-d133 @A: 26 02 25 06 | 05
#1078-d133 @A: 17 34 28 06 | 02
#1079-d133 @A: 06 08 04 02 | 10
#1080-d133 @A: 15 10 14 12 | 03
#1081-d133 @A: 15 14 16 31 | 08
#1082-d133 @A: 31 08 15 19 | 12
#1083-d133 @A: 34 19 15 04 | 01
#1084-d133 @A: 11 26 28 15 | 09
#1085-d133 @A: 15 28 12 16 | 06
#1086-d133 @A: 26 17 15 34 | 07
#1087-d133 @A: 09 34 14 02 | 04
#1088-d133 @A: 31 14 20 33 | 11
#1089-d133 @A: 14 25 33 28 | 05
#1090-d133 @A: 19 28 20 09 | 02
#1091-d133 @A: 16 19 09 13 | 10
#1092-d133 @A: 16 20 19 33 | 03
#1093-d133 @A: 10 19 13 02 | 08
#1094-d133 @A: 17 19 16 34 | 12
#1095-d133 @A: 16 11 28 08 | 01
#1096-d133 @A: 09 04 16 32 | 09
#1097-d133 @A: 04 10 32 25 | 06
#1098-d133 @A: 25 33 20 10 | 07
#1099-d133 @A: 04 03 33 16 | 04
#1100-d133 @A: 07 18 03 30 | 11
#1101-d133 @A: 18 07 23 05 | 05
#1102-d133 @A: 07 27 35 18 | 02
#1103-d133 @A: 07 18 12 33 | 10
#1104-d133 @A: 12 30 29 18 | 03
#1105-d133 @A: 18 26 30 32 | 08
#1106-d133 @A: 08 30 31 18 | 12
#1107-d133 @A: 23 13 18 29 | 01
#1108-d133 @A: 03 29 21 18 | 09
#1109-d133 @A: 18 09 29 15 | 06
#1110-d133 @A: 26 18 22 21 | 07
#1111-d133 @A: 35 22 18 04 | 04
#1112-d133 @A: 22 20 18 11 | 11
#1113-d133 @A: 23 20 31 18 | 05
#1114-d133 @A: 10 26 23 18 | 02
#1115-d133 @A: 18 13 02 01 | 10
#1116-d133 @A: 18 09 21 24 | 03
#1117-d133 @A: 13 24 06 18 | 08
#1118-d133 @A: 18 25 32 24 | 12
#1119-d133 @A: 13 08 05 18 | 01
#1120-d133 @A: 05 04 26 18 | 09
#1121-d133 @A: 18 25 11 27 | 06
#1122-d133 @A: 19 18 25 06 | 07
#1123-d133 @A: 26 18 09 13 | 04
#1124-d133 @A: 09 31 18 10 | 11
#1125-d133 @A: 34 18 20 02 | 05
#1126-d133 @A: 18 04 28 10 | 02
#1127-d133 @A: 12 29 21 07 | 10
#1128-d133 @A: 13 27 22 07 | 03
#1129-d133 @A: 22 25 35 07 | 08
#1130-d133 @A: 19 07 10 22 | 12
#1131-d133 @A: 01 07 13 34 | 01
#1132-d133 @A: 15 07 04 24 | 09
#1133-d133 @A: 07 24 32 17 | 06
#1134-d133 @A: 05 07 08 14 | 07
#1135-d133 @A: 27 14 07 09 | 04
#1136-d133 @A: 07 27 25 34 | 11
#1137-d133 @A: 06 16 07 19 | 05
#1138-d133 @A: 14 15 26 07 | 02
#1139-d133 @A: 07 11 15 34 | 10
#1140-d133 @A: 15 08 07 10 | 03
#1141-d133 @A: 33 02 14 07 | 08
#1142-d133 @A: 10 07 33 13 | 12
#1143-d133 @A: 26 07 31 08 | 01
#1144-d133 @A: 26 30 06 29 | 09
#1145-d133 @A: 30 05 17 22 | 06
#1146-d133 @A: 30 14 03 23 | 07
#1147-d133 @A: 30 23 11 02 | 04
#1148-d133 @A: 05 30 15 26 | 11
#1149-d133 @A: 14 05 30 33 | 05
#1150-d133 @A: 21 27 25 30 | 02
#1151-d133 @A: 06 30 11 12 | 10
#1152-d133 @A: 10 14 30 19 | 03
#1153-d133 @A: 09 03 30 28 | 08
#1154-d133 @A: 02 31 16 30 | 12
#1155-d133 @A: 03 26 30 04 | 01
#1156-d133 @A: 09 29 27 22 | 09
#1157-d133 @A: 03 19 29 22 | 06
#1158-d133 @A: 20 29 23 14 | 07
#1159-d133 @A: 03 12 29 24 | 04
#1160-d133 @A: 29 34 16 24 | 11
#1161-d133 @A: 11 35 16 29 | 05
#1162-d133 @A: 32 28 35 29 | 02
#1163-d133 @A: 09 20 29 31 | 10
#1164-d133 @A: 12 25 29 31 | 03
#1165-d133 @A: 10 29 12 28 | 08
#1166-d133 @A: 29 17 34 02 | 12
#1167-d133 @A: 29 26 31 17 | 01
#1168-d133 @A: 31 29 03 02 | 09
#1169-d133 @A: 23 06 22 04 | 06
#1170-d133 @A: 20 22 31 24 | 07
#1171-d133 @A: 02 22 05 11 | 04
#1172-d133 @A: 21 10 22 35 | 11
#1173-d133 @A: 14 02 22 21 | 05
#1174-d133 @A: 15 16 22 34 | 02
#1175-d133 @A: 20 22 34 19 | 10
#1176-d133 @A: 22 32 26 13 | 03
#1177-d133 @A: 33 23 01 05 | 08
#1178-d133 @A: 23 21 12 33 | 12
#1179-d133 @A: 03 11 27 23 | 01
#1180-d133 @A: 27 23 09 02 | 09
#1181-d133 @A: 23 06 10 25 | 06
#1182-d133 @A: 11 15 23 25 | 07
#1183-d133 @A: 31 23 34 09 | 04
#1184-d133 @A: 02 23 25 34 | 11
#1185-d133 @A: 23 08 04 31 | 05
#1186-d133 @A: 08 23 28 03 | 02
#1187-d133 @A: 06 10 05 01 | 10
#1188-d133 @A: 34 01 35 15 | 03
#1189-d133 @A: 09 06 01 15 | 08
#1190-d133 @A: 01 06 31 32 | 12
#1191-d133 @A: 01 20 13 03 | 01
#1192-d133 @A: 01 33 17 25 | 09
#1193-d133 @A: 21 24 05 34 | 06
#1194-d133 @A: 05 12 13 24 | 07
#1195-d133 @A: 21 24 31 33 | 04
#1196-d133 @A: 09 24 27 19 | 11
#1197-d133 @A: 24 33 19 12 | 05
#1198-d133 @A: 28 24 20 08 | 02
#1199-d133 @A: 24 04 20 33 | 10
#1200-d133 @A: 24 16 03 26 | 03
#1201-d133 @A: 27 25 26 05 | 08
#1202-d133 @A: 06 05 33 17 | 12
#1203-d133 @A: 15 05 32 16 | 01
#1204-d133 @A: 25 15 05 10 | 09
#1205-d133 @A: 25 19 05 12 | 06
#1206-d133 @A: 17 11 34 05 | 07
#1207-d133 @A: 05 10 16 09 | 04
#1208-d133 @A: 31 05 26 16 | 11
#1209-d133 @A: 34 06 35 21 | 05
#1210-d133 @A: 32 31 21 14 | 02
#1211-d133 @A: 02 19 32 21 | 10
#1212-d133 @A: 26 16 21 19 | 03
#1213-d133 @A: 20 12 09 21 | 08
#1214-d133 @A: 21 17 20 26 | 12
#1215-d133 @A: 21 20 31 10 | 01
#1216-d133 @A: 21 13 02 28 | 09
#1217-d133 @A: 04 21 34 17 | 06
#1218-d133 @A: 21 03 31 33 | 07
#1219-d133 @A: 27 19 35 10 | 04
#1220-d133 @A: 32 35 27 26 | 11
#1221-d133 @A: 27 06 32 25 | 05
#1222-d133 @A: 16 27 08 13 | 02
#1223-d133 @A: 34 27 08 02 | 10
#1224-d133 @A: 33 20 35 11 | 03
#1225-d133 @A: 08 35 13 09 | 08
#1226-d133 @A: 35 13 20 12 | 12
#1227-d133 @A: 12 35 26 08 | 01
#1228-d133 @A: 10 04 35 20 | 09
#1229-d133 @A: 31 04 35 13 | 06
#1230-d133 @A: 17 35 10 28 | 07
#1231-d133 @A: 34 06 09 08 | 04
#1232-d133 @A: 16 17 13 06 | 11
#1233-d133 @A: 28 08 13 06 | 05
#1234-d133 @A: 03 06 28 10 | 02
#1235-d133 @A: 15 17 02 09 | 10
#1236-d133 @A: 04 15 10 09 | 03
#1237-d133 @A: 12 31 15 02 | 08
#1238-d133 @A: 13 15 17 31 | 12
#1239-d133 @A: 02 15 04 13 | 01
#1240-d133 @A: 26 31 04 15 | 09
#1241-d133 @A: 14 17 28 09 | 06
#1242-d133 @A: 14 12 08 13 | 07
#1243-d133 @A: 03 04 12 14 | 04
#1244-d133 @A: 08 10 34 14 | 11
#1245-d133 @A: 03 28 02 19 | 05
#1246-d133 @A: 12 31 11 32 | 02
#1247-d133 @A: 26 17 11 09 | 10
#1248-d133 @A: 09 08 10 11 | 03
#1249-d133 @A: 28 04 09 11 | 08
#1250-d133 @A: 11 10 12 25 | 12
#1251-d133 @A: 11 08 17 25 | 01
#1252-d133 @A: 11 04 34 25 | 09
#1253-d133 @A: 28 04 34 33 | 06
#1254-d133 @A: 18 29 16 07 | 07
#1255-d133 @A: 18 11 16 30 | 04
#1256-d133 @A: 01 29 18 34 | 11
#1257-d133 @A: 02 18 29 05 | 05
#1258-d133 @A: 31 05 18 24 | 02
#1259-d133 @A: 03 35 18 24 | 10
#1260-d133 @A: 05 18 08 33 | 03
#1261-d133 @A: 26 20 18 27 | 08
#1262-d133 @A: 10 32 14 18 | 12
#1263-d133 @A: 18 12 16 31 | 01
#1264-d133 @A: 03 16 18 04 | 09
#1265-d133 @A: 18 02 26 31 | 06
#1266-d133 @A: 01 30 26 07 | 07
#1267-d133 @A: 19 07 24 29 | 04
#1268-d133 @A: 07 28 14 29 | 11
#1269-d133 @A: 07 23 13 08 | 05
#1270-d133 @A: 01 24 31 07 | 02
#1271-d133 @A: 21 26 07 24 | 10
#1272-d133 @A: 24 07 06 28 | 03
#1273-d133 @A: 12 07 05 27 | 08
#1274-d133 @A: 05 07 06 17 | 12
#1275-d133 @A: 35 21 07 20 | 01
#1276-d133 @A: 21 07 11 17 | 09
#1277-d133 @A: 07 35 10 14 | 06
#1278-d133 @A: 07 28 08 35 | 07
#1279-d133 @A: 34 07 02 06 | 04
#1280-d133 @A: 15 25 07 32 | 11
#1281-d133 @A: 07 17 12 34 | 05
#1282-d133 @A: 03 08 07 20 | 02
#1283-d133 @A: 04 08 07 16 | 10
#1284-d133 @A: 29 20 30 25 | 03
#1285-d133 @A: 24 30 23 33 | 08
#1286-d133 @A: 01 35 30 25 | 12
#1287-d133 @A: 06 30 24 20 | 01
#1288-d133 @A: 24 11 17 30 | 09
#1289-d133 @A: 10 35 05 30 | 06
#1290-d133 @A: 30 08 27 32 | 07
#1291-d133 @A: 15 30 11 03 | 04
#1292-d133 @A: 31 15 30 32 | 11
#1293-d133 @A: 20 30 04 32 | 05
#1294-d133 @A: 12 09 30 04 | 02
#1295-d133 @A: 30 31 25 09 | 10
#1296-d133 @A: 17 03 30 25 | 03
#1297-d133 @A: 03 33 08 30 | 08
#1298-d133 @A: 33 10 34 30 | 12
#1299-d133 @A: 29 23 32 31 | 01
#1300-d133 @A: 01 27 03 29 | 09
#1301-d133 @A: 29 16 14 01 | 06
#1302-d133 @A: 35 04 24 29 | 07
#1303-d133 @A: 16 27 21 29 | 04
#1304-d133 @A: 29 06 11 03 | 11
#1305-d133 @A: 12 04 29 15 | 05
#1306-d133 @A: 09 02 12 29 | 02
#1307-d133 @A: 20 29 12 34 | 10
#1308-d133 @A: 29 16 13 12 | 03
#1309-d133 @A: 20 08 26 29 | 08
#1310-d133 @A: 29 25 16 17 | 12
#1311-d133 @A: 35 14 22 23 | 01
#1312-d133 @A: 02 23 22 15 | 09
#1313-d133 @A: 19 22 23 09 | 06
#1314-d133 @A: 22 32 04 24 | 07
#1315-d133 @A: 27 05 22 16 | 04
#1316-d133 @A: 22 15 21 28 | 11
#1317-d133 @A: 17 27 22 11 | 05
#1318-d133 @A: 11 22 08 33 | 02
#1319-d133 @A: 22 08 33 12 | 10
#1320-d133 @A: 22 12 10 04 | 03
#1321-d133 @A: 25 34 31 22 | 08
#1322-d133 @A: 22 02 13 08 | 12
#1323-d133 @A: 26 33 04 22 | 01
#1324-d133 @A: 10 26 22 31 | 09
#1325-d133 @A: 01 32 23 02 | 06
#1326-d133 @A: 23 01 26 31 | 07
#1327-d133 @A: 27 23 05 19 | 04
#1328-d133 @A: 27 15 20 23 | 11
#1329-d133 @A: 23 11 06 20 | 05
#1330-d133 @A: 20 02 10 23 | 02
#1331-d133 @A: 31 23 28 13 | 10
#1332-d133 @A: 04 24 27 01 | 03
#1333-d133 @A: 31 05 21 01 | 08
#1334-d133 @A: 11 20 05 01 | 12
#1335-d133 @A: 01 13 06 27 | 01
#1336-d133 @A: 34 01 28 19 | 09
#1337-d133 @A: 12 11 16 01 | 06
#1338-d133 @A: 32 16 01 17 | 07
#1339-d133 @A: 04 17 01 28 | 04
#1340-d133 @A: 24 05 06 04 | 11
#1341-d133 @A: 21 17 24 35 | 05
#1342-d133 @A: 24 21 15 06 | 02
#1343-d133 @A: 33 24 15 28 | 10
#1344-d133 @A: 24 16 11 14 | 03
#1345-d133 @A: 24 09 32 14 | 08
#1346-d133 @A: 24 14 17 13 | 12
#1347-d133 @A: 33 34 14 24 | 01
#1348-d133 @A: 09 24 12 08 | 09
#1349-d133 @A: 24 26 34 09 | 06
#1350-d133 @A: 10 26 24 17 | 07
#1351-d133 @A: 34 04 24 28 | 04
#1352-d133 @A: 05 31 27 33 | 11
#1353-d133 @A: 14 06 05 31 | 05
#1354-d133 @A: 11 15 05 04 | 02
#1355-d133 @A: 13 15 05 03 | 10
#1356-d133 @A: 09 12 05 03 | 03
#1357-d133 @A: 05 33 13 25 | 08
#1358-d133 @A: 27 03 35 21 | 12
#1359-d133 @A: 04 21 15 14 | 01
#1360-d133 @A: 15 16 11 21 | 09
#1361-d133 @A: 17 32 21 15 | 06
#1362-d133 @A: 21 09 10 14 | 07
#1363-d133 @A: 19 21 31 11 | 04
#1364-d133 @A: 17 20 06 27 | 11
#1365-d133 @A: 13 27 19 14 | 05
#1366-d133 @A: 27 14 20 12 | 02
#1367-d133 @A: 25 09 13 27 | 10
#1368-d133 @A: 12 27 25 03 | 03
#1369-d133 @A: 13 33 17 27 | 08
#1370-d133 @A: 26 31 27 13 | 12
#1371-d133 @A: 32 25 19 35 | 01
#1372-d133 @A: 28 13 19 35 | 09
#1373-d133 @A: 35 11 34 31 | 06
#1374-d133 @A: 09 12 16 35 | 07
#1375-d133 @A: 35 16 20 02 | 04
#1376-d133 @A: 15 06 20 19 | 11
#1377-d133 @A: 20 14 09 06 | 05
#1378-d133 @A: 12 14 33 06 | 02
#1379-d133 @A: 16 06 09 28 | 10
#1380-d133 @A: 08 25 20 06 | 03
#1381-d133 @A: 06 28 31 25 | 08
#1382-d133 @A: 06 02 03 33 | 12
#1383-d133 @A: 28 15 14 02 | 01
#1384-d133 @A: 20 09 03 15 | 09
#1385-d133 @A: 15 20 17 12 | 06
#1386-d133 @A: 15 10 26 03 | 07
#1387-d133 @A: 14 16 02 12 | 04
#1388-d133 @A: 17 34 25 14 | 11
#1389-d133 @A: 04 13 28 14 | 05
#1390-d133 @A: 09 25 26 19 | 02
#1391-d133 @A: 19 09 04 31 | 10
#1392-d133 @A: 26 28 19 10 | 03
#1393-d133 @A: 13 20 11 09 | 08
#1394-d133 @A: 09 11 25 16 | 12
#1395-d133 @A: 12 11 34 28 | 01
#1396-d133 @A: 31 11 20 16 | 09
#1397-d133 @A: 02 11 26 33 | 06
#1398-d133 @A: 33 09 32 10 | 07
#1399-d133 @A: 34 20 32 26 | 04
#1400-d133 @A: 02 03 32 04 | 11
#1401-d133 @A: 19 09 18 07 | 05
#1402-d133 @A: 29 18 08 14 | 02
#1403-d133 @A: 04 18 29 11 | 10
#1404-d133 @A: 28 23 15 18 | 03
#1405-d133 @A: 18 34 11 23 | 08
#1406-d133 @A: 28 33 23 18 | 12
#1407-d133 @A: 10 01 18 21 | 01
#1408-d133 @A: 18 28 24 17 | 09
#1409-d133 @A: 06 12 05 18 | 06
#1410-d133 @A: 32 05 11 18 | 07
#1411-d133 @A: 18 32 13 27 | 04
#1412-d133 @A: 18 35 32 34 | 11
#1413-d133 @A: 17 02 35 18 | 05
#1414-d133 @A: 17 14 18 04 | 02
#1415-d133 @A: 19 20 18 32 | 10
#1416-d133 @A: 10 18 08 12 | 03
#1417-d133 @A: 20 30 05 07 | 08
#1418-d133 @A: 21 08 07 30 | 12
#1419-d133 @A: 04 17 07 29 | 01
#1420-d133 @A: 07 22 17 01 | 09
#1421-d133 @A: 16 07 22 21 | 06
#1422-d133 @A: 10 27 07 23 | 07
#1423-d133 @A: 07 26 23 25 | 04
#1424-d133 @A: 04 07 01 03 | 11
#1425-d133 @A: 15 02 05 07 | 05
#1426-d133 @A: 27 06 07 08 | 02
#1427-d133 @A: 31 07 32 27 | 10
#1428-d133 @A: 12 07 15 06 | 03
#1429-d133 @A: 14 20 07 34 | 08
#1430-d133 @A: 25 19 07 08 | 12
#1431-d133 @A: 25 16 07 13 | 01
#1432-d133 @A: 07 17 13 02 | 09
#1433-d133 @A: 31 17 07 03 | 06
#1434-d133 @A: 23 35 30 06 | 07
#1435-d133 @A: 03 02 30 01 | 04
#1436-d133 @A: 09 16 24 30 | 11
#1437-d133 @A: 32 30 03 05 | 05
#1438-d133 @A: 30 21 20 15 | 02
#1439-d133 @A: 30 27 20 19 | 10
#1440-d133 @A: 30 34 27 11 | 03
#1441-d133 @A: 35 30 32 17 | 08
#1442-d133 @A: 06 31 30 17 | 12
#1443-d133 @A: 11 30 25 14 | 01
#1444-d133 @A: 19 02 34 30 | 09
#1445-d133 @A: 14 22 29 33 | 06
#1446-d133 @A: 01 29 25 23 | 07
#1447-d133 @A: 23 13 33 29 | 04
#1448-d133 @A: 24 02 14 29 | 11
#1449-d133 @A: 20 29 06 35 | 05
#1450-d133 @A: 33 35 25 29 | 02
#1451-d133 @A: 02 29 32 15 | 10
#1452-d133 @A: 16 29 08 09 | 03
#1453-d133 @A: 20 29 02 13 | 08
#1454-d133 @A: 16 10 20 29 | 12
#1455-d133 @A: 26 22 27 01 | 01
#1456-d133 @A: 22 09 32 01 | 09
#1457-d133 @A: 22 01 33 16 | 06
#1458-d133 @A: 35 05 09 22 | 07
#1459-d133 @A: 22 12 05 20 | 04
#1460-d133 @A: 22 11 32 21 | 11
#1461-d133 @A: 03 34 22 21 | 05
#1462-d133 @A: 19 22 15 35 | 02
#1463-d133 @A: 19 14 22 26 | 10
#1464-d133 @A: 12 22 17 02 | 03
#1465-d133 @A: 22 13 28 20 | 08
#1466-d133 @A: 26 22 25 04 | 12
#1467-d133 @A: 05 01 23 17 | 01
#1468-d133 @A: 05 04 23 21 | 09
#1469-d133 @A: 02 12 05 23 | 06
#1470-d133 @A: 16 35 23 21 | 07
#1471-d133 @A: 15 08 21 23 | 04
#1472-d133 @A: 25 35 23 28 | 11
#1473-d133 @A: 17 14 23 06 | 05
#1474-d133 @A: 32 15 10 23 | 02
#1475-d133 @A: 25 23 04 19 | 10
#1476-d133 @A: 23 03 12 31 | 03
#1477-d133 @A: 03 23 25 20 | 08
#1478-d133 @A: 04 20 23 17 | 12
#1479-d133 @A: 20 23 08 34 | 01
#1480-d133 @A: 31 25 23 16 | 09
#1481-d133 @A: 25 01 24 03 | 06
#1482-d133 @A: 21 01 33 06 | 07
#1483-d133 @A: 19 31 13 01 | 04
#1484-d133 @A: 01 09 34 10 | 11
#1485-d133 @A: 17 01 08 02 | 05
#1486-d133 @A: 01 26 08 16 | 02
#1487-d133 @A: 26 01 04 10 | 10
#1488-d133 @A: 19 26 05 24 | 03
#1489-d133 @A: 35 24 13 11 | 08
#1490-d133 @A: 32 24 35 16 | 12
#1491-d133 @A: 09 28 35 24 | 01
#1492-d133 @A: 24 19 06 10 | 09
#1493-d133 @A: 16 02 33 24 | 06
#1494-d133 @A: 10 02 34 24 | 07
#1495-d133 @A: 21 20 14 05 | 04
#1496-d133 @A: 05 11 25 21 | 11
#1497-d133 @A: 27 05 35 31 | 05
#1498-d133 @A: 27 14 05 03 | 02
#1499-d133 @A: 05 06 03 02 | 10
#1500-d133 @A: 05 14 17 15 | 03
#1501-d133 @A: 15 05 28 19 | 08
#1502-d133 @A: 16 19 08 05 | 12
#1503-d133 @A: 26 05 09 08 | 01
#1504-d133 @A: 12 04 17 05 | 09
#1505-d133 @A: 05 13 17 10 | 06
#1506-d133 @A: 33 21 16 09 | 07
#1507-d133 @A: 28 16 21 17 | 04
#1508-d133 @A: 35 28 15 27 | 11
#1509-d133 @A: 27 35 33 02 | 05
#1510-d133 @A: 06 33 27 16 | 02
#1511-d133 @A: 27 10 31 11 | 10
#1512-d133 @A: 20 04 31 27 | 03
#1513-d133 @A: 10 26 08 27 | 08
#1514-d133 @A: 26 03 28 27 | 12
#1515-d133 @A: 09 11 35 14 | 01
#1516-d133 @A: 35 12 25 04 | 09
#1517-d133 @A: 26 35 10 13 | 06
#1518-d133 @A: 17 34 33 35 | 07
#1519-d133 @A: 16 08 34 35 | 04
#1520-d133 @A: 17 06 25 15 | 11
#1521-d133 @A: 03 15 04 06 | 05
#1522-d133 @A: 06 11 33 25 | 02
#1523-d133 @A: 06 09 25 03 | 10
#1524-d133 @A: 04 06 17 09 | 03
#1525-d133 @A: 06 28 20 02 | 08
#1526-d133 @A: 12 13 15 09 | 12
#1527-d133 @A: 20 02 15 26 | 01
#1528-d133 @A: 14 02 13 26 | 09
#1529-d133 @A: 14 28 34 03 | 06
#1530-d133 @A: 19 03 32 09 | 07
#1531-d133 @A: 13 26 12 19 | 04
#1532-d133 @A: 08 19 03 26 | 11
#1533-d133 @A: 11 25 03 28 | 05
#1534-d133 @A: 34 13 02 11 | 02
#1535-d133 @A: 11 34 16 33 | 10
#1536-d133 @A: 02 09 32 26 | 03
#1537-d133 @A: 12 28 25 32 | 08
#1538-d133 @A: 34 32 33 12 | 12
#1539-d133 @A: 31 32 04 28 | 01
#1540-d133 @A: 02 04 33 09 | 09
#1541-d133 @A: 16 33 08 13 | 06
#1542-d133 @A: 08 17 04 33 | 07
#1543-d133 @A: 31 07 14 18 | 04
#1544-d133 @A: 23 18 30 25 | 11
#1545-d133 @A: 18 30 06 27 | 05
#1546-d133 @A: 10 18 30 02 | 02
#1547-d133 @A: 34 33 18 29 | 10
#1548-d133 @A: 05 22 18 03 | 03
#1549-d133 @A: 22 18 19 13 | 08
#1550-d133 @A: 18 23 02 14 | 12
#1551-d133 @A: 09 27 01 18 | 01
#1552-d133 @A: 17 15 01 18 | 09
#1553-d133 @A: 27 24 16 18 | 06
#1554-d133 @A: 18 25 05 14 | 07
#1555-d133 @A: 34 18 09 05 | 04
#1556-d133 @A: 16 06 15 18 | 11
#1557-d133 @A: 11 18 14 33 | 05
#1558-d133 @A: 12 18 09 32 | 02
#1559-d133 @A: 26 33 20 18 | 10
#1560-d133 @A: 03 20 18 28 | 03
#1561-d133 @A: 18 34 25 28 | 08
#1562-d133 @A: 18 10 17 03 | 12
#1563-d133 @A: 33 30 07 04 | 01
#1564-d133 @A: 29 32 03 07 | 09
#1565-d133 @A: 07 22 05 26 | 06
#1566-d133 @A: 34 22 32 07 | 07
#1567-d133 @A: 02 23 07 04 | 04
#1568-d133 @A: 07 01 15 28 | 11
#1569-d133 @A: 07 12 24 14 | 05
#1570-d133 @A: 04 07 27 21 | 02
#1571-d133 @A: 21 06 31 07 | 10
#1572-d133 @A: 21 07 33 28 | 03
#1573-d133 @A: 14 11 03 07 | 08
#1574-d133 @A: 07 11 19 13 | 12
#1575-d133 @A: 32 19 07 26 | 01
#1576-d133 @A: 26 07 32 33 | 09
#1577-d133 @A: 25 09 07 02 | 06
#1578-d133 @A: 08 07 12 02 | 07
#1579-d133 @A: 10 25 28 07 | 04
#1580-d133 @A: 02 16 07 03 | 11
#1581-d133 @A: 11 30 29 32 | 05
#1582-d133 @A: 22 14 30 20 | 02
#1583-d133 @A: 22 30 04 11 | 10
#1584-d133 @A: 08 30 16 22 | 03
#1585-d133 @A: 15 30 12 23 | 08
#1586-d133 @A: 01 30 15 16 | 12
#1587-d133 @A: 30 21 24 04 | 01
#1588-d133 @A: 24 19 30 35 | 09
#1589-d133 @A: 30 19 05 04 | 06
#1590-d133 @A: 21 30 19 03 | 07
#1591-d133 @A: 30 10 27 15 | 04
#1592-d133 @A: 04 14 27 30 | 11
#1593-d133 @A: 30 35 11 08 | 05
#1594-d133 @A: 30 16 32 06 | 02
#1595-d133 @A: 30 12 32 19 | 10
#1596-d133 @A: 30 33 11 32 | 03
#1597-d133 @A: 11 20 28 30 | 08
#1598-d133 @A: 25 30 28 04 | 12
#1599-d133 @A: 10 26 34 30 | 01
#1600-d133 @A: 17 29 22 23 | 09
#1601-d133 @A: 23 29 12 35 | 06
#1602-d133 @A: 06 24 29 25 | 07
#1603-d133 @A: 13 08 17 29 | 04
#1604-d133 @A: 13 29 34 31 | 11
#1605-d133 @A: 08 29 28 33 | 05
#1606-d133 @A: 05 22 13 23 | 02
#1607-d133 @A: 22 21 12 01 | 10
#1608-d133 @A: 22 01 13 35 | 03
#1609-d133 @A: 22 11 01 28 | 08
#1610-d133 @A: 24 19 22 17 | 12
#1611-d133 @A: 05 08 22 21 | 01
#1612-d133 @A: 13 21 22 04 | 09
#1613-d133 @A: 33 27 10 22 | 06
#1614-d133 @A: 22 08 35 06 | 07
#1615-d133 @A: 20 17 22 35 | 04
#1616-d133 @A: 16 02 06 22 | 11
#1617-d133 @A: 03 22 14 32 | 05
#1618-d133 @A: 09 16 14 22 | 02
#1619-d133 @A: 31 33 34 22 | 10
#1620-d133 @A: 23 13 24 32 | 03
#1621-d133 @A: 03 15 35 23 | 08
#1622-d133 @A: 32 23 35 08 | 12
#1623-d133 @A: 02 13 23 35 | 01
#1624-d133 @A: 13 15 06 23 | 09
#1625-d133 @A: 23 28 06 19 | 06
#1626-d133 @A: 02 23 06 31 | 07
#1627-d133 @A: 14 33 23 08 | 04
#1628-d133 @A: 32 11 23 19 | 11
#1629-d133 @A: 17 32 23 34 | 05
#1630-d133 @A: 03 23 09 10 | 02
#1631-d133 @A: 17 28 02 23 | 10
#1632-d133 @A: 28 16 04 23 | 03
#1633-d133 @A: 23 33 04 31 | 08
#1634-d133 @A: 24 01 06 17 | 12
#1635-d133 @A: 05 09 14 01 | 01
#1636-d133 @A: 01 05 28 13 | 09
#1637-d133 @A: 01 02 19 15 | 06
#1638-d133 @A: 10 17 12 01 | 07
#1639-d133 @A: 12 04 01 08 | 04
#1640-d133 @A: 02 01 25 16 | 11
#1641-d133 @A: 34 01 03 17 | 05
#1642-d133 @A: 08 28 31 01 | 02
#1643-d133 @A: 11 05 03 24 | 10
#1644-d133 @A: 15 31 27 24 | 03
#1645-d133 @A: 32 24 06 11 | 08
#1646-d133 @A: 08 11 04 24 | 12
#1647-d133 @A: 32 08 02 24 | 01
#1648-d133 @A: 20 24 26 25 | 09
#1649-d133 @A: 24 13 20 04 | 06
#1650-d133 @A: 03 34 13 24 | 07
#1651-d133 @A: 35 02 21 05 | 04
#1652-d133 @A: 28 21 05 06 | 11
#1653-d133 @A: 10 21 33 05 | 05
#1654-d133 @A: 35 12 15 05 | 02
#1655-d133 @A: 13 35 32 05 | 10
#1656-d133 @A: 16 05 06 11 | 03
#1657-d133 @A: 05 14 02 19 | 08
#1658-d133 @A: 25 03 04 05 | 12
#1659-d133 @A: 16 09 02 21 | 01
#1660-d133 @A: 13 27 17 35 | 09
#1661-d133 @A: 11 09 06 27 | 06
#1662-d133 @A: 27 14 17 32 | 07
#1663-d133 @A: 33 04 27 12 | 04
#1664-d133 @A: 27 17 34 10 | 11
#1665-d133 @A: 03 04 08 27 | 05
#1666-d133 @A: 35 04 32 15 | 02
#1667-d133 @A: 35 09 03 33 | 10
#1668-d133 @A: 35 25 31 20 | 03
#1669-d133 @A: 17 16 31 35 | 08
#1670-d133 @A: 19 04 06 32 | 12
#1671-d133 @A: 20 33 06 34 | 01
#1672-d133 @A: 12 19 11 15 | 09
#1673-d133 @A: 20 15 04 25 | 06
#1674-d133 @A: 20 11 19 14 | 07
#1675-d133 @A: 14 31 26 09 | 04
#1676-d133 @A: 25 19 03 13 | 11
#1677-d133 @A: 19 02 25 31 | 05
#1678-d133 @A: 19 16 10 31 | 02
#1679-d133 @A: 03 32 11 17 | 10
#1680-d133 @A: 10 16 32 11 | 03
#1681-d133 @A: 02 28 11 32 | 08
#1682-d133 @A: 10 04 17 11 | 12
#1683-d133 @A: 32 13 12 02 | 01
#1684-d133 @A: 17 04 32 26 | 09
#1685-d133 @A: 08 32 33 31 | 06
#1686-d133 @A: 26 32 31 03 | 07
#1687-d133 @A: 31 25 09 33 | 04
#1688-d133 @A: 33 28 12 10 | 11
#1689-d133 @A: 33 08 34 25 | 05
