#0001-d188 @A: 30 19 33 13 | 06
#0002-d188 @A: 28 33 21 08 | 04
#0003-d188 @A: 16 08 24 33 | 07
#0004-d188 @A: 04 33 05 14 | 11
#0005-d188 @A: 31 33 19 04 | 12
#0006-d188 @A: 33 27 14 31 | 01
#0007-d188 @A: 33 27 17 29 | 09
#0008-d188 @A: 33 32 23 17 | 03
#0009-d188 @A: 07 32 15 33 | 10
#0010-d188 @A: 33 09 22 15 | 08
#0011-d188 @A: 33 05 03 16 | 05
#0012-d188 @A: 05 33 34 19 | 02
#0013-d188 @A: 24 33 34 32 | 06
#0014-d188 @A: 25 33 34 12 | 04
#0015-d188 @A: 33 17 05 02 | 07
#0016-d188 @A: 20 33 17 09 | 11
#0017-d188 @A: 33 19 01 10 | 12
#0018-d188 @A: 27 30 08 19 | 01
#0019-d188 @A: 30 06 08 16 | 09
#0020-d188 @A: 22 30 04 32 | 03
#0021-d188 @A: 35 30 16 25 | 10
#0022-d188 @A: 25 29 27 30 | 08
#0023-d188 @A: 28 23 22 30 | 05
#0024-d188 @A: 16 23 21 30 | 02
#0025-d188 @A: 31 30 20 07 | 06
#0026-d188 @A: 16 10 30 07 | 04
#0027-d188 @A: 26 10 29 30 | 07
#0028-d188 @A: 19 28 30 01 | 11
#0029-d188 @A: 30 25 11 06 | 12
#0030-d188 @A: 09 05 30 24 | 01
#0031-d188 @A: 08 27 17 04 | 09
#0032-d188 @A: 28 08 04 20 | 03
#0033-d188 @A: 13 27 12 08 | 10
#0034-d188 @A: 03 08 11 23 | 08
#0035-d188 @A: 07 31 08 12 | 05
#0036-d188 @A: 28 01 08 11 | 02
#0037-d188 @A: 08 28 02 03 | 06
#0038-d188 @A: 08 24 29 13 | 04
#0039-d188 @A: 08 32 10 13 | 07
#0040-d188 @A: 02 10 08 21 | 11
#0041-d188 @A: 08 22 25 18 | 12
#0042-d188 @A: 20 06 08 22 | 01
#0043-d188 @A: 34 16 04 27 | 09
#0044-d188 @A: 27 04 12 10 | 03
#0045-d188 @A: 28 12 23 04 | 10
#0046-d188 @A: 31 04 21 07 | 08
#0047-d188 @A: 24 15 04 26 | 05
#0048-d188 @A: 19 06 15 04 | 02
#0049-d188 @A: 28 03 18 04 | 06
#0050-d188 @A: 17 29 28 04 | 04
#0051-d188 @A: 04 09 22 28 | 07
#0052-d188 @A: 09 14 26 35 | 11
#0053-d188 @A: 28 35 03 14 | 12
#0054-d188 @A: 25 06 35 14 | 01
#0055-d188 @A: 02 35 23 28 | 09
#0056-d188 @A: 01 16 35 07 | 03
#0057-d188 @A: 07 02 35 21 | 10
#0058-d188 @A: 26 10 15 35 | 08
#0059-d188 @A: 05 15 35 12 | 05
#0060-d188 @A: 17 35 28 24 | 02
#0061-d188 @A: 03 35 34 24 | 06
#0062-d188 @A: 21 12 25 35 | 04
#0063-d188 @A: 10 20 35 09 | 07
#0064-d188 @A: 19 17 35 25 | 11
#0065-d188 @A: 14 09 03 23 | 12
#0066-d188 @A: 07 34 14 13 | 01
#0067-d188 @A: 29 07 14 09 | 09
#0068-d188 @A: 34 14 01 26 | 03
#0069-d188 @A: 14 12 21 32 | 10
#0070-d188 @A: 01 14 20 09 | 08
#0071-d188 @A: 05 10 14 17 | 05
#0072-d188 @A: 34 07 27 03 | 02
#0073-d188 @A: 31 07 27 18 | 06
#0074-d188 @A: 15 27 13 22 | 04
#0075-d188 @A: 20 28 11 27 | 07
#0076-d188 @A: 32 28 03 27 | 11
#0077-d188 @A: 27 11 34 13 | 12
#0078-d188 @A: 27 21 20 22 | 01
#0079-d188 @A: 25 27 05 06 | 09
#0080-d188 @A: 24 20 27 10 | 03
#0081-d188 @A: 03 23 07 06 | 10
#0082-d188 @A: 23 25 15 03 | 08
#0083-d188 @A: 24 23 29 28 | 05
#0084-d188 @A: 23 31 03 12 | 02
#0085-d188 @A: 31 17 23 02 | 06
#0086-d188 @A: 21 23 22 12 | 04
#0087-d188 @A: 01 10 23 05 | 07
#0088-d188 @A: 24 17 10 23 | 11
#0089-d188 @A: 18 23 19 24 | 12
#0090-d188 @A: 21 03 07 15 | 01
#0091-d188 @A: 17 12 07 26 | 09
#0092-d188 @A: 07 17 16 28 | 03
#0093-d188 @A: 07 05 11 18 | 10
#0094-d188 @A: 02 07 34 18 | 08
#0095-d188 @A: 10 07 32 34 | 05
#0096-d188 @A: 25 15 29 12 | 02
#0097-d188 @A: 05 20 34 15 | 06
#0098-d188 @A: 21 15 17 09 | 04
#0099-d188 @A: 15 05 17 01 | 07
#0100-d188 @A: 26 13 24 03 | 11
#0101-d188 @A: 25 22 11 26 | 12
#0102-d188 @A: 26 19 03 16 | 01
#0103-d188 @A: 26 20 19 31 | 09
#0104-d188 @A: 02 01 19 26 | 03
#0105-d188 @A: 26 32 06 20 | 10
#0106-d188 @A: 17 19 26 18 | 08
#0107-d188 @A: 18 17 22 26 | 05
#0108-d188 @A: 28 18 29 13 | 02
#0109-d188 @A: 31 03 20 28 | 06
#0110-d188 @A: 25 05 28 34 | 04
#0111-d188 @A: 06 05 19 28 | 07
#0112-d188 @A: 24 25 20 28 | 11
#0113-d188 @A: 06 25 28 22 | 12
#0114-d188 @A: 09 11 32 13 | 01
#0115-d188 @A: 21 03 13 34 | 09
#0116-d188 @A: 03 13 02 22 | 03
#0117-d188 @A: 31 29 12 13 | 10
#0118-d188 @A: 19 17 13 29 | 08
#0119-d188 @A: 24 13 21 02 | 05
#0120-d188 @A: 25 02 13 10 | 02
#0121-d188 @A: 13 24 20 09 | 06
#0122-d188 @A: 11 03 31 34 | 04
#0123-d188 @A: 25 21 24 11 | 07
#0124-d188 @A: 21 10 25 03 | 11
#0125-d188 @A: 01 21 12 03 | 12
#0126-d188 @A: 06 18 03 05 | 01
#0127-d188 @A: 34 12 31 10 | 09
#0128-d188 @A: 16 02 25 21 | 03
#0129-d188 @A: 10 16 32 17 | 10
#0130-d188 @A: 24 05 21 29 | 08
#0131-d188 @A: 09 29 06 12 | 05
#0132-d188 @A: 09 29 18 22 | 02
#0133-d188 @A: 29 32 19 12 | 06
#0134-d188 @A: 19 22 02 24 | 04
#0135-d188 @A: 20 22 25 09 | 07
#0136-d188 @A: 07 17 33 08 | 11
#0137-d188 @A: 33 13 26 08 | 12
#0138-d188 @A: 35 33 03 27 | 01
#0139-d188 @A: 35 33 25 32 | 09
#0140-d188 @A: 23 14 33 12 | 03
#0141-d188 @A: 25 13 14 33 | 10
#0142-d188 @A: 16 17 33 15 | 08
#0143-d188 @A: 21 33 19 26 | 05
#0144-d188 @A: 16 22 33 03 | 02
#0145-d188 @A: 01 24 33 31 | 06
#0146-d188 @A: 33 05 21 32 | 04
#0147-d188 @A: 32 22 33 24 | 07
#0148-d188 @A: 08 17 26 30 | 11
#0149-d188 @A: 15 04 30 02 | 12
#0150-d188 @A: 09 27 30 16 | 01
#0151-d188 @A: 30 12 18 27 | 09
#0152-d188 @A: 30 13 07 32 | 03
#0153-d188 @A: 22 30 24 07 | 10
#0154-d188 @A: 17 18 07 30 | 08
#0155-d188 @A: 29 17 30 15 | 05
#0156-d188 @A: 18 26 30 11 | 02
#0157-d188 @A: 30 24 26 16 | 06
#0158-d188 @A: 13 24 31 30 | 04
#0159-d188 @A: 13 20 30 01 | 07
#0160-d188 @A: 30 11 19 03 | 11
#0161-d188 @A: 01 03 22 30 | 12
#0162-d188 @A: 30 29 31 19 | 01
#0163-d188 @A: 21 30 12 34 | 09
#0164-d188 @A: 21 02 09 30 | 03
#0165-d188 @A: 12 08 14 04 | 10
#0166-d188 @A: 35 08 28 10 | 08
#0167-d188 @A: 08 03 35 21 | 05
#0168-d188 @A: 29 09 35 08 | 02
#0169-d188 @A: 15 14 08 32 | 06
#0170-d188 @A: 14 08 34 29 | 04
#0171-d188 @A: 07 02 08 27 | 07
#0172-d188 @A: 08 03 22 07 | 11
#0173-d188 @A: 08 34 15 16 | 12
#0174-d188 @A: 29 08 15 06 | 01
#0175-d188 @A: 26 06 11 08 | 09
#0176-d188 @A: 16 31 08 19 | 03
#0177-d188 @A: 08 21 05 19 | 10
#0178-d188 @A: 07 04 34 15 | 08
#0179-d188 @A: 26 03 06 04 | 05
#0180-d188 @A: 11 03 13 04 | 02
#0181-d188 @A: 17 16 31 04 | 06
#0182-d188 @A: 04 29 05 09 | 04
#0183-d188 @A: 21 10 34 04 | 07
#0184-d188 @A: 34 20 04 09 | 11
#0185-d188 @A: 04 09 02 10 | 12
#0186-d188 @A: 04 06 21 24 | 01
#0187-d188 @A: 19 04 17 09 | 09
#0188-d188 @A: 20 32 01 04 | 03
#0189-d188 @A: 23 14 35 20 | 10
#0190-d188 @A: 27 24 35 23 | 08
#0191-d188 @A: 27 35 12 31 | 05
#0192-d188 @A: 35 10 23 21 | 02
#0193-d188 @A: 35 11 13 19 | 06
#0194-d188 @A: 13 06 35 21 | 04
#0195-d188 @A: 03 35 05 11 | 07
#0196-d188 @A: 19 29 05 35 | 11
#0197-d188 @A: 35 19 01 20 | 12
#0198-d188 @A: 12 17 35 01 | 01
#0199-d188 @A: 19 10 35 06 | 09
#0200-d188 @A: 23 27 14 02 | 03
#0201-d188 @A: 27 15 14 17 | 10
#0202-d188 @A: 34 14 25 27 | 08
#0203-d188 @A: 13 15 14 18 | 05
#0204-d188 @A: 06 13 14 09 | 02
#0205-d188 @A: 20 11 14 03 | 06
#0206-d188 @A: 14 06 11 29 | 04
#0207-d188 @A: 02 03 14 19 | 07
#0208-d188 @A: 14 16 31 29 | 11
#0209-d188 @A: 14 09 12 31 | 12
#0210-d188 @A: 02 09 14 25 | 01
#0211-d188 @A: 22 18 21 14 | 09
#0212-d188 @A: 14 06 10 32 | 03
#0213-d188 @A: 01 14 32 17 | 10
#0214-d188 @A: 23 27 22 06 | 08
#0215-d188 @A: 15 27 21 31 | 05
#0216-d188 @A: 29 09 15 27 | 02
#0217-d188 @A: 28 27 31 24 | 06
#0218-d188 @A: 16 28 27 06 | 04
#0219-d188 @A: 25 27 11 16 | 07
#0220-d188 @A: 10 27 05 31 | 11
#0221-d188 @A: 02 06 32 27 | 12
#0222-d188 @A: 06 21 09 27 | 01
#0223-d188 @A: 20 12 27 21 | 09
#0224-d188 @A: 18 27 20 32 | 03
#0225-d188 @A: 10 28 23 03 | 10
#0226-d188 @A: 23 28 05 16 | 08
#0227-d188 @A: 34 23 02 25 | 05
#0228-d188 @A: 12 23 24 02 | 02
#0229-d188 @A: 19 02 23 10 | 06
#0230-d188 @A: 06 07 15 22 | 04
#0231-d188 @A: 31 07 29 32 | 07
#0232-d188 @A: 22 05 09 07 | 11
#0233-d188 @A: 07 12 18 09 | 12
#0234-d188 @A: 25 10 18 07 | 01
#0235-d188 @A: 09 28 03 15 | 09
#0236-d188 @A: 15 16 31 10 | 03
#0237-d188 @A: 12 21 15 16 | 10
#0238-d188 @A: 24 01 15 34 | 08
#0239-d188 @A: 25 02 15 24 | 05
#0240-d188 @A: 24 21 20 15 | 02
#0241-d188 @A: 25 15 18 06 | 06
#0242-d188 @A: 17 15 18 10 | 04
#0243-d188 @A: 26 20 13 12 | 07
#0244-d188 @A: 03 26 09 11 | 11
#0245-d188 @A: 31 28 13 32 | 12
#0246-d188 @A: 34 28 11 09 | 01
#0247-d188 @A: 01 31 16 28 | 09
#0248-d188 @A: 22 18 34 28 | 03
#0249-d188 @A: 28 09 10 21 | 10
#0250-d188 @A: 21 01 24 28 | 08
#0251-d188 @A: 28 09 32 19 | 05
#0252-d188 @A: 18 12 17 28 | 02
#0253-d188 @A: 13 17 02 12 | 06
#0254-d188 @A: 13 17 32 20 | 04
#0255-d188 @A: 20 19 13 10 | 07
#0256-d188 @A: 02 03 11 06 | 11
#0257-d188 @A: 31 10 25 11 | 12
#0258-d188 @A: 11 06 34 12 | 01
#0259-d188 @A: 32 02 11 22 | 09
#0260-d188 @A: 03 06 17 24 | 03
#0261-d188 @A: 18 03 17 20 | 10
#0262-d188 @A: 05 19 31 02 | 08
#0263-d188 @A: 12 31 01 02 | 05
#0264-d188 @A: 05 31 25 20 | 02
#0265-d188 @A: 16 06 24 29 | 06
#0266-d188 @A: 16 18 25 20 | 04
#0267-d188 @A: 29 34 09 25 | 07
#0268-d188 @A: 20 29 18 09 | 11
#0269-d188 @A: 20 06 29 05 | 12
#0270-d188 @A: 34 17 22 32 | 01
#0271-d188 @A: 17 35 33 30 | 09
#0272-d188 @A: 07 33 30 14 | 03
#0273-d188 @A: 30 03 33 10 | 10
#0274-d188 @A: 03 08 33 34 | 08
#0275-d188 @A: 25 10 33 08 | 05
#0276-d188 @A: 16 12 04 33 | 02
#0277-d188 @A: 33 27 24 07 | 06
#0278-d188 @A: 28 33 22 27 | 04
#0279-d188 @A: 23 09 29 33 | 07
#0280-d188 @A: 33 05 22 23 | 11
#0281-d188 @A: 16 29 07 33 | 12
#0282-d188 @A: 29 24 33 15 | 01
#0283-d188 @A: 05 33 29 26 | 09
#0284-d188 @A: 33 01 26 12 | 03
#0285-d188 @A: 33 28 16 02 | 10
#0286-d188 @A: 33 22 31 10 | 08
#0287-d188 @A: 02 34 29 33 | 05
#0288-d188 @A: 10 32 20 33 | 02
#0289-d188 @A: 25 20 33 19 | 06
#0290-d188 @A: 09 30 08 23 | 04
#0291-d188 @A: 04 30 11 10 | 07
#0292-d188 @A: 30 07 23 24 | 11
#0293-d188 @A: 02 30 23 03 | 12
#0294-d188 @A: 23 30 05 06 | 01
#0295-d188 @A: 17 34 30 05 | 09
#0296-d188 @A: 10 30 34 24 | 03
#0297-d188 @A: 32 30 20 02 | 10
#0298-d188 @A: 30 19 24 21 | 08
#0299-d188 @A: 06 05 22 30 | 05
#0300-d188 @A: 14 08 35 19 | 02
#0301-d188 @A: 12 16 35 08 | 06
#0302-d188 @A: 17 08 23 14 | 04
#0303-d188 @A: 14 01 08 16 | 07
#0304-d188 @A: 11 27 08 24 | 11
#0305-d188 @A: 27 01 18 08 | 12
#0306-d188 @A: 08 16 32 23 | 01
#0307-d188 @A: 28 32 08 29 | 09
#0308-d188 @A: 05 08 17 24 | 03
#0309-d188 @A: 25 08 06 17 | 10
#0310-d188 @A: 04 35 14 32 | 08
#0311-d188 @A: 04 35 03 09 | 05
#0312-d188 @A: 27 04 28 01 | 02
#0313-d188 @A: 29 27 04 19 | 06
#0314-d188 @A: 32 34 04 23 | 04
#0315-d188 @A: 23 18 04 02 | 07
#0316-d188 @A: 13 04 26 07 | 11
#0317-d188 @A: 15 16 04 05 | 12
#0318-d188 @A: 26 11 19 04 | 01
#0319-d188 @A: 26 04 32 17 | 09
#0320-d188 @A: 04 20 13 06 | 03
#0321-d188 @A: 31 20 04 29 | 10
#0322-d188 @A: 31 24 04 12 | 08
#0323-d188 @A: 09 06 18 04 | 05
#0324-d188 @A: 05 04 20 10 | 02
#0325-d188 @A: 27 35 18 14 | 06
#0326-d188 @A: 35 15 21 14 | 04
#0327-d188 @A: 24 22 27 35 | 07
#0328-d188 @A: 35 07 15 25 | 11
#0329-d188 @A: 35 28 34 07 | 12
#0330-d188 @A: 11 15 35 17 | 01
#0331-d188 @A: 35 12 26 11 | 09
#0332-d188 @A: 13 16 35 10 | 03
#0333-d188 @A: 19 35 03 31 | 10
#0334-d188 @A: 20 02 35 03 | 08
#0335-d188 @A: 12 34 20 35 | 05
#0336-d188 @A: 35 02 24 09 | 02
#0337-d188 @A: 35 32 22 01 | 06
#0338-d188 @A: 20 14 27 13 | 04
#0339-d188 @A: 07 26 31 14 | 07
#0340-d188 @A: 14 03 07 24 | 11
#0341-d188 @A: 07 14 02 01 | 12
#0342-d188 @A: 24 26 14 29 | 01
#0343-d188 @A: 14 21 05 31 | 09
#0344-d188 @A: 34 24 21 14 | 03
#0345-d188 @A: 02 06 24 14 | 10
#0346-d188 @A: 14 18 09 21 | 08
#0347-d188 @A: 14 25 20 21 | 05
#0348-d188 @A: 01 06 21 14 | 02
#0349-d188 @A: 24 10 14 09 | 06
#0350-d188 @A: 12 14 06 20 | 04
#0351-d188 @A: 15 03 05 27 | 07
#0352-d188 @A: 27 09 17 26 | 11
#0353-d188 @A: 28 29 02 27 | 12
#0354-d188 @A: 27 03 11 21 | 01
#0355-d188 @A: 31 29 27 06 | 09
#0356-d188 @A: 27 20 31 17 | 03
#0357-d188 @A: 27 02 10 34 | 10
#0358-d188 @A: 27 32 34 09 | 08
#0359-d188 @A: 18 24 34 27 | 05
#0360-d188 @A: 09 05 02 27 | 02
#0361-d188 @A: 27 22 09 32 | 06
#0362-d188 @A: 19 27 25 24 | 04
#0363-d188 @A: 25 27 17 10 | 07
#0364-d188 @A: 15 13 23 11 | 11
#0365-d188 @A: 10 23 11 26 | 12
#0366-d188 @A: 34 28 23 17 | 01
#0367-d188 @A: 29 03 23 34 | 09
#0368-d188 @A: 25 23 01 29 | 03
#0369-d188 @A: 05 25 23 09 | 10
#0370-d188 @A: 17 23 01 09 | 08
#0371-d188 @A: 19 06 32 23 | 05
#0372-d188 @A: 06 20 01 23 | 02
#0373-d188 @A: 15 06 07 31 | 06
#0374-d188 @A: 16 09 07 15 | 04
#0375-d188 @A: 26 07 05 21 | 07
#0376-d188 @A: 28 22 31 07 | 11
#0377-d188 @A: 18 01 07 13 | 12
#0378-d188 @A: 20 29 07 10 | 01
#0379-d188 @A: 32 07 12 02 | 09
#0380-d188 @A: 01 24 05 07 | 03
#0381-d188 @A: 17 02 15 26 | 10
#0382-d188 @A: 28 15 13 20 | 08
#0383-d188 @A: 15 02 28 31 | 05
#0384-d188 @A: 16 19 15 28 | 02
#0385-d188 @A: 05 15 29 13 | 06
#0386-d188 @A: 01 32 15 13 | 04
#0387-d188 @A: 21 15 01 18 | 07
#0388-d188 @A: 17 15 19 12 | 11
#0389-d188 @A: 03 01 28 26 | 12
#0390-d188 @A: 26 31 06 28 | 01
#0391-d188 @A: 29 26 11 34 | 09
#0392-d188 @A: 11 32 26 25 | 03
#0393-d188 @A: 24 32 02 26 | 10
#0394-d188 @A: 12 28 24 13 | 08
#0395-d188 @A: 11 28 16 32 | 05
#0396-d188 @A: 16 34 03 28 | 02
#0397-d188 @A: 31 21 28 25 | 06
#0398-d188 @A: 01 17 02 28 | 04
#0399-d188 @A: 24 18 28 06 | 07
#0400-d188 @A: 22 18 28 19 | 11
#0401-d188 @A: 11 31 13 21 | 12
#0402-d188 @A: 20 31 13 16 | 01
#0403-d188 @A: 32 13 18 19 | 09
#0404-d188 @A: 11 22 03 24 | 03
#0405-d188 @A: 12 11 20 31 | 10
#0406-d188 @A: 09 02 11 19 | 08
#0407-d188 @A: 11 21 01 19 | 05
#0408-d188 @A: 20 18 01 11 | 02
#0409-d188 @A: 16 25 03 01 | 06
#0410-d188 @A: 12 25 19 03 | 04
#0411-d188 @A: 05 34 24 31 | 07
#0412-d188 @A: 01 31 34 25 | 11
#0413-d188 @A: 06 09 31 20 | 12
#0414-d188 @A: 22 31 18 05 | 01
#0415-d188 @A: 10 20 18 31 | 09
#0416-d188 @A: 01 18 31 17 | 03
#0417-d188 @A: 21 18 19 16 | 10
#0418-d188 @A: 30 08 33 18 | 08
#0419-d188 @A: 05 11 33 30 | 05
#0420-d188 @A: 35 20 08 33 | 02
#0421-d188 @A: 12 33 11 08 | 06
#0422-d188 @A: 33 16 35 21 | 04
#0423-d188 @A: 03 33 01 14 | 07
#0424-d188 @A: 34 33 15 23 | 11
#0425-d188 @A: 28 25 33 15 | 12
#0426-d188 @A: 13 33 15 21 | 01
#0427-d188 @A: 32 13 33 16 | 09
#0428-d188 @A: 09 34 21 33 | 03
#0429-d188 @A: 33 12 22 09 | 10
#0430-d188 @A: 33 12 17 06 | 08
#0431-d188 @A: 13 30 05 08 | 05
#0432-d188 @A: 35 01 04 30 | 02
#0433-d188 @A: 17 04 30 03 | 06
#0434-d188 @A: 34 30 35 23 | 04
#0435-d188 @A: 14 16 17 30 | 07
#0436-d188 @A: 22 16 14 30 | 11
#0437-d188 @A: 20 30 05 27 | 12
#0438-d188 @A: 22 10 27 30 | 01
#0439-d188 @A: 10 13 15 30 | 09
#0440-d188 @A: 30 15 16 32 | 03
#0441-d188 @A: 30 13 25 26 | 10
#0442-d188 @A: 30 11 24 28 | 08
#0443-d188 @A: 18 30 31 28 | 05
#0444-d188 @A: 30 13 02 11 | 02
#0445-d188 @A: 13 30 03 09 | 06
#0446-d188 @A: 32 03 30 31 | 04
#0447-d188 @A: 30 22 29 19 | 07
#0448-d188 @A: 25 34 32 30 | 11
#0449-d188 @A: 17 21 30 32 | 12
#0450-d188 @A: 09 12 10 30 | 01
#0451-d188 @A: 30 19 18 05 | 09
#0452-d188 @A: 04 08 19 13 | 03
#0453-d188 @A: 35 34 01 08 | 10
#0454-d188 @A: 23 22 08 14 | 08
#0455-d188 @A: 14 08 10 26 | 05
#0456-d188 @A: 08 05 29 27 | 02
#0457-d188 @A: 11 07 08 19 | 06
#0458-d188 @A: 26 21 31 08 | 04
#0459-d188 @A: 08 16 25 28 | 07
#0460-d188 @A: 08 11 17 13 | 11
#0461-d188 @A: 25 09 08 19 | 12
#0462-d188 @A: 18 19 08 12 | 01
#0463-d188 @A: 01 04 14 15 | 09
#0464-d188 @A: 02 14 28 04 | 03
#0465-d188 @A: 03 14 04 21 | 10
#0466-d188 @A: 14 04 16 25 | 08
#0467-d188 @A: 17 04 11 23 | 05
#0468-d188 @A: 07 28 04 32 | 02
#0469-d188 @A: 04 34 13 29 | 06
#0470-d188 @A: 19 34 18 04 | 04
#0471-d188 @A: 12 19 05 04 | 07
#0472-d188 @A: 11 14 35 01 | 11
#0473-d188 @A: 29 35 27 34 | 12
#0474-d188 @A: 07 31 35 10 | 01
#0475-d188 @A: 35 20 28 26 | 09
#0476-d188 @A: 01 13 24 35 | 03
#0477-d188 @A: 22 31 35 34 | 10
#0478-d188 @A: 31 21 20 35 | 08
#0479-d188 @A: 19 18 35 02 | 05
#0480-d188 @A: 24 21 35 18 | 02
#0481-d188 @A: 25 18 35 09 | 06
#0482-d188 @A: 05 14 27 16 | 04
#0483-d188 @A: 16 19 07 14 | 07
#0484-d188 @A: 15 25 14 11 | 11
#0485-d188 @A: 26 14 02 12 | 12
#0486-d188 @A: 22 09 14 26 | 01
#0487-d188 @A: 31 14 17 13 | 09
#0488-d188 @A: 14 01 13 10 | 03
#0489-d188 @A: 14 34 10 20 | 10
#0490-d188 @A: 06 24 22 14 | 08
#0491-d188 @A: 27 16 23 20 | 05
#0492-d188 @A: 27 23 21 29 | 02
#0493-d188 @A: 07 05 17 27 | 06
#0494-d188 @A: 01 19 27 07 | 04
#0495-d188 @A: 27 11 19 15 | 07
#0496-d188 @A: 12 27 01 34 | 11
#0497-d188 @A: 32 10 21 27 | 12
#0498-d188 @A: 22 27 01 25 | 01
#0499-d188 @A: 28 23 07 25 | 09
#0500-d188 @A: 34 11 07 23 | 03
#0501-d188 @A: 15 16 02 23 | 10
#0502-d188 @A: 31 34 23 26 | 08
#0503-d188 @A: 23 17 11 22 | 05
#0504-d188 @A: 29 17 23 22 | 02
#0505-d188 @A: 23 10 09 06 | 06
#0506-d188 @A: 18 12 23 06 | 04
#0507-d188 @A: 11 15 26 07 | 07
#0508-d188 @A: 15 02 29 07 | 11
#0509-d188 @A: 19 07 13 28 | 12
#0510-d188 @A: 13 10 03 07 | 01
#0511-d188 @A: 07 29 19 03 | 09
#0512-d188 @A: 21 07 01 34 | 03
#0513-d188 @A: 34 19 07 25 | 10
#0514-d188 @A: 21 07 24 12 | 08
#0515-d188 @A: 07 06 05 32 | 05
#0516-d188 @A: 13 26 15 06 | 02
#0517-d188 @A: 22 03 15 28 | 06
#0518-d188 @A: 18 11 15 02 | 04
#0519-d188 @A: 29 15 10 03 | 07
#0520-d188 @A: 15 32 02 03 | 11
#0521-d188 @A: 22 15 34 24 | 12
#0522-d188 @A: 15 05 25 21 | 01
#0523-d188 @A: 15 09 01 12 | 09
#0524-d188 @A: 05 15 10 24 | 03
#0525-d188 @A: 19 26 28 29 | 10
#0526-d188 @A: 03 26 31 05 | 08
#0527-d188 @A: 26 25 31 02 | 05
#0528-d188 @A: 16 26 10 06 | 02
#0529-d188 @A: 24 26 34 20 | 06
#0530-d188 @A: 09 01 26 06 | 04
#0531-d188 @A: 05 26 32 22 | 07
#0532-d188 @A: 05 26 01 18 | 11
#0533-d188 @A: 20 01 26 25 | 12
#0534-d188 @A: 19 06 26 25 | 01
#0535-d188 @A: 11 13 10 28 | 09
#0536-d188 @A: 25 02 19 28 | 03
#0537-d188 @A: 29 13 03 25 | 10
#0538-d188 @A: 13 31 22 29 | 08
#0539-d188 @A: 34 17 13 24 | 05
#0540-d188 @A: 13 10 17 09 | 02
#0541-d188 @A: 25 13 24 18 | 06
#0542-d188 @A: 16 29 11 03 | 04
#0543-d188 @A: 11 19 06 18 | 07
#0544-d188 @A: 16 21 31 03 | 11
#0545-d188 @A: 29 03 01 09 | 12
#0546-d188 @A: 34 19 03 22 | 01
#0547-d188 @A: 05 02 03 25 | 09
#0548-d188 @A: 20 25 06 03 | 03
#0549-d188 @A: 21 06 31 02 | 10
#0550-d188 @A: 24 20 31 32 | 08
#0551-d188 @A: 32 34 19 16 | 05
#0552-d188 @A: 02 32 05 16 | 02
#0553-d188 @A: 16 01 18 02 | 06
#0554-d188 @A: 09 32 16 25 | 04
#0555-d188 @A: 17 24 16 25 | 07
#0556-d188 @A: 16 12 24 01 | 11
#0557-d188 @A: 34 17 29 06 | 12
#0558-d188 @A: 08 33 04 02 | 01
#0559-d188 @A: 04 33 15 18 | 09
#0560-d188 @A: 33 03 25 04 | 03
#0561-d188 @A: 29 18 14 33 | 10
#0562-d188 @A: 26 34 33 27 | 08
#0563-d188 @A: 28 27 33 10 | 05
#0564-d188 @A: 23 33 26 24 | 02
#0565-d188 @A: 33 16 11 10 | 06
#0566-d188 @A: 22 33 34 11 | 04
#0567-d188 @A: 33 03 29 06 | 07
#0568-d188 @A: 18 33 12 24 | 11
#0569-d188 @A: 02 30 08 35 | 12
#0570-d188 @A: 08 03 30 24 | 01
#0571-d188 @A: 30 26 04 21 | 09
#0572-d188 @A: 12 32 04 30 | 03
#0573-d188 @A: 14 30 06 26 | 10
#0574-d188 @A: 14 01 30 12 | 08
#0575-d188 @A: 30 17 27 11 | 05
#0576-d188 @A: 13 23 17 30 | 02
#0577-d188 @A: 15 12 26 30 | 06
#0578-d188 @A: 26 32 30 19 | 04
#0579-d188 @A: 17 28 30 25 | 07
#0580-d188 @A: 09 11 30 22 | 11
#0581-d188 @A: 31 21 01 30 | 12
#0582-d188 @A: 17 30 10 01 | 01
#0583-d188 @A: 29 16 04 08 | 09
#0584-d188 @A: 15 08 13 35 | 03
#0585-d188 @A: 17 35 08 31 | 10
#0586-d188 @A: 26 08 32 27 | 08
#0587-d188 @A: 23 28 08 31 | 05
#0588-d188 @A: 34 26 08 07 | 02
#0589-d188 @A: 07 08 03 20 | 06
#0590-d188 @A: 31 08 15 18 | 04
#0591-d188 @A: 19 34 08 28 | 07
#0592-d188 @A: 13 34 08 06 | 11
#0593-d188 @A: 29 22 08 11 | 12
#0594-d188 @A: 03 31 06 08 | 01
#0595-d188 @A: 34 10 08 09 | 09
#0596-d188 @A: 17 08 02 32 | 03
#0597-d188 @A: 01 12 32 08 | 10
#0598-d188 @A: 19 04 28 35 | 08
#0599-d188 @A: 22 05 14 04 | 05
#0600-d188 @A: 18 26 04 27 | 02
#0601-d188 @A: 04 27 13 25 | 06
#0602-d188 @A: 04 22 27 31 | 04
#0603-d188 @A: 04 23 20 24 | 07
#0604-d188 @A: 22 04 19 07 | 11
#0605-d188 @A: 11 04 25 18 | 12
#0606-d188 @A: 04 03 32 16 | 01
#0607-d188 @A: 04 32 19 10 | 09
#0608-d188 @A: 25 06 04 10 | 03
#0609-d188 @A: 04 01 22 06 | 10
#0610-d188 @A: 22 35 28 14 | 08
#0611-d188 @A: 09 35 27 13 | 05
#0612-d188 @A: 09 07 23 35 | 02
#0613-d188 @A: 03 13 23 35 | 06
#0614-d188 @A: 29 16 35 15 | 04
#0615-d188 @A: 32 15 34 35 | 07
#0616-d188 @A: 15 35 18 20 | 11
#0617-d188 @A: 29 21 35 26 | 12
#0618-d188 @A: 35 11 16 34 | 01
#0619-d188 @A: 35 29 31 25 | 09
#0620-d188 @A: 09 32 35 17 | 03
#0621-d188 @A: 17 20 35 06 | 10
#0622-d188 @A: 21 23 14 07 | 08
#0623-d188 @A: 14 13 23 24 | 05
#0624-d188 @A: 12 28 16 14 | 02
#0625-d188 @A: 03 14 12 29 | 06
#0626-d188 @A: 32 18 31 14 | 04
#0627-d188 @A: 09 14 05 32 | 07
#0628-d188 @A: 01 14 19 18 | 11
#0629-d188 @A: 25 23 31 27 | 12
#0630-d188 @A: 15 26 27 25 | 01
#0631-d188 @A: 11 26 27 02 | 09
#0632-d188 @A: 03 27 10 26 | 03
#0633-d188 @A: 24 26 06 27 | 10
#0634-d188 @A: 01 16 27 13 | 08
#0635-d188 @A: 34 19 27 17 | 05
#0636-d188 @A: 17 27 18 02 | 02
#0637-d188 @A: 23 29 17 07 | 06
#0638-d188 @A: 23 09 15 24 | 04
#0639-d188 @A: 15 10 22 23 | 07
#0640-d188 @A: 13 19 23 25 | 11
#0641-d188 @A: 23 16 01 11 | 12
#0642-d188 @A: 23 11 05 24 | 01
#0643-d188 @A: 21 23 24 31 | 09
#0644-d188 @A: 20 34 19 23 | 03
#0645-d188 @A: 29 05 07 28 | 10
#0646-d188 @A: 21 13 07 29 | 08
#0647-d188 @A: 01 31 03 07 | 05
#0648-d188 @A: 07 02 16 03 | 02
#0649-d188 @A: 07 16 34 31 | 06
#0650-d188 @A: 34 24 06 07 | 04
#0651-d188 @A: 07 22 21 02 | 07
#0652-d188 @A: 25 21 07 32 | 11
#0653-d188 @A: 17 07 10 21 | 12
#0654-d188 @A: 18 07 22 20 | 01
#0655-d188 @A: 10 12 01 07 | 09
#0656-d188 @A: 34 15 29 28 | 03
#0657-d188 @A: 03 20 15 16 | 10
#0658-d188 @A: 17 34 15 25 | 08
#0659-d188 @A: 20 22 05 15 | 05
#0660-d188 @A: 20 01 10 15 | 02
#0661-d188 @A: 13 26 31 10 | 06
#0662-d188 @A: 21 26 12 10 | 04
#0663-d188 @A: 05 06 26 12 | 07
#0664-d188 @A: 26 10 05 19 | 11
#0665-d188 @A: 01 17 26 24 | 12
#0666-d188 @A: 28 11 25 03 | 01
#0667-d188 @A: 29 21 28 03 | 09
#0668-d188 @A: 05 28 02 21 | 03
#0669-d188 @A: 02 09 12 28 | 10
#0670-d188 @A: 11 20 13 29 | 08
#0671-d188 @A: 11 12 18 13 | 05
#0672-d188 @A: 13 20 25 34 | 02
#0673-d188 @A: 20 13 21 05 | 06
#0674-d188 @A: 13 17 21 01 | 04
#0675-d188 @A: 24 05 32 13 | 07
#0676-d188 @A: 24 06 19 13 | 11
#0677-d188 @A: 05 02 34 11 | 12
#0678-d188 @A: 02 01 11 10 | 01
#0679-d188 @A: 12 11 01 05 | 09
#0680-d188 @A: 01 24 03 02 | 03
#0681-d188 @A: 25 32 03 24 | 10
#0682-d188 @A: 31 34 17 21 | 08
#0683-d188 @A: 21 32 09 31 | 05
#0684-d188 @A: 21 31 18 12 | 02
#0685-d188 @A: 10 31 19 21 | 06
#0686-d188 @A: 32 01 31 19 | 04
#0687-d188 @A: 22 31 12 06 | 07
#0688-d188 @A: 29 05 12 16 | 11
#0689-d188 @A: 34 16 02 22 | 12
#0690-d188 @A: 16 34 25 06 | 01
#0691-d188 @A: 17 34 16 12 | 09
#0692-d188 @A: 02 06 09 16 | 03
#0693-d188 @A: 05 24 16 18 | 10
#0694-d188 @A: 12 16 06 32 | 08
#0695-d188 @A: 12 18 10 16 | 05
#0696-d188 @A: 16 22 19 01 | 02
#0697-d188 @A: 29 34 06 22 | 06
#0698-d188 @A: 09 32 29 10 | 04
#0699-d188 @A: 29 32 06 01 | 07
#0700-d188 @A: 29 01 24 20 | 11
#0701-d188 @A: 22 01 05 34 | 12
#0702-d188 @A: 24 04 33 30 | 01
#0703-d188 @A: 26 28 33 30 | 09
#0704-d188 @A: 02 33 30 22 | 03
#0705-d188 @A: 06 01 08 33 | 10
#0706-d188 @A: 29 04 33 32 | 08
#0707-d188 @A: 33 18 35 07 | 05
#0708-d188 @A: 13 33 34 35 | 02
#0709-d188 @A: 35 05 31 33 | 06
#0710-d188 @A: 34 33 28 14 | 04
#0711-d188 @A: 33 23 11 02 | 07
#0712-d188 @A: 33 10 02 24 | 11
#0713-d188 @A: 02 33 25 06 | 12
#0714-d188 @A: 05 20 12 33 | 01
#0715-d188 @A: 08 22 12 30 | 09
#0716-d188 @A: 13 04 14 30 | 03
#0717-d188 @A: 31 23 04 30 | 10
#0718-d188 @A: 07 30 09 04 | 08
#0719-d188 @A: 28 30 04 05 | 05
#0720-d188 @A: 35 18 30 22 | 02
#0721-d188 @A: 30 23 01 26 | 06
#0722-d188 @A: 25 30 07 03 | 04
#0723-d188 @A: 30 34 03 26 | 07
#0724-d188 @A: 28 30 06 03 | 11
#0725-d188 @A: 30 13 12 16 | 12
#0726-d188 @A: 30 16 34 02 | 01
#0727-d188 @A: 34 30 20 18 | 09
#0728-d188 @A: 09 17 30 06 | 03
#0729-d188 @A: 30 05 01 32 | 10
#0730-d188 @A: 08 23 04 25 | 08
#0731-d188 @A: 14 06 08 05 | 05
#0732-d188 @A: 03 25 27 08 | 02
#0733-d188 @A: 23 34 08 24 | 06
#0734-d188 @A: 10 18 08 23 | 04
#0735-d188 @A: 08 15 17 28 | 07
#0736-d188 @A: 08 16 18 11 | 11
#0737-d188 @A: 22 31 19 08 | 12
#0738-d188 @A: 17 08 21 16 | 01
#0739-d188 @A: 05 25 12 08 | 09
#0740-d188 @A: 24 27 03 04 | 03
#0741-d188 @A: 23 13 09 04 | 10
#0742-d188 @A: 07 19 02 04 | 08
#0743-d188 @A: 09 04 11 15 | 05
#0744-d188 @A: 25 15 31 04 | 02
#0745-d188 @A: 20 15 04 17 | 06
#0746-d188 @A: 04 28 06 11 | 04
#0747-d188 @A: 22 10 04 24 | 07
#0748-d188 @A: 17 04 22 25 | 11
#0749-d188 @A: 35 02 15 27 | 12
#0750-d188 @A: 35 16 28 18 | 01
#0751-d188 @A: 28 01 29 35 | 09
#0752-d188 @A: 29 35 13 32 | 03
#0753-d188 @A: 10 35 03 32 | 10
#0754-d188 @A: 16 31 24 35 | 08
#0755-d188 @A: 05 16 09 35 | 05
#0756-d188 @A: 19 22 12 35 | 02
#0757-d188 @A: 07 22 14 27 | 06
#0758-d188 @A: 10 27 19 14 | 04
#0759-d188 @A: 14 01 23 31 | 07
#0760-d188 @A: 14 12 15 07 | 11
#0761-d188 @A: 07 28 20 14 | 12
#0762-d188 @A: 14 07 17 06 | 01
#0763-d188 @A: 01 07 14 22 | 09
#0764-d188 @A: 14 15 06 16 | 03
#0765-d188 @A: 14 10 03 16 | 10
#0766-d188 @A: 22 14 32 29 | 08
#0767-d188 @A: 02 34 14 32 | 05
#0768-d188 @A: 17 21 14 02 | 02
#0769-d188 @A: 10 14 02 18 | 06
#0770-d188 @A: 19 17 20 14 | 04
#0771-d188 @A: 22 14 12 10 | 07
#0772-d188 @A: 18 27 15 16 | 11
#0773-d188 @A: 28 27 13 17 | 12
#0774-d188 @A: 27 29 13 10 | 01
#0775-d188 @A: 29 11 27 18 | 09
#0776-d188 @A: 24 32 29 27 | 03
#0777-d188 @A: 05 18 21 27 | 10
#0778-d188 @A: 15 23 07 20 | 08
#0779-d188 @A: 15 28 32 23 | 05
#0780-d188 @A: 06 17 15 23 | 02
#0781-d188 @A: 31 23 13 06 | 06
#0782-d188 @A: 05 03 32 23 | 04
#0783-d188 @A: 10 31 29 23 | 07
#0784-d188 @A: 02 09 32 23 | 11
#0785-d188 @A: 10 32 12 23 | 12
#0786-d188 @A: 18 32 22 23 | 01
#0787-d188 @A: 28 15 01 07 | 09
#0788-d188 @A: 07 25 26 16 | 03
#0789-d188 @A: 07 32 11 03 | 10
#0790-d188 @A: 02 07 10 06 | 08
#0791-d188 @A: 07 05 10 09 | 05
#0792-d188 @A: 20 05 07 19 | 02
#0793-d188 @A: 10 24 07 19 | 06
#0794-d188 @A: 16 01 26 15 | 04
#0795-d188 @A: 15 16 13 25 | 07
#0796-d188 @A: 20 06 11 15 | 11
#0797-d188 @A: 03 15 31 17 | 12
#0798-d188 @A: 25 31 22 15 | 01
#0799-d188 @A: 02 06 15 05 | 09
#0800-d188 @A: 15 18 05 32 | 03
#0801-d188 @A: 15 24 12 06 | 10
#0802-d188 @A: 26 11 13 01 | 08
#0803-d188 @A: 26 34 13 16 | 05
#0804-d188 @A: 26 29 13 09 | 02
#0805-d188 @A: 16 11 26 05 | 06
#0806-d188 @A: 26 09 12 32 | 04
#0807-d188 @A: 24 12 19 26 | 07
#0808-d188 @A: 12 29 28 11 | 11
#0809-d188 @A: 24 03 19 28 | 12
#0810-d188 @A: 09 28 29 31 | 01
#0811-d188 @A: 28 20 16 10 | 09
#0812-d188 @A: 01 28 06 34 | 03
#0813-d188 @A: 02 32 18 28 | 10
#0814-d188 @A: 18 01 28 09 | 08
#0815-d188 @A: 32 28 20 22 | 05
#0816-d188 @A: 01 10 25 28 | 02
#0817-d188 @A: 19 28 17 10 | 06
#0818-d188 @A: 13 06 01 02 | 04
#0819-d188 @A: 13 12 05 09 | 07
#0820-d188 @A: 21 11 18 34 | 11
#0821-d188 @A: 24 09 18 11 | 12
#0822-d188 @A: 02 03 34 09 | 01
#0823-d188 @A: 34 03 18 25 | 09
#0824-d188 @A: 09 03 10 18 | 03
#0825-d188 @A: 09 17 22 03 | 10
#0826-d188 @A: 01 19 05 03 | 08
#0827-d188 @A: 18 03 01 32 | 05
#0828-d188 @A: 06 16 18 31 | 02
#0829-d188 @A: 18 31 34 29 | 06
#0830-d188 @A: 17 09 31 24 | 04
#0831-d188 @A: 25 12 06 31 | 07
#0832-d188 @A: 16 34 29 20 | 11
#0833-d188 @A: 01 17 29 16 | 12
#0834-d188 @A: 02 12 19 16 | 01
#0835-d188 @A: 22 10 16 06 | 09
#0836-d188 @A: 29 01 34 19 | 03
#0837-d188 @A: 05 32 17 29 | 10
#0838-d188 @A: 33 21 30 06 | 08
#0839-d188 @A: 22 20 33 04 | 05
#0840-d188 @A: 35 22 13 33 | 02
#0841-d188 @A: 33 14 19 06 | 06
#0842-d188 @A: 27 18 33 13 | 04
#0843-d188 @A: 33 12 27 09 | 07
#0844-d188 @A: 33 01 05 27 | 11
#0845-d188 @A: 18 33 28 23 | 12
#0846-d188 @A: 07 25 22 33 | 01
#0847-d188 @A: 33 26 20 11 | 09
#0848-d188 @A: 33 18 31 26 | 03
#0849-d188 @A: 33 28 13 06 | 10
#0850-d188 @A: 29 11 25 33 | 08
#0851-d188 @A: 31 02 33 03 | 05
#0852-d188 @A: 33 12 03 32 | 02
#0853-d188 @A: 16 31 25 33 | 06
#0854-d188 @A: 33 34 17 01 | 04
#0855-d188 @A: 33 19 22 21 | 07
#0856-d188 @A: 19 18 33 09 | 11
#0857-d188 @A: 18 22 06 33 | 12
#0858-d188 @A: 30 28 08 12 | 01
#0859-d188 @A: 30 08 32 11 | 09
#0860-d188 @A: 01 08 29 30 | 03
#0861-d188 @A: 14 24 30 27 | 10
#0862-d188 @A: 14 30 15 03 | 08
#0863-d188 @A: 11 14 34 30 | 05
#0864-d188 @A: 14 30 21 29 | 02
#0865-d188 @A: 30 28 23 20 | 06
#0866-d188 @A: 07 11 01 30 | 04
#0867-d188 @A: 30 31 15 11 | 07
#0868-d188 @A: 15 30 22 17 | 11
#0869-d188 @A: 22 21 26 30 | 12
#0870-d188 @A: 11 20 16 30 | 01
#0871-d188 @A: 30 20 03 21 | 09
#0872-d188 @A: 29 24 30 02 | 03
#0873-d188 @A: 24 30 20 17 | 10
#0874-d188 @A: 01 24 30 18 | 08
#0875-d188 @A: 30 10 25 19 | 05
#0876-d188 @A: 04 08 26 01 | 02
#0877-d188 @A: 13 08 14 28 | 06
#0878-d188 @A: 14 02 08 11 | 04
#0879-d188 @A: 18 03 08 14 | 07
#0880-d188 @A: 08 31 14 24 | 11
#0881-d188 @A: 27 10 16 08 | 12
#0882-d188 @A: 08 07 01 23 | 01
#0883-d188 @A: 24 07 08 15 | 09
#0884-d188 @A: 08 05 26 02 | 03
#0885-d188 @A: 22 17 08 28 | 10
#0886-d188 @A: 29 22 08 16 | 08
#0887-d188 @A: 34 02 08 12 | 05
#0888-d188 @A: 34 08 18 17 | 02
#0889-d188 @A: 32 18 09 08 | 06
#0890-d188 @A: 08 12 09 17 | 04
#0891-d188 @A: 24 12 20 08 | 07
#0892-d188 @A: 20 06 19 08 | 11
#0893-d188 @A: 07 14 04 18 | 12
#0894-d188 @A: 14 04 10 29 | 01
#0895-d188 @A: 23 04 26 22 | 09
#0896-d188 @A: 07 03 05 04 | 03
#0897-d188 @A: 04 07 06 16 | 10
#0898-d188 @A: 07 17 24 04 | 08
#0899-d188 @A: 29 04 12 26 | 05
#0900-d188 @A: 04 13 28 21 | 02
#0901-d188 @A: 04 11 02 12 | 06
#0902-d188 @A: 31 03 10 04 | 04
#0903-d188 @A: 29 04 03 02 | 07
#0904-d188 @A: 17 04 12 21 | 11
#0905-d188 @A: 18 05 17 04 | 12
#0906-d188 @A: 05 35 14 07 | 01
#0907-d188 @A: 14 35 02 16 | 09
#0908-d188 @A: 06 15 35 28 | 03
#0909-d188 @A: 15 35 01 03 | 10
#0910-d188 @A: 13 26 35 17 | 08
#0911-d188 @A: 09 35 21 01 | 05
#0912-d188 @A: 32 20 35 05 | 02
#0913-d188 @A: 35 12 32 18 | 06
#0914-d188 @A: 10 24 12 35 | 04
#0915-d188 @A: 27 14 07 32 | 07
#0916-d188 @A: 15 24 14 28 | 11
#0917-d188 @A: 14 16 26 18 | 12
#0918-d188 @A: 14 22 11 31 | 01
#0919-d188 @A: 11 09 14 16 | 09
#0920-d188 @A: 20 18 24 14 | 03
#0921-d188 @A: 13 23 32 27 | 10
#0922-d188 @A: 10 27 07 15 | 08
#0923-d188 @A: 09 07 25 27 | 05
#0924-d188 @A: 16 27 29 26 | 02
#0925-d188 @A: 34 28 27 21 | 06
#0926-d188 @A: 11 10 27 09 | 04
#0927-d188 @A: 27 34 20 06 | 07
#0928-d188 @A: 12 02 25 27 | 11
#0929-d188 @A: 19 07 31 23 | 12
#0930-d188 @A: 28 23 09 26 | 01
#0931-d188 @A: 29 16 23 13 | 09
#0932-d188 @A: 34 10 23 13 | 03
#0933-d188 @A: 21 06 34 23 | 10
#0934-d188 @A: 12 09 23 34 | 08
#0935-d188 @A: 22 19 25 23 | 05
#0936-d188 @A: 17 13 15 07 | 02
#0937-d188 @A: 19 26 07 09 | 06
#0938-d188 @A: 11 12 07 16 | 04
#0939-d188 @A: 22 07 12 29 | 07
#0940-d188 @A: 29 26 15 20 | 11
#0941-d188 @A: 13 15 09 02 | 12
#0942-d188 @A: 03 11 12 15 | 01
#0943-d188 @A: 15 34 06 03 | 09
#0944-d188 @A: 29 15 01 22 | 03
#0945-d188 @A: 19 15 22 12 | 10
#0946-d188 @A: 22 24 26 13 | 08
#0947-d188 @A: 06 02 34 26 | 05
#0948-d188 @A: 20 10 26 02 | 02
#0949-d188 @A: 26 20 21 18 | 06
#0950-d188 @A: 22 19 26 20 | 04
#0951-d188 @A: 22 10 28 11 | 07
#0952-d188 @A: 17 28 31 05 | 11
#0953-d188 @A: 06 28 21 12 | 12
#0954-d188 @A: 20 05 28 09 | 01
#0955-d188 @A: 19 02 13 34 | 09
#0956-d188 @A: 12 32 13 34 | 03
#0957-d188 @A: 05 21 22 11 | 10
#0958-d188 @A: 21 11 20 10 | 08
#0959-d188 @A: 17 03 19 21 | 05
#0960-d188 @A: 09 20 32 03 | 02
#0961-d188 @A: 05 12 03 17 | 06
#0962-d188 @A: 03 10 12 20 | 04
#0963-d188 @A: 19 31 09 34 | 07
#0964-d188 @A: 21 24 22 31 | 11
#0965-d188 @A: 12 32 05 31 | 12
#0966-d188 @A: 10 31 24 06 | 01
#0967-d188 @A: 16 02 10 29 | 09
#0968-d188 @A: 16 34 01 10 | 03
#0969-d188 @A: 17 05 16 06 | 10
#0970-d188 @A: 34 05 10 29 | 08
#0971-d188 @A: 02 29 01 05 | 05
#0972-d188 @A: 24 09 19 29 | 02
#0973-d188 @A: 22 12 34 01 | 06
#0974-d188 @A: 22 17 06 02 | 04
#0975-d188 @A: 05 22 25 24 | 07
#0976-d188 @A: 02 27 30 33 | 11
#0977-d188 @A: 12 29 30 33 | 12
#0978-d188 @A: 14 33 09 08 | 01
#0979-d188 @A: 22 08 33 01 | 09
#0980-d188 @A: 33 04 28 09 | 03
#0981-d188 @A: 01 33 35 23 | 10
#0982-d188 @A: 06 15 27 33 | 08
#0983-d188 @A: 33 27 19 16 | 05
#0984-d188 @A: 33 23 07 10 | 02
#0985-d188 @A: 33 23 13 05 | 06
#0986-d188 @A: 19 23 33 03 | 04
#0987-d188 @A: 06 07 26 33 | 07
#0988-d188 @A: 12 07 33 19 | 11
#0989-d188 @A: 28 33 19 11 | 12
#0990-d188 @A: 28 24 33 05 | 01
#0991-d188 @A: 03 13 20 33 | 09
#0992-d188 @A: 03 33 24 21 | 03
#0993-d188 @A: 12 33 21 02 | 10
#0994-d188 @A: 18 10 05 33 | 08
#0995-d188 @A: 19 17 24 33 | 05
#0996-d188 @A: 34 30 08 04 | 02
#0997-d188 @A: 20 14 30 08 | 06
#0998-d188 @A: 30 25 08 15 | 04
#0999-d188 @A: 10 31 08 30 | 07
#1000-d188 @A: 27 06 04 30 | 11
#1001-d188 @A: 25 30 04 20 | 12
#1002-d188 @A: 27 35 30 32 | 01
#1003-d188 @A: 05 30 35 26 | 09
#1004-d188 @A: 35 28 30 09 | 03
#1005-d188 @A: 13 18 30 35 | 10
#1006-d188 @A: 35 30 29 20 | 08
#1007-d188 @A: 30 10 23 27 | 05
#1008-d188 @A: 19 23 15 30 | 02
#1009-d188 @A: 23 29 32 30 | 06
#1010-d188 @A: 07 30 12 06 | 04
#1011-d188 @A: 30 09 18 15 | 07
#1012-d188 @A: 01 30 06 15 | 11
#1013-d188 @A: 06 30 18 02 | 12
#1014-d188 @A: 08 07 10 04 | 01
#1015-d188 @A: 18 08 24 04 | 09
#1016-d188 @A: 07 32 35 08 | 03
#1017-d188 @A: 13 08 23 21 | 10
#1018-d188 @A: 11 15 21 08 | 08
#1019-d188 @A: 29 26 08 25 | 05
#1020-d188 @A: 22 05 08 13 | 02
#1021-d188 @A: 21 12 29 08 | 06
#1022-d188 @A: 09 20 02 08 | 04
#1023-d188 @A: 32 08 24 21 | 07
#1024-d188 @A: 25 32 20 08 | 11
#1025-d188 @A: 01 08 10 24 | 12
#1026-d188 @A: 12 10 08 06 | 01
#1027-d188 @A: 20 04 16 35 | 09
#1028-d188 @A: 04 02 35 25 | 03
#1029-d188 @A: 09 04 27 14 | 10
#1030-d188 @A: 28 15 10 04 | 08
#1031-d188 @A: 26 04 25 28 | 05
#1032-d188 @A: 16 04 28 24 | 02
#1033-d188 @A: 31 04 11 32 | 06
#1034-d188 @A: 11 16 04 21 | 04
#1035-d188 @A: 24 34 04 25 | 07
#1036-d188 @A: 06 04 17 02 | 11
#1037-d188 @A: 21 19 25 04 | 12
#1038-d188 @A: 05 25 04 32 | 01
#1039-d188 @A: 04 12 18 20 | 09
#1040-d188 @A: 06 01 04 12 | 03
#1041-d188 @A: 18 01 10 04 | 10
#1042-d188 @A: 20 27 35 25 | 08
#1043-d188 @A: 35 10 27 01 | 05
#1044-d188 @A: 23 06 35 26 | 02
#1045-d188 @A: 17 23 18 35 | 06
#1046-d188 @A: 22 35 11 15 | 04
#1047-d188 @A: 03 26 25 35 | 07
#1048-d188 @A: 10 35 25 34 | 11
#1049-d188 @A: 12 06 02 35 | 12
#1050-d188 @A: 35 12 09 19 | 01
#1051-d188 @A: 24 05 06 35 | 09
#1052-d188 @A: 01 05 35 25 | 03
#1053-d188 @A: 01 06 35 18 | 10
#1054-d188 @A: 26 15 05 14 | 08
#1055-d188 @A: 21 14 11 26 | 05
#1056-d188 @A: 21 19 28 14 | 02
#1057-d188 @A: 09 17 28 14 | 06
#1058-d188 @A: 14 19 11 31 | 04
#1059-d188 @A: 14 31 25 03 | 07
#1060-d188 @A: 14 32 16 24 | 11
#1061-d188 @A: 34 14 12 19 | 12
#1062-d188 @A: 02 05 14 20 | 01
#1063-d188 @A: 05 24 14 19 | 09
#1064-d188 @A: 14 12 18 05 | 03
#1065-d188 @A: 01 24 14 25 | 10
#1066-d188 @A: 14 18 25 17 | 08
#1067-d188 @A: 12 28 27 15 | 05
#1068-d188 @A: 27 09 03 31 | 02
#1069-d188 @A: 12 16 03 27 | 06
#1070-d188 @A: 21 27 02 19 | 04
#1071-d188 @A: 27 09 01 24 | 07
#1072-d188 @A: 19 20 27 09 | 11
#1073-d188 @A: 06 27 10 18 | 12
#1074-d188 @A: 23 07 16 18 | 01
#1075-d188 @A: 23 15 18 29 | 09
#1076-d188 @A: 20 03 23 26 | 03
#1077-d188 @A: 31 02 23 22 | 10
#1078-d188 @A: 02 23 21 01 | 08
#1079-d188 @A: 23 25 20 10 | 05
#1080-d188 @A: 23 12 20 17 | 02
#1081-d188 @A: 07 03 18 26 | 06
#1082-d188 @A: 28 02 07 11 | 04
#1083-d188 @A: 28 12 07 03 | 07
#1084-d188 @A: 07 21 28 18 | 11
#1085-d188 @A: 09 28 07 24 | 12
#1086-d188 @A: 16 13 07 24 | 01
#1087-d188 @A: 11 29 24 07 | 09
#1088-d188 @A: 25 07 24 31 | 03
#1089-d188 @A: 02 07 24 20 | 10
#1090-d188 @A: 09 21 20 07 | 08
#1091-d188 @A: 22 26 15 16 | 05
#1092-d188 @A: 03 18 15 24 | 02
#1093-d188 @A: 15 34 21 02 | 06
#1094-d188 @A: 21 22 15 32 | 04
#1095-d188 @A: 15 09 19 05 | 07
#1096-d188 @A: 17 15 24 32 | 11
#1097-d188 @A: 01 15 25 19 | 12
#1098-d188 @A: 26 28 13 02 | 01
#1099-d188 @A: 25 21 34 26 | 09
#1100-d188 @A: 05 13 03 28 | 03
#1101-d188 @A: 28 10 29 06 | 10
#1102-d188 @A: 12 28 32 25 | 08
#1103-d188 @A: 18 20 19 28 | 05
#1104-d188 @A: 06 16 13 11 | 02
#1105-d188 @A: 06 11 13 22 | 06
#1106-d188 @A: 02 13 18 05 | 04
#1107-d188 @A: 32 01 11 34 | 07
#1108-d188 @A: 02 32 21 11 | 11
#1109-d188 @A: 12 09 21 11 | 12
#1110-d188 @A: 32 11 22 19 | 01
#1111-d188 @A: 25 17 12 11 | 09
#1112-d188 @A: 31 29 24 03 | 03
#1113-d188 @A: 10 03 17 02 | 10
#1114-d188 @A: 03 32 22 06 | 08
#1115-d188 @A: 10 06 03 01 | 05
#1116-d188 @A: 22 16 31 32 | 02
#1117-d188 @A: 09 31 01 22 | 06
#1118-d188 @A: 16 29 32 18 | 04
#1119-d188 @A: 21 16 01 32 | 07
#1120-d188 @A: 12 09 20 16 | 11
#1121-d188 @A: 16 17 09 18 | 12
#1122-d188 @A: 20 19 24 16 | 01
#1123-d188 @A: 34 29 12 24 | 09
#1124-d188 @A: 02 29 22 20 | 03
#1125-d188 @A: 29 18 25 05 | 10
#1126-d188 @A: 17 10 29 12 | 08
#1127-d188 @A: 18 29 19 10 | 05
#1128-d188 @A: 10 34 22 09 | 02
#1129-d188 @A: 22 25 32 12 | 06
#1130-d188 @A: 30 15 20 33 | 04
#1131-d188 @A: 30 31 33 34 | 07
#1132-d188 @A: 32 30 09 33 | 11
#1133-d188 @A: 05 15 33 08 | 12
#1134-d188 @A: 10 14 21 33 | 01
#1135-d188 @A: 33 13 02 07 | 09
#1136-d188 @A: 01 29 13 33 | 03
#1137-d188 @A: 05 09 06 33 | 10
#1138-d188 @A: 20 24 33 06 | 08
#1139-d188 @A: 07 08 21 30 | 05
#1140-d188 @A: 35 19 07 30 | 02
#1141-d188 @A: 35 11 30 21 | 06
#1142-d188 @A: 27 22 34 30 | 04
#1143-d188 @A: 28 15 30 21 | 07
#1144-d188 @A: 20 30 09 26 | 11
#1145-d188 @A: 30 13 22 25 | 12
#1146-d188 @A: 30 11 09 29 | 01
#1147-d188 @A: 31 30 16 05 | 09
#1148-d188 @A: 01 34 09 30 | 03
#1149-d188 @A: 19 06 30 34 | 10
#1150-d188 @A: 02 12 05 30 | 08
#1151-d188 @A: 03 15 04 08 | 05
#1152-d188 @A: 04 05 31 08 | 02
#1153-d188 @A: 21 08 35 22 | 06
#1154-d188 @A: 08 26 19 23 | 04
#1155-d188 @A: 07 18 29 08 | 07
#1156-d188 @A: 08 28 26 24 | 11
#1157-d188 @A: 03 05 10 08 | 12
#1158-d188 @A: 08 24 19 02 | 01
#1159-d188 @A: 06 08 24 09 | 09
#1160-d188 @A: 22 32 08 10 | 03
#1161-d188 @A: 01 19 08 17 | 10
#1162-d188 @A: 29 04 35 24 | 08
#1163-d188 @A: 04 14 19 23 | 05
#1164-d188 @A: 04 14 17 34 | 02
#1165-d188 @A: 04 29 06 23 | 06
#1166-d188 @A: 21 15 29 04 | 04
#1167-d188 @A: 16 04 26 02 | 07
#1168-d188 @A: 32 24 09 04 | 11
#1169-d188 @A: 25 04 17 01 | 12
#1170-d188 @A: 14 31 35 34 | 01
#1171-d188 @A: 14 35 17 29 | 09
#1172-d188 @A: 11 07 27 35 | 03
#1173-d188 @A: 07 03 35 17 | 10
#1174-d188 @A: 06 07 29 35 | 08
#1175-d188 @A: 22 26 35 06 | 05
#1176-d188 @A: 11 35 29 02 | 02
#1177-d188 @A: 35 24 11 20 | 06
#1178-d188 @A: 18 11 10 35 | 04
#1179-d188 @A: 03 18 35 29 | 07
#1180-d188 @A: 35 29 22 05 | 11
#1181-d188 @A: 25 02 22 35 | 12
#1182-d188 @A: 03 06 14 27 | 01
#1183-d188 @A: 15 14 23 10 | 09
#1184-d188 @A: 14 23 25 26 | 03
#1185-d188 @A: 19 15 14 29 | 10
#1186-d188 @A: 14 15 34 09 | 08
#1187-d188 @A: 14 28 05 01 | 05
#1188-d188 @A: 25 14 32 19 | 02
#1189-d188 @A: 17 14 12 24 | 06
#1190-d188 @A: 01 15 23 27 | 04
#1191-d188 @A: 19 28 27 23 | 07
#1192-d188 @A: 03 27 17 23 | 11
#1193-d188 @A: 12 27 07 29 | 12
#1194-d188 @A: 18 25 27 28 | 01
#1195-d188 @A: 02 03 13 27 | 09
#1196-d188 @A: 01 27 31 11 | 03
#1197-d188 @A: 22 27 18 11 | 10
#1198-d188 @A: 27 24 16 02 | 08
#1199-d188 @A: 22 12 16 27 | 05
#1200-d188 @A: 27 25 01 32 | 02
#1201-d188 @A: 27 19 22 17 | 06
#1202-d188 @A: 17 16 26 23 | 04
#1203-d188 @A: 13 01 28 23 | 07
#1204-d188 @A: 28 23 11 21 | 11
#1205-d188 @A: 23 20 02 13 | 12
#1206-d188 @A: 23 18 31 11 | 01
#1207-d188 @A: 01 24 32 23 | 09
#1208-d188 @A: 32 18 25 23 | 03
#1209-d188 @A: 24 06 25 23 | 10
#1210-d188 @A: 32 22 13 07 | 08
#1211-d188 @A: 07 11 22 16 | 05
#1212-d188 @A: 32 07 20 16 | 02
#1213-d188 @A: 17 07 02 25 | 06
#1214-d188 @A: 09 01 07 32 | 04
#1215-d188 @A: 18 07 20 06 | 07
#1216-d188 @A: 17 07 01 20 | 11
#1217-d188 @A: 15 26 28 18 | 12
#1218-d188 @A: 26 15 31 32 | 01
#1219-d188 @A: 15 13 19 03 | 09
#1220-d188 @A: 18 34 15 12 | 03
#1221-d188 @A: 12 02 15 10 | 10
#1222-d188 @A: 20 25 09 15 | 08
#1223-d188 @A: 32 25 15 10 | 05
#1224-d188 @A: 28 26 32 05 | 02
#1225-d188 @A: 03 31 26 22 | 06
#1226-d188 @A: 29 18 26 06 | 04
#1227-d188 @A: 12 26 22 02 | 07
#1228-d188 @A: 13 09 28 16 | 11
#1229-d188 @A: 28 22 29 24 | 12
#1230-d188 @A: 28 34 20 32 | 01
#1231-d188 @A: 32 06 28 17 | 09
#1232-d188 @A: 20 28 12 01 | 03
#1233-d188 @A: 13 06 12 03 | 10
#1234-d188 @A: 09 13 22 16 | 08
#1235-d188 @A: 21 22 13 20 | 05
#1236-d188 @A: 06 32 25 13 | 02
#1237-d188 @A: 10 24 11 03 | 06
#1238-d188 @A: 05 09 11 17 | 04
#1239-d188 @A: 11 32 17 18 | 07
#1240-d188 @A: 11 24 01 06 | 11
#1241-d188 @A: 11 20 22 01 | 12
#1242-d188 @A: 21 05 03 09 | 01
#1243-d188 @A: 03 09 17 25 | 09
#1244-d188 @A: 02 20 34 31 | 03
#1245-d188 @A: 09 31 01 10 | 10
#1246-d188 @A: 17 19 06 31 | 08
#1247-d188 @A: 29 21 16 09 | 05
#1248-d188 @A: 16 09 24 34 | 02
#1249-d188 @A: 19 09 10 16 | 06
#1250-d188 @A: 10 05 16 25 | 04
#1251-d188 @A: 18 02 21 29 | 07
#1252-d188 @A: 06 02 29 19 | 11
#1253-d188 @A: 20 19 29 21 | 12
#1254-d188 @A: 25 29 24 10 | 01
#1255-d188 @A: 24 17 18 29 | 09
#1256-d188 @A: 01 10 02 22 | 03
#1257-d188 @A: 06 19 22 09 | 10
#1258-d188 @A: 22 05 10 19 | 08
#1259-d188 @A: 23 33 25 30 | 05
#1260-d188 @A: 08 27 23 33 | 02
#1261-d188 @A: 27 20 04 33 | 06
#1262-d188 @A: 04 34 11 33 | 04
#1263-d188 @A: 33 12 28 35 | 07
#1264-d188 @A: 09 33 35 11 | 11
#1265-d188 @A: 26 14 32 33 | 12
#1266-d188 @A: 11 33 32 27 | 01
#1267-d188 @A: 11 07 21 33 | 09
#1268-d188 @A: 03 09 07 33 | 03
#1269-d188 @A: 07 34 33 20 | 10
#1270-d188 @A: 01 15 33 11 | 08
#1271-d188 @A: 15 33 12 31 | 05
#1272-d188 @A: 15 10 09 33 | 02
#1273-d188 @A: 29 28 20 33 | 06
#1274-d188 @A: 21 31 29 33 | 04
#1275-d188 @A: 34 33 06 10 | 07
#1276-d188 @A: 35 15 24 30 | 11
#1277-d188 @A: 03 35 12 30 | 12
#1278-d188 @A: 14 23 18 30 | 01
#1279-d188 @A: 32 30 14 28 | 09
#1280-d188 @A: 14 19 09 30 | 03
#1281-d188 @A: 01 27 03 30 | 10
#1282-d188 @A: 11 23 12 30 | 08
#1283-d188 @A: 05 15 07 30 | 05
#1284-d188 @A: 29 16 30 28 | 02
#1285-d188 @A: 10 28 02 30 | 06
#1286-d188 @A: 03 30 18 16 | 04
#1287-d188 @A: 05 30 21 10 | 07
#1288-d188 @A: 25 18 21 30 | 11
#1289-d188 @A: 24 30 12 25 | 12
#1290-d188 @A: 11 04 08 35 | 01
#1291-d188 @A: 23 35 08 05 | 09
#1292-d188 @A: 26 08 18 35 | 03
#1293-d188 @A: 08 14 07 25 | 10
#1294-d188 @A: 22 08 27 02 | 08
#1295-d188 @A: 23 29 20 08 | 05
#1296-d188 @A: 06 02 23 08 | 02
#1297-d188 @A: 06 28 07 08 | 06
#1298-d188 @A: 08 01 15 02 | 04
#1299-d188 @A: 10 08 19 15 | 07
#1300-d188 @A: 03 12 08 26 | 11
#1301-d188 @A: 20 18 13 08 | 12
#1302-d188 @A: 29 03 08 17 | 01
#1303-d188 @A: 02 18 08 25 | 09
#1304-d188 @A: 25 08 21 01 | 03
#1305-d188 @A: 09 08 24 22 | 10
#1306-d188 @A: 05 04 13 35 | 08
#1307-d188 @A: 04 22 03 35 | 05
#1308-d188 @A: 35 17 10 04 | 02
#1309-d188 @A: 07 04 23 27 | 06
#1310-d188 @A: 26 23 04 05 | 04
#1311-d188 @A: 18 04 13 16 | 07
#1312-d188 @A: 01 29 11 04 | 11
#1313-d188 @A: 11 12 22 04 | 12
#1314-d188 @A: 21 29 04 22 | 01
#1315-d188 @A: 21 02 20 04 | 09
#1316-d188 @A: 05 02 04 24 | 03
#1317-d188 @A: 04 21 05 01 | 10
#1318-d188 @A: 19 23 16 35 | 08
#1319-d188 @A: 29 12 35 23 | 05
#1320-d188 @A: 35 26 24 07 | 02
#1321-d188 @A: 13 35 20 07 | 06
#1322-d188 @A: 35 11 31 28 | 04
#1323-d188 @A: 16 35 03 06 | 07
#1324-d188 @A: 16 25 22 35 | 11
#1325-d188 @A: 19 35 34 21 | 12
#1326-d188 @A: 09 06 34 35 | 01
#1327-d188 @A: 35 21 05 17 | 09
#1328-d188 @A: 35 10 20 22 | 03
#1329-d188 @A: 32 14 11 23 | 10
#1330-d188 @A: 23 14 16 34 | 08
#1331-d188 @A: 14 10 11 07 | 05
#1332-d188 @A: 14 15 22 02 | 02
#1333-d188 @A: 26 14 19 13 | 06
#1334-d188 @A: 14 32 13 03 | 04
#1335-d188 @A: 02 14 13 29 | 07
#1336-d188 @A: 32 14 29 20 | 11
#1337-d188 @A: 18 14 34 06 | 12
#1338-d188 @A: 25 12 10 14 | 01
#1339-d188 @A: 11 23 06 27 | 09
#1340-d188 @A: 34 23 27 05 | 03
#1341-d188 @A: 21 01 26 27 | 10
#1342-d188 @A: 27 26 22 05 | 08
#1343-d188 @A: 29 22 03 27 | 05
#1344-d188 @A: 27 20 01 02 | 02
#1345-d188 @A: 24 17 27 21 | 06
#1346-d188 @A: 27 12 24 05 | 04
#1347-d188 @A: 27 32 12 17 | 07
#1348-d188 @A: 22 34 23 07 | 11
#1349-d188 @A: 05 07 23 02 | 12
#1350-d188 @A: 15 26 23 21 | 01
#1351-d188 @A: 23 13 16 22 | 09
#1352-d188 @A: 11 23 19 29 | 03
#1353-d188 @A: 23 16 09 31 | 10
#1354-d188 @A: 21 23 19 09 | 08
#1355-d188 @A: 23 32 21 20 | 05
#1356-d188 @A: 23 25 21 17 | 02
#1357-d188 @A: 01 29 07 26 | 06
#1358-d188 @A: 13 05 31 07 | 04
#1359-d188 @A: 06 11 09 07 | 07
#1360-d188 @A: 19 26 15 34 | 11
#1361-d188 @A: 11 28 15 05 | 12
#1362-d188 @A: 34 13 15 31 | 01
#1363-d188 @A: 15 16 24 11 | 09
#1364-d188 @A: 11 15 10 34 | 03
#1365-d188 @A: 02 20 19 15 | 10
#1366-d188 @A: 32 19 21 15 | 08
#1367-d188 @A: 26 16 21 28 | 05
#1368-d188 @A: 26 34 28 12 | 02
#1369-d188 @A: 01 28 22 26 | 06
#1370-d188 @A: 21 32 26 13 | 04
#1371-d188 @A: 26 24 11 31 | 07
#1372-d188 @A: 29 03 26 32 | 11
#1373-d188 @A: 31 17 29 26 | 12
#1374-d188 @A: 10 17 26 34 | 01
#1375-d188 @A: 26 21 24 09 | 09
#1376-d188 @A: 17 06 26 21 | 03
#1377-d188 @A: 26 25 24 05 | 10
#1378-d188 @A: 13 22 28 12 | 08
#1379-d188 @A: 28 12 19 31 | 05
#1380-d188 @A: 24 34 28 02 | 02
#1381-d188 @A: 10 28 34 18 | 06
#1382-d188 @A: 25 06 09 28 | 04
#1383-d188 @A: 19 16 13 05 | 07
#1384-d188 @A: 34 13 09 18 | 11
#1385-d188 @A: 05 34 13 01 | 12
#1386-d188 @A: 21 13 25 09 | 01
#1387-d188 @A: 19 21 12 13 | 09
#1388-d188 @A: 13 21 18 10 | 03
#1389-d188 @A: 01 12 25 13 | 10
#1390-d188 @A: 01 18 22 13 | 08
#1391-d188 @A: 11 03 01 17 | 05
#1392-d188 @A: 24 34 19 11 | 02
#1393-d188 @A: 20 34 17 11 | 06
#1394-d188 @A: 02 11 25 20 | 04
#1395-d188 @A: 09 01 25 11 | 07
#1396-d188 @A: 25 05 19 11 | 11
#1397-d188 @A: 11 12 24 32 | 12
#1398-d188 @A: 17 06 11 10 | 01
#1399-d188 @A: 34 03 19 10 | 09
#1400-d188 @A: 02 03 18 12 | 03
#1401-d188 @A: 22 05 12 03 | 10
#1402-d188 @A: 32 31 02 10 | 08
#1403-d188 @A: 02 24 31 18 | 05
#1404-d188 @A: 31 06 01 05 | 02
#1405-d188 @A: 22 31 17 24 | 06
#1406-d188 @A: 22 24 20 16 | 04
#1407-d188 @A: 09 02 17 29 | 07
#1408-d188 @A: 25 32 29 02 | 11
#1409-d188 @A: 20 25 17 29 | 12
#1410-d188 @A: 24 12 18 22 | 01
#1411-d188 @A: 16 33 01 30 | 09
#1412-d188 @A: 14 35 24 33 | 03
#1413-d188 @A: 26 02 35 33 | 10
#1414-d188 @A: 26 25 33 17 | 08
#1415-d188 @A: 17 28 03 33 | 05
#1416-d188 @A: 13 33 11 24 | 02
#1417-d188 @A: 13 33 10 12 | 06
#1418-d188 @A: 09 02 01 33 | 04
#1419-d188 @A: 02 20 18 33 | 07
#1420-d188 @A: 18 33 21 17 | 11
#1421-d188 @A: 24 09 33 25 | 12
#1422-d188 @A: 16 30 04 19 | 01
#1423-d188 @A: 04 30 18 29 | 09
#1424-d188 @A: 31 35 06 30 | 03
#1425-d188 @A: 30 05 14 25 | 10
#1426-d188 @A: 34 07 29 30 | 08
#1427-d188 @A: 30 13 34 28 | 05
#1428-d188 @A: 29 05 30 03 | 02
#1429-d188 @A: 25 30 09 31 | 06
#1430-d188 @A: 31 30 20 22 | 04
#1431-d188 @A: 31 30 12 17 | 07
#1432-d188 @A: 02 30 25 01 | 11
#1433-d188 @A: 30 19 17 02 | 12
#1434-d188 @A: 18 32 30 10 | 01
#1435-d188 @A: 15 08 22 04 | 09
#1436-d188 @A: 04 08 09 21 | 03
#1437-d188 @A: 32 08 04 06 | 10
#1438-d188 @A: 35 27 08 06 | 08
#1439-d188 @A: 27 21 14 08 | 05
#1440-d188 @A: 31 34 27 08 | 02
#1441-d188 @A: 23 12 15 08 | 06
#1442-d188 @A: 05 16 08 07 | 04
#1443-d188 @A: 08 26 15 09 | 07
#1444-d188 @A: 16 08 26 20 | 11
#1445-d188 @A: 08 22 26 34 | 12
#1446-d188 @A: 05 28 18 08 | 01
#1447-d188 @A: 08 02 16 13 | 09
#1448-d188 @A: 25 08 11 34 | 03
#1449-d188 @A: 08 09 03 16 | 10
#1450-d188 @A: 20 31 01 08 | 08
#1451-d188 @A: 08 17 20 10 | 05
#1452-d188 @A: 27 35 04 21 | 02
#1453-d188 @A: 23 35 04 15 | 06
#1454-d188 @A: 14 04 20 26 | 04
#1455-d188 @A: 14 06 31 04 | 07
#1456-d188 @A: 27 15 32 04 | 11
#1457-d188 @A: 11 04 27 05 | 12
#1458-d188 @A: 31 02 04 27 | 01
#1459-d188 @A: 20 07 04 11 | 09
#1460-d188 @A: 22 04 34 13 | 03
#1461-d188 @A: 02 32 13 04 | 10
#1462-d188 @A: 10 13 04 24 | 08
#1463-d188 @A: 04 03 19 20 | 05
#1464-d188 @A: 04 16 09 01 | 02
#1465-d188 @A: 18 04 22 16 | 06
#1466-d188 @A: 32 18 21 04 | 04
#1467-d188 @A: 09 04 25 12 | 07
#1468-d188 @A: 04 01 24 19 | 11
#1469-d188 @A: 12 14 13 35 | 12
#1470-d188 @A: 05 35 28 27 | 01
#1471-d188 @A: 17 16 27 35 | 09
#1472-d188 @A: 31 35 23 32 | 03
#1473-d188 @A: 23 22 35 09 | 10
#1474-d188 @A: 35 17 07 22 | 08
#1475-d188 @A: 35 31 09 15 | 05
#1476-d188 @A: 31 01 26 35 | 02
#1477-d188 @A: 21 32 35 28 | 06
#1478-d188 @A: 06 32 35 11 | 04
#1479-d188 @A: 24 32 19 35 | 07
#1480-d188 @A: 27 14 12 11 | 11
#1481-d188 @A: 28 06 23 14 | 12
#1482-d188 @A: 23 05 29 14 | 01
#1483-d188 @A: 20 31 15 14 | 09
#1484-d188 @A: 03 14 26 17 | 03
#1485-d188 @A: 28 11 18 14 | 10
#1486-d188 @A: 10 31 14 28 | 08
#1487-d188 @A: 29 14 25 28 | 05
#1488-d188 @A: 14 21 13 16 | 02
#1489-d188 @A: 34 14 05 03 | 06
#1490-d188 @A: 26 23 27 12 | 04
#1491-d188 @A: 13 27 31 19 | 07
#1492-d188 @A: 29 27 03 20 | 11
#1493-d188 @A: 18 03 27 19 | 12
#1494-d188 @A: 27 16 32 31 | 01
#1495-d188 @A: 27 19 12 06 | 09
#1496-d188 @A: 01 06 27 17 | 03
#1497-d188 @A: 23 07 32 26 | 10
#1498-d188 @A: 26 23 18 13 | 08
#1499-d188 @A: 23 24 16 03 | 05
#1500-d188 @A: 03 18 23 21 | 02
#1501-d188 @A: 16 12 25 23 | 06
#1502-d188 @A: 21 23 12 05 | 04
#1503-d188 @A: 19 07 18 15 | 07
#1504-d188 @A: 17 07 31 11 | 11
#1505-d188 @A: 07 17 34 09 | 12
#1506-d188 @A: 21 19 07 06 | 01
#1507-d188 @A: 32 07 24 18 | 09
#1508-d188 @A: 25 20 07 12 | 03
#1509-d188 @A: 06 25 07 01 | 10
#1510-d188 @A: 11 32 29 15 | 08
#1511-d188 @A: 15 06 21 10 | 05
#1512-d188 @A: 09 06 32 15 | 02
#1513-d188 @A: 17 26 11 28 | 06
#1514-d188 @A: 03 02 26 21 | 04
#1515-d188 @A: 02 09 26 18 | 07
#1516-d188 @A: 26 18 24 10 | 11
#1517-d188 @A: 22 28 16 21 | 12
#1518-d188 @A: 02 22 05 28 | 01
#1519-d188 @A: 06 02 20 28 | 09
#1520-d188 @A: 21 17 28 20 | 03
#1521-d188 @A: 03 31 13 18 | 10
#1522-d188 @A: 01 09 19 13 | 08
#1523-d188 @A: 13 17 25 05 | 05
#1524-d188 @A: 05 06 13 10 | 02
#1525-d188 @A: 13 18 17 06 | 06
#1526-d188 @A: 11 16 31 02 | 04
#1527-d188 @A: 29 05 11 31 | 07
#1528-d188 @A: 21 11 17 29 | 11
#1529-d188 @A: 11 17 24 02 | 12
#1530-d188 @A: 11 05 32 10 | 01
#1531-d188 @A: 11 19 10 12 | 09
#1532-d188 @A: 17 32 03 34 | 03
#1533-d188 @A: 03 20 01 34 | 10
#1534-d188 @A: 22 18 02 03 | 08
#1535-d188 @A: 03 19 06 09 | 05
#1536-d188 @A: 06 31 34 32 | 02
#1537-d188 @A: 17 31 25 32 | 06
#1538-d188 @A: 31 19 25 18 | 04
#1539-d188 @A: 25 29 16 19 | 07
#1540-d188 @A: 05 16 34 21 | 11
#1541-d188 @A: 17 20 02 16 | 12
#1542-d188 @A: 16 21 10 24 | 01
#1543-d188 @A: 20 01 05 16 | 09
#1544-d188 @A: 29 21 34 32 | 03
#1545-d188 @A: 12 29 02 20 | 10
#1546-d188 @A: 21 25 29 06 | 08
#1547-d188 @A: 29 21 01 10 | 05
#1548-d188 @A: 22 29 25 10 | 02
#1549-d188 @A: 29 12 18 01 | 06
#1550-d188 @A: 25 34 21 22 | 04
#1551-d188 @A: 17 22 01 21 | 07
#1552-d188 @A: 32 31 08 33 | 11
#1553-d188 @A: 33 29 08 19 | 12
#1554-d188 @A: 33 35 04 06 | 01
#1555-d188 @A: 33 23 21 04 | 09
#1556-d188 @A: 07 01 04 33 | 03
#1557-d188 @A: 04 26 10 33 | 10
#1558-d188 @A: 13 17 04 33 | 08
#1559-d188 @A: 33 35 19 15 | 05
#1560-d188 @A: 10 33 29 35 | 02
#1561-d188 @A: 02 33 14 15 | 06
#1562-d188 @A: 33 14 17 11 | 04
#1563-d188 @A: 33 20 16 14 | 07
#1564-d188 @A: 22 33 14 17 | 11
#1565-d188 @A: 25 27 21 33 | 12
#1566-d188 @A: 33 23 31 20 | 01
#1567-d188 @A: 06 33 23 16 | 09
#1568-d188 @A: 28 07 31 33 | 03
#1569-d188 @A: 05 07 33 25 | 10
#1570-d188 @A: 03 15 33 26 | 08
#1571-d188 @A: 26 09 33 16 | 05
#1572-d188 @A: 26 22 33 29 | 02
#1573-d188 @A: 33 32 01 28 | 06
#1574-d188 @A: 09 13 33 31 | 04
#1575-d188 @A: 33 11 03 18 | 07
#1576-d188 @A: 11 06 31 33 | 11
#1577-d188 @A: 33 31 17 10 | 12
#1578-d188 @A: 33 18 34 16 | 01
#1579-d188 @A: 19 32 33 02 | 09
#1580-d188 @A: 01 33 21 20 | 03
#1581-d188 @A: 06 32 18 33 | 10
#1582-d188 @A: 25 01 33 18 | 08
#1583-d188 @A: 30 35 10 14 | 05
#1584-d188 @A: 02 31 14 30 | 02
#1585-d188 @A: 27 30 07 28 | 06
#1586-d188 @A: 15 34 27 30 | 04
#1587-d188 @A: 31 27 30 26 | 07
#1588-d188 @A: 21 13 27 30 | 11
#1589-d188 @A: 30 26 07 02 | 12
#1590-d188 @A: 29 30 13 06 | 01
#1591-d188 @A: 32 06 30 24 | 09
#1592-d188 @A: 12 19 20 30 | 03
#1593-d188 @A: 20 30 10 06 | 10
#1594-d188 @A: 25 24 35 08 | 08
#1595-d188 @A: 20 08 27 15 | 05
#1596-d188 @A: 09 28 08 27 | 02
#1597-d188 @A: 07 08 09 13 | 06
#1598-d188 @A: 03 13 08 01 | 04
#1599-d188 @A: 08 13 31 25 | 07
#1600-d188 @A: 08 31 09 11 | 11
#1601-d188 @A: 10 11 08 29 | 12
#1602-d188 @A: 05 08 20 11 | 01
#1603-d188 @A: 08 03 19 32 | 09
#1604-d188 @A: 02 08 31 29 | 03
#1605-d188 @A: 08 21 20 34 | 10
#1606-d188 @A: 05 32 08 34 | 08
#1607-d188 @A: 21 18 08 06 | 05
#1608-d188 @A: 08 01 05 09 | 02
#1609-d188 @A: 12 07 04 35 | 06
#1610-d188 @A: 35 26 34 04 | 04
#1611-d188 @A: 04 18 35 31 | 07
#1612-d188 @A: 11 14 24 04 | 11
#1613-d188 @A: 23 04 01 03 | 12
#1614-d188 @A: 16 10 23 04 | 01
#1615-d188 @A: 07 04 25 29 | 09
#1616-d188 @A: 13 04 12 15 | 03
#1617-d188 @A: 04 26 09 31 | 10
#1618-d188 @A: 04 31 28 34 | 08
#1619-d188 @A: 04 13 31 01 | 05
#1620-d188 @A: 04 03 12 34 | 02
#1621-d188 @A: 01 02 34 04 | 06
#1622-d188 @A: 06 05 34 04 | 04
#1623-d188 @A: 02 04 09 22 | 07
#1624-d188 @A: 26 27 19 35 | 11
#1625-d188 @A: 25 35 11 23 | 12
#1626-d188 @A: 16 32 26 35 | 01
#1627-d188 @A: 25 35 28 13 | 09
#1628-d188 @A: 35 02 31 13 | 03
#1629-d188 @A: 02 34 17 35 | 10
#1630-d188 @A: 05 35 18 34 | 08
#1631-d188 @A: 05 35 02 10 | 05
#1632-d188 @A: 35 02 01 32 | 02
#1633-d188 @A: 26 28 14 27 | 06
#1634-d188 @A: 29 01 14 27 | 04
#1635-d188 @A: 11 13 14 05 | 07
#1636-d188 @A: 13 14 22 19 | 11
#1637-d188 @A: 03 14 25 22 | 12
#1638-d188 @A: 20 34 22 14 | 01
#1639-d188 @A: 27 18 09 23 | 09
#1640-d188 @A: 20 07 27 26 | 03
#1641-d188 @A: 27 06 07 13 | 10
#1642-d188 @A: 16 21 27 07 | 08
#1643-d188 @A: 24 15 13 27 | 05
#1644-d188 @A: 05 27 26 13 | 02
#1645-d188 @A: 32 27 05 19 | 06
#1646-d188 @A: 12 13 07 23 | 04
#1647-d188 @A: 31 15 05 23 | 07
#1648-d188 @A: 02 23 29 26 | 11
#1649-d188 @A: 23 11 20 09 | 12
#1650-d188 @A: 03 23 20 22 | 01
#1651-d188 @A: 34 01 23 18 | 09
#1652-d188 @A: 23 20 05 18 | 03
#1653-d188 @A: 17 19 23 05 | 10
#1654-d188 @A: 24 22 23 01 | 08
#1655-d188 @A: 12 23 19 01 | 05
#1656-d188 @A: 28 07 10 26 | 02
#1657-d188 @A: 10 22 07 26 | 06
#1658-d188 @A: 25 07 11 13 | 04
#1659-d188 @A: 09 07 02 31 | 07
#1660-d188 @A: 05 12 07 34 | 11
#1661-d188 @A: 19 17 07 32 | 12
#1662-d188 @A: 29 01 15 31 | 01
#1663-d188 @A: 31 15 24 19 | 09
#1664-d188 @A: 20 15 32 12 | 03
#1665-d188 @A: 10 15 18 22 | 10
#1666-d188 @A: 31 12 26 16 | 08
#1667-d188 @A: 34 09 05 26 | 05
#1668-d188 @A: 34 26 32 18 | 02
#1669-d188 @A: 10 09 25 26 | 06
#1670-d188 @A: 20 05 17 26 | 04
#1671-d188 @A: 10 26 01 32 | 07
#1672-d188 @A: 18 26 12 25 | 11
#1673-d188 @A: 12 10 05 28 | 12
#1674-d188 @A: 32 10 28 24 | 01
#1675-d188 @A: 13 17 16 03 | 09
#1676-d188 @A: 22 17 10 13 | 03
#1677-d188 @A: 16 11 17 19 | 10
#1678-d188 @A: 11 06 05 21 | 08
#1679-d188 @A: 11 32 19 20 | 05
#1680-d188 @A: 03 21 32 06 | 02
#1681-d188 @A: 03 21 10 22 | 06
#1682-d188 @A: 09 03 24 12 | 04
#1683-d188 @A: 24 20 05 03 | 07
#1684-d188 @A: 09 05 31 18 | 11
#1685-d188 @A: 06 20 21 16 | 12
#1686-d188 @A: 16 22 17 05 | 01
#1687-d188 @A: 16 06 01 19 | 09
#1688-d188 @A: 22 21 09 06 | 03
#1689-d188 @A: 20 12 22 17 | 10
