#0001-d214 @A: 17 08 24 01 | 03
#0002-d214 @A: 24 32 20 01 | 06
#0003-d214 @A: 24 17 28 32 | 01
#0004-d214 @A: 02 32 24 25 | 07
#0005-d214 @A: 20 24 10 05 | 11
#0006-d214 @A: 26 03 01 24 | 05
#0007-d214 @A: 26 16 04 24 | 02
#0008-d214 @A: 33 28 24 16 | 04
#0009-d214 @A: 19 25 24 34 | 10
#0010-d214 @A: 33 11 24 22 | 12
#0011-d214 @A: 30 21 02 24 | 09
#0012-d214 @A: 12 24 30 17 | 08
#0013-d214 @A: 09 24 35 17 | 03
#0014-d214 @A: 21 23 24 17 | 06
#0015-d214 @A: 24 21 09 04 | 01
#0016-d214 @A: 14 15 13 08 | 07
#0017-d214 @A: 26 15 06 08 | 11
#0018-d214 @A: 19 34 08 15 | 05
#0019-d214 @A: 27 08 15 23 | 02
#0020-d214 @A: 08 32 02 34 | 04
#0021-d214 @A: 29 25 08 20 | 10
#0022-d214 @A: 05 26 08 27 | 12
#0023-d214 @A: 27 14 08 28 | 09
#0024-d214 @A: 03 31 08 33 | 08
#0025-d214 @A: 29 19 11 08 | 03
#0026-d214 @A: 08 04 18 02 | 06
#0027-d214 @A: 07 01 08 11 | 01
#0028-d214 @A: 08 25 31 06 | 07
#0029-d214 @A: 33 32 15 06 | 11
#0030-d214 @A: 20 15 29 23 | 05
#0031-d214 @A: 15 22 21 13 | 02
#0032-d214 @A: 26 10 04 15 | 04
#0033-d214 @A: 23 28 15 03 | 10
#0034-d214 @A: 11 15 28 35 | 12
#0035-d214 @A: 05 33 09 15 | 09
#0036-d214 @A: 19 03 09 15 | 08
#0037-d214 @A: 19 22 01 15 | 03
#0038-d214 @A: 12 19 25 15 | 06
#0039-d214 @A: 15 35 22 25 | 01
#0040-d214 @A: 04 15 14 30 | 07
#0041-d214 @A: 09 23 34 15 | 11
#0042-d214 @A: 15 04 07 23 | 05
#0043-d214 @A: 32 20 03 28 | 02
#0044-d214 @A: 34 20 32 31 | 04
#0045-d214 @A: 32 14 19 13 | 10
#0046-d214 @A: 32 10 26 19 | 12
#0047-d214 @A: 27 26 04 32 | 09
#0048-d214 @A: 32 02 19 01 | 08
#0049-d214 @A: 33 04 32 30 | 03
#0050-d214 @A: 12 32 22 04 | 06
#0051-d214 @A: 18 22 23 32 | 01
#0052-d214 @A: 02 30 31 32 | 07
#0053-d214 @A: 29 32 10 18 | 11
#0054-d214 @A: 25 07 32 16 | 05
#0055-d214 @A: 10 32 14 23 | 02
#0056-d214 @A: 03 17 20 13 | 04
#0057-d214 @A: 20 13 35 30 | 10
#0058-d214 @A: 20 06 19 26 | 12
#0059-d214 @A: 20 26 30 23 | 09
#0060-d214 @A: 04 31 26 20 | 08
#0061-d214 @A: 05 33 20 14 | 03
#0062-d214 @A: 20 05 30 31 | 06
#0063-d214 @A: 20 22 23 19 | 01
#0064-d214 @A: 22 20 30 27 | 07
#0065-d214 @A: 20 17 07 27 | 11
#0066-d214 @A: 10 31 22 20 | 05
#0067-d214 @A: 30 11 29 20 | 02
#0068-d214 @A: 30 20 12 25 | 04
#0069-d214 @A: 20 18 25 29 | 10
#0070-d214 @A: 06 20 35 17 | 12
#0071-d214 @A: 09 14 20 31 | 09
#0072-d214 @A: 33 13 28 11 | 08
#0073-d214 @A: 34 01 13 05 | 03
#0074-d214 @A: 11 27 03 13 | 06
#0075-d214 @A: 13 34 02 19 | 01
#0076-d214 @A: 29 19 10 13 | 07
#0077-d214 @A: 27 13 29 23 | 11
#0078-d214 @A: 34 30 13 33 | 05
#0079-d214 @A: 31 33 04 13 | 02
#0080-d214 @A: 23 13 30 09 | 04
#0081-d214 @A: 07 14 13 12 | 10
#0082-d214 @A: 17 18 13 10 | 12
#0083-d214 @A: 07 06 25 13 | 09
#0084-d214 @A: 28 29 14 26 | 08
#0085-d214 @A: 31 05 26 03 | 03
#0086-d214 @A: 12 26 23 05 | 06
#0087-d214 @A: 05 26 34 16 | 01
#0088-d214 @A: 33 19 16 26 | 07
#0089-d214 @A: 19 22 21 26 | 11
#0090-d214 @A: 26 04 17 19 | 05
#0091-d214 @A: 26 07 02 27 | 02
#0092-d214 @A: 01 27 26 29 | 04
#0093-d214 @A: 26 06 30 33 | 10
#0094-d214 @A: 07 11 26 12 | 12
#0095-d214 @A: 07 06 16 26 | 09
#0096-d214 @A: 25 16 26 01 | 08
#0097-d214 @A: 05 19 28 07 | 03
#0098-d214 @A: 33 28 30 01 | 06
#0099-d214 @A: 28 22 29 04 | 01
#0100-d214 @A: 29 25 28 23 | 07
#0101-d214 @A: 17 14 07 28 | 11
#0102-d214 @A: 28 25 07 10 | 05
#0103-d214 @A: 25 18 06 28 | 02
#0104-d214 @A: 04 03 05 27 | 04
#0105-d214 @A: 33 34 03 05 | 10
#0106-d214 @A: 04 10 33 05 | 12
#0107-d214 @A: 18 05 22 29 | 09
#0108-d214 @A: 11 05 16 04 | 08
#0109-d214 @A: 11 05 07 10 | 03
#0110-d214 @A: 03 02 09 27 | 06
#0111-d214 @A: 07 03 12 22 | 01
#0112-d214 @A: 09 17 03 34 | 07
#0113-d214 @A: 03 10 16 07 | 11
#0114-d214 @A: 01 03 23 11 | 05
#0115-d214 @A: 18 03 10 31 | 02
#0116-d214 @A: 30 31 19 33 | 04
#0117-d214 @A: 30 19 06 14 | 10
#0118-d214 @A: 21 19 18 23 | 12
#0119-d214 @A: 19 11 17 09 | 09
#0120-d214 @A: 31 09 25 19 | 08
#0121-d214 @A: 04 19 09 01 | 03
#0122-d214 @A: 11 10 19 31 | 06
#0123-d214 @A: 34 10 19 06 | 01
#0124-d214 @A: 27 14 30 02 | 07
#0125-d214 @A: 01 31 27 12 | 11
#0126-d214 @A: 23 27 01 17 | 05
#0127-d214 @A: 31 25 27 04 | 02
#0128-d214 @A: 23 10 34 27 | 04
#0129-d214 @A: 21 25 33 31 | 10
#0130-d214 @A: 33 21 23 34 | 12
#0131-d214 @A: 16 33 14 17 | 09
#0132-d214 @A: 01 33 06 11 | 08
#0133-d214 @A: 22 34 16 09 | 03
#0134-d214 @A: 10 14 04 22 | 06
#0135-d214 @A: 10 25 35 02 | 01
#0136-d214 @A: 02 31 35 06 | 07
#0137-d214 @A: 25 06 23 02 | 11
#0138-d214 @A: 35 30 14 21 | 05
#0139-d214 @A: 30 17 07 09 | 02
#0140-d214 @A: 30 17 31 06 | 04
#0141-d214 @A: 29 06 09 31 | 10
#0142-d214 @A: 18 29 34 16 | 12
#0143-d214 @A: 06 35 04 12 | 09
#0144-d214 @A: 18 31 35 09 | 08
#0145-d214 @A: 04 16 35 18 | 03
#0146-d214 @A: 35 07 18 34 | 06
#0147-d214 @A: 18 06 21 11 | 01
#0148-d214 @A: 08 10 15 24 | 07
#0149-d214 @A: 24 08 29 04 | 11
#0150-d214 @A: 24 33 34 32 | 05
#0151-d214 @A: 35 22 24 32 | 02
#0152-d214 @A: 13 04 02 24 | 04
#0153-d214 @A: 26 31 27 24 | 10
#0154-d214 @A: 22 24 21 28 | 12
#0155-d214 @A: 24 06 28 02 | 09
#0156-d214 @A: 24 27 30 05 | 08
#0157-d214 @A: 24 04 22 03 | 03
#0158-d214 @A: 06 22 27 24 | 06
#0159-d214 @A: 24 27 29 21 | 01
#0160-d214 @A: 33 24 30 09 | 07
#0161-d214 @A: 23 24 31 33 | 11
#0162-d214 @A: 24 22 25 12 | 05
#0163-d214 @A: 21 24 16 34 | 02
#0164-d214 @A: 24 10 16 31 | 04
#0165-d214 @A: 18 11 24 07 | 10
#0166-d214 @A: 24 01 10 07 | 12
#0167-d214 @A: 11 06 34 24 | 09
#0168-d214 @A: 15 08 29 01 | 08
#0169-d214 @A: 11 08 05 28 | 03
#0170-d214 @A: 08 01 28 16 | 06
#0171-d214 @A: 08 05 19 21 | 01
#0172-d214 @A: 08 04 22 05 | 07
#0173-d214 @A: 03 27 08 17 | 11
#0174-d214 @A: 10 08 09 03 | 05
#0175-d214 @A: 35 08 33 27 | 02
#0176-d214 @A: 02 27 01 08 | 04
#0177-d214 @A: 09 22 08 18 | 10
#0178-d214 @A: 08 02 29 10 | 12
#0179-d214 @A: 17 02 14 08 | 09
#0180-d214 @A: 12 06 30 08 | 08
#0181-d214 @A: 23 17 35 08 | 03
#0182-d214 @A: 04 35 08 09 | 06
#0183-d214 @A: 14 10 35 08 | 01
#0184-d214 @A: 31 10 07 08 | 07
#0185-d214 @A: 11 23 08 25 | 11
#0186-d214 @A: 04 15 19 32 | 05
#0187-d214 @A: 32 10 15 11 | 02
#0188-d214 @A: 19 20 10 15 | 04
#0189-d214 @A: 30 15 34 20 | 10
#0190-d214 @A: 15 12 20 09 | 12
#0191-d214 @A: 15 35 03 29 | 09
#0192-d214 @A: 29 14 19 15 | 08
#0193-d214 @A: 27 07 12 15 | 03
#0194-d214 @A: 15 01 35 33 | 06
#0195-d214 @A: 07 35 15 16 | 01
#0196-d214 @A: 15 16 06 17 | 07
#0197-d214 @A: 15 09 01 11 | 11
#0198-d214 @A: 11 15 18 09 | 05
#0199-d214 @A: 16 15 34 11 | 02
#0200-d214 @A: 14 15 06 01 | 04
#0201-d214 @A: 34 06 04 15 | 10
#0202-d214 @A: 32 17 20 26 | 12
#0203-d214 @A: 18 28 19 32 | 09
#0204-d214 @A: 03 32 35 05 | 08
#0205-d214 @A: 32 05 29 01 | 03
#0206-d214 @A: 29 19 21 32 | 06
#0207-d214 @A: 02 10 27 32 | 01
#0208-d214 @A: 02 22 33 32 | 07
#0209-d214 @A: 25 10 22 32 | 11
#0210-d214 @A: 11 25 32 35 | 05
#0211-d214 @A: 32 16 21 11 | 02
#0212-d214 @A: 32 06 09 34 | 04
#0213-d214 @A: 06 16 32 23 | 10
#0214-d214 @A: 31 32 07 06 | 12
#0215-d214 @A: 13 20 18 27 | 09
#0216-d214 @A: 26 03 20 21 | 08
#0217-d214 @A: 26 20 27 16 | 03
#0218-d214 @A: 20 33 26 09 | 06
#0219-d214 @A: 25 28 20 22 | 01
#0220-d214 @A: 11 19 05 20 | 07
#0221-d214 @A: 05 20 35 27 | 11
#0222-d214 @A: 04 20 19 30 | 05
#0223-d214 @A: 20 11 34 27 | 02
#0224-d214 @A: 20 30 21 33 | 04
#0225-d214 @A: 11 33 20 04 | 10
#0226-d214 @A: 21 22 12 20 | 12
#0227-d214 @A: 20 04 01 10 | 09
#0228-d214 @A: 16 26 29 13 | 08
#0229-d214 @A: 22 07 28 13 | 03
#0230-d214 @A: 04 13 28 30 | 06
#0231-d214 @A: 22 05 13 31 | 01
#0232-d214 @A: 21 04 13 05 | 07
#0233-d214 @A: 13 19 22 17 | 11
#0234-d214 @A: 30 13 22 06 | 05
#0235-d214 @A: 13 34 06 14 | 02
#0236-d214 @A: 09 25 26 05 | 04
#0237-d214 @A: 02 26 03 16 | 10
#0238-d214 @A: 26 03 10 29 | 12
#0239-d214 @A: 33 02 21 26 | 09
#0240-d214 @A: 30 26 22 04 | 08
#0241-d214 @A: 31 22 26 09 | 03
#0242-d214 @A: 26 09 30 02 | 06
#0243-d214 @A: 26 18 12 02 | 01
#0244-d214 @A: 10 34 21 26 | 07
#0245-d214 @A: 28 16 03 30 | 11
#0246-d214 @A: 29 28 21 03 | 05
#0247-d214 @A: 09 28 14 22 | 02
#0248-d214 @A: 12 04 28 25 | 04
#0249-d214 @A: 28 07 10 18 | 10
#0250-d214 @A: 28 11 31 34 | 12
#0251-d214 @A: 23 05 34 19 | 09
#0252-d214 @A: 31 02 05 33 | 08
#0253-d214 @A: 30 33 05 16 | 03
#0254-d214 @A: 05 12 31 14 | 06
#0255-d214 @A: 35 34 09 05 | 01
#0256-d214 @A: 05 17 21 18 | 07
#0257-d214 @A: 34 05 07 06 | 11
#0258-d214 @A: 10 03 27 19 | 05
#0259-d214 @A: 29 03 06 27 | 02
#0260-d214 @A: 03 30 33 35 | 04
#0261-d214 @A: 29 03 25 33 | 10
#0262-d214 @A: 07 14 23 03 | 12
#0263-d214 @A: 10 25 01 03 | 09
#0264-d214 @A: 19 34 27 22 | 08
#0265-d214 @A: 19 01 27 30 | 03
#0266-d214 @A: 09 12 33 19 | 06
#0267-d214 @A: 19 33 07 17 | 01
#0268-d214 @A: 34 35 31 19 | 07
#0269-d214 @A: 19 16 23 01 | 11
#0270-d214 @A: 34 10 18 19 | 05
#0271-d214 @A: 22 33 31 27 | 02
#0272-d214 @A: 18 33 27 23 | 04
#0273-d214 @A: 25 02 27 22 | 10
#0274-d214 @A: 18 22 27 31 | 12
#0275-d214 @A: 27 25 30 17 | 09
#0276-d214 @A: 29 27 14 31 | 08
#0277-d214 @A: 35 27 14 07 | 03
#0278-d214 @A: 21 27 16 18 | 06
#0279-d214 @A: 10 01 11 27 | 01
#0280-d214 @A: 27 06 10 14 | 07
#0281-d214 @A: 16 29 06 33 | 11
#0282-d214 @A: 33 16 35 04 | 05
#0283-d214 @A: 11 35 34 33 | 02
#0284-d214 @A: 33 10 31 17 | 04
#0285-d214 @A: 33 18 10 04 | 10
#0286-d214 @A: 22 11 18 02 | 12
#0287-d214 @A: 04 35 07 22 | 09
#0288-d214 @A: 02 34 07 35 | 08
#0289-d214 @A: 14 04 35 02 | 03
#0290-d214 @A: 09 17 02 16 | 06
#0291-d214 @A: 04 31 30 09 | 01
#0292-d214 @A: 30 01 18 23 | 07
#0293-d214 @A: 18 35 29 21 | 11
#0294-d214 @A: 23 35 11 12 | 05
#0295-d214 @A: 06 21 12 01 | 02
#0296-d214 @A: 12 25 31 18 | 04
#0297-d214 @A: 34 31 23 12 | 10
#0298-d214 @A: 18 01 17 09 | 12
#0299-d214 @A: 11 08 24 32 | 09
#0300-d214 @A: 08 05 24 13 | 08
#0301-d214 @A: 08 14 24 03 | 03
#0302-d214 @A: 24 02 26 20 | 06
#0303-d214 @A: 24 07 20 25 | 01
#0304-d214 @A: 24 29 06 26 | 07
#0305-d214 @A: 26 17 25 24 | 11
#0306-d214 @A: 02 05 24 09 | 05
#0307-d214 @A: 19 29 09 24 | 02
#0308-d214 @A: 02 24 27 34 | 04
#0309-d214 @A: 33 24 07 29 | 10
#0310-d214 @A: 01 30 22 24 | 12
#0311-d214 @A: 11 24 02 17 | 09
#0312-d214 @A: 24 21 25 01 | 08
#0313-d214 @A: 31 24 04 06 | 03
#0314-d214 @A: 15 22 07 08 | 06
#0315-d214 @A: 15 12 08 04 | 01
#0316-d214 @A: 11 03 20 08 | 07
#0317-d214 @A: 19 20 08 16 | 11
#0318-d214 @A: 33 17 26 08 | 05
#0319-d214 @A: 26 08 29 09 | 02
#0320-d214 @A: 08 26 25 12 | 04
#0321-d214 @A: 28 18 08 27 | 10
#0322-d214 @A: 34 10 05 08 | 12
#0323-d214 @A: 27 12 29 08 | 09
#0324-d214 @A: 18 08 33 25 | 08
#0325-d214 @A: 25 35 08 07 | 03
#0326-d214 @A: 35 06 08 01 | 06
#0327-d214 @A: 08 04 21 25 | 01
#0328-d214 @A: 18 01 08 16 | 07
#0329-d214 @A: 32 03 15 02 | 11
#0330-d214 @A: 15 20 31 27 | 05
#0331-d214 @A: 34 15 28 13 | 02
#0332-d214 @A: 15 19 26 07 | 04
#0333-d214 @A: 15 31 10 28 | 10
#0334-d214 @A: 17 03 22 15 | 12
#0335-d214 @A: 15 18 16 33 | 09
#0336-d214 @A: 30 01 15 02 | 08
#0337-d214 @A: 17 15 11 07 | 03
#0338-d214 @A: 13 10 32 05 | 06
#0339-d214 @A: 25 32 33 26 | 01
#0340-d214 @A: 28 02 04 32 | 07
#0341-d214 @A: 32 34 11 05 | 11
#0342-d214 @A: 27 31 03 32 | 05
#0343-d214 @A: 16 29 03 32 | 02
#0344-d214 @A: 35 32 30 27 | 04
#0345-d214 @A: 12 27 34 32 | 10
#0346-d214 @A: 31 32 11 33 | 12
#0347-d214 @A: 06 35 10 32 | 09
#0348-d214 @A: 09 21 32 31 | 08
#0349-d214 @A: 32 10 17 07 | 03
#0350-d214 @A: 09 11 07 32 | 06
#0351-d214 @A: 28 02 20 33 | 01
#0352-d214 @A: 31 17 20 28 | 07
#0353-d214 @A: 20 34 02 05 | 11
#0354-d214 @A: 29 04 05 20 | 05
#0355-d214 @A: 34 20 18 05 | 02
#0356-d214 @A: 20 03 27 01 | 04
#0357-d214 @A: 22 03 20 34 | 10
#0358-d214 @A: 19 20 25 02 | 12
#0359-d214 @A: 01 02 29 20 | 09
#0360-d214 @A: 17 09 04 20 | 08
#0361-d214 @A: 16 11 01 20 | 03
#0362-d214 @A: 01 34 20 14 | 06
#0363-d214 @A: 26 33 14 13 | 01
#0364-d214 @A: 23 22 26 13 | 07
#0365-d214 @A: 03 13 05 23 | 11
#0366-d214 @A: 35 33 13 05 | 05
#0367-d214 @A: 16 03 13 19 | 02
#0368-d214 @A: 13 10 03 33 | 04
#0369-d214 @A: 03 30 14 13 | 10
#0370-d214 @A: 13 19 11 12 | 12
#0371-d214 @A: 27 13 31 30 | 09
#0372-d214 @A: 16 22 13 33 | 08
#0373-d214 @A: 13 07 10 30 | 03
#0374-d214 @A: 31 23 13 25 | 06
#0375-d214 @A: 31 18 13 23 | 01
#0376-d214 @A: 27 26 28 06 | 07
#0377-d214 @A: 27 10 25 26 | 11
#0378-d214 @A: 26 30 01 12 | 05
#0379-d214 @A: 29 21 26 11 | 02
#0380-d214 @A: 07 31 17 26 | 04
#0381-d214 @A: 25 04 07 26 | 10
#0382-d214 @A: 31 14 11 26 | 12
#0383-d214 @A: 09 03 11 28 | 09
#0384-d214 @A: 19 28 10 33 | 08
#0385-d214 @A: 04 28 33 27 | 03
#0386-d214 @A: 16 29 28 27 | 06
#0387-d214 @A: 35 31 28 33 | 01
#0388-d214 @A: 16 07 28 02 | 07
#0389-d214 @A: 16 09 28 25 | 11
#0390-d214 @A: 04 28 01 14 | 05
#0391-d214 @A: 19 18 05 31 | 02
#0392-d214 @A: 05 34 29 27 | 04
#0393-d214 @A: 12 27 05 16 | 10
#0394-d214 @A: 05 35 30 29 | 12
#0395-d214 @A: 05 25 06 35 | 09
#0396-d214 @A: 07 25 05 17 | 08
#0397-d214 @A: 29 03 19 18 | 03
#0398-d214 @A: 02 07 03 21 | 06
#0399-d214 @A: 23 12 25 03 | 01
#0400-d214 @A: 09 03 16 06 | 07
#0401-d214 @A: 03 34 04 16 | 11
#0402-d214 @A: 22 30 11 19 | 05
#0403-d214 @A: 35 12 19 22 | 02
#0404-d214 @A: 17 19 02 21 | 04
#0405-d214 @A: 10 01 12 19 | 10
#0406-d214 @A: 14 10 17 19 | 12
#0407-d214 @A: 10 19 04 16 | 09
#0408-d214 @A: 33 30 07 27 | 08
#0409-d214 @A: 21 27 17 16 | 03
#0410-d214 @A: 14 27 16 09 | 06
#0411-d214 @A: 07 31 11 27 | 01
#0412-d214 @A: 04 23 27 14 | 07
#0413-d214 @A: 02 12 33 25 | 11
#0414-d214 @A: 23 33 17 06 | 05
#0415-d214 @A: 09 14 11 33 | 02
#0416-d214 @A: 09 33 34 31 | 04
#0417-d214 @A: 33 16 31 01 | 10
#0418-d214 @A: 22 12 34 17 | 12
#0419-d214 @A: 04 21 31 22 | 09
#0420-d214 @A: 22 04 01 11 | 08
#0421-d214 @A: 12 30 11 02 | 03
#0422-d214 @A: 18 02 35 06 | 06
#0423-d214 @A: 10 23 02 21 | 01
#0424-d214 @A: 31 23 02 14 | 07
#0425-d214 @A: 29 18 30 07 | 11
#0426-d214 @A: 01 35 07 30 | 05
#0427-d214 @A: 21 06 30 16 | 02
#0428-d214 @A: 10 30 11 21 | 04
#0429-d214 @A: 30 10 16 09 | 10
#0430-d214 @A: 30 16 25 14 | 12
#0431-d214 @A: 29 31 12 21 | 09
#0432-d214 @A: 29 12 16 23 | 08
#0433-d214 @A: 21 09 29 01 | 03
#0434-d214 @A: 29 23 31 10 | 06
#0435-d214 @A: 01 18 29 31 | 01
#0436-d214 @A: 18 12 01 35 | 07
#0437-d214 @A: 12 34 09 21 | 11
#0438-d214 @A: 09 07 12 31 | 05
#0439-d214 @A: 09 10 12 14 | 02
#0440-d214 @A: 23 04 18 35 | 04
#0441-d214 @A: 18 01 06 09 | 10
#0442-d214 @A: 25 11 16 18 | 12
#0443-d214 @A: 08 24 26 21 | 09
#0444-d214 @A: 32 24 15 21 | 08
#0445-d214 @A: 23 24 15 22 | 03
#0446-d214 @A: 31 15 24 25 | 06
#0447-d214 @A: 35 24 27 13 | 01
#0448-d214 @A: 13 33 25 24 | 07
#0449-d214 @A: 03 09 24 31 | 11
#0450-d214 @A: 04 24 07 27 | 05
#0451-d214 @A: 29 24 18 02 | 02
#0452-d214 @A: 12 21 35 24 | 04
#0453-d214 @A: 25 24 09 11 | 10
#0454-d214 @A: 24 23 09 18 | 12
#0455-d214 @A: 18 08 15 23 | 09
#0456-d214 @A: 09 08 27 20 | 08
#0457-d214 @A: 22 08 13 35 | 03
#0458-d214 @A: 18 13 29 08 | 06
#0459-d214 @A: 08 22 26 34 | 01
#0460-d214 @A: 02 08 28 21 | 07
#0461-d214 @A: 29 07 03 08 | 11
#0462-d214 @A: 29 30 08 16 | 05
#0463-d214 @A: 08 21 29 35 | 02
#0464-d214 @A: 08 12 21 11 | 04
#0465-d214 @A: 06 12 08 18 | 10
#0466-d214 @A: 16 08 17 31 | 12
#0467-d214 @A: 31 04 08 34 | 09
#0468-d214 @A: 13 15 06 20 | 08
#0469-d214 @A: 02 20 15 17 | 03
#0470-d214 @A: 17 26 15 13 | 06
#0471-d214 @A: 15 16 13 01 | 01
#0472-d214 @A: 15 21 26 05 | 07
#0473-d214 @A: 15 29 07 28 | 11
#0474-d214 @A: 15 19 21 16 | 05
#0475-d214 @A: 27 02 21 15 | 02
#0476-d214 @A: 06 15 29 30 | 04
#0477-d214 @A: 06 15 30 18 | 10
#0478-d214 @A: 29 17 15 34 | 12
#0479-d214 @A: 31 15 35 09 | 09
#0480-d214 @A: 15 14 23 11 | 08
#0481-d214 @A: 13 04 32 03 | 03
#0482-d214 @A: 13 21 32 27 | 06
#0483-d214 @A: 22 32 11 13 | 01
#0484-d214 @A: 32 35 29 26 | 07
#0485-d214 @A: 32 16 02 05 | 11
#0486-d214 @A: 18 05 06 32 | 05
#0487-d214 @A: 32 03 06 01 | 02
#0488-d214 @A: 32 01 27 22 | 04
#0489-d214 @A: 32 35 18 33 | 10
#0490-d214 @A: 02 32 21 12 | 12
#0491-d214 @A: 35 02 32 23 | 09
#0492-d214 @A: 30 14 12 32 | 08
#0493-d214 @A: 25 04 32 34 | 03
#0494-d214 @A: 02 20 27 13 | 06
#0495-d214 @A: 26 14 25 20 | 01
#0496-d214 @A: 20 28 06 29 | 07
#0497-d214 @A: 22 03 18 20 | 11
#0498-d214 @A: 20 29 10 27 | 05
#0499-d214 @A: 22 16 02 20 | 02
#0500-d214 @A: 21 14 02 20 | 04
#0501-d214 @A: 12 16 06 20 | 10
#0502-d214 @A: 20 35 01 09 | 12
#0503-d214 @A: 35 20 14 23 | 09
#0504-d214 @A: 23 01 21 20 | 08
#0505-d214 @A: 34 20 17 16 | 03
#0506-d214 @A: 18 07 20 04 | 06
#0507-d214 @A: 19 26 27 13 | 01
#0508-d214 @A: 17 05 28 13 | 07
#0509-d214 @A: 28 03 13 31 | 11
#0510-d214 @A: 29 13 05 06 | 05
#0511-d214 @A: 05 18 13 04 | 02
#0512-d214 @A: 22 18 13 30 | 04
#0513-d214 @A: 22 12 01 13 | 10
#0514-d214 @A: 13 02 21 06 | 12
#0515-d214 @A: 18 14 13 35 | 09
#0516-d214 @A: 13 25 21 09 | 08
#0517-d214 @A: 13 06 11 16 | 03
#0518-d214 @A: 31 07 13 01 | 06
#0519-d214 @A: 30 28 26 25 | 01
#0520-d214 @A: 26 28 01 18 | 07
#0521-d214 @A: 05 01 33 26 | 11
#0522-d214 @A: 23 03 27 26 | 05
#0523-d214 @A: 34 19 09 26 | 02
#0524-d214 @A: 17 27 26 35 | 04
#0525-d214 @A: 11 16 23 26 | 10
#0526-d214 @A: 07 26 34 23 | 12
#0527-d214 @A: 26 04 34 01 | 09
#0528-d214 @A: 28 33 23 05 | 08
#0529-d214 @A: 10 12 28 03 | 03
#0530-d214 @A: 27 11 28 12 | 06
#0531-d214 @A: 18 29 33 28 | 01
#0532-d214 @A: 14 28 02 18 | 07
#0533-d214 @A: 28 09 30 29 | 11
#0534-d214 @A: 28 21 34 30 | 05
#0535-d214 @A: 21 28 18 30 | 02
#0536-d214 @A: 28 11 17 30 | 04
#0537-d214 @A: 34 18 12 28 | 10
#0538-d214 @A: 04 28 17 21 | 12
#0539-d214 @A: 28 14 10 16 | 09
#0540-d214 @A: 18 11 28 04 | 08
#0541-d214 @A: 22 02 07 05 | 03
#0542-d214 @A: 21 35 10 05 | 06
#0543-d214 @A: 21 34 05 25 | 01
#0544-d214 @A: 05 21 31 01 | 07
#0545-d214 @A: 31 09 05 16 | 11
#0546-d214 @A: 34 05 04 14 | 05
#0547-d214 @A: 14 03 12 19 | 02
#0548-d214 @A: 31 35 22 03 | 04
#0549-d214 @A: 30 03 34 02 | 10
#0550-d214 @A: 17 03 21 35 | 12
#0551-d214 @A: 14 21 06 03 | 09
#0552-d214 @A: 03 31 04 14 | 08
#0553-d214 @A: 29 19 30 23 | 03
#0554-d214 @A: 12 34 19 30 | 06
#0555-d214 @A: 10 19 09 21 | 01
#0556-d214 @A: 19 09 23 07 | 07
#0557-d214 @A: 23 11 19 06 | 11
#0558-d214 @A: 27 29 18 17 | 05
#0559-d214 @A: 04 27 09 10 | 02
#0560-d214 @A: 33 02 21 18 | 04
#0561-d214 @A: 23 16 09 33 | 10
#0562-d214 @A: 12 30 22 16 | 12
#0563-d214 @A: 22 21 34 11 | 09
#0564-d214 @A: 04 22 17 06 | 08
#0565-d214 @A: 29 25 04 02 | 03
#0566-d214 @A: 09 11 23 02 | 06
#0567-d214 @A: 25 01 14 02 | 01
#0568-d214 @A: 12 35 10 30 | 07
#0569-d214 @A: 01 21 17 30 | 11
#0570-d214 @A: 16 10 30 18 | 05
#0571-d214 @A: 34 30 04 10 | 02
#0572-d214 @A: 07 35 06 29 | 04
#0573-d214 @A: 14 29 01 17 | 10
#0574-d214 @A: 16 10 29 11 | 12
#0575-d214 @A: 29 07 23 01 | 09
#0576-d214 @A: 11 29 25 34 | 08
#0577-d214 @A: 12 07 21 25 | 03
#0578-d214 @A: 14 21 18 12 | 06
#0579-d214 @A: 04 12 23 10 | 01
#0580-d214 @A: 06 10 31 12 | 07
#0581-d214 @A: 31 16 06 18 | 11
#0582-d214 @A: 25 28 24 08 | 05
#0583-d214 @A: 27 24 08 19 | 02
#0584-d214 @A: 16 03 15 24 | 04
#0585-d214 @A: 12 24 06 15 | 10
#0586-d214 @A: 18 14 32 24 | 12
#0587-d214 @A: 20 24 18 33 | 09
#0588-d214 @A: 31 24 20 12 | 08
#0589-d214 @A: 24 27 10 28 | 03
#0590-d214 @A: 33 03 17 24 | 06
#0591-d214 @A: 11 24 03 12 | 01
#0592-d214 @A: 18 24 09 03 | 07
#0593-d214 @A: 24 19 12 18 | 11
#0594-d214 @A: 02 33 14 24 | 05
#0595-d214 @A: 29 24 02 16 | 02
#0596-d214 @A: 29 25 24 30 | 04
#0597-d214 @A: 03 15 25 08 | 10
#0598-d214 @A: 15 08 16 33 | 12
#0599-d214 @A: 32 08 20 04 | 09
#0600-d214 @A: 08 13 07 27 | 08
#0601-d214 @A: 08 26 14 16 | 03
#0602-d214 @A: 08 17 28 29 | 06
#0603-d214 @A: 01 04 03 08 | 01
#0604-d214 @A: 31 08 19 12 | 07
#0605-d214 @A: 17 08 19 18 | 11
#0606-d214 @A: 10 08 30 27 | 05
#0607-d214 @A: 08 34 27 25 | 02
#0608-d214 @A: 33 08 04 14 | 04
#0609-d214 @A: 07 02 30 08 | 10
#0610-d214 @A: 14 30 18 08 | 12
#0611-d214 @A: 08 35 31 11 | 09
#0612-d214 @A: 09 08 11 16 | 08
#0613-d214 @A: 01 08 09 34 | 03
#0614-d214 @A: 22 20 32 15 | 06
#0615-d214 @A: 15 13 27 33 | 01
#0616-d214 @A: 02 28 15 22 | 07
#0617-d214 @A: 15 05 22 06 | 11
#0618-d214 @A: 30 15 17 19 | 05
#0619-d214 @A: 29 25 27 15 | 02
#0620-d214 @A: 15 27 34 18 | 04
#0621-d214 @A: 15 22 29 10 | 10
#0622-d214 @A: 07 15 06 02 | 12
#0623-d214 @A: 15 12 17 23 | 09
#0624-d214 @A: 01 34 25 15 | 08
#0625-d214 @A: 10 30 20 32 | 03
#0626-d214 @A: 32 21 25 20 | 06
#0627-d214 @A: 27 28 23 32 | 01
#0628-d214 @A: 03 14 34 32 | 07
#0629-d214 @A: 19 06 32 22 | 11
#0630-d214 @A: 07 30 32 22 | 05
#0631-d214 @A: 22 23 32 21 | 02
#0632-d214 @A: 29 34 30 32 | 04
#0633-d214 @A: 21 32 04 35 | 10
#0634-d214 @A: 04 11 32 06 | 12
#0635-d214 @A: 33 20 23 13 | 09
#0636-d214 @A: 05 25 20 03 | 08
#0637-d214 @A: 12 20 05 01 | 03
#0638-d214 @A: 20 05 17 21 | 06
#0639-d214 @A: 19 03 20 31 | 01
#0640-d214 @A: 14 19 20 27 | 07
#0641-d214 @A: 33 20 01 17 | 11
#0642-d214 @A: 12 10 02 20 | 05
#0643-d214 @A: 02 11 20 35 | 02
#0644-d214 @A: 20 35 18 30 | 04
#0645-d214 @A: 34 03 13 26 | 10
#0646-d214 @A: 19 13 04 35 | 12
#0647-d214 @A: 09 19 13 18 | 09
#0648-d214 @A: 29 02 31 13 | 08
#0649-d214 @A: 02 12 23 13 | 03
#0650-d214 @A: 25 18 02 13 | 06
#0651-d214 @A: 13 35 21 07 | 01
#0652-d214 @A: 23 13 06 35 | 07
#0653-d214 @A: 17 13 14 25 | 11
#0654-d214 @A: 04 01 17 13 | 05
#0655-d214 @A: 13 14 04 09 | 02
#0656-d214 @A: 14 10 13 11 | 04
#0657-d214 @A: 10 34 13 25 | 10
#0658-d214 @A: 13 23 01 14 | 12
#0659-d214 @A: 28 33 07 26 | 09
#0660-d214 @A: 28 01 22 26 | 08
#0661-d214 @A: 10 26 28 09 | 03
#0662-d214 @A: 06 26 05 04 | 06
#0663-d214 @A: 03 06 26 22 | 01
#0664-d214 @A: 31 19 02 26 | 07
#0665-d214 @A: 12 19 29 26 | 11
#0666-d214 @A: 27 21 26 12 | 05
#0667-d214 @A: 33 26 29 04 | 02
#0668-d214 @A: 06 26 02 10 | 04
#0669-d214 @A: 01 14 26 35 | 10
#0670-d214 @A: 21 25 23 26 | 12
#0671-d214 @A: 01 09 26 17 | 09
#0672-d214 @A: 06 18 26 34 | 08
#0673-d214 @A: 05 02 28 01 | 03
#0674-d214 @A: 10 28 29 05 | 06
#0675-d214 @A: 28 02 30 23 | 01
#0676-d214 @A: 28 07 21 09 | 07
#0677-d214 @A: 09 06 28 17 | 11
#0678-d214 @A: 17 16 28 23 | 05
#0679-d214 @A: 34 28 17 25 | 02
#0680-d214 @A: 02 17 05 03 | 04
#0681-d214 @A: 10 19 02 05 | 10
#0682-d214 @A: 11 27 05 09 | 12
#0683-d214 @A: 07 30 05 12 | 09
#0684-d214 @A: 25 30 11 05 | 08
#0685-d214 @A: 05 17 09 14 | 03
#0686-d214 @A: 30 03 19 07 | 06
#0687-d214 @A: 06 33 03 02 | 01
#0688-d214 @A: 30 03 04 12 | 07
#0689-d214 @A: 09 03 01 07 | 11
#0690-d214 @A: 06 34 23 03 | 05
#0691-d214 @A: 22 25 19 07 | 02
#0692-d214 @A: 17 19 25 35 | 04
#0693-d214 @A: 11 35 14 19 | 10
#0694-d214 @A: 11 19 07 21 | 12
#0695-d214 @A: 16 19 07 18 | 09
#0696-d214 @A: 16 34 19 14 | 08
#0697-d214 @A: 19 34 04 11 | 03
#0698-d214 @A: 04 30 29 27 | 06
#0699-d214 @A: 30 34 27 16 | 01
#0700-d214 @A: 35 11 27 21 | 07
#0701-d214 @A: 27 04 21 34 | 11
#0702-d214 @A: 06 01 27 16 | 05
#0703-d214 @A: 01 18 33 22 | 02
#0704-d214 @A: 09 35 33 10 | 04
#0705-d214 @A: 04 01 21 33 | 10
#0706-d214 @A: 17 09 33 25 | 12
#0707-d214 @A: 09 06 33 04 | 09
#0708-d214 @A: 07 14 33 34 | 08
#0709-d214 @A: 33 06 14 31 | 03
#0710-d214 @A: 35 30 22 02 | 06
#0711-d214 @A: 22 21 02 01 | 01
#0712-d214 @A: 34 04 02 22 | 07
#0713-d214 @A: 06 22 18 07 | 11
#0714-d214 @A: 22 25 23 34 | 05
#0715-d214 @A: 04 18 14 22 | 02
#0716-d214 @A: 22 06 23 31 | 04
#0717-d214 @A: 30 17 02 29 | 10
#0718-d214 @A: 09 31 10 02 | 12
#0719-d214 @A: 14 16 02 11 | 09
#0720-d214 @A: 30 01 29 10 | 08
#0721-d214 @A: 35 30 17 34 | 03
#0722-d214 @A: 29 35 14 12 | 06
#0723-d214 @A: 34 35 23 29 | 01
#0724-d214 @A: 29 34 21 14 | 07
#0725-d214 @A: 29 21 06 23 | 11
#0726-d214 @A: 17 07 29 04 | 05
#0727-d214 @A: 29 17 10 06 | 02
#0728-d214 @A: 14 23 29 09 | 04
#0729-d214 @A: 18 14 11 29 | 10
#0730-d214 @A: 16 31 12 35 | 12
#0731-d214 @A: 31 12 17 04 | 09
#0732-d214 @A: 11 25 31 12 | 08
#0733-d214 @A: 08 31 02 24 | 03
#0734-d214 @A: 12 23 08 24 | 06
#0735-d214 @A: 07 08 09 24 | 01
#0736-d214 @A: 09 15 24 13 | 07
#0737-d214 @A: 15 24 04 01 | 11
#0738-d214 @A: 24 04 32 05 | 05
#0739-d214 @A: 07 32 24 12 | 02
#0740-d214 @A: 20 24 03 06 | 04
#0741-d214 @A: 27 26 24 18 | 10
#0742-d214 @A: 24 26 07 22 | 12
#0743-d214 @A: 19 11 24 28 | 09
#0744-d214 @A: 24 12 28 09 | 08
#0745-d214 @A: 24 05 01 19 | 03
#0746-d214 @A: 05 24 17 22 | 06
#0747-d214 @A: 24 14 05 35 | 01
#0748-d214 @A: 06 05 23 24 | 07
#0749-d214 @A: 24 02 03 19 | 11
#0750-d214 @A: 30 03 24 23 | 05
#0751-d214 @A: 12 04 24 33 | 02
#0752-d214 @A: 11 30 04 24 | 04
#0753-d214 @A: 24 35 10 29 | 10
#0754-d214 @A: 06 24 16 35 | 12
#0755-d214 @A: 04 34 24 35 | 09
#0756-d214 @A: 14 21 10 24 | 08
#0757-d214 @A: 10 23 11 24 | 03
#0758-d214 @A: 08 28 15 09 | 06
#0759-d214 @A: 15 08 30 31 | 01
#0760-d214 @A: 28 20 35 08 | 07
#0761-d214 @A: 01 30 20 08 | 11
#0762-d214 @A: 08 04 26 02 | 05
#0763-d214 @A: 08 28 33 34 | 02
#0764-d214 @A: 05 08 03 16 | 04
#0765-d214 @A: 12 08 05 35 | 10
#0766-d214 @A: 09 08 30 25 | 12
#0767-d214 @A: 06 16 08 10 | 09
#0768-d214 @A: 14 23 08 06 | 08
#0769-d214 @A: 15 23 13 32 | 03
#0770-d214 @A: 28 25 32 15 | 06
#0771-d214 @A: 32 30 16 15 | 01
#0772-d214 @A: 17 32 09 15 | 07
#0773-d214 @A: 29 15 04 13 | 11
#0774-d214 @A: 26 33 23 15 | 05
#0775-d214 @A: 31 15 29 26 | 02
#0776-d214 @A: 12 28 15 14 | 04
#0777-d214 @A: 03 10 15 30 | 10
#0778-d214 @A: 06 31 03 15 | 12
#0779-d214 @A: 14 17 35 15 | 09
#0780-d214 @A: 15 21 17 31 | 08
#0781-d214 @A: 18 15 14 01 | 03
#0782-d214 @A: 20 06 32 27 | 06
#0783-d214 @A: 14 32 29 20 | 01
#0784-d214 @A: 06 13 32 28 | 07
#0785-d214 @A: 22 34 28 32 | 11
#0786-d214 @A: 19 32 25 27 | 05
#0787-d214 @A: 32 29 11 27 | 02
#0788-d214 @A: 02 29 32 07 | 04
#0789-d214 @A: 17 32 18 12 | 10
#0790-d214 @A: 10 32 34 16 | 12
#0791-d214 @A: 10 04 32 31 | 09
#0792-d214 @A: 29 13 20 21 | 08
#0793-d214 @A: 21 28 20 27 | 03
#0794-d214 @A: 20 03 30 09 | 06
#0795-d214 @A: 10 14 03 20 | 01
#0796-d214 @A: 30 14 17 20 | 07
#0797-d214 @A: 17 20 25 23 | 11
#0798-d214 @A: 20 34 09 07 | 05
#0799-d214 @A: 09 20 25 10 | 02
#0800-d214 @A: 10 20 07 23 | 04
#0801-d214 @A: 23 34 20 04 | 10
#0802-d214 @A: 28 21 26 13 | 12
#0803-d214 @A: 26 31 06 13 | 09
#0804-d214 @A: 29 35 28 13 | 08
#0805-d214 @A: 22 13 27 10 | 03
#0806-d214 @A: 21 12 13 33 | 06
#0807-d214 @A: 16 02 13 35 | 01
#0808-d214 @A: 16 30 17 13 | 07
#0809-d214 @A: 13 07 12 18 | 11
#0810-d214 @A: 09 11 13 31 | 05
#0811-d214 @A: 29 26 17 05 | 02
#0812-d214 @A: 03 26 11 33 | 04
#0813-d214 @A: 22 35 26 33 | 10
#0814-d214 @A: 22 10 26 12 | 12
#0815-d214 @A: 35 34 06 26 | 09
#0816-d214 @A: 07 10 14 26 | 08
#0817-d214 @A: 31 34 26 25 | 03
#0818-d214 @A: 26 23 01 06 | 06
#0819-d214 @A: 28 27 03 07 | 01
#0820-d214 @A: 30 19 28 35 | 07
#0821-d214 @A: 31 12 30 28 | 11
#0822-d214 @A: 21 25 35 28 | 05
#0823-d214 @A: 35 06 14 28 | 02
#0824-d214 @A: 21 11 23 28 | 04
#0825-d214 @A: 19 25 29 05 | 10
#0826-d214 @A: 05 33 17 12 | 12
#0827-d214 @A: 18 07 05 33 | 09
#0828-d214 @A: 02 05 06 12 | 08
#0829-d214 @A: 05 16 18 09 | 03
#0830-d214 @A: 10 05 18 14 | 06
#0831-d214 @A: 14 03 01 22 | 01
#0832-d214 @A: 01 35 03 02 | 07
#0833-d214 @A: 02 10 11 03 | 11
#0834-d214 @A: 03 11 25 21 | 05
#0835-d214 @A: 25 16 17 03 | 02
#0836-d214 @A: 11 03 34 07 | 04
#0837-d214 @A: 03 25 04 06 | 10
#0838-d214 @A: 27 12 19 06 | 12
#0839-d214 @A: 33 29 35 19 | 09
#0840-d214 @A: 22 09 02 19 | 08
#0841-d214 @A: 19 07 12 02 | 03
#0842-d214 @A: 29 19 31 01 | 06
#0843-d214 @A: 25 16 19 11 | 01
#0844-d214 @A: 19 01 07 14 | 07
#0845-d214 @A: 09 33 29 27 | 11
#0846-d214 @A: 09 27 22 35 | 05
#0847-d214 @A: 27 17 12 02 | 02
#0848-d214 @A: 27 02 11 06 | 04
#0849-d214 @A: 31 27 23 16 | 10
#0850-d214 @A: 25 07 23 27 | 12
#0851-d214 @A: 25 01 27 18 | 09
#0852-d214 @A: 33 22 10 23 | 08
#0853-d214 @A: 14 30 29 33 | 03
#0854-d214 @A: 30 33 18 12 | 06
#0855-d214 @A: 34 04 33 17 | 01
#0856-d214 @A: 29 22 30 21 | 07
#0857-d214 @A: 22 23 14 30 | 11
#0858-d214 @A: 22 21 07 18 | 05
#0859-d214 @A: 14 06 22 07 | 02
#0860-d214 @A: 02 10 14 34 | 04
#0861-d214 @A: 01 02 31 04 | 10
#0862-d214 @A: 09 35 30 06 | 12
#0863-d214 @A: 11 16 35 30 | 09
#0864-d214 @A: 07 30 11 14 | 08
#0865-d214 @A: 30 25 10 06 | 03
#0866-d214 @A: 12 25 06 29 | 06
#0867-d214 @A: 14 29 11 06 | 01
#0868-d214 @A: 04 29 18 06 | 07
#0869-d214 @A: 14 12 21 23 | 11
#0870-d214 @A: 09 18 14 25 | 05
#0871-d214 @A: 34 20 08 24 | 02
#0872-d214 @A: 21 18 24 08 | 04
#0873-d214 @A: 24 29 15 11 | 10
#0874-d214 @A: 09 27 32 24 | 12
#0875-d214 @A: 28 13 24 23 | 09
#0876-d214 @A: 13 21 24 03 | 08
#0877-d214 @A: 13 07 19 24 | 03
#0878-d214 @A: 34 13 18 24 | 06
#0879-d214 @A: 35 19 24 26 | 01
#0880-d214 @A: 05 33 21 24 | 07
#0881-d214 @A: 25 18 24 05 | 11
#0882-d214 @A: 29 24 03 34 | 05
#0883-d214 @A: 24 14 19 22 | 02
#0884-d214 @A: 24 19 30 10 | 04
#0885-d214 @A: 19 17 06 24 | 10
#0886-d214 @A: 24 23 02 07 | 12
#0887-d214 @A: 34 24 30 31 | 09
#0888-d214 @A: 34 09 24 14 | 08
#0889-d214 @A: 32 19 17 08 | 03
#0890-d214 @A: 08 12 10 32 | 06
#0891-d214 @A: 28 10 13 08 | 01
#0892-d214 @A: 13 06 09 08 | 07
#0893-d214 @A: 08 12 07 28 | 11
#0894-d214 @A: 08 05 07 33 | 05
#0895-d214 @A: 08 02 25 05 | 02
#0896-d214 @A: 31 05 29 08 | 04
#0897-d214 @A: 01 10 08 21 | 10
#0898-d214 @A: 15 20 26 01 | 12
#0899-d214 @A: 28 15 16 20 | 09
#0900-d214 @A: 05 13 25 15 | 08
#0901-d214 @A: 15 22 11 26 | 03
#0902-d214 @A: 28 06 19 15 | 06
#0903-d214 @A: 29 16 15 05 | 01
#0904-d214 @A: 19 02 15 23 | 07
#0905-d214 @A: 33 04 15 02 | 11
#0906-d214 @A: 11 33 15 12 | 05
#0907-d214 @A: 15 22 14 16 | 02
#0908-d214 @A: 12 15 30 21 | 04
#0909-d214 @A: 18 29 12 15 | 10
#0910-d214 @A: 15 23 35 21 | 12
#0911-d214 @A: 11 21 15 06 | 09
#0912-d214 @A: 17 15 25 04 | 08
#0913-d214 @A: 33 16 32 20 | 03
#0914-d214 @A: 02 20 09 32 | 06
#0915-d214 @A: 31 13 12 32 | 01
#0916-d214 @A: 12 26 06 32 | 07
#0917-d214 @A: 16 19 32 28 | 11
#0918-d214 @A: 25 30 03 32 | 05
#0919-d214 @A: 12 03 17 32 | 02
#0920-d214 @A: 30 19 32 09 | 04
#0921-d214 @A: 14 17 32 21 | 10
#0922-d214 @A: 18 32 09 21 | 12
#0923-d214 @A: 16 04 17 32 | 09
#0924-d214 @A: 01 23 32 04 | 08
#0925-d214 @A: 34 20 13 12 | 03
#0926-d214 @A: 20 18 26 11 | 06
#0927-d214 @A: 20 28 19 01 | 01
#0928-d214 @A: 20 12 23 28 | 07
#0929-d214 @A: 25 20 33 27 | 11
#0930-d214 @A: 35 22 20 29 | 05
#0931-d214 @A: 22 14 20 11 | 02
#0932-d214 @A: 20 12 18 16 | 04
#0933-d214 @A: 21 20 35 34 | 10
#0934-d214 @A: 16 10 20 35 | 12
#0935-d214 @A: 11 10 20 17 | 09
#0936-d214 @A: 27 13 14 05 | 08
#0937-d214 @A: 12 13 05 09 | 03
#0938-d214 @A: 06 12 03 13 | 06
#0939-d214 @A: 29 13 17 33 | 01
#0940-d214 @A: 29 13 07 11 | 07
#0941-d214 @A: 16 21 14 13 | 11
#0942-d214 @A: 01 11 19 26 | 05
#0943-d214 @A: 33 34 27 26 | 02
#0944-d214 @A: 26 12 02 14 | 04
#0945-d214 @A: 29 26 30 07 | 10
#0946-d214 @A: 09 26 35 07 | 12
#0947-d214 @A: 16 09 26 21 | 09
#0948-d214 @A: 26 10 31 01 | 08
#0949-d214 @A: 31 18 28 03 | 03
#0950-d214 @A: 28 06 33 25 | 06
#0951-d214 @A: 07 01 28 06 | 01
#0952-d214 @A: 11 25 28 01 | 07
#0953-d214 @A: 03 21 12 05 | 11
#0954-d214 @A: 30 05 34 22 | 05
#0955-d214 @A: 09 01 05 22 | 02
#0956-d214 @A: 05 14 07 29 | 04
#0957-d214 @A: 04 17 35 05 | 10
#0958-d214 @A: 34 17 31 05 | 12
#0959-d214 @A: 09 05 10 23 | 09
#0960-d214 @A: 14 23 25 05 | 08
#0961-d214 @A: 10 25 05 31 | 03
#0962-d214 @A: 02 03 18 27 | 06
#0963-d214 @A: 17 23 03 29 | 01
#0964-d214 @A: 03 11 04 35 | 07
#0965-d214 @A: 03 21 01 16 | 11
#0966-d214 @A: 09 25 14 03 | 05
#0967-d214 @A: 16 03 14 18 | 02
#0968-d214 @A: 27 35 19 23 | 04
#0969-d214 @A: 27 07 19 16 | 10
#0970-d214 @A: 35 07 10 19 | 12
#0971-d214 @A: 19 31 17 23 | 09
#0972-d214 @A: 27 09 12 30 | 08
#0973-d214 @A: 27 25 35 16 | 03
#0974-d214 @A: 35 31 27 10 | 06
#0975-d214 @A: 01 07 34 27 | 01
#0976-d214 @A: 06 10 18 27 | 07
#0977-d214 @A: 12 14 22 33 | 11
#0978-d214 @A: 21 33 17 11 | 05
#0979-d214 @A: 10 07 33 06 | 02
#0980-d214 @A: 33 04 25 23 | 04
#0981-d214 @A: 02 22 31 11 | 10
#0982-d214 @A: 06 22 29 34 | 12
#0983-d214 @A: 22 21 09 06 | 09
#0984-d214 @A: 25 22 14 21 | 08
#0985-d214 @A: 25 22 09 04 | 03
#0986-d214 @A: 17 18 31 02 | 06
#0987-d214 @A: 02 09 25 34 | 01
#0988-d214 @A: 02 01 09 06 | 07
#0989-d214 @A: 06 16 04 02 | 11
#0990-d214 @A: 30 11 34 09 | 05
#0991-d214 @A: 01 09 14 30 | 02
#0992-d214 @A: 01 30 16 04 | 04
#0993-d214 @A: 23 30 25 01 | 10
#0994-d214 @A: 21 10 04 29 | 12
#0995-d214 @A: 10 09 29 34 | 09
#0996-d214 @A: 34 31 29 07 | 08
#0997-d214 @A: 17 12 35 07 | 03
#0998-d214 @A: 25 17 01 12 | 06
#0999-d214 @A: 18 31 04 21 | 01
#1000-d214 @A: 23 18 14 34 | 07
#1001-d214 @A: 24 27 15 17 | 11
#1002-d214 @A: 14 32 24 26 | 05
#1003-d214 @A: 03 24 32 10 | 02
#1004-d214 @A: 32 24 31 19 | 04
#1005-d214 @A: 06 24 30 32 | 10
#1006-d214 @A: 32 29 24 23 | 12
#1007-d214 @A: 24 19 20 21 | 09
#1008-d214 @A: 12 13 10 24 | 08
#1009-d214 @A: 01 06 24 13 | 03
#1010-d214 @A: 24 34 28 07 | 06
#1011-d214 @A: 29 05 24 12 | 01
#1012-d214 @A: 02 24 10 22 | 07
#1013-d214 @A: 24 31 29 22 | 11
#1014-d214 @A: 31 24 35 01 | 05
#1015-d214 @A: 21 07 24 06 | 02
#1016-d214 @A: 04 17 24 14 | 04
#1017-d214 @A: 09 01 24 16 | 10
#1018-d214 @A: 11 14 24 01 | 12
#1019-d214 @A: 25 24 04 10 | 09
#1020-d214 @A: 35 08 15 32 | 08
#1021-d214 @A: 26 08 32 01 | 03
#1022-d214 @A: 30 32 08 28 | 06
#1023-d214 @A: 32 07 18 08 | 01
#1024-d214 @A: 20 33 10 08 | 07
#1025-d214 @A: 08 17 20 22 | 11
#1026-d214 @A: 26 13 11 08 | 05
#1027-d214 @A: 21 08 13 30 | 02
#1028-d214 @A: 13 08 34 29 | 04
#1029-d214 @A: 12 08 17 13 | 10
#1030-d214 @A: 28 08 06 03 | 12
#1031-d214 @A: 19 04 08 28 | 09
#1032-d214 @A: 05 01 23 08 | 08
#1033-d214 @A: 22 03 08 30 | 03
#1034-d214 @A: 19 25 08 33 | 06
#1035-d214 @A: 11 33 08 30 | 01
#1036-d214 @A: 08 06 22 02 | 07
#1037-d214 @A: 22 14 29 08 | 11
#1038-d214 @A: 08 22 01 25 | 05
#1039-d214 @A: 02 08 12 16 | 02
#1040-d214 @A: 17 04 08 30 | 04
#1041-d214 @A: 31 08 23 09 | 10
#1042-d214 @A: 14 27 32 15 | 12
#1043-d214 @A: 32 07 15 01 | 09
#1044-d214 @A: 07 05 20 15 | 08
#1045-d214 @A: 03 20 15 33 | 03
#1046-d214 @A: 15 35 12 13 | 06
#1047-d214 @A: 02 25 15 26 | 01
#1048-d214 @A: 15 35 26 30 | 07
#1049-d214 @A: 16 15 12 26 | 11
#1050-d214 @A: 21 04 03 15 | 05
#1051-d214 @A: 19 11 15 27 | 02
#1052-d214 @A: 09 14 21 15 | 04
#1053-d214 @A: 04 09 16 15 | 10
#1054-d214 @A: 31 18 07 15 | 12
#1055-d214 @A: 20 12 11 32 | 09
#1056-d214 @A: 29 25 32 13 | 08
#1057-d214 @A: 16 26 32 22 | 03
#1058-d214 @A: 28 32 09 33 | 06
#1059-d214 @A: 14 32 22 05 | 01
#1060-d214 @A: 10 33 29 32 | 07
#1061-d214 @A: 33 14 01 32 | 11
#1062-d214 @A: 17 22 29 32 | 05
#1063-d214 @A: 14 32 16 31 | 02
#1064-d214 @A: 31 25 32 01 | 04
#1065-d214 @A: 01 18 04 32 | 10
#1066-d214 @A: 04 20 22 13 | 12
#1067-d214 @A: 01 25 20 13 | 09
#1068-d214 @A: 22 20 05 26 | 08
#1069-d214 @A: 09 20 05 28 | 03
#1070-d214 @A: 04 20 02 03 | 06
#1071-d214 @A: 29 12 03 20 | 01
#1072-d214 @A: 18 19 20 01 | 07
#1073-d214 @A: 04 27 12 20 | 11
#1074-d214 @A: 23 06 09 20 | 05
#1075-d214 @A: 16 07 14 20 | 02
#1076-d214 @A: 20 11 23 31 | 04
#1077-d214 @A: 20 04 14 06 | 10
#1078-d214 @A: 03 29 13 01 | 12
#1079-d214 @A: 21 23 19 13 | 09
#1080-d214 @A: 27 06 17 13 | 08
#1081-d214 @A: 13 09 22 29 | 03
#1082-d214 @A: 35 11 13 17 | 06
#1083-d214 @A: 25 13 11 04 | 01
#1084-d214 @A: 03 26 33 18 | 07
#1085-d214 @A: 09 26 03 12 | 11
#1086-d214 @A: 27 26 11 30 | 05
#1087-d214 @A: 26 33 31 12 | 02
#1088-d214 @A: 22 02 17 26 | 04
#1089-d214 @A: 22 25 29 26 | 10
#1090-d214 @A: 23 29 26 02 | 12
#1091-d214 @A: 26 29 18 23 | 09
#1092-d214 @A: 07 18 09 26 | 08
#1093-d214 @A: 11 26 25 06 | 03
#1094-d214 @A: 22 28 03 33 | 06
#1095-d214 @A: 27 19 28 09 | 01
#1096-d214 @A: 12 02 28 35 | 07
#1097-d214 @A: 01 17 35 28 | 11
#1098-d214 @A: 28 31 21 06 | 05
#1099-d214 @A: 07 04 28 11 | 02
#1100-d214 @A: 05 09 03 29 | 04
#1101-d214 @A: 09 06 19 05 | 10
#1102-d214 @A: 05 25 33 22 | 12
#1103-d214 @A: 02 21 05 29 | 09
#1104-d214 @A: 05 23 17 11 | 08
#1105-d214 @A: 05 06 11 31 | 03
#1106-d214 @A: 01 19 33 03 | 06
#1107-d214 @A: 27 03 14 33 | 01
#1108-d214 @A: 03 17 10 04 | 07
#1109-d214 @A: 16 03 31 11 | 11
#1110-d214 @A: 33 19 27 21 | 05
#1111-d214 @A: 27 19 04 02 | 02
#1112-d214 @A: 25 22 19 18 | 04
#1113-d214 @A: 19 18 30 02 | 10
#1114-d214 @A: 09 35 19 16 | 12
#1115-d214 @A: 21 19 06 04 | 09
#1116-d214 @A: 14 06 18 19 | 08
#1117-d214 @A: 22 29 07 27 | 03
#1118-d214 @A: 11 18 27 12 | 06
#1119-d214 @A: 27 18 10 35 | 01
#1120-d214 @A: 21 09 27 23 | 07
#1121-d214 @A: 17 27 14 34 | 11
#1122-d214 @A: 29 22 33 01 | 05
#1123-d214 @A: 35 33 14 25 | 02
#1124-d214 @A: 10 33 21 16 | 04
#1125-d214 @A: 23 16 18 02 | 10
#1126-d214 @A: 10 01 16 02 | 12
#1127-d214 @A: 02 18 07 01 | 09
#1128-d214 @A: 04 10 07 02 | 08
#1129-d214 @A: 16 23 30 07 | 03
#1130-d214 @A: 30 11 18 34 | 06
#1131-d214 @A: 09 11 29 35 | 01
#1132-d214 @A: 25 21 17 29 | 07
#1133-d214 @A: 01 34 35 12 | 11
#1134-d214 @A: 10 12 16 25 | 05
#1135-d214 @A: 25 23 07 18 | 02
#1136-d214 @A: 10 18 11 23 | 04
#1137-d214 @A: 06 24 08 33 | 10
#1138-d214 @A: 24 30 35 08 | 12
#1139-d214 @A: 15 24 26 28 | 09
#1140-d214 @A: 24 15 04 18 | 08
#1141-d214 @A: 32 13 24 16 | 03
#1142-d214 @A: 20 04 28 24 | 06
#1143-d214 @A: 24 20 27 23 | 01
#1144-d214 @A: 20 30 16 24 | 07
#1145-d214 @A: 29 17 20 24 | 11
#1146-d214 @A: 26 11 05 24 | 05
#1147-d214 @A: 29 28 24 01 | 02
#1148-d214 @A: 16 28 18 24 | 04
#1149-d214 @A: 16 05 24 25 | 10
#1150-d214 @A: 03 25 24 27 | 12
#1151-d214 @A: 18 31 24 30 | 09
#1152-d214 @A: 07 14 31 24 | 08
#1153-d214 @A: 10 01 24 18 | 03
#1154-d214 @A: 08 21 15 20 | 06
#1155-d214 @A: 03 21 32 08 | 01
#1156-d214 @A: 08 31 20 13 | 07
#1157-d214 @A: 05 06 20 08 | 11
#1158-d214 @A: 10 20 18 08 | 05
#1159-d214 @A: 01 08 19 13 | 02
#1160-d214 @A: 26 35 03 08 | 04
#1161-d214 @A: 08 30 19 26 | 10
#1162-d214 @A: 30 08 34 23 | 12
#1163-d214 @A: 08 16 34 35 | 09
#1164-d214 @A: 08 09 17 21 | 08
#1165-d214 @A: 07 21 08 14 | 03
#1166-d214 @A: 18 15 32 03 | 06
#1167-d214 @A: 29 15 32 12 | 01
#1168-d214 @A: 35 20 15 04 | 07
#1169-d214 @A: 20 17 18 15 | 11
#1170-d214 @A: 13 15 31 19 | 05
#1171-d214 @A: 15 26 18 21 | 02
#1172-d214 @A: 15 06 27 35 | 04
#1173-d214 @A: 15 10 27 16 | 10
#1174-d214 @A: 07 15 31 33 | 12
#1175-d214 @A: 15 21 25 10 | 09
#1176-d214 @A: 10 17 15 01 | 08
#1177-d214 @A: 34 31 14 15 | 03
#1178-d214 @A: 28 26 05 32 | 06
#1179-d214 @A: 02 11 32 26 | 01
#1180-d214 @A: 32 31 29 28 | 07
#1181-d214 @A: 28 01 12 32 | 11
#1182-d214 @A: 07 28 32 35 | 05
#1183-d214 @A: 32 19 33 05 | 02
#1184-d214 @A: 05 17 30 32 | 04
#1185-d214 @A: 19 11 03 32 | 10
#1186-d214 @A: 19 23 32 12 | 12
#1187-d214 @A: 32 34 19 07 | 09
#1188-d214 @A: 32 07 33 21 | 08
#1189-d214 @A: 30 23 11 32 | 03
#1190-d214 @A: 06 17 25 32 | 06
#1191-d214 @A: 09 32 25 23 | 01
#1192-d214 @A: 04 32 07 14 | 07
#1193-d214 @A: 25 32 18 34 | 11
#1194-d214 @A: 05 13 16 20 | 05
#1195-d214 @A: 07 20 28 30 | 02
#1196-d214 @A: 03 20 35 07 | 04
#1197-d214 @A: 33 34 20 19 | 10
#1198-d214 @A: 33 31 29 20 | 12
#1199-d214 @A: 20 02 06 30 | 09
#1200-d214 @A: 11 07 06 20 | 08
#1201-d214 @A: 35 25 26 13 | 03
#1202-d214 @A: 13 12 28 16 | 06
#1203-d214 @A: 13 03 25 22 | 01
#1204-d214 @A: 35 13 03 09 | 07
#1205-d214 @A: 34 27 09 13 | 11
#1206-d214 @A: 16 13 27 04 | 05
#1207-d214 @A: 02 25 30 13 | 02
#1208-d214 @A: 21 01 13 11 | 04
#1209-d214 @A: 13 07 16 09 | 10
#1210-d214 @A: 23 16 13 10 | 12
#1211-d214 @A: 12 17 28 26 | 09
#1212-d214 @A: 35 16 28 26 | 08
#1213-d214 @A: 26 05 02 35 | 03
#1214-d214 @A: 25 03 19 26 | 06
#1215-d214 @A: 26 22 27 14 | 01
#1216-d214 @A: 21 14 04 26 | 07
#1217-d214 @A: 04 25 26 18 | 11
#1218-d214 @A: 05 03 14 28 | 05
#1219-d214 @A: 27 25 28 05 | 02
#1220-d214 @A: 28 35 22 05 | 04
#1221-d214 @A: 28 05 30 06 | 10
#1222-d214 @A: 28 31 19 22 | 12
#1223-d214 @A: 28 19 14 02 | 09
#1224-d214 @A: 27 22 28 17 | 08
#1225-d214 @A: 14 33 28 21 | 03
#1226-d214 @A: 30 22 28 10 | 06
#1227-d214 @A: 16 28 22 11 | 01
#1228-d214 @A: 10 04 35 28 | 07
#1229-d214 @A: 28 01 31 09 | 11
#1230-d214 @A: 09 34 04 28 | 05
#1231-d214 @A: 31 04 28 16 | 02
#1232-d214 @A: 28 34 16 06 | 04
#1233-d214 @A: 28 10 11 06 | 10
#1234-d214 @A: 14 23 34 28 | 12
#1235-d214 @A: 12 19 04 05 | 09
#1236-d214 @A: 05 19 17 16 | 08
#1237-d214 @A: 05 27 23 02 | 03
#1238-d214 @A: 05 10 17 27 | 06
#1239-d214 @A: 05 22 11 12 | 01
#1240-d214 @A: 21 30 05 09 | 07
#1241-d214 @A: 12 18 23 05 | 11
#1242-d214 @A: 16 05 01 07 | 05
#1243-d214 @A: 01 04 05 25 | 02
#1244-d214 @A: 03 16 27 22 | 04
#1245-d214 @A: 21 30 03 27 | 10
#1246-d214 @A: 04 07 03 33 | 12
#1247-d214 @A: 22 21 10 03 | 09
#1248-d214 @A: 03 02 14 29 | 08
#1249-d214 @A: 35 03 11 18 | 03
#1250-d214 @A: 03 01 17 31 | 06
#1251-d214 @A: 07 03 25 31 | 01
#1252-d214 @A: 19 16 29 22 | 07
#1253-d214 @A: 21 19 30 25 | 11
#1254-d214 @A: 27 33 16 02 | 05
#1255-d214 @A: 27 10 12 33 | 02
#1256-d214 @A: 02 29 27 35 | 04
#1257-d214 @A: 09 27 31 17 | 10
#1258-d214 @A: 27 07 14 18 | 12
#1259-d214 @A: 06 34 27 31 | 09
#1260-d214 @A: 02 30 10 33 | 08
#1261-d214 @A: 33 29 02 34 | 03
#1262-d214 @A: 02 35 17 33 | 06
#1263-d214 @A: 30 12 23 33 | 01
#1264-d214 @A: 07 33 35 23 | 07
#1265-d214 @A: 25 16 33 34 | 11
#1266-d214 @A: 18 34 33 31 | 05
#1267-d214 @A: 25 22 30 31 | 02
#1268-d214 @A: 16 22 21 35 | 04
#1269-d214 @A: 06 35 22 11 | 10
#1270-d214 @A: 14 34 35 22 | 12
#1271-d214 @A: 17 31 14 22 | 09
#1272-d214 @A: 11 10 09 22 | 08
#1273-d214 @A: 22 16 07 31 | 03
#1274-d214 @A: 07 22 11 23 | 06
#1275-d214 @A: 34 22 07 10 | 01
#1276-d214 @A: 21 02 04 11 | 07
#1277-d214 @A: 01 17 02 07 | 11
#1278-d214 @A: 02 17 06 34 | 05
#1279-d214 @A: 35 30 04 25 | 02
#1280-d214 @A: 21 30 07 31 | 04
#1281-d214 @A: 04 07 06 30 | 10
#1282-d214 @A: 01 30 06 34 | 12
#1283-d214 @A: 16 29 17 35 | 09
#1284-d214 @A: 29 11 31 17 | 08
#1285-d214 @A: 11 23 04 29 | 03
#1286-d214 @A: 10 21 17 12 | 06
#1287-d214 @A: 04 21 16 12 | 01
#1288-d214 @A: 14 06 12 17 | 07
#1289-d214 @A: 09 12 06 11 | 11
#1290-d214 @A: 25 17 18 35 | 05
#1291-d214 @A: 20 24 15 14 | 02
#1292-d214 @A: 24 02 15 35 | 04
#1293-d214 @A: 24 26 13 30 | 10
#1294-d214 @A: 28 24 31 05 | 12
#1295-d214 @A: 07 24 05 03 | 09
#1296-d214 @A: 24 01 33 27 | 08
#1297-d214 @A: 11 27 16 24 | 03
#1298-d214 @A: 12 01 24 02 | 06
#1299-d214 @A: 11 07 35 24 | 01
#1300-d214 @A: 11 24 21 31 | 07
#1301-d214 @A: 24 18 17 06 | 11
#1302-d214 @A: 34 10 17 24 | 05
#1303-d214 @A: 14 23 16 24 | 02
#1304-d214 @A: 26 10 23 08 | 04
#1305-d214 @A: 22 08 28 23 | 10
#1306-d214 @A: 08 05 14 30 | 12
#1307-d214 @A: 08 19 03 23 | 09
#1308-d214 @A: 34 12 08 03 | 08
#1309-d214 @A: 08 02 19 35 | 03
#1310-d214 @A: 33 22 08 21 | 06
#1311-d214 @A: 23 08 16 21 | 01
#1312-d214 @A: 06 34 21 08 | 07
#1313-d214 @A: 08 17 34 07 | 11
#1314-d214 @A: 08 31 01 14 | 05
#1315-d214 @A: 32 05 31 15 | 02
#1316-d214 @A: 20 11 15 25 | 04
#1317-d214 @A: 07 15 13 03 | 10
#1318-d214 @A: 15 26 09 27 | 12
#1319-d214 @A: 21 01 28 15 | 09
#1320-d214 @A: 18 15 05 02 | 08
#1321-d214 @A: 15 30 23 05 | 03
#1322-d214 @A: 15 05 12 10 | 06
#1323-d214 @A: 12 15 01 03 | 01
#1324-d214 @A: 15 33 22 34 | 07
#1325-d214 @A: 15 33 30 25 | 11
#1326-d214 @A: 21 15 29 33 | 05
#1327-d214 @A: 34 15 02 12 | 02
#1328-d214 @A: 34 07 15 21 | 04
#1329-d214 @A: 25 15 10 18 | 10
#1330-d214 @A: 20 07 13 32 | 12
#1331-d214 @A: 32 20 23 05 | 09
#1332-d214 @A: 20 32 35 19 | 08
#1333-d214 @A: 32 18 20 02 | 03
#1334-d214 @A: 30 32 26 18 | 06
#1335-d214 @A: 10 28 21 32 | 01
#1336-d214 @A: 32 05 21 06 | 07
#1337-d214 @A: 32 27 33 17 | 11
#1338-d214 @A: 35 32 12 33 | 05
#1339-d214 @A: 09 29 04 32 | 02
#1340-d214 @A: 32 12 16 09 | 04
#1341-d214 @A: 31 17 32 35 | 10
#1342-d214 @A: 35 32 16 01 | 12
#1343-d214 @A: 34 21 01 32 | 09
#1344-d214 @A: 26 20 10 13 | 08
#1345-d214 @A: 19 09 20 13 | 03
#1346-d214 @A: 28 20 26 11 | 06
#1347-d214 @A: 29 34 20 26 | 01
#1348-d214 @A: 20 35 26 12 | 07
#1349-d214 @A: 18 20 28 09 | 11
#1350-d214 @A: 10 34 28 20 | 05
#1351-d214 @A: 23 03 16 20 | 02
#1352-d214 @A: 07 20 19 29 | 04
#1353-d214 @A: 20 12 07 33 | 10
#1354-d214 @A: 20 29 16 09 | 12
#1355-d214 @A: 31 35 25 20 | 09
#1356-d214 @A: 20 21 11 09 | 08
#1357-d214 @A: 06 21 10 20 | 03
#1358-d214 @A: 13 05 26 07 | 06
#1359-d214 @A: 04 26 13 12 | 01
#1360-d214 @A: 09 13 02 28 | 07
#1361-d214 @A: 13 21 18 03 | 11
#1362-d214 @A: 33 06 13 19 | 05
#1363-d214 @A: 07 13 33 02 | 02
#1364-d214 @A: 13 18 06 33 | 04
#1365-d214 @A: 10 31 21 13 | 10
#1366-d214 @A: 34 13 23 11 | 12
#1367-d214 @A: 10 04 06 13 | 09
#1368-d214 @A: 14 26 19 05 | 08
#1369-d214 @A: 03 30 17 26 | 03
#1370-d214 @A: 18 26 22 10 | 06
#1371-d214 @A: 21 07 01 26 | 01
#1372-d214 @A: 14 06 09 26 | 07
#1373-d214 @A: 34 05 28 12 | 11
#1374-d214 @A: 05 16 21 28 | 05
#1375-d214 @A: 34 28 29 19 | 02
#1376-d214 @A: 27 02 31 28 | 04
#1377-d214 @A: 33 29 28 12 | 10
#1378-d214 @A: 12 22 28 06 | 12
#1379-d214 @A: 17 02 10 28 | 09
#1380-d214 @A: 25 31 28 14 | 08
#1381-d214 @A: 01 23 28 10 | 03
#1382-d214 @A: 23 04 06 28 | 06
#1383-d214 @A: 33 27 06 05 | 01
#1384-d214 @A: 27 21 05 22 | 07
#1385-d214 @A: 18 30 27 05 | 11
#1386-d214 @A: 29 11 33 05 | 05
#1387-d214 @A: 11 35 01 05 | 02
#1388-d214 @A: 05 09 07 04 | 04
#1389-d214 @A: 03 04 29 19 | 10
#1390-d214 @A: 02 22 23 03 | 12
#1391-d214 @A: 12 03 02 31 | 09
#1392-d214 @A: 30 31 29 03 | 08
#1393-d214 @A: 11 30 06 03 | 03
#1394-d214 @A: 03 04 18 12 | 06
#1395-d214 @A: 10 03 34 31 | 01
#1396-d214 @A: 29 17 27 19 | 07
#1397-d214 @A: 02 11 19 33 | 11
#1398-d214 @A: 29 02 19 06 | 05
#1399-d214 @A: 31 14 21 19 | 02
#1400-d214 @A: 01 17 34 19 | 04
#1401-d214 @A: 31 16 19 06 | 10
#1402-d214 @A: 31 19 04 07 | 12
#1403-d214 @A: 01 19 25 06 | 09
#1404-d214 @A: 27 17 04 11 | 08
#1405-d214 @A: 14 27 11 25 | 03
#1406-d214 @A: 30 33 22 17 | 06
#1407-d214 @A: 11 10 25 33 | 01
#1408-d214 @A: 12 29 22 02 | 07
#1409-d214 @A: 17 21 07 22 | 11
#1410-d214 @A: 22 16 17 18 | 05
#1411-d214 @A: 17 25 11 22 | 02
#1412-d214 @A: 04 23 16 22 | 04
#1413-d214 @A: 04 02 12 09 | 10
#1414-d214 @A: 25 17 31 02 | 12
#1415-d214 @A: 16 23 02 34 | 09
#1416-d214 @A: 17 30 10 23 | 08
#1417-d214 @A: 12 29 01 11 | 03
#1418-d214 @A: 06 04 01 29 | 06
#1419-d214 @A: 09 25 12 35 | 01
#1420-d214 @A: 12 17 16 11 | 07
#1421-d214 @A: 09 01 23 12 | 11
#1422-d214 @A: 10 18 09 12 | 05
#1423-d214 @A: 06 23 07 12 | 02
#1424-d214 @A: 07 12 01 04 | 04
#1425-d214 @A: 14 04 11 12 | 10
#1426-d214 @A: 34 12 14 25 | 12
#1427-d214 @A: 21 01 34 18 | 09
#1428-d214 @A: 22 16 24 08 | 08
#1429-d214 @A: 13 20 11 24 | 03
#1430-d214 @A: 35 33 20 24 | 06
#1431-d214 @A: 34 24 13 22 | 01
#1432-d214 @A: 14 29 24 13 | 07
#1433-d214 @A: 35 28 24 03 | 11
#1434-d214 @A: 24 30 28 14 | 05
#1435-d214 @A: 19 16 24 12 | 02
#1436-d214 @A: 04 19 23 24 | 04
#1437-d214 @A: 27 24 12 14 | 10
#1438-d214 @A: 35 25 24 23 | 12
#1439-d214 @A: 24 17 16 07 | 09
#1440-d214 @A: 10 24 09 06 | 08
#1441-d214 @A: 34 23 24 01 | 03
#1442-d214 @A: 05 32 09 08 | 06
#1443-d214 @A: 06 32 29 08 | 01
#1444-d214 @A: 08 07 32 23 | 07
#1445-d214 @A: 08 14 25 32 | 11
#1446-d214 @A: 02 23 20 08 | 05
#1447-d214 @A: 12 08 20 14 | 02
#1448-d214 @A: 16 08 13 25 | 04
#1449-d214 @A: 08 13 04 23 | 10
#1450-d214 @A: 28 31 08 26 | 12
#1451-d214 @A: 08 26 35 18 | 09
#1452-d214 @A: 11 18 05 08 | 08
#1453-d214 @A: 18 34 03 08 | 03
#1454-d214 @A: 07 06 08 19 | 06
#1455-d214 @A: 09 08 33 02 | 01
#1456-d214 @A: 29 23 33 08 | 07
#1457-d214 @A: 12 01 33 08 | 11
#1458-d214 @A: 22 08 09 12 | 05
#1459-d214 @A: 25 10 08 17 | 02
#1460-d214 @A: 14 08 34 11 | 04
#1461-d214 @A: 15 34 32 26 | 10
#1462-d214 @A: 15 18 13 28 | 12
#1463-d214 @A: 14 03 15 26 | 09
#1464-d214 @A: 27 30 28 15 | 08
#1465-d214 @A: 19 05 35 15 | 03
#1466-d214 @A: 27 05 15 01 | 06
#1467-d214 @A: 05 02 15 14 | 01
#1468-d214 @A: 15 09 30 22 | 07
#1469-d214 @A: 12 18 15 22 | 11
#1470-d214 @A: 15 25 23 16 | 05
#1471-d214 @A: 11 04 15 31 | 02
#1472-d214 @A: 13 32 02 17 | 04
#1473-d214 @A: 30 13 32 01 | 10
#1474-d214 @A: 32 16 13 18 | 12
#1475-d214 @A: 32 26 03 07 | 09
#1476-d214 @A: 31 23 26 32 | 08
#1477-d214 @A: 11 28 32 14 | 03
#1478-d214 @A: 05 27 32 07 | 06
#1479-d214 @A: 12 25 05 32 | 01
#1480-d214 @A: 33 32 23 03 | 07
#1481-d214 @A: 32 03 22 09 | 11
#1482-d214 @A: 32 17 34 23 | 05
#1483-d214 @A: 10 32 09 01 | 02
#1484-d214 @A: 11 18 32 31 | 04
#1485-d214 @A: 33 06 22 20 | 10
#1486-d214 @A: 16 31 20 21 | 12
#1487-d214 @A: 21 04 07 20 | 09
#1488-d214 @A: 20 34 06 25 | 08
#1489-d214 @A: 23 20 18 06 | 03
#1490-d214 @A: 13 02 26 01 | 06
#1491-d214 @A: 12 25 27 13 | 01
#1492-d214 @A: 30 29 12 13 | 07
#1493-d214 @A: 17 13 34 21 | 11
#1494-d214 @A: 13 07 23 17 | 05
#1495-d214 @A: 34 31 16 13 | 02
#1496-d214 @A: 01 11 18 13 | 04
#1497-d214 @A: 04 03 28 26 | 10
#1498-d214 @A: 28 26 23 19 | 12
#1499-d214 @A: 30 31 26 16 | 09
#1500-d214 @A: 14 26 34 30 | 08
#1501-d214 @A: 26 21 35 31 | 03
#1502-d214 @A: 26 35 11 10 | 06
#1503-d214 @A: 35 04 26 23 | 01
#1504-d214 @A: 21 06 26 17 | 07
#1505-d214 @A: 10 17 26 16 | 11
#1506-d214 @A: 26 23 17 14 | 05
#1507-d214 @A: 26 14 18 17 | 02
#1508-d214 @A: 26 11 04 09 | 04
#1509-d214 @A: 18 35 28 05 | 10
#1510-d214 @A: 03 28 19 17 | 12
#1511-d214 @A: 25 02 28 03 | 09
#1512-d214 @A: 28 27 35 34 | 08
#1513-d214 @A: 03 05 01 18 | 03
#1514-d214 @A: 05 03 10 06 | 06
#1515-d214 @A: 05 10 22 16 | 01
#1516-d214 @A: 35 16 23 05 | 07
#1517-d214 @A: 31 35 05 07 | 11
#1518-d214 @A: 05 14 11 21 | 05
#1519-d214 @A: 05 01 06 17 | 02
#1520-d214 @A: 23 04 31 05 | 04
#1521-d214 @A: 03 34 19 21 | 10
#1522-d214 @A: 03 12 35 27 | 12
#1523-d214 @A: 11 22 29 03 | 09
#1524-d214 @A: 03 10 35 23 | 08
#1525-d214 @A: 21 31 23 03 | 03
#1526-d214 @A: 04 09 23 03 | 06
#1527-d214 @A: 18 03 06 23 | 01
#1528-d214 @A: 19 02 16 30 | 07
#1529-d214 @A: 19 21 35 01 | 11
#1530-d214 @A: 27 11 33 23 | 05
#1531-d214 @A: 04 35 01 27 | 02
#1532-d214 @A: 10 21 07 27 | 04
#1533-d214 @A: 09 25 01 27 | 10
#1534-d214 @A: 33 22 07 09 | 12
#1535-d214 @A: 09 33 18 29 | 09
#1536-d214 @A: 06 12 34 33 | 08
#1537-d214 @A: 06 33 21 35 | 03
#1538-d214 @A: 33 07 25 01 | 06
#1539-d214 @A: 33 34 01 10 | 01
#1540-d214 @A: 10 17 35 22 | 07
#1541-d214 @A: 23 35 01 22 | 11
#1542-d214 @A: 16 17 01 22 | 05
#1543-d214 @A: 34 01 22 31 | 02
#1544-d214 @A: 09 02 35 21 | 04
#1545-d214 @A: 21 34 02 31 | 10
#1546-d214 @A: 10 18 21 02 | 12
#1547-d214 @A: 23 17 02 04 | 09
#1548-d214 @A: 07 25 11 02 | 08
#1549-d214 @A: 30 17 18 11 | 03
#1550-d214 @A: 18 30 04 09 | 06
#1551-d214 @A: 25 34 07 30 | 01
#1552-d214 @A: 30 11 01 31 | 07
#1553-d214 @A: 31 30 10 14 | 11
#1554-d214 @A: 12 29 07 10 | 05
#1555-d214 @A: 34 29 12 04 | 02
#1556-d214 @A: 29 01 25 35 | 04
#1557-d214 @A: 16 29 25 31 | 10
#1558-d214 @A: 14 16 04 29 | 12
#1559-d214 @A: 29 34 16 01 | 09
#1560-d214 @A: 07 16 12 34 | 08
#1561-d214 @A: 01 16 12 14 | 03
#1562-d214 @A: 34 17 18 04 | 06
#1563-d214 @A: 34 24 15 05 | 01
#1564-d214 @A: 24 33 15 19 | 07
#1565-d214 @A: 15 24 07 30 | 11
#1566-d214 @A: 24 20 22 09 | 05
#1567-d214 @A: 13 31 24 17 | 02
#1568-d214 @A: 24 10 26 33 | 04
#1569-d214 @A: 12 24 34 26 | 10
#1570-d214 @A: 09 23 26 24 | 12
#1571-d214 @A: 24 18 35 22 | 09
#1572-d214 @A: 14 06 25 24 | 08
#1573-d214 @A: 17 15 05 08 | 03
#1574-d214 @A: 02 08 15 11 | 06
#1575-d214 @A: 33 13 08 32 | 01
#1576-d214 @A: 16 08 27 32 | 07
#1577-d214 @A: 32 31 22 08 | 11
#1578-d214 @A: 20 08 26 07 | 05
#1579-d214 @A: 03 08 13 02 | 02
#1580-d214 @A: 08 31 26 18 | 04
#1581-d214 @A: 08 19 10 22 | 10
#1582-d214 @A: 14 08 19 09 | 12
#1583-d214 @A: 22 27 08 11 | 09
#1584-d214 @A: 08 31 21 27 | 08
#1585-d214 @A: 06 27 04 08 | 03
#1586-d214 @A: 06 17 08 11 | 06
#1587-d214 @A: 16 07 08 04 | 01
#1588-d214 @A: 08 04 10 11 | 07
#1589-d214 @A: 15 13 10 02 | 11
#1590-d214 @A: 15 30 13 11 | 05
#1591-d214 @A: 28 04 15 05 | 02
#1592-d214 @A: 15 17 28 33 | 04
#1593-d214 @A: 11 15 05 03 | 10
#1594-d214 @A: 27 15 34 03 | 12
#1595-d214 @A: 19 15 35 18 | 09
#1596-d214 @A: 15 27 04 22 | 08
#1597-d214 @A: 10 14 15 33 | 03
#1598-d214 @A: 15 31 22 12 | 06
#1599-d214 @A: 02 09 29 15 | 01
#1600-d214 @A: 02 31 15 16 | 07
#1601-d214 @A: 15 34 10 35 | 11
#1602-d214 @A: 07 09 15 10 | 05
#1603-d214 @A: 09 06 15 25 | 02
#1604-d214 @A: 07 14 25 15 | 04
#1605-d214 @A: 01 23 15 31 | 10
#1606-d214 @A: 06 15 10 23 | 12
#1607-d214 @A: 32 26 13 09 | 09
#1608-d214 @A: 34 13 32 35 | 08
#1609-d214 @A: 30 26 21 32 | 03
#1610-d214 @A: 32 18 27 09 | 06
#1611-d214 @A: 02 06 32 14 | 01
#1612-d214 @A: 14 32 35 09 | 07
#1613-d214 @A: 32 17 01 11 | 11
#1614-d214 @A: 20 14 28 13 | 05
#1615-d214 @A: 17 12 19 20 | 02
#1616-d214 @A: 20 01 07 22 | 04
#1617-d214 @A: 02 20 07 31 | 10
#1618-d214 @A: 18 21 20 25 | 12
#1619-d214 @A: 16 20 25 04 | 09
#1620-d214 @A: 18 14 20 31 | 08
#1621-d214 @A: 01 06 31 20 | 03
#1622-d214 @A: 18 13 26 05 | 06
#1623-d214 @A: 13 19 25 28 | 01
#1624-d214 @A: 13 27 01 28 | 07
#1625-d214 @A: 19 30 05 13 | 11
#1626-d214 @A: 02 11 05 13 | 05
#1627-d214 @A: 09 33 13 01 | 02
#1628-d214 @A: 22 02 14 13 | 04
#1629-d214 @A: 13 31 14 35 | 10
#1630-d214 @A: 01 35 10 13 | 12
#1631-d214 @A: 10 17 09 13 | 09
#1632-d214 @A: 34 07 04 13 | 08
#1633-d214 @A: 26 34 02 28 | 03
#1634-d214 @A: 30 05 10 26 | 06
#1635-d214 @A: 18 19 26 16 | 01
#1636-d214 @A: 11 17 34 26 | 07
#1637-d214 @A: 01 03 34 28 | 11
#1638-d214 @A: 19 28 21 12 | 05
#1639-d214 @A: 34 22 18 28 | 02
#1640-d214 @A: 11 02 29 28 | 04
#1641-d214 @A: 35 09 23 28 | 10
#1642-d214 @A: 18 23 28 17 | 12
#1643-d214 @A: 28 23 07 31 | 09
#1644-d214 @A: 03 22 19 05 | 08
#1645-d214 @A: 30 05 01 03 | 03
#1646-d214 @A: 19 27 05 31 | 06
#1647-d214 @A: 29 22 05 23 | 01
#1648-d214 @A: 02 04 30 05 | 07
#1649-d214 @A: 23 07 21 05 | 11
#1650-d214 @A: 05 16 06 14 | 05
#1651-d214 @A: 14 01 10 05 | 02
#1652-d214 @A: 35 19 03 06 | 04
#1653-d214 @A: 12 16 33 03 | 10
#1654-d214 @A: 33 09 21 03 | 12
#1655-d214 @A: 18 30 25 03 | 09
#1656-d214 @A: 35 03 14 16 | 08
#1657-d214 @A: 25 34 03 35 | 03
#1658-d214 @A: 17 03 06 07 | 06
#1659-d214 @A: 17 07 03 18 | 01
#1660-d214 @A: 03 14 11 17 | 07
#1661-d214 @A: 19 18 04 27 | 11
#1662-d214 @A: 22 04 19 33 | 05
#1663-d214 @A: 33 11 19 18 | 02
#1664-d214 @A: 23 19 33 14 | 04
#1665-d214 @A: 04 14 19 25 | 10
#1666-d214 @A: 25 10 23 19 | 12
#1667-d214 @A: 27 22 12 23 | 09
#1668-d214 @A: 30 23 27 06 | 08
#1669-d214 @A: 21 06 25 27 | 03
#1670-d214 @A: 21 01 14 27 | 06
#1671-d214 @A: 07 09 06 27 | 01
#1672-d214 @A: 02 33 01 23 | 07
#1673-d214 @A: 18 17 14 33 | 11
#1674-d214 @A: 33 07 16 11 | 05
#1675-d214 @A: 17 23 22 09 | 02
#1676-d214 @A: 25 22 06 16 | 04
#1677-d214 @A: 06 01 10 22 | 10
#1678-d214 @A: 21 16 02 25 | 12
#1679-d214 @A: 02 14 07 09 | 09
#1680-d214 @A: 02 18 34 09 | 08
#1681-d214 @A: 01 11 02 34 | 03
#1682-d214 @A: 30 23 35 31 | 06
#1683-d214 @A: 30 23 21 04 | 01
#1684-d214 @A: 12 09 29 17 | 07
#1685-d214 @A: 04 31 35 29 | 11
#1686-d214 @A: 16 29 21 07 | 05
#1687-d214 @A: 25 09 07 29 | 02
#1688-d214 @A: 29 25 14 10 | 04
#1689-d214 @A: 12 10 34 11 | 10
