#0001-d232 @A: 22 20 26 08 | 09
#0002-d232 @A: 26 34 14 05 | 01
#0003-d232 @A: 24 12 26 31 | 12
#0004-d232 @A: 19 31 25 26 | 06
#0005-d232 @A: 26 31 17 11 | 04
#0006-d232 @A: 31 23 16 26 | 02
#0007-d232 @A: 30 09 01 26 | 10
#0008-d232 @A: 26 13 07 03 | 08
#0009-d232 @A: 03 29 26 35 | 05
#0010-d232 @A: 26 03 16 12 | 11
#0011-d232 @A: 26 10 04 24 | 07
#0012-d232 @A: 10 20 26 14 | 03
#0013-d232 @A: 11 24 26 14 | 09
#0014-d232 @A: 23 26 34 13 | 01
#0015-d232 @A: 26 19 11 02 | 12
#0016-d232 @A: 27 35 26 07 | 06
#0017-d232 @A: 35 32 20 26 | 04
#0018-d232 @A: 26 29 09 17 | 02
#0019-d232 @A: 31 03 11 22 | 10
#0020-d232 @A: 31 33 22 35 | 08
#0021-d232 @A: 35 22 03 17 | 05
#0022-d232 @A: 08 19 10 22 | 11
#0023-d232 @A: 29 22 08 34 | 07
#0024-d232 @A: 18 22 21 24 | 03
#0025-d232 @A: 34 22 19 06 | 09
#0026-d232 @A: 22 20 32 09 | 01
#0027-d232 @A: 15 06 16 22 | 12
#0028-d232 @A: 13 22 28 09 | 06
#0029-d232 @A: 28 22 18 17 | 04
#0030-d232 @A: 22 20 28 23 | 02
#0031-d232 @A: 14 22 20 12 | 10
#0032-d232 @A: 22 09 04 17 | 08
#0033-d232 @A: 24 30 11 05 | 05
#0034-d232 @A: 05 19 30 34 | 11
#0035-d232 @A: 03 32 05 15 | 07
#0036-d232 @A: 20 05 07 10 | 03
#0037-d232 @A: 24 25 05 09 | 09
#0038-d232 @A: 01 14 24 05 | 01
#0039-d232 @A: 05 35 24 28 | 12
#0040-d232 @A: 05 13 06 24 | 06
#0041-d232 @A: 01 05 25 04 | 04
#0042-d232 @A: 06 02 05 28 | 02
#0043-d232 @A: 33 14 05 18 | 10
#0044-d232 @A: 20 05 14 13 | 08
#0045-d232 @A: 20 05 17 04 | 05
#0046-d232 @A: 31 10 30 14 | 11
#0047-d232 @A: 30 21 02 31 | 07
#0048-d232 @A: 31 12 21 03 | 03
#0049-d232 @A: 34 03 31 06 | 09
#0050-d232 @A: 11 31 20 10 | 01
#0051-d232 @A: 07 08 13 31 | 12
#0052-d232 @A: 21 23 31 34 | 06
#0053-d232 @A: 31 33 06 21 | 04
#0054-d232 @A: 31 01 32 23 | 02
#0055-d232 @A: 09 31 28 29 | 10
#0056-d232 @A: 06 19 31 09 | 08
#0057-d232 @A: 14 02 31 17 | 05
#0058-d232 @A: 23 09 15 31 | 11
#0059-d232 @A: 04 27 31 13 | 07
#0060-d232 @A: 03 30 29 08 | 03
#0061-d232 @A: 03 30 21 18 | 09
#0062-d232 @A: 03 01 13 30 | 01
#0063-d232 @A: 18 30 34 10 | 12
#0064-d232 @A: 21 19 32 30 | 06
#0065-d232 @A: 30 21 13 35 | 04
#0066-d232 @A: 04 30 21 16 | 02
#0067-d232 @A: 32 09 30 24 | 10
#0068-d232 @A: 35 30 12 34 | 08
#0069-d232 @A: 16 13 30 34 | 05
#0070-d232 @A: 01 30 35 28 | 11
#0071-d232 @A: 27 28 30 32 | 07
#0072-d232 @A: 33 18 30 16 | 03
#0073-d232 @A: 30 12 28 18 | 09
#0074-d232 @A: 12 33 06 30 | 01
#0075-d232 @A: 09 33 02 30 | 12
#0076-d232 @A: 30 23 02 12 | 06
#0077-d232 @A: 17 02 30 13 | 04
#0078-d232 @A: 24 10 03 17 | 02
#0079-d232 @A: 13 32 03 08 | 10
#0080-d232 @A: 17 09 34 03 | 08
#0081-d232 @A: 03 32 17 11 | 05
#0082-d232 @A: 19 35 07 03 | 11
#0083-d232 @A: 16 03 35 32 | 07
#0084-d232 @A: 18 32 03 14 | 03
#0085-d232 @A: 28 04 12 03 | 09
#0086-d232 @A: 04 15 06 03 | 01
#0087-d232 @A: 04 10 27 08 | 12
#0088-d232 @A: 29 21 10 25 | 06
#0089-d232 @A: 02 24 10 34 | 04
#0090-d232 @A: 16 01 10 12 | 02
#0091-d232 @A: 18 10 04 20 | 10
#0092-d232 @A: 08 23 21 25 | 08
#0093-d232 @A: 23 08 24 34 | 05
#0094-d232 @A: 01 08 24 11 | 11
#0095-d232 @A: 11 08 20 33 | 07
#0096-d232 @A: 18 08 23 07 | 03
#0097-d232 @A: 06 27 32 08 | 09
#0098-d232 @A: 23 08 19 02 | 01
#0099-d232 @A: 15 13 27 08 | 12
#0100-d232 @A: 32 24 25 23 | 06
#0101-d232 @A: 25 24 13 35 | 04
#0102-d232 @A: 33 28 24 25 | 02
#0103-d232 @A: 24 17 06 25 | 10
#0104-d232 @A: 07 06 23 24 | 08
#0105-d232 @A: 24 28 13 15 | 05
#0106-d232 @A: 19 23 24 20 | 11
#0107-d232 @A: 23 02 24 29 | 07
#0108-d232 @A: 24 19 27 12 | 03
#0109-d232 @A: 28 09 18 25 | 09
#0110-d232 @A: 15 06 23 25 | 01
#0111-d232 @A: 11 02 27 34 | 12
#0112-d232 @A: 15 33 07 34 | 06
#0113-d232 @A: 14 34 35 27 | 04
#0114-d232 @A: 04 16 34 19 | 02
#0115-d232 @A: 29 04 06 34 | 10
#0116-d232 @A: 17 23 04 34 | 08
#0117-d232 @A: 29 16 01 11 | 05
#0118-d232 @A: 27 16 11 32 | 11
#0119-d232 @A: 28 13 18 11 | 07
#0120-d232 @A: 17 02 11 06 | 03
#0121-d232 @A: 09 18 11 02 | 09
#0122-d232 @A: 07 01 16 35 | 01
#0123-d232 @A: 28 02 04 01 | 12
#0124-d232 @A: 23 06 27 01 | 06
#0125-d232 @A: 01 29 19 14 | 04
#0126-d232 @A: 14 33 01 13 | 02
#0127-d232 @A: 33 18 20 01 | 10
#0128-d232 @A: 15 07 32 16 | 08
#0129-d232 @A: 07 13 35 20 | 05
#0130-d232 @A: 20 07 12 28 | 11
#0131-d232 @A: 19 33 07 28 | 07
#0132-d232 @A: 04 33 07 09 | 03
#0133-d232 @A: 20 33 07 02 | 09
#0134-d232 @A: 07 13 04 19 | 01
#0135-d232 @A: 15 17 32 09 | 12
#0136-d232 @A: 12 29 32 19 | 06
#0137-d232 @A: 35 16 23 12 | 04
#0138-d232 @A: 35 17 09 12 | 02
#0139-d232 @A: 33 23 02 16 | 10
#0140-d232 @A: 19 13 27 06 | 08
#0141-d232 @A: 20 15 18 27 | 05
#0142-d232 @A: 22 26 27 06 | 11
#0143-d232 @A: 08 26 05 10 | 07
#0144-d232 @A: 02 05 26 01 | 03
#0145-d232 @A: 05 19 26 20 | 09
#0146-d232 @A: 28 10 25 26 | 01
#0147-d232 @A: 26 08 28 24 | 12
#0148-d232 @A: 12 25 26 32 | 06
#0149-d232 @A: 25 20 26 17 | 04
#0150-d232 @A: 09 26 32 11 | 02
#0151-d232 @A: 28 04 19 26 | 10
#0152-d232 @A: 26 14 13 29 | 08
#0153-d232 @A: 04 26 17 02 | 05
#0154-d232 @A: 05 22 03 29 | 11
#0155-d232 @A: 22 17 25 05 | 07
#0156-d232 @A: 22 31 34 18 | 03
#0157-d232 @A: 31 17 22 07 | 09
#0158-d232 @A: 12 16 31 22 | 01
#0159-d232 @A: 12 22 30 11 | 12
#0160-d232 @A: 30 14 22 01 | 06
#0161-d232 @A: 03 10 15 22 | 04
#0162-d232 @A: 17 10 22 01 | 02
#0163-d232 @A: 10 13 07 22 | 10
#0164-d232 @A: 12 02 10 22 | 08
#0165-d232 @A: 17 11 22 08 | 05
#0166-d232 @A: 32 21 29 22 | 11
#0167-d232 @A: 21 19 35 22 | 07
#0168-d232 @A: 28 22 34 11 | 03
#0169-d232 @A: 29 27 22 32 | 09
#0170-d232 @A: 22 06 35 28 | 01
#0171-d232 @A: 09 02 19 22 | 12
#0172-d232 @A: 15 12 22 13 | 06
#0173-d232 @A: 01 31 05 30 | 04
#0174-d232 @A: 33 11 31 05 | 02
#0175-d232 @A: 31 05 15 12 | 10
#0176-d232 @A: 21 30 05 23 | 08
#0177-d232 @A: 09 30 05 16 | 05
#0178-d232 @A: 15 05 30 20 | 11
#0179-d232 @A: 14 03 10 05 | 07
#0180-d232 @A: 24 05 29 10 | 03
#0181-d232 @A: 10 06 27 05 | 09
#0182-d232 @A: 05 13 10 12 | 01
#0183-d232 @A: 11 08 14 05 | 12
#0184-d232 @A: 24 16 04 05 | 06
#0185-d232 @A: 11 18 05 27 | 04
#0186-d232 @A: 01 05 18 29 | 02
#0187-d232 @A: 33 05 23 07 | 10
#0188-d232 @A: 27 35 05 16 | 08
#0189-d232 @A: 19 05 28 09 | 05
#0190-d232 @A: 12 06 20 05 | 11
#0191-d232 @A: 14 23 05 15 | 07
#0192-d232 @A: 29 05 23 20 | 03
#0193-d232 @A: 32 12 30 31 | 09
#0194-d232 @A: 17 03 31 28 | 01
#0195-d232 @A: 08 31 10 21 | 12
#0196-d232 @A: 23 24 10 31 | 06
#0197-d232 @A: 32 10 06 31 | 04
#0198-d232 @A: 16 31 33 10 | 02
#0199-d232 @A: 28 24 31 21 | 10
#0200-d232 @A: 25 31 23 17 | 08
#0201-d232 @A: 34 12 07 31 | 05
#0202-d232 @A: 31 11 27 28 | 11
#0203-d232 @A: 04 29 11 31 | 07
#0204-d232 @A: 02 20 31 09 | 03
#0205-d232 @A: 34 27 30 03 | 09
#0206-d232 @A: 25 04 08 30 | 01
#0207-d232 @A: 20 21 24 30 | 12
#0208-d232 @A: 07 20 30 25 | 06
#0209-d232 @A: 30 23 25 35 | 04
#0210-d232 @A: 01 07 18 30 | 02
#0211-d232 @A: 10 06 08 03 | 10
#0212-d232 @A: 08 03 04 34 | 08
#0213-d232 @A: 03 11 28 21 | 05
#0214-d232 @A: 15 21 07 03 | 11
#0215-d232 @A: 03 33 21 35 | 07
#0216-d232 @A: 34 03 14 33 | 03
#0217-d232 @A: 07 03 29 01 | 09
#0218-d232 @A: 07 32 20 03 | 01
#0219-d232 @A: 09 32 02 03 | 12
#0220-d232 @A: 08 10 02 25 | 06
#0221-d232 @A: 07 08 17 10 | 04
#0222-d232 @A: 08 10 09 12 | 02
#0223-d232 @A: 17 10 21 18 | 10
#0224-d232 @A: 10 24 12 35 | 08
#0225-d232 @A: 06 25 10 01 | 05
#0226-d232 @A: 13 32 01 10 | 11
#0227-d232 @A: 29 10 04 28 | 07
#0228-d232 @A: 20 21 34 08 | 03
#0229-d232 @A: 08 02 15 06 | 09
#0230-d232 @A: 08 09 14 33 | 01
#0231-d232 @A: 13 04 08 29 | 12
#0232-d232 @A: 32 04 24 21 | 06
#0233-d232 @A: 06 21 24 16 | 04
#0234-d232 @A: 35 21 34 17 | 02
#0235-d232 @A: 04 21 01 09 | 10
#0236-d232 @A: 18 21 28 02 | 08
#0237-d232 @A: 06 21 17 20 | 05
#0238-d232 @A: 23 17 21 33 | 11
#0239-d232 @A: 21 04 13 20 | 07
#0240-d232 @A: 29 21 12 04 | 03
#0241-d232 @A: 34 24 27 07 | 09
#0242-d232 @A: 32 24 34 06 | 01
#0243-d232 @A: 32 24 16 13 | 12
#0244-d232 @A: 13 27 16 24 | 06
#0245-d232 @A: 20 15 06 24 | 04
#0246-d232 @A: 24 23 09 04 | 02
#0247-d232 @A: 15 24 17 23 | 10
#0248-d232 @A: 14 11 25 23 | 08
#0249-d232 @A: 35 04 19 25 | 05
#0250-d232 @A: 23 12 25 28 | 11
#0251-d232 @A: 28 15 29 25 | 07
#0252-d232 @A: 25 02 06 27 | 03
#0253-d232 @A: 25 33 06 13 | 09
#0254-d232 @A: 02 14 25 19 | 01
#0255-d232 @A: 33 25 15 02 | 12
#0256-d232 @A: 12 15 25 19 | 06
#0257-d232 @A: 34 01 19 11 | 04
#0258-d232 @A: 19 01 34 27 | 02
#0259-d232 @A: 35 07 28 34 | 10
#0260-d232 @A: 06 20 33 34 | 08
#0261-d232 @A: 29 15 20 34 | 05
#0262-d232 @A: 11 16 32 02 | 11
#0263-d232 @A: 17 28 11 15 | 07
#0264-d232 @A: 06 18 12 11 | 03
#0265-d232 @A: 17 01 28 29 | 09
#0266-d232 @A: 01 09 18 17 | 01
#0267-d232 @A: 15 23 01 02 | 12
#0268-d232 @A: 12 27 07 06 | 06
#0269-d232 @A: 12 09 19 07 | 04
#0270-d232 @A: 29 02 07 19 | 02
#0271-d232 @A: 23 35 32 27 | 10
#0272-d232 @A: 06 33 32 18 | 08
#0273-d232 @A: 29 18 32 20 | 05
#0274-d232 @A: 17 20 23 32 | 11
#0275-d232 @A: 32 17 33 04 | 07
#0276-d232 @A: 28 20 04 35 | 03
#0277-d232 @A: 35 09 06 04 | 09
#0278-d232 @A: 13 35 06 12 | 01
#0279-d232 @A: 14 04 29 35 | 12
#0280-d232 @A: 28 09 16 20 | 06
#0281-d232 @A: 16 29 14 33 | 04
#0282-d232 @A: 27 20 28 14 | 02
#0283-d232 @A: 05 28 26 07 | 10
#0284-d232 @A: 31 04 30 26 | 08
#0285-d232 @A: 31 26 18 03 | 05
#0286-d232 @A: 31 26 29 10 | 11
#0287-d232 @A: 26 33 31 32 | 07
#0288-d232 @A: 07 26 10 30 | 03
#0289-d232 @A: 26 19 30 16 | 09
#0290-d232 @A: 23 30 20 26 | 01
#0291-d232 @A: 10 26 18 13 | 12
#0292-d232 @A: 26 08 15 25 | 06
#0293-d232 @A: 08 27 26 18 | 04
#0294-d232 @A: 29 34 16 26 | 02
#0295-d232 @A: 11 26 15 01 | 10
#0296-d232 @A: 11 26 35 23 | 08
#0297-d232 @A: 26 12 07 01 | 05
#0298-d232 @A: 32 01 26 04 | 11
#0299-d232 @A: 07 02 23 26 | 07
#0300-d232 @A: 26 19 32 27 | 03
#0301-d232 @A: 17 18 26 06 | 09
#0302-d232 @A: 26 06 29 12 | 01
#0303-d232 @A: 26 04 15 29 | 12
#0304-d232 @A: 06 30 05 22 | 06
#0305-d232 @A: 24 05 22 20 | 04
#0306-d232 @A: 04 05 35 22 | 02
#0307-d232 @A: 22 30 15 24 | 10
#0308-d232 @A: 03 08 12 22 | 08
#0309-d232 @A: 28 03 01 22 | 05
#0310-d232 @A: 03 32 06 22 | 11
#0311-d232 @A: 04 22 02 21 | 07
#0312-d232 @A: 22 13 24 04 | 03
#0313-d232 @A: 32 22 13 14 | 09
#0314-d232 @A: 14 22 06 09 | 01
#0315-d232 @A: 23 22 17 14 | 12
#0316-d232 @A: 29 02 33 22 | 06
#0317-d232 @A: 19 25 03 05 | 04
#0318-d232 @A: 18 04 05 03 | 02
#0319-d232 @A: 06 04 08 05 | 10
#0320-d232 @A: 05 35 34 20 | 08
#0321-d232 @A: 16 11 05 15 | 05
#0322-d232 @A: 32 09 01 05 | 11
#0323-d232 @A: 13 05 23 02 | 07
#0324-d232 @A: 12 05 27 20 | 03
#0325-d232 @A: 19 31 16 03 | 09
#0326-d232 @A: 31 12 25 10 | 01
#0327-d232 @A: 08 02 31 34 | 12
#0328-d232 @A: 31 16 20 21 | 06
#0329-d232 @A: 31 07 25 04 | 04
#0330-d232 @A: 09 13 35 31 | 02
#0331-d232 @A: 35 27 31 12 | 10
#0332-d232 @A: 28 31 33 12 | 08
#0333-d232 @A: 15 31 06 18 | 05
#0334-d232 @A: 29 18 31 19 | 11
#0335-d232 @A: 03 30 28 32 | 07
#0336-d232 @A: 30 08 21 09 | 03
#0337-d232 @A: 30 27 09 08 | 09
#0338-d232 @A: 17 12 30 08 | 01
#0339-d232 @A: 19 25 30 24 | 12
#0340-d232 @A: 24 07 13 30 | 06
#0341-d232 @A: 30 35 24 16 | 04
#0342-d232 @A: 19 30 11 35 | 02
#0343-d232 @A: 16 23 11 30 | 10
#0344-d232 @A: 30 15 13 11 | 08
#0345-d232 @A: 07 19 30 23 | 05
#0346-d232 @A: 04 06 02 30 | 11
#0347-d232 @A: 09 30 12 20 | 07
#0348-d232 @A: 13 18 30 20 | 03
#0349-d232 @A: 34 10 25 03 | 09
#0350-d232 @A: 04 17 03 21 | 01
#0351-d232 @A: 25 03 12 35 | 12
#0352-d232 @A: 28 03 13 25 | 06
#0353-d232 @A: 34 35 02 03 | 04
#0354-d232 @A: 29 03 06 18 | 02
#0355-d232 @A: 29 20 14 03 | 10
#0356-d232 @A: 04 03 29 02 | 08
#0357-d232 @A: 15 10 11 24 | 05
#0358-d232 @A: 11 24 27 10 | 11
#0359-d232 @A: 10 18 27 25 | 07
#0360-d232 @A: 10 09 07 32 | 03
#0361-d232 @A: 13 10 02 28 | 09
#0362-d232 @A: 10 18 14 12 | 01
#0363-d232 @A: 13 15 10 09 | 12
#0364-d232 @A: 20 15 33 10 | 06
#0365-d232 @A: 01 19 08 25 | 04
#0366-d232 @A: 28 16 08 07 | 02
#0367-d232 @A: 16 08 13 20 | 10
#0368-d232 @A: 09 08 06 23 | 08
#0369-d232 @A: 04 33 23 08 | 05
#0370-d232 @A: 20 29 08 19 | 11
#0371-d232 @A: 11 01 21 20 | 07
#0372-d232 @A: 17 21 01 32 | 03
#0373-d232 @A: 21 01 02 35 | 09
#0374-d232 @A: 35 21 01 27 | 01
#0375-d232 @A: 21 15 01 16 | 12
#0376-d232 @A: 21 15 29 06 | 06
#0377-d232 @A: 35 24 25 27 | 04
#0378-d232 @A: 11 24 06 09 | 02
#0379-d232 @A: 33 18 24 09 | 10
#0380-d232 @A: 18 29 24 27 | 08
#0381-d232 @A: 24 13 19 29 | 05
#0382-d232 @A: 34 25 04 32 | 11
#0383-d232 @A: 23 18 25 27 | 07
#0384-d232 @A: 11 18 07 34 | 03
#0385-d232 @A: 01 28 34 09 | 09
#0386-d232 @A: 02 34 33 32 | 01
#0387-d232 @A: 34 19 12 28 | 12
#0388-d232 @A: 29 17 34 14 | 06
#0389-d232 @A: 09 04 34 20 | 04
#0390-d232 @A: 12 34 04 15 | 02
#0391-d232 @A: 33 29 12 34 | 10
#0392-d232 @A: 07 20 16 11 | 08
#0393-d232 @A: 17 29 11 23 | 05
#0394-d232 @A: 04 17 12 11 | 11
#0395-d232 @A: 01 20 19 32 | 07
#0396-d232 @A: 13 28 01 23 | 03
#0397-d232 @A: 33 01 09 06 | 09
#0398-d232 @A: 01 13 09 20 | 01
#0399-d232 @A: 13 02 18 01 | 12
#0400-d232 @A: 17 06 19 07 | 06
#0401-d232 @A: 07 33 14 17 | 04
#0402-d232 @A: 17 18 02 07 | 02
#0403-d232 @A: 33 07 13 18 | 10
#0404-d232 @A: 15 20 07 23 | 08
#0405-d232 @A: 12 07 17 29 | 05
#0406-d232 @A: 28 09 32 33 | 11
#0407-d232 @A: 12 32 09 18 | 07
#0408-d232 @A: 32 29 15 23 | 03
#0409-d232 @A: 19 32 15 04 | 09
#0410-d232 @A: 16 35 17 13 | 01
#0411-d232 @A: 06 35 18 23 | 12
#0412-d232 @A: 02 29 35 09 | 06
#0413-d232 @A: 04 16 28 27 | 04
#0414-d232 @A: 16 29 06 02 | 02
#0415-d232 @A: 12 16 15 17 | 10
#0416-d232 @A: 09 27 28 19 | 08
#0417-d232 @A: 33 09 27 04 | 05
#0418-d232 @A: 15 02 27 12 | 11
#0419-d232 @A: 17 22 30 26 | 07
#0420-d232 @A: 33 16 05 26 | 03
#0421-d232 @A: 30 35 26 14 | 09
#0422-d232 @A: 24 03 26 06 | 01
#0423-d232 @A: 04 33 03 26 | 12
#0424-d232 @A: 26 21 08 19 | 06
#0425-d232 @A: 26 08 33 07 | 04
#0426-d232 @A: 21 26 23 24 | 02
#0427-d232 @A: 26 16 35 21 | 10
#0428-d232 @A: 07 34 17 26 | 08
#0429-d232 @A: 29 11 26 07 | 05
#0430-d232 @A: 28 26 27 01 | 11
#0431-d232 @A: 15 26 07 14 | 07
#0432-d232 @A: 35 12 26 28 | 03
#0433-d232 @A: 17 14 26 12 | 09
#0434-d232 @A: 22 10 33 05 | 01
#0435-d232 @A: 04 10 22 31 | 12
#0436-d232 @A: 22 21 09 31 | 06
#0437-d232 @A: 22 30 18 25 | 04
#0438-d232 @A: 22 03 23 34 | 02
#0439-d232 @A: 03 09 22 33 | 10
#0440-d232 @A: 22 11 21 23 | 08
#0441-d232 @A: 22 12 17 21 | 05
#0442-d232 @A: 24 09 12 22 | 11
#0443-d232 @A: 15 25 35 22 | 07
#0444-d232 @A: 22 16 04 11 | 03
#0445-d232 @A: 22 28 15 19 | 09
#0446-d232 @A: 33 06 17 22 | 01
#0447-d232 @A: 22 18 19 14 | 12
#0448-d232 @A: 14 33 22 15 | 06
#0449-d232 @A: 19 20 22 33 | 04
#0450-d232 @A: 05 20 08 31 | 02
#0451-d232 @A: 33 30 05 03 | 10
#0452-d232 @A: 02 05 11 10 | 08
#0453-d232 @A: 34 32 05 08 | 05
#0454-d232 @A: 24 21 05 15 | 11
#0455-d232 @A: 25 05 14 32 | 07
#0456-d232 @A: 06 05 25 18 | 03
#0457-d232 @A: 23 05 16 34 | 09
#0458-d232 @A: 33 28 34 05 | 01
#0459-d232 @A: 04 05 11 28 | 12
#0460-d232 @A: 04 05 32 07 | 06
#0461-d232 @A: 28 18 05 23 | 04
#0462-d232 @A: 17 28 05 12 | 02
#0463-d232 @A: 05 09 12 23 | 10
#0464-d232 @A: 05 15 19 13 | 08
#0465-d232 @A: 25 30 28 31 | 05
#0466-d232 @A: 19 17 30 31 | 11
#0467-d232 @A: 31 03 20 35 | 07
#0468-d232 @A: 08 17 01 31 | 03
#0469-d232 @A: 08 31 15 29 | 09
#0470-d232 @A: 21 31 18 07 | 01
#0471-d232 @A: 31 32 21 14 | 12
#0472-d232 @A: 09 24 31 01 | 06
#0473-d232 @A: 17 34 16 31 | 04
#0474-d232 @A: 11 31 35 12 | 02
#0475-d232 @A: 31 14 28 19 | 10
#0476-d232 @A: 06 14 29 31 | 08
#0477-d232 @A: 12 14 31 23 | 05
#0478-d232 @A: 15 10 08 30 | 11
#0479-d232 @A: 30 10 32 02 | 07
#0480-d232 @A: 30 08 34 06 | 03
#0481-d232 @A: 19 12 30 01 | 09
#0482-d232 @A: 06 13 30 23 | 01
#0483-d232 @A: 03 10 01 02 | 12
#0484-d232 @A: 20 28 10 03 | 06
#0485-d232 @A: 23 08 01 03 | 04
#0486-d232 @A: 13 03 06 21 | 02
#0487-d232 @A: 27 13 21 03 | 10
#0488-d232 @A: 33 03 25 11 | 08
#0489-d232 @A: 03 16 01 04 | 05
#0490-d232 @A: 03 27 23 16 | 11
#0491-d232 @A: 27 03 14 12 | 07
#0492-d232 @A: 18 17 03 19 | 03
#0493-d232 @A: 03 02 19 20 | 09
#0494-d232 @A: 01 08 10 04 | 01
#0495-d232 @A: 32 08 20 10 | 12
#0496-d232 @A: 13 21 10 33 | 06
#0497-d232 @A: 33 07 10 12 | 04
#0498-d232 @A: 17 33 10 28 | 02
#0499-d232 @A: 18 09 06 10 | 10
#0500-d232 @A: 23 06 04 10 | 08
#0501-d232 @A: 18 23 10 33 | 05
#0502-d232 @A: 10 33 02 04 | 11
#0503-d232 @A: 25 14 08 24 | 07
#0504-d232 @A: 24 08 16 12 | 03
#0505-d232 @A: 18 15 08 01 | 09
#0506-d232 @A: 14 08 28 04 | 01
#0507-d232 @A: 09 13 17 08 | 12
#0508-d232 @A: 18 08 19 13 | 06
#0509-d232 @A: 18 08 17 33 | 04
#0510-d232 @A: 12 08 02 04 | 02
#0511-d232 @A: 21 25 24 01 | 10
#0512-d232 @A: 32 27 21 34 | 08
#0513-d232 @A: 35 07 06 21 | 05
#0514-d232 @A: 21 06 32 09 | 11
#0515-d232 @A: 15 14 02 21 | 07
#0516-d232 @A: 17 21 19 14 | 03
#0517-d232 @A: 24 04 11 25 | 09
#0518-d232 @A: 35 24 29 07 | 01
#0519-d232 @A: 28 24 07 04 | 12
#0520-d232 @A: 27 32 20 24 | 06
#0521-d232 @A: 20 17 28 24 | 04
#0522-d232 @A: 20 09 29 24 | 02
#0523-d232 @A: 34 25 16 33 | 10
#0524-d232 @A: 14 25 20 28 | 08
#0525-d232 @A: 18 19 25 33 | 05
#0526-d232 @A: 12 18 25 13 | 11
#0527-d232 @A: 16 12 34 11 | 07
#0528-d232 @A: 27 34 18 06 | 03
#0529-d232 @A: 14 27 29 11 | 09
#0530-d232 @A: 18 11 20 17 | 01
#0531-d232 @A: 01 15 19 07 | 12
#0532-d232 @A: 16 32 01 18 | 06
#0533-d232 @A: 17 01 35 33 | 04
#0534-d232 @A: 06 01 28 18 | 02
#0535-d232 @A: 04 14 01 18 | 10
#0536-d232 @A: 32 07 14 35 | 08
#0537-d232 @A: 28 07 06 09 | 05
#0538-d232 @A: 02 14 07 13 | 11
#0539-d232 @A: 29 07 04 20 | 07
#0540-d232 @A: 32 12 35 04 | 03
#0541-d232 @A: 32 02 14 12 | 09
#0542-d232 @A: 23 32 18 02 | 01
#0543-d232 @A: 18 32 12 27 | 12
#0544-d232 @A: 28 33 35 23 | 06
#0545-d232 @A: 35 29 15 33 | 04
#0546-d232 @A: 35 13 04 33 | 02
#0547-d232 @A: 23 14 16 28 | 10
#0548-d232 @A: 16 29 15 13 | 08
#0549-d232 @A: 19 16 33 12 | 05
#0550-d232 @A: 13 02 27 28 | 11
#0551-d232 @A: 27 33 15 06 | 07
#0552-d232 @A: 01 26 18 22 | 03
#0553-d232 @A: 23 09 26 22 | 09
#0554-d232 @A: 05 27 13 26 | 01
#0555-d232 @A: 21 26 13 31 | 12
#0556-d232 @A: 31 26 34 09 | 06
#0557-d232 @A: 34 26 30 02 | 04
#0558-d232 @A: 08 26 03 02 | 02
#0559-d232 @A: 03 34 26 28 | 10
#0560-d232 @A: 26 01 23 10 | 08
#0561-d232 @A: 08 06 01 26 | 05
#0562-d232 @A: 09 26 24 19 | 11
#0563-d232 @A: 26 11 34 04 | 07
#0564-d232 @A: 01 34 33 26 | 03
#0565-d232 @A: 32 26 19 17 | 09
#0566-d232 @A: 06 20 26 04 | 01
#0567-d232 @A: 33 14 27 26 | 12
#0568-d232 @A: 23 29 19 26 | 06
#0569-d232 @A: 02 15 12 26 | 04
#0570-d232 @A: 19 13 33 26 | 02
#0571-d232 @A: 22 16 05 13 | 10
#0572-d232 @A: 22 31 02 23 | 08
#0573-d232 @A: 07 30 02 22 | 05
#0574-d232 @A: 30 04 32 22 | 11
#0575-d232 @A: 24 07 22 03 | 07
#0576-d232 @A: 10 22 21 34 | 03
#0577-d232 @A: 10 09 22 35 | 09
#0578-d232 @A: 22 28 27 10 | 01
#0579-d232 @A: 08 21 22 15 | 12
#0580-d232 @A: 01 02 22 08 | 06
#0581-d232 @A: 22 07 06 08 | 04
#0582-d232 @A: 22 35 14 08 | 02
#0583-d232 @A: 22 18 04 08 | 10
#0584-d232 @A: 24 17 22 27 | 08
#0585-d232 @A: 20 25 11 22 | 05
#0586-d232 @A: 22 07 28 25 | 11
#0587-d232 @A: 13 22 11 29 | 07
#0588-d232 @A: 27 22 09 01 | 03
#0589-d232 @A: 04 20 01 22 | 09
#0590-d232 @A: 35 18 22 32 | 01
#0591-d232 @A: 22 29 06 23 | 12
#0592-d232 @A: 22 29 17 15 | 06
#0593-d232 @A: 35 31 05 16 | 04
#0594-d232 @A: 04 31 05 23 | 02
#0595-d232 @A: 17 08 03 05 | 10
#0596-d232 @A: 20 05 03 21 | 08
#0597-d232 @A: 01 10 15 05 | 05
#0598-d232 @A: 10 05 16 18 | 11
#0599-d232 @A: 29 08 16 05 | 07
#0600-d232 @A: 17 24 05 34 | 03
#0601-d232 @A: 05 32 12 24 | 09
#0602-d232 @A: 05 07 11 13 | 01
#0603-d232 @A: 05 16 07 17 | 12
#0604-d232 @A: 29 05 09 06 | 06
#0605-d232 @A: 05 02 29 15 | 04
#0606-d232 @A: 17 05 29 19 | 02
#0607-d232 @A: 07 31 30 27 | 10
#0608-d232 @A: 33 08 03 31 | 08
#0609-d232 @A: 13 03 31 24 | 05
#0610-d232 @A: 04 32 31 03 | 11
#0611-d232 @A: 21 33 31 27 | 07
#0612-d232 @A: 31 15 34 35 | 03
#0613-d232 @A: 11 13 31 32 | 09
#0614-d232 @A: 20 12 31 01 | 01
#0615-d232 @A: 09 06 27 31 | 12
#0616-d232 @A: 15 31 19 27 | 06
#0617-d232 @A: 19 12 31 13 | 04
#0618-d232 @A: 35 03 06 30 | 02
#0619-d232 @A: 32 23 30 08 | 10
#0620-d232 @A: 08 19 30 14 | 08
#0621-d232 @A: 18 24 30 02 | 05
#0622-d232 @A: 30 32 25 13 | 11
#0623-d232 @A: 23 14 30 34 | 07
#0624-d232 @A: 06 30 28 17 | 03
#0625-d232 @A: 02 29 28 30 | 09
#0626-d232 @A: 30 13 14 09 | 01
#0627-d232 @A: 15 18 04 30 | 12
#0628-d232 @A: 15 23 33 30 | 06
#0629-d232 @A: 10 03 33 19 | 04
#0630-d232 @A: 02 21 24 03 | 02
#0631-d232 @A: 21 29 34 03 | 10
#0632-d232 @A: 03 28 09 24 | 08
#0633-d232 @A: 15 16 03 25 | 05
#0634-d232 @A: 03 20 34 16 | 11
#0635-d232 @A: 33 17 29 03 | 07
#0636-d232 @A: 10 28 18 08 | 03
#0637-d232 @A: 21 32 12 10 | 09
#0638-d232 @A: 24 01 10 33 | 01
#0639-d232 @A: 10 06 16 34 | 12
#0640-d232 @A: 10 14 28 34 | 06
#0641-d232 @A: 35 32 10 23 | 04
#0642-d232 @A: 17 10 02 23 | 02
#0643-d232 @A: 08 12 21 35 | 10
#0644-d232 @A: 08 24 07 20 | 08
#0645-d232 @A: 32 08 18 24 | 05
#0646-d232 @A: 24 19 08 27 | 11
#0647-d232 @A: 08 35 17 25 | 07
#0648-d232 @A: 19 08 28 11 | 03
#0649-d232 @A: 06 08 29 11 | 09
#0650-d232 @A: 35 15 07 08 | 01
#0651-d232 @A: 16 27 17 08 | 12
#0652-d232 @A: 21 17 11 24 | 06
#0653-d232 @A: 25 20 21 35 | 04
#0654-d232 @A: 18 14 25 21 | 02
#0655-d232 @A: 21 35 11 15 | 10
#0656-d232 @A: 34 07 24 09 | 08
#0657-d232 @A: 16 34 24 28 | 05
#0658-d232 @A: 11 33 07 24 | 11
#0659-d232 @A: 15 24 07 12 | 07
#0660-d232 @A: 35 02 14 24 | 03
#0661-d232 @A: 24 29 33 06 | 09
#0662-d232 @A: 24 29 15 14 | 01
#0663-d232 @A: 12 18 24 23 | 12
#0664-d232 @A: 28 16 01 25 | 06
#0665-d232 @A: 07 25 32 27 | 04
#0666-d232 @A: 32 20 25 06 | 02
#0667-d232 @A: 25 14 15 09 | 10
#0668-d232 @A: 09 25 04 13 | 08
#0669-d232 @A: 02 12 20 25 | 05
#0670-d232 @A: 02 15 11 34 | 11
#0671-d232 @A: 09 16 34 32 | 07
#0672-d232 @A: 15 16 27 34 | 03
#0673-d232 @A: 28 27 34 12 | 09
#0674-d232 @A: 13 17 34 06 | 01
#0675-d232 @A: 13 09 34 12 | 12
#0676-d232 @A: 35 07 17 11 | 06
#0677-d232 @A: 18 11 35 33 | 04
#0678-d232 @A: 11 02 28 23 | 02
#0679-d232 @A: 13 11 04 06 | 10
#0680-d232 @A: 11 33 29 19 | 08
#0681-d232 @A: 18 27 01 14 | 05
#0682-d232 @A: 27 29 01 13 | 11
#0683-d232 @A: 17 28 07 23 | 07
#0684-d232 @A: 07 12 06 02 | 03
#0685-d232 @A: 07 27 14 19 | 09
#0686-d232 @A: 29 07 18 15 | 01
#0687-d232 @A: 32 33 23 13 | 12
#0688-d232 @A: 33 12 20 32 | 06
#0689-d232 @A: 35 14 12 33 | 04
#0690-d232 @A: 04 35 23 02 | 02
#0691-d232 @A: 28 33 16 13 | 10
#0692-d232 @A: 06 16 27 29 | 08
#0693-d232 @A: 16 27 19 20 | 05
#0694-d232 @A: 16 17 02 19 | 11
#0695-d232 @A: 20 29 09 27 | 07
#0696-d232 @A: 10 26 22 06 | 03
#0697-d232 @A: 26 34 22 25 | 09
#0698-d232 @A: 05 32 26 23 | 01
#0699-d232 @A: 21 26 15 10 | 12
#0700-d232 @A: 35 04 26 08 | 06
#0701-d232 @A: 32 21 26 34 | 04
#0702-d232 @A: 26 21 29 28 | 02
#0703-d232 @A: 14 25 33 26 | 10
#0704-d232 @A: 06 35 34 26 | 08
#0705-d232 @A: 13 11 16 26 | 05
#0706-d232 @A: 16 01 26 20 | 11
#0707-d232 @A: 26 07 32 06 | 07
#0708-d232 @A: 18 26 28 33 | 03
#0709-d232 @A: 28 02 20 26 | 09
#0710-d232 @A: 26 20 15 09 | 01
#0711-d232 @A: 33 29 26 20 | 12
#0712-d232 @A: 31 19 01 22 | 06
#0713-d232 @A: 10 30 23 22 | 04
#0714-d232 @A: 09 30 22 34 | 02
#0715-d232 @A: 20 30 22 35 | 10
#0716-d232 @A: 22 12 27 30 | 08
#0717-d232 @A: 25 13 08 22 | 05
#0718-d232 @A: 21 28 22 16 | 11
#0719-d232 @A: 24 25 02 22 | 07
#0720-d232 @A: 32 01 24 22 | 03
#0721-d232 @A: 22 09 07 11 | 09
#0722-d232 @A: 32 33 22 16 | 01
#0723-d232 @A: 24 31 05 07 | 12
#0724-d232 @A: 27 31 24 05 | 06
#0725-d232 @A: 34 29 05 31 | 04
#0726-d232 @A: 25 12 30 05 | 02
#0727-d232 @A: 32 30 17 05 | 10
#0728-d232 @A: 05 08 24 02 | 08
#0729-d232 @A: 15 08 05 28 | 05
#0730-d232 @A: 09 11 05 21 | 11
#0731-d232 @A: 32 05 21 02 | 07
#0732-d232 @A: 05 21 35 18 | 03
#0733-d232 @A: 15 34 05 25 | 09
#0734-d232 @A: 05 13 01 34 | 01
#0735-d232 @A: 05 13 29 32 | 12
#0736-d232 @A: 04 27 29 05 | 06
#0737-d232 @A: 30 31 18 11 | 04
#0738-d232 @A: 30 07 31 09 | 02
#0739-d232 @A: 08 35 31 19 | 10
#0740-d232 @A: 31 34 19 24 | 08
#0741-d232 @A: 31 24 11 02 | 05
#0742-d232 @A: 29 31 17 24 | 11
#0743-d232 @A: 25 09 31 32 | 07
#0744-d232 @A: 25 16 31 02 | 03
#0745-d232 @A: 31 11 06 23 | 09
#0746-d232 @A: 07 35 23 31 | 01
#0747-d232 @A: 32 31 17 35 | 12
#0748-d232 @A: 13 06 28 31 | 06
#0749-d232 @A: 31 04 09 12 | 04
#0750-d232 @A: 31 02 29 12 | 02
#0751-d232 @A: 07 03 30 34 | 10
#0752-d232 @A: 10 30 09 11 | 08
#0753-d232 @A: 16 30 10 28 | 05
#0754-d232 @A: 02 16 08 30 | 11
#0755-d232 @A: 01 27 24 30 | 07
#0756-d232 @A: 16 25 14 30 | 03
#0757-d232 @A: 04 27 25 30 | 09
#0758-d232 @A: 15 35 32 30 | 01
#0759-d232 @A: 20 19 28 30 | 12
#0760-d232 @A: 19 18 30 06 | 06
#0761-d232 @A: 12 30 15 14 | 04
#0762-d232 @A: 29 19 30 09 | 02
#0763-d232 @A: 13 23 27 30 | 10
#0764-d232 @A: 10 13 03 16 | 08
#0765-d232 @A: 24 15 03 34 | 05
#0766-d232 @A: 04 03 35 24 | 11
#0767-d232 @A: 03 27 06 24 | 07
#0768-d232 @A: 06 25 03 02 | 03
#0769-d232 @A: 03 12 01 34 | 09
#0770-d232 @A: 13 11 19 03 | 01
#0771-d232 @A: 33 32 03 01 | 12
#0772-d232 @A: 18 28 03 07 | 06
#0773-d232 @A: 19 15 03 09 | 04
#0774-d232 @A: 15 29 12 03 | 02
#0775-d232 @A: 21 02 16 10 | 10
#0776-d232 @A: 10 25 24 20 | 08
#0777-d232 @A: 10 13 14 25 | 05
#0778-d232 @A: 11 34 10 17 | 11
#0779-d232 @A: 01 10 14 07 | 07
#0780-d232 @A: 04 16 10 32 | 03
#0781-d232 @A: 23 16 15 10 | 09
#0782-d232 @A: 14 10 29 27 | 01
#0783-d232 @A: 10 29 23 12 | 12
#0784-d232 @A: 04 10 19 12 | 06
#0785-d232 @A: 10 33 17 27 | 04
#0786-d232 @A: 08 29 21 24 | 02
#0787-d232 @A: 28 27 08 21 | 10
#0788-d232 @A: 04 17 24 08 | 08
#0789-d232 @A: 08 34 19 07 | 05
#0790-d232 @A: 08 16 34 15 | 11
#0791-d232 @A: 11 08 35 27 | 07
#0792-d232 @A: 33 01 08 16 | 03
#0793-d232 @A: 14 32 08 15 | 09
#0794-d232 @A: 13 06 14 08 | 01
#0795-d232 @A: 12 20 08 23 | 12
#0796-d232 @A: 25 13 16 21 | 06
#0797-d232 @A: 11 21 27 23 | 04
#0798-d232 @A: 21 28 12 06 | 02
#0799-d232 @A: 19 23 28 21 | 10
#0800-d232 @A: 14 21 06 27 | 08
#0801-d232 @A: 21 33 19 15 | 05
#0802-d232 @A: 34 24 29 11 | 11
#0803-d232 @A: 24 32 07 17 | 07
#0804-d232 @A: 32 33 24 15 | 03
#0805-d232 @A: 24 14 28 06 | 09
#0806-d232 @A: 20 14 18 24 | 01
#0807-d232 @A: 24 14 23 27 | 12
#0808-d232 @A: 24 33 27 02 | 06
#0809-d232 @A: 19 12 17 24 | 04
#0810-d232 @A: 06 11 25 34 | 02
#0811-d232 @A: 34 27 25 13 | 10
#0812-d232 @A: 11 25 19 32 | 08
#0813-d232 @A: 01 35 18 25 | 05
#0814-d232 @A: 33 07 35 25 | 11
#0815-d232 @A: 25 12 06 09 | 07
#0816-d232 @A: 12 14 25 29 | 03
#0817-d232 @A: 17 25 14 04 | 09
#0818-d232 @A: 35 34 09 11 | 01
#0819-d232 @A: 34 16 01 02 | 12
#0820-d232 @A: 32 07 29 34 | 06
#0821-d232 @A: 34 07 16 14 | 04
#0822-d232 @A: 14 20 34 32 | 02
#0823-d232 @A: 34 17 18 32 | 10
#0824-d232 @A: 29 19 34 35 | 08
#0825-d232 @A: 28 29 34 23 | 05
#0826-d232 @A: 06 34 23 12 | 11
#0827-d232 @A: 19 18 02 34 | 07
#0828-d232 @A: 12 27 33 34 | 03
#0829-d232 @A: 11 14 19 12 | 09
#0830-d232 @A: 11 04 19 18 | 01
#0831-d232 @A: 15 11 04 33 | 12
#0832-d232 @A: 01 23 14 06 | 06
#0833-d232 @A: 01 15 17 06 | 04
#0834-d232 @A: 06 07 20 18 | 02
#0835-d232 @A: 15 07 09 02 | 10
#0836-d232 @A: 12 04 18 07 | 08
#0837-d232 @A: 12 32 16 28 | 05
#0838-d232 @A: 32 28 29 06 | 11
#0839-d232 @A: 28 18 32 15 | 07
#0840-d232 @A: 32 19 06 23 | 03
#0841-d232 @A: 32 14 23 09 | 09
#0842-d232 @A: 18 16 35 02 | 01
#0843-d232 @A: 35 19 28 13 | 12
#0844-d232 @A: 35 04 17 18 | 06
#0845-d232 @A: 02 35 15 13 | 04
#0846-d232 @A: 04 17 16 28 | 02
#0847-d232 @A: 33 16 06 04 | 10
#0848-d232 @A: 27 09 16 12 | 08
#0849-d232 @A: 29 20 17 16 | 05
#0850-d232 @A: 27 13 18 28 | 11
#0851-d232 @A: 14 04 27 09 | 07
#0852-d232 @A: 29 17 02 27 | 03
#0853-d232 @A: 05 22 12 26 | 09
#0854-d232 @A: 26 29 24 22 | 01
#0855-d232 @A: 26 03 09 05 | 12
#0856-d232 @A: 21 17 26 05 | 06
#0857-d232 @A: 11 25 05 26 | 04
#0858-d232 @A: 30 26 03 15 | 02
#0859-d232 @A: 30 24 33 26 | 10
#0860-d232 @A: 06 25 26 30 | 08
#0861-d232 @A: 03 10 32 26 | 05
#0862-d232 @A: 21 27 26 20 | 11
#0863-d232 @A: 07 24 26 25 | 07
#0864-d232 @A: 17 35 24 26 | 03
#0865-d232 @A: 32 26 16 14 | 09
#0866-d232 @A: 15 26 13 32 | 01
#0867-d232 @A: 13 26 09 06 | 12
#0868-d232 @A: 06 33 26 23 | 06
#0869-d232 @A: 09 04 18 26 | 04
#0870-d232 @A: 09 26 12 33 | 02
#0871-d232 @A: 22 08 05 09 | 10
#0872-d232 @A: 22 05 34 02 | 08
#0873-d232 @A: 22 27 05 02 | 05
#0874-d232 @A: 08 31 32 22 | 11
#0875-d232 @A: 30 03 22 19 | 07
#0876-d232 @A: 22 24 28 10 | 03
#0877-d232 @A: 11 10 14 22 | 09
#0878-d232 @A: 22 01 13 21 | 01
#0879-d232 @A: 27 15 21 22 | 12
#0880-d232 @A: 16 24 17 22 | 06
#0881-d232 @A: 29 22 25 09 | 04
#0882-d232 @A: 22 07 04 34 | 02
#0883-d232 @A: 29 07 14 22 | 10
#0884-d232 @A: 28 22 29 12 | 08
#0885-d232 @A: 22 15 04 23 | 05
#0886-d232 @A: 23 22 12 19 | 11
#0887-d232 @A: 31 05 13 25 | 07
#0888-d232 @A: 34 03 11 05 | 03
#0889-d232 @A: 21 10 06 05 | 09
#0890-d232 @A: 05 19 10 35 | 01
#0891-d232 @A: 25 16 20 05 | 12
#0892-d232 @A: 17 01 11 05 | 06
#0893-d232 @A: 07 18 05 19 | 04
#0894-d232 @A: 09 04 05 15 | 02
#0895-d232 @A: 15 05 27 09 | 10
#0896-d232 @A: 27 05 23 19 | 08
#0897-d232 @A: 03 30 23 31 | 05
#0898-d232 @A: 09 10 31 03 | 11
#0899-d232 @A: 31 03 07 14 | 07
#0900-d232 @A: 08 18 31 25 | 03
#0901-d232 @A: 09 11 08 31 | 09
#0902-d232 @A: 35 01 31 14 | 01
#0903-d232 @A: 31 16 07 06 | 12
#0904-d232 @A: 28 02 07 31 | 06
#0905-d232 @A: 31 18 28 04 | 04
#0906-d232 @A: 09 33 31 17 | 02
#0907-d232 @A: 18 33 02 31 | 10
#0908-d232 @A: 10 15 30 27 | 08
#0909-d232 @A: 30 33 01 11 | 05
#0910-d232 @A: 06 29 30 07 | 11
#0911-d232 @A: 14 30 20 02 | 07
#0912-d232 @A: 30 19 33 04 | 03
#0913-d232 @A: 18 03 16 08 | 09
#0914-d232 @A: 03 14 11 35 | 01
#0915-d232 @A: 27 03 01 32 | 12
#0916-d232 @A: 03 07 02 16 | 06
#0917-d232 @A: 03 16 29 23 | 04
#0918-d232 @A: 14 15 03 28 | 02
#0919-d232 @A: 27 03 28 29 | 10
#0920-d232 @A: 09 06 20 03 | 08
#0921-d232 @A: 03 04 14 13 | 05
#0922-d232 @A: 15 33 03 18 | 11
#0923-d232 @A: 13 03 15 20 | 07
#0924-d232 @A: 03 13 33 12 | 03
#0925-d232 @A: 32 24 14 10 | 09
#0926-d232 @A: 17 10 25 09 | 01
#0927-d232 @A: 23 34 10 07 | 12
#0928-d232 @A: 10 01 20 35 | 06
#0929-d232 @A: 10 06 29 13 | 04
#0930-d232 @A: 14 09 04 10 | 02
#0931-d232 @A: 29 10 14 02 | 10
#0932-d232 @A: 27 10 20 13 | 08
#0933-d232 @A: 10 04 17 13 | 05
#0934-d232 @A: 08 01 21 28 | 11
#0935-d232 @A: 07 04 21 08 | 07
#0936-d232 @A: 33 21 32 08 | 03
#0937-d232 @A: 19 32 08 16 | 09
#0938-d232 @A: 08 09 02 28 | 01
#0939-d232 @A: 13 08 12 28 | 12
#0940-d232 @A: 33 19 06 08 | 06
#0941-d232 @A: 15 20 08 04 | 04
#0942-d232 @A: 08 15 17 19 | 02
#0943-d232 @A: 25 34 21 19 | 10
#0944-d232 @A: 25 12 07 21 | 08
#0945-d232 @A: 21 17 25 02 | 05
#0946-d232 @A: 06 21 34 01 | 11
#0947-d232 @A: 07 01 23 21 | 07
#0948-d232 @A: 21 16 33 07 | 03
#0949-d232 @A: 29 19 21 16 | 09
#0950-d232 @A: 21 09 28 17 | 01
#0951-d232 @A: 29 18 33 21 | 12
#0952-d232 @A: 21 27 29 12 | 06
#0953-d232 @A: 01 24 23 16 | 04
#0954-d232 @A: 18 04 24 06 | 02
#0955-d232 @A: 19 02 06 24 | 10
#0956-d232 @A: 02 15 04 24 | 08
#0957-d232 @A: 14 34 35 25 | 05
#0958-d232 @A: 25 11 15 07 | 11
#0959-d232 @A: 11 09 16 25 | 07
#0960-d232 @A: 25 32 35 02 | 03
#0961-d232 @A: 19 25 06 29 | 09
#0962-d232 @A: 13 15 17 25 | 01
#0963-d232 @A: 27 29 25 33 | 12
#0964-d232 @A: 13 15 14 34 | 06
#0965-d232 @A: 20 34 04 27 | 04
#0966-d232 @A: 04 27 11 01 | 02
#0967-d232 @A: 07 02 04 11 | 10
#0968-d232 @A: 17 33 11 16 | 08
#0969-d232 @A: 20 06 19 11 | 05
#0970-d232 @A: 33 02 11 14 | 11
#0971-d232 @A: 11 33 09 13 | 07
#0972-d232 @A: 13 01 07 17 | 03
#0973-d232 @A: 29 02 32 01 | 09
#0974-d232 @A: 28 14 12 01 | 01
#0975-d232 @A: 01 18 23 19 | 12
#0976-d232 @A: 01 12 13 29 | 06
#0977-d232 @A: 01 04 17 19 | 04
#0978-d232 @A: 17 20 09 07 | 02
#0979-d232 @A: 32 19 33 14 | 10
#0980-d232 @A: 35 06 19 16 | 08
#0981-d232 @A: 14 28 35 18 | 05
#0982-d232 @A: 14 15 19 35 | 11
#0983-d232 @A: 35 23 20 09 | 07
#0984-d232 @A: 35 33 09 19 | 03
#0985-d232 @A: 35 23 19 17 | 09
#0986-d232 @A: 20 29 35 12 | 01
#0987-d232 @A: 02 12 19 35 | 12
#0988-d232 @A: 16 12 20 18 | 06
#0989-d232 @A: 16 23 13 04 | 04
#0990-d232 @A: 22 19 26 07 | 02
#0991-d232 @A: 03 11 20 26 | 10
#0992-d232 @A: 03 26 19 14 | 08
#0993-d232 @A: 17 26 23 08 | 05
#0994-d232 @A: 21 09 07 26 | 11
#0995-d232 @A: 20 18 21 26 | 07
#0996-d232 @A: 27 26 24 09 | 03
#0997-d232 @A: 25 13 26 02 | 09
#0998-d232 @A: 28 26 06 16 | 01
#0999-d232 @A: 06 26 02 14 | 12
#1000-d232 @A: 26 18 02 29 | 06
#1001-d232 @A: 23 26 04 12 | 04
#1002-d232 @A: 05 31 22 28 | 02
#1003-d232 @A: 08 28 30 22 | 10
#1004-d232 @A: 29 18 22 10 | 08
#1005-d232 @A: 10 19 22 27 | 05
#1006-d232 @A: 22 21 20 07 | 11
#1007-d232 @A: 32 07 22 23 | 07
#1008-d232 @A: 16 18 07 22 | 03
#1009-d232 @A: 04 06 22 12 | 09
#1010-d232 @A: 15 22 18 09 | 01
#1011-d232 @A: 23 13 22 18 | 12
#1012-d232 @A: 02 22 15 20 | 06
#1013-d232 @A: 19 31 21 05 | 04
#1014-d232 @A: 10 05 30 04 | 02
#1015-d232 @A: 14 07 30 05 | 10
#1016-d232 @A: 05 28 30 13 | 08
#1017-d232 @A: 03 01 06 05 | 05
#1018-d232 @A: 05 07 12 03 | 11
#1019-d232 @A: 33 25 05 08 | 07
#1020-d232 @A: 29 05 07 21 | 03
#1021-d232 @A: 27 25 28 05 | 09
#1022-d232 @A: 11 35 05 06 | 01
#1023-d232 @A: 35 01 12 05 | 12
#1024-d232 @A: 20 28 05 01 | 06
#1025-d232 @A: 05 06 16 32 | 04
#1026-d232 @A: 33 32 27 05 | 02
#1027-d232 @A: 17 05 14 35 | 10
#1028-d232 @A: 05 02 16 14 | 08
#1029-d232 @A: 08 06 31 12 | 05
#1030-d232 @A: 35 31 24 18 | 11
#1031-d232 @A: 31 11 14 34 | 07
#1032-d232 @A: 31 28 34 32 | 03
#1033-d232 @A: 28 11 16 31 | 09
#1034-d232 @A: 19 31 07 32 | 01
#1035-d232 @A: 16 31 09 18 | 12
#1036-d232 @A: 18 14 31 13 | 06
#1037-d232 @A: 31 23 33 19 | 04
#1038-d232 @A: 15 31 13 33 | 02
#1039-d232 @A: 03 10 12 30 | 10
#1040-d232 @A: 11 02 03 30 | 08
#1041-d232 @A: 30 03 17 16 | 05
#1042-d232 @A: 01 21 30 10 | 11
#1043-d232 @A: 30 21 25 15 | 07
#1044-d232 @A: 21 17 30 27 | 03
#1045-d232 @A: 11 25 17 30 | 09
#1046-d232 @A: 30 33 14 28 | 01
#1047-d232 @A: 06 27 20 30 | 12
#1048-d232 @A: 02 30 15 19 | 06
#1049-d232 @A: 29 27 19 30 | 04
#1050-d232 @A: 24 03 01 20 | 02
#1051-d232 @A: 29 03 24 32 | 10
#1052-d232 @A: 03 09 27 25 | 08
#1053-d232 @A: 03 19 34 32 | 05
#1054-d232 @A: 18 12 02 03 | 11
#1055-d232 @A: 19 04 03 23 | 07
#1056-d232 @A: 13 10 24 08 | 03
#1057-d232 @A: 09 16 24 10 | 09
#1058-d232 @A: 16 25 10 35 | 01
#1059-d232 @A: 10 35 34 04 | 12
#1060-d232 @A: 10 19 11 16 | 06
#1061-d232 @A: 19 09 01 10 | 04
#1062-d232 @A: 01 10 12 27 | 02
#1063-d232 @A: 06 35 10 15 | 10
#1064-d232 @A: 10 06 20 02 | 08
#1065-d232 @A: 10 19 17 20 | 05
#1066-d232 @A: 08 12 25 11 | 11
#1067-d232 @A: 04 32 11 08 | 07
#1068-d232 @A: 12 08 01 32 | 03
#1069-d232 @A: 08 12 07 14 | 09
#1070-d232 @A: 20 35 02 08 | 01
#1071-d232 @A: 29 14 08 23 | 12
#1072-d232 @A: 09 18 20 08 | 06
#1073-d232 @A: 08 23 13 15 | 04
#1074-d232 @A: 27 08 12 23 | 02
#1075-d232 @A: 17 02 08 29 | 10
#1076-d232 @A: 14 07 21 24 | 08
#1077-d232 @A: 27 04 24 21 | 05
#1078-d232 @A: 21 27 25 19 | 11
#1079-d232 @A: 21 34 07 02 | 07
#1080-d232 @A: 21 11 16 14 | 03
#1081-d232 @A: 14 09 21 29 | 09
#1082-d232 @A: 23 14 20 21 | 01
#1083-d232 @A: 21 20 19 12 | 12
#1084-d232 @A: 12 25 34 24 | 06
#1085-d232 @A: 20 35 11 24 | 04
#1086-d232 @A: 07 02 01 24 | 02
#1087-d232 @A: 15 35 24 01 | 10
#1088-d232 @A: 24 02 12 28 | 08
#1089-d232 @A: 15 18 24 19 | 05
#1090-d232 @A: 20 33 24 13 | 11
#1091-d232 @A: 24 33 02 17 | 07
#1092-d232 @A: 18 25 23 34 | 03
#1093-d232 @A: 18 25 20 15 | 09
#1094-d232 @A: 23 25 04 29 | 01
#1095-d232 @A: 18 14 34 06 | 12
#1096-d232 @A: 11 07 12 32 | 06
#1097-d232 @A: 06 07 27 11 | 04
#1098-d232 @A: 32 35 29 11 | 02
#1099-d232 @A: 11 09 35 27 | 10
#1100-d232 @A: 15 18 11 23 | 08
#1101-d232 @A: 13 11 20 02 | 05
#1102-d232 @A: 11 13 27 12 | 11
#1103-d232 @A: 01 06 04 07 | 07
#1104-d232 @A: 01 29 20 06 | 03
#1105-d232 @A: 01 02 09 14 | 09
#1106-d232 @A: 07 13 16 09 | 01
#1107-d232 @A: 28 07 13 29 | 12
#1108-d232 @A: 07 33 28 27 | 06
#1109-d232 @A: 23 04 27 07 | 04
#1110-d232 @A: 23 07 13 12 | 02
#1111-d232 @A: 32 27 17 15 | 10
#1112-d232 @A: 32 20 04 02 | 08
#1113-d232 @A: 26 22 33 11 | 05
#1114-d232 @A: 02 26 22 16 | 11
#1115-d232 @A: 31 28 26 01 | 07
#1116-d232 @A: 19 10 26 34 | 03
#1117-d232 @A: 16 26 10 17 | 09
#1118-d232 @A: 02 26 33 21 | 01
#1119-d232 @A: 26 18 15 34 | 12
#1120-d232 @A: 15 06 26 19 | 06
#1121-d232 @A: 23 26 15 27 | 04
#1122-d232 @A: 20 13 26 12 | 02
#1123-d232 @A: 27 26 04 12 | 10
#1124-d232 @A: 22 31 27 23 | 08
#1125-d232 @A: 35 22 27 03 | 05
#1126-d232 @A: 24 08 33 22 | 11
#1127-d232 @A: 22 34 27 08 | 07
#1128-d232 @A: 21 25 22 06 | 03
#1129-d232 @A: 23 24 35 22 | 09
#1130-d232 @A: 25 14 22 27 | 01
#1131-d232 @A: 16 22 34 35 | 12
#1132-d232 @A: 22 20 17 34 | 06
#1133-d232 @A: 11 22 27 20 | 04
#1134-d232 @A: 06 13 20 22 | 02
#1135-d232 @A: 27 22 04 18 | 10
#1136-d232 @A: 04 22 19 29 | 08
#1137-d232 @A: 05 31 18 32 | 05
#1138-d232 @A: 05 30 35 02 | 11
#1139-d232 @A: 03 05 23 24 | 07
#1140-d232 @A: 21 08 05 13 | 03
#1141-d232 @A: 35 05 23 08 | 09
#1142-d232 @A: 05 04 34 21 | 01
#1143-d232 @A: 29 05 35 25 | 12
#1144-d232 @A: 06 34 05 07 | 06
#1145-d232 @A: 32 05 11 20 | 04
#1146-d232 @A: 27 05 01 16 | 02
#1147-d232 @A: 35 09 07 05 | 10
#1148-d232 @A: 04 14 05 12 | 08
#1149-d232 @A: 04 02 05 19 | 05
#1150-d232 @A: 30 33 31 34 | 11
#1151-d232 @A: 29 35 30 31 | 07
#1152-d232 @A: 06 20 31 30 | 03
#1153-d232 @A: 03 01 31 15 | 09
#1154-d232 @A: 01 31 21 29 | 01
#1155-d232 @A: 20 31 34 25 | 12
#1156-d232 @A: 01 33 31 25 | 06
#1157-d232 @A: 06 25 35 31 | 04
#1158-d232 @A: 15 31 19 11 | 02
#1159-d232 @A: 01 02 31 06 | 10
#1160-d232 @A: 27 31 01 02 | 08
#1161-d232 @A: 07 33 29 31 | 05
#1162-d232 @A: 24 03 30 14 | 11
#1163-d232 @A: 03 04 20 30 | 07
#1164-d232 @A: 10 17 30 35 | 03
#1165-d232 @A: 07 30 08 11 | 09
#1166-d232 @A: 21 17 30 07 | 01
#1167-d232 @A: 30 20 34 11 | 12
#1168-d232 @A: 33 32 30 07 | 06
#1169-d232 @A: 32 20 30 16 | 04
#1170-d232 @A: 14 29 32 30 | 02
#1171-d232 @A: 02 33 27 30 | 10
#1172-d232 @A: 10 03 21 23 | 08
#1173-d232 @A: 08 03 21 14 | 05
#1174-d232 @A: 03 08 20 25 | 11
#1175-d232 @A: 09 16 21 03 | 07
#1176-d232 @A: 18 25 24 03 | 03
#1177-d232 @A: 25 14 01 03 | 09
#1178-d232 @A: 18 13 03 34 | 01
#1179-d232 @A: 03 06 16 11 | 12
#1180-d232 @A: 33 27 11 03 | 06
#1181-d232 @A: 23 03 12 32 | 04
#1182-d232 @A: 03 06 12 19 | 02
#1183-d232 @A: 14 03 23 02 | 10
#1184-d232 @A: 02 03 19 27 | 08
#1185-d232 @A: 11 10 04 21 | 05
#1186-d232 @A: 10 21 28 07 | 11
#1187-d232 @A: 20 21 10 09 | 07
#1188-d232 @A: 18 07 24 10 | 03
#1189-d232 @A: 20 12 10 34 | 09
#1190-d232 @A: 10 11 13 35 | 01
#1191-d232 @A: 10 28 15 12 | 12
#1192-d232 @A: 10 23 14 19 | 06
#1193-d232 @A: 10 29 09 33 | 04
#1194-d232 @A: 10 13 20 23 | 02
#1195-d232 @A: 10 15 19 29 | 10
#1196-d232 @A: 08 28 32 25 | 08
#1197-d232 @A: 16 25 08 06 | 05
#1198-d232 @A: 35 16 11 08 | 11
#1199-d232 @A: 13 01 08 35 | 07
#1200-d232 @A: 08 07 02 32 | 03
#1201-d232 @A: 29 08 27 07 | 09
#1202-d232 @A: 08 06 28 20 | 01
#1203-d232 @A: 08 02 18 14 | 12
#1204-d232 @A: 29 18 08 12 | 06
#1205-d232 @A: 33 13 02 08 | 04
#1206-d232 @A: 24 21 33 12 | 02
#1207-d232 @A: 09 25 33 21 | 10
#1208-d232 @A: 32 11 21 18 | 08
#1209-d232 @A: 23 16 32 21 | 05
#1210-d232 @A: 32 21 20 15 | 11
#1211-d232 @A: 09 18 27 21 | 07
#1212-d232 @A: 21 13 18 15 | 03
#1213-d232 @A: 19 13 02 21 | 09
#1214-d232 @A: 25 16 24 29 | 01
#1215-d232 @A: 28 24 32 11 | 12
#1216-d232 @A: 12 06 01 24 | 06
#1217-d232 @A: 02 20 24 16 | 04
#1218-d232 @A: 14 09 17 24 | 02
#1219-d232 @A: 24 23 33 14 | 10
#1220-d232 @A: 19 24 14 04 | 08
#1221-d232 @A: 13 02 24 09 | 05
#1222-d232 @A: 18 24 13 17 | 11
#1223-d232 @A: 24 20 12 04 | 07
#1224-d232 @A: 25 13 34 07 | 03
#1225-d232 @A: 01 25 13 11 | 09
#1226-d232 @A: 35 25 28 11 | 01
#1227-d232 @A: 11 29 25 02 | 12
#1228-d232 @A: 07 01 25 09 | 06
#1229-d232 @A: 25 01 32 15 | 04
#1230-d232 @A: 18 32 07 25 | 02
#1231-d232 @A: 25 02 23 09 | 10
#1232-d232 @A: 18 25 04 02 | 08
#1233-d232 @A: 34 23 32 11 | 05
#1234-d232 @A: 01 07 34 20 | 11
#1235-d232 @A: 28 34 18 20 | 07
#1236-d232 @A: 02 34 23 20 | 03
#1237-d232 @A: 12 34 17 02 | 09
#1238-d232 @A: 01 04 11 35 | 01
#1239-d232 @A: 01 23 09 11 | 12
#1240-d232 @A: 14 15 06 11 | 06
#1241-d232 @A: 11 15 29 09 | 04
#1242-d232 @A: 17 14 01 16 | 02
#1243-d232 @A: 06 07 13 15 | 10
#1244-d232 @A: 07 14 20 19 | 08
#1245-d232 @A: 09 29 07 23 | 05
#1246-d232 @A: 07 15 04 17 | 11
#1247-d232 @A: 32 28 23 04 | 07
#1248-d232 @A: 06 04 14 32 | 03
#1249-d232 @A: 32 02 06 13 | 09
#1250-d232 @A: 13 09 27 32 | 01
#1251-d232 @A: 27 06 28 35 | 12
#1252-d232 @A: 14 13 35 23 | 06
#1253-d232 @A: 18 13 35 29 | 04
#1254-d232 @A: 19 28 18 16 | 02
#1255-d232 @A: 20 06 16 23 | 10
#1256-d232 @A: 04 16 14 20 | 08
#1257-d232 @A: 09 19 23 16 | 05
#1258-d232 @A: 20 15 16 19 | 11
#1259-d232 @A: 02 16 12 13 | 07
#1260-d232 @A: 03 22 21 26 | 03
#1261-d232 @A: 26 22 13 35 | 09
#1262-d232 @A: 04 26 14 22 | 01
#1263-d232 @A: 24 05 18 26 | 12
#1264-d232 @A: 05 26 35 15 | 06
#1265-d232 @A: 27 26 29 31 | 04
#1266-d232 @A: 08 30 26 13 | 02
#1267-d232 @A: 23 03 25 26 | 10
#1268-d232 @A: 01 17 03 26 | 08
#1269-d232 @A: 02 26 10 09 | 05
#1270-d232 @A: 08 26 34 12 | 11
#1271-d232 @A: 26 32 08 29 | 07
#1272-d232 @A: 16 09 08 26 | 03
#1273-d232 @A: 25 21 04 26 | 09
#1274-d232 @A: 06 21 11 26 | 01
#1275-d232 @A: 26 24 15 16 | 12
#1276-d232 @A: 29 01 25 26 | 06
#1277-d232 @A: 16 26 18 25 | 04
#1278-d232 @A: 04 16 07 26 | 02
#1279-d232 @A: 28 26 15 23 | 10
#1280-d232 @A: 17 26 13 28 | 08
#1281-d232 @A: 14 23 18 26 | 05
#1282-d232 @A: 15 26 17 33 | 11
#1283-d232 @A: 05 18 11 22 | 07
#1284-d232 @A: 15 05 22 07 | 03
#1285-d232 @A: 22 24 06 31 | 09
#1286-d232 @A: 14 31 25 22 | 01
#1287-d232 @A: 20 31 29 22 | 12
#1288-d232 @A: 30 21 22 33 | 06
#1289-d232 @A: 22 30 16 29 | 04
#1290-d232 @A: 22 03 04 25 | 02
#1291-d232 @A: 20 22 18 03 | 10
#1292-d232 @A: 22 08 16 23 | 08
#1293-d232 @A: 12 22 01 25 | 05
#1294-d232 @A: 32 22 34 12 | 11
#1295-d232 @A: 22 32 15 11 | 07
#1296-d232 @A: 11 02 35 22 | 03
#1297-d232 @A: 01 33 07 22 | 09
#1298-d232 @A: 16 01 22 09 | 01
#1299-d232 @A: 22 16 33 27 | 12
#1300-d232 @A: 12 22 18 33 | 06
#1301-d232 @A: 31 05 03 02 | 04
#1302-d232 @A: 35 03 05 13 | 02
#1303-d232 @A: 05 23 10 25 | 10
#1304-d232 @A: 34 09 10 05 | 08
#1305-d232 @A: 05 01 08 07 | 05
#1306-d232 @A: 21 05 25 28 | 11
#1307-d232 @A: 05 07 02 25 | 07
#1308-d232 @A: 34 27 17 05 | 03
#1309-d232 @A: 11 05 19 23 | 09
#1310-d232 @A: 19 14 05 06 | 01
#1311-d232 @A: 33 05 06 15 | 12
#1312-d232 @A: 02 17 09 05 | 06
#1313-d232 @A: 05 29 33 04 | 04
#1314-d232 @A: 13 33 05 17 | 02
#1315-d232 @A: 34 10 31 13 | 10
#1316-d232 @A: 19 02 10 31 | 08
#1317-d232 @A: 25 31 27 08 | 05
#1318-d232 @A: 08 16 04 31 | 11
#1319-d232 @A: 31 20 32 24 | 07
#1320-d232 @A: 31 11 07 01 | 03
#1321-d232 @A: 29 32 31 16 | 09
#1322-d232 @A: 31 04 20 19 | 01
#1323-d232 @A: 27 31 17 20 | 12
#1324-d232 @A: 03 25 09 30 | 06
#1325-d232 @A: 11 30 29 21 | 04
#1326-d232 @A: 24 04 30 34 | 02
#1327-d232 @A: 34 30 15 17 | 10
#1328-d232 @A: 30 04 11 14 | 08
#1329-d232 @A: 30 06 01 16 | 05
#1330-d232 @A: 15 06 09 30 | 11
#1331-d232 @A: 30 23 29 18 | 07
#1332-d232 @A: 08 19 24 03 | 03
#1333-d232 @A: 35 08 28 03 | 09
#1334-d232 @A: 12 24 11 03 | 01
#1335-d232 @A: 03 24 16 33 | 12
#1336-d232 @A: 23 03 11 07 | 06
#1337-d232 @A: 09 04 11 03 | 04
#1338-d232 @A: 29 19 03 28 | 02
#1339-d232 @A: 06 14 03 17 | 10
#1340-d232 @A: 20 12 17 03 | 08
#1341-d232 @A: 10 08 14 16 | 05
#1342-d232 @A: 25 18 11 10 | 11
#1343-d232 @A: 25 10 04 15 | 07
#1344-d232 @A: 35 10 02 07 | 03
#1345-d232 @A: 16 07 29 10 | 09
#1346-d232 @A: 28 10 23 09 | 01
#1347-d232 @A: 12 17 06 10 | 12
#1348-d232 @A: 08 21 11 02 | 06
#1349-d232 @A: 08 18 21 06 | 04
#1350-d232 @A: 08 34 13 11 | 02
#1351-d232 @A: 34 01 08 14 | 10
#1352-d232 @A: 08 34 18 35 | 08
#1353-d232 @A: 28 17 08 34 | 05
#1354-d232 @A: 32 35 09 08 | 11
#1355-d232 @A: 29 33 28 08 | 07
#1356-d232 @A: 14 27 08 02 | 03
#1357-d232 @A: 08 33 12 15 | 09
#1358-d232 @A: 21 16 34 18 | 01
#1359-d232 @A: 12 34 21 14 | 12
#1360-d232 @A: 15 21 09 34 | 06
#1361-d232 @A: 11 21 19 07 | 04
#1362-d232 @A: 32 07 13 21 | 02
#1363-d232 @A: 23 29 35 21 | 10
#1364-d232 @A: 15 21 04 28 | 08
#1365-d232 @A: 02 23 21 06 | 05
#1366-d232 @A: 23 13 21 09 | 11
#1367-d232 @A: 21 04 18 23 | 07
#1368-d232 @A: 15 23 21 12 | 03
#1369-d232 @A: 13 29 17 21 | 09
#1370-d232 @A: 13 24 23 11 | 01
#1371-d232 @A: 32 24 19 35 | 12
#1372-d232 @A: 23 07 16 25 | 06
#1373-d232 @A: 25 06 14 07 | 04
#1374-d232 @A: 25 29 32 33 | 02
#1375-d232 @A: 25 12 16 04 | 10
#1376-d232 @A: 06 04 28 25 | 08
#1377-d232 @A: 28 25 19 17 | 05
#1378-d232 @A: 19 20 25 09 | 11
#1379-d232 @A: 25 12 17 27 | 07
#1380-d232 @A: 15 34 28 06 | 03
#1381-d232 @A: 02 09 34 06 | 09
#1382-d232 @A: 19 09 14 34 | 01
#1383-d232 @A: 34 33 19 17 | 12
#1384-d232 @A: 32 11 01 14 | 06
#1385-d232 @A: 12 20 15 11 | 04
#1386-d232 @A: 28 15 33 01 | 02
#1387-d232 @A: 19 33 01 02 | 10
#1388-d232 @A: 04 33 12 01 | 08
#1389-d232 @A: 07 09 27 17 | 05
#1390-d232 @A: 13 28 32 20 | 11
#1391-d232 @A: 28 19 02 32 | 07
#1392-d232 @A: 29 32 09 04 | 03
#1393-d232 @A: 27 32 04 02 | 09
#1394-d232 @A: 16 28 35 29 | 01
#1395-d232 @A: 20 16 35 33 | 12
#1396-d232 @A: 35 02 28 17 | 06
#1397-d232 @A: 06 17 29 35 | 04
#1398-d232 @A: 35 18 20 19 | 02
#1399-d232 @A: 28 02 16 15 | 10
#1400-d232 @A: 06 12 16 14 | 08
#1401-d232 @A: 33 15 16 09 | 05
#1402-d232 @A: 16 09 02 04 | 11
#1403-d232 @A: 16 18 23 17 | 07
#1404-d232 @A: 29 18 04 16 | 03
#1405-d232 @A: 22 31 15 26 | 09
#1406-d232 @A: 13 26 05 04 | 01
#1407-d232 @A: 14 08 26 31 | 12
#1408-d232 @A: 26 35 31 02 | 06
#1409-d232 @A: 21 26 12 30 | 04
#1410-d232 @A: 32 18 26 30 | 02
#1411-d232 @A: 26 34 10 27 | 10
#1412-d232 @A: 10 35 26 33 | 08
#1413-d232 @A: 11 08 26 18 | 05
#1414-d232 @A: 21 14 26 01 | 11
#1415-d232 @A: 24 26 02 32 | 07
#1416-d232 @A: 25 27 16 26 | 03
#1417-d232 @A: 26 35 01 19 | 09
#1418-d232 @A: 26 18 07 35 | 01
#1419-d232 @A: 09 26 14 28 | 12
#1420-d232 @A: 09 27 26 02 | 06
#1421-d232 @A: 18 12 26 19 | 04
#1422-d232 @A: 05 23 01 22 | 02
#1423-d232 @A: 02 22 03 13 | 10
#1424-d232 @A: 20 22 10 16 | 08
#1425-d232 @A: 33 22 23 25 | 05
#1426-d232 @A: 34 13 22 33 | 11
#1427-d232 @A: 11 01 22 06 | 07
#1428-d232 @A: 29 22 35 01 | 03
#1429-d232 @A: 12 22 07 35 | 09
#1430-d232 @A: 22 18 02 06 | 01
#1431-d232 @A: 31 17 05 10 | 12
#1432-d232 @A: 08 30 18 05 | 06
#1433-d232 @A: 28 16 05 03 | 04
#1434-d232 @A: 05 33 21 01 | 02
#1435-d232 @A: 21 07 27 05 | 10
#1436-d232 @A: 05 12 18 34 | 08
#1437-d232 @A: 29 12 05 11 | 05
#1438-d232 @A: 35 33 32 05 | 11
#1439-d232 @A: 29 28 14 05 | 07
#1440-d232 @A: 17 23 06 05 | 03
#1441-d232 @A: 18 09 13 05 | 09
#1442-d232 @A: 02 33 12 05 | 01
#1443-d232 @A: 08 31 30 24 | 12
#1444-d232 @A: 16 15 31 30 | 06
#1445-d232 @A: 01 10 18 31 | 04
#1446-d232 @A: 07 31 15 10 | 02
#1447-d232 @A: 23 08 31 28 | 10
#1448-d232 @A: 31 04 21 35 | 08
#1449-d232 @A: 16 24 14 31 | 05
#1450-d232 @A: 31 33 04 24 | 11
#1451-d232 @A: 09 31 34 27 | 07
#1452-d232 @A: 16 31 01 13 | 03
#1453-d232 @A: 31 32 02 15 | 09
#1454-d232 @A: 06 04 17 31 | 01
#1455-d232 @A: 31 20 33 14 | 12
#1456-d232 @A: 23 20 31 18 | 06
#1457-d232 @A: 29 13 31 23 | 04
#1458-d232 @A: 31 13 17 20 | 02
#1459-d232 @A: 31 04 02 13 | 10
#1460-d232 @A: 29 10 30 20 | 08
#1461-d232 @A: 10 30 19 13 | 05
#1462-d232 @A: 08 20 01 30 | 11
#1463-d232 @A: 30 08 33 35 | 07
#1464-d232 @A: 14 30 21 06 | 03
#1465-d232 @A: 24 01 30 17 | 09
#1466-d232 @A: 30 24 28 23 | 01
#1467-d232 @A: 24 12 30 29 | 12
#1468-d232 @A: 02 01 30 25 | 06
#1469-d232 @A: 01 23 04 30 | 04
#1470-d232 @A: 01 30 29 15 | 02
#1471-d232 @A: 15 07 28 30 | 10
#1472-d232 @A: 18 35 09 30 | 08
#1473-d232 @A: 30 20 33 17 | 05
#1474-d232 @A: 33 29 13 30 | 11
#1475-d232 @A: 30 13 04 12 | 07
#1476-d232 @A: 11 03 10 29 | 03
#1477-d232 @A: 03 18 35 10 | 09
#1478-d232 @A: 03 08 09 07 | 01
#1479-d232 @A: 07 17 03 25 | 12
#1480-d232 @A: 18 11 03 01 | 06
#1481-d232 @A: 35 01 09 03 | 04
#1482-d232 @A: 07 03 33 06 | 02
#1483-d232 @A: 23 35 15 03 | 10
#1484-d232 @A: 02 03 33 28 | 08
#1485-d232 @A: 23 03 18 09 | 05
#1486-d232 @A: 03 29 09 13 | 11
#1487-d232 @A: 27 03 04 15 | 07
#1488-d232 @A: 10 34 08 33 | 03
#1489-d232 @A: 23 11 10 08 | 09
#1490-d232 @A: 21 19 24 10 | 01
#1491-d232 @A: 10 32 34 15 | 12
#1492-d232 @A: 33 32 10 11 | 06
#1493-d232 @A: 18 10 32 19 | 04
#1494-d232 @A: 10 02 35 27 | 02
#1495-d232 @A: 33 14 10 06 | 10
#1496-d232 @A: 10 14 17 15 | 08
#1497-d232 @A: 10 09 27 23 | 05
#1498-d232 @A: 18 15 10 02 | 11
#1499-d232 @A: 17 21 16 08 | 07
#1500-d232 @A: 06 08 35 24 | 03
#1501-d232 @A: 09 08 34 25 | 09
#1502-d232 @A: 25 29 08 07 | 01
#1503-d232 @A: 29 01 09 08 | 12
#1504-d232 @A: 17 08 20 14 | 06
#1505-d232 @A: 13 24 34 21 | 04
#1506-d232 @A: 35 24 21 09 | 02
#1507-d232 @A: 27 02 21 16 | 10
#1508-d232 @A: 21 19 04 06 | 08
#1509-d232 @A: 20 29 21 02 | 05
#1510-d232 @A: 01 34 24 18 | 11
#1511-d232 @A: 24 01 29 04 | 07
#1512-d232 @A: 24 15 28 27 | 03
#1513-d232 @A: 20 23 01 25 | 09
#1514-d232 @A: 19 13 25 23 | 01
#1515-d232 @A: 13 20 29 25 | 12
#1516-d232 @A: 33 20 25 04 | 06
#1517-d232 @A: 25 33 12 17 | 04
#1518-d232 @A: 13 34 32 35 | 02
#1519-d232 @A: 13 04 28 34 | 10
#1520-d232 @A: 29 09 34 18 | 08
#1521-d232 @A: 04 34 18 33 | 05
#1522-d232 @A: 15 19 34 23 | 11
#1523-d232 @A: 27 29 34 23 | 07
#1524-d232 @A: 06 11 33 28 | 03
#1525-d232 @A: 20 29 28 11 | 09
#1526-d232 @A: 11 14 20 09 | 01
#1527-d232 @A: 18 11 14 29 | 12
#1528-d232 @A: 17 09 11 19 | 06
#1529-d232 @A: 12 23 33 11 | 04
#1530-d232 @A: 32 01 35 06 | 02
#1531-d232 @A: 14 20 01 15 | 10
#1532-d232 @A: 09 12 01 15 | 08
#1533-d232 @A: 23 27 01 33 | 05
#1534-d232 @A: 23 17 01 12 | 11
#1535-d232 @A: 04 23 07 14 | 07
#1536-d232 @A: 14 17 32 28 | 03
#1537-d232 @A: 06 15 12 32 | 09
#1538-d232 @A: 32 13 19 09 | 01
#1539-d232 @A: 17 32 12 13 | 12
#1540-d232 @A: 04 15 35 16 | 06
#1541-d232 @A: 28 35 09 15 | 04
#1542-d232 @A: 15 18 12 35 | 02
#1543-d232 @A: 35 17 18 27 | 10
#1544-d232 @A: 27 15 35 29 | 08
#1545-d232 @A: 19 35 04 27 | 05
#1546-d232 @A: 13 16 18 06 | 11
#1547-d232 @A: 18 16 14 15 | 07
#1548-d232 @A: 12 29 16 09 | 03
#1549-d232 @A: 27 14 17 13 | 09
#1550-d232 @A: 27 33 18 19 | 01
#1551-d232 @A: 26 32 22 28 | 12
#1552-d232 @A: 26 06 05 31 | 06
#1553-d232 @A: 30 29 05 26 | 04
#1554-d232 @A: 26 31 07 20 | 02
#1555-d232 @A: 30 28 26 11 | 10
#1556-d232 @A: 27 11 26 30 | 08
#1557-d232 @A: 03 26 17 27 | 05
#1558-d232 @A: 11 12 10 26 | 11
#1559-d232 @A: 26 34 24 20 | 07
#1560-d232 @A: 01 24 13 26 | 03
#1561-d232 @A: 09 35 25 26 | 09
#1562-d232 @A: 22 14 21 05 | 01
#1563-d232 @A: 32 22 19 05 | 12
#1564-d232 @A: 30 31 13 22 | 06
#1565-d232 @A: 14 16 03 22 | 04
#1566-d232 @A: 32 22 25 10 | 02
#1567-d232 @A: 14 34 24 22 | 10
#1568-d232 @A: 19 11 22 24 | 08
#1569-d232 @A: 16 19 25 22 | 05
#1570-d232 @A: 01 15 34 22 | 11
#1571-d232 @A: 22 07 27 13 | 07
#1572-d232 @A: 17 02 32 22 | 03
#1573-d232 @A: 28 22 02 14 | 09
#1574-d232 @A: 04 22 33 28 | 01
#1575-d232 @A: 22 17 13 19 | 12
#1576-d232 @A: 09 05 14 31 | 06
#1577-d232 @A: 30 27 14 05 | 04
#1578-d232 @A: 08 05 27 03 | 02
#1579-d232 @A: 10 28 32 05 | 10
#1580-d232 @A: 05 19 12 08 | 08
#1581-d232 @A: 05 16 12 21 | 05
#1582-d232 @A: 24 05 33 19 | 11
#1583-d232 @A: 16 19 01 05 | 07
#1584-d232 @A: 05 33 09 20 | 03
#1585-d232 @A: 15 18 05 17 | 09
#1586-d232 @A: 02 20 05 18 | 01
#1587-d232 @A: 31 25 29 03 | 12
#1588-d232 @A: 18 03 27 31 | 06
#1589-d232 @A: 32 31 27 10 | 04
#1590-d232 @A: 31 35 28 10 | 02
#1591-d232 @A: 31 11 25 21 | 10
#1592-d232 @A: 15 17 21 31 | 08
#1593-d232 @A: 25 31 24 15 | 05
#1594-d232 @A: 31 04 34 01 | 11
#1595-d232 @A: 27 14 31 16 | 07
#1596-d232 @A: 20 31 15 28 | 03
#1597-d232 @A: 04 14 15 31 | 09
#1598-d232 @A: 17 31 18 12 | 01
#1599-d232 @A: 06 10 30 24 | 12
#1600-d232 @A: 10 33 25 30 | 06
#1601-d232 @A: 28 30 21 34 | 04
#1602-d232 @A: 25 29 34 30 | 02
#1603-d232 @A: 30 01 32 34 | 10
#1604-d232 @A: 06 11 32 30 | 08
#1605-d232 @A: 04 30 07 35 | 05
#1606-d232 @A: 07 16 12 30 | 11
#1607-d232 @A: 35 30 27 20 | 07
#1608-d232 @A: 27 16 18 30 | 03
#1609-d232 @A: 28 09 04 30 | 09
#1610-d232 @A: 30 17 18 14 | 01
#1611-d232 @A: 09 17 30 23 | 12
#1612-d232 @A: 17 29 30 04 | 06
#1613-d232 @A: 27 21 03 10 | 04
#1614-d232 @A: 07 04 10 03 | 02
#1615-d232 @A: 08 03 11 15 | 10
#1616-d232 @A: 25 03 21 32 | 08
#1617-d232 @A: 01 19 03 21 | 05
#1618-d232 @A: 03 20 07 27 | 11
#1619-d232 @A: 06 23 28 03 | 07
#1620-d232 @A: 09 03 12 14 | 03
#1621-d232 @A: 03 20 33 23 | 09
#1622-d232 @A: 17 13 23 03 | 01
#1623-d232 @A: 02 03 15 17 | 12
#1624-d232 @A: 10 29 08 35 | 06
#1625-d232 @A: 21 35 10 14 | 04
#1626-d232 @A: 07 19 10 25 | 02
#1627-d232 @A: 10 34 29 01 | 10
#1628-d232 @A: 28 01 11 10 | 08
#1629-d232 @A: 06 10 07 11 | 05
#1630-d232 @A: 07 27 10 16 | 11
#1631-d232 @A: 17 32 10 29 | 07
#1632-d232 @A: 28 10 06 19 | 03
#1633-d232 @A: 09 24 08 15 | 09
#1634-d232 @A: 27 01 08 17 | 01
#1635-d232 @A: 08 17 32 06 | 12
#1636-d232 @A: 04 08 19 09 | 06
#1637-d232 @A: 08 20 33 27 | 04
#1638-d232 @A: 21 34 33 11 | 02
#1639-d232 @A: 21 12 11 13 | 10
#1640-d232 @A: 12 01 21 18 | 08
#1641-d232 @A: 35 21 28 32 | 05
#1642-d232 @A: 14 21 28 13 | 11
#1643-d232 @A: 28 21 20 33 | 07
#1644-d232 @A: 04 33 21 14 | 03
#1645-d232 @A: 21 19 09 18 | 09
#1646-d232 @A: 09 12 02 21 | 01
#1647-d232 @A: 35 33 24 34 | 12
#1648-d232 @A: 11 16 24 18 | 06
#1649-d232 @A: 28 19 24 01 | 04
#1650-d232 @A: 07 24 16 19 | 02
#1651-d232 @A: 29 18 28 24 | 10
#1652-d232 @A: 24 14 12 13 | 08
#1653-d232 @A: 17 25 34 01 | 05
#1654-d232 @A: 34 25 28 02 | 11
#1655-d232 @A: 15 27 25 11 | 07
#1656-d232 @A: 27 01 20 25 | 03
#1657-d232 @A: 17 25 16 32 | 09
#1658-d232 @A: 29 17 18 25 | 01
#1659-d232 @A: 34 23 01 35 | 12
#1660-d232 @A: 02 14 04 34 | 06
#1661-d232 @A: 33 23 09 34 | 04
#1662-d232 @A: 20 13 19 34 | 02
#1663-d232 @A: 34 02 29 13 | 10
#1664-d232 @A: 11 02 12 01 | 08
#1665-d232 @A: 07 11 14 28 | 05
#1666-d232 @A: 28 09 12 11 | 11
#1667-d232 @A: 17 13 11 14 | 07
#1668-d232 @A: 23 11 20 04 | 03
#1669-d232 @A: 17 11 19 27 | 09
#1670-d232 @A: 28 01 07 32 | 01
#1671-d232 @A: 07 15 01 27 | 12
#1672-d232 @A: 06 19 01 13 | 06
#1673-d232 @A: 29 23 01 33 | 04
#1674-d232 @A: 15 01 13 04 | 02
#1675-d232 @A: 02 20 17 01 | 10
#1676-d232 @A: 18 14 07 09 | 08
#1677-d232 @A: 07 02 18 27 | 05
#1678-d232 @A: 27 15 14 32 | 11
#1679-d232 @A: 04 32 13 18 | 07
#1680-d232 @A: 09 16 35 14 | 03
#1681-d232 @A: 06 20 14 35 | 09
#1682-d232 @A: 06 02 35 33 | 01
#1683-d232 @A: 35 20 17 15 | 12
#1684-d232 @A: 27 13 35 33 | 06
#1685-d232 @A: 06 16 17 09 | 04
#1686-d232 @A: 14 19 16 13 | 02
#1687-d232 @A: 27 23 17 28 | 10
#1688-d232 @A: 27 17 06 04 | 08
#1689-d232 @A: 23 02 27 20 | 05
