#0001-d264 @A: 29 19 32 02 | 04
#0002-d264 @A: 26 31 19 18 | 06
#0003-d264 @A: 05 01 07 19 | 10
#0004-d264 @A: 16 34 19 25 | 05
#0005-d264 @A: 19 25 12 02 | 07
#0006-d264 @A: 26 19 17 24 | 02
#0007-d264 @A: 32 19 12 26 | 01
#0008-d264 @A: 23 19 13 05 | 08
#0009-d264 @A: 11 19 14 23 | 03
#0010-d264 @A: 20 08 19 13 | 11
#0011-d264 @A: 34 14 13 19 | 12
#0012-d264 @A: 19 32 33 20 | 09
#0013-d264 @A: 08 27 28 19 | 04
#0014-d264 @A: 19 21 31 09 | 06
#0015-d264 @A: 29 20 18 14 | 10
#0016-d264 @A: 15 29 12 01 | 05
#0017-d264 @A: 34 29 01 03 | 07
#0018-d264 @A: 22 29 01 07 | 02
#0019-d264 @A: 29 03 10 25 | 01
#0020-d264 @A: 25 26 09 29 | 08
#0021-d264 @A: 29 25 20 22 | 03
#0022-d264 @A: 14 29 15 34 | 11
#0023-d264 @A: 26 16 10 29 | 12
#0024-d264 @A: 07 20 10 29 | 09
#0025-d264 @A: 29 28 17 08 | 04
#0026-d264 @A: 24 20 29 13 | 06
#0027-d264 @A: 16 05 28 29 | 10
#0028-d264 @A: 29 34 35 12 | 05
#0029-d264 @A: 29 05 04 03 | 07
#0030-d264 @A: 04 02 29 22 | 02
#0031-d264 @A: 32 35 33 29 | 01
#0032-d264 @A: 29 09 02 20 | 08
#0033-d264 @A: 33 34 30 29 | 03
#0034-d264 @A: 08 29 31 33 | 11
#0035-d264 @A: 21 33 24 29 | 12
#0036-d264 @A: 32 09 29 31 | 09
#0037-d264 @A: 14 29 03 08 | 04
#0038-d264 @A: 06 09 29 08 | 06
#0039-d264 @A: 03 29 21 28 | 10
#0040-d264 @A: 01 18 10 31 | 05
#0041-d264 @A: 01 18 23 02 | 07
#0042-d264 @A: 20 15 18 33 | 02
#0043-d264 @A: 32 10 02 18 | 01
#0044-d264 @A: 18 09 17 13 | 08
#0045-d264 @A: 30 18 23 11 | 03
#0046-d264 @A: 35 18 33 23 | 11
#0047-d264 @A: 18 16 07 35 | 12
#0048-d264 @A: 33 16 18 09 | 09
#0049-d264 @A: 21 12 20 18 | 04
#0050-d264 @A: 14 30 18 07 | 06
#0051-d264 @A: 02 03 18 24 | 10
#0052-d264 @A: 18 21 22 34 | 05
#0053-d264 @A: 26 34 01 25 | 07
#0054-d264 @A: 25 01 33 13 | 02
#0055-d264 @A: 01 17 09 15 | 01
#0056-d264 @A: 01 15 28 04 | 08
#0057-d264 @A: 02 01 15 08 | 03
#0058-d264 @A: 10 01 03 23 | 11
#0059-d264 @A: 01 13 17 08 | 12
#0060-d264 @A: 01 22 21 17 | 09
#0061-d264 @A: 01 33 26 23 | 04
#0062-d264 @A: 04 01 26 30 | 06
#0063-d264 @A: 05 13 28 01 | 10
#0064-d264 @A: 12 01 30 16 | 05
#0065-d264 @A: 07 06 01 11 | 07
#0066-d264 @A: 01 33 27 22 | 02
#0067-d264 @A: 32 01 21 08 | 01
#0068-d264 @A: 30 07 01 09 | 08
#0069-d264 @A: 15 12 25 34 | 03
#0070-d264 @A: 15 32 35 25 | 11
#0071-d264 @A: 07 11 17 25 | 12
#0072-d264 @A: 27 23 25 04 | 09
#0073-d264 @A: 32 11 25 20 | 04
#0074-d264 @A: 07 25 04 20 | 06
#0075-d264 @A: 22 25 02 24 | 10
#0076-d264 @A: 31 23 10 15 | 05
#0077-d264 @A: 26 09 35 15 | 07
#0078-d264 @A: 31 26 15 28 | 02
#0079-d264 @A: 20 23 09 15 | 01
#0080-d264 @A: 20 15 21 13 | 08
#0081-d264 @A: 06 16 15 11 | 03
#0082-d264 @A: 16 24 15 04 | 11
#0083-d264 @A: 16 15 35 34 | 12
#0084-d264 @A: 20 35 04 15 | 09
#0085-d264 @A: 15 04 06 03 | 04
#0086-d264 @A: 15 30 27 06 | 06
#0087-d264 @A: 02 21 28 15 | 10
#0088-d264 @A: 28 12 10 26 | 05
#0089-d264 @A: 04 10 06 26 | 07
#0090-d264 @A: 35 06 10 23 | 02
#0091-d264 @A: 14 13 10 30 | 01
#0092-d264 @A: 05 09 06 10 | 08
#0093-d264 @A: 21 10 32 35 | 03
#0094-d264 @A: 03 10 33 27 | 11
#0095-d264 @A: 06 03 10 22 | 12
#0096-d264 @A: 10 09 21 07 | 09
#0097-d264 @A: 17 23 26 22 | 04
#0098-d264 @A: 33 17 26 02 | 06
#0099-d264 @A: 17 07 23 05 | 10
#0100-d264 @A: 17 12 13 06 | 05
#0101-d264 @A: 17 13 11 24 | 07
#0102-d264 @A: 33 22 09 17 | 02
#0103-d264 @A: 22 17 03 30 | 01
#0104-d264 @A: 17 07 30 31 | 08
#0105-d264 @A: 24 26 13 16 | 03
#0106-d264 @A: 07 12 26 11 | 11
#0107-d264 @A: 26 08 33 34 | 12
#0108-d264 @A: 26 24 33 03 | 09
#0109-d264 @A: 28 06 22 26 | 04
#0110-d264 @A: 22 14 26 31 | 06
#0111-d264 @A: 16 04 23 32 | 10
#0112-d264 @A: 20 23 16 33 | 05
#0113-d264 @A: 06 23 32 11 | 07
#0114-d264 @A: 03 05 32 23 | 02
#0115-d264 @A: 23 09 22 32 | 01
#0116-d264 @A: 09 23 03 30 | 08
#0117-d264 @A: 34 31 09 23 | 03
#0118-d264 @A: 20 13 12 27 | 11
#0119-d264 @A: 31 13 20 04 | 12
#0120-d264 @A: 34 06 13 07 | 09
#0121-d264 @A: 11 35 16 03 | 04
#0122-d264 @A: 14 04 16 35 | 06
#0123-d264 @A: 31 08 16 04 | 10
#0124-d264 @A: 16 09 34 04 | 05
#0125-d264 @A: 16 33 32 21 | 07
#0126-d264 @A: 22 33 03 16 | 02
#0127-d264 @A: 30 16 21 14 | 01
#0128-d264 @A: 16 08 27 22 | 08
#0129-d264 @A: 08 09 28 16 | 03
#0130-d264 @A: 21 06 16 28 | 11
#0131-d264 @A: 06 16 02 09 | 12
#0132-d264 @A: 04 34 12 20 | 09
#0133-d264 @A: 20 31 12 09 | 04
#0134-d264 @A: 12 22 08 30 | 06
#0135-d264 @A: 11 20 35 05 | 10
#0136-d264 @A: 02 11 21 05 | 05
#0137-d264 @A: 33 22 31 11 | 07
#0138-d264 @A: 32 31 11 21 | 02
#0139-d264 @A: 30 24 11 22 | 01
#0140-d264 @A: 24 11 34 09 | 08
#0141-d264 @A: 20 04 05 21 | 03
#0142-d264 @A: 07 24 30 05 | 11
#0143-d264 @A: 21 34 05 27 | 12
#0144-d264 @A: 04 06 08 02 | 09
#0145-d264 @A: 04 06 31 14 | 04
#0146-d264 @A: 35 06 27 31 | 06
#0147-d264 @A: 31 07 35 21 | 10
#0148-d264 @A: 02 21 22 35 | 05
#0149-d264 @A: 22 20 32 02 | 07
#0150-d264 @A: 14 24 30 20 | 02
#0151-d264 @A: 31 03 08 20 | 01
#0152-d264 @A: 21 20 07 24 | 08
#0153-d264 @A: 19 29 26 15 | 03
#0154-d264 @A: 17 19 07 29 | 11
#0155-d264 @A: 19 18 32 01 | 12
#0156-d264 @A: 18 19 23 08 | 09
#0157-d264 @A: 30 17 19 01 | 04
#0158-d264 @A: 01 16 27 19 | 06
#0159-d264 @A: 02 19 22 01 | 10
#0160-d264 @A: 33 19 25 12 | 05
#0161-d264 @A: 10 19 21 26 | 07
#0162-d264 @A: 12 10 19 06 | 02
#0163-d264 @A: 14 19 12 20 | 01
#0164-d264 @A: 24 19 21 32 | 08
#0165-d264 @A: 22 19 32 06 | 03
#0166-d264 @A: 31 19 27 22 | 11
#0167-d264 @A: 09 07 22 19 | 12
#0168-d264 @A: 19 06 28 02 | 09
#0169-d264 @A: 23 18 07 29 | 04
#0170-d264 @A: 09 01 35 29 | 06
#0171-d264 @A: 06 01 20 29 | 10
#0172-d264 @A: 21 10 29 15 | 05
#0173-d264 @A: 06 29 15 17 | 07
#0174-d264 @A: 29 08 15 07 | 02
#0175-d264 @A: 29 04 13 10 | 01
#0176-d264 @A: 10 29 08 22 | 08
#0177-d264 @A: 29 35 17 30 | 03
#0178-d264 @A: 22 13 29 27 | 11
#0179-d264 @A: 29 07 28 11 | 12
#0180-d264 @A: 20 05 29 08 | 09
#0181-d264 @A: 32 29 34 08 | 04
#0182-d264 @A: 02 29 08 28 | 06
#0183-d264 @A: 25 18 30 05 | 10
#0184-d264 @A: 23 22 10 18 | 05
#0185-d264 @A: 21 23 18 26 | 07
#0186-d264 @A: 18 20 23 28 | 02
#0187-d264 @A: 20 03 18 16 | 01
#0188-d264 @A: 18 22 04 14 | 08
#0189-d264 @A: 18 03 33 08 | 03
#0190-d264 @A: 27 22 32 18 | 11
#0191-d264 @A: 07 22 03 18 | 12
#0192-d264 @A: 30 01 25 10 | 09
#0193-d264 @A: 25 01 20 21 | 04
#0194-d264 @A: 11 01 26 22 | 06
#0195-d264 @A: 01 34 12 23 | 10
#0196-d264 @A: 04 13 01 27 | 05
#0197-d264 @A: 20 11 01 14 | 07
#0198-d264 @A: 05 09 22 01 | 02
#0199-d264 @A: 21 04 34 01 | 01
#0200-d264 @A: 21 27 03 01 | 08
#0201-d264 @A: 30 23 15 25 | 03
#0202-d264 @A: 27 13 15 25 | 11
#0203-d264 @A: 10 21 17 25 | 12
#0204-d264 @A: 09 13 25 10 | 09
#0205-d264 @A: 31 17 25 06 | 04
#0206-d264 @A: 13 05 07 25 | 06
#0207-d264 @A: 13 20 25 30 | 10
#0208-d264 @A: 14 16 25 20 | 05
#0209-d264 @A: 25 03 11 28 | 07
#0210-d264 @A: 06 11 24 25 | 02
#0211-d264 @A: 32 22 25 05 | 01
#0212-d264 @A: 20 08 09 25 | 08
#0213-d264 @A: 02 07 32 25 | 03
#0214-d264 @A: 15 24 10 09 | 11
#0215-d264 @A: 12 17 15 21 | 12
#0216-d264 @A: 17 03 11 15 | 09
#0217-d264 @A: 17 15 27 05 | 04
#0218-d264 @A: 17 35 33 15 | 06
#0219-d264 @A: 15 27 02 13 | 10
#0220-d264 @A: 11 12 08 15 | 05
#0221-d264 @A: 02 09 15 12 | 07
#0222-d264 @A: 08 22 15 32 | 02
#0223-d264 @A: 21 15 32 28 | 01
#0224-d264 @A: 14 22 15 27 | 08
#0225-d264 @A: 07 31 15 06 | 03
#0226-d264 @A: 22 31 09 15 | 11
#0227-d264 @A: 27 10 06 17 | 12
#0228-d264 @A: 10 13 23 07 | 09
#0229-d264 @A: 13 10 32 11 | 04
#0230-d264 @A: 10 16 20 32 | 06
#0231-d264 @A: 11 05 10 30 | 10
#0232-d264 @A: 35 05 34 10 | 05
#0233-d264 @A: 04 10 24 08 | 07
#0234-d264 @A: 10 08 09 03 | 02
#0235-d264 @A: 14 31 10 28 | 01
#0236-d264 @A: 13 17 22 05 | 08
#0237-d264 @A: 13 32 17 20 | 03
#0238-d264 @A: 24 12 17 33 | 11
#0239-d264 @A: 17 04 06 11 | 12
#0240-d264 @A: 32 17 04 02 | 09
#0241-d264 @A: 26 16 23 14 | 04
#0242-d264 @A: 26 23 31 12 | 06
#0243-d264 @A: 28 26 23 04 | 10
#0244-d264 @A: 09 26 12 16 | 05
#0245-d264 @A: 20 16 08 26 | 07
#0246-d264 @A: 35 26 11 02 | 02
#0247-d264 @A: 11 26 20 21 | 01
#0248-d264 @A: 08 06 26 11 | 08
#0249-d264 @A: 26 04 07 21 | 03
#0250-d264 @A: 22 21 26 32 | 11
#0251-d264 @A: 23 04 31 05 | 12
#0252-d264 @A: 21 04 09 23 | 09
#0253-d264 @A: 23 33 02 21 | 04
#0254-d264 @A: 08 23 32 28 | 06
#0255-d264 @A: 14 13 12 11 | 10
#0256-d264 @A: 03 05 20 13 | 05
#0257-d264 @A: 32 03 21 13 | 07
#0258-d264 @A: 13 08 34 28 | 02
#0259-d264 @A: 34 11 16 20 | 01
#0260-d264 @A: 05 16 33 35 | 08
#0261-d264 @A: 30 16 22 31 | 03
#0262-d264 @A: 03 16 22 02 | 11
#0263-d264 @A: 31 35 05 12 | 12
#0264-d264 @A: 02 30 22 12 | 09
#0265-d264 @A: 12 03 22 31 | 04
#0266-d264 @A: 04 05 33 11 | 06
#0267-d264 @A: 14 31 05 11 | 10
#0268-d264 @A: 11 24 07 04 | 05
#0269-d264 @A: 31 11 35 09 | 07
#0270-d264 @A: 34 11 27 30 | 02
#0271-d264 @A: 08 30 28 11 | 01
#0272-d264 @A: 05 33 32 27 | 08
#0273-d264 @A: 08 05 32 07 | 03
#0274-d264 @A: 02 05 24 30 | 11
#0275-d264 @A: 21 08 22 05 | 12
#0276-d264 @A: 08 06 05 28 | 09
#0277-d264 @A: 35 20 06 03 | 04
#0278-d264 @A: 34 35 22 27 | 06
#0279-d264 @A: 28 08 31 35 | 10
#0280-d264 @A: 32 02 28 31 | 05
#0281-d264 @A: 27 28 02 30 | 07
#0282-d264 @A: 07 03 34 02 | 02
#0283-d264 @A: 01 29 21 19 | 01
#0284-d264 @A: 31 19 29 25 | 08
#0285-d264 @A: 29 19 11 08 | 03
#0286-d264 @A: 25 19 22 18 | 11
#0287-d264 @A: 16 30 18 19 | 12
#0288-d264 @A: 18 21 19 35 | 09
#0289-d264 @A: 19 10 22 01 | 04
#0290-d264 @A: 19 35 01 34 | 06
#0291-d264 @A: 06 26 25 19 | 10
#0292-d264 @A: 25 09 19 23 | 05
#0293-d264 @A: 10 31 20 19 | 07
#0294-d264 @A: 19 33 02 11 | 02
#0295-d264 @A: 19 33 21 03 | 01
#0296-d264 @A: 03 19 30 08 | 08
#0297-d264 @A: 34 27 19 02 | 03
#0298-d264 @A: 27 06 19 09 | 11
#0299-d264 @A: 06 03 19 28 | 12
#0300-d264 @A: 21 19 28 22 | 09
#0301-d264 @A: 19 21 34 06 | 04
#0302-d264 @A: 14 06 19 07 | 06
#0303-d264 @A: 18 08 12 29 | 10
#0304-d264 @A: 25 33 17 29 | 05
#0305-d264 @A: 33 11 29 15 | 07
#0306-d264 @A: 09 15 29 27 | 02
#0307-d264 @A: 23 33 10 29 | 01
#0308-d264 @A: 13 26 29 32 | 08
#0309-d264 @A: 29 11 04 23 | 03
#0310-d264 @A: 11 29 16 21 | 11
#0311-d264 @A: 06 29 04 16 | 12
#0312-d264 @A: 29 12 32 11 | 09
#0313-d264 @A: 29 11 05 09 | 04
#0314-d264 @A: 27 29 08 21 | 06
#0315-d264 @A: 29 24 09 07 | 10
#0316-d264 @A: 18 01 25 11 | 05
#0317-d264 @A: 18 28 01 03 | 07
#0318-d264 @A: 26 15 18 07 | 02
#0319-d264 @A: 26 10 32 18 | 01
#0320-d264 @A: 06 18 14 10 | 08
#0321-d264 @A: 18 12 05 14 | 03
#0322-d264 @A: 18 12 02 08 | 11
#0323-d264 @A: 20 18 31 05 | 12
#0324-d264 @A: 05 03 18 09 | 09
#0325-d264 @A: 18 35 09 04 | 04
#0326-d264 @A: 30 18 28 06 | 06
#0327-d264 @A: 27 18 31 34 | 10
#0328-d264 @A: 23 01 14 15 | 05
#0329-d264 @A: 13 06 10 01 | 07
#0330-d264 @A: 01 16 34 17 | 02
#0331-d264 @A: 34 13 20 01 | 01
#0332-d264 @A: 04 16 33 01 | 08
#0333-d264 @A: 05 12 01 11 | 03
#0334-d264 @A: 12 01 35 06 | 11
#0335-d264 @A: 01 12 02 33 | 12
#0336-d264 @A: 24 01 21 12 | 09
#0337-d264 @A: 24 05 04 01 | 04
#0338-d264 @A: 14 02 28 01 | 06
#0339-d264 @A: 05 17 25 12 | 10
#0340-d264 @A: 25 02 17 27 | 05
#0341-d264 @A: 22 25 16 13 | 07
#0342-d264 @A: 21 25 05 33 | 02
#0343-d264 @A: 07 25 02 35 | 01
#0344-d264 @A: 33 28 27 25 | 08
#0345-d264 @A: 22 25 34 33 | 03
#0346-d264 @A: 09 25 06 32 | 11
#0347-d264 @A: 08 31 25 30 | 12
#0348-d264 @A: 06 14 28 25 | 09
#0349-d264 @A: 16 13 15 10 | 04
#0350-d264 @A: 14 15 10 20 | 06
#0351-d264 @A: 23 15 17 24 | 10
#0352-d264 @A: 33 12 15 26 | 05
#0353-d264 @A: 15 23 08 13 | 07
#0354-d264 @A: 35 15 23 28 | 02
#0355-d264 @A: 34 32 15 13 | 01
#0356-d264 @A: 27 15 34 04 | 08
#0357-d264 @A: 32 03 15 33 | 03
#0358-d264 @A: 06 15 30 02 | 11
#0359-d264 @A: 04 07 17 10 | 12
#0360-d264 @A: 22 17 10 35 | 09
#0361-d264 @A: 20 17 10 30 | 04
#0362-d264 @A: 02 28 17 10 | 06
#0363-d264 @A: 14 26 10 09 | 10
#0364-d264 @A: 13 10 24 05 | 05
#0365-d264 @A: 10 14 12 35 | 07
#0366-d264 @A: 27 10 05 04 | 02
#0367-d264 @A: 28 03 10 32 | 01
#0368-d264 @A: 21 14 10 27 | 08
#0369-d264 @A: 17 31 28 23 | 03
#0370-d264 @A: 17 21 08 11 | 11
#0371-d264 @A: 06 03 17 07 | 12
#0372-d264 @A: 17 24 03 34 | 09
#0373-d264 @A: 28 06 17 34 | 04
#0374-d264 @A: 26 13 11 23 | 06
#0375-d264 @A: 26 12 06 14 | 10
#0376-d264 @A: 26 11 31 04 | 05
#0377-d264 @A: 28 11 26 27 | 07
#0378-d264 @A: 26 30 03 07 | 02
#0379-d264 @A: 26 06 22 02 | 01
#0380-d264 @A: 04 33 12 23 | 08
#0381-d264 @A: 23 08 22 33 | 03
#0382-d264 @A: 32 21 07 23 | 11
#0383-d264 @A: 23 03 27 28 | 12
#0384-d264 @A: 21 23 03 31 | 09
#0385-d264 @A: 12 22 34 13 | 04
#0386-d264 @A: 05 27 13 11 | 06
#0387-d264 @A: 16 04 03 12 | 10
#0388-d264 @A: 16 05 22 04 | 05
#0389-d264 @A: 22 16 35 24 | 07
#0390-d264 @A: 16 33 06 24 | 02
#0391-d264 @A: 27 24 16 30 | 01
#0392-d264 @A: 11 35 28 12 | 08
#0393-d264 @A: 07 20 05 12 | 03
#0394-d264 @A: 08 35 12 09 | 11
#0395-d264 @A: 06 12 08 32 | 12
#0396-d264 @A: 12 30 07 27 | 09
#0397-d264 @A: 31 12 30 14 | 04
#0398-d264 @A: 04 11 08 20 | 06
#0399-d264 @A: 11 09 22 03 | 10
#0400-d264 @A: 22 05 33 14 | 05
#0401-d264 @A: 05 33 09 24 | 07
#0402-d264 @A: 24 34 05 22 | 02
#0403-d264 @A: 30 03 04 27 | 01
#0404-d264 @A: 04 21 02 30 | 08
#0405-d264 @A: 28 27 32 35 | 03
#0406-d264 @A: 14 03 30 35 | 11
#0407-d264 @A: 24 35 02 28 | 12
#0408-d264 @A: 35 14 02 09 | 09
#0409-d264 @A: 20 32 14 08 | 04
#0410-d264 @A: 22 34 32 20 | 06
#0411-d264 @A: 09 32 20 28 | 10
#0412-d264 @A: 09 22 30 20 | 05
#0413-d264 @A: 14 20 22 21 | 07
#0414-d264 @A: 27 33 24 02 | 02
#0415-d264 @A: 04 29 19 33 | 01
#0416-d264 @A: 15 19 27 18 | 08
#0417-d264 @A: 19 17 18 10 | 03
#0418-d264 @A: 18 12 19 13 | 11
#0419-d264 @A: 05 18 33 19 | 12
#0420-d264 @A: 25 07 03 19 | 09
#0421-d264 @A: 15 19 10 04 | 04
#0422-d264 @A: 19 11 31 15 | 06
#0423-d264 @A: 10 35 09 19 | 10
#0424-d264 @A: 28 26 13 19 | 05
#0425-d264 @A: 26 20 35 19 | 07
#0426-d264 @A: 19 33 22 26 | 02
#0427-d264 @A: 19 07 26 08 | 01
#0428-d264 @A: 13 35 19 27 | 08
#0429-d264 @A: 20 13 19 02 | 03
#0430-d264 @A: 31 16 19 05 | 11
#0431-d264 @A: 19 22 05 12 | 12
#0432-d264 @A: 21 04 14 19 | 09
#0433-d264 @A: 28 24 33 19 | 04
#0434-d264 @A: 31 19 32 08 | 06
#0435-d264 @A: 06 19 30 31 | 10
#0436-d264 @A: 18 11 03 29 | 05
#0437-d264 @A: 18 29 05 21 | 07
#0438-d264 @A: 18 04 24 29 | 02
#0439-d264 @A: 01 13 29 30 | 01
#0440-d264 @A: 29 01 05 31 | 08
#0441-d264 @A: 29 01 02 03 | 03
#0442-d264 @A: 29 08 13 25 | 11
#0443-d264 @A: 11 29 34 17 | 12
#0444-d264 @A: 29 26 08 23 | 09
#0445-d264 @A: 29 35 24 26 | 04
#0446-d264 @A: 31 06 26 29 | 06
#0447-d264 @A: 29 14 16 09 | 10
#0448-d264 @A: 11 35 29 22 | 05
#0449-d264 @A: 04 09 20 29 | 07
#0450-d264 @A: 03 29 07 33 | 02
#0451-d264 @A: 29 24 06 03 | 01
#0452-d264 @A: 01 16 22 18 | 08
#0453-d264 @A: 25 18 09 15 | 03
#0454-d264 @A: 33 25 14 18 | 11
#0455-d264 @A: 18 15 17 31 | 12
#0456-d264 @A: 17 14 26 18 | 09
#0457-d264 @A: 18 04 06 23 | 04
#0458-d264 @A: 23 18 32 14 | 06
#0459-d264 @A: 02 13 18 33 | 10
#0460-d264 @A: 11 18 24 20 | 05
#0461-d264 @A: 32 18 09 21 | 07
#0462-d264 @A: 18 27 03 06 | 02
#0463-d264 @A: 01 15 20 24 | 01
#0464-d264 @A: 01 10 12 07 | 08
#0465-d264 @A: 01 16 03 26 | 03
#0466-d264 @A: 21 01 26 31 | 11
#0467-d264 @A: 21 01 13 23 | 12
#0468-d264 @A: 11 32 01 34 | 09
#0469-d264 @A: 01 22 04 20 | 04
#0470-d264 @A: 14 30 08 01 | 06
#0471-d264 @A: 07 08 03 01 | 10
#0472-d264 @A: 07 14 31 01 | 05
#0473-d264 @A: 15 25 02 16 | 07
#0474-d264 @A: 11 15 25 14 | 02
#0475-d264 @A: 32 10 25 23 | 01
#0476-d264 @A: 07 10 22 25 | 08
#0477-d264 @A: 20 25 28 26 | 03
#0478-d264 @A: 25 13 12 31 | 11
#0479-d264 @A: 09 05 25 04 | 12
#0480-d264 @A: 32 31 33 25 | 09
#0481-d264 @A: 25 24 32 08 | 04
#0482-d264 @A: 08 10 35 15 | 06
#0483-d264 @A: 17 28 15 16 | 10
#0484-d264 @A: 17 20 15 08 | 05
#0485-d264 @A: 26 21 05 15 | 07
#0486-d264 @A: 16 07 15 20 | 02
#0487-d264 @A: 15 05 12 03 | 01
#0488-d264 @A: 22 03 20 15 | 08
#0489-d264 @A: 15 22 06 21 | 03
#0490-d264 @A: 10 34 17 13 | 11
#0491-d264 @A: 28 10 17 11 | 12
#0492-d264 @A: 26 10 05 33 | 09
#0493-d264 @A: 10 07 11 35 | 04
#0494-d264 @A: 02 34 35 10 | 06
#0495-d264 @A: 34 08 21 10 | 10
#0496-d264 @A: 17 31 16 33 | 05
#0497-d264 @A: 32 12 17 22 | 07
#0498-d264 @A: 17 33 05 20 | 02
#0499-d264 @A: 33 28 17 30 | 01
#0500-d264 @A: 24 14 08 17 | 08
#0501-d264 @A: 09 17 08 31 | 03
#0502-d264 @A: 26 27 16 21 | 11
#0503-d264 @A: 35 21 12 26 | 12
#0504-d264 @A: 33 26 31 27 | 09
#0505-d264 @A: 33 26 09 07 | 04
#0506-d264 @A: 16 13 23 06 | 06
#0507-d264 @A: 20 22 23 13 | 10
#0508-d264 @A: 23 09 33 13 | 05
#0509-d264 @A: 31 13 23 32 | 07
#0510-d264 @A: 23 21 05 06 | 02
#0511-d264 @A: 08 23 22 02 | 01
#0512-d264 @A: 23 09 02 34 | 08
#0513-d264 @A: 16 13 05 14 | 03
#0514-d264 @A: 13 03 30 12 | 11
#0515-d264 @A: 30 28 13 31 | 12
#0516-d264 @A: 12 20 16 06 | 09
#0517-d264 @A: 16 02 11 24 | 04
#0518-d264 @A: 21 16 20 02 | 06
#0519-d264 @A: 27 16 09 03 | 10
#0520-d264 @A: 16 28 02 07 | 05
#0521-d264 @A: 16 06 34 31 | 07
#0522-d264 @A: 11 04 30 12 | 02
#0523-d264 @A: 34 11 06 12 | 01
#0524-d264 @A: 02 12 05 32 | 08
#0525-d264 @A: 02 04 12 20 | 03
#0526-d264 @A: 12 31 33 21 | 11
#0527-d264 @A: 22 12 33 07 | 12
#0528-d264 @A: 14 27 12 09 | 09
#0529-d264 @A: 12 22 24 09 | 04
#0530-d264 @A: 32 08 33 11 | 06
#0531-d264 @A: 09 21 33 11 | 10
#0532-d264 @A: 11 32 07 22 | 05
#0533-d264 @A: 03 02 11 09 | 07
#0534-d264 @A: 14 11 28 21 | 02
#0535-d264 @A: 08 27 05 30 | 01
#0536-d264 @A: 24 05 06 27 | 08
#0537-d264 @A: 28 14 05 24 | 03
#0538-d264 @A: 02 35 03 04 | 11
#0539-d264 @A: 33 22 04 32 | 12
#0540-d264 @A: 09 08 32 04 | 09
#0541-d264 @A: 34 03 08 04 | 04
#0542-d264 @A: 14 28 08 04 | 06
#0543-d264 @A: 20 35 08 34 | 10
#0544-d264 @A: 09 30 35 06 | 05
#0545-d264 @A: 35 24 09 27 | 07
#0546-d264 @A: 34 27 20 28 | 02
#0547-d264 @A: 08 06 07 20 | 01
#0548-d264 @A: 19 29 18 06 | 08
#0549-d264 @A: 24 19 29 05 | 03
#0550-d264 @A: 13 01 19 24 | 11
#0551-d264 @A: 09 19 04 01 | 12
#0552-d264 @A: 13 32 19 25 | 09
#0553-d264 @A: 19 04 25 08 | 04
#0554-d264 @A: 03 19 10 11 | 06
#0555-d264 @A: 19 26 11 30 | 10
#0556-d264 @A: 24 23 27 19 | 05
#0557-d264 @A: 27 19 23 02 | 07
#0558-d264 @A: 11 19 06 05 | 02
#0559-d264 @A: 04 28 11 19 | 01
#0560-d264 @A: 35 05 19 08 | 08
#0561-d264 @A: 31 19 14 33 | 03
#0562-d264 @A: 13 31 29 18 | 11
#0563-d264 @A: 29 18 34 16 | 12
#0564-d264 @A: 21 29 25 23 | 09
#0565-d264 @A: 29 25 12 06 | 04
#0566-d264 @A: 29 31 35 15 | 06
#0567-d264 @A: 30 10 29 12 | 10
#0568-d264 @A: 10 29 05 14 | 05
#0569-d264 @A: 06 29 10 34 | 07
#0570-d264 @A: 23 03 35 29 | 02
#0571-d264 @A: 33 29 05 13 | 01
#0572-d264 @A: 24 32 16 29 | 08
#0573-d264 @A: 12 29 05 27 | 03
#0574-d264 @A: 22 12 29 14 | 11
#0575-d264 @A: 29 11 27 02 | 12
#0576-d264 @A: 05 29 22 30 | 09
#0577-d264 @A: 05 02 14 29 | 04
#0578-d264 @A: 29 34 31 04 | 06
#0579-d264 @A: 27 30 32 29 | 10
#0580-d264 @A: 09 21 30 29 | 05
#0581-d264 @A: 18 07 01 17 | 07
#0582-d264 @A: 18 23 05 01 | 02
#0583-d264 @A: 21 18 01 06 | 01
#0584-d264 @A: 25 10 18 28 | 08
#0585-d264 @A: 13 25 06 18 | 03
#0586-d264 @A: 15 10 30 18 | 11
#0587-d264 @A: 15 18 03 23 | 12
#0588-d264 @A: 24 18 15 13 | 09
#0589-d264 @A: 16 17 04 18 | 04
#0590-d264 @A: 30 12 17 18 | 06
#0591-d264 @A: 13 32 08 18 | 10
#0592-d264 @A: 18 32 16 05 | 05
#0593-d264 @A: 33 18 07 11 | 07
#0594-d264 @A: 03 30 18 21 | 02
#0595-d264 @A: 28 27 18 21 | 01
#0596-d264 @A: 21 18 02 27 | 08
#0597-d264 @A: 18 28 34 24 | 03
#0598-d264 @A: 08 01 12 25 | 11
#0599-d264 @A: 31 24 25 01 | 12
#0600-d264 @A: 13 15 01 22 | 09
#0601-d264 @A: 01 27 12 17 | 04
#0602-d264 @A: 01 17 24 35 | 06
#0603-d264 @A: 01 17 06 32 | 10
#0604-d264 @A: 24 01 23 16 | 05
#0605-d264 @A: 20 01 30 23 | 07
#0606-d264 @A: 09 01 28 23 | 02
#0607-d264 @A: 01 30 20 02 | 01
#0608-d264 @A: 30 03 01 06 | 08
#0609-d264 @A: 15 08 26 25 | 03
#0610-d264 @A: 15 25 16 05 | 11
#0611-d264 @A: 04 33 25 15 | 12
#0612-d264 @A: 11 10 25 26 | 09
#0613-d264 @A: 04 10 25 34 | 04
#0614-d264 @A: 25 20 34 17 | 06
#0615-d264 @A: 25 16 26 33 | 10
#0616-d264 @A: 25 32 26 30 | 05
#0617-d264 @A: 14 04 25 13 | 07
#0618-d264 @A: 33 06 08 25 | 02
#0619-d264 @A: 25 03 14 02 | 01
#0620-d264 @A: 09 22 25 14 | 08
#0621-d264 @A: 10 15 26 03 | 03
#0622-d264 @A: 26 30 17 15 | 11
#0623-d264 @A: 12 09 13 15 | 12
#0624-d264 @A: 10 26 22 13 | 09
#0625-d264 @A: 10 23 20 27 | 04
#0626-d264 @A: 14 10 11 04 | 06
#0627-d264 @A: 04 10 03 35 | 10
#0628-d264 @A: 09 10 33 31 | 05
#0629-d264 @A: 10 08 32 27 | 07
#0630-d264 @A: 06 10 30 08 | 02
#0631-d264 @A: 21 30 31 10 | 01
#0632-d264 @A: 07 28 08 10 | 08
#0633-d264 @A: 08 17 04 23 | 03
#0634-d264 @A: 17 23 27 21 | 11
#0635-d264 @A: 32 17 31 04 | 12
#0636-d264 @A: 17 33 32 07 | 09
#0637-d264 @A: 30 32 17 14 | 04
#0638-d264 @A: 20 13 14 26 | 06
#0639-d264 @A: 13 09 26 27 | 10
#0640-d264 @A: 11 16 26 32 | 05
#0641-d264 @A: 26 16 02 04 | 07
#0642-d264 @A: 26 16 06 30 | 02
#0643-d264 @A: 05 09 20 26 | 01
#0644-d264 @A: 26 32 02 30 | 08
#0645-d264 @A: 28 03 08 26 | 03
#0646-d264 @A: 23 16 05 27 | 11
#0647-d264 @A: 12 32 23 27 | 12
#0648-d264 @A: 23 05 34 11 | 09
#0649-d264 @A: 05 20 24 23 | 04
#0650-d264 @A: 33 28 05 23 | 06
#0651-d264 @A: 20 34 23 07 | 10
#0652-d264 @A: 23 14 08 31 | 05
#0653-d264 @A: 23 02 06 24 | 07
#0654-d264 @A: 13 02 16 14 | 02
#0655-d264 @A: 33 35 12 13 | 01
#0656-d264 @A: 35 08 13 11 | 08
#0657-d264 @A: 03 13 07 11 | 03
#0658-d264 @A: 05 13 04 08 | 11
#0659-d264 @A: 28 35 13 24 | 12
#0660-d264 @A: 33 07 13 30 | 09
#0661-d264 @A: 21 22 33 13 | 04
#0662-d264 @A: 22 28 13 03 | 06
#0663-d264 @A: 09 13 34 21 | 10
#0664-d264 @A: 22 09 02 13 | 05
#0665-d264 @A: 03 16 24 21 | 07
#0666-d264 @A: 34 12 28 05 | 02
#0667-d264 @A: 35 12 22 04 | 01
#0668-d264 @A: 12 35 02 27 | 08
#0669-d264 @A: 03 06 11 31 | 03
#0670-d264 @A: 07 31 11 34 | 11
#0671-d264 @A: 03 05 33 31 | 12
#0672-d264 @A: 05 09 30 31 | 09
#0673-d264 @A: 22 07 28 05 | 04
#0674-d264 @A: 06 28 35 04 | 06
#0675-d264 @A: 27 04 33 09 | 10
#0676-d264 @A: 27 04 24 14 | 05
#0677-d264 @A: 09 04 31 28 | 07
#0678-d264 @A: 27 20 35 30 | 02
#0679-d264 @A: 33 27 07 20 | 01
#0680-d264 @A: 02 33 28 20 | 08
#0681-d264 @A: 21 31 06 20 | 03
#0682-d264 @A: 20 24 06 09 | 11
#0683-d264 @A: 08 33 02 14 | 12
#0684-d264 @A: 30 31 14 02 | 09
#0685-d264 @A: 02 21 07 08 | 04
#0686-d264 @A: 29 09 19 12 | 06
#0687-d264 @A: 19 23 06 01 | 10
#0688-d264 @A: 28 09 15 19 | 05
#0689-d264 @A: 19 09 05 17 | 07
#0690-d264 @A: 19 34 26 09 | 02
#0691-d264 @A: 21 23 20 19 | 01
#0692-d264 @A: 09 13 19 30 | 08
#0693-d264 @A: 04 27 12 19 | 03
#0694-d264 @A: 11 19 07 20 | 11
#0695-d264 @A: 19 28 05 20 | 12
#0696-d264 @A: 05 34 19 03 | 09
#0697-d264 @A: 20 30 04 19 | 04
#0698-d264 @A: 07 34 33 19 | 06
#0699-d264 @A: 19 30 09 02 | 10
#0700-d264 @A: 21 02 19 03 | 05
#0701-d264 @A: 29 11 25 30 | 07
#0702-d264 @A: 15 05 29 23 | 02
#0703-d264 @A: 09 17 29 23 | 01
#0704-d264 @A: 03 29 26 12 | 08
#0705-d264 @A: 23 02 29 31 | 03
#0706-d264 @A: 13 02 30 29 | 11
#0707-d264 @A: 29 16 33 12 | 12
#0708-d264 @A: 04 07 27 29 | 09
#0709-d264 @A: 32 06 28 29 | 04
#0710-d264 @A: 30 29 07 06 | 06
#0711-d264 @A: 34 29 22 09 | 10
#0712-d264 @A: 29 24 22 28 | 05
#0713-d264 @A: 14 31 29 24 | 07
#0714-d264 @A: 08 18 17 25 | 02
#0715-d264 @A: 18 25 20 27 | 01
#0716-d264 @A: 15 08 18 28 | 08
#0717-d264 @A: 18 10 03 13 | 03
#0718-d264 @A: 17 24 18 06 | 11
#0719-d264 @A: 26 33 13 18 | 12
#0720-d264 @A: 34 04 26 18 | 09
#0721-d264 @A: 24 18 09 23 | 04
#0722-d264 @A: 09 18 04 02 | 06
#0723-d264 @A: 31 33 06 18 | 10
#0724-d264 @A: 31 32 18 03 | 05
#0725-d264 @A: 31 18 08 21 | 07
#0726-d264 @A: 16 09 25 01 | 02
#0727-d264 @A: 25 06 04 01 | 01
#0728-d264 @A: 05 08 26 01 | 08
#0729-d264 @A: 16 02 01 27 | 03
#0730-d264 @A: 04 31 01 35 | 11
#0731-d264 @A: 35 14 27 01 | 12
#0732-d264 @A: 01 20 27 08 | 09
#0733-d264 @A: 07 34 01 27 | 04
#0734-d264 @A: 03 14 01 22 | 06
#0735-d264 @A: 01 03 09 24 | 10
#0736-d264 @A: 15 22 25 17 | 05
#0737-d264 @A: 25 31 20 15 | 07
#0738-d264 @A: 25 10 27 12 | 02
#0739-d264 @A: 17 30 25 24 | 01
#0740-d264 @A: 26 31 02 25 | 08
#0741-d264 @A: 25 24 23 13 | 03
#0742-d264 @A: 25 33 03 23 | 11
#0743-d264 @A: 13 03 25 35 | 12
#0744-d264 @A: 25 16 35 06 | 09
#0745-d264 @A: 25 06 05 20 | 04
#0746-d264 @A: 03 31 25 27 | 06
#0747-d264 @A: 25 09 07 31 | 10
#0748-d264 @A: 25 14 31 34 | 05
#0749-d264 @A: 26 02 10 15 | 07
#0750-d264 @A: 34 10 15 11 | 02
#0751-d264 @A: 14 04 15 17 | 01
#0752-d264 @A: 16 26 15 22 | 08
#0753-d264 @A: 15 26 11 24 | 03
#0754-d264 @A: 06 15 12 23 | 11
#0755-d264 @A: 06 15 13 35 | 12
#0756-d264 @A: 14 15 08 16 | 09
#0757-d264 @A: 07 22 15 30 | 04
#0758-d264 @A: 08 21 15 09 | 06
#0759-d264 @A: 15 07 24 34 | 10
#0760-d264 @A: 24 15 34 02 | 05
#0761-d264 @A: 06 15 14 09 | 07
#0762-d264 @A: 11 10 23 09 | 02
#0763-d264 @A: 10 16 28 35 | 01
#0764-d264 @A: 10 11 06 20 | 08
#0765-d264 @A: 33 14 10 34 | 03
#0766-d264 @A: 10 07 34 32 | 11
#0767-d264 @A: 02 27 03 10 | 12
#0768-d264 @A: 31 34 10 03 | 09
#0769-d264 @A: 20 26 17 31 | 04
#0770-d264 @A: 12 09 17 07 | 06
#0771-d264 @A: 34 17 05 04 | 10
#0772-d264 @A: 17 22 02 05 | 05
#0773-d264 @A: 24 20 04 17 | 07
#0774-d264 @A: 27 32 17 03 | 02
#0775-d264 @A: 28 07 21 17 | 01
#0776-d264 @A: 06 21 17 09 | 08
#0777-d264 @A: 05 23 26 30 | 03
#0778-d264 @A: 26 35 23 27 | 11
#0779-d264 @A: 02 26 28 23 | 12
#0780-d264 @A: 03 26 22 35 | 09
#0781-d264 @A: 34 26 20 02 | 04
#0782-d264 @A: 26 03 34 32 | 06
#0783-d264 @A: 02 27 26 08 | 10
#0784-d264 @A: 03 09 31 26 | 05
#0785-d264 @A: 09 26 21 24 | 07
#0786-d264 @A: 07 34 22 26 | 02
#0787-d264 @A: 35 23 13 14 | 01
#0788-d264 @A: 11 23 35 21 | 08
#0789-d264 @A: 23 33 24 11 | 03
#0790-d264 @A: 23 34 35 30 | 11
#0791-d264 @A: 14 02 23 20 | 12
#0792-d264 @A: 33 23 30 32 | 09
#0793-d264 @A: 24 30 23 28 | 04
#0794-d264 @A: 23 06 30 14 | 06
#0795-d264 @A: 09 23 08 27 | 10
#0796-d264 @A: 34 21 23 28 | 05
#0797-d264 @A: 06 23 31 24 | 07
#0798-d264 @A: 30 35 16 13 | 02
#0799-d264 @A: 09 16 20 13 | 01
#0800-d264 @A: 11 13 04 21 | 08
#0801-d264 @A: 20 33 13 11 | 03
#0802-d264 @A: 22 09 13 04 | 11
#0803-d264 @A: 30 34 13 24 | 12
#0804-d264 @A: 13 31 06 02 | 09
#0805-d264 @A: 11 07 16 05 | 04
#0806-d264 @A: 27 11 16 33 | 06
#0807-d264 @A: 30 02 16 35 | 10
#0808-d264 @A: 20 28 24 16 | 05
#0809-d264 @A: 16 07 08 33 | 07
#0810-d264 @A: 06 12 28 31 | 02
#0811-d264 @A: 31 30 20 11 | 01
#0812-d264 @A: 03 14 11 33 | 08
#0813-d264 @A: 09 32 11 27 | 03
#0814-d264 @A: 27 08 31 11 | 11
#0815-d264 @A: 24 11 03 08 | 12
#0816-d264 @A: 06 11 14 22 | 09
#0817-d264 @A: 20 27 14 05 | 04
#0818-d264 @A: 33 07 05 06 | 06
#0819-d264 @A: 32 31 05 24 | 10
#0820-d264 @A: 28 05 21 31 | 05
#0821-d264 @A: 34 05 09 07 | 07
#0822-d264 @A: 04 06 32 21 | 02
#0823-d264 @A: 31 04 21 27 | 01
#0824-d264 @A: 04 03 21 22 | 08
#0825-d264 @A: 21 24 28 04 | 03
#0826-d264 @A: 02 31 21 04 | 11
#0827-d264 @A: 33 30 08 35 | 12
#0828-d264 @A: 03 08 32 35 | 09
#0829-d264 @A: 06 32 35 14 | 04
#0830-d264 @A: 28 22 35 30 | 06
#0831-d264 @A: 21 08 06 35 | 10
#0832-d264 @A: 02 35 31 08 | 05
#0833-d264 @A: 09 22 35 21 | 07
#0834-d264 @A: 20 27 32 31 | 02
#0835-d264 @A: 27 20 21 09 | 01
#0836-d264 @A: 22 08 28 20 | 08
#0837-d264 @A: 03 34 09 20 | 03
#0838-d264 @A: 28 14 20 03 | 11
#0839-d264 @A: 22 07 27 02 | 12
#0840-d264 @A: 29 22 19 23 | 09
#0841-d264 @A: 34 18 19 11 | 04
#0842-d264 @A: 19 18 24 07 | 06
#0843-d264 @A: 33 11 19 01 | 10
#0844-d264 @A: 30 15 19 24 | 05
#0845-d264 @A: 08 21 19 16 | 07
#0846-d264 @A: 04 19 05 32 | 02
#0847-d264 @A: 32 19 09 03 | 01
#0848-d264 @A: 24 03 22 19 | 08
#0849-d264 @A: 29 28 10 01 | 03
#0850-d264 @A: 29 05 25 34 | 11
#0851-d264 @A: 28 04 29 25 | 12
#0852-d264 @A: 29 15 13 28 | 09
#0853-d264 @A: 02 29 15 35 | 04
#0854-d264 @A: 29 35 27 10 | 06
#0855-d264 @A: 29 16 22 17 | 10
#0856-d264 @A: 17 16 29 02 | 05
#0857-d264 @A: 17 20 03 29 | 07
#0858-d264 @A: 34 29 26 28 | 02
#0859-d264 @A: 29 07 31 16 | 01
#0860-d264 @A: 27 28 29 31 | 08
#0861-d264 @A: 01 18 26 24 | 03
#0862-d264 @A: 15 32 18 11 | 11
#0863-d264 @A: 08 10 20 18 | 12
#0864-d264 @A: 05 18 11 17 | 09
#0865-d264 @A: 35 18 17 03 | 04
#0866-d264 @A: 18 20 17 22 | 06
#0867-d264 @A: 21 33 18 17 | 10
#0868-d264 @A: 12 27 26 18 | 05
#0869-d264 @A: 11 09 18 26 | 07
#0870-d264 @A: 06 20 18 26 | 02
#0871-d264 @A: 30 13 04 18 | 01
#0872-d264 @A: 18 16 31 02 | 08
#0873-d264 @A: 18 22 12 06 | 03
#0874-d264 @A: 05 27 35 18 | 11
#0875-d264 @A: 24 05 18 08 | 12
#0876-d264 @A: 20 30 34 18 | 09
#0877-d264 @A: 32 18 33 34 | 04
#0878-d264 @A: 32 18 24 30 | 06
#0879-d264 @A: 34 03 14 18 | 10
#0880-d264 @A: 01 25 17 23 | 05
#0881-d264 @A: 32 07 25 01 | 07
#0882-d264 @A: 16 15 01 32 | 02
#0883-d264 @A: 21 01 11 15 | 01
#0884-d264 @A: 15 05 30 01 | 08
#0885-d264 @A: 10 04 01 32 | 03
#0886-d264 @A: 26 13 01 12 | 11
#0887-d264 @A: 32 01 09 26 | 12
#0888-d264 @A: 31 01 23 22 | 09
#0889-d264 @A: 35 32 13 01 | 04
#0890-d264 @A: 01 13 03 31 | 06
#0891-d264 @A: 35 03 05 01 | 10
#0892-d264 @A: 35 01 06 02 | 05
#0893-d264 @A: 08 28 01 33 | 07
#0894-d264 @A: 09 01 06 33 | 02
#0895-d264 @A: 27 01 32 02 | 01
#0896-d264 @A: 34 01 09 08 | 08
#0897-d264 @A: 10 25 20 33 | 03
#0898-d264 @A: 10 21 25 02 | 11
#0899-d264 @A: 25 10 14 24 | 12
#0900-d264 @A: 13 21 26 25 | 09
#0901-d264 @A: 24 25 04 26 | 04
#0902-d264 @A: 25 05 23 14 | 06
#0903-d264 @A: 25 23 22 06 | 10
#0904-d264 @A: 16 07 12 25 | 05
#0905-d264 @A: 25 14 21 12 | 07
#0906-d264 @A: 02 25 20 08 | 02
#0907-d264 @A: 28 34 25 32 | 01
#0908-d264 @A: 14 25 30 27 | 08
#0909-d264 @A: 25 30 06 21 | 03
#0910-d264 @A: 06 25 27 07 | 11
#0911-d264 @A: 24 28 25 09 | 12
#0912-d264 @A: 17 15 32 10 | 09
#0913-d264 @A: 27 15 26 20 | 04
#0914-d264 @A: 04 22 15 23 | 06
#0915-d264 @A: 27 23 15 33 | 10
#0916-d264 @A: 13 15 11 30 | 05
#0917-d264 @A: 05 13 31 15 | 07
#0918-d264 @A: 14 15 13 33 | 02
#0919-d264 @A: 15 09 16 30 | 01
#0920-d264 @A: 15 12 31 04 | 08
#0921-d264 @A: 06 15 32 24 | 03
#0922-d264 @A: 15 34 03 30 | 11
#0923-d264 @A: 08 03 15 27 | 12
#0924-d264 @A: 06 15 34 08 | 09
#0925-d264 @A: 34 28 22 15 | 04
#0926-d264 @A: 26 20 34 10 | 06
#0927-d264 @A: 21 23 12 10 | 10
#0928-d264 @A: 10 05 12 32 | 05
#0929-d264 @A: 11 10 27 24 | 07
#0930-d264 @A: 31 10 04 22 | 02
#0931-d264 @A: 32 10 31 06 | 01
#0932-d264 @A: 14 03 10 07 | 08
#0933-d264 @A: 17 11 33 26 | 03
#0934-d264 @A: 17 05 26 28 | 11
#0935-d264 @A: 17 06 35 26 | 12
#0936-d264 @A: 31 11 17 02 | 09
#0937-d264 @A: 34 35 07 17 | 04
#0938-d264 @A: 08 17 07 27 | 06
#0939-d264 @A: 24 17 21 31 | 10
#0940-d264 @A: 26 23 06 09 | 05
#0941-d264 @A: 34 35 26 11 | 07
#0942-d264 @A: 04 05 14 26 | 02
#0943-d264 @A: 28 32 26 24 | 01
#0944-d264 @A: 26 14 08 21 | 08
#0945-d264 @A: 13 04 23 03 | 03
#0946-d264 @A: 05 16 23 02 | 11
#0947-d264 @A: 12 08 23 20 | 12
#0948-d264 @A: 20 11 23 03 | 09
#0949-d264 @A: 35 22 23 05 | 04
#0950-d264 @A: 07 02 23 04 | 06
#0951-d264 @A: 31 07 33 23 | 10
#0952-d264 @A: 23 33 34 06 | 05
#0953-d264 @A: 02 30 23 03 | 07
#0954-d264 @A: 23 08 24 21 | 02
#0955-d264 @A: 14 07 09 23 | 01
#0956-d264 @A: 11 16 13 31 | 08
#0957-d264 @A: 13 33 34 16 | 03
#0958-d264 @A: 35 09 13 05 | 11
#0959-d264 @A: 06 03 13 33 | 12
#0960-d264 @A: 13 14 24 03 | 09
#0961-d264 @A: 14 21 13 31 | 04
#0962-d264 @A: 11 12 16 24 | 06
#0963-d264 @A: 16 31 14 32 | 10
#0964-d264 @A: 06 16 14 27 | 05
#0965-d264 @A: 16 34 14 22 | 07
#0966-d264 @A: 09 22 16 06 | 02
#0967-d264 @A: 27 12 24 31 | 01
#0968-d264 @A: 09 12 03 06 | 08
#0969-d264 @A: 27 06 21 11 | 03
#0970-d264 @A: 32 02 05 06 | 11
#0971-d264 @A: 05 27 03 22 | 12
#0972-d264 @A: 09 05 08 14 | 09
#0973-d264 @A: 28 04 33 03 | 04
#0974-d264 @A: 33 14 07 04 | 06
#0975-d264 @A: 04 28 32 30 | 10
#0976-d264 @A: 04 07 28 34 | 05
#0977-d264 @A: 04 06 07 09 | 07
#0978-d264 @A: 33 35 09 03 | 02
#0979-d264 @A: 33 24 35 14 | 01
#0980-d264 @A: 33 09 20 14 | 08
#0981-d264 @A: 08 21 30 20 | 03
#0982-d264 @A: 07 20 22 31 | 11
#0983-d264 @A: 24 20 07 02 | 12
#0984-d264 @A: 34 33 02 14 | 09
#0985-d264 @A: 34 21 06 02 | 04
#0986-d264 @A: 16 19 29 13 | 06
#0987-d264 @A: 14 19 29 35 | 10
#0988-d264 @A: 14 01 26 19 | 05
#0989-d264 @A: 21 25 19 15 | 07
#0990-d264 @A: 30 25 35 19 | 02
#0991-d264 @A: 13 17 19 21 | 01
#0992-d264 @A: 17 35 28 19 | 08
#0993-d264 @A: 08 19 17 02 | 03
#0994-d264 @A: 23 19 03 26 | 11
#0995-d264 @A: 19 05 26 27 | 12
#0996-d264 @A: 34 23 19 04 | 09
#0997-d264 @A: 19 13 22 11 | 04
#0998-d264 @A: 34 24 12 19 | 06
#0999-d264 @A: 19 35 11 24 | 10
#1000-d264 @A: 22 19 08 34 | 05
#1001-d264 @A: 22 29 15 18 | 07
#1002-d264 @A: 18 35 28 29 | 02
#1003-d264 @A: 01 24 29 11 | 01
#1004-d264 @A: 35 25 29 07 | 08
#1005-d264 @A: 02 06 25 29 | 03
#1006-d264 @A: 30 29 20 15 | 11
#1007-d264 @A: 31 10 11 29 | 12
#1008-d264 @A: 21 26 17 29 | 09
#1009-d264 @A: 11 14 29 26 | 04
#1010-d264 @A: 23 29 28 14 | 06
#1011-d264 @A: 29 11 27 20 | 10
#1012-d264 @A: 05 35 06 29 | 05
#1013-d264 @A: 14 30 29 04 | 07
#1014-d264 @A: 29 28 33 09 | 02
#1015-d264 @A: 29 24 30 08 | 01
#1016-d264 @A: 03 30 31 29 | 08
#1017-d264 @A: 15 01 34 18 | 03
#1018-d264 @A: 04 08 18 01 | 11
#1019-d264 @A: 30 27 01 18 | 12
#1020-d264 @A: 30 02 18 25 | 09
#1021-d264 @A: 21 18 25 07 | 04
#1022-d264 @A: 18 34 10 12 | 06
#1023-d264 @A: 28 16 26 18 | 10
#1024-d264 @A: 18 26 05 02 | 05
#1025-d264 @A: 11 13 18 28 | 07
#1026-d264 @A: 18 16 08 06 | 02
#1027-d264 @A: 12 04 07 18 | 01
#1028-d264 @A: 11 08 22 18 | 08
#1029-d264 @A: 22 18 33 30 | 03
#1030-d264 @A: 31 28 18 07 | 11
#1031-d264 @A: 15 01 10 27 | 12
#1032-d264 @A: 02 01 10 04 | 09
#1033-d264 @A: 33 01 10 35 | 04
#1034-d264 @A: 02 13 01 17 | 06
#1035-d264 @A: 07 16 01 13 | 10
#1036-d264 @A: 12 03 32 01 | 05
#1037-d264 @A: 22 12 28 01 | 07
#1038-d264 @A: 05 20 01 32 | 02
#1039-d264 @A: 01 08 22 24 | 01
#1040-d264 @A: 25 07 15 28 | 08
#1041-d264 @A: 27 17 26 25 | 03
#1042-d264 @A: 14 26 35 25 | 11
#1043-d264 @A: 30 16 25 03 | 12
#1044-d264 @A: 11 09 25 12 | 09
#1045-d264 @A: 04 25 12 32 | 04
#1046-d264 @A: 20 25 03 12 | 06
#1047-d264 @A: 07 15 13 17 | 10
#1048-d264 @A: 12 28 15 27 | 05
#1049-d264 @A: 11 04 02 15 | 07
#1050-d264 @A: 35 15 11 27 | 02
#1051-d264 @A: 24 05 15 35 | 01
#1052-d264 @A: 05 08 33 15 | 08
#1053-d264 @A: 15 22 33 24 | 03
#1054-d264 @A: 33 22 02 15 | 11
#1055-d264 @A: 28 15 14 30 | 12
#1056-d264 @A: 15 14 21 07 | 09
#1057-d264 @A: 09 16 17 10 | 04
#1058-d264 @A: 23 24 10 26 | 06
#1059-d264 @A: 26 35 30 10 | 10
#1060-d264 @A: 08 31 10 26 | 05
#1061-d264 @A: 31 13 10 27 | 07
#1062-d264 @A: 10 13 21 28 | 02
#1063-d264 @A: 03 16 05 10 | 01
#1064-d264 @A: 16 10 21 04 | 08
#1065-d264 @A: 10 30 16 33 | 03
#1066-d264 @A: 06 10 16 07 | 11
#1067-d264 @A: 04 12 10 09 | 12
#1068-d264 @A: 20 10 05 22 | 09
#1069-d264 @A: 24 32 10 33 | 04
#1070-d264 @A: 22 32 10 14 | 06
#1071-d264 @A: 31 10 07 24 | 10
#1072-d264 @A: 17 26 32 08 | 05
#1073-d264 @A: 06 23 17 20 | 07
#1074-d264 @A: 28 04 12 17 | 02
#1075-d264 @A: 20 12 17 35 | 01
#1076-d264 @A: 12 02 17 35 | 08
#1077-d264 @A: 27 11 22 17 | 03
#1078-d264 @A: 17 35 21 05 | 11
#1079-d264 @A: 17 20 14 07 | 12
#1080-d264 @A: 34 09 17 14 | 09
#1081-d264 @A: 13 08 26 30 | 04
#1082-d264 @A: 26 02 13 24 | 06
#1083-d264 @A: 26 20 04 03 | 10
#1084-d264 @A: 14 30 33 26 | 05
#1085-d264 @A: 26 33 21 28 | 07
#1086-d264 @A: 27 26 22 30 | 02
#1087-d264 @A: 26 34 30 21 | 01
#1088-d264 @A: 30 24 26 31 | 08
#1089-d264 @A: 03 12 23 14 | 03
#1090-d264 @A: 22 28 23 11 | 11
#1091-d264 @A: 23 28 06 07 | 12
#1092-d264 @A: 05 13 12 21 | 09
#1093-d264 @A: 04 13 05 02 | 04
#1094-d264 @A: 24 31 13 33 | 06
#1095-d264 @A: 22 13 30 06 | 10
#1096-d264 @A: 13 03 27 34 | 05
#1097-d264 @A: 13 14 28 27 | 07
#1098-d264 @A: 22 31 13 08 | 02
#1099-d264 @A: 09 08 24 13 | 01
#1100-d264 @A: 13 21 06 24 | 08
#1101-d264 @A: 14 13 22 07 | 03
#1102-d264 @A: 12 27 35 16 | 11
#1103-d264 @A: 05 16 09 21 | 12
#1104-d264 @A: 04 30 16 07 | 09
#1105-d264 @A: 14 16 28 33 | 04
#1106-d264 @A: 02 16 32 08 | 06
#1107-d264 @A: 16 03 06 32 | 10
#1108-d264 @A: 07 32 16 09 | 05
#1109-d264 @A: 32 12 34 31 | 07
#1110-d264 @A: 21 03 12 08 | 02
#1111-d264 @A: 31 12 08 07 | 01
#1112-d264 @A: 28 24 12 08 | 08
#1113-d264 @A: 28 11 32 05 | 03
#1114-d264 @A: 04 35 32 11 | 11
#1115-d264 @A: 33 30 11 06 | 12
#1116-d264 @A: 28 11 33 34 | 09
#1117-d264 @A: 11 22 02 14 | 04
#1118-d264 @A: 11 28 31 24 | 06
#1119-d264 @A: 14 07 05 35 | 10
#1120-d264 @A: 05 02 33 09 | 05
#1121-d264 @A: 08 21 04 33 | 07
#1122-d264 @A: 32 14 34 04 | 02
#1123-d264 @A: 27 08 04 06 | 01
#1124-d264 @A: 02 35 33 32 | 08
#1125-d264 @A: 35 28 33 07 | 03
#1126-d264 @A: 27 03 35 07 | 11
#1127-d264 @A: 21 35 34 14 | 12
#1128-d264 @A: 20 33 30 03 | 09
#1129-d264 @A: 14 20 34 06 | 04
#1130-d264 @A: 31 02 03 33 | 06
#1131-d264 @A: 19 28 29 30 | 10
#1132-d264 @A: 15 08 01 19 | 05
#1133-d264 @A: 01 19 20 03 | 07
#1134-d264 @A: 11 19 25 27 | 02
#1135-d264 @A: 25 24 19 20 | 01
#1136-d264 @A: 15 23 19 32 | 08
#1137-d264 @A: 05 15 14 19 | 03
#1138-d264 @A: 15 19 20 06 | 11
#1139-d264 @A: 17 19 23 33 | 12
#1140-d264 @A: 21 12 11 19 | 09
#1141-d264 @A: 35 02 19 05 | 04
#1142-d264 @A: 07 04 35 19 | 06
#1143-d264 @A: 24 04 31 19 | 10
#1144-d264 @A: 04 24 02 19 | 05
#1145-d264 @A: 32 14 19 27 | 07
#1146-d264 @A: 34 18 02 29 | 02
#1147-d264 @A: 29 25 14 01 | 01
#1148-d264 @A: 01 29 26 27 | 08
#1149-d264 @A: 15 03 16 29 | 03
#1150-d264 @A: 10 24 17 29 | 11
#1151-d264 @A: 02 29 10 24 | 12
#1152-d264 @A: 12 17 31 29 | 09
#1153-d264 @A: 22 04 29 26 | 04
#1154-d264 @A: 13 35 21 29 | 06
#1155-d264 @A: 16 29 35 20 | 10
#1156-d264 @A: 12 29 28 20 | 05
#1157-d264 @A: 20 21 32 29 | 07
#1158-d264 @A: 22 33 29 06 | 02
#1159-d264 @A: 01 09 18 12 | 01
#1160-d264 @A: 25 26 03 18 | 08
#1161-d264 @A: 18 35 25 34 | 03
#1162-d264 @A: 16 12 18 15 | 11
#1163-d264 @A: 05 06 15 18 | 12
#1164-d264 @A: 14 15 18 35 | 09
#1165-d264 @A: 10 27 16 18 | 04
#1166-d264 @A: 24 18 35 10 | 06
#1167-d264 @A: 23 18 34 17 | 10
#1168-d264 @A: 35 26 18 08 | 05
#1169-d264 @A: 20 13 18 07 | 07
#1170-d264 @A: 12 18 35 32 | 02
#1171-d264 @A: 04 27 11 18 | 01
#1172-d264 @A: 11 02 18 20 | 08
#1173-d264 @A: 30 18 35 31 | 03
#1174-d264 @A: 08 09 18 30 | 11
#1175-d264 @A: 09 18 27 07 | 12
#1176-d264 @A: 14 31 18 09 | 09
#1177-d264 @A: 17 14 01 05 | 04
#1178-d264 @A: 20 12 01 33 | 06
#1179-d264 @A: 01 02 34 11 | 10
#1180-d264 @A: 32 27 24 01 | 05
#1181-d264 @A: 31 01 28 32 | 07
#1182-d264 @A: 01 09 27 31 | 02
#1183-d264 @A: 08 06 31 01 | 01
#1184-d264 @A: 01 07 24 28 | 08
#1185-d264 @A: 14 06 01 24 | 03
#1186-d264 @A: 10 16 25 08 | 11
#1187-d264 @A: 31 35 25 10 | 12
#1188-d264 @A: 17 03 25 04 | 09
#1189-d264 @A: 25 23 16 28 | 04
#1190-d264 @A: 08 23 25 34 | 06
#1191-d264 @A: 12 35 25 24 | 10
#1192-d264 @A: 12 30 25 28 | 05
#1193-d264 @A: 08 11 05 25 | 07
#1194-d264 @A: 05 25 28 35 | 02
#1195-d264 @A: 04 21 25 35 | 01
#1196-d264 @A: 04 25 30 22 | 08
#1197-d264 @A: 30 34 25 07 | 03
#1198-d264 @A: 25 21 09 03 | 11
#1199-d264 @A: 26 15 23 34 | 12
#1200-d264 @A: 23 15 02 32 | 09
#1201-d264 @A: 31 16 27 15 | 04
#1202-d264 @A: 09 05 32 15 | 06
#1203-d264 @A: 03 02 20 15 | 10
#1204-d264 @A: 31 15 03 14 | 05
#1205-d264 @A: 23 12 02 10 | 07
#1206-d264 @A: 20 13 35 10 | 02
#1207-d264 @A: 10 16 31 12 | 01
#1208-d264 @A: 22 10 16 11 | 08
#1209-d264 @A: 10 02 11 06 | 03
#1210-d264 @A: 28 20 10 04 | 11
#1211-d264 @A: 03 10 30 24 | 12
#1212-d264 @A: 34 10 30 22 | 09
#1213-d264 @A: 24 10 06 28 | 04
#1214-d264 @A: 17 03 13 26 | 06
#1215-d264 @A: 17 16 26 07 | 10
#1216-d264 @A: 17 09 04 26 | 05
#1217-d264 @A: 03 17 23 16 | 07
#1218-d264 @A: 16 13 17 27 | 02
#1219-d264 @A: 31 17 35 13 | 01
#1220-d264 @A: 17 24 16 05 | 08
#1221-d264 @A: 17 11 35 14 | 03
#1222-d264 @A: 17 20 09 11 | 11
#1223-d264 @A: 34 30 17 08 | 12
#1224-d264 @A: 27 17 31 14 | 09
#1225-d264 @A: 02 21 17 14 | 04
#1226-d264 @A: 24 17 22 07 | 06
#1227-d264 @A: 05 26 11 03 | 10
#1228-d264 @A: 26 05 35 32 | 05
#1229-d264 @A: 26 07 28 14 | 07
#1230-d264 @A: 07 26 06 24 | 02
#1231-d264 @A: 28 12 23 13 | 01
#1232-d264 @A: 22 23 16 12 | 08
#1233-d264 @A: 35 12 23 07 | 03
#1234-d264 @A: 23 27 31 30 | 11
#1235-d264 @A: 23 30 07 08 | 12
#1236-d264 @A: 03 34 23 22 | 09
#1237-d264 @A: 13 32 16 12 | 04
#1238-d264 @A: 04 12 13 24 | 06
#1239-d264 @A: 05 32 13 30 | 10
#1240-d264 @A: 34 35 04 13 | 05
#1241-d264 @A: 13 32 34 02 | 07
#1242-d264 @A: 32 13 09 14 | 02
#1243-d264 @A: 07 13 24 27 | 01
#1244-d264 @A: 06 08 14 13 | 08
#1245-d264 @A: 09 31 06 13 | 03
#1246-d264 @A: 12 16 02 34 | 11
#1247-d264 @A: 34 32 27 16 | 12
#1248-d264 @A: 12 08 14 33 | 09
#1249-d264 @A: 30 06 12 24 | 04
#1250-d264 @A: 07 03 12 28 | 06
#1251-d264 @A: 12 07 14 34 | 10
#1252-d264 @A: 11 05 24 21 | 05
#1253-d264 @A: 11 03 32 30 | 07
#1254-d264 @A: 11 32 03 02 | 02
#1255-d264 @A: 24 11 14 32 | 01
#1256-d264 @A: 02 11 08 30 | 08
#1257-d264 @A: 07 14 27 11 | 03
#1258-d264 @A: 35 04 05 30 | 11
#1259-d264 @A: 05 34 14 30 | 12
#1260-d264 @A: 04 31 30 33 | 09
#1261-d264 @A: 30 06 04 34 | 04
#1262-d264 @A: 20 35 24 32 | 06
#1263-d264 @A: 24 07 08 35 | 10
#1264-d264 @A: 03 31 35 24 | 05
#1265-d264 @A: 24 06 34 35 | 07
#1266-d264 @A: 09 35 28 14 | 02
#1267-d264 @A: 20 08 24 33 | 01
#1268-d264 @A: 20 31 28 33 | 08
#1269-d264 @A: 03 27 24 20 | 03
#1270-d264 @A: 02 20 27 06 | 11
#1271-d264 @A: 07 33 02 30 | 12
#1272-d264 @A: 21 09 02 32 | 09
#1273-d264 @A: 18 04 03 19 | 04
#1274-d264 @A: 14 19 18 28 | 06
#1275-d264 @A: 28 25 01 19 | 10
#1276-d264 @A: 25 05 10 19 | 05
#1277-d264 @A: 03 19 13 15 | 07
#1278-d264 @A: 10 23 19 28 | 02
#1279-d264 @A: 24 19 10 16 | 01
#1280-d264 @A: 10 19 07 30 | 08
#1281-d264 @A: 04 19 16 26 | 03
#1282-d264 @A: 19 31 23 35 | 11
#1283-d264 @A: 16 32 19 35 | 12
#1284-d264 @A: 20 16 22 19 | 09
#1285-d264 @A: 19 33 06 35 | 04
#1286-d264 @A: 01 33 29 18 | 06
#1287-d264 @A: 18 32 29 25 | 10
#1288-d264 @A: 18 09 10 29 | 05
#1289-d264 @A: 24 29 15 25 | 07
#1290-d264 @A: 29 02 10 33 | 02
#1291-d264 @A: 29 33 26 20 | 01
#1292-d264 @A: 26 02 21 29 | 08
#1293-d264 @A: 23 29 20 31 | 03
#1294-d264 @A: 13 12 29 07 | 11
#1295-d264 @A: 13 29 09 03 | 12
#1296-d264 @A: 27 24 34 29 | 09
#1297-d264 @A: 21 31 22 29 | 04
#1298-d264 @A: 23 12 25 18 | 06
#1299-d264 @A: 11 10 21 18 | 10
#1300-d264 @A: 05 10 07 18 | 05
#1301-d264 @A: 32 28 18 17 | 07
#1302-d264 @A: 26 05 18 22 | 02
#1303-d264 @A: 05 18 13 34 | 01
#1304-d264 @A: 24 12 18 03 | 08
#1305-d264 @A: 05 04 28 18 | 03
#1306-d264 @A: 07 06 18 32 | 11
#1307-d264 @A: 22 24 18 31 | 12
#1308-d264 @A: 25 15 03 01 | 09
#1309-d264 @A: 15 01 31 33 | 04
#1310-d264 @A: 20 10 01 09 | 06
#1311-d264 @A: 34 01 10 24 | 10
#1312-d264 @A: 01 33 17 03 | 05
#1313-d264 @A: 26 28 35 01 | 07
#1314-d264 @A: 07 26 01 20 | 02
#1315-d264 @A: 23 01 07 04 | 01
#1316-d264 @A: 16 01 11 28 | 08
#1317-d264 @A: 16 35 21 01 | 03
#1318-d264 @A: 16 20 01 31 | 11
#1319-d264 @A: 30 01 35 11 | 12
#1320-d264 @A: 34 31 30 01 | 09
#1321-d264 @A: 02 24 21 01 | 04
#1322-d264 @A: 31 01 07 02 | 06
#1323-d264 @A: 22 34 01 06 | 10
#1324-d264 @A: 16 25 17 32 | 05
#1325-d264 @A: 09 35 25 17 | 07
#1326-d264 @A: 23 07 25 26 | 02
#1327-d264 @A: 26 25 12 22 | 01
#1328-d264 @A: 25 02 11 23 | 08
#1329-d264 @A: 28 13 02 25 | 03
#1330-d264 @A: 22 11 21 25 | 11
#1331-d264 @A: 35 25 27 08 | 12
#1332-d264 @A: 16 21 23 15 | 09
#1333-d264 @A: 24 14 15 12 | 04
#1334-d264 @A: 20 28 15 11 | 06
#1335-d264 @A: 05 20 15 34 | 10
#1336-d264 @A: 30 04 15 08 | 05
#1337-d264 @A: 30 21 33 15 | 07
#1338-d264 @A: 34 15 09 33 | 02
#1339-d264 @A: 21 31 15 34 | 01
#1340-d264 @A: 17 10 12 03 | 08
#1341-d264 @A: 10 05 17 31 | 03
#1342-d264 @A: 33 17 10 08 | 11
#1343-d264 @A: 27 10 07 26 | 12
#1344-d264 @A: 24 20 10 12 | 09
#1345-d264 @A: 21 06 33 10 | 04
#1346-d264 @A: 33 22 28 10 | 06
#1347-d264 @A: 28 30 10 27 | 10
#1348-d264 @A: 23 35 32 17 | 05
#1349-d264 @A: 13 17 33 04 | 07
#1350-d264 @A: 12 17 16 14 | 02
#1351-d264 @A: 30 11 16 17 | 01
#1352-d264 @A: 16 20 17 21 | 08
#1353-d264 @A: 17 06 05 30 | 03
#1354-d264 @A: 08 17 05 03 | 11
#1355-d264 @A: 33 34 27 17 | 12
#1356-d264 @A: 17 22 08 06 | 09
#1357-d264 @A: 03 28 09 17 | 04
#1358-d264 @A: 22 14 28 17 | 06
#1359-d264 @A: 13 34 31 26 | 10
#1360-d264 @A: 20 26 12 30 | 05
#1361-d264 @A: 03 26 12 02 | 07
#1362-d264 @A: 35 04 26 33 | 02
#1363-d264 @A: 26 32 33 06 | 01
#1364-d264 @A: 26 28 09 30 | 08
#1365-d264 @A: 08 27 26 24 | 03
#1366-d264 @A: 27 14 26 03 | 11
#1367-d264 @A: 21 03 06 26 | 12
#1368-d264 @A: 24 34 26 14 | 09
#1369-d264 @A: 05 23 09 12 | 04
#1370-d264 @A: 21 33 23 14 | 06
#1371-d264 @A: 23 22 21 30 | 10
#1372-d264 @A: 23 07 22 27 | 05
#1373-d264 @A: 16 03 13 08 | 07
#1374-d264 @A: 02 12 13 21 | 02
#1375-d264 @A: 13 07 11 02 | 01
#1376-d264 @A: 08 07 21 13 | 08
#1377-d264 @A: 28 13 09 07 | 03
#1378-d264 @A: 08 12 16 05 | 11
#1379-d264 @A: 21 12 16 34 | 12
#1380-d264 @A: 16 30 20 05 | 09
#1381-d264 @A: 02 16 33 06 | 04
#1382-d264 @A: 28 16 22 32 | 06
#1383-d264 @A: 28 27 16 07 | 10
#1384-d264 @A: 34 07 03 16 | 05
#1385-d264 @A: 16 22 21 07 | 07
#1386-d264 @A: 16 14 24 07 | 02
#1387-d264 @A: 12 27 03 11 | 01
#1388-d264 @A: 12 33 30 05 | 08
#1389-d264 @A: 06 12 33 27 | 03
#1390-d264 @A: 12 30 32 21 | 11
#1391-d264 @A: 30 12 09 34 | 12
#1392-d264 @A: 27 34 12 08 | 09
#1393-d264 @A: 21 30 11 07 | 04
#1394-d264 @A: 07 08 11 09 | 06
#1395-d264 @A: 09 06 28 11 | 10
#1396-d264 @A: 28 02 05 03 | 05
#1397-d264 @A: 03 05 06 14 | 07
#1398-d264 @A: 31 05 22 06 | 02
#1399-d264 @A: 32 03 24 04 | 01
#1400-d264 @A: 02 04 34 28 | 08
#1401-d264 @A: 35 22 33 20 | 03
#1402-d264 @A: 35 34 31 33 | 11
#1403-d264 @A: 22 32 35 31 | 12
#1404-d264 @A: 35 22 08 14 | 09
#1405-d264 @A: 21 34 20 33 | 04
#1406-d264 @A: 28 30 20 07 | 06
#1407-d264 @A: 09 02 27 28 | 10
#1408-d264 @A: 08 24 09 02 | 05
#1409-d264 @A: 20 29 19 34 | 07
#1410-d264 @A: 29 03 19 27 | 02
#1411-d264 @A: 14 19 02 18 | 01
#1412-d264 @A: 14 25 17 19 | 08
#1413-d264 @A: 17 15 34 19 | 03
#1414-d264 @A: 22 19 35 15 | 11
#1415-d264 @A: 13 19 10 33 | 12
#1416-d264 @A: 10 19 02 16 | 09
#1417-d264 @A: 27 34 10 19 | 04
#1418-d264 @A: 14 10 08 19 | 06
#1419-d264 @A: 08 17 12 19 | 10
#1420-d264 @A: 17 32 19 11 | 05
#1421-d264 @A: 17 04 22 19 | 07
#1422-d264 @A: 19 27 17 20 | 02
#1423-d264 @A: 02 26 07 19 | 01
#1424-d264 @A: 19 31 07 13 | 08
#1425-d264 @A: 33 19 27 30 | 03
#1426-d264 @A: 30 14 19 22 | 11
#1427-d264 @A: 21 07 27 19 | 12
#1428-d264 @A: 19 08 24 06 | 09
#1429-d264 @A: 18 27 17 29 | 04
#1430-d264 @A: 32 29 04 15 | 06
#1431-d264 @A: 29 17 13 14 | 10
#1432-d264 @A: 17 32 29 05 | 05
#1433-d264 @A: 29 24 23 12 | 07
#1434-d264 @A: 12 29 21 04 | 02
#1435-d264 @A: 29 08 35 04 | 01
#1436-d264 @A: 14 27 29 33 | 08
#1437-d264 @A: 32 29 03 22 | 03
#1438-d264 @A: 34 29 21 07 | 11
#1439-d264 @A: 18 14 13 01 | 12
#1440-d264 @A: 24 25 18 16 | 09
#1441-d264 @A: 18 15 17 02 | 04
#1442-d264 @A: 04 21 18 15 | 06
#1443-d264 @A: 04 33 18 10 | 10
#1444-d264 @A: 18 13 27 23 | 05
#1445-d264 @A: 16 18 23 31 | 07
#1446-d264 @A: 13 21 18 16 | 02
#1447-d264 @A: 12 11 31 18 | 01
#1448-d264 @A: 18 06 11 35 | 08
#1449-d264 @A: 18 20 02 35 | 03
#1450-d264 @A: 21 24 14 18 | 11
#1451-d264 @A: 02 07 18 06 | 12
#1452-d264 @A: 18 34 06 09 | 09
#1453-d264 @A: 25 27 01 05 | 04
#1454-d264 @A: 02 01 05 25 | 06
#1455-d264 @A: 14 10 16 01 | 10
#1456-d264 @A: 10 08 11 01 | 05
#1457-d264 @A: 10 01 21 05 | 07
#1458-d264 @A: 31 01 11 17 | 02
#1459-d264 @A: 27 11 01 23 | 01
#1460-d264 @A: 23 01 35 08 | 08
#1461-d264 @A: 01 13 11 09 | 03
#1462-d264 @A: 04 12 01 14 | 11
#1463-d264 @A: 03 01 04 11 | 12
#1464-d264 @A: 14 33 32 01 | 09
#1465-d264 @A: 30 01 33 24 | 04
#1466-d264 @A: 33 07 21 01 | 06
#1467-d264 @A: 06 01 28 27 | 10
#1468-d264 @A: 14 01 34 28 | 05
#1469-d264 @A: 06 15 10 25 | 07
#1470-d264 @A: 13 28 25 17 | 02
#1471-d264 @A: 23 20 25 35 | 01
#1472-d264 @A: 13 34 11 25 | 08
#1473-d264 @A: 16 11 25 04 | 03
#1474-d264 @A: 31 21 16 25 | 11
#1475-d264 @A: 33 30 09 25 | 12
#1476-d264 @A: 25 07 24 33 | 09
#1477-d264 @A: 07 14 25 08 | 04
#1478-d264 @A: 03 25 34 06 | 06
#1479-d264 @A: 24 25 21 34 | 10
#1480-d264 @A: 34 25 09 02 | 05
#1481-d264 @A: 22 10 15 12 | 07
#1482-d264 @A: 15 05 28 10 | 02
#1483-d264 @A: 15 33 10 07 | 01
#1484-d264 @A: 02 14 26 15 | 08
#1485-d264 @A: 32 12 20 15 | 03
#1486-d264 @A: 04 15 09 11 | 11
#1487-d264 @A: 15 04 05 07 | 12
#1488-d264 @A: 05 15 02 07 | 09
#1489-d264 @A: 35 21 15 03 | 04
#1490-d264 @A: 24 21 27 15 | 06
#1491-d264 @A: 08 24 31 15 | 10
#1492-d264 @A: 15 09 03 07 | 05
#1493-d264 @A: 08 02 13 10 | 07
#1494-d264 @A: 10 03 21 20 | 02
#1495-d264 @A: 30 22 10 02 | 01
#1496-d264 @A: 09 10 27 22 | 08
#1497-d264 @A: 21 10 24 22 | 03
#1498-d264 @A: 23 17 12 11 | 11
#1499-d264 @A: 23 24 17 02 | 12
#1500-d264 @A: 04 17 30 21 | 09
#1501-d264 @A: 14 06 33 17 | 04
#1502-d264 @A: 32 34 21 17 | 06
#1503-d264 @A: 32 09 24 17 | 10
#1504-d264 @A: 27 09 30 17 | 05
#1505-d264 @A: 03 17 21 14 | 07
#1506-d264 @A: 17 06 03 02 | 02
#1507-d264 @A: 17 02 09 07 | 01
#1508-d264 @A: 32 26 20 23 | 08
#1509-d264 @A: 16 34 26 05 | 03
#1510-d264 @A: 05 26 24 12 | 11
#1511-d264 @A: 27 04 32 26 | 12
#1512-d264 @A: 13 02 35 23 | 09
#1513-d264 @A: 16 23 09 35 | 04
#1514-d264 @A: 23 04 35 24 | 06
#1515-d264 @A: 04 14 23 20 | 10
#1516-d264 @A: 34 23 27 14 | 05
#1517-d264 @A: 23 24 03 07 | 07
#1518-d264 @A: 14 23 22 24 | 02
#1519-d264 @A: 13 04 16 28 | 01
#1520-d264 @A: 13 04 32 07 | 08
#1521-d264 @A: 06 28 13 20 | 03
#1522-d264 @A: 13 28 33 32 | 11
#1523-d264 @A: 13 27 32 06 | 12
#1524-d264 @A: 13 21 30 27 | 09
#1525-d264 @A: 16 32 30 08 | 04
#1526-d264 @A: 16 24 34 08 | 06
#1527-d264 @A: 32 09 12 33 | 10
#1528-d264 @A: 33 03 12 34 | 05
#1529-d264 @A: 12 24 32 07 | 07
#1530-d264 @A: 22 12 27 21 | 02
#1531-d264 @A: 12 31 02 24 | 01
#1532-d264 @A: 11 14 09 30 | 08
#1533-d264 @A: 11 14 08 34 | 03
#1534-d264 @A: 34 32 05 06 | 11
#1535-d264 @A: 05 31 07 27 | 12
#1536-d264 @A: 02 05 31 27 | 09
#1537-d264 @A: 05 31 08 34 | 04
#1538-d264 @A: 21 05 07 03 | 06
#1539-d264 @A: 20 33 04 06 | 10
#1540-d264 @A: 04 22 28 27 | 05
#1541-d264 @A: 14 27 02 04 | 07
#1542-d264 @A: 04 07 03 31 | 02
#1543-d264 @A: 35 03 28 34 | 01
#1544-d264 @A: 07 06 35 22 | 08
#1545-d264 @A: 20 27 06 22 | 03
#1546-d264 @A: 19 29 32 10 | 11
#1547-d264 @A: 20 19 09 18 | 12
#1548-d264 @A: 12 31 19 01 | 09
#1549-d264 @A: 33 16 19 15 | 04
#1550-d264 @A: 15 19 07 12 | 06
#1551-d264 @A: 15 31 02 19 | 10
#1552-d264 @A: 17 16 06 19 | 05
#1553-d264 @A: 31 19 03 17 | 07
#1554-d264 @A: 19 23 07 16 | 02
#1555-d264 @A: 30 23 19 12 | 01
#1556-d264 @A: 13 04 06 19 | 08
#1557-d264 @A: 12 19 16 28 | 03
#1558-d264 @A: 11 16 09 19 | 11
#1559-d264 @A: 16 19 14 03 | 12
#1560-d264 @A: 03 19 12 35 | 09
#1561-d264 @A: 05 30 19 21 | 04
#1562-d264 @A: 33 09 19 08 | 06
#1563-d264 @A: 34 32 30 19 | 10
#1564-d264 @A: 28 32 07 19 | 05
#1565-d264 @A: 28 31 19 34 | 07
#1566-d264 @A: 24 14 19 09 | 02
#1567-d264 @A: 18 30 29 26 | 01
#1568-d264 @A: 04 01 17 29 | 08
#1569-d264 @A: 01 23 32 29 | 03
#1570-d264 @A: 01 08 29 16 | 11
#1571-d264 @A: 27 16 29 25 | 12
#1572-d264 @A: 07 05 29 26 | 09
#1573-d264 @A: 34 29 13 23 | 04
#1574-d264 @A: 16 23 30 29 | 06
#1575-d264 @A: 29 23 06 27 | 10
#1576-d264 @A: 11 06 13 29 | 05
#1577-d264 @A: 29 12 07 02 | 07
#1578-d264 @A: 29 14 32 07 | 02
#1579-d264 @A: 14 21 29 06 | 01
#1580-d264 @A: 01 35 20 18 | 08
#1581-d264 @A: 04 25 18 31 | 03
#1582-d264 @A: 22 13 35 18 | 11
#1583-d264 @A: 16 18 11 14 | 12
#1584-d264 @A: 12 33 18 28 | 09
#1585-d264 @A: 18 32 04 20 | 04
#1586-d264 @A: 18 33 24 27 | 06
#1587-d264 @A: 27 14 18 08 | 10
#1588-d264 @A: 08 07 18 34 | 05
#1589-d264 @A: 28 22 18 09 | 07
#1590-d264 @A: 22 28 18 02 | 02
#1591-d264 @A: 35 01 25 22 | 01
#1592-d264 @A: 01 06 15 26 | 08
#1593-d264 @A: 15 35 07 01 | 03
#1594-d264 @A: 17 10 26 01 | 11
#1595-d264 @A: 20 01 28 17 | 12
#1596-d264 @A: 02 26 01 09 | 09
#1597-d264 @A: 01 05 06 16 | 04
#1598-d264 @A: 05 34 33 01 | 06
#1599-d264 @A: 01 22 32 30 | 10
#1600-d264 @A: 01 30 21 28 | 05
#1601-d264 @A: 09 14 01 21 | 07
#1602-d264 @A: 05 25 31 26 | 02
#1603-d264 @A: 23 11 25 31 | 01
#1604-d264 @A: 11 25 35 33 | 08
#1605-d264 @A: 03 24 05 25 | 03
#1606-d264 @A: 02 25 04 33 | 11
#1607-d264 @A: 32 27 25 21 | 12
#1608-d264 @A: 25 03 14 32 | 09
#1609-d264 @A: 25 24 22 27 | 04
#1610-d264 @A: 34 25 27 09 | 06
#1611-d264 @A: 03 08 25 22 | 10
#1612-d264 @A: 21 25 28 08 | 05
#1613-d264 @A: 31 28 22 25 | 07
#1614-d264 @A: 15 13 26 04 | 02
#1615-d264 @A: 15 14 26 32 | 01
#1616-d264 @A: 15 07 11 23 | 08
#1617-d264 @A: 12 30 15 35 | 03
#1618-d264 @A: 05 15 11 22 | 11
#1619-d264 @A: 15 28 33 06 | 12
#1620-d264 @A: 30 15 31 32 | 09
#1621-d264 @A: 07 15 32 27 | 04
#1622-d264 @A: 24 15 28 03 | 06
#1623-d264 @A: 10 14 17 23 | 10
#1624-d264 @A: 16 23 10 34 | 05
#1625-d264 @A: 10 23 05 08 | 07
#1626-d264 @A: 04 23 10 30 | 02
#1627-d264 @A: 10 13 12 08 | 01
#1628-d264 @A: 33 10 12 11 | 08
#1629-d264 @A: 02 10 05 20 | 03
#1630-d264 @A: 09 32 10 30 | 11
#1631-d264 @A: 07 14 02 10 | 12
#1632-d264 @A: 34 10 09 28 | 09
#1633-d264 @A: 09 31 02 10 | 04
#1634-d264 @A: 34 12 17 26 | 06
#1635-d264 @A: 17 23 30 13 | 10
#1636-d264 @A: 08 16 35 17 | 05
#1637-d264 @A: 04 17 35 27 | 07
#1638-d264 @A: 17 31 20 02 | 02
#1639-d264 @A: 34 17 02 30 | 01
#1640-d264 @A: 24 17 28 27 | 08
#1641-d264 @A: 34 17 22 31 | 03
#1642-d264 @A: 06 13 26 05 | 11
#1643-d264 @A: 26 13 07 35 | 12
#1644-d264 @A: 16 35 31 26 | 09
#1645-d264 @A: 26 12 04 08 | 04
#1646-d264 @A: 22 24 20 26 | 06
#1647-d264 @A: 32 26 07 31 | 10
#1648-d264 @A: 06 26 34 27 | 05
#1649-d264 @A: 26 09 22 08 | 07
#1650-d264 @A: 08 23 11 16 | 02
#1651-d264 @A: 34 23 32 24 | 01
#1652-d264 @A: 23 08 03 06 | 08
#1653-d264 @A: 13 27 33 08 | 03
#1654-d264 @A: 32 22 24 13 | 11
#1655-d264 @A: 03 13 08 02 | 12
#1656-d264 @A: 27 04 16 20 | 09
#1657-d264 @A: 28 30 16 34 | 04
#1658-d264 @A: 31 03 16 28 | 06
#1659-d264 @A: 24 16 09 31 | 10
#1660-d264 @A: 11 20 12 22 | 05
#1661-d264 @A: 12 11 02 28 | 07
#1662-d264 @A: 06 04 05 12 | 02
#1663-d264 @A: 32 12 28 14 | 01
#1664-d264 @A: 12 07 21 06 | 08
#1665-d264 @A: 09 12 21 28 | 03
#1666-d264 @A: 14 02 12 06 | 11
#1667-d264 @A: 34 11 04 22 | 12
#1668-d264 @A: 34 11 21 03 | 09
#1669-d264 @A: 14 05 21 32 | 04
#1670-d264 @A: 28 03 05 30 | 06
#1671-d264 @A: 09 27 05 28 | 10
#1672-d264 @A: 05 34 02 08 | 05
#1673-d264 @A: 33 24 04 34 | 07
#1674-d264 @A: 30 04 24 09 | 02
#1675-d264 @A: 07 22 08 04 | 01
#1676-d264 @A: 14 09 03 04 | 08
#1677-d264 @A: 06 04 22 24 | 03
#1678-d264 @A: 28 21 20 35 | 11
#1679-d264 @A: 07 35 09 20 | 12
#1680-d264 @A: 14 31 35 20 | 09
#1681-d264 @A: 21 33 27 35 | 04
#1682-d264 @A: 30 07 35 32 | 06
#1683-d264 @A: 35 34 32 09 | 10
#1684-d264 @A: 24 21 35 30 | 05
#1685-d264 @A: 06 30 32 20 | 07
#1686-d264 @A: 07 32 20 03 | 02
#1687-d264 @A: 31 24 20 34 | 01
#1688-d264 @A: 32 24 14 02 | 08
#1689-d264 @A: 31 02 34 22 | 03
