#0001-d334 @A: 32 31 34 28 | 12
#0002-d334 @A: 28 32 24 17 | 01
#0003-d334 @A: 21 12 28 32 | 02
#0004-d334 @A: 02 28 18 26 | 06
#0005-d334 @A: 24 32 22 02 | 11
#0006-d334 @A: 32 03 02 07 | 08
#0007-d334 @A: 28 06 02 25 | 03
#0008-d334 @A: 29 28 25 21 | 10
#0009-d334 @A: 18 20 19 28 | 07
#0010-d334 @A: 28 13 18 16 | 09
#0011-d334 @A: 32 20 17 26 | 04
#0012-d334 @A: 13 27 32 17 | 05
#0013-d334 @A: 15 32 35 17 | 12
#0014-d334 @A: 13 14 32 08 | 01
#0015-d334 @A: 35 28 14 12 | 02
#0016-d334 @A: 24 28 16 06 | 06
#0017-d334 @A: 32 26 05 13 | 11
#0018-d334 @A: 27 28 03 05 | 08
#0019-d334 @A: 32 04 27 31 | 03
#0020-d334 @A: 12 15 07 32 | 10
#0021-d334 @A: 32 27 07 16 | 07
#0022-d334 @A: 03 20 11 32 | 09
#0023-d334 @A: 20 12 10 28 | 04
#0024-d334 @A: 20 27 23 32 | 05
#0025-d334 @A: 35 28 22 20 | 12
#0026-d334 @A: 28 23 33 22 | 01
#0027-d334 @A: 27 06 28 33 | 02
#0028-d334 @A: 25 26 32 08 | 06
#0029-d334 @A: 30 28 27 26 | 11
#0030-d334 @A: 26 06 35 32 | 08
#0031-d334 @A: 03 32 25 01 | 03
#0032-d334 @A: 34 02 01 05 | 10
#0033-d334 @A: 27 34 13 02 | 07
#0034-d334 @A: 20 24 29 34 | 09
#0035-d334 @A: 01 34 13 29 | 04
#0036-d334 @A: 34 03 27 29 | 05
#0037-d334 @A: 34 35 15 29 | 12
#0038-d334 @A: 05 17 34 13 | 01
#0039-d334 @A: 17 34 22 25 | 02
#0040-d334 @A: 15 17 16 34 | 06
#0041-d334 @A: 14 24 34 23 | 11
#0042-d334 @A: 24 03 13 34 | 08
#0043-d334 @A: 34 27 20 30 | 03
#0044-d334 @A: 35 03 34 33 | 10
#0045-d334 @A: 34 11 19 10 | 07
#0046-d334 @A: 34 03 22 19 | 09
#0047-d334 @A: 21 13 09 34 | 04
#0048-d334 @A: 34 06 27 01 | 05
#0049-d334 @A: 31 02 29 09 | 12
#0050-d334 @A: 25 30 29 02 | 01
#0051-d334 @A: 01 02 10 18 | 02
#0052-d334 @A: 02 17 19 24 | 06
#0053-d334 @A: 19 26 02 05 | 11
#0054-d334 @A: 30 02 31 11 | 08
#0055-d334 @A: 02 21 07 15 | 03
#0056-d334 @A: 02 21 27 20 | 10
#0057-d334 @A: 10 02 33 23 | 07
#0058-d334 @A: 22 02 09 23 | 09
#0059-d334 @A: 02 22 26 08 | 04
#0060-d334 @A: 02 16 13 03 | 05
#0061-d334 @A: 17 29 26 18 | 12
#0062-d334 @A: 17 04 20 29 | 01
#0063-d334 @A: 27 29 33 17 | 02
#0064-d334 @A: 23 10 29 24 | 06
#0065-d334 @A: 26 09 04 29 | 11
#0066-d334 @A: 07 29 25 16 | 08
#0067-d334 @A: 29 08 22 19 | 03
#0068-d334 @A: 30 15 09 29 | 10
#0069-d334 @A: 26 08 29 30 | 07
#0070-d334 @A: 01 29 30 12 | 09
#0071-d334 @A: 03 18 22 24 | 04
#0072-d334 @A: 20 05 18 04 | 05
#0073-d334 @A: 31 04 18 07 | 12
#0074-d334 @A: 09 27 03 18 | 01
#0075-d334 @A: 08 17 04 15 | 02
#0076-d334 @A: 27 17 07 15 | 06
#0077-d334 @A: 17 08 33 13 | 11
#0078-d334 @A: 35 17 10 19 | 08
#0079-d334 @A: 10 17 08 09 | 03
#0080-d334 @A: 15 09 17 06 | 10
#0081-d334 @A: 01 27 17 11 | 07
#0082-d334 @A: 17 35 08 03 | 09
#0083-d334 @A: 14 07 33 31 | 04
#0084-d334 @A: 22 25 07 14 | 05
#0085-d334 @A: 33 14 26 08 | 12
#0086-d334 @A: 11 33 14 01 | 01
#0087-d334 @A: 01 14 16 09 | 02
#0088-d334 @A: 26 14 11 23 | 06
#0089-d334 @A: 14 27 25 35 | 11
#0090-d334 @A: 35 05 12 24 | 08
#0091-d334 @A: 15 10 05 24 | 03
#0092-d334 @A: 07 24 23 35 | 10
#0093-d334 @A: 12 09 22 24 | 07
#0094-d334 @A: 03 21 27 24 | 09
#0095-d334 @A: 06 05 08 31 | 04
#0096-d334 @A: 13 11 20 05 | 05
#0097-d334 @A: 05 20 35 06 | 12
#0098-d334 @A: 33 23 25 05 | 01
#0099-d334 @A: 22 08 33 05 | 02
#0100-d334 @A: 27 10 26 05 | 06
#0101-d334 @A: 15 08 05 26 | 11
#0102-d334 @A: 31 22 06 20 | 08
#0103-d334 @A: 31 21 01 33 | 03
#0104-d334 @A: 12 09 27 31 | 10
#0105-d334 @A: 31 35 15 26 | 07
#0106-d334 @A: 04 07 11 06 | 09
#0107-d334 @A: 04 01 20 21 | 04
#0108-d334 @A: 26 16 35 04 | 05
#0109-d334 @A: 13 03 04 08 | 12
#0110-d334 @A: 12 04 23 30 | 01
#0111-d334 @A: 07 01 20 23 | 02
#0112-d334 @A: 19 25 07 35 | 06
#0113-d334 @A: 06 27 30 07 | 11
#0114-d334 @A: 08 15 20 19 | 08
#0115-d334 @A: 16 11 12 20 | 03
#0116-d334 @A: 26 30 11 33 | 10
#0117-d334 @A: 33 30 25 27 | 07
#0118-d334 @A: 27 19 06 35 | 09
#0119-d334 @A: 26 09 13 03 | 04
#0120-d334 @A: 35 09 26 22 | 05
#0121-d334 @A: 15 26 21 11 | 12
#0122-d334 @A: 13 06 16 21 | 01
#0123-d334 @A: 21 10 11 03 | 02
#0124-d334 @A: 13 12 22 11 | 06
#0125-d334 @A: 13 35 16 15 | 11
#0126-d334 @A: 12 15 08 11 | 08
#0127-d334 @A: 23 08 11 01 | 03
#0128-d334 @A: 08 03 27 11 | 10
#0129-d334 @A: 06 12 30 22 | 07
#0130-d334 @A: 16 12 15 27 | 09
#0131-d334 @A: 06 23 03 08 | 04
#0132-d334 @A: 06 25 08 10 | 05
#0133-d334 @A: 25 30 08 01 | 12
#0134-d334 @A: 22 25 15 27 | 01
#0135-d334 @A: 10 15 35 01 | 02
#0136-d334 @A: 03 22 27 10 | 06
#0137-d334 @A: 27 03 16 01 | 11
#0138-d334 @A: 32 29 19 28 | 08
#0139-d334 @A: 34 32 17 24 | 03
#0140-d334 @A: 28 09 34 05 | 10
#0141-d334 @A: 34 25 32 35 | 07
#0142-d334 @A: 10 28 34 01 | 09
#0143-d334 @A: 11 29 07 28 | 04
#0144-d334 @A: 20 29 32 09 | 05
#0145-d334 @A: 03 17 28 18 | 12
#0146-d334 @A: 32 14 18 22 | 01
#0147-d334 @A: 25 17 32 19 | 02
#0148-d334 @A: 04 05 14 32 | 06
#0149-d334 @A: 27 14 32 01 | 11
#0150-d334 @A: 05 26 28 13 | 08
#0151-d334 @A: 35 05 10 32 | 03
#0152-d334 @A: 31 23 07 32 | 10
#0153-d334 @A: 20 32 25 07 | 07
#0154-d334 @A: 21 28 07 35 | 09
#0155-d334 @A: 30 13 32 07 | 04
#0156-d334 @A: 07 10 32 06 | 05
#0157-d334 @A: 32 20 21 08 | 12
#0158-d334 @A: 15 21 33 32 | 01
#0159-d334 @A: 13 28 33 03 | 02
#0160-d334 @A: 33 11 28 08 | 06
#0161-d334 @A: 15 19 28 30 | 11
#0162-d334 @A: 11 09 28 01 | 08
#0163-d334 @A: 25 26 08 28 | 03
#0164-d334 @A: 26 15 16 32 | 10
#0165-d334 @A: 29 17 34 02 | 07
#0166-d334 @A: 34 02 22 12 | 09
#0167-d334 @A: 18 05 34 29 | 04
#0168-d334 @A: 30 29 34 22 | 05
#0169-d334 @A: 21 18 01 34 | 12
#0170-d334 @A: 13 08 34 18 | 01
#0171-d334 @A: 14 10 34 35 | 02
#0172-d334 @A: 24 04 34 10 | 06
#0173-d334 @A: 11 34 16 24 | 11
#0174-d334 @A: 34 20 31 05 | 08
#0175-d334 @A: 35 05 34 11 | 03
#0176-d334 @A: 08 34 05 25 | 10
#0177-d334 @A: 30 34 13 31 | 07
#0178-d334 @A: 04 03 34 12 | 09
#0179-d334 @A: 35 07 34 30 | 04
#0180-d334 @A: 21 15 34 20 | 05
#0181-d334 @A: 19 15 34 06 | 12
#0182-d334 @A: 01 35 26 34 | 01
#0183-d334 @A: 18 03 21 02 | 02
#0184-d334 @A: 35 17 02 12 | 06
#0185-d334 @A: 15 17 02 25 | 11
#0186-d334 @A: 02 07 14 20 | 08
#0187-d334 @A: 25 02 14 10 | 03
#0188-d334 @A: 24 25 02 23 | 10
#0189-d334 @A: 24 02 27 08 | 07
#0190-d334 @A: 08 05 13 02 | 09
#0191-d334 @A: 05 27 02 15 | 04
#0192-d334 @A: 31 02 20 19 | 05
#0193-d334 @A: 09 02 03 04 | 12
#0194-d334 @A: 04 02 30 16 | 01
#0195-d334 @A: 02 35 15 20 | 02
#0196-d334 @A: 09 11 02 21 | 06
#0197-d334 @A: 35 02 01 09 | 11
#0198-d334 @A: 16 23 26 02 | 08
#0199-d334 @A: 15 08 30 02 | 03
#0200-d334 @A: 18 29 16 09 | 10
#0201-d334 @A: 29 18 03 25 | 07
#0202-d334 @A: 29 07 17 24 | 09
#0203-d334 @A: 14 29 20 31 | 04
#0204-d334 @A: 04 14 29 07 | 05
#0205-d334 @A: 29 14 25 09 | 12
#0206-d334 @A: 27 05 16 29 | 01
#0207-d334 @A: 04 15 21 29 | 02
#0208-d334 @A: 13 22 29 26 | 06
#0209-d334 @A: 15 06 12 29 | 11
#0210-d334 @A: 03 10 29 35 | 08
#0211-d334 @A: 26 14 18 05 | 03
#0212-d334 @A: 18 05 07 24 | 10
#0213-d334 @A: 04 09 24 18 | 07
#0214-d334 @A: 13 18 11 04 | 09
#0215-d334 @A: 04 18 08 35 | 04
#0216-d334 @A: 27 01 07 18 | 05
#0217-d334 @A: 18 15 20 09 | 12
#0218-d334 @A: 18 33 21 11 | 01
#0219-d334 @A: 22 30 18 19 | 02
#0220-d334 @A: 09 11 08 18 | 06
#0221-d334 @A: 16 18 27 22 | 11
#0222-d334 @A: 10 14 11 17 | 08
#0223-d334 @A: 14 06 22 17 | 03
#0224-d334 @A: 13 22 17 24 | 10
#0225-d334 @A: 15 24 17 12 | 07
#0226-d334 @A: 17 24 03 06 | 09
#0227-d334 @A: 31 15 03 17 | 04
#0228-d334 @A: 11 17 33 09 | 05
#0229-d334 @A: 21 17 23 19 | 12
#0230-d334 @A: 03 12 17 19 | 01
#0231-d334 @A: 26 13 17 30 | 02
#0232-d334 @A: 26 15 22 17 | 06
#0233-d334 @A: 11 25 35 17 | 11
#0234-d334 @A: 27 17 23 08 | 08
#0235-d334 @A: 06 16 04 14 | 03
#0236-d334 @A: 14 25 33 06 | 10
#0237-d334 @A: 03 33 14 15 | 07
#0238-d334 @A: 14 09 12 23 | 09
#0239-d334 @A: 25 13 14 15 | 04
#0240-d334 @A: 23 16 14 08 | 05
#0241-d334 @A: 26 21 24 05 | 12
#0242-d334 @A: 30 24 31 12 | 01
#0243-d334 @A: 24 13 04 01 | 02
#0244-d334 @A: 08 24 10 13 | 06
#0245-d334 @A: 08 05 04 11 | 11
#0246-d334 @A: 35 08 07 05 | 08
#0247-d334 @A: 03 21 05 09 | 03
#0248-d334 @A: 09 05 25 10 | 10
#0249-d334 @A: 26 05 22 25 | 07
#0250-d334 @A: 05 01 06 26 | 09
#0251-d334 @A: 11 07 31 08 | 04
#0252-d334 @A: 21 10 20 31 | 05
#0253-d334 @A: 27 31 03 20 | 12
#0254-d334 @A: 09 21 31 30 | 01
#0255-d334 @A: 31 22 13 09 | 02
#0256-d334 @A: 04 07 30 09 | 06
#0257-d334 @A: 27 04 23 10 | 11
#0258-d334 @A: 07 03 33 27 | 08
#0259-d334 @A: 15 07 10 13 | 03
#0260-d334 @A: 13 19 20 30 | 10
#0261-d334 @A: 06 01 03 33 | 07
#0262-d334 @A: 10 12 19 09 | 09
#0263-d334 @A: 21 35 15 19 | 04
#0264-d334 @A: 06 35 21 11 | 05
#0265-d334 @A: 15 10 21 23 | 12
#0266-d334 @A: 01 21 30 27 | 01
#0267-d334 @A: 15 23 11 13 | 02
#0268-d334 @A: 13 16 11 01 | 06
#0269-d334 @A: 11 06 13 03 | 11
#0270-d334 @A: 25 03 11 22 | 08
#0271-d334 @A: 03 25 23 12 | 03
#0272-d334 @A: 01 25 22 12 | 10
#0273-d334 @A: 16 08 25 12 | 07
#0274-d334 @A: 03 08 12 30 | 09
#0275-d334 @A: 30 25 35 06 | 04
#0276-d334 @A: 16 06 01 35 | 05
#0277-d334 @A: 34 33 32 18 | 12
#0278-d334 @A: 30 32 16 28 | 01
#0279-d334 @A: 05 02 29 32 | 02
#0280-d334 @A: 28 02 14 17 | 06
#0281-d334 @A: 02 19 01 32 | 11
#0282-d334 @A: 29 17 32 08 | 08
#0283-d334 @A: 08 29 28 17 | 03
#0284-d334 @A: 32 14 29 26 | 10
#0285-d334 @A: 29 28 16 01 | 07
#0286-d334 @A: 32 24 27 18 | 09
#0287-d334 @A: 18 28 24 27 | 04
#0288-d334 @A: 18 20 19 32 | 05
#0289-d334 @A: 22 17 28 10 | 12
#0290-d334 @A: 05 28 04 14 | 01
#0291-d334 @A: 04 28 26 24 | 02
#0292-d334 @A: 28 07 08 24 | 06
#0293-d334 @A: 21 32 30 24 | 11
#0294-d334 @A: 24 32 13 23 | 08
#0295-d334 @A: 06 32 15 05 | 03
#0296-d334 @A: 04 28 31 27 | 10
#0297-d334 @A: 32 31 15 11 | 07
#0298-d334 @A: 28 04 25 13 | 09
#0299-d334 @A: 20 08 21 28 | 04
#0300-d334 @A: 23 20 28 27 | 05
#0301-d334 @A: 27 32 33 06 | 12
#0302-d334 @A: 27 19 28 21 | 01
#0303-d334 @A: 09 03 06 32 | 02
#0304-d334 @A: 15 32 09 22 | 06
#0305-d334 @A: 32 12 26 22 | 11
#0306-d334 @A: 26 27 32 30 | 08
#0307-d334 @A: 08 28 03 16 | 03
#0308-d334 @A: 08 22 30 32 | 10
#0309-d334 @A: 35 18 17 34 | 07
#0310-d334 @A: 07 34 18 19 | 09
#0311-d334 @A: 18 34 16 23 | 04
#0312-d334 @A: 33 17 34 07 | 05
#0313-d334 @A: 34 22 05 14 | 12
#0314-d334 @A: 31 34 14 19 | 01
#0315-d334 @A: 34 14 12 08 | 02
#0316-d334 @A: 25 14 34 16 | 06
#0317-d334 @A: 07 34 01 03 | 11
#0318-d334 @A: 34 30 33 10 | 08
#0319-d334 @A: 34 08 35 09 | 03
#0320-d334 @A: 10 34 26 12 | 10
#0321-d334 @A: 34 13 10 23 | 07
#0322-d334 @A: 29 15 02 14 | 09
#0323-d334 @A: 10 04 29 02 | 04
#0324-d334 @A: 07 02 29 26 | 05
#0325-d334 @A: 17 18 09 02 | 12
#0326-d334 @A: 17 06 08 02 | 01
#0327-d334 @A: 03 02 05 30 | 02
#0328-d334 @A: 31 02 13 25 | 06
#0329-d334 @A: 31 15 22 02 | 11
#0330-d334 @A: 02 04 21 08 | 08
#0331-d334 @A: 33 15 16 02 | 03
#0332-d334 @A: 11 12 19 02 | 10
#0333-d334 @A: 14 29 11 18 | 07
#0334-d334 @A: 29 18 35 22 | 09
#0335-d334 @A: 01 17 05 29 | 04
#0336-d334 @A: 35 17 31 29 | 05
#0337-d334 @A: 29 23 17 06 | 12
#0338-d334 @A: 29 23 35 14 | 01
#0339-d334 @A: 08 27 29 14 | 02
#0340-d334 @A: 24 16 21 29 | 06
#0341-d334 @A: 27 29 21 07 | 11
#0342-d334 @A: 13 20 08 29 | 08
#0343-d334 @A: 10 29 06 33 | 03
#0344-d334 @A: 33 30 29 16 | 10
#0345-d334 @A: 15 16 29 19 | 07
#0346-d334 @A: 11 27 09 29 | 09
#0347-d334 @A: 11 35 26 29 | 04
#0348-d334 @A: 12 25 29 26 | 05
#0349-d334 @A: 29 25 27 01 | 12
#0350-d334 @A: 10 14 08 18 | 01
#0351-d334 @A: 18 05 10 19 | 02
#0352-d334 @A: 31 11 18 23 | 06
#0353-d334 @A: 18 22 07 13 | 11
#0354-d334 @A: 20 01 08 18 | 08
#0355-d334 @A: 35 27 20 18 | 03
#0356-d334 @A: 25 18 33 01 | 10
#0357-d334 @A: 10 06 09 18 | 07
#0358-d334 @A: 17 21 26 04 | 09
#0359-d334 @A: 03 04 17 16 | 04
#0360-d334 @A: 08 07 01 17 | 05
#0361-d334 @A: 17 13 03 20 | 12
#0362-d334 @A: 01 20 17 15 | 01
#0363-d334 @A: 17 33 10 01 | 02
#0364-d334 @A: 19 17 22 01 | 06
#0365-d334 @A: 03 16 14 31 | 11
#0366-d334 @A: 26 14 07 01 | 08
#0367-d334 @A: 14 07 11 21 | 03
#0368-d334 @A: 14 11 06 20 | 10
#0369-d334 @A: 01 25 20 14 | 07
#0370-d334 @A: 23 33 14 21 | 09
#0371-d334 @A: 14 03 26 25 | 04
#0372-d334 @A: 14 22 13 23 | 05
#0373-d334 @A: 26 07 24 31 | 12
#0374-d334 @A: 30 06 04 24 | 01
#0375-d334 @A: 33 16 08 24 | 02
#0376-d334 @A: 23 19 24 15 | 06
#0377-d334 @A: 24 01 09 21 | 11
#0378-d334 @A: 16 24 03 09 | 08
#0379-d334 @A: 35 05 15 04 | 03
#0380-d334 @A: 05 30 19 27 | 10
#0381-d334 @A: 31 04 09 33 | 07
#0382-d334 @A: 31 20 01 30 | 09
#0383-d334 @A: 22 03 31 33 | 04
#0384-d334 @A: 12 19 08 31 | 05
#0385-d334 @A: 01 31 35 27 | 12
#0386-d334 @A: 04 23 19 07 | 01
#0387-d334 @A: 20 09 04 12 | 02
#0388-d334 @A: 15 11 20 04 | 06
#0389-d334 @A: 10 04 35 20 | 11
#0390-d334 @A: 08 33 04 23 | 08
#0391-d334 @A: 25 22 04 33 | 03
#0392-d334 @A: 01 09 06 04 | 10
#0393-d334 @A: 06 25 04 21 | 07
#0394-d334 @A: 07 33 19 11 | 09
#0395-d334 @A: 06 09 07 21 | 04
#0396-d334 @A: 12 35 07 26 | 05
#0397-d334 @A: 26 03 22 07 | 12
#0398-d334 @A: 09 20 13 23 | 01
#0399-d334 @A: 22 20 26 11 | 02
#0400-d334 @A: 26 01 27 20 | 06
#0401-d334 @A: 13 22 16 20 | 11
#0402-d334 @A: 20 22 03 08 | 08
#0403-d334 @A: 33 01 08 19 | 03
#0404-d334 @A: 09 12 08 33 | 10
#0405-d334 @A: 12 01 26 33 | 07
#0406-d334 @A: 26 22 27 33 | 09
#0407-d334 @A: 11 33 03 12 | 04
#0408-d334 @A: 19 13 09 11 | 05
#0409-d334 @A: 19 23 16 09 | 12
#0410-d334 @A: 09 27 19 01 | 01
#0411-d334 @A: 09 35 19 30 | 02
#0412-d334 @A: 19 23 26 22 | 06
#0413-d334 @A: 01 19 25 23 | 11
#0414-d334 @A: 26 30 21 03 | 08
#0415-d334 @A: 12 21 13 23 | 03
#0416-d334 @A: 01 21 25 11 | 10
#0417-d334 @A: 21 11 16 08 | 07
#0418-d334 @A: 25 21 30 23 | 09
#0419-d334 @A: 01 13 27 22 | 04
#0420-d334 @A: 27 13 03 15 | 05
#0421-d334 @A: 13 22 08 06 | 12
#0422-d334 @A: 08 01 12 06 | 01
#0423-d334 @A: 12 35 03 27 | 02
#0424-d334 @A: 35 30 15 23 | 06
#0425-d334 @A: 30 27 35 22 | 11
#0426-d334 @A: 02 34 28 32 | 08
#0427-d334 @A: 32 02 34 31 | 03
#0428-d334 @A: 04 32 20 28 | 10
#0429-d334 @A: 34 27 28 15 | 07
#0430-d334 @A: 28 22 24 02 | 09
#0431-d334 @A: 32 35 02 13 | 04
#0432-d334 @A: 32 02 10 27 | 05
#0433-d334 @A: 28 18 29 04 | 12
#0434-d334 @A: 31 29 32 24 | 01
#0435-d334 @A: 03 15 29 32 | 02
#0436-d334 @A: 28 22 06 29 | 06
#0437-d334 @A: 18 28 11 25 | 11
#0438-d334 @A: 30 18 32 35 | 08
#0439-d334 @A: 17 20 26 28 | 03
#0440-d334 @A: 25 17 19 28 | 10
#0441-d334 @A: 28 06 11 17 | 07
#0442-d334 @A: 32 16 17 23 | 09
#0443-d334 @A: 10 22 32 17 | 04
#0444-d334 @A: 32 25 14 24 | 05
#0445-d334 @A: 28 31 09 14 | 12
#0446-d334 @A: 32 11 14 19 | 01
#0447-d334 @A: 32 24 26 04 | 02
#0448-d334 @A: 10 33 32 24 | 06
#0449-d334 @A: 05 19 28 33 | 11
#0450-d334 @A: 05 16 12 32 | 08
#0451-d334 @A: 28 08 05 01 | 03
#0452-d334 @A: 03 05 32 27 | 10
#0453-d334 @A: 32 31 16 20 | 07
#0454-d334 @A: 31 28 22 25 | 09
#0455-d334 @A: 19 04 08 32 | 04
#0456-d334 @A: 16 04 32 21 | 05
#0457-d334 @A: 11 04 10 32 | 12
#0458-d334 @A: 30 04 32 01 | 01
#0459-d334 @A: 07 21 32 35 | 02
#0460-d334 @A: 01 07 28 22 | 06
#0461-d334 @A: 32 06 01 20 | 11
#0462-d334 @A: 28 33 16 25 | 08
#0463-d334 @A: 19 21 27 32 | 03
#0464-d334 @A: 03 32 35 19 | 10
#0465-d334 @A: 09 26 21 32 | 07
#0466-d334 @A: 09 01 11 32 | 09
#0467-d334 @A: 30 09 10 32 | 04
#0468-d334 @A: 10 28 09 30 | 05
#0469-d334 @A: 08 28 09 27 | 12
#0470-d334 @A: 26 28 16 15 | 01
#0471-d334 @A: 21 32 13 11 | 02
#0472-d334 @A: 13 21 28 11 | 06
#0473-d334 @A: 22 32 11 27 | 11
#0474-d334 @A: 02 18 34 15 | 08
#0475-d334 @A: 34 06 20 18 | 03
#0476-d334 @A: 05 07 26 34 | 10
#0477-d334 @A: 07 11 34 15 | 07
#0478-d334 @A: 16 12 07 34 | 09
#0479-d334 @A: 20 19 34 09 | 04
#0480-d334 @A: 20 12 34 01 | 05
#0481-d334 @A: 20 10 34 03 | 12
#0482-d334 @A: 21 27 34 33 | 01
#0483-d334 @A: 19 34 13 16 | 02
#0484-d334 @A: 30 34 19 01 | 06
#0485-d334 @A: 34 11 03 09 | 11
#0486-d334 @A: 24 02 18 29 | 08
#0487-d334 @A: 29 11 13 02 | 03
#0488-d334 @A: 17 02 07 04 | 10
#0489-d334 @A: 09 26 02 14 | 07
#0490-d334 @A: 02 16 14 12 | 09
#0491-d334 @A: 26 02 24 20 | 04
#0492-d334 @A: 06 04 02 22 | 05
#0493-d334 @A: 02 01 27 33 | 12
#0494-d334 @A: 02 33 35 06 | 01
#0495-d334 @A: 19 02 06 03 | 02
#0496-d334 @A: 16 19 02 27 | 06
#0497-d334 @A: 30 03 17 29 | 11
#0498-d334 @A: 19 29 14 24 | 08
#0499-d334 @A: 29 14 06 21 | 03
#0500-d334 @A: 29 14 03 22 | 10
#0501-d334 @A: 15 29 10 31 | 07
#0502-d334 @A: 19 29 04 12 | 09
#0503-d334 @A: 29 11 04 22 | 04
#0504-d334 @A: 29 01 20 11 | 05
#0505-d334 @A: 33 29 25 19 | 12
#0506-d334 @A: 16 11 29 03 | 01
#0507-d334 @A: 15 25 29 08 | 02
#0508-d334 @A: 17 01 18 13 | 06
#0509-d334 @A: 18 10 12 31 | 11
#0510-d334 @A: 25 18 07 15 | 08
#0511-d334 @A: 20 23 22 18 | 03
#0512-d334 @A: 23 18 13 33 | 10
#0513-d334 @A: 25 13 09 18 | 07
#0514-d334 @A: 18 01 22 09 | 09
#0515-d334 @A: 26 18 10 35 | 04
#0516-d334 @A: 03 35 18 01 | 05
#0517-d334 @A: 17 07 16 26 | 12
#0518-d334 @A: 30 17 19 08 | 01
#0519-d334 @A: 26 25 23 17 | 02
#0520-d334 @A: 27 35 17 26 | 06
#0521-d334 @A: 13 12 17 16 | 11
#0522-d334 @A: 07 05 19 14 | 08
#0523-d334 @A: 31 12 11 14 | 03
#0524-d334 @A: 01 23 14 31 | 10
#0525-d334 @A: 04 14 19 26 | 07
#0526-d334 @A: 08 20 35 14 | 09
#0527-d334 @A: 19 14 23 10 | 04
#0528-d334 @A: 19 27 14 03 | 05
#0529-d334 @A: 14 26 27 12 | 12
#0530-d334 @A: 26 10 30 14 | 01
#0531-d334 @A: 05 11 24 06 | 02
#0532-d334 @A: 10 31 06 24 | 06
#0533-d334 @A: 08 03 24 19 | 11
#0534-d334 @A: 09 08 25 24 | 08
#0535-d334 @A: 16 24 01 26 | 03
#0536-d334 @A: 24 01 10 30 | 10
#0537-d334 @A: 31 11 05 21 | 07
#0538-d334 @A: 04 25 05 07 | 09
#0539-d334 @A: 13 05 04 06 | 04
#0540-d334 @A: 15 12 20 05 | 05
#0541-d334 @A: 23 03 20 05 | 12
#0542-d334 @A: 25 31 20 04 | 01
#0543-d334 @A: 21 31 07 25 | 02
#0544-d334 @A: 19 23 31 06 | 06
#0545-d334 @A: 31 19 15 27 | 11
#0546-d334 @A: 31 23 10 30 | 08
#0547-d334 @A: 20 04 19 33 | 03
#0548-d334 @A: 20 27 16 04 | 10
#0549-d334 @A: 10 06 19 04 | 07
#0550-d334 @A: 04 03 15 19 | 09
#0551-d334 @A: 10 26 08 04 | 04
#0552-d334 @A: 04 30 22 26 | 05
#0553-d334 @A: 20 03 21 07 | 12
#0554-d334 @A: 07 33 09 26 | 01
#0555-d334 @A: 07 16 06 19 | 02
#0556-d334 @A: 09 08 22 07 | 06
#0557-d334 @A: 30 15 26 07 | 11
#0558-d334 @A: 22 33 21 20 | 08
#0559-d334 @A: 06 26 20 25 | 03
#0560-d334 @A: 26 08 20 16 | 10
#0561-d334 @A: 25 15 09 33 | 07
#0562-d334 @A: 06 26 19 08 | 09
#0563-d334 @A: 25 19 30 10 | 04
#0564-d334 @A: 08 26 21 12 | 05
#0565-d334 @A: 35 22 21 10 | 12
#0566-d334 @A: 13 16 30 10 | 01
#0567-d334 @A: 27 11 25 23 | 02
#0568-d334 @A: 12 22 03 16 | 06
#0569-d334 @A: 03 25 06 27 | 11
#0570-d334 @A: 28 19 34 29 | 08
#0571-d334 @A: 34 28 07 14 | 03
#0572-d334 @A: 09 34 05 32 | 10
#0573-d334 @A: 20 34 04 32 | 07
#0574-d334 @A: 32 12 34 21 | 09
#0575-d334 @A: 34 22 32 13 | 04
#0576-d334 @A: 06 32 08 34 | 05
#0577-d334 @A: 04 02 15 28 | 12
#0578-d334 @A: 22 32 29 06 | 01
#0579-d334 @A: 14 22 28 18 | 02
#0580-d334 @A: 12 17 31 28 | 06
#0581-d334 @A: 28 17 16 23 | 11
#0582-d334 @A: 24 28 19 09 | 08
#0583-d334 @A: 32 24 03 12 | 03
#0584-d334 @A: 28 05 10 35 | 10
#0585-d334 @A: 19 32 10 31 | 07
#0586-d334 @A: 21 06 32 31 | 09
#0587-d334 @A: 25 31 22 32 | 04
#0588-d334 @A: 28 12 06 04 | 05
#0589-d334 @A: 19 26 07 32 | 12
#0590-d334 @A: 30 07 13 28 | 01
#0591-d334 @A: 32 35 01 33 | 02
#0592-d334 @A: 23 28 19 12 | 06
#0593-d334 @A: 32 30 15 19 | 11
#0594-d334 @A: 03 28 06 09 | 08
#0595-d334 @A: 28 25 01 03 | 03
#0596-d334 @A: 10 07 02 34 | 10
#0597-d334 @A: 02 33 34 19 | 07
#0598-d334 @A: 18 09 26 34 | 09
#0599-d334 @A: 34 12 17 09 | 04
#0600-d334 @A: 17 30 11 34 | 05
#0601-d334 @A: 06 34 10 17 | 12
#0602-d334 @A: 05 12 30 34 | 01
#0603-d334 @A: 05 16 10 34 | 02
#0604-d334 @A: 34 16 31 21 | 06
#0605-d334 @A: 09 04 34 16 | 11
#0606-d334 @A: 21 04 35 34 | 08
#0607-d334 @A: 07 34 22 20 | 03
#0608-d334 @A: 34 08 07 21 | 10
#0609-d334 @A: 16 01 34 33 | 07
#0610-d334 @A: 15 34 23 12 | 09
#0611-d334 @A: 01 29 21 02 | 04
#0612-d334 @A: 18 02 25 35 | 05
#0613-d334 @A: 02 06 14 23 | 12
#0614-d334 @A: 15 11 24 02 | 01
#0615-d334 @A: 05 02 16 21 | 02
#0616-d334 @A: 02 11 05 10 | 06
#0617-d334 @A: 09 02 19 07 | 11
#0618-d334 @A: 25 02 09 16 | 08
#0619-d334 @A: 35 08 10 02 | 03
#0620-d334 @A: 02 22 35 03 | 10
#0621-d334 @A: 18 19 29 01 | 07
#0622-d334 @A: 18 29 13 06 | 09
#0623-d334 @A: 10 01 14 29 | 04
#0624-d334 @A: 08 29 24 11 | 05
#0625-d334 @A: 07 30 29 31 | 12
#0626-d334 @A: 31 11 29 06 | 01
#0627-d334 @A: 04 08 01 29 | 02
#0628-d334 @A: 07 12 29 22 | 06
#0629-d334 @A: 20 10 30 29 | 11
#0630-d334 @A: 03 20 29 06 | 08
#0631-d334 @A: 20 22 29 15 | 03
#0632-d334 @A: 03 29 13 19 | 10
#0633-d334 @A: 09 23 01 29 | 07
#0634-d334 @A: 06 09 29 08 | 09
#0635-d334 @A: 35 16 29 12 | 04
#0636-d334 @A: 16 21 18 14 | 05
#0637-d334 @A: 23 24 18 12 | 12
#0638-d334 @A: 23 05 18 35 | 01
#0639-d334 @A: 18 04 25 26 | 02
#0640-d334 @A: 04 12 18 22 | 06
#0641-d334 @A: 35 18 06 07 | 11
#0642-d334 @A: 26 20 18 33 | 08
#0643-d334 @A: 06 18 19 33 | 03
#0644-d334 @A: 18 35 15 33 | 10
#0645-d334 @A: 27 15 18 26 | 07
#0646-d334 @A: 22 21 18 25 | 09
#0647-d334 @A: 03 18 10 13 | 04
#0648-d334 @A: 18 10 30 11 | 05
#0649-d334 @A: 04 14 31 17 | 12
#0650-d334 @A: 17 14 09 13 | 01
#0651-d334 @A: 17 35 21 14 | 02
#0652-d334 @A: 17 15 05 21 | 06
#0653-d334 @A: 17 01 04 35 | 11
#0654-d334 @A: 15 13 19 17 | 08
#0655-d334 @A: 17 35 06 13 | 03
#0656-d334 @A: 24 14 20 16 | 10
#0657-d334 @A: 05 14 06 10 | 07
#0658-d334 @A: 10 22 04 14 | 09
#0659-d334 @A: 19 22 14 15 | 04
#0660-d334 @A: 35 11 14 16 | 05
#0661-d334 @A: 21 24 31 13 | 12
#0662-d334 @A: 25 31 24 11 | 01
#0663-d334 @A: 04 07 24 15 | 02
#0664-d334 @A: 24 11 04 21 | 06
#0665-d334 @A: 03 04 24 23 | 11
#0666-d334 @A: 25 07 24 03 | 08
#0667-d334 @A: 33 24 30 03 | 03
#0668-d334 @A: 13 30 09 24 | 10
#0669-d334 @A: 11 12 24 26 | 07
#0670-d334 @A: 10 25 24 35 | 09
#0671-d334 @A: 05 19 35 31 | 04
#0672-d334 @A: 01 05 22 31 | 05
#0673-d334 @A: 09 05 19 04 | 12
#0674-d334 @A: 07 20 33 05 | 01
#0675-d334 @A: 09 05 13 07 | 02
#0676-d334 @A: 27 05 20 08 | 06
#0677-d334 @A: 12 05 26 23 | 11
#0678-d334 @A: 10 07 31 22 | 08
#0679-d334 @A: 31 25 06 09 | 03
#0680-d334 @A: 03 31 10 09 | 10
#0681-d334 @A: 22 27 04 07 | 07
#0682-d334 @A: 33 35 04 27 | 09
#0683-d334 @A: 19 30 04 21 | 04
#0684-d334 @A: 22 35 19 04 | 05
#0685-d334 @A: 04 22 13 15 | 12
#0686-d334 @A: 20 07 12 08 | 01
#0687-d334 @A: 20 30 16 07 | 02
#0688-d334 @A: 33 07 21 30 | 06
#0689-d334 @A: 22 19 07 21 | 11
#0690-d334 @A: 07 19 15 01 | 08
#0691-d334 @A: 15 16 09 07 | 03
#0692-d334 @A: 08 20 23 25 | 10
#0693-d334 @A: 15 30 20 25 | 07
#0694-d334 @A: 15 16 06 20 | 09
#0695-d334 @A: 10 33 09 16 | 04
#0696-d334 @A: 09 21 19 08 | 05
#0697-d334 @A: 13 19 01 12 | 12
#0698-d334 @A: 09 30 22 16 | 01
#0699-d334 @A: 22 26 21 01 | 02
#0700-d334 @A: 30 12 21 16 | 06
#0701-d334 @A: 22 08 21 23 | 11
#0702-d334 @A: 16 03 35 21 | 08
#0703-d334 @A: 10 12 25 13 | 03
#0704-d334 @A: 08 30 23 13 | 10
#0705-d334 @A: 11 10 12 23 | 07
#0706-d334 @A: 10 01 27 12 | 09
#0707-d334 @A: 23 10 35 06 | 04
#0708-d334 @A: 03 15 25 35 | 05
#0709-d334 @A: 30 10 15 27 | 12
#0710-d334 @A: 30 16 15 01 | 01
#0711-d334 @A: 22 16 08 01 | 02
#0712-d334 @A: 34 29 19 32 | 06
#0713-d334 @A: 12 34 28 21 | 11
#0714-d334 @A: 03 32 23 34 | 08
#0715-d334 @A: 03 28 23 34 | 03
#0716-d334 @A: 08 02 12 32 | 10
#0717-d334 @A: 32 06 02 25 | 07
#0718-d334 @A: 26 29 28 14 | 09
#0719-d334 @A: 21 32 10 18 | 04
#0720-d334 @A: 32 12 31 17 | 05
#0721-d334 @A: 32 17 01 21 | 12
#0722-d334 @A: 14 28 13 08 | 01
#0723-d334 @A: 23 32 14 15 | 02
#0724-d334 @A: 24 32 19 09 | 06
#0725-d334 @A: 28 23 13 24 | 11
#0726-d334 @A: 23 11 28 05 | 08
#0727-d334 @A: 30 28 25 05 | 03
#0728-d334 @A: 28 31 35 08 | 10
#0729-d334 @A: 15 12 07 28 | 07
#0730-d334 @A: 07 10 06 28 | 09
#0731-d334 @A: 33 23 32 22 | 04
#0732-d334 @A: 16 22 28 19 | 05
#0733-d334 @A: 21 28 09 26 | 12
#0734-d334 @A: 12 13 09 28 | 01
#0735-d334 @A: 09 16 28 35 | 02
#0736-d334 @A: 03 16 32 08 | 06
#0737-d334 @A: 29 34 21 10 | 11
#0738-d334 @A: 30 03 34 18 | 08
#0739-d334 @A: 08 34 20 17 | 03
#0740-d334 @A: 15 34 01 14 | 10
#0741-d334 @A: 35 34 27 24 | 07
#0742-d334 @A: 21 34 05 06 | 09
#0743-d334 @A: 15 09 31 34 | 04
#0744-d334 @A: 31 25 34 03 | 05
#0745-d334 @A: 34 15 08 33 | 12
#0746-d334 @A: 19 34 21 26 | 01
#0747-d334 @A: 27 10 09 34 | 02
#0748-d334 @A: 22 16 34 35 | 06
#0749-d334 @A: 33 02 20 29 | 11
#0750-d334 @A: 29 02 27 22 | 08
#0751-d334 @A: 05 02 18 22 | 03
#0752-d334 @A: 18 27 02 23 | 10
#0753-d334 @A: 11 22 02 17 | 07
#0754-d334 @A: 02 24 05 33 | 09
#0755-d334 @A: 02 24 07 30 | 04
#0756-d334 @A: 03 10 02 24 | 05
#0757-d334 @A: 02 16 10 31 | 12
#0758-d334 @A: 02 20 13 04 | 01
#0759-d334 @A: 12 02 30 33 | 02
#0760-d334 @A: 13 06 15 02 | 06
#0761-d334 @A: 01 23 15 02 | 11
#0762-d334 @A: 31 29 33 18 | 08
#0763-d334 @A: 15 18 23 29 | 03
#0764-d334 @A: 15 17 11 29 | 10
#0765-d334 @A: 29 14 13 30 | 07
#0766-d334 @A: 24 03 29 26 | 09
#0767-d334 @A: 15 29 24 27 | 04
#0768-d334 @A: 20 29 19 05 | 05
#0769-d334 @A: 27 29 04 30 | 12
#0770-d334 @A: 23 20 29 16 | 01
#0771-d334 @A: 29 21 19 11 | 02
#0772-d334 @A: 17 18 07 14 | 06
#0773-d334 @A: 33 18 04 17 | 11
#0774-d334 @A: 15 18 14 12 | 08
#0775-d334 @A: 24 06 18 08 | 03
#0776-d334 @A: 04 27 21 18 | 10
#0777-d334 @A: 03 04 06 18 | 07
#0778-d334 @A: 11 18 07 16 | 09
#0779-d334 @A: 07 18 23 10 | 04
#0780-d334 @A: 03 18 11 26 | 05
#0781-d334 @A: 18 16 15 03 | 12
#0782-d334 @A: 17 01 25 24 | 01
#0783-d334 @A: 11 31 17 13 | 02
#0784-d334 @A: 11 17 21 20 | 06
#0785-d334 @A: 09 35 17 23 | 11
#0786-d334 @A: 07 24 09 14 | 08
#0787-d334 @A: 20 14 05 09 | 03
#0788-d334 @A: 05 23 30 14 | 10
#0789-d334 @A: 13 31 14 06 | 07
#0790-d334 @A: 14 30 31 25 | 09
#0791-d334 @A: 12 06 19 14 | 04
#0792-d334 @A: 14 03 12 13 | 05
#0793-d334 @A: 15 33 06 24 | 12
#0794-d334 @A: 24 06 35 22 | 01
#0795-d334 @A: 05 26 04 31 | 02
#0796-d334 @A: 33 05 27 31 | 06
#0797-d334 @A: 04 05 30 10 | 11
#0798-d334 @A: 21 23 07 05 | 08
#0799-d334 @A: 05 15 22 07 | 03
#0800-d334 @A: 05 09 01 33 | 10
#0801-d334 @A: 19 22 12 05 | 07
#0802-d334 @A: 30 08 09 05 | 09
#0803-d334 @A: 10 31 01 04 | 04
#0804-d334 @A: 31 35 30 04 | 05
#0805-d334 @A: 12 07 31 06 | 12
#0806-d334 @A: 31 07 16 35 | 01
#0807-d334 @A: 20 12 13 31 | 02
#0808-d334 @A: 23 35 31 20 | 06
#0809-d334 @A: 31 13 15 33 | 11
#0810-d334 @A: 10 31 33 35 | 08
#0811-d334 @A: 33 31 16 06 | 03
#0812-d334 @A: 10 26 11 31 | 10
#0813-d334 @A: 12 31 21 22 | 07
#0814-d334 @A: 15 01 31 12 | 09
#0815-d334 @A: 16 08 04 07 | 04
#0816-d334 @A: 04 11 16 33 | 05
#0817-d334 @A: 10 15 09 04 | 12
#0818-d334 @A: 23 16 04 15 | 01
#0819-d334 @A: 27 25 04 08 | 02
#0820-d334 @A: 09 03 07 23 | 06
#0821-d334 @A: 26 07 13 11 | 11
#0822-d334 @A: 01 07 11 10 | 08
#0823-d334 @A: 20 01 09 10 | 03
#0824-d334 @A: 13 10 20 26 | 10
#0825-d334 @A: 20 23 26 15 | 07
#0826-d334 @A: 06 30 23 20 | 09
#0827-d334 @A: 33 23 19 35 | 04
#0828-d334 @A: 03 10 19 33 | 05
#0829-d334 @A: 09 27 33 23 | 12
#0830-d334 @A: 15 10 33 26 | 01
#0831-d334 @A: 19 09 03 25 | 02
#0832-d334 @A: 03 26 19 16 | 06
#0833-d334 @A: 01 11 19 06 | 11
#0834-d334 @A: 09 11 26 25 | 08
#0835-d334 @A: 26 12 16 09 | 03
#0836-d334 @A: 13 01 15 09 | 10
#0837-d334 @A: 13 35 21 25 | 07
#0838-d334 @A: 21 10 13 01 | 09
#0839-d334 @A: 21 06 23 01 | 04
#0840-d334 @A: 21 03 01 15 | 05
#0841-d334 @A: 25 11 13 08 | 12
#0842-d334 @A: 13 12 27 08 | 01
#0843-d334 @A: 23 03 13 01 | 02
#0844-d334 @A: 27 06 10 13 | 06
#0845-d334 @A: 11 30 23 16 | 11
#0846-d334 @A: 10 23 22 25 | 08
#0847-d334 @A: 35 25 23 16 | 03
#0848-d334 @A: 27 01 15 08 | 10
#0849-d334 @A: 34 31 28 02 | 07
#0850-d334 @A: 32 18 28 33 | 09
#0851-d334 @A: 32 07 34 14 | 04
#0852-d334 @A: 34 20 04 28 | 05
#0853-d334 @A: 11 32 26 34 | 12
#0854-d334 @A: 32 34 27 15 | 01
#0855-d334 @A: 28 02 07 03 | 02
#0856-d334 @A: 23 21 32 02 | 06
#0857-d334 @A: 13 28 02 35 | 11
#0858-d334 @A: 28 16 02 11 | 08
#0859-d334 @A: 29 23 30 28 | 03
#0860-d334 @A: 03 15 28 29 | 10
#0861-d334 @A: 11 18 32 25 | 07
#0862-d334 @A: 07 32 17 05 | 09
#0863-d334 @A: 01 17 28 21 | 04
#0864-d334 @A: 15 35 17 28 | 05
#0865-d334 @A: 28 25 24 14 | 12
#0866-d334 @A: 14 27 01 28 | 01
#0867-d334 @A: 30 32 14 06 | 02
#0868-d334 @A: 05 28 24 20 | 06
#0869-d334 @A: 08 07 24 32 | 11
#0870-d334 @A: 01 08 05 32 | 08
#0871-d334 @A: 28 06 05 15 | 03
#0872-d334 @A: 32 31 33 26 | 10
#0873-d334 @A: 28 31 21 06 | 07
#0874-d334 @A: 01 31 32 13 | 09
#0875-d334 @A: 33 04 32 07 | 04
#0876-d334 @A: 23 28 35 04 | 05
#0877-d334 @A: 04 03 22 28 | 12
#0878-d334 @A: 28 07 20 25 | 01
#0879-d334 @A: 28 13 15 20 | 02
#0880-d334 @A: 16 33 25 32 | 06
#0881-d334 @A: 32 13 19 06 | 11
#0882-d334 @A: 22 19 16 32 | 08
#0883-d334 @A: 32 09 23 25 | 03
#0884-d334 @A: 24 09 34 02 | 10
#0885-d334 @A: 34 23 02 35 | 07
#0886-d334 @A: 34 33 14 29 | 09
#0887-d334 @A: 34 23 26 29 | 04
#0888-d334 @A: 34 04 19 17 | 05
#0889-d334 @A: 34 24 07 06 | 12
#0890-d334 @A: 01 24 08 34 | 01
#0891-d334 @A: 34 23 31 22 | 02
#0892-d334 @A: 35 06 34 31 | 06
#0893-d334 @A: 20 25 11 34 | 11
#0894-d334 @A: 27 16 26 34 | 08
#0895-d334 @A: 22 10 34 15 | 03
#0896-d334 @A: 33 02 18 07 | 10
#0897-d334 @A: 02 16 08 18 | 07
#0898-d334 @A: 13 17 23 02 | 09
#0899-d334 @A: 24 02 06 21 | 04
#0900-d334 @A: 01 02 24 12 | 05
#0901-d334 @A: 04 12 02 27 | 12
#0902-d334 @A: 25 02 20 03 | 01
#0903-d334 @A: 15 12 09 02 | 02
#0904-d334 @A: 13 01 02 26 | 06
#0905-d334 @A: 29 12 18 08 | 11
#0906-d334 @A: 09 29 19 17 | 08
#0907-d334 @A: 24 29 22 25 | 03
#0908-d334 @A: 05 25 31 29 | 10
#0909-d334 @A: 07 29 05 06 | 07
#0910-d334 @A: 19 29 31 26 | 09
#0911-d334 @A: 21 31 29 08 | 04
#0912-d334 @A: 29 21 33 13 | 05
#0913-d334 @A: 29 19 27 23 | 12
#0914-d334 @A: 01 26 15 29 | 01
#0915-d334 @A: 23 21 03 29 | 02
#0916-d334 @A: 14 18 03 20 | 06
#0917-d334 @A: 13 14 19 18 | 11
#0918-d334 @A: 14 18 09 35 | 08
#0919-d334 @A: 18 14 27 30 | 03
#0920-d334 @A: 24 21 35 18 | 10
#0921-d334 @A: 18 24 30 25 | 07
#0922-d334 @A: 13 27 05 18 | 09
#0923-d334 @A: 18 09 19 31 | 04
#0924-d334 @A: 18 26 31 22 | 05
#0925-d334 @A: 31 18 08 03 | 12
#0926-d334 @A: 30 18 31 06 | 01
#0927-d334 @A: 20 21 18 13 | 02
#0928-d334 @A: 18 16 20 25 | 06
#0929-d334 @A: 18 09 33 30 | 11
#0930-d334 @A: 19 15 11 18 | 08
#0931-d334 @A: 26 16 18 06 | 03
#0932-d334 @A: 27 06 18 11 | 10
#0933-d334 @A: 12 01 17 14 | 07
#0934-d334 @A: 09 05 17 26 | 09
#0935-d334 @A: 17 07 35 22 | 04
#0936-d334 @A: 22 17 20 12 | 05
#0937-d334 @A: 27 30 12 17 | 12
#0938-d334 @A: 14 24 04 35 | 01
#0939-d334 @A: 24 08 14 30 | 02
#0940-d334 @A: 31 27 10 14 | 06
#0941-d334 @A: 14 16 13 07 | 11
#0942-d334 @A: 07 14 15 35 | 08
#0943-d334 @A: 22 30 20 14 | 03
#0944-d334 @A: 33 14 09 19 | 10
#0945-d334 @A: 14 09 30 03 | 07
#0946-d334 @A: 14 26 35 13 | 09
#0947-d334 @A: 11 08 22 14 | 04
#0948-d334 @A: 14 06 35 03 | 05
#0949-d334 @A: 24 08 23 05 | 12
#0950-d334 @A: 05 01 24 03 | 01
#0951-d334 @A: 22 04 24 20 | 02
#0952-d334 @A: 11 22 24 07 | 06
#0953-d334 @A: 01 35 24 20 | 11
#0954-d334 @A: 24 11 33 13 | 08
#0955-d334 @A: 24 06 19 25 | 03
#0956-d334 @A: 09 11 10 24 | 10
#0957-d334 @A: 23 26 30 24 | 07
#0958-d334 @A: 27 23 24 01 | 09
#0959-d334 @A: 15 08 22 24 | 04
#0960-d334 @A: 05 12 31 03 | 05
#0961-d334 @A: 15 30 05 31 | 12
#0962-d334 @A: 01 04 05 27 | 01
#0963-d334 @A: 05 07 03 16 | 02
#0964-d334 @A: 05 20 10 22 | 06
#0965-d334 @A: 11 26 05 16 | 11
#0966-d334 @A: 05 12 11 01 | 08
#0967-d334 @A: 25 16 19 31 | 03
#0968-d334 @A: 31 35 09 11 | 10
#0969-d334 @A: 31 23 27 26 | 07
#0970-d334 @A: 35 04 09 25 | 09
#0971-d334 @A: 12 33 07 25 | 04
#0972-d334 @A: 23 07 16 33 | 05
#0973-d334 @A: 10 08 33 07 | 12
#0974-d334 @A: 33 22 07 06 | 01
#0975-d334 @A: 15 20 33 27 | 02
#0976-d334 @A: 09 16 20 21 | 06
#0977-d334 @A: 09 20 22 25 | 11
#0978-d334 @A: 26 33 16 13 | 08
#0979-d334 @A: 33 26 35 25 | 03
#0980-d334 @A: 33 10 27 11 | 10
#0981-d334 @A: 06 19 22 09 | 07
#0982-d334 @A: 13 19 25 26 | 09
#0983-d334 @A: 27 26 19 11 | 04
#0984-d334 @A: 30 25 09 12 | 05
#0985-d334 @A: 35 12 09 06 | 12
#0986-d334 @A: 12 21 27 11 | 01
#0987-d334 @A: 12 15 21 25 | 02
#0988-d334 @A: 06 03 21 12 | 06
#0989-d334 @A: 27 35 23 13 | 11
#0990-d334 @A: 25 16 27 13 | 08
#0991-d334 @A: 11 15 16 25 | 03
#0992-d334 @A: 06 15 11 10 | 10
#0993-d334 @A: 11 35 30 01 | 07
#0994-d334 @A: 15 11 01 22 | 09
#0995-d334 @A: 08 06 11 30 | 04
#0996-d334 @A: 22 12 10 08 | 05
#0997-d334 @A: 16 10 23 03 | 12
#0998-d334 @A: 30 27 03 23 | 01
#0999-d334 @A: 15 27 06 23 | 02
#1000-d334 @A: 10 06 01 22 | 06
#1001-d334 @A: 33 34 18 28 | 11
#1002-d334 @A: 05 32 09 28 | 08
#1003-d334 @A: 03 28 32 23 | 03
#1004-d334 @A: 28 08 12 02 | 10
#1005-d334 @A: 04 18 29 32 | 07
#1006-d334 @A: 29 28 20 09 | 09
#1007-d334 @A: 32 01 16 29 | 04
#1008-d334 @A: 28 29 27 35 | 05
#1009-d334 @A: 10 18 28 21 | 12
#1010-d334 @A: 12 32 18 01 | 01
#1011-d334 @A: 32 08 18 15 | 02
#1012-d334 @A: 05 28 07 17 | 06
#1013-d334 @A: 09 32 17 04 | 11
#1014-d334 @A: 27 17 28 13 | 08
#1015-d334 @A: 19 14 28 11 | 03
#1016-d334 @A: 03 21 28 14 | 10
#1017-d334 @A: 14 12 35 32 | 07
#1018-d334 @A: 20 24 32 05 | 09
#1019-d334 @A: 35 32 11 24 | 04
#1020-d334 @A: 35 11 24 28 | 05
#1021-d334 @A: 24 16 32 06 | 12
#1022-d334 @A: 30 32 05 25 | 01
#1023-d334 @A: 31 01 28 13 | 02
#1024-d334 @A: 28 31 15 11 | 06
#1025-d334 @A: 08 31 32 35 | 11
#1026-d334 @A: 32 25 13 04 | 08
#1027-d334 @A: 20 01 06 28 | 03
#1028-d334 @A: 21 15 33 28 | 10
#1029-d334 @A: 19 12 32 23 | 07
#1030-d334 @A: 35 28 19 03 | 09
#1031-d334 @A: 25 09 23 28 | 04
#1032-d334 @A: 25 12 32 27 | 05
#1033-d334 @A: 27 12 25 28 | 12
#1034-d334 @A: 15 25 10 28 | 01
#1035-d334 @A: 03 34 02 14 | 02
#1036-d334 @A: 31 29 34 04 | 06
#1037-d334 @A: 24 19 34 05 | 11
#1038-d334 @A: 26 33 24 34 | 08
#1039-d334 @A: 08 10 31 34 | 03
#1040-d334 @A: 30 04 08 34 | 10
#1041-d334 @A: 35 12 34 19 | 07
#1042-d334 @A: 02 18 19 04 | 09
#1043-d334 @A: 20 05 17 02 | 04
#1044-d334 @A: 17 02 30 21 | 05
#1045-d334 @A: 02 24 16 35 | 12
#1046-d334 @A: 06 09 02 05 | 01
#1047-d334 @A: 02 27 06 31 | 02
#1048-d334 @A: 01 07 02 06 | 06
#1049-d334 @A: 16 07 02 22 | 11
#1050-d334 @A: 22 02 01 20 | 08
#1051-d334 @A: 08 02 03 33 | 03
#1052-d334 @A: 02 09 13 10 | 10
#1053-d334 @A: 14 16 29 17 | 07
#1054-d334 @A: 29 24 05 09 | 09
#1055-d334 @A: 24 06 01 29 | 04
#1056-d334 @A: 29 26 33 05 | 05
#1057-d334 @A: 13 29 31 27 | 12
#1058-d334 @A: 23 29 12 31 | 01
#1059-d334 @A: 06 35 29 04 | 02
#1060-d334 @A: 07 29 13 23 | 06
#1061-d334 @A: 29 21 20 26 | 11
#1062-d334 @A: 20 25 29 35 | 08
#1063-d334 @A: 11 33 23 29 | 03
#1064-d334 @A: 25 11 29 10 | 10
#1065-d334 @A: 16 18 17 24 | 07
#1066-d334 @A: 12 18 25 17 | 09
#1067-d334 @A: 14 33 24 18 | 04
#1068-d334 @A: 18 16 05 30 | 05
#1069-d334 @A: 15 18 04 30 | 12
#1070-d334 @A: 21 26 07 18 | 01
#1071-d334 @A: 30 08 07 18 | 02
#1072-d334 @A: 18 20 30 12 | 06
#1073-d334 @A: 12 33 16 18 | 11
#1074-d334 @A: 23 09 18 21 | 08
#1075-d334 @A: 18 11 12 35 | 03
#1076-d334 @A: 24 17 33 35 | 10
#1077-d334 @A: 24 08 21 17 | 07
#1078-d334 @A: 06 19 17 05 | 09
#1079-d334 @A: 22 27 17 05 | 04
#1080-d334 @A: 31 10 25 17 | 05
#1081-d334 @A: 22 17 30 31 | 12
#1082-d334 @A: 17 04 10 13 | 01
#1083-d334 @A: 17 12 11 04 | 02
#1084-d334 @A: 04 25 30 17 | 06
#1085-d334 @A: 07 25 06 17 | 11
#1086-d334 @A: 26 19 17 33 | 08
#1087-d334 @A: 12 26 17 06 | 03
#1088-d334 @A: 17 01 03 26 | 10
#1089-d334 @A: 10 12 24 14 | 07
#1090-d334 @A: 14 24 22 01 | 09
#1091-d334 @A: 14 25 05 11 | 04
#1092-d334 @A: 04 20 14 23 | 05
#1093-d334 @A: 08 14 09 04 | 12
#1094-d334 @A: 16 27 14 33 | 01
#1095-d334 @A: 21 19 25 14 | 02
#1096-d334 @A: 14 06 15 26 | 06
#1097-d334 @A: 05 13 24 16 | 11
#1098-d334 @A: 24 31 19 01 | 08
#1099-d334 @A: 20 13 25 24 | 03
#1100-d334 @A: 24 25 21 33 | 10
#1101-d334 @A: 16 05 22 04 | 07
#1102-d334 @A: 03 11 19 05 | 09
#1103-d334 @A: 05 16 08 19 | 04
#1104-d334 @A: 01 23 10 05 | 05
#1105-d334 @A: 04 21 23 31 | 12
#1106-d334 @A: 03 13 31 07 | 01
#1107-d334 @A: 31 08 25 33 | 02
#1108-d334 @A: 13 31 23 16 | 06
#1109-d334 @A: 25 15 31 23 | 11
#1110-d334 @A: 21 04 10 07 | 08
#1111-d334 @A: 30 20 04 03 | 03
#1112-d334 @A: 33 21 04 03 | 10
#1113-d334 @A: 19 11 25 04 | 07
#1114-d334 @A: 01 19 16 04 | 09
#1115-d334 @A: 27 19 12 07 | 04
#1116-d334 @A: 07 03 19 30 | 05
#1117-d334 @A: 09 27 07 25 | 12
#1118-d334 @A: 07 25 26 10 | 01
#1119-d334 @A: 16 07 01 21 | 02
#1120-d334 @A: 20 12 35 33 | 06
#1121-d334 @A: 20 25 10 33 | 11
#1122-d334 @A: 20 11 30 09 | 08
#1123-d334 @A: 27 20 06 09 | 03
#1124-d334 @A: 20 35 30 21 | 10
#1125-d334 @A: 33 08 21 06 | 07
#1126-d334 @A: 19 09 26 15 | 09
#1127-d334 @A: 09 16 13 08 | 04
#1128-d334 @A: 08 15 09 03 | 05
#1129-d334 @A: 13 21 22 03 | 12
#1130-d334 @A: 23 16 21 27 | 01
#1131-d334 @A: 06 15 21 30 | 02
#1132-d334 @A: 15 08 06 35 | 06
#1133-d334 @A: 07 28 32 14 | 11
#1134-d334 @A: 01 10 32 34 | 08
#1135-d334 @A: 34 32 16 30 | 03
#1136-d334 @A: 15 28 27 32 | 10
#1137-d334 @A: 02 28 05 29 | 07
#1138-d334 @A: 20 28 30 02 | 09
#1139-d334 @A: 02 09 32 33 | 04
#1140-d334 @A: 28 10 02 27 | 05
#1141-d334 @A: 32 07 29 11 | 12
#1142-d334 @A: 25 21 32 29 | 01
#1143-d334 @A: 29 10 32 13 | 02
#1144-d334 @A: 16 32 13 18 | 06
#1145-d334 @A: 28 01 12 18 | 11
#1146-d334 @A: 28 18 06 23 | 08
#1147-d334 @A: 28 18 15 08 | 03
#1148-d334 @A: 14 33 20 32 | 10
#1149-d334 @A: 19 05 32 33 | 07
#1150-d334 @A: 26 31 28 33 | 09
#1151-d334 @A: 04 28 10 11 | 04
#1152-d334 @A: 04 06 32 12 | 05
#1153-d334 @A: 04 01 30 28 | 12
#1154-d334 @A: 20 35 22 32 | 01
#1155-d334 @A: 06 19 28 13 | 02
#1156-d334 @A: 09 35 32 16 | 06
#1157-d334 @A: 08 09 32 27 | 11
#1158-d334 @A: 22 28 26 12 | 08
#1159-d334 @A: 03 10 28 26 | 03
#1160-d334 @A: 28 30 11 12 | 10
#1161-d334 @A: 08 28 10 23 | 07
#1162-d334 @A: 29 06 34 25 | 09
#1163-d334 @A: 04 14 18 34 | 04
#1164-d334 @A: 18 24 31 34 | 05
#1165-d334 @A: 12 34 18 27 | 12
#1166-d334 @A: 23 17 34 01 | 01
#1167-d334 @A: 24 22 34 21 | 02
#1168-d334 @A: 34 33 05 04 | 06
#1169-d334 @A: 34 05 15 03 | 11
#1170-d334 @A: 12 31 34 33 | 08
#1171-d334 @A: 01 34 11 31 | 03
#1172-d334 @A: 11 04 27 34 | 10
#1173-d334 @A: 23 07 34 25 | 07
#1174-d334 @A: 13 20 34 35 | 09
#1175-d334 @A: 22 33 34 09 | 04
#1176-d334 @A: 09 34 25 01 | 05
#1177-d334 @A: 34 23 11 21 | 12
#1178-d334 @A: 23 08 02 29 | 01
#1179-d334 @A: 02 04 23 05 | 02
#1180-d334 @A: 35 31 21 02 | 06
#1181-d334 @A: 23 02 03 31 | 11
#1182-d334 @A: 01 02 04 25 | 08
#1183-d334 @A: 08 07 25 02 | 03
#1184-d334 @A: 02 07 27 35 | 10
#1185-d334 @A: 19 13 02 21 | 07
#1186-d334 @A: 10 22 30 02 | 09
#1187-d334 @A: 25 29 17 13 | 04
#1188-d334 @A: 14 05 29 12 | 05
#1189-d334 @A: 05 04 03 29 | 12
#1190-d334 @A: 05 13 15 29 | 01
#1191-d334 @A: 16 31 29 22 | 02
#1192-d334 @A: 04 29 13 16 | 06
#1193-d334 @A: 29 33 08 35 | 11
#1194-d334 @A: 09 10 22 29 | 08
#1195-d334 @A: 06 26 27 29 | 03
#1196-d334 @A: 05 17 18 11 | 10
#1197-d334 @A: 23 30 18 17 | 07
#1198-d334 @A: 24 20 18 10 | 09
#1199-d334 @A: 15 01 05 18 | 04
#1200-d334 @A: 27 25 18 31 | 05
#1201-d334 @A: 18 07 12 03 | 12
#1202-d334 @A: 20 17 30 24 | 01
#1203-d334 @A: 08 05 17 12 | 02
#1204-d334 @A: 35 30 05 17 | 06
#1205-d334 @A: 31 19 07 17 | 11
#1206-d334 @A: 27 21 31 17 | 08
#1207-d334 @A: 01 17 31 06 | 03
#1208-d334 @A: 33 15 23 17 | 10
#1209-d334 @A: 25 03 33 17 | 07
#1210-d334 @A: 26 17 11 08 | 09
#1211-d334 @A: 14 15 24 21 | 04
#1212-d334 @A: 24 03 14 11 | 05
#1213-d334 @A: 21 14 05 27 | 12
#1214-d334 @A: 15 08 14 31 | 01
#1215-d334 @A: 15 14 20 10 | 02
#1216-d334 @A: 14 13 10 33 | 06
#1217-d334 @A: 12 22 33 14 | 11
#1218-d334 @A: 30 14 33 35 | 08
#1219-d334 @A: 22 14 27 09 | 03
#1220-d334 @A: 24 31 20 08 | 10
#1221-d334 @A: 31 23 33 24 | 07
#1222-d334 @A: 24 31 15 16 | 09
#1223-d334 @A: 27 24 19 04 | 04
#1224-d334 @A: 20 19 24 07 | 05
#1225-d334 @A: 01 33 24 07 | 12
#1226-d334 @A: 27 13 24 07 | 01
#1227-d334 @A: 20 27 24 11 | 02
#1228-d334 @A: 22 19 33 24 | 06
#1229-d334 @A: 21 10 24 19 | 11
#1230-d334 @A: 16 24 12 19 | 08
#1231-d334 @A: 26 10 24 22 | 03
#1232-d334 @A: 23 24 22 16 | 10
#1233-d334 @A: 30 24 27 16 | 07
#1234-d334 @A: 05 16 35 33 | 09
#1235-d334 @A: 19 21 01 05 | 04
#1236-d334 @A: 05 23 15 09 | 05
#1237-d334 @A: 13 30 21 05 | 12
#1238-d334 @A: 03 05 06 22 | 01
#1239-d334 @A: 04 31 12 16 | 02
#1240-d334 @A: 22 31 04 08 | 06
#1241-d334 @A: 15 20 31 07 | 11
#1242-d334 @A: 31 07 01 09 | 08
#1243-d334 @A: 11 20 31 33 | 03
#1244-d334 @A: 09 20 31 26 | 10
#1245-d334 @A: 13 31 08 26 | 07
#1246-d334 @A: 06 26 03 31 | 09
#1247-d334 @A: 12 07 04 01 | 04
#1248-d334 @A: 04 03 10 25 | 05
#1249-d334 @A: 35 07 13 33 | 12
#1250-d334 @A: 09 07 11 12 | 01
#1251-d334 @A: 08 07 15 23 | 02
#1252-d334 @A: 13 01 33 20 | 06
#1253-d334 @A: 19 11 23 20 | 11
#1254-d334 @A: 20 25 19 12 | 08
#1255-d334 @A: 19 01 03 20 | 03
#1256-d334 @A: 03 20 09 35 | 10
#1257-d334 @A: 08 11 20 10 | 07
#1258-d334 @A: 33 13 19 27 | 09
#1259-d334 @A: 12 33 15 19 | 04
#1260-d334 @A: 09 33 21 35 | 05
#1261-d334 @A: 13 09 06 33 | 12
#1262-d334 @A: 03 33 23 26 | 01
#1263-d334 @A: 21 06 10 26 | 02
#1264-d334 @A: 01 21 35 12 | 06
#1265-d334 @A: 21 10 25 27 | 11
#1266-d334 @A: 06 27 22 21 | 08
#1267-d334 @A: 21 08 27 35 | 03
#1268-d334 @A: 01 13 08 35 | 10
#1269-d334 @A: 03 35 30 13 | 07
#1270-d334 @A: 10 16 22 11 | 09
#1271-d334 @A: 15 35 11 27 | 04
#1272-d334 @A: 23 12 08 35 | 05
#1273-d334 @A: 30 12 10 35 | 12
#1274-d334 @A: 01 15 06 25 | 01
#1275-d334 @A: 10 08 01 03 | 02
#1276-d334 @A: 35 08 16 30 | 06
#1277-d334 @A: 17 34 24 28 | 11
#1278-d334 @A: 13 28 22 34 | 08
#1279-d334 @A: 34 30 16 28 | 03
#1280-d334 @A: 14 17 02 32 | 10
#1281-d334 @A: 02 23 21 28 | 07
#1282-d334 @A: 12 29 28 33 | 09
#1283-d334 @A: 05 28 18 31 | 04
#1284-d334 @A: 18 07 32 09 | 05
#1285-d334 @A: 18 23 06 32 | 12
#1286-d334 @A: 14 33 28 20 | 01
#1287-d334 @A: 03 32 21 14 | 02
#1288-d334 @A: 16 10 14 28 | 06
#1289-d334 @A: 24 33 10 28 | 11
#1290-d334 @A: 24 01 15 32 | 08
#1291-d334 @A: 24 28 15 01 | 03
#1292-d334 @A: 16 05 12 28 | 10
#1293-d334 @A: 23 28 07 31 | 07
#1294-d334 @A: 28 20 31 16 | 09
#1295-d334 @A: 30 31 28 03 | 04
#1296-d334 @A: 08 04 28 19 | 05
#1297-d334 @A: 04 28 16 21 | 12
#1298-d334 @A: 26 07 28 19 | 01
#1299-d334 @A: 07 01 32 22 | 02
#1300-d334 @A: 13 20 15 32 | 06
#1301-d334 @A: 35 33 28 01 | 11
#1302-d334 @A: 32 09 12 13 | 08
#1303-d334 @A: 11 30 12 32 | 03
#1304-d334 @A: 32 10 23 08 | 10
#1305-d334 @A: 15 10 32 25 | 07
#1306-d334 @A: 04 02 26 34 | 09
#1307-d334 @A: 16 20 02 34 | 04
#1308-d334 @A: 34 30 06 02 | 05
#1309-d334 @A: 17 03 21 34 | 12
#1310-d334 @A: 34 13 04 07 | 01
#1311-d334 @A: 34 13 25 33 | 02
#1312-d334 @A: 06 34 33 11 | 06
#1313-d334 @A: 19 23 34 08 | 11
#1314-d334 @A: 25 34 19 27 | 08
#1315-d334 @A: 29 02 12 03 | 03
#1316-d334 @A: 18 02 13 30 | 10
#1317-d334 @A: 17 33 31 02 | 07
#1318-d334 @A: 10 17 02 26 | 09
#1319-d334 @A: 14 02 27 11 | 04
#1320-d334 @A: 25 12 05 02 | 05
#1321-d334 @A: 02 31 08 01 | 12
#1322-d334 @A: 23 02 11 07 | 01
#1323-d334 @A: 09 20 02 08 | 02
#1324-d334 @A: 02 20 12 23 | 06
#1325-d334 @A: 02 30 23 19 | 11
#1326-d334 @A: 09 02 27 30 | 08
#1327-d334 @A: 26 11 02 06 | 03
#1328-d334 @A: 11 01 02 03 | 10
#1329-d334 @A: 30 21 18 29 | 07
#1330-d334 @A: 24 12 13 29 | 09
#1331-d334 @A: 29 22 23 05 | 04
#1332-d334 @A: 08 10 29 05 | 05
#1333-d334 @A: 29 07 08 03 | 12
#1334-d334 @A: 29 35 13 09 | 01
#1335-d334 @A: 10 26 16 29 | 02
#1336-d334 @A: 31 17 20 18 | 06
#1337-d334 @A: 18 05 33 03 | 11
#1338-d334 @A: 18 09 05 12 | 08
#1339-d334 @A: 18 31 13 35 | 03
#1340-d334 @A: 33 18 27 08 | 10
#1341-d334 @A: 18 16 19 35 | 07
#1342-d334 @A: 26 23 18 08 | 09
#1343-d334 @A: 31 17 09 24 | 04
#1344-d334 @A: 25 17 05 16 | 05
#1345-d334 @A: 17 08 31 16 | 12
#1346-d334 @A: 27 06 17 04 | 01
#1347-d334 @A: 11 17 03 07 | 02
#1348-d334 @A: 17 23 20 10 | 06
#1349-d334 @A: 17 22 33 16 | 11
#1350-d334 @A: 06 30 17 16 | 08
#1351-d334 @A: 27 06 14 24 | 03
#1352-d334 @A: 04 14 11 30 | 10
#1353-d334 @A: 14 12 04 25 | 07
#1354-d334 @A: 04 14 03 01 | 09
#1355-d334 @A: 14 30 12 07 | 04
#1356-d334 @A: 23 27 14 07 | 05
#1357-d334 @A: 09 21 10 14 | 12
#1358-d334 @A: 27 22 31 24 | 01
#1359-d334 @A: 04 25 24 16 | 02
#1360-d334 @A: 10 16 07 24 | 06
#1361-d334 @A: 15 24 20 03 | 11
#1362-d334 @A: 27 09 24 26 | 08
#1363-d334 @A: 13 24 26 06 | 03
#1364-d334 @A: 05 12 04 21 | 10
#1365-d334 @A: 01 20 16 05 | 07
#1366-d334 @A: 33 11 15 05 | 09
#1367-d334 @A: 22 05 13 35 | 04
#1368-d334 @A: 06 27 12 05 | 05
#1369-d334 @A: 04 31 13 19 | 12
#1370-d334 @A: 04 31 11 03 | 01
#1371-d334 @A: 31 30 19 33 | 02
#1372-d334 @A: 22 11 19 31 | 06
#1373-d334 @A: 31 16 30 26 | 11
#1374-d334 @A: 08 27 30 31 | 08
#1375-d334 @A: 33 10 12 04 | 03
#1376-d334 @A: 09 04 27 13 | 10
#1377-d334 @A: 26 23 13 04 | 07
#1378-d334 @A: 04 11 26 01 | 09
#1379-d334 @A: 15 04 12 26 | 04
#1380-d334 @A: 11 35 20 07 | 05
#1381-d334 @A: 07 13 19 08 | 12
#1382-d334 @A: 10 07 09 35 | 01
#1383-d334 @A: 26 23 07 06 | 02
#1384-d334 @A: 33 20 08 30 | 06
#1385-d334 @A: 20 35 26 19 | 11
#1386-d334 @A: 33 22 35 11 | 08
#1387-d334 @A: 23 33 06 12 | 03
#1388-d334 @A: 19 30 26 12 | 10
#1389-d334 @A: 06 09 30 26 | 07
#1390-d334 @A: 09 21 27 15 | 09
#1391-d334 @A: 15 13 08 21 | 04
#1392-d334 @A: 22 30 21 11 | 05
#1393-d334 @A: 21 25 08 03 | 12
#1394-d334 @A: 15 16 22 21 | 01
#1395-d334 @A: 13 12 30 15 | 02
#1396-d334 @A: 15 03 12 10 | 06
#1397-d334 @A: 01 22 23 35 | 11
#1398-d334 @A: 25 01 16 10 | 08
#1399-d334 @A: 30 03 25 16 | 03
#1400-d334 @A: 02 28 32 31 | 10
#1401-d334 @A: 32 26 28 11 | 07
#1402-d334 @A: 34 28 11 26 | 09
#1403-d334 @A: 25 32 35 28 | 04
#1404-d334 @A: 32 28 06 08 | 05
#1405-d334 @A: 18 32 02 26 | 12
#1406-d334 @A: 15 32 04 02 | 01
#1407-d334 @A: 09 02 28 33 | 02
#1408-d334 @A: 11 32 16 02 | 06
#1409-d334 @A: 29 32 12 33 | 11
#1410-d334 @A: 32 23 29 30 | 08
#1411-d334 @A: 17 32 03 18 | 03
#1412-d334 @A: 05 32 18 31 | 10
#1413-d334 @A: 28 18 35 30 | 07
#1414-d334 @A: 17 09 28 04 | 09
#1415-d334 @A: 30 32 17 33 | 04
#1416-d334 @A: 24 30 21 28 | 05
#1417-d334 @A: 24 28 03 12 | 12
#1418-d334 @A: 22 21 05 32 | 01
#1419-d334 @A: 05 23 11 32 | 02
#1420-d334 @A: 30 32 31 03 | 06
#1421-d334 @A: 07 04 33 28 | 11
#1422-d334 @A: 16 28 07 27 | 08
#1423-d334 @A: 03 28 11 20 | 03
#1424-d334 @A: 20 32 10 12 | 10
#1425-d334 @A: 33 03 13 32 | 07
#1426-d334 @A: 28 01 23 26 | 09
#1427-d334 @A: 26 03 32 10 | 04
#1428-d334 @A: 27 22 28 11 | 05
#1429-d334 @A: 22 28 08 30 | 12
#1430-d334 @A: 34 25 02 21 | 01
#1431-d334 @A: 34 11 02 08 | 02
#1432-d334 @A: 09 34 29 07 | 06
#1433-d334 @A: 34 29 12 11 | 11
#1434-d334 @A: 17 34 27 14 | 08
#1435-d334 @A: 14 09 34 06 | 03
#1436-d334 @A: 14 21 30 34 | 10
#1437-d334 @A: 34 14 11 13 | 07
#1438-d334 @A: 34 25 24 12 | 09
#1439-d334 @A: 34 25 15 04 | 04
#1440-d334 @A: 33 34 23 20 | 05
#1441-d334 @A: 34 26 30 25 | 12
#1442-d334 @A: 03 34 26 08 | 01
#1443-d334 @A: 06 34 26 22 | 02
#1444-d334 @A: 12 06 34 13 | 06
#1445-d334 @A: 03 06 16 34 | 11
#1446-d334 @A: 08 34 27 22 | 08
#1447-d334 @A: 06 02 29 16 | 03
#1448-d334 @A: 18 02 14 31 | 10
#1449-d334 @A: 03 17 02 27 | 07
#1450-d334 @A: 14 24 02 13 | 09
#1451-d334 @A: 02 14 35 05 | 04
#1452-d334 @A: 14 30 01 02 | 05
#1453-d334 @A: 24 31 02 04 | 12
#1454-d334 @A: 07 02 12 13 | 01
#1455-d334 @A: 10 06 20 02 | 02
#1456-d334 @A: 22 19 25 02 | 06
#1457-d334 @A: 15 02 19 10 | 11
#1458-d334 @A: 29 10 18 27 | 08
#1459-d334 @A: 31 03 01 29 | 03
#1460-d334 @A: 25 04 29 23 | 10
#1461-d334 @A: 07 33 29 15 | 07
#1462-d334 @A: 07 29 01 35 | 09
#1463-d334 @A: 09 03 29 33 | 04
#1464-d334 @A: 22 33 29 01 | 05
#1465-d334 @A: 29 06 30 19 | 12
#1466-d334 @A: 27 18 19 17 | 01
#1467-d334 @A: 17 06 21 18 | 02
#1468-d334 @A: 17 08 22 18 | 06
#1469-d334 @A: 01 14 06 18 | 11
#1470-d334 @A: 18 26 24 19 | 08
#1471-d334 @A: 15 13 18 24 | 03
#1472-d334 @A: 08 21 05 18 | 10
#1473-d334 @A: 18 06 25 05 | 07
#1474-d334 @A: 21 18 12 19 | 09
#1475-d334 @A: 30 26 01 18 | 04
#1476-d334 @A: 18 06 15 22 | 05
#1477-d334 @A: 14 19 20 17 | 12
#1478-d334 @A: 14 17 30 15 | 01
#1479-d334 @A: 17 23 11 24 | 02
#1480-d334 @A: 27 24 17 10 | 06
#1481-d334 @A: 23 07 17 12 | 11
#1482-d334 @A: 17 07 30 10 | 08
#1483-d334 @A: 20 35 17 16 | 03
#1484-d334 @A: 12 17 33 21 | 10
#1485-d334 @A: 25 09 21 17 | 07
#1486-d334 @A: 05 16 14 15 | 09
#1487-d334 @A: 21 04 13 14 | 04
#1488-d334 @A: 14 27 04 15 | 05
#1489-d334 @A: 14 08 07 06 | 12
#1490-d334 @A: 20 14 21 12 | 01
#1491-d334 @A: 01 19 35 14 | 02
#1492-d334 @A: 30 19 14 16 | 06
#1493-d334 @A: 24 05 27 25 | 11
#1494-d334 @A: 22 05 30 24 | 08
#1495-d334 @A: 35 31 24 03 | 03
#1496-d334 @A: 13 19 35 24 | 10
#1497-d334 @A: 19 11 30 24 | 07
#1498-d334 @A: 26 25 24 15 | 09
#1499-d334 @A: 26 35 24 08 | 04
#1500-d334 @A: 05 10 31 13 | 05
#1501-d334 @A: 07 05 12 10 | 12
#1502-d334 @A: 07 30 05 01 | 01
#1503-d334 @A: 30 05 26 20 | 02
#1504-d334 @A: 21 05 25 20 | 06
#1505-d334 @A: 05 13 33 12 | 11
#1506-d334 @A: 23 19 13 05 | 08
#1507-d334 @A: 22 05 11 09 | 03
#1508-d334 @A: 35 27 05 09 | 10
#1509-d334 @A: 05 35 26 03 | 07
#1510-d334 @A: 03 25 13 05 | 09
#1511-d334 @A: 16 05 23 06 | 04
#1512-d334 @A: 05 01 35 25 | 05
#1513-d334 @A: 09 23 08 31 | 12
#1514-d334 @A: 25 01 31 26 | 01
#1515-d334 @A: 04 07 26 20 | 02
#1516-d334 @A: 20 06 08 04 | 06
#1517-d334 @A: 26 33 04 06 | 11
#1518-d334 @A: 01 15 04 33 | 08
#1519-d334 @A: 04 03 26 27 | 03
#1520-d334 @A: 20 07 27 10 | 10
#1521-d334 @A: 07 30 11 25 | 07
#1522-d334 @A: 07 22 30 23 | 09
#1523-d334 @A: 06 07 15 03 | 04
#1524-d334 @A: 15 22 33 30 | 05
#1525-d334 @A: 10 26 19 01 | 12
#1526-d334 @A: 10 19 27 08 | 01
#1527-d334 @A: 23 09 10 26 | 02
#1528-d334 @A: 09 01 08 26 | 06
#1529-d334 @A: 09 11 16 06 | 11
#1530-d334 @A: 26 13 27 21 | 08
#1531-d334 @A: 21 26 16 25 | 03
#1532-d334 @A: 13 23 06 25 | 10
#1533-d334 @A: 22 25 13 30 | 07
#1534-d334 @A: 25 12 06 11 | 09
#1535-d334 @A: 06 23 11 22 | 04
#1536-d334 @A: 01 12 23 16 | 05
#1537-d334 @A: 12 23 22 27 | 12
#1538-d334 @A: 35 15 22 12 | 01
#1539-d334 @A: 22 23 03 15 | 02
#1540-d334 @A: 10 16 35 27 | 06
#1541-d334 @A: 15 16 08 10 | 11
#1542-d334 @A: 03 22 01 30 | 08
#1543-d334 @A: 32 13 22 28 | 03
#1544-d334 @A: 28 25 35 34 | 10
#1545-d334 @A: 10 32 01 28 | 07
#1546-d334 @A: 08 28 34 06 | 09
#1547-d334 @A: 32 30 02 20 | 04
#1548-d334 @A: 02 28 19 01 | 05
#1549-d334 @A: 31 28 29 24 | 12
#1550-d334 @A: 28 29 10 13 | 01
#1551-d334 @A: 29 35 27 32 | 02
#1552-d334 @A: 18 09 07 28 | 06
#1553-d334 @A: 33 30 17 28 | 11
#1554-d334 @A: 17 32 06 11 | 08
#1555-d334 @A: 32 31 14 09 | 03
#1556-d334 @A: 23 14 15 28 | 10
#1557-d334 @A: 10 16 14 32 | 07
#1558-d334 @A: 14 28 06 30 | 09
#1559-d334 @A: 22 28 21 05 | 04
#1560-d334 @A: 10 28 19 31 | 05
#1561-d334 @A: 04 35 23 32 | 12
#1562-d334 @A: 32 04 22 03 | 01
#1563-d334 @A: 33 32 11 08 | 02
#1564-d334 @A: 22 28 09 15 | 06
#1565-d334 @A: 23 26 01 32 | 11
#1566-d334 @A: 35 26 28 06 | 08
#1567-d334 @A: 08 34 29 16 | 03
#1568-d334 @A: 18 11 22 34 | 10
#1569-d334 @A: 10 18 34 25 | 07
#1570-d334 @A: 17 26 34 31 | 09
#1571-d334 @A: 26 14 34 20 | 04
#1572-d334 @A: 24 15 34 30 | 05
#1573-d334 @A: 34 27 05 23 | 12
#1574-d334 @A: 07 27 34 31 | 01
#1575-d334 @A: 34 06 04 23 | 02
#1576-d334 @A: 04 01 22 34 | 06
#1577-d334 @A: 34 30 23 09 | 11
#1578-d334 @A: 26 15 34 13 | 08
#1579-d334 @A: 19 29 35 02 | 03
#1580-d334 @A: 02 20 18 11 | 10
#1581-d334 @A: 02 12 06 18 | 07
#1582-d334 @A: 16 01 17 02 | 09
#1583-d334 @A: 14 33 02 04 | 04
#1584-d334 @A: 02 19 08 14 | 05
#1585-d334 @A: 14 22 02 21 | 12
#1586-d334 @A: 02 31 05 07 | 01
#1587-d334 @A: 31 12 26 02 | 02
#1588-d334 @A: 04 02 11 35 | 06
#1589-d334 @A: 33 26 21 02 | 11
#1590-d334 @A: 22 33 13 02 | 08
#1591-d334 @A: 33 02 25 11 | 03
#1592-d334 @A: 02 25 26 27 | 10
#1593-d334 @A: 15 26 03 02 | 07
#1594-d334 @A: 30 26 35 02 | 09
#1595-d334 @A: 12 02 21 10 | 04
#1596-d334 @A: 18 29 07 20 | 05
#1597-d334 @A: 17 21 22 29 | 12
#1598-d334 @A: 12 29 17 10 | 01
#1599-d334 @A: 04 24 33 29 | 02
#1600-d334 @A: 24 35 29 30 | 06
#1601-d334 @A: 21 29 05 35 | 11
#1602-d334 @A: 05 11 30 29 | 08
#1603-d334 @A: 10 07 19 29 | 03
#1604-d334 @A: 12 20 29 27 | 10
#1605-d334 @A: 09 21 12 29 | 07
#1606-d334 @A: 10 17 15 18 | 09
#1607-d334 @A: 25 23 18 14 | 04
#1608-d334 @A: 18 01 11 24 | 05
#1609-d334 @A: 21 18 15 31 | 12
#1610-d334 @A: 31 16 18 01 | 01
#1611-d334 @A: 01 04 23 18 | 02
#1612-d334 @A: 10 16 18 04 | 06
#1613-d334 @A: 33 22 10 18 | 11
#1614-d334 @A: 19 18 23 03 | 08
#1615-d334 @A: 18 08 19 25 | 03
#1616-d334 @A: 18 12 13 26 | 10
#1617-d334 @A: 14 24 17 26 | 07
#1618-d334 @A: 05 17 14 33 | 09
#1619-d334 @A: 14 17 23 03 | 04
#1620-d334 @A: 14 08 17 25 | 05
#1621-d334 @A: 04 05 24 17 | 12
#1622-d334 @A: 23 17 31 05 | 01
#1623-d334 @A: 03 05 10 17 | 02
#1624-d334 @A: 17 22 04 23 | 06
#1625-d334 @A: 17 20 07 09 | 11
#1626-d334 @A: 07 17 13 21 | 08
#1627-d334 @A: 17 33 20 06 | 03
#1628-d334 @A: 27 17 25 20 | 10
#1629-d334 @A: 11 17 16 19 | 07
#1630-d334 @A: 01 30 09 17 | 09
#1631-d334 @A: 09 22 03 17 | 04
#1632-d334 @A: 27 16 09 17 | 05
#1633-d334 @A: 16 21 10 17 | 12
#1634-d334 @A: 31 05 14 24 | 01
#1635-d334 @A: 05 13 14 01 | 02
#1636-d334 @A: 03 05 14 08 | 06
#1637-d334 @A: 14 21 31 26 | 11
#1638-d334 @A: 22 35 31 14 | 08
#1639-d334 @A: 14 07 03 10 | 03
#1640-d334 @A: 14 13 27 20 | 10
#1641-d334 @A: 15 09 11 14 | 07
#1642-d334 @A: 16 22 26 14 | 09
#1643-d334 @A: 14 08 01 21 | 04
#1644-d334 @A: 04 24 12 08 | 05
#1645-d334 @A: 24 21 07 12 | 12
#1646-d334 @A: 20 24 09 33 | 01
#1647-d334 @A: 24 21 20 23 | 02
#1648-d334 @A: 06 12 24 20 | 06
#1649-d334 @A: 33 24 27 12 | 11
#1650-d334 @A: 06 24 09 23 | 08
#1651-d334 @A: 35 09 24 15 | 03
#1652-d334 @A: 31 16 05 09 | 10
#1653-d334 @A: 07 11 27 05 | 07
#1654-d334 @A: 33 10 21 05 | 09
#1655-d334 @A: 06 33 30 05 | 04
#1656-d334 @A: 25 05 15 19 | 05
#1657-d334 @A: 06 15 04 31 | 12
#1658-d334 @A: 31 03 19 21 | 01
#1659-d334 @A: 27 16 11 31 | 02
#1660-d334 @A: 12 31 25 35 | 06
#1661-d334 @A: 07 04 03 35 | 11
#1662-d334 @A: 30 04 13 33 | 08
#1663-d334 @A: 22 04 21 09 | 03
#1664-d334 @A: 11 09 23 04 | 10
#1665-d334 @A: 04 12 13 35 | 07
#1666-d334 @A: 20 06 13 07 | 09
#1667-d334 @A: 27 08 07 26 | 04
#1668-d334 @A: 25 07 13 01 | 05
#1669-d334 @A: 16 03 20 33 | 12
#1670-d334 @A: 20 06 19 21 | 01
#1671-d334 @A: 16 19 10 20 | 02
#1672-d334 @A: 20 27 19 22 | 06
#1673-d334 @A: 20 12 03 26 | 11
#1674-d334 @A: 33 16 21 19 | 08
#1675-d334 @A: 23 33 30 01 | 03
#1676-d334 @A: 22 19 10 13 | 10
#1677-d334 @A: 11 08 19 35 | 07
#1678-d334 @A: 09 03 01 12 | 09
#1679-d334 @A: 21 35 23 26 | 04
#1680-d334 @A: 08 21 30 10 | 05
#1681-d334 @A: 10 13 11 35 | 12
#1682-d334 @A: 13 11 30 27 | 01
#1683-d334 @A: 30 13 06 01 | 02
#1684-d334 @A: 11 03 35 23 | 06
#1685-d334 @A: 03 15 30 11 | 11
#1686-d334 @A: 10 16 12 06 | 08
#1687-d334 @A: 22 16 06 25 | 03
#1688-d334 @A: 35 25 22 08 | 10
#1689-d334 @A: 10 03 30 06 | 07
#1690-d334 @A: 16 08 06 27 | 09
