#0001-d126 @A: 15 14 32 05 | 03
#0002-d126 @A: 17 31 06 05 | 06
#0003-d126 @A: 08 05 34 35 | 11
#0004-d126 @A: 04 20 05 06 | 02
#0005-d126 @A: 17 28 12 05 | 04
#0006-d126 @A: 28 05 04 16 | 10
#0007-d126 @A: 32 11 05 12 | 07
#0008-d126 @A: 32 17 05 02 | 05
#0009-d126 @A: 03 23 05 35 | 12
#0010-d126 @A: 10 01 09 05 | 08
#0011-d126 @A: 19 05 02 09 | 01
#0012-d126 @A: 05 17 26 10 | 09
#0013-d126 @A: 05 13 19 07 | 03
#0014-d126 @A: 17 21 23 05 | 06
#0015-d126 @A: 35 34 15 14 | 11
#0016-d126 @A: 21 34 14 01 | 02
#0017-d126 @A: 27 20 13 14 | 04
#0018-d126 @A: 14 32 02 10 | 10
#0019-d126 @A: 33 03 04 14 | 07
#0020-d126 @A: 03 14 02 16 | 05
#0021-d126 @A: 14 10 03 06 | 12
#0022-d126 @A: 09 14 13 25 | 08
#0023-d126 @A: 21 19 14 29 | 01
#0024-d126 @A: 03 22 12 31 | 09
#0025-d126 @A: 35 31 22 01 | 03
#0026-d126 @A: 34 22 35 09 | 06
#0027-d126 @A: 20 16 22 33 | 11
#0028-d126 @A: 15 22 26 01 | 02
#0029-d126 @A: 30 29 22 06 | 04
#0030-d126 @A: 22 17 30 23 | 10
#0031-d126 @A: 21 26 22 04 | 07
#0032-d126 @A: 22 10 04 11 | 05
#0033-d126 @A: 24 31 17 08 | 12
#0034-d126 @A: 13 24 31 34 | 08
#0035-d126 @A: 12 31 20 24 | 01
#0036-d126 @A: 31 03 16 24 | 09
#0037-d126 @A: 20 31 08 10 | 03
#0038-d126 @A: 08 31 33 29 | 06
#0039-d126 @A: 12 34 17 31 | 11
#0040-d126 @A: 01 33 31 34 | 02
#0041-d126 @A: 19 29 31 28 | 04
#0042-d126 @A: 31 16 30 33 | 10
#0043-d126 @A: 31 17 16 27 | 07
#0044-d126 @A: 31 02 26 09 | 05
#0045-d126 @A: 31 10 25 01 | 12
#0046-d126 @A: 31 01 19 07 | 08
#0047-d126 @A: 21 17 02 31 | 01
#0048-d126 @A: 24 08 19 06 | 09
#0049-d126 @A: 34 04 30 24 | 03
#0050-d126 @A: 24 30 28 21 | 06
#0051-d126 @A: 09 12 17 24 | 11
#0052-d126 @A: 02 15 24 35 | 02
#0053-d126 @A: 24 27 15 17 | 04
#0054-d126 @A: 33 24 35 32 | 10
#0055-d126 @A: 06 24 07 16 | 07
#0056-d126 @A: 04 18 24 09 | 05
#0057-d126 @A: 24 04 29 26 | 12
#0058-d126 @A: 25 18 24 26 | 08
#0059-d126 @A: 07 24 26 10 | 01
#0060-d126 @A: 04 24 19 17 | 09
#0061-d126 @A: 08 34 11 09 | 03
#0062-d126 @A: 11 08 15 20 | 06
#0063-d126 @A: 08 09 12 04 | 11
#0064-d126 @A: 09 08 26 17 | 02
#0065-d126 @A: 13 08 02 18 | 04
#0066-d126 @A: 03 13 08 07 | 10
#0067-d126 @A: 29 01 10 08 | 07
#0068-d126 @A: 35 28 07 34 | 05
#0069-d126 @A: 13 12 34 35 | 12
#0070-d126 @A: 16 30 34 26 | 08
#0071-d126 @A: 17 27 34 35 | 01
#0072-d126 @A: 34 23 26 09 | 09
#0073-d126 @A: 34 13 23 17 | 03
#0074-d126 @A: 18 34 02 19 | 06
#0075-d126 @A: 18 28 16 20 | 11
#0076-d126 @A: 23 20 03 12 | 02
#0077-d126 @A: 20 15 27 19 | 04
#0078-d126 @A: 33 15 12 28 | 10
#0079-d126 @A: 15 28 02 06 | 07
#0080-d126 @A: 30 28 35 01 | 05
#0081-d126 @A: 06 30 28 13 | 12
#0082-d126 @A: 21 28 19 02 | 08
#0083-d126 @A: 27 12 33 29 | 01
#0084-d126 @A: 26 33 07 12 | 09
#0085-d126 @A: 21 09 12 01 | 03
#0086-d126 @A: 11 19 12 09 | 06
#0087-d126 @A: 07 12 25 09 | 11
#0088-d126 @A: 26 23 12 25 | 02
#0089-d126 @A: 02 30 15 33 | 04
#0090-d126 @A: 33 03 11 15 | 10
#0091-d126 @A: 26 15 11 35 | 07
#0092-d126 @A: 09 18 15 26 | 05
#0093-d126 @A: 15 09 19 23 | 12
#0094-d126 @A: 07 13 21 15 | 08
#0095-d126 @A: 27 02 32 35 | 01
#0096-d126 @A: 26 21 32 18 | 09
#0097-d126 @A: 07 29 32 18 | 03
#0098-d126 @A: 30 17 29 01 | 06
#0099-d126 @A: 26 23 33 02 | 11
#0100-d126 @A: 33 10 11 01 | 02
#0101-d126 @A: 06 04 02 16 | 04
#0102-d126 @A: 29 17 11 16 | 10
#0103-d126 @A: 16 11 10 25 | 07
#0104-d126 @A: 26 07 29 35 | 05
#0105-d126 @A: 27 29 06 18 | 12
#0106-d126 @A: 10 26 27 25 | 08
#0107-d126 @A: 18 01 19 27 | 01
#0108-d126 @A: 25 23 27 07 | 09
#0109-d126 @A: 26 01 02 06 | 03
#0110-d126 @A: 10 06 18 26 | 06
#0111-d126 @A: 10 06 17 25 | 11
#0112-d126 @A: 06 21 02 29 | 02
#0113-d126 @A: 06 19 21 11 | 04
#0114-d126 @A: 03 04 18 13 | 10
#0115-d126 @A: 11 01 03 29 | 07
#0116-d126 @A: 06 14 05 25 | 05
#0117-d126 @A: 35 22 05 17 | 12
#0118-d126 @A: 27 22 05 29 | 08
#0119-d126 @A: 22 06 10 05 | 01
#0120-d126 @A: 17 05 15 08 | 09
#0121-d126 @A: 05 16 08 02 | 03
#0122-d126 @A: 20 05 23 28 | 06
#0123-d126 @A: 15 05 06 01 | 11
#0124-d126 @A: 21 16 30 05 | 02
#0125-d126 @A: 05 33 27 23 | 04
#0126-d126 @A: 16 29 05 13 | 10
#0127-d126 @A: 13 05 09 04 | 07
#0128-d126 @A: 05 01 26 19 | 05
#0129-d126 @A: 05 07 26 21 | 12
#0130-d126 @A: 19 05 18 25 | 08
#0131-d126 @A: 14 31 09 22 | 01
#0132-d126 @A: 14 22 15 19 | 09
#0133-d126 @A: 22 30 14 01 | 03
#0134-d126 @A: 22 23 14 35 | 06
#0135-d126 @A: 18 31 34 14 | 11
#0136-d126 @A: 04 28 31 14 | 02
#0137-d126 @A: 27 08 14 03 | 04
#0138-d126 @A: 14 10 04 08 | 10
#0139-d126 @A: 34 23 03 14 | 07
#0140-d126 @A: 27 14 32 06 | 05
#0141-d126 @A: 26 14 23 32 | 12
#0142-d126 @A: 11 14 30 03 | 08
#0143-d126 @A: 14 33 11 18 | 01
#0144-d126 @A: 16 17 35 14 | 09
#0145-d126 @A: 07 14 27 16 | 03
#0146-d126 @A: 18 09 10 14 | 06
#0147-d126 @A: 10 01 14 07 | 11
#0148-d126 @A: 22 23 28 31 | 02
#0149-d126 @A: 22 06 33 03 | 04
#0150-d126 @A: 10 17 22 16 | 10
#0151-d126 @A: 23 19 21 22 | 07
#0152-d126 @A: 31 18 08 35 | 05
#0153-d126 @A: 03 31 08 01 | 12
#0154-d126 @A: 19 21 12 31 | 08
#0155-d126 @A: 31 15 33 10 | 01
#0156-d126 @A: 16 31 32 07 | 09
#0157-d126 @A: 33 27 31 13 | 03
#0158-d126 @A: 02 06 33 31 | 06
#0159-d126 @A: 02 13 31 01 | 11
#0160-d126 @A: 31 17 29 04 | 02
#0161-d126 @A: 24 25 34 35 | 04
#0162-d126 @A: 24 12 27 06 | 10
#0163-d126 @A: 24 29 02 30 | 07
#0164-d126 @A: 24 01 04 27 | 05
#0165-d126 @A: 24 19 25 02 | 12
#0166-d126 @A: 34 08 18 16 | 08
#0167-d126 @A: 17 08 33 20 | 01
#0168-d126 @A: 20 09 27 08 | 09
#0169-d126 @A: 08 06 01 20 | 03
#0170-d126 @A: 12 08 27 18 | 06
#0171-d126 @A: 08 06 10 12 | 11
#0172-d126 @A: 27 08 29 17 | 02
#0173-d126 @A: 08 26 13 19 | 04
#0174-d126 @A: 10 07 08 02 | 10
#0175-d126 @A: 34 06 20 13 | 07
#0176-d126 @A: 18 34 03 20 | 05
#0177-d126 @A: 16 34 15 23 | 12
#0178-d126 @A: 17 16 34 32 | 08
#0179-d126 @A: 34 07 16 10 | 01
#0180-d126 @A: 29 06 34 17 | 09
#0181-d126 @A: 26 25 34 11 | 03
#0182-d126 @A: 07 34 17 21 | 06
#0183-d126 @A: 11 03 34 02 | 11
#0184-d126 @A: 34 23 07 18 | 02
#0185-d126 @A: 25 28 20 30 | 04
#0186-d126 @A: 12 13 15 20 | 10
#0187-d126 @A: 32 04 20 15 | 07
#0188-d126 @A: 20 35 09 15 | 05
#0189-d126 @A: 27 02 33 20 | 12
#0190-d126 @A: 19 04 20 02 | 08
#0191-d126 @A: 20 29 19 23 | 01
#0192-d126 @A: 20 03 11 10 | 09
#0193-d126 @A: 28 03 12 18 | 03
#0194-d126 @A: 23 16 30 28 | 06
#0195-d126 @A: 04 35 26 28 | 11
#0196-d126 @A: 10 11 09 28 | 02
#0197-d126 @A: 29 26 21 28 | 04
#0198-d126 @A: 23 26 28 18 | 10
#0199-d126 @A: 23 04 28 01 | 07
#0200-d126 @A: 30 35 12 09 | 05
#0201-d126 @A: 30 12 11 27 | 12
#0202-d126 @A: 33 06 12 17 | 08
#0203-d126 @A: 09 23 12 33 | 01
#0204-d126 @A: 12 21 33 18 | 09
#0205-d126 @A: 27 16 21 12 | 03
#0206-d126 @A: 11 02 10 12 | 06
#0207-d126 @A: 06 09 15 33 | 11
#0208-d126 @A: 01 15 35 16 | 02
#0209-d126 @A: 16 10 15 27 | 04
#0210-d126 @A: 06 15 19 35 | 10
#0211-d126 @A: 27 18 23 15 | 07
#0212-d126 @A: 15 07 09 17 | 05
#0213-d126 @A: 15 17 29 26 | 12
#0214-d126 @A: 07 15 02 01 | 08
#0215-d126 @A: 02 17 15 23 | 01
#0216-d126 @A: 33 11 16 32 | 09
#0217-d126 @A: 32 27 33 17 | 03
#0218-d126 @A: 23 32 27 21 | 06
#0219-d126 @A: 29 32 03 06 | 11
#0220-d126 @A: 26 29 09 32 | 02
#0221-d126 @A: 13 18 32 25 | 04
#0222-d126 @A: 01 25 23 32 | 10
#0223-d126 @A: 27 21 35 30 | 07
#0224-d126 @A: 03 27 04 30 | 05
#0225-d126 @A: 07 30 09 04 | 12
#0226-d126 @A: 29 30 09 19 | 08
#0227-d126 @A: 33 19 09 21 | 01
#0228-d126 @A: 09 16 21 02 | 09
#0229-d126 @A: 16 04 23 07 | 03
#0230-d126 @A: 01 16 19 25 | 06
#0231-d126 @A: 16 01 03 25 | 11
#0232-d126 @A: 25 16 23 21 | 02
#0233-d126 @A: 02 18 23 16 | 04
#0234-d126 @A: 35 18 27 07 | 10
#0235-d126 @A: 23 35 09 25 | 07
#0236-d126 @A: 18 21 35 04 | 05
#0237-d126 @A: 04 27 06 13 | 12
#0238-d126 @A: 11 06 10 27 | 08
#0239-d126 @A: 29 04 09 27 | 01
#0240-d126 @A: 27 18 11 09 | 09
#0241-d126 @A: 27 13 26 11 | 03
#0242-d126 @A: 26 21 27 19 | 06
#0243-d126 @A: 27 26 07 02 | 11
#0244-d126 @A: 02 19 03 13 | 02
#0245-d126 @A: 25 07 03 29 | 04
#0246-d126 @A: 20 14 11 05 | 10
#0247-d126 @A: 04 22 05 08 | 07
#0248-d126 @A: 24 05 32 25 | 05
#0249-d126 @A: 27 05 13 24 | 12
#0250-d126 @A: 08 05 13 23 | 08
#0251-d126 @A: 29 05 34 28 | 01
#0252-d126 @A: 27 05 10 34 | 09
#0253-d126 @A: 12 20 05 09 | 03
#0254-d126 @A: 05 17 20 19 | 06
#0255-d126 @A: 30 13 12 05 | 11
#0256-d126 @A: 05 15 33 21 | 02
#0257-d126 @A: 15 05 13 10 | 04
#0258-d126 @A: 16 05 32 19 | 10
#0259-d126 @A: 35 04 05 30 | 07
#0260-d126 @A: 02 05 29 35 | 05
#0261-d126 @A: 23 05 19 35 | 12
#0262-d126 @A: 06 09 26 05 | 08
#0263-d126 @A: 25 29 05 07 | 01
#0264-d126 @A: 10 28 24 14 | 09
#0265-d126 @A: 14 12 24 29 | 03
#0266-d126 @A: 07 14 30 24 | 06
#0267-d126 @A: 17 32 08 14 | 11
#0268-d126 @A: 13 14 08 06 | 02
#0269-d126 @A: 30 14 34 13 | 04
#0270-d126 @A: 34 07 14 25 | 10
#0271-d126 @A: 02 33 28 14 | 07
#0272-d126 @A: 11 32 19 14 | 05
#0273-d126 @A: 14 09 17 11 | 12
#0274-d126 @A: 03 08 20 22 | 08
#0275-d126 @A: 22 08 27 02 | 01
#0276-d126 @A: 28 26 22 34 | 09
#0277-d126 @A: 34 22 06 01 | 03
#0278-d126 @A: 22 23 07 20 | 06
#0279-d126 @A: 22 18 28 32 | 11
#0280-d126 @A: 32 12 19 22 | 02
#0281-d126 @A: 22 27 11 32 | 04
#0282-d126 @A: 22 17 32 06 | 10
#0283-d126 @A: 04 35 33 22 | 07
#0284-d126 @A: 27 04 22 16 | 05
#0285-d126 @A: 27 22 06 03 | 12
#0286-d126 @A: 22 09 17 01 | 08
#0287-d126 @A: 04 29 18 22 | 01
#0288-d126 @A: 11 21 17 22 | 09
#0289-d126 @A: 22 17 23 03 | 03
#0290-d126 @A: 24 31 06 29 | 06
#0291-d126 @A: 07 34 31 15 | 11
#0292-d126 @A: 34 09 27 31 | 02
#0293-d126 @A: 23 34 31 25 | 04
#0294-d126 @A: 31 35 13 28 | 10
#0295-d126 @A: 26 31 28 10 | 07
#0296-d126 @A: 11 31 35 12 | 05
#0297-d126 @A: 31 19 17 15 | 12
#0298-d126 @A: 33 07 31 11 | 08
#0299-d126 @A: 27 19 31 35 | 01
#0300-d126 @A: 13 07 31 17 | 09
#0301-d126 @A: 11 17 31 01 | 03
#0302-d126 @A: 23 11 31 18 | 06
#0303-d126 @A: 24 07 08 34 | 11
#0304-d126 @A: 24 34 20 29 | 02
#0305-d126 @A: 34 24 33 28 | 04
#0306-d126 @A: 10 15 34 24 | 10
#0307-d126 @A: 24 29 15 28 | 07
#0308-d126 @A: 13 17 24 32 | 05
#0309-d126 @A: 35 16 10 24 | 12
#0310-d126 @A: 24 35 27 29 | 08
#0311-d126 @A: 09 35 03 24 | 01
#0312-d126 @A: 24 21 25 09 | 09
#0313-d126 @A: 26 24 01 23 | 03
#0314-d126 @A: 13 24 02 04 | 06
#0315-d126 @A: 24 19 11 10 | 11
#0316-d126 @A: 23 03 24 21 | 02
#0317-d126 @A: 27 34 01 08 | 04
#0318-d126 @A: 28 12 25 08 | 10
#0319-d126 @A: 08 04 28 06 | 07
#0320-d126 @A: 03 26 12 08 | 05
#0321-d126 @A: 19 15 08 16 | 12
#0322-d126 @A: 32 27 08 25 | 08
#0323-d126 @A: 08 04 17 01 | 01
#0324-d126 @A: 21 15 34 28 | 09
#0325-d126 @A: 28 34 25 06 | 03
#0326-d126 @A: 34 12 33 10 | 06
#0327-d126 @A: 13 02 15 34 | 11
#0328-d126 @A: 34 11 27 33 | 02
#0329-d126 @A: 34 16 21 06 | 04
#0330-d126 @A: 07 19 34 26 | 10
#0331-d126 @A: 33 20 28 09 | 07
#0332-d126 @A: 15 20 26 06 | 05
#0333-d126 @A: 16 20 01 17 | 12
#0334-d126 @A: 13 04 20 10 | 08
#0335-d126 @A: 04 20 18 23 | 01
#0336-d126 @A: 20 01 19 10 | 09
#0337-d126 @A: 30 28 19 12 | 03
#0338-d126 @A: 28 25 32 16 | 06
#0339-d126 @A: 27 29 30 28 | 11
#0340-d126 @A: 33 19 28 35 | 02
#0341-d126 @A: 27 28 26 16 | 04
#0342-d126 @A: 17 28 07 29 | 10
#0343-d126 @A: 23 28 10 29 | 07
#0344-d126 @A: 30 26 12 04 | 05
#0345-d126 @A: 03 11 35 12 | 12
#0346-d126 @A: 03 06 02 12 | 08
#0347-d126 @A: 03 29 09 12 | 01
#0348-d126 @A: 01 12 26 18 | 09
#0349-d126 @A: 19 12 13 04 | 03
#0350-d126 @A: 13 18 12 23 | 06
#0351-d126 @A: 12 04 11 21 | 11
#0352-d126 @A: 35 15 23 30 | 02
#0353-d126 @A: 15 19 03 07 | 04
#0354-d126 @A: 33 03 23 32 | 10
#0355-d126 @A: 35 32 13 11 | 07
#0356-d126 @A: 26 13 32 01 | 05
#0357-d126 @A: 26 01 03 32 | 12
#0358-d126 @A: 17 25 32 11 | 08
#0359-d126 @A: 01 10 30 27 | 01
#0360-d126 @A: 26 10 09 30 | 09
#0361-d126 @A: 13 09 07 33 | 03
#0362-d126 @A: 07 26 25 16 | 06
#0363-d126 @A: 23 26 19 16 | 11
#0364-d126 @A: 16 07 18 01 | 02
#0365-d126 @A: 01 10 02 16 | 04
#0366-d126 @A: 18 17 16 03 | 10
#0367-d126 @A: 09 06 07 35 | 07
#0368-d126 @A: 10 09 04 35 | 05
#0369-d126 @A: 09 35 18 17 | 12
#0370-d126 @A: 25 35 01 17 | 08
#0371-d126 @A: 03 01 35 07 | 01
#0372-d126 @A: 10 13 07 27 | 09
#0373-d126 @A: 13 06 09 17 | 03
#0374-d126 @A: 26 21 06 25 | 06
#0375-d126 @A: 18 11 06 13 | 11
#0376-d126 @A: 18 06 25 04 | 02
#0377-d126 @A: 07 03 04 06 | 04
#0378-d126 @A: 03 09 01 02 | 10
#0379-d126 @A: 25 03 09 02 | 07
#0380-d126 @A: 03 29 10 26 | 05
#0381-d126 @A: 19 05 14 24 | 12
#0382-d126 @A: 24 21 05 22 | 08
#0383-d126 @A: 20 05 22 34 | 01
#0384-d126 @A: 09 31 05 33 | 09
#0385-d126 @A: 02 20 24 05 | 03
#0386-d126 @A: 05 25 20 08 | 06
#0387-d126 @A: 34 05 03 32 | 11
#0388-d126 @A: 20 05 30 01 | 02
#0389-d126 @A: 18 05 27 20 | 04
#0390-d126 @A: 03 20 01 05 | 10
#0391-d126 @A: 32 28 05 35 | 07
#0392-d126 @A: 05 27 19 12 | 05
#0393-d126 @A: 23 30 05 25 | 12
#0394-d126 @A: 05 27 09 07 | 08
#0395-d126 @A: 05 25 13 26 | 01
#0396-d126 @A: 05 21 02 13 | 09
#0397-d126 @A: 22 08 21 14 | 03
#0398-d126 @A: 11 14 12 22 | 06
#0399-d126 @A: 20 14 24 09 | 11
#0400-d126 @A: 24 14 25 16 | 02
#0401-d126 @A: 14 32 20 21 | 04
#0402-d126 @A: 30 35 14 29 | 10
#0403-d126 @A: 35 02 13 14 | 07
#0404-d126 @A: 03 14 01 18 | 05
#0405-d126 @A: 17 14 18 29 | 12
#0406-d126 @A: 14 11 25 29 | 08
#0407-d126 @A: 24 33 22 31 | 01
#0408-d126 @A: 31 22 04 13 | 09
#0409-d126 @A: 22 24 09 02 | 03
#0410-d126 @A: 19 22 20 08 | 06
#0411-d126 @A: 08 22 12 17 | 11
#0412-d126 @A: 13 22 30 20 | 02
#0413-d126 @A: 12 13 33 22 | 04
#0414-d126 @A: 15 22 09 03 | 10
#0415-d126 @A: 02 22 21 35 | 07
#0416-d126 @A: 09 21 22 13 | 05
#0417-d126 @A: 26 11 22 07 | 12
#0418-d126 @A: 21 03 22 18 | 08
#0419-d126 @A: 18 22 25 23 | 01
#0420-d126 @A: 25 10 07 22 | 09
#0421-d126 @A: 28 31 25 24 | 03
#0422-d126 @A: 23 06 31 08 | 06
#0423-d126 @A: 31 35 26 34 | 11
#0424-d126 @A: 32 31 20 25 | 02
#0425-d126 @A: 28 12 31 09 | 04
#0426-d126 @A: 18 31 27 28 | 10
#0427-d126 @A: 28 03 31 10 | 07
#0428-d126 @A: 12 31 25 30 | 05
#0429-d126 @A: 31 12 27 01 | 12
#0430-d126 @A: 31 15 25 06 | 08
#0431-d126 @A: 31 32 06 19 | 01
#0432-d126 @A: 31 03 07 27 | 09
#0433-d126 @A: 13 11 31 10 | 03
#0434-d126 @A: 19 10 31 04 | 06
#0435-d126 @A: 01 21 23 31 | 11
#0436-d126 @A: 29 10 02 31 | 02
#0437-d126 @A: 24 27 08 26 | 04
#0438-d126 @A: 24 01 32 34 | 10
#0439-d126 @A: 19 24 27 34 | 07
#0440-d126 @A: 29 03 24 34 | 05
#0441-d126 @A: 24 15 18 20 | 12
#0442-d126 @A: 33 11 20 24 | 08
#0443-d126 @A: 06 24 28 18 | 01
#0444-d126 @A: 33 24 03 12 | 09
#0445-d126 @A: 30 33 10 24 | 03
#0446-d126 @A: 33 06 24 26 | 06
#0447-d126 @A: 29 16 24 09 | 11
#0448-d126 @A: 16 26 24 21 | 02
#0449-d126 @A: 09 10 13 24 | 04
#0450-d126 @A: 02 24 17 26 | 10
#0451-d126 @A: 24 11 07 04 | 07
#0452-d126 @A: 10 17 29 24 | 05
#0453-d126 @A: 34 32 08 15 | 12
#0454-d126 @A: 20 16 04 08 | 08
#0455-d126 @A: 28 08 09 30 | 01
#0456-d126 @A: 23 08 33 28 | 09
#0457-d126 @A: 26 02 08 28 | 03
#0458-d126 @A: 19 08 32 04 | 06
#0459-d126 @A: 01 02 08 32 | 11
#0460-d126 @A: 08 11 35 16 | 02
#0461-d126 @A: 21 08 03 09 | 04
#0462-d126 @A: 09 18 07 08 | 10
#0463-d126 @A: 08 10 11 17 | 07
#0464-d126 @A: 15 25 34 20 | 05
#0465-d126 @A: 17 30 20 34 | 12
#0466-d126 @A: 21 20 27 34 | 08
#0467-d126 @A: 30 03 12 34 | 01
#0468-d126 @A: 26 33 15 34 | 09
#0469-d126 @A: 21 34 32 33 | 03
#0470-d126 @A: 34 35 32 29 | 06
#0471-d126 @A: 33 34 16 13 | 11
#0472-d126 @A: 23 33 34 04 | 02
#0473-d126 @A: 23 35 01 34 | 04
#0474-d126 @A: 09 21 34 18 | 10
#0475-d126 @A: 34 01 13 07 | 07
#0476-d126 @A: 10 18 25 34 | 05
#0477-d126 @A: 10 20 35 28 | 12
#0478-d126 @A: 20 15 07 30 | 08
#0479-d126 @A: 29 20 32 06 | 01
#0480-d126 @A: 23 20 30 09 | 09
#0481-d126 @A: 25 20 35 16 | 03
#0482-d126 @A: 04 20 35 27 | 06
#0483-d126 @A: 28 32 01 06 | 11
#0484-d126 @A: 28 35 16 02 | 02
#0485-d126 @A: 28 16 06 10 | 04
#0486-d126 @A: 23 06 21 28 | 10
#0487-d126 @A: 28 09 13 02 | 07
#0488-d126 @A: 28 09 23 17 | 05
#0489-d126 @A: 25 28 17 26 | 12
#0490-d126 @A: 02 28 18 11 | 08
#0491-d126 @A: 32 04 16 12 | 01
#0492-d126 @A: 16 12 07 29 | 09
#0493-d126 @A: 11 06 12 25 | 03
#0494-d126 @A: 10 13 17 12 | 06
#0495-d126 @A: 17 01 12 07 | 11
#0496-d126 @A: 18 25 12 29 | 02
#0497-d126 @A: 35 15 29 33 | 04
#0498-d126 @A: 15 33 01 27 | 10
#0499-d126 @A: 18 07 06 15 | 07
#0500-d126 @A: 26 21 15 23 | 05
#0501-d126 @A: 15 25 03 26 | 12
#0502-d126 @A: 23 25 13 15 | 08
#0503-d126 @A: 32 16 10 29 | 01
#0504-d126 @A: 35 10 32 25 | 09
#0505-d126 @A: 32 21 04 01 | 03
#0506-d126 @A: 18 11 32 04 | 06
#0507-d126 @A: 23 29 32 17 | 11
#0508-d126 @A: 19 17 32 18 | 02
#0509-d126 @A: 25 07 19 32 | 04
#0510-d126 @A: 33 30 06 21 | 10
#0511-d126 @A: 17 33 30 04 | 07
#0512-d126 @A: 30 25 06 35 | 05
#0513-d126 @A: 30 25 19 26 | 12
#0514-d126 @A: 23 01 30 18 | 08
#0515-d126 @A: 18 17 11 30 | 01
#0516-d126 @A: 21 30 23 10 | 09
#0517-d126 @A: 33 01 06 35 | 03
#0518-d126 @A: 33 09 26 01 | 06
#0519-d126 @A: 33 29 10 09 | 11
#0520-d126 @A: 25 33 09 18 | 02
#0521-d126 @A: 11 02 27 16 | 04
#0522-d126 @A: 18 16 29 19 | 10
#0523-d126 @A: 27 17 01 26 | 07
#0524-d126 @A: 17 23 19 27 | 05
#0525-d126 @A: 04 06 07 21 | 12
#0526-d126 @A: 03 19 26 18 | 08
#0527-d126 @A: 23 03 26 02 | 01
#0528-d126 @A: 11 21 04 03 | 09
#0529-d126 @A: 09 14 35 05 | 03
#0530-d126 @A: 14 03 26 05 | 06
#0531-d126 @A: 05 22 30 15 | 11
#0532-d126 @A: 22 33 05 25 | 02
#0533-d126 @A: 07 05 31 12 | 04
#0534-d126 @A: 06 05 24 23 | 10
#0535-d126 @A: 07 30 05 34 | 07
#0536-d126 @A: 05 01 02 34 | 05
#0537-d126 @A: 28 10 05 25 | 12
#0538-d126 @A: 02 33 05 12 | 08
#0539-d126 @A: 27 05 04 15 | 01
#0540-d126 @A: 21 06 32 05 | 09
#0541-d126 @A: 25 05 17 16 | 03
#0542-d126 @A: 27 35 11 05 | 06
#0543-d126 @A: 09 29 05 17 | 11
#0544-d126 @A: 23 26 29 05 | 02
#0545-d126 @A: 17 05 01 13 | 04
#0546-d126 @A: 22 06 02 14 | 10
#0547-d126 @A: 21 06 14 24 | 07
#0548-d126 @A: 14 34 11 06 | 05
#0549-d126 @A: 28 20 29 14 | 12
#0550-d126 @A: 14 06 17 20 | 08
#0551-d126 @A: 15 25 14 12 | 01
#0552-d126 @A: 06 19 12 14 | 09
#0553-d126 @A: 15 04 21 14 | 03
#0554-d126 @A: 14 35 19 25 | 06
#0555-d126 @A: 14 19 10 26 | 11
#0556-d126 @A: 14 04 29 01 | 02
#0557-d126 @A: 31 22 30 10 | 04
#0558-d126 @A: 24 34 22 18 | 10
#0559-d126 @A: 11 29 22 24 | 07
#0560-d126 @A: 35 08 29 22 | 05
#0561-d126 @A: 09 08 06 22 | 12
#0562-d126 @A: 12 34 22 21 | 08
#0563-d126 @A: 32 22 34 04 | 01
#0564-d126 @A: 02 28 22 20 | 09
#0565-d126 @A: 25 22 20 12 | 03
#0566-d126 @A: 21 22 27 15 | 06
#0567-d126 @A: 30 22 27 26 | 11
#0568-d126 @A: 11 33 09 22 | 02
#0569-d126 @A: 16 22 18 35 | 04
#0570-d126 @A: 16 06 22 19 | 10
#0571-d126 @A: 26 23 13 22 | 07
#0572-d126 @A: 13 22 07 18 | 05
#0573-d126 @A: 18 22 10 21 | 12
#0574-d126 @A: 19 02 22 10 | 08
#0575-d126 @A: 34 08 31 04 | 01
#0576-d126 @A: 07 28 08 31 | 09
#0577-d126 @A: 29 16 31 34 | 03
#0578-d126 @A: 17 31 20 09 | 06
#0579-d126 @A: 17 31 32 28 | 11
#0580-d126 @A: 12 15 31 29 | 02
#0581-d126 @A: 32 15 11 31 | 04
#0582-d126 @A: 27 31 26 15 | 10
#0583-d126 @A: 33 31 03 25 | 07
#0584-d126 @A: 27 02 04 31 | 05
#0585-d126 @A: 07 31 04 18 | 12
#0586-d126 @A: 23 03 31 29 | 08
#0587-d126 @A: 03 18 02 31 | 01
#0588-d126 @A: 31 23 07 02 | 09
#0589-d126 @A: 21 24 11 34 | 03
#0590-d126 @A: 32 20 24 26 | 06
#0591-d126 @A: 19 30 15 24 | 11
#0592-d126 @A: 27 32 24 07 | 02
#0593-d126 @A: 32 29 19 24 | 04
#0594-d126 @A: 13 35 21 24 | 10
#0595-d126 @A: 34 28 08 17 | 07
#0596-d126 @A: 20 18 08 32 | 05
#0597-d126 @A: 08 28 32 21 | 12
#0598-d126 @A: 10 08 27 28 | 08
#0599-d126 @A: 32 12 29 08 | 01
#0600-d126 @A: 23 32 08 35 | 09
#0601-d126 @A: 08 35 19 30 | 03
#0602-d126 @A: 03 08 33 35 | 06
#0603-d126 @A: 04 27 08 33 | 11
#0604-d126 @A: 21 06 17 08 | 02
#0605-d126 @A: 07 01 25 08 | 04
#0606-d126 @A: 08 01 23 19 | 10
#0607-d126 @A: 02 19 17 08 | 07
#0608-d126 @A: 34 28 18 30 | 05
#0609-d126 @A: 27 02 34 30 | 12
#0610-d126 @A: 18 35 34 06 | 08
#0611-d126 @A: 19 35 34 21 | 01
#0612-d126 @A: 18 17 26 34 | 09
#0613-d126 @A: 04 13 18 34 | 03
#0614-d126 @A: 21 13 34 03 | 06
#0615-d126 @A: 11 01 18 34 | 11
#0616-d126 @A: 06 28 19 20 | 02
#0617-d126 @A: 30 12 33 20 | 04
#0618-d126 @A: 21 15 16 20 | 10
#0619-d126 @A: 30 20 27 03 | 07
#0620-d126 @A: 07 33 35 20 | 05
#0621-d126 @A: 19 20 33 03 | 12
#0622-d126 @A: 20 21 10 09 | 08
#0623-d126 @A: 17 04 20 26 | 01
#0624-d126 @A: 01 20 11 04 | 09
#0625-d126 @A: 19 21 20 25 | 03
#0626-d126 @A: 32 12 28 02 | 06
#0627-d126 @A: 13 16 12 28 | 11
#0628-d126 @A: 03 28 35 32 | 02
#0629-d126 @A: 17 03 30 28 | 04
#0630-d126 @A: 25 28 33 27 | 10
#0631-d126 @A: 13 26 28 03 | 07
#0632-d126 @A: 12 30 15 18 | 05
#0633-d126 @A: 12 15 03 27 | 12
#0634-d126 @A: 12 30 32 21 | 08
#0635-d126 @A: 32 12 27 10 | 01
#0636-d126 @A: 23 35 27 12 | 09
#0637-d126 @A: 13 26 12 09 | 03
#0638-d126 @A: 21 10 12 26 | 06
#0639-d126 @A: 12 11 17 23 | 11
#0640-d126 @A: 03 10 12 25 | 02
#0641-d126 @A: 23 12 03 07 | 04
#0642-d126 @A: 30 26 15 32 | 10
#0643-d126 @A: 02 15 16 32 | 07
#0644-d126 @A: 18 35 15 32 | 05
#0645-d126 @A: 32 13 15 27 | 12
#0646-d126 @A: 25 15 09 32 | 08
#0647-d126 @A: 02 18 04 15 | 01
#0648-d126 @A: 23 07 29 15 | 09
#0649-d126 @A: 03 25 32 30 | 03
#0650-d126 @A: 32 23 04 13 | 06
#0651-d126 @A: 13 32 29 02 | 11
#0652-d126 @A: 17 10 04 32 | 02
#0653-d126 @A: 10 03 07 32 | 04
#0654-d126 @A: 16 07 35 30 | 10
#0655-d126 @A: 16 30 06 11 | 07
#0656-d126 @A: 30 01 26 07 | 05
#0657-d126 @A: 04 30 11 13 | 12
#0658-d126 @A: 17 33 01 23 | 08
#0659-d126 @A: 25 33 11 19 | 01
#0660-d126 @A: 33 10 23 25 | 09
#0661-d126 @A: 19 23 33 18 | 03
#0662-d126 @A: 21 29 16 01 | 06
#0663-d126 @A: 01 09 35 29 | 11
#0664-d126 @A: 35 09 02 11 | 02
#0665-d126 @A: 01 02 35 18 | 04
#0666-d126 @A: 27 23 26 06 | 10
#0667-d126 @A: 27 13 17 02 | 07
#0668-d126 @A: 11 27 01 23 | 05
#0669-d126 @A: 01 03 19 27 | 12
#0670-d126 @A: 03 23 18 27 | 08
#0671-d126 @A: 06 09 19 18 | 01
#0672-d126 @A: 02 06 09 10 | 09
#0673-d126 @A: 13 07 26 06 | 03
#0674-d126 @A: 10 13 21 06 | 06
#0675-d126 @A: 17 03 19 09 | 11
#0676-d126 @A: 18 05 14 13 | 02
#0677-d126 @A: 03 02 22 05 | 04
#0678-d126 @A: 11 05 31 16 | 10
#0679-d126 @A: 31 27 05 25 | 07
#0680-d126 @A: 05 29 24 08 | 05
#0681-d126 @A: 10 18 05 08 | 12
#0682-d126 @A: 20 32 05 07 | 08
#0683-d126 @A: 10 20 05 16 | 01
#0684-d126 @A: 21 35 20 05 | 09
#0685-d126 @A: 05 28 06 27 | 03
#0686-d126 @A: 23 04 12 05 | 06
#0687-d126 @A: 06 15 05 03 | 11
#0688-d126 @A: 32 05 18 30 | 02
#0689-d126 @A: 35 18 05 33 | 04
#0690-d126 @A: 05 27 16 01 | 10
#0691-d126 @A: 18 23 09 05 | 07
#0692-d126 @A: 02 05 07 11 | 05
#0693-d126 @A: 03 18 05 07 | 12
#0694-d126 @A: 14 22 13 28 | 08
#0695-d126 @A: 14 25 03 22 | 01
#0696-d126 @A: 14 24 15 01 | 09
#0697-d126 @A: 24 32 04 14 | 03
#0698-d126 @A: 07 20 14 08 | 06
#0699-d126 @A: 14 25 08 02 | 11
#0700-d126 @A: 35 12 33 14 | 02
#0701-d126 @A: 27 14 15 29 | 04
#0702-d126 @A: 14 10 33 16 | 10
#0703-d126 @A: 04 11 35 14 | 07
#0704-d126 @A: 09 27 26 14 | 05
#0705-d126 @A: 13 10 14 29 | 12
#0706-d126 @A: 14 10 25 21 | 08
#0707-d126 @A: 25 22 31 08 | 01
#0708-d126 @A: 11 20 22 31 | 09
#0709-d126 @A: 35 19 22 24 | 03
#0710-d126 @A: 24 22 06 04 | 06
#0711-d126 @A: 22 18 08 01 | 11
#0712-d126 @A: 34 29 22 33 | 02
#0713-d126 @A: 10 22 20 15 | 04
#0714-d126 @A: 06 21 20 22 | 10
#0715-d126 @A: 18 22 20 26 | 07
#0716-d126 @A: 12 09 22 27 | 05
#0717-d126 @A: 23 12 10 22 | 12
#0718-d126 @A: 22 32 29 15 | 08
#0719-d126 @A: 22 25 15 16 | 01
#0720-d126 @A: 31 01 30 24 | 09
#0721-d126 @A: 32 26 08 31 | 03
#0722-d126 @A: 27 31 11 08 | 06
#0723-d126 @A: 31 34 20 28 | 11
#0724-d126 @A: 34 35 31 03 | 02
#0725-d126 @A: 31 16 01 28 | 04
#0726-d126 @A: 31 23 32 12 | 10
#0727-d126 @A: 32 31 30 13 | 07
#0728-d126 @A: 23 31 35 16 | 05
#0729-d126 @A: 24 08 03 32 | 12
#0730-d126 @A: 09 24 08 35 | 08
#0731-d126 @A: 34 23 24 02 | 01
#0732-d126 @A: 16 24 30 20 | 09
#0733-d126 @A: 20 35 17 24 | 03
#0734-d126 @A: 19 24 03 28 | 06
#0735-d126 @A: 01 12 24 25 | 11
#0736-d126 @A: 09 24 26 19 | 02
#0737-d126 @A: 23 24 11 09 | 04
#0738-d126 @A: 19 01 24 13 | 10
#0739-d126 @A: 02 24 18 07 | 07
#0740-d126 @A: 08 34 02 06 | 05
#0741-d126 @A: 35 28 15 08 | 12
#0742-d126 @A: 11 32 06 08 | 08
#0743-d126 @A: 08 01 30 33 | 01
#0744-d126 @A: 27 13 30 08 | 09
#0745-d126 @A: 26 10 08 16 | 03
#0746-d126 @A: 04 35 08 25 | 06
#0747-d126 @A: 17 08 07 35 | 11
#0748-d126 @A: 04 02 08 21 | 02
#0749-d126 @A: 29 08 19 25 | 04
#0750-d126 @A: 29 03 18 08 | 10
#0751-d126 @A: 20 11 34 35 | 07
#0752-d126 @A: 16 34 09 28 | 05
#0753-d126 @A: 19 34 01 28 | 12
#0754-d126 @A: 02 28 10 34 | 08
#0755-d126 @A: 11 15 12 34 | 01
#0756-d126 @A: 29 30 12 34 | 09
#0757-d126 @A: 02 34 33 35 | 03
#0758-d126 @A: 04 35 34 16 | 06
#0759-d126 @A: 25 03 27 34 | 11
#0760-d126 @A: 19 10 34 09 | 02
#0761-d126 @A: 13 34 25 21 | 04
#0762-d126 @A: 29 23 34 21 | 10
#0763-d126 @A: 15 17 20 28 | 07
#0764-d126 @A: 20 23 16 32 | 05
#0765-d126 @A: 20 11 10 30 | 12
#0766-d126 @A: 20 01 33 29 | 08
#0767-d126 @A: 03 35 20 26 | 01
#0768-d126 @A: 20 25 09 04 | 09
#0769-d126 @A: 02 20 01 23 | 03
#0770-d126 @A: 17 11 20 07 | 06
#0771-d126 @A: 29 20 03 02 | 11
#0772-d126 @A: 12 28 07 10 | 02
#0773-d126 @A: 28 16 07 15 | 04
#0774-d126 @A: 28 32 27 19 | 10
#0775-d126 @A: 32 07 28 13 | 07
#0776-d126 @A: 06 33 29 28 | 05
#0777-d126 @A: 03 06 25 28 | 12
#0778-d126 @A: 12 32 07 15 | 08
#0779-d126 @A: 02 15 27 12 | 01
#0780-d126 @A: 12 17 16 26 | 09
#0781-d126 @A: 18 17 12 04 | 03
#0782-d126 @A: 06 04 30 15 | 06
#0783-d126 @A: 04 33 16 15 | 11
#0784-d126 @A: 03 15 35 16 | 02
#0785-d126 @A: 01 15 04 09 | 04
#0786-d126 @A: 09 29 15 21 | 10
#0787-d126 @A: 19 18 13 15 | 07
#0788-d126 @A: 01 19 21 15 | 05
#0789-d126 @A: 11 18 15 10 | 12
#0790-d126 @A: 03 15 21 10 | 08
#0791-d126 @A: 27 04 32 30 | 01
#0792-d126 @A: 32 01 09 11 | 09
#0793-d126 @A: 17 32 09 21 | 03
#0794-d126 @A: 18 01 32 10 | 06
#0795-d126 @A: 21 25 02 32 | 11
#0796-d126 @A: 33 18 27 30 | 02
#0797-d126 @A: 16 19 30 27 | 04
#0798-d126 @A: 19 30 10 06 | 10
#0799-d126 @A: 11 26 30 23 | 07
#0800-d126 @A: 13 19 02 30 | 05
#0801-d126 @A: 25 30 04 01 | 12
#0802-d126 @A: 30 11 19 01 | 08
#0803-d126 @A: 29 30 07 11 | 01
#0804-d126 @A: 19 30 18 07 | 09
#0805-d126 @A: 26 18 33 16 | 03
#0806-d126 @A: 29 16 23 33 | 06
#0807-d126 @A: 33 26 27 35 | 11
#0808-d126 @A: 10 33 17 03 | 02
#0809-d126 @A: 29 06 16 35 | 04
#0810-d126 @A: 03 13 16 23 | 10
#0811-d126 @A: 35 26 21 09 | 07
#0812-d126 @A: 13 26 18 35 | 05
#0813-d126 @A: 01 35 11 21 | 12
#0814-d126 @A: 29 17 35 21 | 08
#0815-d126 @A: 29 27 11 19 | 01
#0816-d126 @A: 01 06 13 29 | 09
#0817-d126 @A: 18 21 06 01 | 03
#0818-d126 @A: 29 23 06 11 | 06
#0819-d126 @A: 29 19 06 07 | 11
#0820-d126 @A: 11 03 09 13 | 02
#0821-d126 @A: 23 03 09 04 | 04
#0822-d126 @A: 03 04 18 10 | 10
#0823-d126 @A: 34 05 14 26 | 07
#0824-d126 @A: 05 02 14 27 | 05
#0825-d126 @A: 05 14 17 04 | 12
#0826-d126 @A: 01 31 08 05 | 08
#0827-d126 @A: 30 19 05 31 | 01
#0828-d126 @A: 03 05 21 31 | 09
#0829-d126 @A: 05 12 24 10 | 03
#0830-d126 @A: 15 05 26 24 | 06
#0831-d126 @A: 19 08 05 33 | 11
#0832-d126 @A: 05 34 13 11 | 02
#0833-d126 @A: 05 21 28 09 | 04
#0834-d126 @A: 05 07 35 15 | 10
#0835-d126 @A: 25 05 15 02 | 07
#0836-d126 @A: 21 01 25 05 | 05
#0837-d126 @A: 03 29 05 17 | 12
#0838-d126 @A: 18 07 17 05 | 08
#0839-d126 @A: 24 14 31 02 | 01
#0840-d126 @A: 35 20 14 31 | 09
#0841-d126 @A: 31 14 26 12 | 03
#0842-d126 @A: 25 17 31 14 | 06
#0843-d126 @A: 27 14 19 08 | 11
#0844-d126 @A: 20 01 14 18 | 02
#0845-d126 @A: 01 28 14 12 | 04
#0846-d126 @A: 07 19 14 28 | 10
#0847-d126 @A: 30 15 14 11 | 07
#0848-d126 @A: 17 10 15 14 | 05
#0849-d126 @A: 33 32 29 14 | 12
#0850-d126 @A: 27 14 21 33 | 08
#0851-d126 @A: 09 02 14 04 | 01
#0852-d126 @A: 21 09 07 14 | 09
#0853-d126 @A: 13 17 14 19 | 03
#0854-d126 @A: 22 31 15 02 | 06
#0855-d126 @A: 31 06 27 22 | 11
#0856-d126 @A: 22 15 24 07 | 02
#0857-d126 @A: 13 22 03 24 | 04
#0858-d126 @A: 32 30 08 22 | 10
#0859-d126 @A: 30 22 34 25 | 07
#0860-d126 @A: 03 22 26 34 | 05
#0861-d126 @A: 15 18 33 22 | 12
#0862-d126 @A: 22 32 26 16 | 08
#0863-d126 @A: 11 22 35 30 | 01
#0864-d126 @A: 02 25 17 22 | 09
#0865-d126 @A: 29 25 22 21 | 03
#0866-d126 @A: 18 19 11 22 | 06
#0867-d126 @A: 31 32 24 10 | 11
#0868-d126 @A: 04 31 24 16 | 02
#0869-d126 @A: 24 07 31 35 | 04
#0870-d126 @A: 08 19 09 31 | 10
#0871-d126 @A: 34 31 02 32 | 07
#0872-d126 @A: 13 12 31 06 | 05
#0873-d126 @A: 32 35 31 09 | 12
#0874-d126 @A: 06 30 31 09 | 08
#0875-d126 @A: 35 17 33 31 | 01
#0876-d126 @A: 16 26 31 06 | 09
#0877-d126 @A: 21 06 31 35 | 03
#0878-d126 @A: 31 01 09 18 | 06
#0879-d126 @A: 31 07 21 25 | 11
#0880-d126 @A: 02 33 08 24 | 02
#0881-d126 @A: 34 09 24 06 | 04
#0882-d126 @A: 23 20 13 24 | 10
#0883-d126 @A: 32 09 24 28 | 07
#0884-d126 @A: 24 19 28 16 | 05
#0885-d126 @A: 25 24 15 33 | 12
#0886-d126 @A: 33 24 07 23 | 08
#0887-d126 @A: 27 16 18 24 | 01
#0888-d126 @A: 24 01 09 07 | 09
#0889-d126 @A: 29 24 13 07 | 03
#0890-d126 @A: 01 11 02 24 | 06
#0891-d126 @A: 24 19 21 18 | 11
#0892-d126 @A: 25 03 24 10 | 02
#0893-d126 @A: 12 20 08 23 | 04
#0894-d126 @A: 28 08 16 29 | 10
#0895-d126 @A: 08 02 28 03 | 07
#0896-d126 @A: 30 07 12 08 | 05
#0897-d126 @A: 08 15 13 33 | 12
#0898-d126 @A: 04 08 15 03 | 08
#0899-d126 @A: 35 08 10 33 | 01
#0900-d126 @A: 01 08 16 09 | 09
#0901-d126 @A: 09 13 08 29 | 03
#0902-d126 @A: 26 01 21 08 | 06
#0903-d126 @A: 29 26 18 08 | 11
#0904-d126 @A: 23 07 08 26 | 02
#0905-d126 @A: 29 08 23 04 | 04
#0906-d126 @A: 08 23 18 17 | 10
#0907-d126 @A: 25 34 12 32 | 07
#0908-d126 @A: 15 18 34 29 | 05
#0909-d126 @A: 34 35 10 30 | 12
#0910-d126 @A: 03 16 34 06 | 08
#0911-d126 @A: 04 34 26 01 | 01
#0912-d126 @A: 29 04 34 02 | 09
#0913-d126 @A: 35 18 30 20 | 03
#0914-d126 @A: 06 20 10 33 | 06
#0915-d126 @A: 21 20 04 33 | 11
#0916-d126 @A: 20 23 06 35 | 02
#0917-d126 @A: 17 20 25 23 | 04
#0918-d126 @A: 18 20 02 21 | 10
#0919-d126 @A: 10 04 15 28 | 07
#0920-d126 @A: 30 28 32 10 | 05
#0921-d126 @A: 07 09 28 26 | 12
#0922-d126 @A: 09 28 04 19 | 08
#0923-d126 @A: 07 04 25 28 | 01
#0924-d126 @A: 10 19 28 17 | 09
#0925-d126 @A: 28 25 21 11 | 03
#0926-d126 @A: 23 11 28 07 | 06
#0927-d126 @A: 25 28 23 02 | 11
#0928-d126 @A: 15 12 17 35 | 02
#0929-d126 @A: 12 10 30 16 | 04
#0930-d126 @A: 30 12 02 17 | 10
#0931-d126 @A: 35 16 19 12 | 07
#0932-d126 @A: 21 01 12 03 | 05
#0933-d126 @A: 15 03 30 29 | 12
#0934-d126 @A: 15 11 17 33 | 08
#0935-d126 @A: 15 04 25 17 | 01
#0936-d126 @A: 25 15 18 01 | 09
#0937-d126 @A: 15 19 07 10 | 03
#0938-d126 @A: 21 32 16 35 | 06
#0939-d126 @A: 09 03 07 32 | 11
#0940-d126 @A: 32 26 10 11 | 02
#0941-d126 @A: 26 32 19 02 | 04
#0942-d126 @A: 09 13 16 30 | 10
#0943-d126 @A: 29 30 21 04 | 07
#0944-d126 @A: 33 16 03 29 | 05
#0945-d126 @A: 29 25 33 17 | 12
#0946-d126 @A: 16 27 35 13 | 08
#0947-d126 @A: 16 09 19 17 | 01
#0948-d126 @A: 16 10 23 09 | 09
#0949-d126 @A: 25 13 16 02 | 03
#0950-d126 @A: 16 02 17 07 | 06
#0951-d126 @A: 26 01 35 10 | 11
#0952-d126 @A: 13 23 35 10 | 02
#0953-d126 @A: 03 35 29 19 | 04
#0954-d126 @A: 25 03 35 18 | 10
#0955-d126 @A: 19 10 18 35 | 07
#0956-d126 @A: 03 26 09 27 | 05
#0957-d126 @A: 02 23 27 09 | 12
#0958-d126 @A: 29 23 27 13 | 08
#0959-d126 @A: 07 04 19 27 | 01
#0960-d126 @A: 10 18 27 02 | 09
#0961-d126 @A: 03 10 02 27 | 03
#0962-d126 @A: 01 06 09 23 | 06
#0963-d126 @A: 11 17 06 26 | 11
#0964-d126 @A: 03 21 06 26 | 02
#0965-d126 @A: 06 23 02 13 | 04
#0966-d126 @A: 06 19 17 01 | 10
#0967-d126 @A: 22 05 19 28 | 07
#0968-d126 @A: 24 31 05 18 | 05
#0969-d126 @A: 35 05 31 10 | 12
#0970-d126 @A: 32 05 08 09 | 08
#0971-d126 @A: 23 34 05 32 | 01
#0972-d126 @A: 18 05 15 28 | 09
#0973-d126 @A: 28 13 33 05 | 03
#0974-d126 @A: 28 11 05 01 | 06
#0975-d126 @A: 05 12 16 15 | 11
#0976-d126 @A: 05 06 12 29 | 02
#0977-d126 @A: 05 11 15 19 | 04
#0978-d126 @A: 06 30 05 02 | 10
#0979-d126 @A: 16 05 27 03 | 07
#0980-d126 @A: 13 03 10 05 | 05
#0981-d126 @A: 01 05 18 04 | 12
#0982-d126 @A: 05 10 11 21 | 08
#0983-d126 @A: 27 22 18 14 | 01
#0984-d126 @A: 31 30 08 14 | 09
#0985-d126 @A: 24 23 14 08 | 03
#0986-d126 @A: 14 27 34 04 | 06
#0987-d126 @A: 03 09 14 34 | 11
#0988-d126 @A: 14 02 20 15 | 02
#0989-d126 @A: 20 32 14 03 | 04
#0990-d126 @A: 20 16 26 14 | 10
#0991-d126 @A: 14 21 28 35 | 07
#0992-d126 @A: 14 28 25 18 | 05
#0993-d126 @A: 12 18 14 02 | 12
#0994-d126 @A: 14 12 03 19 | 08
#0995-d126 @A: 26 14 30 33 | 01
#0996-d126 @A: 21 16 14 13 | 09
#0997-d126 @A: 27 14 35 01 | 03
#0998-d126 @A: 26 14 04 13 | 06
#0999-d126 @A: 11 26 02 14 | 11
#1000-d126 @A: 18 14 07 26 | 02
#1001-d126 @A: 18 19 04 14 | 04
#1002-d126 @A: 10 23 11 14 | 10
#1003-d126 @A: 17 24 28 22 | 07
#1004-d126 @A: 30 22 24 12 | 05
#1005-d126 @A: 22 24 25 27 | 12
#1006-d126 @A: 33 26 22 08 | 08
#1007-d126 @A: 34 02 07 22 | 01
#1008-d126 @A: 22 32 20 35 | 09
#1009-d126 @A: 17 20 27 22 | 03
#1010-d126 @A: 20 29 22 09 | 06
#1011-d126 @A: 30 04 28 22 | 11
#1012-d126 @A: 06 22 11 15 | 02
#1013-d126 @A: 03 30 22 01 | 04
#1014-d126 @A: 22 21 30 07 | 10
#1015-d126 @A: 22 16 23 01 | 07
#1016-d126 @A: 10 26 29 22 | 05
#1017-d126 @A: 24 21 31 27 | 12
#1018-d126 @A: 23 24 31 19 | 08
#1019-d126 @A: 31 16 08 13 | 01
#1020-d126 @A: 31 20 23 27 | 09
#1021-d126 @A: 28 11 31 06 | 03
#1022-d126 @A: 31 33 04 12 | 06
#1023-d126 @A: 33 18 32 31 | 11
#1024-d126 @A: 31 32 04 03 | 02
#1025-d126 @A: 03 09 30 31 | 04
#1026-d126 @A: 33 31 26 25 | 10
#1027-d126 @A: 23 09 13 31 | 07
#1028-d126 @A: 11 04 31 25 | 05
#1029-d126 @A: 20 10 27 24 | 12
#1030-d126 @A: 25 24 20 06 | 08
#1031-d126 @A: 27 02 24 28 | 01
#1032-d126 @A: 06 02 32 24 | 09
#1033-d126 @A: 24 06 17 30 | 03
#1034-d126 @A: 03 06 01 24 | 06
#1035-d126 @A: 11 26 03 24 | 11
#1036-d126 @A: 24 10 25 04 | 02
#1037-d126 @A: 30 21 34 08 | 04
#1038-d126 @A: 25 33 08 34 | 10
#1039-d126 @A: 08 20 29 30 | 07
#1040-d126 @A: 19 08 18 28 | 05
#1041-d126 @A: 15 01 12 08 | 12
#1042-d126 @A: 02 23 30 08 | 08
#1043-d126 @A: 33 08 18 06 | 01
#1044-d126 @A: 16 08 27 23 | 09
#1045-d126 @A: 03 08 06 17 | 03
#1046-d126 @A: 21 29 07 08 | 06
#1047-d126 @A: 03 23 08 25 | 11
#1048-d126 @A: 06 34 15 27 | 02
#1049-d126 @A: 32 27 18 34 | 04
#1050-d126 @A: 34 23 06 30 | 10
#1051-d126 @A: 26 10 13 34 | 07
#1052-d126 @A: 01 25 34 29 | 05
#1053-d126 @A: 03 10 34 19 | 12
#1054-d126 @A: 32 28 11 20 | 08
#1055-d126 @A: 16 12 11 20 | 01
#1056-d126 @A: 19 18 20 12 | 09
#1057-d126 @A: 09 20 32 19 | 03
#1058-d126 @A: 20 27 06 30 | 06
#1059-d126 @A: 09 20 16 06 | 11
#1060-d126 @A: 03 21 16 20 | 02
#1061-d126 @A: 35 20 13 29 | 04
#1062-d126 @A: 03 07 17 20 | 10
#1063-d126 @A: 07 29 10 20 | 07
#1064-d126 @A: 27 12 28 04 | 05
#1065-d126 @A: 01 15 13 28 | 12
#1066-d126 @A: 15 25 28 19 | 08
#1067-d126 @A: 16 33 28 17 | 01
#1068-d126 @A: 28 07 01 33 | 09
#1069-d126 @A: 28 29 11 35 | 03
#1070-d126 @A: 25 28 01 09 | 06
#1071-d126 @A: 29 18 09 28 | 11
#1072-d126 @A: 19 23 28 13 | 02
#1073-d126 @A: 02 28 04 17 | 04
#1074-d126 @A: 29 01 02 28 | 10
#1075-d126 @A: 16 06 12 23 | 07
#1076-d126 @A: 13 12 25 27 | 05
#1077-d126 @A: 13 01 12 11 | 12
#1078-d126 @A: 17 25 21 12 | 08
#1079-d126 @A: 19 23 12 07 | 01
#1080-d126 @A: 30 13 17 15 | 09
#1081-d126 @A: 21 15 25 30 | 03
#1082-d126 @A: 26 02 10 15 | 06
#1083-d126 @A: 29 25 15 10 | 11
#1084-d126 @A: 07 15 25 11 | 02
#1085-d126 @A: 29 32 25 30 | 04
#1086-d126 @A: 32 25 06 33 | 10
#1087-d126 @A: 18 32 23 06 | 07
#1088-d126 @A: 23 07 09 32 | 05
#1089-d126 @A: 03 17 32 21 | 12
#1090-d126 @A: 11 32 18 03 | 08
#1091-d126 @A: 23 32 10 19 | 01
#1092-d126 @A: 03 30 18 33 | 09
#1093-d126 @A: 18 30 29 10 | 03
#1094-d126 @A: 23 33 11 35 | 06
#1095-d126 @A: 26 17 33 13 | 11
#1096-d126 @A: 26 19 29 33 | 02
#1097-d126 @A: 11 21 33 26 | 04
#1098-d126 @A: 29 33 07 04 | 10
#1099-d126 @A: 02 01 33 25 | 07
#1100-d126 @A: 09 16 04 26 | 05
#1101-d126 @A: 16 07 26 03 | 12
#1102-d126 @A: 11 16 23 13 | 08
#1103-d126 @A: 04 17 16 21 | 01
#1104-d126 @A: 11 35 25 18 | 09
#1105-d126 @A: 01 07 27 29 | 03
#1106-d126 @A: 17 25 27 18 | 06
#1107-d126 @A: 19 04 06 26 | 11
#1108-d126 @A: 06 23 10 07 | 02
#1109-d126 @A: 31 05 34 21 | 04
#1110-d126 @A: 33 04 24 05 | 10
#1111-d126 @A: 27 21 08 05 | 07
#1112-d126 @A: 34 33 17 05 | 05
#1113-d126 @A: 20 15 29 05 | 12
#1114-d126 @A: 01 32 29 05 | 08
#1115-d126 @A: 30 27 17 05 | 01
#1116-d126 @A: 06 05 11 33 | 09
#1117-d126 @A: 05 33 03 09 | 03
#1118-d126 @A: 05 13 35 06 | 06
#1119-d126 @A: 11 09 05 25 | 11
#1120-d126 @A: 18 05 29 21 | 02
#1121-d126 @A: 10 19 05 29 | 04
#1122-d126 @A: 10 05 23 02 | 10
#1123-d126 @A: 34 22 10 14 | 07
#1124-d126 @A: 04 22 20 14 | 05
#1125-d126 @A: 33 23 31 14 | 12
#1126-d126 @A: 27 10 31 14 | 08
#1127-d126 @A: 14 35 26 08 | 01
#1128-d126 @A: 20 34 23 14 | 09
#1129-d126 @A: 14 16 28 11 | 03
#1130-d126 @A: 28 03 14 29 | 06
#1131-d126 @A: 12 14 17 27 | 11
#1132-d126 @A: 15 14 06 23 | 02
#1133-d126 @A: 03 21 35 14 | 04
#1134-d126 @A: 14 17 21 26 | 10
#1135-d126 @A: 23 14 01 13 | 07
#1136-d126 @A: 14 21 18 23 | 05
#1137-d126 @A: 19 31 22 34 | 12
#1138-d126 @A: 16 22 31 12 | 08
#1139-d126 @A: 08 11 22 28 | 01
#1140-d126 @A: 22 08 07 16 | 09
#1141-d126 @A: 34 15 22 17 | 03
#1142-d126 @A: 16 11 34 22 | 06
#1143-d126 @A: 28 12 29 22 | 11
#1144-d126 @A: 15 28 09 22 | 02
#1145-d126 @A: 22 04 12 15 | 04
#1146-d126 @A: 35 12 07 22 | 10
#1147-d126 @A: 26 22 12 02 | 07
#1148-d126 @A: 07 33 22 27 | 05
#1149-d126 @A: 22 06 23 33 | 12
#1150-d126 @A: 13 22 19 27 | 08
#1151-d126 @A: 02 22 11 13 | 01
#1152-d126 @A: 03 15 31 20 | 09
#1153-d126 @A: 20 04 31 30 | 03
#1154-d126 @A: 19 33 20 31 | 06
#1155-d126 @A: 02 20 31 16 | 11
#1156-d126 @A: 06 31 20 18 | 02
#1157-d126 @A: 20 21 31 29 | 04
#1158-d126 @A: 28 31 30 15 | 10
#1159-d126 @A: 10 12 31 18 | 07
#1160-d126 @A: 31 35 04 15 | 05
#1161-d126 @A: 03 31 04 26 | 12
#1162-d126 @A: 29 13 31 18 | 08
#1163-d126 @A: 03 11 19 31 | 01
#1164-d126 @A: 02 18 25 31 | 09
#1165-d126 @A: 08 24 20 21 | 03
#1166-d126 @A: 15 08 24 04 | 06
#1167-d126 @A: 24 16 32 08 | 11
#1168-d126 @A: 30 25 24 08 | 02
#1169-d126 @A: 24 04 20 03 | 04
#1170-d126 @A: 11 12 28 24 | 10
#1171-d126 @A: 15 32 21 24 | 07
#1172-d126 @A: 15 03 18 24 | 05
#1173-d126 @A: 24 11 32 30 | 12
#1174-d126 @A: 01 16 24 33 | 08
#1175-d126 @A: 06 10 24 01 | 01
#1176-d126 @A: 03 24 17 02 | 09
#1177-d126 @A: 34 19 08 12 | 03
#1178-d126 @A: 20 13 08 28 | 06
#1179-d126 @A: 08 11 33 12 | 11
#1180-d126 @A: 32 13 10 08 | 02
#1181-d126 @A: 17 08 16 30 | 04
#1182-d126 @A: 06 08 27 35 | 10
#1183-d126 @A: 13 08 35 01 | 07
#1184-d126 @A: 04 08 11 26 | 05
#1185-d126 @A: 20 07 04 34 | 12
#1186-d126 @A: 11 28 34 04 | 08
#1187-d126 @A: 32 34 30 19 | 01
#1188-d126 @A: 32 09 34 13 | 09
#1189-d126 @A: 32 11 07 34 | 03
#1190-d126 @A: 03 07 33 34 | 06
#1191-d126 @A: 02 34 25 09 | 11
#1192-d126 @A: 04 34 10 21 | 02
#1193-d126 @A: 10 17 01 34 | 04
#1194-d126 @A: 02 11 17 34 | 10
#1195-d126 @A: 03 09 20 28 | 07
#1196-d126 @A: 01 26 28 20 | 05
#1197-d126 @A: 12 20 07 06 | 12
#1198-d126 @A: 29 20 12 04 | 08
#1199-d126 @A: 19 03 06 20 | 01
#1200-d126 @A: 20 11 09 26 | 09
#1201-d126 @A: 21 07 20 01 | 03
#1202-d126 @A: 20 11 23 21 | 06
#1203-d126 @A: 12 06 28 26 | 11
#1204-d126 @A: 32 28 15 23 | 02
#1205-d126 @A: 30 28 02 07 | 04
#1206-d126 @A: 28 27 33 03 | 10
#1207-d126 @A: 06 28 35 17 | 07
#1208-d126 @A: 29 13 28 25 | 05
#1209-d126 @A: 21 07 28 18 | 12
#1210-d126 @A: 33 32 12 01 | 08
#1211-d126 @A: 09 12 18 16 | 01
#1212-d126 @A: 29 12 21 13 | 09
#1213-d126 @A: 12 04 02 25 | 03
#1214-d126 @A: 32 15 19 33 | 06
#1215-d126 @A: 21 15 35 10 | 11
#1216-d126 @A: 15 11 01 29 | 02
#1217-d126 @A: 02 19 29 15 | 04
#1218-d126 @A: 07 06 30 32 | 10
#1219-d126 @A: 32 09 33 04 | 07
#1220-d126 @A: 16 32 13 06 | 05
#1221-d126 @A: 27 03 32 13 | 12
#1222-d126 @A: 26 32 04 25 | 08
#1223-d126 @A: 32 26 17 07 | 01
#1224-d126 @A: 21 19 32 13 | 09
#1225-d126 @A: 07 33 30 25 | 03
#1226-d126 @A: 30 18 25 16 | 06
#1227-d126 @A: 02 30 09 01 | 11
#1228-d126 @A: 26 13 30 29 | 02
#1229-d126 @A: 23 07 30 13 | 04
#1230-d126 @A: 19 30 04 23 | 10
#1231-d126 @A: 35 09 33 16 | 07
#1232-d126 @A: 26 33 17 03 | 05
#1233-d126 @A: 33 04 19 01 | 12
#1234-d126 @A: 10 17 33 21 | 08
#1235-d126 @A: 11 16 07 09 | 01
#1236-d126 @A: 04 35 17 13 | 09
#1237-d126 @A: 13 35 25 07 | 03
#1238-d126 @A: 11 17 19 35 | 06
#1239-d126 @A: 02 35 10 17 | 11
#1240-d126 @A: 19 27 02 06 | 02
#1241-d126 @A: 10 17 27 09 | 04
#1242-d126 @A: 29 21 03 27 | 10
#1243-d126 @A: 02 25 27 29 | 07
#1244-d126 @A: 04 06 11 09 | 05
#1245-d126 @A: 06 29 04 10 | 12
#1246-d126 @A: 03 10 01 23 | 08
#1247-d126 @A: 28 14 08 05 | 01
#1248-d126 @A: 10 05 14 30 | 09
#1249-d126 @A: 23 05 14 16 | 03
#1250-d126 @A: 22 05 26 31 | 06
#1251-d126 @A: 05 01 12 22 | 11
#1252-d126 @A: 13 05 32 22 | 02
#1253-d126 @A: 09 05 22 16 | 04
#1254-d126 @A: 28 31 05 02 | 10
#1255-d126 @A: 24 01 05 35 | 07
#1256-d126 @A: 05 11 08 30 | 05
#1257-d126 @A: 03 08 19 05 | 12
#1258-d126 @A: 34 05 09 15 | 08
#1259-d126 @A: 05 35 12 25 | 01
#1260-d126 @A: 03 05 04 12 | 09
#1261-d126 @A: 16 07 05 33 | 03
#1262-d126 @A: 05 35 16 26 | 06
#1263-d126 @A: 05 02 04 26 | 11
#1264-d126 @A: 04 11 29 05 | 02
#1265-d126 @A: 05 04 07 10 | 04
#1266-d126 @A: 14 26 24 22 | 10
#1267-d126 @A: 14 03 17 31 | 07
#1268-d126 @A: 11 21 14 31 | 05
#1269-d126 @A: 13 33 24 14 | 12
#1270-d126 @A: 03 14 24 07 | 08
#1271-d126 @A: 08 14 01 11 | 01
#1272-d126 @A: 32 28 14 34 | 09
#1273-d126 @A: 16 14 02 34 | 03
#1274-d126 @A: 14 20 19 30 | 06
#1275-d126 @A: 28 27 14 23 | 11
#1276-d126 @A: 28 06 09 14 | 02
#1277-d126 @A: 07 33 14 15 | 04
#1278-d126 @A: 09 30 14 32 | 10
#1279-d126 @A: 30 27 14 25 | 07
#1280-d126 @A: 06 14 04 33 | 05
#1281-d126 @A: 01 14 06 16 | 12
#1282-d126 @A: 06 26 14 29 | 08
#1283-d126 @A: 09 23 14 29 | 01
#1284-d126 @A: 25 01 26 14 | 09
#1285-d126 @A: 14 23 04 25 | 03
#1286-d126 @A: 01 17 14 02 | 06
#1287-d126 @A: 02 29 14 07 | 11
#1288-d126 @A: 31 21 22 32 | 02
#1289-d126 @A: 18 31 17 22 | 04
#1290-d126 @A: 22 01 20 24 | 10
#1291-d126 @A: 24 32 23 22 | 07
#1292-d126 @A: 22 08 13 34 | 05
#1293-d126 @A: 22 28 10 33 | 12
#1294-d126 @A: 28 25 35 22 | 08
#1295-d126 @A: 18 22 12 06 | 01
#1296-d126 @A: 15 13 35 22 | 09
#1297-d126 @A: 01 32 07 22 | 03
#1298-d126 @A: 22 03 32 19 | 06
#1299-d126 @A: 22 10 35 27 | 11
#1300-d126 @A: 06 22 13 25 | 02
#1301-d126 @A: 23 22 09 04 | 04
#1302-d126 @A: 22 07 09 19 | 10
#1303-d126 @A: 01 22 11 25 | 07
#1304-d126 @A: 31 24 26 11 | 05
#1305-d126 @A: 15 08 31 21 | 12
#1306-d126 @A: 10 06 31 34 | 08
#1307-d126 @A: 16 18 15 31 | 01
#1308-d126 @A: 31 13 06 03 | 09
#1309-d126 @A: 26 01 29 31 | 03
#1310-d126 @A: 31 26 18 19 | 06
#1311-d126 @A: 24 08 12 13 | 11
#1312-d126 @A: 13 28 26 24 | 02
#1313-d126 @A: 15 23 24 12 | 04
#1314-d126 @A: 12 24 02 16 | 10
#1315-d126 @A: 35 04 24 12 | 07
#1316-d126 @A: 15 06 13 24 | 05
#1317-d126 @A: 18 33 24 17 | 12
#1318-d126 @A: 24 29 21 33 | 08
#1319-d126 @A: 23 16 24 17 | 01
#1320-d126 @A: 35 24 11 06 | 09
#1321-d126 @A: 13 25 24 11 | 03
#1322-d126 @A: 29 01 24 18 | 06
#1323-d126 @A: 28 34 03 08 | 11
#1324-d126 @A: 08 23 10 34 | 02
#1325-d126 @A: 02 35 20 08 | 04
#1326-d126 @A: 08 02 09 15 | 10
#1327-d126 @A: 33 32 07 08 | 07
#1328-d126 @A: 16 03 08 11 | 05
#1329-d126 @A: 23 09 08 21 | 12
#1330-d126 @A: 10 08 09 25 | 08
#1331-d126 @A: 13 07 08 04 | 01
#1332-d126 @A: 11 13 21 08 | 09
#1333-d126 @A: 25 18 21 08 | 03
#1334-d126 @A: 20 34 12 02 | 06
#1335-d126 @A: 07 27 12 34 | 11
#1336-d126 @A: 34 01 30 15 | 02
#1337-d126 @A: 19 15 34 04 | 04
#1338-d126 @A: 34 26 06 32 | 10
#1339-d126 @A: 30 33 09 34 | 07
#1340-d126 @A: 34 07 33 06 | 05
#1341-d126 @A: 19 13 29 34 | 12
#1342-d126 @A: 34 29 11 10 | 08
#1343-d126 @A: 34 19 11 23 | 01
#1344-d126 @A: 32 20 12 17 | 09
#1345-d126 @A: 27 16 29 20 | 03
#1346-d126 @A: 35 20 26 19 | 06
#1347-d126 @A: 18 20 09 13 | 11
#1348-d126 @A: 07 20 09 02 | 02
#1349-d126 @A: 13 20 26 02 | 04
#1350-d126 @A: 10 26 23 20 | 10
#1351-d126 @A: 20 11 13 19 | 07
#1352-d126 @A: 10 18 17 20 | 05
#1353-d126 @A: 20 18 11 29 | 12
#1354-d126 @A: 20 25 18 07 | 08
#1355-d126 @A: 20 25 10 02 | 01
#1356-d126 @A: 28 35 18 12 | 09
#1357-d126 @A: 11 28 15 27 | 03
#1358-d126 @A: 28 09 35 27 | 06
#1359-d126 @A: 10 28 18 13 | 11
#1360-d126 @A: 10 21 01 28 | 02
#1361-d126 @A: 10 15 12 09 | 04
#1362-d126 @A: 32 03 12 16 | 10
#1363-d126 @A: 26 32 35 12 | 07
#1364-d126 @A: 16 25 12 33 | 05
#1365-d126 @A: 11 29 26 12 | 12
#1366-d126 @A: 12 04 10 01 | 08
#1367-d126 @A: 23 01 12 29 | 01
#1368-d126 @A: 15 17 16 06 | 09
#1369-d126 @A: 04 23 11 15 | 03
#1370-d126 @A: 17 21 18 15 | 06
#1371-d126 @A: 15 11 02 21 | 11
#1372-d126 @A: 30 01 16 32 | 02
#1373-d126 @A: 35 17 32 30 | 04
#1374-d126 @A: 11 21 29 32 | 10
#1375-d126 @A: 35 30 33 13 | 07
#1376-d126 @A: 13 01 30 21 | 05
#1377-d126 @A: 30 17 10 07 | 12
#1378-d126 @A: 16 27 33 06 | 08
#1379-d126 @A: 17 02 09 33 | 01
#1380-d126 @A: 10 33 26 04 | 09
#1381-d126 @A: 04 25 33 13 | 03
#1382-d126 @A: 18 01 13 33 | 06
#1383-d126 @A: 33 13 03 01 | 11
#1384-d126 @A: 33 10 02 13 | 02
#1385-d126 @A: 03 33 21 02 | 04
#1386-d126 @A: 10 09 16 03 | 10
#1387-d126 @A: 26 29 02 16 | 07
#1388-d126 @A: 04 19 16 03 | 05
#1389-d126 @A: 17 23 35 26 | 12
#1390-d126 @A: 03 29 35 13 | 08
#1391-d126 @A: 29 19 04 35 | 01
#1392-d126 @A: 23 35 21 07 | 09
#1393-d126 @A: 25 27 06 01 | 03
#1394-d126 @A: 06 07 27 17 | 06
#1395-d126 @A: 21 04 27 25 | 11
#1396-d126 @A: 27 01 21 02 | 02
#1397-d126 @A: 07 11 21 27 | 04
#1398-d126 @A: 25 02 07 06 | 10
#1399-d126 @A: 25 03 17 11 | 07
#1400-d126 @A: 05 07 22 14 | 05
#1401-d126 @A: 31 14 29 05 | 12
#1402-d126 @A: 21 14 05 12 | 08
#1403-d126 @A: 01 14 33 05 | 01
#1404-d126 @A: 23 22 05 11 | 09
#1405-d126 @A: 16 34 05 24 | 03
#1406-d126 @A: 24 30 09 05 | 06
#1407-d126 @A: 05 03 24 30 | 11
#1408-d126 @A: 08 26 12 05 | 02
#1409-d126 @A: 06 07 05 08 | 04
#1410-d126 @A: 34 05 12 18 | 10
#1411-d126 @A: 05 34 04 25 | 07
#1412-d126 @A: 05 33 20 26 | 05
#1413-d126 @A: 26 05 32 27 | 12
#1414-d126 @A: 16 06 18 05 | 08
#1415-d126 @A: 05 19 04 21 | 01
#1416-d126 @A: 04 25 03 05 | 09
#1417-d126 @A: 24 34 14 17 | 03
#1418-d126 @A: 24 14 11 27 | 06
#1419-d126 @A: 08 29 14 34 | 11
#1420-d126 @A: 14 18 15 08 | 02
#1421-d126 @A: 12 09 34 14 | 04
#1422-d126 @A: 12 20 10 14 | 10
#1423-d126 @A: 14 30 17 28 | 07
#1424-d126 @A: 14 32 12 13 | 05
#1425-d126 @A: 30 12 14 23 | 12
#1426-d126 @A: 14 04 07 12 | 08
#1427-d126 @A: 18 14 32 16 | 01
#1428-d126 @A: 21 14 30 02 | 09
#1429-d126 @A: 14 17 07 23 | 03
#1430-d126 @A: 31 29 07 22 | 06
#1431-d126 @A: 24 22 13 16 | 11
#1432-d126 @A: 21 28 22 16 | 02
#1433-d126 @A: 28 27 22 01 | 04
#1434-d126 @A: 07 28 22 06 | 10
#1435-d126 @A: 32 22 33 02 | 07
#1436-d126 @A: 09 10 22 32 | 05
#1437-d126 @A: 33 22 01 21 | 12
#1438-d126 @A: 35 22 10 03 | 08
#1439-d126 @A: 22 13 10 01 | 01
#1440-d126 @A: 04 22 02 01 | 09
#1441-d126 @A: 25 19 22 04 | 03
#1442-d126 @A: 01 29 22 19 | 06
#1443-d126 @A: 03 22 11 07 | 11
#1444-d126 @A: 08 02 31 12 | 02
#1445-d126 @A: 07 20 26 31 | 04
#1446-d126 @A: 21 33 31 28 | 10
#1447-d126 @A: 30 02 35 31 | 07
#1448-d126 @A: 30 07 27 31 | 05
#1449-d126 @A: 26 30 17 31 | 12
#1450-d126 @A: 30 31 23 29 | 08
#1451-d126 @A: 18 30 31 21 | 01
#1452-d126 @A: 21 31 10 16 | 09
#1453-d126 @A: 31 35 25 29 | 03
#1454-d126 @A: 09 07 10 31 | 06
#1455-d126 @A: 26 23 31 04 | 11
#1456-d126 @A: 23 17 31 10 | 02
#1457-d126 @A: 24 01 28 08 | 04
#1458-d126 @A: 24 08 11 18 | 10
#1459-d126 @A: 34 24 12 26 | 07
#1460-d126 @A: 20 07 24 19 | 05
#1461-d126 @A: 23 35 28 24 | 12
#1462-d126 @A: 18 24 12 32 | 08
#1463-d126 @A: 19 12 24 33 | 01
#1464-d126 @A: 15 24 16 11 | 09
#1465-d126 @A: 27 23 30 24 | 03
#1466-d126 @A: 30 18 24 13 | 06
#1467-d126 @A: 24 09 33 27 | 11
#1468-d126 @A: 21 04 24 23 | 02
#1469-d126 @A: 07 24 17 25 | 04
#1470-d126 @A: 02 24 21 10 | 10
#1471-d126 @A: 18 10 23 24 | 07
#1472-d126 @A: 12 35 08 21 | 05
#1473-d126 @A: 15 10 30 08 | 12
#1474-d126 @A: 27 08 07 15 | 08
#1475-d126 @A: 30 26 06 08 | 01
#1476-d126 @A: 21 08 16 33 | 09
#1477-d126 @A: 06 16 25 08 | 03
#1478-d126 @A: 02 11 29 08 | 06
#1479-d126 @A: 10 19 08 21 | 11
#1480-d126 @A: 34 20 19 16 | 02
#1481-d126 @A: 34 01 20 09 | 04
#1482-d126 @A: 28 12 34 23 | 10
#1483-d126 @A: 28 34 27 13 | 07
#1484-d126 @A: 04 06 34 12 | 05
#1485-d126 @A: 34 01 15 03 | 12
#1486-d126 @A: 26 34 27 29 | 08
#1487-d126 @A: 34 04 09 17 | 01
#1488-d126 @A: 19 34 17 25 | 09
#1489-d126 @A: 28 21 20 12 | 03
#1490-d126 @A: 20 12 35 01 | 06
#1491-d126 @A: 02 30 32 20 | 11
#1492-d126 @A: 33 32 13 20 | 02
#1493-d126 @A: 21 20 30 26 | 04
#1494-d126 @A: 13 07 20 16 | 10
#1495-d126 @A: 27 25 20 11 | 07
#1496-d126 @A: 13 17 21 20 | 05
#1497-d126 @A: 28 11 33 30 | 12
#1498-d126 @A: 33 28 18 04 | 08
#1499-d126 @A: 27 28 21 17 | 01
#1500-d126 @A: 11 13 28 17 | 09
#1501-d126 @A: 07 03 28 21 | 03
#1502-d126 @A: 12 30 06 01 | 06
#1503-d126 @A: 29 02 12 09 | 11
#1504-d126 @A: 19 12 29 17 | 02
#1505-d126 @A: 07 12 18 11 | 04
#1506-d126 @A: 25 19 12 10 | 10
#1507-d126 @A: 32 06 15 10 | 07
#1508-d126 @A: 32 17 01 15 | 05
#1509-d126 @A: 03 32 15 02 | 12
#1510-d126 @A: 15 30 29 16 | 08
#1511-d126 @A: 27 09 30 15 | 01
#1512-d126 @A: 25 15 35 27 | 09
#1513-d126 @A: 11 13 09 15 | 03
#1514-d126 @A: 07 04 26 15 | 06
#1515-d126 @A: 23 30 33 32 | 11
#1516-d126 @A: 32 10 21 07 | 02
#1517-d126 @A: 26 30 03 16 | 04
#1518-d126 @A: 09 21 11 30 | 10
#1519-d126 @A: 18 02 26 30 | 07
#1520-d126 @A: 21 03 30 13 | 05
#1521-d126 @A: 02 30 04 10 | 12
#1522-d126 @A: 02 11 30 25 | 08
#1523-d126 @A: 25 33 35 21 | 01
#1524-d126 @A: 10 19 33 27 | 09
#1525-d126 @A: 13 33 19 06 | 03
#1526-d126 @A: 21 23 33 13 | 06
#1527-d126 @A: 29 02 18 33 | 11
#1528-d126 @A: 21 02 07 33 | 02
#1529-d126 @A: 04 13 16 01 | 04
#1530-d126 @A: 17 13 18 16 | 10
#1531-d126 @A: 13 19 10 16 | 07
#1532-d126 @A: 16 18 11 21 | 05
#1533-d126 @A: 16 19 07 21 | 12
#1534-d126 @A: 35 27 03 17 | 08
#1535-d126 @A: 09 35 13 19 | 01
#1536-d126 @A: 02 25 35 26 | 09
#1537-d126 @A: 02 23 04 35 | 03
#1538-d126 @A: 35 03 04 02 | 06
#1539-d126 @A: 29 35 18 23 | 11
#1540-d126 @A: 06 09 27 21 | 02
#1541-d126 @A: 13 27 01 09 | 04
#1542-d126 @A: 19 25 09 27 | 10
#1543-d126 @A: 27 13 18 21 | 07
#1544-d126 @A: 11 04 27 17 | 05
#1545-d126 @A: 10 27 04 23 | 12
#1546-d126 @A: 06 17 18 02 | 08
#1547-d126 @A: 23 11 03 06 | 01
#1548-d126 @A: 05 22 18 02 | 09
#1549-d126 @A: 31 13 20 05 | 03
#1550-d126 @A: 23 31 05 15 | 06
#1551-d126 @A: 05 32 04 31 | 11
#1552-d126 @A: 24 07 05 28 | 02
#1553-d126 @A: 24 17 05 11 | 04
#1554-d126 @A: 19 34 05 06 | 10
#1555-d126 @A: 30 28 26 05 | 07
#1556-d126 @A: 11 03 05 28 | 05
#1557-d126 @A: 05 32 10 33 | 12
#1558-d126 @A: 29 30 05 33 | 08
#1559-d126 @A: 18 26 11 05 | 01
#1560-d126 @A: 01 07 05 23 | 09
#1561-d126 @A: 14 32 22 25 | 03
#1562-d126 @A: 33 17 22 14 | 06
#1563-d126 @A: 29 22 16 14 | 11
#1564-d126 @A: 15 31 13 14 | 02
#1565-d126 @A: 14 31 01 32 | 04
#1566-d126 @A: 31 16 19 14 | 10
#1567-d126 @A: 06 31 14 07 | 07
#1568-d126 @A: 18 14 24 35 | 05
#1569-d126 @A: 08 12 16 14 | 12
#1570-d126 @A: 08 09 33 14 | 08
#1571-d126 @A: 33 14 34 19 | 01
#1572-d126 @A: 20 14 33 25 | 09
#1573-d126 @A: 28 26 14 15 | 03
#1574-d126 @A: 09 14 16 15 | 06
#1575-d126 @A: 15 13 03 14 | 11
#1576-d126 @A: 14 07 32 35 | 02
#1577-d126 @A: 30 16 14 04 | 04
#1578-d126 @A: 18 14 30 06 | 10
#1579-d126 @A: 10 14 35 06 | 07
#1580-d126 @A: 01 19 14 09 | 05
#1581-d126 @A: 07 13 11 14 | 12
#1582-d126 @A: 19 02 23 14 | 08
#1583-d126 @A: 22 24 08 10 | 01
#1584-d126 @A: 08 23 15 22 | 09
#1585-d126 @A: 23 34 22 27 | 03
#1586-d126 @A: 03 28 16 22 | 06
#1587-d126 @A: 33 22 30 19 | 11
#1588-d126 @A: 16 02 22 30 | 02
#1589-d126 @A: 30 22 18 09 | 04
#1590-d126 @A: 26 35 22 06 | 10
#1591-d126 @A: 26 09 25 22 | 07
#1592-d126 @A: 17 19 22 26 | 05
#1593-d126 @A: 22 29 17 13 | 12
#1594-d126 @A: 17 07 22 04 | 08
#1595-d126 @A: 22 03 29 04 | 01
#1596-d126 @A: 22 29 02 23 | 09
#1597-d126 @A: 09 15 24 31 | 03
#1598-d126 @A: 30 34 31 11 | 06
#1599-d126 @A: 01 15 31 20 | 11
#1600-d126 @A: 27 32 29 31 | 02
#1601-d126 @A: 16 25 09 31 | 04
#1602-d126 @A: 01 04 31 06 | 10
#1603-d126 @A: 09 04 21 31 | 07
#1604-d126 @A: 09 11 31 29 | 05
#1605-d126 @A: 13 26 21 31 | 12
#1606-d126 @A: 13 25 19 31 | 08
#1607-d126 @A: 31 19 11 02 | 01
#1608-d126 @A: 24 04 20 28 | 09
#1609-d126 @A: 21 12 07 24 | 03
#1610-d126 @A: 35 26 30 24 | 06
#1611-d126 @A: 03 11 27 24 | 11
#1612-d126 @A: 17 21 24 01 | 02
#1613-d126 @A: 29 25 23 24 | 04
#1614-d126 @A: 26 20 34 08 | 10
#1615-d126 @A: 08 06 15 29 | 07
#1616-d126 @A: 25 08 15 26 | 05
#1617-d126 @A: 04 18 08 30 | 12
#1618-d126 @A: 03 10 08 30 | 08
#1619-d126 @A: 13 17 25 08 | 01
#1620-d126 @A: 11 08 23 25 | 09
#1621-d126 @A: 07 08 19 11 | 03
#1622-d126 @A: 32 20 34 10 | 06
#1623-d126 @A: 18 20 33 34 | 11
#1624-d126 @A: 12 16 01 34 | 02
#1625-d126 @A: 27 34 16 25 | 04
#1626-d126 @A: 07 29 09 34 | 10
#1627-d126 @A: 21 34 26 02 | 07
#1628-d126 @A: 34 03 17 04 | 05
#1629-d126 @A: 07 27 20 28 | 12
#1630-d126 @A: 12 27 20 26 | 08
#1631-d126 @A: 20 33 15 23 | 01
#1632-d126 @A: 32 20 01 27 | 09
#1633-d126 @A: 06 20 02 11 | 03
#1634-d126 @A: 29 20 25 26 | 06
#1635-d126 @A: 13 20 25 01 | 11
#1636-d126 @A: 03 13 25 20 | 02
#1637-d126 @A: 02 17 29 20 | 04
#1638-d126 @A: 15 28 23 03 | 10
#1639-d126 @A: 33 28 26 32 | 07
#1640-d126 @A: 28 04 32 29 | 05
#1641-d126 @A: 28 11 19 26 | 12
#1642-d126 @A: 13 21 28 04 | 08
#1643-d126 @A: 04 03 01 28 | 01
#1644-d126 @A: 01 28 18 17 | 09
#1645-d126 @A: 21 15 06 12 | 03
#1646-d126 @A: 15 19 12 26 | 06
#1647-d126 @A: 32 09 06 12 | 11
#1648-d126 @A: 02 06 35 12 | 02
#1649-d126 @A: 35 12 29 10 | 04
#1650-d126 @A: 03 17 12 13 | 10
#1651-d126 @A: 13 02 12 07 | 07
#1652-d126 @A: 19 12 01 02 | 05
#1653-d126 @A: 12 21 23 02 | 12
#1654-d126 @A: 26 15 16 13 | 08
#1655-d126 @A: 13 29 15 04 | 01
#1656-d126 @A: 17 01 03 15 | 09
#1657-d126 @A: 10 15 01 23 | 03
#1658-d126 @A: 32 09 16 27 | 06
#1659-d126 @A: 32 06 04 35 | 11
#1660-d126 @A: 01 32 19 35 | 02
#1661-d126 @A: 18 09 02 32 | 04
#1662-d126 @A: 07 02 04 32 | 10
#1663-d126 @A: 32 02 23 11 | 07
#1664-d126 @A: 30 06 35 03 | 05
#1665-d126 @A: 09 17 25 30 | 12
#1666-d126 @A: 30 10 25 13 | 08
#1667-d126 @A: 30 19 17 21 | 01
#1668-d126 @A: 30 19 23 03 | 09
#1669-d126 @A: 03 02 07 30 | 03
#1670-d126 @A: 19 02 16 33 | 06
#1671-d126 @A: 13 29 11 33 | 11
#1672-d126 @A: 04 33 02 11 | 02
#1673-d126 @A: 19 17 07 33 | 04
#1674-d126 @A: 33 07 18 10 | 10
#1675-d126 @A: 11 26 16 01 | 07
#1676-d126 @A: 29 25 04 16 | 05
#1677-d126 @A: 11 04 16 19 | 12
#1678-d126 @A: 16 10 04 18 | 08
#1679-d126 @A: 01 35 04 07 | 01
#1680-d126 @A: 07 11 35 10 | 09
#1681-d126 @A: 02 19 07 35 | 03
#1682-d126 @A: 18 04 27 26 | 06
#1683-d126 @A: 29 27 21 10 | 11
#1684-d126 @A: 09 06 29 25 | 02
#1685-d126 @A: 03 09 18 06 | 04
#1686-d126 @A: 06 23 17 04 | 10
#1687-d126 @A: 07 06 01 11 | 07
#1688-d126 @A: 25 23 19 06 | 05
#1689-d126 @A: 21 03 25 19 | 12
