#0001-d158 @A: 18 09 24 08 | 09
#0002-d158 @A: 19 24 08 02 | 10
#0003-d158 @A: 17 08 24 32 | 03
#0004-d158 @A: 08 30 16 27 | 12
#0005-d158 @A: 28 30 15 08 | 01
#0006-d158 @A: 22 12 08 19 | 04
#0007-d158 @A: 33 22 08 29 | 02
#0008-d158 @A: 35 34 08 02 | 07
#0009-d158 @A: 01 16 08 33 | 05
#0010-d158 @A: 23 08 19 11 | 11
#0011-d158 @A: 27 08 03 19 | 08
#0012-d158 @A: 08 25 26 18 | 06
#0013-d158 @A: 03 31 33 08 | 09
#0014-d158 @A: 17 21 26 08 | 10
#0015-d158 @A: 23 15 08 07 | 03
#0016-d158 @A: 25 28 08 04 | 12
#0017-d158 @A: 12 08 03 07 | 01
#0018-d158 @A: 32 35 06 08 | 04
#0019-d158 @A: 33 10 24 30 | 02
#0020-d158 @A: 27 28 24 30 | 07
#0021-d158 @A: 35 29 22 24 | 05
#0022-d158 @A: 01 09 04 24 | 11
#0023-d158 @A: 19 13 09 24 | 08
#0024-d158 @A: 03 16 09 24 | 06
#0025-d158 @A: 24 19 18 04 | 09
#0026-d158 @A: 24 18 29 10 | 10
#0027-d158 @A: 24 14 29 31 | 03
#0028-d158 @A: 21 24 26 02 | 12
#0029-d158 @A: 32 24 07 04 | 01
#0030-d158 @A: 21 12 35 24 | 04
#0031-d158 @A: 09 30 25 04 | 02
#0032-d158 @A: 30 09 05 10 | 07
#0033-d158 @A: 18 30 11 01 | 05
#0034-d158 @A: 01 03 26 30 | 11
#0035-d158 @A: 13 32 19 30 | 08
#0036-d158 @A: 30 18 25 29 | 06
#0037-d158 @A: 30 33 16 25 | 09
#0038-d158 @A: 06 28 30 25 | 10
#0039-d158 @A: 07 30 13 21 | 03
#0040-d158 @A: 04 16 11 30 | 12
#0041-d158 @A: 04 30 35 12 | 01
#0042-d158 @A: 16 02 03 30 | 04
#0043-d158 @A: 30 06 04 29 | 02
#0044-d158 @A: 32 04 30 28 | 07
#0045-d158 @A: 34 19 22 14 | 05
#0046-d158 @A: 32 09 27 22 | 11
#0047-d158 @A: 22 13 01 31 | 08
#0048-d158 @A: 22 19 20 03 | 06
#0049-d158 @A: 31 10 22 17 | 09
#0050-d158 @A: 15 22 20 07 | 10
#0051-d158 @A: 17 22 33 35 | 03
#0052-d158 @A: 11 17 22 27 | 12
#0053-d158 @A: 25 29 04 22 | 01
#0054-d158 @A: 22 03 27 05 | 04
#0055-d158 @A: 10 22 11 21 | 02
#0056-d158 @A: 02 16 22 12 | 07
#0057-d158 @A: 16 05 29 22 | 05
#0058-d158 @A: 22 04 15 32 | 11
#0059-d158 @A: 13 28 32 22 | 08
#0060-d158 @A: 09 34 26 15 | 06
#0061-d158 @A: 13 34 21 19 | 09
#0062-d158 @A: 18 06 20 34 | 10
#0063-d158 @A: 28 33 34 18 | 03
#0064-d158 @A: 13 06 34 14 | 12
#0065-d158 @A: 27 23 11 34 | 01
#0066-d158 @A: 07 34 21 11 | 04
#0067-d158 @A: 35 05 34 06 | 02
#0068-d158 @A: 29 09 01 23 | 07
#0069-d158 @A: 14 09 16 27 | 05
#0070-d158 @A: 02 15 17 09 | 11
#0071-d158 @A: 06 09 16 21 | 08
#0072-d158 @A: 26 16 19 01 | 06
#0073-d158 @A: 27 01 19 12 | 09
#0074-d158 @A: 02 18 01 03 | 10
#0075-d158 @A: 03 31 01 21 | 03
#0076-d158 @A: 28 11 01 06 | 12
#0077-d158 @A: 05 01 10 02 | 01
#0078-d158 @A: 26 18 02 19 | 04
#0079-d158 @A: 18 19 10 17 | 02
#0080-d158 @A: 23 19 26 12 | 07
#0081-d158 @A: 06 19 17 15 | 05
#0082-d158 @A: 28 31 27 18 | 11
#0083-d158 @A: 18 16 26 20 | 08
#0084-d158 @A: 18 26 03 04 | 06
#0085-d158 @A: 28 18 20 13 | 09
#0086-d158 @A: 04 25 18 02 | 10
#0087-d158 @A: 02 16 18 07 | 03
#0088-d158 @A: 21 11 02 18 | 12
#0089-d158 @A: 10 18 11 32 | 01
#0090-d158 @A: 35 14 25 31 | 04
#0091-d158 @A: 20 14 02 33 | 02
#0092-d158 @A: 05 11 10 14 | 07
#0093-d158 @A: 05 02 12 14 | 05
#0094-d158 @A: 03 14 29 28 | 11
#0095-d158 @A: 05 04 14 32 | 08
#0096-d158 @A: 29 20 31 06 | 06
#0097-d158 @A: 07 27 31 23 | 09
#0098-d158 @A: 31 15 23 02 | 10
#0099-d158 @A: 17 12 31 11 | 03
#0100-d158 @A: 33 29 31 25 | 12
#0101-d158 @A: 17 16 04 26 | 01
#0102-d158 @A: 26 15 05 11 | 04
#0103-d158 @A: 26 21 11 28 | 02
#0104-d158 @A: 12 10 26 29 | 07
#0105-d158 @A: 26 35 03 16 | 05
#0106-d158 @A: 12 20 32 13 | 11
#0107-d158 @A: 16 13 20 35 | 08
#0108-d158 @A: 13 04 20 02 | 06
#0109-d158 @A: 23 04 07 16 | 09
#0110-d158 @A: 07 06 21 23 | 10
#0111-d158 @A: 12 03 23 29 | 03
#0112-d158 @A: 03 23 02 28 | 12
#0113-d158 @A: 05 28 29 23 | 01
#0114-d158 @A: 16 23 32 29 | 04
#0115-d158 @A: 21 11 17 32 | 02
#0116-d158 @A: 10 25 07 35 | 07
#0117-d158 @A: 25 15 05 13 | 05
#0118-d158 @A: 25 10 02 29 | 11
#0119-d158 @A: 33 27 32 11 | 08
#0120-d158 @A: 33 02 27 16 | 06
#0121-d158 @A: 28 33 32 07 | 09
#0122-d158 @A: 11 06 21 33 | 10
#0123-d158 @A: 35 12 27 07 | 03
#0124-d158 @A: 21 11 27 03 | 12
#0125-d158 @A: 03 27 15 13 | 01
#0126-d158 @A: 28 29 13 27 | 04
#0127-d158 @A: 32 07 15 03 | 02
#0128-d158 @A: 07 05 28 15 | 07
#0129-d158 @A: 12 15 28 21 | 05
#0130-d158 @A: 15 03 10 16 | 11
#0131-d158 @A: 13 29 04 15 | 08
#0132-d158 @A: 08 34 14 16 | 06
#0133-d158 @A: 15 21 09 08 | 09
#0134-d158 @A: 08 10 01 14 | 10
#0135-d158 @A: 08 17 18 03 | 03
#0136-d158 @A: 04 14 27 08 | 12
#0137-d158 @A: 31 08 23 06 | 01
#0138-d158 @A: 31 25 08 13 | 04
#0139-d158 @A: 31 16 08 12 | 02
#0140-d158 @A: 32 23 33 08 | 07
#0141-d158 @A: 17 08 11 25 | 05
#0142-d158 @A: 08 25 33 02 | 11
#0143-d158 @A: 08 28 03 11 | 08
#0144-d158 @A: 10 13 15 08 | 06
#0145-d158 @A: 06 09 30 24 | 09
#0146-d158 @A: 30 15 24 29 | 10
#0147-d158 @A: 34 01 35 24 | 03
#0148-d158 @A: 16 18 24 34 | 12
#0149-d158 @A: 23 21 24 01 | 01
#0150-d158 @A: 14 19 24 16 | 04
#0151-d158 @A: 33 12 19 24 | 02
#0152-d158 @A: 24 23 18 28 | 07
#0153-d158 @A: 18 24 21 13 | 05
#0154-d158 @A: 20 24 14 32 | 11
#0155-d158 @A: 24 21 27 14 | 08
#0156-d158 @A: 14 24 28 10 | 06
#0157-d158 @A: 31 20 24 02 | 09
#0158-d158 @A: 13 23 31 24 | 10
#0159-d158 @A: 17 24 31 07 | 03
#0160-d158 @A: 31 06 24 03 | 12
#0161-d158 @A: 16 24 26 28 | 01
#0162-d158 @A: 24 20 25 04 | 04
#0163-d158 @A: 23 24 06 33 | 02
#0164-d158 @A: 24 03 23 27 | 07
#0165-d158 @A: 21 07 24 05 | 05
#0166-d158 @A: 24 07 16 10 | 11
#0167-d158 @A: 16 11 24 21 | 08
#0168-d158 @A: 24 16 29 06 | 06
#0169-d158 @A: 26 22 06 30 | 09
#0170-d158 @A: 27 03 34 30 | 10
#0171-d158 @A: 11 09 23 30 | 03
#0172-d158 @A: 15 01 30 11 | 12
#0173-d158 @A: 17 30 19 23 | 01
#0174-d158 @A: 30 18 20 03 | 04
#0175-d158 @A: 30 02 23 07 | 02
#0176-d158 @A: 21 33 12 30 | 07
#0177-d158 @A: 07 32 03 30 | 05
#0178-d158 @A: 29 10 32 30 | 11
#0179-d158 @A: 34 13 25 22 | 08
#0180-d158 @A: 22 09 25 10 | 06
#0181-d158 @A: 15 09 22 05 | 09
#0182-d158 @A: 02 25 14 22 | 10
#0183-d158 @A: 22 20 27 07 | 03
#0184-d158 @A: 28 27 22 23 | 12
#0185-d158 @A: 16 17 06 22 | 01
#0186-d158 @A: 06 22 25 27 | 04
#0187-d158 @A: 22 07 16 13 | 02
#0188-d158 @A: 21 22 05 13 | 07
#0189-d158 @A: 14 09 34 12 | 05
#0190-d158 @A: 29 20 34 09 | 11
#0191-d158 @A: 04 34 01 15 | 08
#0192-d158 @A: 34 01 32 28 | 06
#0193-d158 @A: 34 02 19 23 | 09
#0194-d158 @A: 27 19 34 29 | 10
#0195-d158 @A: 03 34 15 19 | 03
#0196-d158 @A: 18 27 10 34 | 12
#0197-d158 @A: 34 17 14 28 | 01
#0198-d158 @A: 33 34 35 31 | 04
#0199-d158 @A: 26 21 34 04 | 02
#0200-d158 @A: 23 34 17 05 | 07
#0201-d158 @A: 34 23 13 32 | 05
#0202-d158 @A: 34 16 17 25 | 11
#0203-d158 @A: 07 25 15 34 | 08
#0204-d158 @A: 04 32 34 29 | 06
#0205-d158 @A: 34 10 21 06 | 09
#0206-d158 @A: 29 15 16 34 | 10
#0207-d158 @A: 04 09 14 26 | 03
#0208-d158 @A: 05 09 28 26 | 12
#0209-d158 @A: 16 09 15 20 | 01
#0210-d158 @A: 09 17 27 29 | 04
#0211-d158 @A: 32 07 09 06 | 02
#0212-d158 @A: 10 07 09 13 | 07
#0213-d158 @A: 05 06 11 09 | 05
#0214-d158 @A: 29 32 09 02 | 11
#0215-d158 @A: 01 20 19 35 | 08
#0216-d158 @A: 25 01 02 19 | 06
#0217-d158 @A: 19 06 33 01 | 09
#0218-d158 @A: 14 32 18 01 | 10
#0219-d158 @A: 17 18 01 07 | 03
#0220-d158 @A: 05 14 01 17 | 12
#0221-d158 @A: 01 12 31 28 | 01
#0222-d158 @A: 01 17 11 20 | 04
#0223-d158 @A: 02 01 29 11 | 02
#0224-d158 @A: 01 04 03 28 | 07
#0225-d158 @A: 10 29 16 01 | 05
#0226-d158 @A: 13 32 01 10 | 11
#0227-d158 @A: 23 18 07 19 | 08
#0228-d158 @A: 19 20 31 13 | 06
#0229-d158 @A: 19 06 31 17 | 09
#0230-d158 @A: 02 16 19 20 | 10
#0231-d158 @A: 19 04 17 33 | 03
#0232-d158 @A: 25 04 19 12 | 12
#0233-d158 @A: 06 19 35 12 | 01
#0234-d158 @A: 21 12 19 02 | 04
#0235-d158 @A: 19 32 05 28 | 02
#0236-d158 @A: 14 16 18 13 | 07
#0237-d158 @A: 13 31 17 18 | 05
#0238-d158 @A: 31 15 18 32 | 11
#0239-d158 @A: 35 06 18 33 | 08
#0240-d158 @A: 18 16 12 10 | 06
#0241-d158 @A: 18 05 15 03 | 09
#0242-d158 @A: 14 11 20 03 | 10
#0243-d158 @A: 16 14 11 06 | 03
#0244-d158 @A: 04 14 06 12 | 12
#0245-d158 @A: 21 14 05 28 | 01
#0246-d158 @A: 31 29 26 07 | 04
#0247-d158 @A: 04 31 23 25 | 02
#0248-d158 @A: 04 02 31 05 | 07
#0249-d158 @A: 26 05 10 16 | 05
#0250-d158 @A: 21 10 26 35 | 11
#0251-d158 @A: 15 02 26 10 | 08
#0252-d158 @A: 16 13 15 26 | 06
#0253-d158 @A: 23 25 12 20 | 09
#0254-d158 @A: 17 20 33 21 | 10
#0255-d158 @A: 33 25 20 06 | 03
#0256-d158 @A: 05 11 20 13 | 12
#0257-d158 @A: 20 02 12 03 | 01
#0258-d158 @A: 15 13 28 20 | 04
#0259-d158 @A: 23 03 05 21 | 02
#0260-d158 @A: 02 12 17 32 | 07
#0261-d158 @A: 17 03 04 29 | 05
#0262-d158 @A: 17 21 29 05 | 11
#0263-d158 @A: 17 29 05 15 | 08
#0264-d158 @A: 02 17 10 06 | 06
#0265-d158 @A: 07 02 25 28 | 09
#0266-d158 @A: 05 11 25 16 | 10
#0267-d158 @A: 25 35 02 21 | 03
#0268-d158 @A: 29 33 27 05 | 12
#0269-d158 @A: 27 10 33 04 | 01
#0270-d158 @A: 33 02 11 12 | 04
#0271-d158 @A: 03 33 21 13 | 02
#0272-d158 @A: 05 33 28 06 | 07
#0273-d158 @A: 33 21 35 32 | 05
#0274-d158 @A: 10 15 32 33 | 11
#0275-d158 @A: 27 07 32 05 | 08
#0276-d158 @A: 13 12 11 27 | 06
#0277-d158 @A: 34 24 21 08 | 09
#0278-d158 @A: 24 25 07 08 | 10
#0279-d158 @A: 12 08 26 30 | 03
#0280-d158 @A: 34 08 15 20 | 12
#0281-d158 @A: 09 17 08 28 | 01
#0282-d158 @A: 21 08 27 01 | 04
#0283-d158 @A: 08 26 19 13 | 02
#0284-d158 @A: 35 08 21 19 | 07
#0285-d158 @A: 20 18 11 08 | 05
#0286-d158 @A: 28 14 23 08 | 11
#0287-d158 @A: 08 26 10 20 | 08
#0288-d158 @A: 08 23 16 26 | 06
#0289-d158 @A: 23 10 25 08 | 09
#0290-d158 @A: 07 16 05 08 | 10
#0291-d158 @A: 06 13 11 08 | 03
#0292-d158 @A: 28 02 08 13 | 12
#0293-d158 @A: 07 30 24 22 | 01
#0294-d158 @A: 24 30 01 16 | 04
#0295-d158 @A: 14 34 24 04 | 02
#0296-d158 @A: 02 09 24 05 | 07
#0297-d158 @A: 32 24 19 01 | 05
#0298-d158 @A: 24 01 20 12 | 11
#0299-d158 @A: 15 01 24 32 | 08
#0300-d158 @A: 18 07 27 24 | 06
#0301-d158 @A: 24 25 26 13 | 09
#0302-d158 @A: 23 16 24 17 | 10
#0303-d158 @A: 25 17 24 35 | 03
#0304-d158 @A: 17 33 13 24 | 12
#0305-d158 @A: 28 15 24 17 | 01
#0306-d158 @A: 02 03 25 24 | 04
#0307-d158 @A: 10 24 03 21 | 02
#0308-d158 @A: 05 10 15 24 | 07
#0309-d158 @A: 29 04 02 24 | 05
#0310-d158 @A: 04 24 06 21 | 11
#0311-d158 @A: 22 30 09 29 | 08
#0312-d158 @A: 30 15 34 12 | 06
#0313-d158 @A: 30 23 01 04 | 09
#0314-d158 @A: 30 33 07 14 | 10
#0315-d158 @A: 33 31 30 06 | 03
#0316-d158 @A: 28 23 30 26 | 12
#0317-d158 @A: 23 30 20 21 | 01
#0318-d158 @A: 35 30 32 20 | 04
#0319-d158 @A: 11 03 30 06 | 02
#0320-d158 @A: 04 30 21 05 | 07
#0321-d158 @A: 30 05 02 29 | 05
#0322-d158 @A: 34 22 05 20 | 11
#0323-d158 @A: 33 22 34 06 | 08
#0324-d158 @A: 19 10 27 22 | 06
#0325-d158 @A: 22 35 19 07 | 09
#0326-d158 @A: 22 18 21 04 | 10
#0327-d158 @A: 16 15 18 22 | 03
#0328-d158 @A: 33 04 22 26 | 12
#0329-d158 @A: 26 15 22 03 | 01
#0330-d158 @A: 20 22 28 25 | 04
#0331-d158 @A: 32 20 22 04 | 02
#0332-d158 @A: 12 22 32 07 | 07
#0333-d158 @A: 13 29 06 22 | 05
#0334-d158 @A: 22 10 28 15 | 11
#0335-d158 @A: 01 19 04 34 | 08
#0336-d158 @A: 34 05 29 14 | 06
#0337-d158 @A: 34 31 21 20 | 09
#0338-d158 @A: 27 25 34 02 | 10
#0339-d158 @A: 05 27 34 15 | 03
#0340-d158 @A: 32 05 11 34 | 12
#0341-d158 @A: 34 35 28 11 | 01
#0342-d158 @A: 09 19 04 20 | 04
#0343-d158 @A: 09 19 05 27 | 02
#0344-d158 @A: 18 17 09 04 | 07
#0345-d158 @A: 09 15 28 18 | 05
#0346-d158 @A: 10 14 09 33 | 11
#0347-d158 @A: 07 35 09 11 | 08
#0348-d158 @A: 01 06 31 18 | 06
#0349-d158 @A: 31 02 14 01 | 09
#0350-d158 @A: 14 15 01 20 | 10
#0351-d158 @A: 31 01 17 32 | 03
#0352-d158 @A: 23 01 07 20 | 12
#0353-d158 @A: 17 27 01 06 | 01
#0354-d158 @A: 16 01 11 12 | 04
#0355-d158 @A: 35 15 03 01 | 02
#0356-d158 @A: 29 21 35 01 | 07
#0357-d158 @A: 20 18 19 29 | 05
#0358-d158 @A: 14 17 19 02 | 11
#0359-d158 @A: 03 04 19 14 | 08
#0360-d158 @A: 19 14 10 21 | 06
#0361-d158 @A: 19 15 14 32 | 09
#0362-d158 @A: 07 32 20 19 | 10
#0363-d158 @A: 27 32 25 19 | 03
#0364-d158 @A: 21 19 27 15 | 12
#0365-d158 @A: 04 19 11 29 | 01
#0366-d158 @A: 35 19 13 02 | 04
#0367-d158 @A: 19 10 13 29 | 02
#0368-d158 @A: 18 14 11 27 | 07
#0369-d158 @A: 12 26 18 13 | 05
#0370-d158 @A: 20 23 02 18 | 11
#0371-d158 @A: 18 05 25 20 | 08
#0372-d158 @A: 18 23 15 33 | 06
#0373-d158 @A: 18 02 12 35 | 09
#0374-d158 @A: 18 06 05 16 | 10
#0375-d158 @A: 33 28 14 31 | 03
#0376-d158 @A: 17 14 26 03 | 12
#0377-d158 @A: 35 14 23 27 | 01
#0378-d158 @A: 14 23 06 10 | 04
#0379-d158 @A: 17 10 14 07 | 02
#0380-d158 @A: 04 17 13 14 | 07
#0381-d158 @A: 31 20 25 32 | 05
#0382-d158 @A: 31 15 04 20 | 11
#0383-d158 @A: 10 07 11 31 | 08
#0384-d158 @A: 13 31 07 35 | 06
#0385-d158 @A: 10 21 31 12 | 09
#0386-d158 @A: 02 31 16 10 | 10
#0387-d158 @A: 29 20 04 26 | 03
#0388-d158 @A: 26 20 29 15 | 12
#0389-d158 @A: 17 12 27 26 | 01
#0390-d158 @A: 12 32 03 26 | 04
#0391-d158 @A: 29 26 02 35 | 02
#0392-d158 @A: 07 35 29 20 | 07
#0393-d158 @A: 13 21 10 20 | 05
#0394-d158 @A: 15 32 21 20 | 11
#0395-d158 @A: 11 25 23 33 | 08
#0396-d158 @A: 23 35 04 29 | 06
#0397-d158 @A: 17 07 16 15 | 09
#0398-d158 @A: 03 12 05 17 | 10
#0399-d158 @A: 17 03 21 02 | 03
#0400-d158 @A: 17 05 28 16 | 12
#0401-d158 @A: 04 21 10 17 | 01
#0402-d158 @A: 33 35 15 25 | 04
#0403-d158 @A: 25 04 11 13 | 02
#0404-d158 @A: 25 28 11 29 | 07
#0405-d158 @A: 07 06 27 33 | 05
#0406-d158 @A: 11 07 15 33 | 11
#0407-d158 @A: 13 33 11 28 | 08
#0408-d158 @A: 35 33 12 28 | 06
#0409-d158 @A: 13 33 06 02 | 09
#0410-d158 @A: 11 28 27 05 | 10
#0411-d158 @A: 04 27 05 12 | 03
#0412-d158 @A: 06 16 27 12 | 12
#0413-d158 @A: 05 21 35 27 | 01
#0414-d158 @A: 12 15 10 03 | 04
#0415-d158 @A: 02 05 04 15 | 02
#0416-d158 @A: 04 22 24 08 | 07
#0417-d158 @A: 24 11 15 08 | 05
#0418-d158 @A: 14 05 30 08 | 11
#0419-d158 @A: 08 22 35 27 | 08
#0420-d158 @A: 22 08 06 15 | 06
#0421-d158 @A: 09 20 08 02 | 09
#0422-d158 @A: 10 08 16 09 | 10
#0423-d158 @A: 08 26 01 15 | 03
#0424-d158 @A: 23 18 08 12 | 12
#0425-d158 @A: 21 14 33 08 | 01
#0426-d158 @A: 08 35 26 28 | 04
#0427-d158 @A: 20 04 23 08 | 02
#0428-d158 @A: 05 33 08 17 | 07
#0429-d158 @A: 35 17 29 08 | 05
#0430-d158 @A: 29 07 08 02 | 11
#0431-d158 @A: 10 32 07 08 | 08
#0432-d158 @A: 29 05 06 08 | 06
#0433-d158 @A: 13 10 35 08 | 09
#0434-d158 @A: 30 24 34 11 | 10
#0435-d158 @A: 03 19 24 30 | 03
#0436-d158 @A: 22 10 01 24 | 12
#0437-d158 @A: 23 32 22 24 | 01
#0438-d158 @A: 24 05 31 34 | 04
#0439-d158 @A: 06 19 24 26 | 02
#0440-d158 @A: 14 03 13 24 | 07
#0441-d158 @A: 29 05 11 24 | 05
#0442-d158 @A: 35 06 11 24 | 11
#0443-d158 @A: 04 24 35 10 | 08
#0444-d158 @A: 34 30 01 10 | 06
#0445-d158 @A: 21 30 09 19 | 09
#0446-d158 @A: 30 09 15 19 | 10
#0447-d158 @A: 31 19 30 16 | 03
#0448-d158 @A: 12 30 20 19 | 12
#0449-d158 @A: 19 30 33 35 | 01
#0450-d158 @A: 04 19 07 30 | 04
#0451-d158 @A: 31 30 18 07 | 02
#0452-d158 @A: 13 18 30 27 | 07
#0453-d158 @A: 30 27 10 14 | 05
#0454-d158 @A: 35 30 26 27 | 11
#0455-d158 @A: 20 05 15 30 | 08
#0456-d158 @A: 13 06 30 20 | 06
#0457-d158 @A: 25 10 17 30 | 09
#0458-d158 @A: 27 25 30 11 | 10
#0459-d158 @A: 15 16 25 30 | 03
#0460-d158 @A: 05 12 30 16 | 12
#0461-d158 @A: 34 17 15 22 | 01
#0462-d158 @A: 22 23 04 09 | 04
#0463-d158 @A: 01 16 22 27 | 02
#0464-d158 @A: 19 26 29 22 | 07
#0465-d158 @A: 17 22 19 28 | 05
#0466-d158 @A: 14 12 22 27 | 11
#0467-d158 @A: 31 21 22 35 | 08
#0468-d158 @A: 20 22 12 26 | 06
#0469-d158 @A: 06 22 10 20 | 09
#0470-d158 @A: 23 33 22 12 | 10
#0471-d158 @A: 23 29 22 11 | 03
#0472-d158 @A: 04 22 35 03 | 12
#0473-d158 @A: 06 32 05 22 | 01
#0474-d158 @A: 01 29 34 25 | 04
#0475-d158 @A: 35 19 34 25 | 02
#0476-d158 @A: 02 14 18 34 | 07
#0477-d158 @A: 11 12 34 18 | 05
#0478-d158 @A: 26 20 02 34 | 11
#0479-d158 @A: 23 20 34 16 | 08
#0480-d158 @A: 25 20 34 11 | 06
#0481-d158 @A: 34 27 35 20 | 09
#0482-d158 @A: 10 12 34 20 | 10
#0483-d158 @A: 27 34 13 17 | 03
#0484-d158 @A: 34 35 32 17 | 12
#0485-d158 @A: 34 10 03 07 | 01
#0486-d158 @A: 15 02 11 34 | 04
#0487-d158 @A: 34 12 28 03 | 02
#0488-d158 @A: 34 02 21 16 | 07
#0489-d158 @A: 09 31 02 19 | 05
#0490-d158 @A: 03 19 17 09 | 11
#0491-d158 @A: 31 09 20 16 | 08
#0492-d158 @A: 29 26 09 33 | 06
#0493-d158 @A: 09 02 26 27 | 09
#0494-d158 @A: 09 20 27 11 | 10
#0495-d158 @A: 15 09 13 12 | 03
#0496-d158 @A: 09 21 05 32 | 12
#0497-d158 @A: 35 09 10 32 | 01
#0498-d158 @A: 17 21 01 19 | 04
#0499-d158 @A: 29 14 01 26 | 02
#0500-d158 @A: 26 07 01 12 | 07
#0501-d158 @A: 02 13 01 26 | 05
#0502-d158 @A: 15 23 01 13 | 11
#0503-d158 @A: 25 06 01 21 | 08
#0504-d158 @A: 13 01 12 05 | 06
#0505-d158 @A: 16 06 03 01 | 09
#0506-d158 @A: 05 04 29 01 | 10
#0507-d158 @A: 15 18 19 07 | 03
#0508-d158 @A: 26 14 35 19 | 12
#0509-d158 @A: 26 04 19 27 | 01
#0510-d158 @A: 25 20 10 19 | 04
#0511-d158 @A: 06 23 19 03 | 02
#0512-d158 @A: 21 19 15 23 | 07
#0513-d158 @A: 25 19 11 21 | 05
#0514-d158 @A: 05 02 19 03 | 11
#0515-d158 @A: 19 15 13 35 | 08
#0516-d158 @A: 14 33 18 03 | 06
#0517-d158 @A: 23 11 18 26 | 09
#0518-d158 @A: 28 18 25 17 | 10
#0519-d158 @A: 35 32 18 07 | 03
#0520-d158 @A: 28 35 03 18 | 12
#0521-d158 @A: 05 04 28 18 | 01
#0522-d158 @A: 10 02 28 18 | 04
#0523-d158 @A: 31 14 10 20 | 02
#0524-d158 @A: 06 20 14 26 | 07
#0525-d158 @A: 14 17 21 25 | 05
#0526-d158 @A: 02 11 14 04 | 11
#0527-d158 @A: 26 20 31 11 | 08
#0528-d158 @A: 28 31 26 17 | 06
#0529-d158 @A: 11 31 35 04 | 09
#0530-d158 @A: 31 12 32 29 | 10
#0531-d158 @A: 28 32 35 31 | 03
#0532-d158 @A: 13 32 04 31 | 12
#0533-d158 @A: 16 13 31 21 | 01
#0534-d158 @A: 17 02 26 23 | 04
#0535-d158 @A: 07 23 03 26 | 02
#0536-d158 @A: 16 02 11 26 | 07
#0537-d158 @A: 32 26 05 29 | 05
#0538-d158 @A: 06 27 20 23 | 11
#0539-d158 @A: 23 15 10 20 | 08
#0540-d158 @A: 20 16 28 03 | 06
#0541-d158 @A: 21 02 20 05 | 09
#0542-d158 @A: 16 20 10 04 | 10
#0543-d158 @A: 17 25 07 23 | 03
#0544-d158 @A: 11 17 23 10 | 12
#0545-d158 @A: 35 15 11 23 | 01
#0546-d158 @A: 23 04 03 13 | 04
#0547-d158 @A: 23 06 16 35 | 02
#0548-d158 @A: 17 21 16 12 | 07
#0549-d158 @A: 13 10 17 05 | 05
#0550-d158 @A: 17 10 28 32 | 11
#0551-d158 @A: 21 25 16 10 | 08
#0552-d158 @A: 02 33 07 10 | 06
#0553-d158 @A: 11 03 33 10 | 09
#0554-d158 @A: 03 33 06 29 | 10
#0555-d158 @A: 06 16 04 33 | 03
#0556-d158 @A: 21 06 27 02 | 12
#0557-d158 @A: 35 15 21 07 | 01
#0558-d158 @A: 15 16 11 04 | 04
#0559-d158 @A: 08 33 24 28 | 02
#0560-d158 @A: 30 08 21 18 | 07
#0561-d158 @A: 30 20 08 31 | 05
#0562-d158 @A: 02 22 17 08 | 11
#0563-d158 @A: 13 08 20 01 | 08
#0564-d158 @A: 01 35 23 08 | 06
#0565-d158 @A: 19 14 08 07 | 09
#0566-d158 @A: 08 19 25 06 | 10
#0567-d158 @A: 15 03 14 08 | 03
#0568-d158 @A: 08 20 06 17 | 12
#0569-d158 @A: 08 29 20 32 | 01
#0570-d158 @A: 12 08 21 13 | 04
#0571-d158 @A: 32 13 05 08 | 02
#0572-d158 @A: 06 10 04 08 | 07
#0573-d158 @A: 10 29 08 21 | 05
#0574-d158 @A: 29 24 30 26 | 11
#0575-d158 @A: 34 24 28 22 | 08
#0576-d158 @A: 03 22 18 24 | 06
#0577-d158 @A: 22 16 24 33 | 09
#0578-d158 @A: 20 34 24 13 | 10
#0579-d158 @A: 17 29 34 24 | 03
#0580-d158 @A: 10 24 34 25 | 12
#0581-d158 @A: 34 24 06 27 | 01
#0582-d158 @A: 17 24 14 09 | 04
#0583-d158 @A: 28 24 01 17 | 02
#0584-d158 @A: 18 02 17 24 | 07
#0585-d158 @A: 24 35 16 31 | 05
#0586-d158 @A: 20 10 27 24 | 11
#0587-d158 @A: 13 24 04 28 | 08
#0588-d158 @A: 32 30 22 18 | 06
#0589-d158 @A: 20 22 16 30 | 09
#0590-d158 @A: 33 22 27 30 | 10
#0591-d158 @A: 12 30 03 22 | 03
#0592-d158 @A: 33 34 30 29 | 12
#0593-d158 @A: 30 18 02 09 | 01
#0594-d158 @A: 09 30 20 26 | 04
#0595-d158 @A: 30 25 01 07 | 02
#0596-d158 @A: 28 13 01 30 | 07
#0597-d158 @A: 05 30 33 18 | 05
#0598-d158 @A: 23 10 30 31 | 11
#0599-d158 @A: 31 15 30 07 | 08
#0600-d158 @A: 21 26 15 30 | 06
#0601-d158 @A: 17 30 20 28 | 09
#0602-d158 @A: 02 20 25 30 | 10
#0603-d158 @A: 23 30 27 32 | 03
#0604-d158 @A: 32 11 30 12 | 12
#0605-d158 @A: 21 11 35 30 | 01
#0606-d158 @A: 04 03 30 10 | 04
#0607-d158 @A: 16 30 28 21 | 02
#0608-d158 @A: 35 22 09 34 | 07
#0609-d158 @A: 16 09 22 19 | 05
#0610-d158 @A: 05 23 22 01 | 11
#0611-d158 @A: 15 31 22 19 | 08
#0612-d158 @A: 18 06 22 23 | 06
#0613-d158 @A: 11 16 18 22 | 09
#0614-d158 @A: 21 14 22 06 | 10
#0615-d158 @A: 22 11 31 33 | 03
#0616-d158 @A: 21 27 22 26 | 12
#0617-d158 @A: 25 17 32 22 | 01
#0618-d158 @A: 28 07 11 22 | 04
#0619-d158 @A: 22 06 07 03 | 02
#0620-d158 @A: 02 21 22 15 | 07
#0621-d158 @A: 21 33 34 01 | 05
#0622-d158 @A: 06 34 02 01 | 11
#0623-d158 @A: 19 17 20 34 | 08
#0624-d158 @A: 04 34 31 18 | 06
#0625-d158 @A: 07 26 18 34 | 09
#0626-d158 @A: 34 25 26 23 | 10
#0627-d158 @A: 32 33 20 34 | 03
#0628-d158 @A: 04 20 34 28 | 12
#0629-d158 @A: 07 06 34 29 | 01
#0630-d158 @A: 10 29 34 11 | 04
#0631-d158 @A: 12 21 34 05 | 02
#0632-d158 @A: 02 34 03 13 | 07
#0633-d158 @A: 15 32 06 34 | 05
#0634-d158 @A: 06 28 34 16 | 11
#0635-d158 @A: 21 09 14 01 | 08
#0636-d158 @A: 05 33 09 01 | 06
#0637-d158 @A: 27 28 09 01 | 09
#0638-d158 @A: 19 09 10 26 | 10
#0639-d158 @A: 19 09 25 28 | 03
#0640-d158 @A: 05 09 14 31 | 12
#0641-d158 @A: 31 23 09 12 | 01
#0642-d158 @A: 31 13 09 33 | 04
#0643-d158 @A: 09 11 29 31 | 02
#0644-d158 @A: 09 29 03 25 | 07
#0645-d158 @A: 35 03 05 09 | 05
#0646-d158 @A: 09 04 02 28 | 11
#0647-d158 @A: 01 31 19 29 | 08
#0648-d158 @A: 27 01 29 18 | 06
#0649-d158 @A: 01 16 25 20 | 09
#0650-d158 @A: 35 33 01 25 | 10
#0651-d158 @A: 04 33 11 01 | 03
#0652-d158 @A: 05 03 01 11 | 12
#0653-d158 @A: 11 01 10 35 | 01
#0654-d158 @A: 06 01 29 12 | 04
#0655-d158 @A: 12 15 01 06 | 02
#0656-d158 @A: 33 13 19 18 | 07
#0657-d158 @A: 14 23 19 20 | 05
#0658-d158 @A: 14 27 13 19 | 11
#0659-d158 @A: 27 31 11 19 | 08
#0660-d158 @A: 33 19 20 27 | 06
#0661-d158 @A: 19 23 25 13 | 09
#0662-d158 @A: 19 29 07 03 | 10
#0663-d158 @A: 12 15 29 19 | 03
#0664-d158 @A: 28 19 03 21 | 12
#0665-d158 @A: 04 13 19 16 | 01
#0666-d158 @A: 29 19 28 16 | 04
#0667-d158 @A: 21 18 20 14 | 02
#0668-d158 @A: 13 23 05 18 | 07
#0669-d158 @A: 07 12 18 28 | 05
#0670-d158 @A: 11 29 18 35 | 11
#0671-d158 @A: 05 14 26 23 | 08
#0672-d158 @A: 14 16 26 33 | 06
#0673-d158 @A: 28 20 35 14 | 09
#0674-d158 @A: 15 27 28 14 | 10
#0675-d158 @A: 07 05 14 06 | 03
#0676-d158 @A: 15 04 14 07 | 12
#0677-d158 @A: 14 02 35 32 | 01
#0678-d158 @A: 10 04 29 14 | 04
#0679-d158 @A: 31 25 05 17 | 02
#0680-d158 @A: 05 31 29 10 | 07
#0681-d158 @A: 31 32 05 16 | 05
#0682-d158 @A: 28 31 04 21 | 11
#0683-d158 @A: 06 31 02 28 | 08
#0684-d158 @A: 27 32 26 10 | 06
#0685-d158 @A: 04 26 07 11 | 09
#0686-d158 @A: 28 07 26 10 | 10
#0687-d158 @A: 12 26 11 05 | 03
#0688-d158 @A: 35 03 20 23 | 12
#0689-d158 @A: 25 17 13 20 | 01
#0690-d158 @A: 07 23 11 05 | 04
#0691-d158 @A: 28 35 23 07 | 02
#0692-d158 @A: 04 11 21 23 | 07
#0693-d158 @A: 11 17 13 15 | 05
#0694-d158 @A: 10 16 03 17 | 11
#0695-d158 @A: 07 25 03 16 | 08
#0696-d158 @A: 05 25 13 03 | 06
#0697-d158 @A: 29 35 05 25 | 09
#0698-d158 @A: 13 35 33 27 | 10
#0699-d158 @A: 29 33 21 07 | 03
#0700-d158 @A: 33 02 32 05 | 12
#0701-d158 @A: 15 06 11 27 | 01
#0702-d158 @A: 04 03 27 16 | 04
#0703-d158 @A: 02 05 27 13 | 02
#0704-d158 @A: 05 27 10 06 | 07
#0705-d158 @A: 15 11 28 32 | 05
#0706-d158 @A: 15 05 32 16 | 11
#0707-d158 @A: 11 08 24 01 | 08
#0708-d158 @A: 06 08 30 34 | 06
#0709-d158 @A: 30 07 08 17 | 09
#0710-d158 @A: 32 30 08 02 | 10
#0711-d158 @A: 28 22 18 08 | 03
#0712-d158 @A: 22 20 08 21 | 12
#0713-d158 @A: 03 34 23 08 | 01
#0714-d158 @A: 08 21 09 23 | 04
#0715-d158 @A: 08 13 09 27 | 02
#0716-d158 @A: 02 01 08 12 | 07
#0717-d158 @A: 32 18 08 19 | 05
#0718-d158 @A: 08 31 19 04 | 11
#0719-d158 @A: 19 20 05 08 | 08
#0720-d158 @A: 18 02 15 08 | 06
#0721-d158 @A: 29 16 08 18 | 09
#0722-d158 @A: 25 29 14 08 | 10
#0723-d158 @A: 17 23 08 13 | 03
#0724-d158 @A: 17 33 15 08 | 12
#0725-d158 @A: 27 10 08 17 | 01
#0726-d158 @A: 25 12 27 08 | 04
#0727-d158 @A: 35 16 11 08 | 02
#0728-d158 @A: 06 08 21 03 | 07
#0729-d158 @A: 24 17 04 30 | 05
#0730-d158 @A: 24 33 02 34 | 11
#0731-d158 @A: 31 10 24 09 | 08
#0732-d158 @A: 09 24 27 12 | 06
#0733-d158 @A: 14 24 05 18 | 09
#0734-d158 @A: 20 24 18 35 | 10
#0735-d158 @A: 04 15 18 24 | 03
#0736-d158 @A: 04 31 33 24 | 12
#0737-d158 @A: 23 24 20 11 | 01
#0738-d158 @A: 23 02 24 10 | 04
#0739-d158 @A: 03 24 12 11 | 02
#0740-d158 @A: 22 30 01 21 | 07
#0741-d158 @A: 30 22 13 04 | 05
#0742-d158 @A: 30 34 14 20 | 11
#0743-d158 @A: 30 26 32 34 | 08
#0744-d158 @A: 30 04 34 02 | 06
#0745-d158 @A: 30 19 06 27 | 09
#0746-d158 @A: 15 30 23 27 | 10
#0747-d158 @A: 27 21 17 30 | 03
#0748-d158 @A: 07 06 12 30 | 12
#0749-d158 @A: 30 02 11 13 | 01
#0750-d158 @A: 30 02 28 12 | 04
#0751-d158 @A: 21 03 29 30 | 02
#0752-d158 @A: 06 35 02 30 | 07
#0753-d158 @A: 13 30 02 15 | 05
#0754-d158 @A: 13 29 16 30 | 11
#0755-d158 @A: 18 29 22 34 | 08
#0756-d158 @A: 22 31 07 34 | 06
#0757-d158 @A: 01 19 18 22 | 09
#0758-d158 @A: 01 33 22 07 | 10
#0759-d158 @A: 19 05 22 31 | 03
#0760-d158 @A: 32 22 33 19 | 12
#0761-d158 @A: 15 29 23 22 | 01
#0762-d158 @A: 22 15 27 12 | 04
#0763-d158 @A: 05 07 10 22 | 02
#0764-d158 @A: 10 12 04 22 | 07
#0765-d158 @A: 32 22 16 35 | 05
#0766-d158 @A: 09 06 34 19 | 11
#0767-d158 @A: 09 34 17 26 | 08
#0768-d158 @A: 25 34 09 07 | 06
#0769-d158 @A: 11 14 01 34 | 09
#0770-d158 @A: 32 19 34 12 | 10
#0771-d158 @A: 34 33 26 13 | 03
#0772-d158 @A: 33 34 07 23 | 12
#0773-d158 @A: 34 32 02 07 | 01
#0774-d158 @A: 28 34 05 02 | 04
#0775-d158 @A: 35 15 34 28 | 02
#0776-d158 @A: 10 34 32 16 | 07
#0777-d158 @A: 01 09 10 17 | 05
#0778-d158 @A: 18 32 09 23 | 11
#0779-d158 @A: 03 18 27 09 | 08
#0780-d158 @A: 06 14 09 25 | 06
#0781-d158 @A: 26 16 12 09 | 09
#0782-d158 @A: 15 09 25 23 | 10
#0783-d158 @A: 09 17 16 11 | 03
#0784-d158 @A: 04 09 11 10 | 12
#0785-d158 @A: 02 12 06 09 | 01
#0786-d158 @A: 03 32 04 09 | 04
#0787-d158 @A: 19 13 01 03 | 02
#0788-d158 @A: 01 18 20 10 | 07
#0789-d158 @A: 05 31 15 01 | 05
#0790-d158 @A: 01 26 27 11 | 11
#0791-d158 @A: 20 01 33 28 | 08
#0792-d158 @A: 23 01 12 17 | 06
#0793-d158 @A: 10 27 01 25 | 09
#0794-d158 @A: 27 01 35 04 | 10
#0795-d158 @A: 07 28 01 29 | 03
#0796-d158 @A: 32 01 02 21 | 12
#0797-d158 @A: 11 14 33 19 | 01
#0798-d158 @A: 26 31 19 03 | 04
#0799-d158 @A: 11 19 32 16 | 02
#0800-d158 @A: 14 18 10 25 | 07
#0801-d158 @A: 26 33 21 18 | 05
#0802-d158 @A: 29 13 18 03 | 11
#0803-d158 @A: 18 35 05 10 | 08
#0804-d158 @A: 29 32 28 18 | 06
#0805-d158 @A: 23 14 32 07 | 09
#0806-d158 @A: 17 06 14 33 | 10
#0807-d158 @A: 16 12 14 35 | 03
#0808-d158 @A: 05 16 14 03 | 12
#0809-d158 @A: 14 05 06 15 | 01
#0810-d158 @A: 02 14 16 28 | 04
#0811-d158 @A: 31 28 23 20 | 02
#0812-d158 @A: 16 31 17 33 | 07
#0813-d158 @A: 17 35 27 31 | 05
#0814-d158 @A: 27 10 31 13 | 11
#0815-d158 @A: 31 07 04 06 | 08
#0816-d158 @A: 11 15 29 31 | 06
#0817-d158 @A: 31 35 10 06 | 09
#0818-d158 @A: 31 16 06 15 | 10
#0819-d158 @A: 31 21 13 15 | 03
#0820-d158 @A: 26 16 25 29 | 12
#0821-d158 @A: 35 06 26 07 | 01
#0822-d158 @A: 07 13 26 15 | 04
#0823-d158 @A: 35 11 13 26 | 02
#0824-d158 @A: 05 03 06 26 | 07
#0825-d158 @A: 07 13 20 03 | 05
#0826-d158 @A: 04 21 20 07 | 11
#0827-d158 @A: 20 11 02 32 | 08
#0828-d158 @A: 11 20 21 29 | 06
#0829-d158 @A: 12 20 29 16 | 09
#0830-d158 @A: 05 04 35 20 | 10
#0831-d158 @A: 21 20 06 35 | 03
#0832-d158 @A: 02 32 25 23 | 12
#0833-d158 @A: 06 25 29 23 | 01
#0834-d158 @A: 02 21 29 23 | 04
#0835-d158 @A: 32 16 17 07 | 02
#0836-d158 @A: 28 12 29 17 | 07
#0837-d158 @A: 02 29 16 17 | 05
#0838-d158 @A: 32 17 29 06 | 11
#0839-d158 @A: 29 25 32 07 | 08
#0840-d158 @A: 25 06 03 10 | 06
#0841-d158 @A: 33 04 07 03 | 09
#0842-d158 @A: 21 10 27 07 | 10
#0843-d158 @A: 27 10 15 07 | 03
#0844-d158 @A: 35 10 27 28 | 12
#0845-d158 @A: 02 32 27 04 | 01
#0846-d158 @A: 02 06 03 15 | 04
#0847-d158 @A: 29 27 24 08 | 02
#0848-d158 @A: 30 08 28 10 | 07
#0849-d158 @A: 22 09 08 05 | 05
#0850-d158 @A: 09 04 08 34 | 11
#0851-d158 @A: 28 08 34 19 | 08
#0852-d158 @A: 34 12 08 33 | 06
#0853-d158 @A: 01 08 05 28 | 09
#0854-d158 @A: 21 31 08 02 | 10
#0855-d158 @A: 31 08 29 28 | 03
#0856-d158 @A: 13 08 33 07 | 12
#0857-d158 @A: 08 11 07 27 | 01
#0858-d158 @A: 28 12 06 08 | 04
#0859-d158 @A: 08 03 10 05 | 02
#0860-d158 @A: 03 08 13 16 | 07
#0861-d158 @A: 04 08 35 15 | 05
#0862-d158 @A: 16 32 28 08 | 11
#0863-d158 @A: 05 22 26 24 | 08
#0864-d158 @A: 01 24 07 14 | 06
#0865-d158 @A: 26 24 19 15 | 09
#0866-d158 @A: 23 24 04 26 | 10
#0867-d158 @A: 26 32 24 11 | 03
#0868-d158 @A: 06 24 17 12 | 12
#0869-d158 @A: 24 05 25 33 | 01
#0870-d158 @A: 12 25 24 28 | 04
#0871-d158 @A: 35 07 02 24 | 02
#0872-d158 @A: 13 12 24 02 | 07
#0873-d158 @A: 24 32 10 06 | 05
#0874-d158 @A: 21 28 32 24 | 11
#0875-d158 @A: 30 07 27 09 | 08
#0876-d158 @A: 19 29 30 14 | 06
#0877-d158 @A: 23 13 30 33 | 09
#0878-d158 @A: 30 02 10 21 | 10
#0879-d158 @A: 34 16 22 26 | 03
#0880-d158 @A: 04 34 22 27 | 12
#0881-d158 @A: 22 03 09 01 | 01
#0882-d158 @A: 22 14 09 28 | 04
#0883-d158 @A: 22 01 02 20 | 02
#0884-d158 @A: 22 11 25 01 | 07
#0885-d158 @A: 19 13 11 22 | 05
#0886-d158 @A: 22 19 04 06 | 11
#0887-d158 @A: 31 04 14 22 | 08
#0888-d158 @A: 22 10 16 14 | 06
#0889-d158 @A: 31 26 22 02 | 09
#0890-d158 @A: 03 25 22 31 | 10
#0891-d158 @A: 23 20 22 17 | 03
#0892-d158 @A: 28 05 22 12 | 12
#0893-d158 @A: 13 22 12 35 | 01
#0894-d158 @A: 22 12 21 29 | 04
#0895-d158 @A: 22 02 29 03 | 02
#0896-d158 @A: 22 03 13 10 | 07
#0897-d158 @A: 06 28 22 35 | 05
#0898-d158 @A: 16 22 28 04 | 11
#0899-d158 @A: 32 02 10 22 | 08
#0900-d158 @A: 01 18 34 23 | 06
#0901-d158 @A: 15 31 10 34 | 09
#0902-d158 @A: 34 03 11 04 | 10
#0903-d158 @A: 34 28 13 10 | 03
#0904-d158 @A: 18 09 12 19 | 12
#0905-d158 @A: 35 19 23 09 | 01
#0906-d158 @A: 07 33 19 09 | 04
#0907-d158 @A: 11 28 09 18 | 02
#0908-d158 @A: 03 07 14 09 | 07
#0909-d158 @A: 21 31 09 17 | 05
#0910-d158 @A: 03 15 31 09 | 11
#0911-d158 @A: 13 26 23 09 | 08
#0912-d158 @A: 17 09 23 06 | 06
#0913-d158 @A: 25 02 17 09 | 09
#0914-d158 @A: 09 27 15 35 | 10
#0915-d158 @A: 12 11 09 21 | 03
#0916-d158 @A: 09 21 04 29 | 12
#0917-d158 @A: 01 16 28 18 | 01
#0918-d158 @A: 03 14 01 27 | 04
#0919-d158 @A: 20 01 27 32 | 02
#0920-d158 @A: 17 15 27 01 | 07
#0921-d158 @A: 01 13 17 16 | 05
#0922-d158 @A: 05 32 01 25 | 11
#0923-d158 @A: 04 01 12 21 | 08
#0924-d158 @A: 01 06 32 04 | 06
#0925-d158 @A: 25 19 14 05 | 09
#0926-d158 @A: 26 20 28 19 | 10
#0927-d158 @A: 19 27 17 07 | 03
#0928-d158 @A: 15 04 19 28 | 12
#0929-d158 @A: 14 12 18 17 | 01
#0930-d158 @A: 31 12 05 18 | 04
#0931-d158 @A: 29 18 26 17 | 02
#0932-d158 @A: 25 18 23 21 | 07
#0933-d158 @A: 23 18 33 29 | 05
#0934-d158 @A: 17 16 18 27 | 11
#0935-d158 @A: 25 18 35 27 | 08
#0936-d158 @A: 29 18 27 15 | 06
#0937-d158 @A: 10 18 04 07 | 09
#0938-d158 @A: 18 21 06 28 | 10
#0939-d158 @A: 31 14 15 33 | 03
#0940-d158 @A: 26 25 11 14 | 12
#0941-d158 @A: 26 27 14 07 | 01
#0942-d158 @A: 14 17 23 29 | 04
#0943-d158 @A: 16 25 14 04 | 02
#0944-d158 @A: 14 11 07 12 | 07
#0945-d158 @A: 14 13 29 07 | 05
#0946-d158 @A: 14 28 32 06 | 11
#0947-d158 @A: 20 07 33 31 | 08
#0948-d158 @A: 27 20 31 03 | 06
#0949-d158 @A: 31 17 23 03 | 09
#0950-d158 @A: 26 03 27 25 | 10
#0951-d158 @A: 26 12 33 15 | 03
#0952-d158 @A: 13 26 28 03 | 12
#0953-d158 @A: 06 35 26 15 | 01
#0954-d158 @A: 13 04 26 10 | 04
#0955-d158 @A: 23 10 20 33 | 02
#0956-d158 @A: 11 17 15 20 | 07
#0957-d158 @A: 20 27 29 25 | 05
#0958-d158 @A: 33 15 20 03 | 11
#0959-d158 @A: 16 05 20 33 | 08
#0960-d158 @A: 20 21 27 16 | 06
#0961-d158 @A: 06 07 02 20 | 09
#0962-d158 @A: 17 23 27 33 | 10
#0963-d158 @A: 21 23 12 27 | 03
#0964-d158 @A: 03 16 11 23 | 12
#0965-d158 @A: 15 28 06 23 | 01
#0966-d158 @A: 17 33 25 12 | 04
#0967-d158 @A: 28 02 17 33 | 02
#0968-d158 @A: 17 28 06 07 | 07
#0969-d158 @A: 32 03 17 13 | 05
#0970-d158 @A: 17 04 05 06 | 11
#0971-d158 @A: 04 35 02 17 | 08
#0972-d158 @A: 17 06 13 21 | 06
#0973-d158 @A: 25 13 27 07 | 09
#0974-d158 @A: 25 06 05 02 | 10
#0975-d158 @A: 13 21 28 25 | 03
#0976-d158 @A: 03 12 27 33 | 12
#0977-d158 @A: 05 11 33 35 | 01
#0978-d158 @A: 21 33 15 05 | 04
#0979-d158 @A: 33 29 35 10 | 02
#0980-d158 @A: 33 15 28 16 | 07
#0981-d158 @A: 21 29 32 27 | 05
#0982-d158 @A: 08 10 12 24 | 11
#0983-d158 @A: 26 22 08 03 | 08
#0984-d158 @A: 25 22 08 16 | 06
#0985-d158 @A: 34 17 08 01 | 09
#0986-d158 @A: 08 20 34 07 | 10
#0987-d158 @A: 05 08 25 34 | 03
#0988-d158 @A: 09 08 32 12 | 12
#0989-d158 @A: 17 19 16 08 | 01
#0990-d158 @A: 08 07 18 06 | 04
#0991-d158 @A: 08 14 17 31 | 02
#0992-d158 @A: 08 28 27 20 | 07
#0993-d158 @A: 08 27 23 02 | 05
#0994-d158 @A: 25 15 08 32 | 11
#0995-d158 @A: 08 04 11 32 | 08
#0996-d158 @A: 35 12 08 05 | 06
#0997-d158 @A: 15 12 16 08 | 09
#0998-d158 @A: 29 15 03 08 | 10
#0999-d158 @A: 14 30 02 24 | 03
#1000-d158 @A: 30 24 21 31 | 12
#1001-d158 @A: 24 30 05 20 | 01
#1002-d158 @A: 15 35 22 24 | 04
#1003-d158 @A: 07 24 34 19 | 02
#1004-d158 @A: 24 09 23 07 | 07
#1005-d158 @A: 09 21 24 33 | 05
#1006-d158 @A: 31 25 24 01 | 11
#1007-d158 @A: 27 01 02 24 | 08
#1008-d158 @A: 07 15 01 24 | 06
#1009-d158 @A: 19 20 24 21 | 09
#1010-d158 @A: 10 24 19 05 | 10
#1011-d158 @A: 25 06 24 18 | 03
#1012-d158 @A: 14 25 23 24 | 12
#1013-d158 @A: 17 26 24 10 | 01
#1014-d158 @A: 24 17 27 05 | 04
#1015-d158 @A: 25 24 29 21 | 02
#1016-d158 @A: 10 13 24 11 | 07
#1017-d158 @A: 24 03 32 29 | 05
#1018-d158 @A: 13 16 24 05 | 11
#1019-d158 @A: 35 32 13 24 | 08
#1020-d158 @A: 30 14 17 22 | 06
#1021-d158 @A: 25 22 30 05 | 09
#1022-d158 @A: 12 30 01 09 | 10
#1023-d158 @A: 30 01 14 06 | 03
#1024-d158 @A: 27 30 05 01 | 12
#1025-d158 @A: 18 19 28 30 | 01
#1026-d158 @A: 30 26 25 19 | 04
#1027-d158 @A: 18 06 17 30 | 02
#1028-d158 @A: 17 15 30 18 | 07
#1029-d158 @A: 29 17 31 30 | 05
#1030-d158 @A: 31 30 27 02 | 11
#1031-d158 @A: 26 11 17 30 | 08
#1032-d158 @A: 27 15 33 30 | 06
#1033-d158 @A: 28 03 05 30 | 09
#1034-d158 @A: 10 16 06 30 | 10
#1035-d158 @A: 13 22 09 18 | 03
#1036-d158 @A: 22 09 31 06 | 12
#1037-d158 @A: 22 11 26 09 | 01
#1038-d158 @A: 12 17 09 22 | 04
#1039-d158 @A: 18 22 26 35 | 02
#1040-d158 @A: 22 02 18 27 | 07
#1041-d158 @A: 35 11 22 20 | 05
#1042-d158 @A: 21 25 33 22 | 11
#1043-d158 @A: 34 23 28 09 | 08
#1044-d158 @A: 09 02 34 10 | 06
#1045-d158 @A: 16 33 19 34 | 09
#1046-d158 @A: 21 34 15 18 | 10
#1047-d158 @A: 14 32 31 34 | 03
#1048-d158 @A: 14 34 15 23 | 12
#1049-d158 @A: 28 27 26 34 | 01
#1050-d158 @A: 34 17 10 33 | 04
#1051-d158 @A: 17 06 11 34 | 02
#1052-d158 @A: 03 21 35 34 | 07
#1053-d158 @A: 04 05 34 10 | 05
#1054-d158 @A: 35 34 04 16 | 11
#1055-d158 @A: 11 09 01 19 | 08
#1056-d158 @A: 09 06 20 01 | 06
#1057-d158 @A: 09 18 29 14 | 09
#1058-d158 @A: 16 18 09 33 | 10
#1059-d158 @A: 25 32 26 09 | 03
#1060-d158 @A: 03 26 09 21 | 12
#1061-d158 @A: 23 09 05 20 | 01
#1062-d158 @A: 09 17 20 35 | 04
#1063-d158 @A: 09 33 17 32 | 02
#1064-d158 @A: 09 07 17 05 | 07
#1065-d158 @A: 02 09 03 11 | 05
#1066-d158 @A: 09 12 28 10 | 11
#1067-d158 @A: 04 13 09 06 | 08
#1068-d158 @A: 10 09 04 15 | 06
#1069-d158 @A: 15 29 09 32 | 09
#1070-d158 @A: 15 19 01 10 | 10
#1071-d158 @A: 31 05 01 20 | 03
#1072-d158 @A: 13 23 27 01 | 12
#1073-d158 @A: 01 13 04 07 | 01
#1074-d158 @A: 12 01 03 10 | 04
#1075-d158 @A: 32 01 12 35 | 02
#1076-d158 @A: 17 05 19 35 | 07
#1077-d158 @A: 19 06 16 07 | 05
#1078-d158 @A: 12 28 19 11 | 11
#1079-d158 @A: 19 32 10 03 | 08
#1080-d158 @A: 35 04 28 19 | 06
#1081-d158 @A: 18 14 23 31 | 09
#1082-d158 @A: 28 14 18 26 | 10
#1083-d158 @A: 18 15 14 10 | 03
#1084-d158 @A: 02 31 33 18 | 12
#1085-d158 @A: 18 33 04 20 | 01
#1086-d158 @A: 23 18 17 35 | 04
#1087-d158 @A: 17 33 18 11 | 02
#1088-d158 @A: 18 04 12 29 | 07
#1089-d158 @A: 11 14 31 21 | 05
#1090-d158 @A: 14 33 23 04 | 11
#1091-d158 @A: 25 31 02 11 | 08
#1092-d158 @A: 06 25 16 31 | 06
#1093-d158 @A: 16 31 28 11 | 09
#1094-d158 @A: 13 29 02 31 | 10
#1095-d158 @A: 26 20 33 03 | 03
#1096-d158 @A: 17 06 25 26 | 12
#1097-d158 @A: 07 17 33 26 | 01
#1098-d158 @A: 21 26 12 06 | 04
#1099-d158 @A: 04 02 26 06 | 02
#1100-d158 @A: 26 28 02 32 | 07
#1101-d158 @A: 12 11 20 04 | 05
#1102-d158 @A: 03 21 32 20 | 11
#1103-d158 @A: 05 20 10 32 | 08
#1104-d158 @A: 02 35 20 10 | 06
#1105-d158 @A: 04 15 17 23 | 09
#1106-d158 @A: 16 23 33 21 | 10
#1107-d158 @A: 13 07 12 23 | 03
#1108-d158 @A: 07 29 23 10 | 12
#1109-d158 @A: 11 02 23 06 | 01
#1110-d158 @A: 28 06 23 13 | 04
#1111-d158 @A: 32 17 15 12 | 02
#1112-d158 @A: 25 07 05 04 | 07
#1113-d158 @A: 12 11 25 10 | 05
#1114-d158 @A: 03 35 25 12 | 11
#1115-d158 @A: 29 25 13 12 | 08
#1116-d158 @A: 25 16 28 35 | 06
#1117-d158 @A: 10 32 04 25 | 09
#1118-d158 @A: 12 16 33 13 | 10
#1119-d158 @A: 07 03 02 27 | 03
#1120-d158 @A: 10 03 29 27 | 12
#1121-d158 @A: 15 27 02 32 | 01
#1122-d158 @A: 24 13 30 08 | 04
#1123-d158 @A: 31 26 08 24 | 02
#1124-d158 @A: 01 25 09 08 | 07
#1125-d158 @A: 29 09 19 08 | 05
#1126-d158 @A: 11 08 14 09 | 11
#1127-d158 @A: 08 33 09 06 | 08
#1128-d158 @A: 14 35 18 08 | 06
#1129-d158 @A: 08 14 26 02 | 09
#1130-d158 @A: 27 05 08 31 | 10
#1131-d158 @A: 08 15 27 31 | 03
#1132-d158 @A: 08 05 04 26 | 12
#1133-d158 @A: 03 20 25 08 | 01
#1134-d158 @A: 08 20 33 35 | 04
#1135-d158 @A: 32 25 08 21 | 02
#1136-d158 @A: 07 21 08 28 | 07
#1137-d158 @A: 08 12 11 29 | 05
#1138-d158 @A: 08 11 21 05 | 11
#1139-d158 @A: 02 03 04 08 | 08
#1140-d158 @A: 24 20 09 22 | 06
#1141-d158 @A: 25 19 24 22 | 09
#1142-d158 @A: 14 11 24 22 | 10
#1143-d158 @A: 22 17 24 21 | 03
#1144-d158 @A: 24 34 03 26 | 12
#1145-d158 @A: 34 13 15 24 | 01
#1146-d158 @A: 25 11 09 24 | 04
#1147-d158 @A: 33 24 15 09 | 02
#1148-d158 @A: 01 33 03 24 | 07
#1149-d158 @A: 13 01 24 29 | 05
#1150-d158 @A: 18 32 24 33 | 11
#1151-d158 @A: 14 35 24 33 | 08
#1152-d158 @A: 07 20 26 24 | 06
#1153-d158 @A: 20 06 28 24 | 09
#1154-d158 @A: 07 33 11 24 | 10
#1155-d158 @A: 05 28 35 24 | 03
#1156-d158 @A: 14 30 22 15 | 12
#1157-d158 @A: 22 28 31 30 | 01
#1158-d158 @A: 30 35 34 18 | 04
#1159-d158 @A: 01 30 33 32 | 02
#1160-d158 @A: 26 30 10 18 | 07
#1161-d158 @A: 05 31 11 30 | 05
#1162-d158 @A: 26 05 30 13 | 11
#1163-d158 @A: 04 20 27 30 | 08
#1164-d158 @A: 03 17 30 33 | 06
#1165-d158 @A: 03 35 13 30 | 09
#1166-d158 @A: 32 30 35 15 | 10
#1167-d158 @A: 32 22 34 21 | 03
#1168-d158 @A: 33 22 09 02 | 12
#1169-d158 @A: 35 14 22 01 | 01
#1170-d158 @A: 01 22 28 26 | 04
#1171-d158 @A: 01 32 22 29 | 02
#1172-d158 @A: 22 10 23 26 | 07
#1173-d158 @A: 17 13 26 22 | 05
#1174-d158 @A: 07 22 25 26 | 11
#1175-d158 @A: 21 22 28 02 | 08
#1176-d158 @A: 09 34 13 01 | 06
#1177-d158 @A: 35 34 07 14 | 09
#1178-d158 @A: 31 26 06 34 | 10
#1179-d158 @A: 02 17 34 31 | 03
#1180-d158 @A: 34 31 28 25 | 12
#1181-d158 @A: 31 12 27 34 | 01
#1182-d158 @A: 04 25 33 34 | 04
#1183-d158 @A: 25 12 34 06 | 02
#1184-d158 @A: 05 16 27 34 | 07
#1185-d158 @A: 16 13 11 34 | 05
#1186-d158 @A: 12 29 34 02 | 11
#1187-d158 @A: 34 35 29 13 | 08
#1188-d158 @A: 29 21 34 28 | 06
#1189-d158 @A: 07 02 01 09 | 09
#1190-d158 @A: 01 09 16 32 | 10
#1191-d158 @A: 09 32 19 14 | 03
#1192-d158 @A: 09 31 18 25 | 12
#1193-d158 @A: 09 10 03 20 | 01
#1194-d158 @A: 05 09 12 25 | 04
#1195-d158 @A: 06 09 27 35 | 02
#1196-d158 @A: 04 09 12 07 | 07
#1197-d158 @A: 16 29 09 07 | 05
#1198-d158 @A: 13 12 09 03 | 11
#1199-d158 @A: 13 05 09 29 | 08
#1200-d158 @A: 16 13 09 28 | 06
#1201-d158 @A: 31 04 10 01 | 09
#1202-d158 @A: 04 01 26 25 | 10
#1203-d158 @A: 03 01 25 17 | 03
#1204-d158 @A: 32 11 01 07 | 12
#1205-d158 @A: 21 13 01 11 | 01
#1206-d158 @A: 16 05 35 01 | 04
#1207-d158 @A: 01 04 16 02 | 02
#1208-d158 @A: 28 01 21 10 | 07
#1209-d158 @A: 19 12 31 14 | 05
#1210-d158 @A: 31 25 19 07 | 11
#1211-d158 @A: 17 19 32 26 | 08
#1212-d158 @A: 26 07 21 19 | 06
#1213-d158 @A: 20 19 15 33 | 09
#1214-d158 @A: 12 07 10 19 | 10
#1215-d158 @A: 19 13 28 07 | 03
#1216-d158 @A: 19 11 03 35 | 12
#1217-d158 @A: 03 16 19 12 | 01
#1218-d158 @A: 29 19 32 35 | 04
#1219-d158 @A: 16 15 19 02 | 02
#1220-d158 @A: 29 31 21 18 | 07
#1221-d158 @A: 20 17 32 18 | 05
#1222-d158 @A: 27 32 06 18 | 11
#1223-d158 @A: 18 15 12 11 | 08
#1224-d158 @A: 18 05 32 03 | 06
#1225-d158 @A: 02 29 18 06 | 09
#1226-d158 @A: 20 16 17 14 | 10
#1227-d158 @A: 13 23 14 11 | 03
#1228-d158 @A: 14 02 25 15 | 12
#1229-d158 @A: 29 06 35 14 | 01
#1230-d158 @A: 23 31 21 26 | 04
#1231-d158 @A: 33 12 31 26 | 02
#1232-d158 @A: 28 31 26 15 | 07
#1233-d158 @A: 31 25 27 21 | 05
#1234-d158 @A: 10 31 33 32 | 11
#1235-d158 @A: 12 31 02 07 | 08
#1236-d158 @A: 03 31 07 05 | 06
#1237-d158 @A: 10 31 28 03 | 09
#1238-d158 @A: 05 13 28 31 | 10
#1239-d158 @A: 04 31 16 29 | 03
#1240-d158 @A: 20 26 05 17 | 12
#1241-d158 @A: 20 26 27 13 | 01
#1242-d158 @A: 33 26 06 32 | 04
#1243-d158 @A: 04 15 26 27 | 02
#1244-d158 @A: 03 11 29 26 | 07
#1245-d158 @A: 10 26 06 11 | 05
#1246-d158 @A: 17 20 02 27 | 11
#1247-d158 @A: 27 25 20 15 | 08
#1248-d158 @A: 07 05 20 28 | 06
#1249-d158 @A: 20 03 04 06 | 09
#1250-d158 @A: 23 05 25 27 | 10
#1251-d158 @A: 04 02 12 23 | 03
#1252-d158 @A: 23 05 35 32 | 12
#1253-d158 @A: 16 15 35 23 | 01
#1254-d158 @A: 23 35 21 13 | 04
#1255-d158 @A: 23 04 10 28 | 02
#1256-d158 @A: 02 11 05 17 | 07
#1257-d158 @A: 10 17 35 15 | 05
#1258-d158 @A: 35 11 25 32 | 11
#1259-d158 @A: 03 25 04 21 | 08
#1260-d158 @A: 03 28 25 32 | 06
#1261-d158 @A: 25 10 05 28 | 09
#1262-d158 @A: 04 35 06 25 | 10
#1263-d158 @A: 16 02 13 25 | 03
#1264-d158 @A: 03 32 33 16 | 12
#1265-d158 @A: 16 10 28 33 | 01
#1266-d158 @A: 07 28 27 16 | 04
#1267-d158 @A: 11 02 27 35 | 02
#1268-d158 @A: 02 12 10 27 | 07
#1269-d158 @A: 03 27 13 06 | 05
#1270-d158 @A: 04 27 28 06 | 11
#1271-d158 @A: 13 27 04 21 | 08
#1272-d158 @A: 27 16 13 32 | 06
#1273-d158 @A: 15 11 10 21 | 09
#1274-d158 @A: 06 21 15 29 | 10
#1275-d158 @A: 35 24 03 08 | 03
#1276-d158 @A: 30 08 11 22 | 12
#1277-d158 @A: 03 30 08 09 | 01
#1278-d158 @A: 08 30 25 35 | 04
#1279-d158 @A: 33 30 04 08 | 02
#1280-d158 @A: 10 22 08 34 | 07
#1281-d158 @A: 01 08 06 22 | 05
#1282-d158 @A: 08 14 13 22 | 11
#1283-d158 @A: 07 22 08 23 | 08
#1284-d158 @A: 32 08 34 27 | 06
#1285-d158 @A: 09 31 08 35 | 09
#1286-d158 @A: 05 19 15 08 | 10
#1287-d158 @A: 04 21 16 08 | 03
#1288-d158 @A: 24 12 18 30 | 12
#1289-d158 @A: 24 29 09 28 | 01
#1290-d158 @A: 24 01 18 26 | 04
#1291-d158 @A: 29 33 24 20 | 02
#1292-d158 @A: 24 03 07 28 | 07
#1293-d158 @A: 12 16 04 24 | 05
#1294-d158 @A: 30 23 34 22 | 11
#1295-d158 @A: 30 35 22 10 | 08
#1296-d158 @A: 16 09 34 30 | 06
#1297-d158 @A: 12 34 17 30 | 09
#1298-d158 @A: 30 21 34 25 | 10
#1299-d158 @A: 30 09 32 31 | 03
#1300-d158 @A: 01 17 02 30 | 12
#1301-d158 @A: 30 23 18 16 | 01
#1302-d158 @A: 31 03 14 30 | 04
#1303-d158 @A: 14 30 16 32 | 02
#1304-d158 @A: 33 26 30 02 | 07
#1305-d158 @A: 20 11 33 30 | 05
#1306-d158 @A: 23 03 25 30 | 11
#1307-d158 @A: 17 30 16 35 | 08
#1308-d158 @A: 30 13 12 10 | 06
#1309-d158 @A: 20 18 22 31 | 09
#1310-d158 @A: 32 26 14 22 | 10
#1311-d158 @A: 29 14 20 22 | 03
#1312-d158 @A: 16 31 23 22 | 12
#1313-d158 @A: 22 28 33 03 | 01
#1314-d158 @A: 04 22 02 07 | 04
#1315-d158 @A: 22 04 11 05 | 02
#1316-d158 @A: 22 02 05 35 | 07
#1317-d158 @A: 09 34 31 03 | 05
#1318-d158 @A: 11 33 09 34 | 11
#1319-d158 @A: 27 09 34 21 | 08
#1320-d158 @A: 34 26 05 01 | 06
#1321-d158 @A: 07 34 27 01 | 09
#1322-d158 @A: 34 10 31 19 | 10
#1323-d158 @A: 26 34 11 19 | 03
#1324-d158 @A: 10 34 23 35 | 12
#1325-d158 @A: 03 34 33 05 | 01
#1326-d158 @A: 16 03 29 34 | 04
#1327-d158 @A: 35 18 01 09 | 02
#1328-d158 @A: 20 07 09 18 | 07
#1329-d158 @A: 31 09 04 27 | 05
#1330-d158 @A: 28 07 09 31 | 11
#1331-d158 @A: 25 20 21 09 | 08
#1332-d158 @A: 16 23 25 09 | 06
#1333-d158 @A: 27 10 23 09 | 09
#1334-d158 @A: 27 33 25 09 | 10
#1335-d158 @A: 09 25 13 35 | 03
#1336-d158 @A: 15 06 09 07 | 12
#1337-d158 @A: 13 11 32 09 | 01
#1338-d158 @A: 16 05 04 09 | 04
#1339-d158 @A: 09 16 02 35 | 02
#1340-d158 @A: 21 05 18 01 | 07
#1341-d158 @A: 04 01 14 20 | 05
#1342-d158 @A: 25 14 12 01 | 11
#1343-d158 @A: 33 27 01 31 | 08
#1344-d158 @A: 28 25 01 23 | 06
#1345-d158 @A: 23 01 33 02 | 09
#1346-d158 @A: 32 03 23 01 | 10
#1347-d158 @A: 29 33 01 17 | 03
#1348-d158 @A: 15 33 29 01 | 12
#1349-d158 @A: 06 07 10 01 | 01
#1350-d158 @A: 18 27 21 19 | 04
#1351-d158 @A: 33 19 21 31 | 02
#1352-d158 @A: 03 25 19 33 | 07
#1353-d158 @A: 27 19 02 28 | 05
#1354-d158 @A: 11 19 07 02 | 11
#1355-d158 @A: 19 29 12 05 | 08
#1356-d158 @A: 21 29 19 06 | 06
#1357-d158 @A: 18 32 26 31 | 09
#1358-d158 @A: 18 03 23 10 | 10
#1359-d158 @A: 07 33 25 18 | 03
#1360-d158 @A: 11 18 03 25 | 12
#1361-d158 @A: 11 18 13 07 | 01
#1362-d158 @A: 29 05 07 18 | 04
#1363-d158 @A: 18 21 32 12 | 02
#1364-d158 @A: 18 21 16 35 | 07
#1365-d158 @A: 04 32 18 16 | 05
#1366-d158 @A: 31 14 27 06 | 11
#1367-d158 @A: 16 07 14 31 | 08
#1368-d158 @A: 14 35 17 11 | 06
#1369-d158 @A: 02 29 14 27 | 09
#1370-d158 @A: 07 28 14 04 | 10
#1371-d158 @A: 15 14 12 35 | 03
#1372-d158 @A: 14 12 13 28 | 12
#1373-d158 @A: 35 05 14 13 | 01
#1374-d158 @A: 04 14 21 35 | 04
#1375-d158 @A: 32 14 15 13 | 02
#1376-d158 @A: 25 10 31 26 | 07
#1377-d158 @A: 31 27 26 16 | 05
#1378-d158 @A: 26 31 35 05 | 11
#1379-d158 @A: 20 04 17 31 | 08
#1380-d158 @A: 21 32 31 07 | 06
#1381-d158 @A: 03 13 31 11 | 09
#1382-d158 @A: 26 20 25 35 | 10
#1383-d158 @A: 35 33 26 23 | 03
#1384-d158 @A: 26 12 02 25 | 12
#1385-d158 @A: 21 26 25 05 | 01
#1386-d158 @A: 07 05 26 02 | 04
#1387-d158 @A: 26 32 07 13 | 02
#1388-d158 @A: 26 35 32 04 | 07
#1389-d158 @A: 06 13 26 16 | 05
#1390-d158 @A: 16 26 32 21 | 11
#1391-d158 @A: 12 06 05 20 | 08
#1392-d158 @A: 28 29 20 02 | 06
#1393-d158 @A: 20 32 16 06 | 09
#1394-d158 @A: 04 17 32 23 | 10
#1395-d158 @A: 10 05 23 12 | 03
#1396-d158 @A: 28 03 27 17 | 12
#1397-d158 @A: 07 17 21 35 | 01
#1398-d158 @A: 28 04 17 11 | 04
#1399-d158 @A: 29 11 17 13 | 02
#1400-d158 @A: 03 15 21 17 | 07
#1401-d158 @A: 35 17 28 13 | 05
#1402-d158 @A: 25 21 07 12 | 11
#1403-d158 @A: 12 25 32 16 | 08
#1404-d158 @A: 29 25 10 15 | 06
#1405-d158 @A: 07 33 05 12 | 09
#1406-d158 @A: 32 33 12 04 | 10
#1407-d158 @A: 10 06 12 33 | 03
#1408-d158 @A: 03 35 33 02 | 12
#1409-d158 @A: 06 15 04 33 | 01
#1410-d158 @A: 32 12 27 28 | 04
#1411-d158 @A: 27 35 03 32 | 02
#1412-d158 @A: 02 15 07 12 | 07
#1413-d158 @A: 11 08 34 31 | 05
#1414-d158 @A: 09 08 26 07 | 11
#1415-d158 @A: 07 08 01 31 | 08
#1416-d158 @A: 08 32 01 26 | 06
#1417-d158 @A: 08 29 01 03 | 09
#1418-d158 @A: 18 10 08 31 | 10
#1419-d158 @A: 08 27 18 33 | 03
#1420-d158 @A: 11 33 26 08 | 12
#1421-d158 @A: 07 04 35 08 | 01
#1422-d158 @A: 08 11 02 10 | 04
#1423-d158 @A: 04 29 08 13 | 02
#1424-d158 @A: 08 16 02 06 | 07
#1425-d158 @A: 35 23 24 30 | 05
#1426-d158 @A: 32 24 25 30 | 11
#1427-d158 @A: 24 12 31 22 | 08
#1428-d158 @A: 32 24 34 09 | 06
#1429-d158 @A: 05 06 01 24 | 09
#1430-d158 @A: 31 28 19 24 | 10
#1431-d158 @A: 24 19 11 17 | 03
#1432-d158 @A: 14 26 24 12 | 12
#1433-d158 @A: 32 31 27 24 | 01
#1434-d158 @A: 15 31 24 12 | 04
#1435-d158 @A: 27 26 33 24 | 02
#1436-d158 @A: 03 17 20 24 | 07
#1437-d158 @A: 24 23 03 15 | 05
#1438-d158 @A: 27 25 24 16 | 11
#1439-d158 @A: 25 24 15 06 | 08
#1440-d158 @A: 24 27 11 04 | 06
#1441-d158 @A: 29 12 24 07 | 09
#1442-d158 @A: 05 32 24 12 | 10
#1443-d158 @A: 03 24 05 04 | 03
#1444-d158 @A: 19 02 30 22 | 12
#1445-d158 @A: 13 30 31 34 | 01
#1446-d158 @A: 09 35 30 14 | 04
#1447-d158 @A: 28 09 33 30 | 02
#1448-d158 @A: 29 01 20 30 | 07
#1449-d158 @A: 11 19 10 30 | 05
#1450-d158 @A: 18 30 04 14 | 11
#1451-d158 @A: 13 25 30 14 | 08
#1452-d158 @A: 26 30 07 16 | 06
#1453-d158 @A: 20 30 07 10 | 09
#1454-d158 @A: 06 05 23 30 | 10
#1455-d158 @A: 30 17 32 05 | 03
#1456-d158 @A: 29 27 30 12 | 12
#1457-d158 @A: 30 28 35 29 | 01
#1458-d158 @A: 34 03 17 22 | 04
#1459-d158 @A: 34 11 02 22 | 02
#1460-d158 @A: 21 07 22 09 | 07
#1461-d158 @A: 01 25 22 15 | 05
#1462-d158 @A: 14 18 07 22 | 11
#1463-d158 @A: 17 05 18 22 | 08
#1464-d158 @A: 14 33 22 05 | 06
#1465-d158 @A: 29 22 31 27 | 09
#1466-d158 @A: 35 23 25 22 | 10
#1467-d158 @A: 13 02 23 22 | 03
#1468-d158 @A: 15 13 33 22 | 12
#1469-d158 @A: 06 12 11 22 | 01
#1470-d158 @A: 03 32 22 11 | 04
#1471-d158 @A: 16 03 21 22 | 02
#1472-d158 @A: 22 29 10 28 | 07
#1473-d158 @A: 20 03 34 01 | 05
#1474-d158 @A: 34 18 17 21 | 11
#1475-d158 @A: 34 32 18 25 | 08
#1476-d158 @A: 26 10 14 34 | 06
#1477-d158 @A: 03 25 34 14 | 09
#1478-d158 @A: 23 31 34 29 | 10
#1479-d158 @A: 15 33 02 34 | 03
#1480-d158 @A: 34 13 12 04 | 12
#1481-d158 @A: 34 03 32 06 | 01
#1482-d158 @A: 26 01 31 09 | 04
#1483-d158 @A: 14 20 13 09 | 02
#1484-d158 @A: 09 11 15 14 | 07
#1485-d158 @A: 35 09 29 12 | 05
#1486-d158 @A: 03 28 06 09 | 11
#1487-d158 @A: 35 09 21 28 | 08
#1488-d158 @A: 09 21 02 13 | 06
#1489-d158 @A: 28 19 14 01 | 09
#1490-d158 @A: 19 10 23 01 | 10
#1491-d158 @A: 01 07 19 05 | 03
#1492-d158 @A: 25 18 01 13 | 12
#1493-d158 @A: 12 01 33 18 | 01
#1494-d158 @A: 14 01 23 16 | 04
#1495-d158 @A: 31 23 11 01 | 02
#1496-d158 @A: 01 17 35 26 | 07
#1497-d158 @A: 10 01 33 26 | 05
#1498-d158 @A: 21 16 07 01 | 11
#1499-d158 @A: 13 35 06 01 | 08
#1500-d158 @A: 01 02 28 15 | 06
#1501-d158 @A: 15 01 21 16 | 09
#1502-d158 @A: 31 35 19 18 | 10
#1503-d158 @A: 32 19 31 23 | 03
#1504-d158 @A: 26 05 33 19 | 12
#1505-d158 @A: 04 19 23 05 | 01
#1506-d158 @A: 25 19 15 11 | 04
#1507-d158 @A: 21 05 19 16 | 02
#1508-d158 @A: 19 10 02 04 | 07
#1509-d158 @A: 10 28 19 06 | 05
#1510-d158 @A: 15 26 25 18 | 11
#1511-d158 @A: 26 05 27 18 | 08
#1512-d158 @A: 18 15 35 20 | 06
#1513-d158 @A: 06 11 04 18 | 09
#1514-d158 @A: 13 04 35 18 | 10
#1515-d158 @A: 02 13 32 18 | 03
#1516-d158 @A: 18 10 13 06 | 12
#1517-d158 @A: 26 31 13 14 | 01
#1518-d158 @A: 14 17 15 26 | 04
#1519-d158 @A: 14 05 20 27 | 02
#1520-d158 @A: 32 14 33 25 | 07
#1521-d158 @A: 02 21 07 14 | 05
#1522-d158 @A: 11 14 32 29 | 11
#1523-d158 @A: 12 14 32 10 | 08
#1524-d158 @A: 03 10 35 14 | 06
#1525-d158 @A: 10 14 13 02 | 09
#1526-d158 @A: 16 21 29 14 | 10
#1527-d158 @A: 31 12 20 35 | 03
#1528-d158 @A: 31 05 23 33 | 12
#1529-d158 @A: 23 31 35 02 | 01
#1530-d158 @A: 31 06 32 11 | 04
#1531-d158 @A: 04 31 03 12 | 02
#1532-d158 @A: 12 13 06 31 | 07
#1533-d158 @A: 03 31 02 32 | 05
#1534-d158 @A: 35 31 05 15 | 11
#1535-d158 @A: 20 32 23 26 | 08
#1536-d158 @A: 23 26 29 27 | 06
#1537-d158 @A: 02 10 03 26 | 09
#1538-d158 @A: 29 26 28 06 | 10
#1539-d158 @A: 20 29 10 17 | 03
#1540-d158 @A: 07 11 20 16 | 12
#1541-d158 @A: 23 28 17 21 | 01
#1542-d158 @A: 23 28 11 32 | 04
#1543-d158 @A: 23 02 05 16 | 02
#1544-d158 @A: 13 10 23 16 | 07
#1545-d158 @A: 07 17 03 11 | 05
#1546-d158 @A: 07 11 25 06 | 11
#1547-d158 @A: 32 25 06 13 | 08
#1548-d158 @A: 27 33 28 21 | 06
#1549-d158 @A: 33 16 29 11 | 09
#1550-d158 @A: 29 33 04 28 | 10
#1551-d158 @A: 29 33 13 32 | 03
#1552-d158 @A: 27 07 04 29 | 12
#1553-d158 @A: 29 28 07 15 | 01
#1554-d158 @A: 29 35 02 15 | 04
#1555-d158 @A: 24 14 08 06 | 02
#1556-d158 @A: 20 08 16 24 | 07
#1557-d158 @A: 05 23 08 24 | 05
#1558-d158 @A: 08 19 01 30 | 11
#1559-d158 @A: 29 30 23 08 | 08
#1560-d158 @A: 08 31 22 32 | 06
#1561-d158 @A: 08 34 13 18 | 09
#1562-d158 @A: 34 26 29 08 | 10
#1563-d158 @A: 18 08 04 01 | 03
#1564-d158 @A: 19 33 08 10 | 12
#1565-d158 @A: 05 08 02 18 | 01
#1566-d158 @A: 20 12 14 08 | 04
#1567-d158 @A: 03 32 14 08 | 02
#1568-d158 @A: 08 06 26 27 | 07
#1569-d158 @A: 04 08 17 12 | 05
#1570-d158 @A: 13 22 27 24 | 11
#1571-d158 @A: 22 02 24 06 | 08
#1572-d158 @A: 23 12 34 24 | 06
#1573-d158 @A: 35 26 09 24 | 09
#1574-d158 @A: 19 23 29 24 | 10
#1575-d158 @A: 35 24 19 27 | 03
#1576-d158 @A: 18 11 24 31 | 12
#1577-d158 @A: 24 21 15 14 | 01
#1578-d158 @A: 20 15 24 02 | 04
#1579-d158 @A: 16 24 27 15 | 02
#1580-d158 @A: 06 24 13 07 | 07
#1581-d158 @A: 02 24 11 28 | 05
#1582-d158 @A: 24 02 32 16 | 11
#1583-d158 @A: 30 34 05 19 | 08
#1584-d158 @A: 07 34 28 30 | 06
#1585-d158 @A: 13 30 09 17 | 09
#1586-d158 @A: 01 35 30 31 | 10
#1587-d158 @A: 30 21 26 14 | 03
#1588-d158 @A: 14 12 23 30 | 12
#1589-d158 @A: 30 28 14 11 | 01
#1590-d158 @A: 30 31 26 04 | 04
#1591-d158 @A: 31 12 30 25 | 02
#1592-d158 @A: 07 11 29 30 | 07
#1593-d158 @A: 30 35 07 05 | 05
#1594-d158 @A: 15 04 30 03 | 11
#1595-d158 @A: 15 06 30 10 | 08
#1596-d158 @A: 21 32 06 30 | 06
#1597-d158 @A: 01 12 22 34 | 09
#1598-d158 @A: 04 22 17 01 | 10
#1599-d158 @A: 19 21 23 22 | 03
#1600-d158 @A: 12 25 18 22 | 12
#1601-d158 @A: 18 22 10 33 | 01
#1602-d158 @A: 03 14 23 22 | 04
#1603-d158 @A: 20 13 22 33 | 02
#1604-d158 @A: 07 17 29 22 | 07
#1605-d158 @A: 03 15 11 22 | 05
#1606-d158 @A: 05 18 09 34 | 11
#1607-d158 @A: 34 31 16 01 | 08
#1608-d158 @A: 19 03 18 34 | 06
#1609-d158 @A: 23 21 14 34 | 09
#1610-d158 @A: 34 27 33 14 | 10
#1611-d158 @A: 12 26 35 34 | 03
#1612-d158 @A: 06 23 34 04 | 12
#1613-d158 @A: 34 17 04 07 | 01
#1614-d158 @A: 16 12 34 07 | 04
#1615-d158 @A: 07 05 13 34 | 02
#1616-d158 @A: 15 01 09 18 | 07
#1617-d158 @A: 06 18 09 26 | 05
#1618-d158 @A: 09 18 10 21 | 11
#1619-d158 @A: 09 14 23 02 | 08
#1620-d158 @A: 12 09 20 33 | 06
#1621-d158 @A: 09 20 32 28 | 09
#1622-d158 @A: 23 09 33 03 | 10
#1623-d158 @A: 04 09 33 35 | 03
#1624-d158 @A: 09 10 06 29 | 12
#1625-d158 @A: 14 33 01 13 | 01
#1626-d158 @A: 01 21 20 26 | 04
#1627-d158 @A: 06 26 23 01 | 02
#1628-d158 @A: 35 01 07 03 | 07
#1629-d158 @A: 01 28 02 35 | 05
#1630-d158 @A: 06 19 14 18 | 11
#1631-d158 @A: 18 25 16 19 | 08
#1632-d158 @A: 19 11 05 18 | 06
#1633-d158 @A: 11 20 06 19 | 09
#1634-d158 @A: 33 19 23 28 | 10
#1635-d158 @A: 19 23 27 16 | 03
#1636-d158 @A: 17 19 29 25 | 12
#1637-d158 @A: 12 13 19 17 | 01
#1638-d158 @A: 19 33 29 02 | 04
#1639-d158 @A: 19 06 05 13 | 02
#1640-d158 @A: 16 10 35 19 | 07
#1641-d158 @A: 32 04 19 21 | 05
#1642-d158 @A: 06 19 32 02 | 11
#1643-d158 @A: 18 16 03 31 | 08
#1644-d158 @A: 12 27 20 18 | 06
#1645-d158 @A: 27 23 04 18 | 09
#1646-d158 @A: 07 18 03 21 | 10
#1647-d158 @A: 18 06 03 12 | 03
#1648-d158 @A: 06 13 18 15 | 12
#1649-d158 @A: 25 14 20 07 | 01
#1650-d158 @A: 14 32 17 27 | 04
#1651-d158 @A: 28 14 27 25 | 02
#1652-d158 @A: 33 29 12 14 | 07
#1653-d158 @A: 12 14 21 03 | 05
#1654-d158 @A: 14 03 06 02 | 11
#1655-d158 @A: 15 29 16 14 | 08
#1656-d158 @A: 32 13 14 21 | 06
#1657-d158 @A: 17 25 15 31 | 09
#1658-d158 @A: 35 03 29 31 | 10
#1659-d158 @A: 21 06 05 31 | 03
#1660-d158 @A: 15 26 23 32 | 12
#1661-d158 @A: 28 26 25 33 | 01
#1662-d158 @A: 26 04 12 28 | 04
#1663-d158 @A: 29 13 26 21 | 02
#1664-d158 @A: 23 20 29 13 | 07
#1665-d158 @A: 07 12 17 20 | 05
#1666-d158 @A: 28 10 20 11 | 11
#1667-d158 @A: 20 12 06 15 | 08
#1668-d158 @A: 28 20 21 12 | 06
#1669-d158 @A: 05 03 20 29 | 09
#1670-d158 @A: 23 11 12 35 | 10
#1671-d158 @A: 12 15 05 23 | 03
#1672-d158 @A: 12 32 06 23 | 12
#1673-d158 @A: 23 16 12 28 | 01
#1674-d158 @A: 32 10 23 21 | 04
#1675-d158 @A: 17 27 25 04 | 02
#1676-d158 @A: 17 13 02 07 | 07
#1677-d158 @A: 12 10 17 35 | 05
#1678-d158 @A: 17 06 03 35 | 11
#1679-d158 @A: 10 33 13 25 | 08
#1680-d158 @A: 04 15 25 12 | 06
#1681-d158 @A: 03 25 15 28 | 09
#1682-d158 @A: 15 04 25 21 | 10
#1683-d158 @A: 35 33 16 07 | 03
#1684-d158 @A: 05 04 33 13 | 12
#1685-d158 @A: 05 21 33 10 | 01
#1686-d158 @A: 04 33 21 02 | 04
#1687-d158 @A: 27 11 06 29 | 02
#1688-d158 @A: 27 16 11 10 | 07
#1689-d158 @A: 29 16 35 27 | 05
