#0001-d178 @A: 32 23 35 17 | 06
#0002-d178 @A: 17 24 07 03 | 04
#0003-d178 @A: 22 17 23 34 | 01
#0004-d178 @A: 04 23 10 17 | 08
#0005-d178 @A: 26 30 17 08 | 09
#0006-d178 @A: 17 08 01 12 | 10
#0007-d178 @A: 31 19 17 25 | 07
#0008-d178 @A: 35 17 13 01 | 02
#0009-d178 @A: 17 30 22 31 | 05
#0010-d178 @A: 21 03 17 06 | 03
#0011-d178 @A: 34 17 03 30 | 11
#0012-d178 @A: 16 25 35 17 | 12
#0013-d178 @A: 11 21 35 17 | 06
#0014-d178 @A: 17 25 34 12 | 04
#0015-d178 @A: 33 32 20 19 | 01
#0016-d178 @A: 26 32 21 07 | 08
#0017-d178 @A: 32 19 06 08 | 09
#0018-d178 @A: 32 35 01 08 | 10
#0019-d178 @A: 33 05 08 32 | 07
#0020-d178 @A: 18 32 02 34 | 02
#0021-d178 @A: 32 16 02 03 | 05
#0022-d178 @A: 06 29 10 32 | 03
#0023-d178 @A: 32 29 28 34 | 11
#0024-d178 @A: 01 26 06 32 | 12
#0025-d178 @A: 32 28 22 03 | 06
#0026-d178 @A: 11 03 32 01 | 04
#0027-d178 @A: 25 14 32 35 | 01
#0028-d178 @A: 25 32 33 11 | 08
#0029-d178 @A: 32 30 27 11 | 09
#0030-d178 @A: 07 04 33 20 | 10
#0031-d178 @A: 20 33 23 08 | 07
#0032-d178 @A: 27 22 20 23 | 02
#0033-d178 @A: 25 29 20 01 | 05
#0034-d178 @A: 05 13 20 26 | 03
#0035-d178 @A: 03 31 04 20 | 11
#0036-d178 @A: 27 16 20 21 | 12
#0037-d178 @A: 27 30 10 20 | 06
#0038-d178 @A: 11 33 34 20 | 04
#0039-d178 @A: 07 35 23 27 | 01
#0040-d178 @A: 07 09 08 28 | 08
#0041-d178 @A: 01 28 29 07 | 09
#0042-d178 @A: 24 07 15 29 | 10
#0043-d178 @A: 33 10 07 29 | 07
#0044-d178 @A: 27 07 22 13 | 02
#0045-d178 @A: 11 04 07 01 | 05
#0046-d178 @A: 14 04 10 07 | 03
#0047-d178 @A: 07 05 01 31 | 11
#0048-d178 @A: 25 07 15 05 | 12
#0049-d178 @A: 14 05 12 07 | 06
#0050-d178 @A: 07 24 14 06 | 04
#0051-d178 @A: 07 24 27 28 | 01
#0052-d178 @A: 07 11 12 34 | 08
#0053-d178 @A: 24 29 13 23 | 09
#0054-d178 @A: 29 03 35 23 | 10
#0055-d178 @A: 04 33 18 23 | 07
#0056-d178 @A: 09 14 23 10 | 02
#0057-d178 @A: 08 04 19 12 | 05
#0058-d178 @A: 19 08 18 34 | 03
#0059-d178 @A: 08 19 24 14 | 11
#0060-d178 @A: 02 30 18 08 | 12
#0061-d178 @A: 08 24 18 13 | 06
#0062-d178 @A: 09 08 12 13 | 04
#0063-d178 @A: 13 15 33 08 | 01
#0064-d178 @A: 10 08 16 13 | 08
#0065-d178 @A: 22 21 08 33 | 09
#0066-d178 @A: 01 21 08 04 | 10
#0067-d178 @A: 30 08 15 12 | 07
#0068-d178 @A: 35 16 08 21 | 02
#0069-d178 @A: 18 02 19 28 | 05
#0070-d178 @A: 12 26 29 19 | 03
#0071-d178 @A: 04 06 13 19 | 11
#0072-d178 @A: 28 19 26 06 | 12
#0073-d178 @A: 30 19 27 21 | 06
#0074-d178 @A: 19 34 12 21 | 04
#0075-d178 @A: 12 29 02 13 | 01
#0076-d178 @A: 26 14 02 09 | 08
#0077-d178 @A: 04 01 15 02 | 09
#0078-d178 @A: 10 02 01 04 | 10
#0079-d178 @A: 12 16 02 04 | 07
#0080-d178 @A: 21 05 33 02 | 02
#0081-d178 @A: 02 28 24 06 | 05
#0082-d178 @A: 27 35 06 02 | 03
#0083-d178 @A: 24 01 29 26 | 11
#0084-d178 @A: 34 35 26 29 | 12
#0085-d178 @A: 31 09 29 03 | 06
#0086-d178 @A: 15 33 29 03 | 04
#0087-d178 @A: 06 24 29 09 | 01
#0088-d178 @A: 29 15 12 27 | 08
#0089-d178 @A: 21 29 28 33 | 09
#0090-d178 @A: 34 05 11 29 | 10
#0091-d178 @A: 16 13 09 22 | 07
#0092-d178 @A: 01 22 13 33 | 02
#0093-d178 @A: 13 04 15 25 | 05
#0094-d178 @A: 11 13 18 16 | 03
#0095-d178 @A: 13 10 15 31 | 11
#0096-d178 @A: 33 13 34 10 | 12
#0097-d178 @A: 09 26 28 22 | 06
#0098-d178 @A: 30 24 26 18 | 04
#0099-d178 @A: 10 09 26 03 | 01
#0100-d178 @A: 35 15 26 09 | 08
#0101-d178 @A: 27 26 21 34 | 09
#0102-d178 @A: 30 22 04 09 | 10
#0103-d178 @A: 22 16 12 28 | 07
#0104-d178 @A: 09 04 18 21 | 02
#0105-d178 @A: 16 33 04 14 | 05
#0106-d178 @A: 04 21 27 11 | 03
#0107-d178 @A: 05 04 06 12 | 11
#0108-d178 @A: 28 06 33 04 | 12
#0109-d178 @A: 25 14 16 18 | 06
#0110-d178 @A: 18 05 21 34 | 04
#0111-d178 @A: 25 18 31 34 | 01
#0112-d178 @A: 24 34 18 35 | 08
#0113-d178 @A: 10 18 31 12 | 09
#0114-d178 @A: 03 14 33 27 | 10
#0115-d178 @A: 24 03 16 25 | 07
#0116-d178 @A: 16 27 03 35 | 02
#0117-d178 @A: 33 28 03 05 | 05
#0118-d178 @A: 34 25 03 35 | 03
#0119-d178 @A: 34 24 33 03 | 11
#0120-d178 @A: 34 03 27 12 | 12
#0121-d178 @A: 14 30 28 09 | 06
#0122-d178 @A: 09 06 10 21 | 04
#0123-d178 @A: 33 21 27 09 | 01
#0124-d178 @A: 12 09 28 05 | 08
#0125-d178 @A: 09 35 31 11 | 09
#0126-d178 @A: 14 15 01 12 | 10
#0127-d178 @A: 33 14 30 01 | 07
#0128-d178 @A: 05 01 34 12 | 02
#0129-d178 @A: 06 14 34 15 | 05
#0130-d178 @A: 25 15 16 31 | 03
#0131-d178 @A: 15 30 05 27 | 11
#0132-d178 @A: 10 24 14 21 | 12
#0133-d178 @A: 31 35 21 10 | 06
#0134-d178 @A: 24 30 10 34 | 04
#0135-d178 @A: 14 17 32 09 | 01
#0136-d178 @A: 01 31 32 17 | 08
#0137-d178 @A: 32 16 17 10 | 09
#0138-d178 @A: 32 30 05 17 | 10
#0139-d178 @A: 25 20 13 17 | 07
#0140-d178 @A: 28 20 31 17 | 02
#0141-d178 @A: 17 02 07 21 | 05
#0142-d178 @A: 09 17 19 08 | 03
#0143-d178 @A: 13 17 08 16 | 11
#0144-d178 @A: 17 19 34 05 | 12
#0145-d178 @A: 02 04 25 17 | 06
#0146-d178 @A: 17 02 09 12 | 04
#0147-d178 @A: 17 02 25 10 | 01
#0148-d178 @A: 01 16 17 22 | 08
#0149-d178 @A: 21 17 31 12 | 09
#0150-d178 @A: 05 17 33 11 | 10
#0151-d178 @A: 32 08 12 20 | 07
#0152-d178 @A: 25 20 04 32 | 02
#0153-d178 @A: 20 32 30 18 | 05
#0154-d178 @A: 23 31 07 32 | 03
#0155-d178 @A: 28 19 32 07 | 11
#0156-d178 @A: 12 24 32 07 | 12
#0157-d178 @A: 32 23 27 08 | 06
#0158-d178 @A: 12 15 32 23 | 04
#0159-d178 @A: 08 11 32 02 | 01
#0160-d178 @A: 32 22 30 08 | 08
#0161-d178 @A: 10 14 19 32 | 09
#0162-d178 @A: 32 31 33 22 | 10
#0163-d178 @A: 16 18 04 32 | 07
#0164-d178 @A: 05 03 04 32 | 02
#0165-d178 @A: 24 10 32 04 | 05
#0166-d178 @A: 32 04 31 12 | 03
#0167-d178 @A: 12 11 32 14 | 11
#0168-d178 @A: 32 27 34 05 | 12
#0169-d178 @A: 20 12 07 22 | 06
#0170-d178 @A: 20 02 25 23 | 04
#0171-d178 @A: 20 14 23 31 | 01
#0172-d178 @A: 20 02 35 08 | 08
#0173-d178 @A: 02 21 04 20 | 09
#0174-d178 @A: 29 12 20 03 | 10
#0175-d178 @A: 29 11 20 15 | 07
#0176-d178 @A: 20 35 13 22 | 02
#0177-d178 @A: 20 26 15 24 | 05
#0178-d178 @A: 20 14 33 22 | 03
#0179-d178 @A: 20 01 18 11 | 11
#0180-d178 @A: 20 03 28 09 | 12
#0181-d178 @A: 28 24 35 20 | 06
#0182-d178 @A: 10 24 11 20 | 04
#0183-d178 @A: 28 20 33 12 | 01
#0184-d178 @A: 34 28 20 27 | 08
#0185-d178 @A: 09 11 07 23 | 09
#0186-d178 @A: 06 07 15 23 | 10
#0187-d178 @A: 22 07 16 08 | 07
#0188-d178 @A: 19 33 07 15 | 02
#0189-d178 @A: 25 02 26 07 | 05
#0190-d178 @A: 07 06 12 02 | 03
#0191-d178 @A: 22 30 07 29 | 11
#0192-d178 @A: 33 07 28 13 | 12
#0193-d178 @A: 26 01 07 16 | 06
#0194-d178 @A: 07 04 28 12 | 04
#0195-d178 @A: 03 27 07 09 | 01
#0196-d178 @A: 07 14 03 34 | 08
#0197-d178 @A: 28 14 07 25 | 09
#0198-d178 @A: 11 14 33 07 | 10
#0199-d178 @A: 24 07 34 05 | 07
#0200-d178 @A: 31 33 07 06 | 02
#0201-d178 @A: 35 10 07 24 | 05
#0202-d178 @A: 34 07 28 31 | 03
#0203-d178 @A: 01 16 08 23 | 11
#0204-d178 @A: 02 23 24 18 | 12
#0205-d178 @A: 30 09 23 02 | 06
#0206-d178 @A: 29 01 23 31 | 04
#0207-d178 @A: 10 23 29 35 | 01
#0208-d178 @A: 05 09 23 13 | 08
#0209-d178 @A: 23 09 15 24 | 09
#0210-d178 @A: 09 12 21 23 | 10
#0211-d178 @A: 25 15 23 10 | 07
#0212-d178 @A: 23 05 14 28 | 02
#0213-d178 @A: 16 23 27 25 | 05
#0214-d178 @A: 30 33 23 06 | 03
#0215-d178 @A: 10 30 23 31 | 11
#0216-d178 @A: 26 06 08 15 | 12
#0217-d178 @A: 26 16 34 08 | 06
#0218-d178 @A: 08 35 22 05 | 04
#0219-d178 @A: 15 16 04 08 | 01
#0220-d178 @A: 15 18 08 28 | 08
#0221-d178 @A: 03 08 34 15 | 09
#0222-d178 @A: 01 08 06 30 | 10
#0223-d178 @A: 08 06 21 14 | 07
#0224-d178 @A: 08 12 10 14 | 02
#0225-d178 @A: 13 31 19 02 | 05
#0226-d178 @A: 26 34 02 19 | 03
#0227-d178 @A: 29 19 01 21 | 11
#0228-d178 @A: 19 24 29 05 | 12
#0229-d178 @A: 25 04 26 19 | 06
#0230-d178 @A: 10 19 25 26 | 04
#0231-d178 @A: 21 14 19 22 | 01
#0232-d178 @A: 30 06 19 15 | 08
#0233-d178 @A: 14 31 34 19 | 09
#0234-d178 @A: 33 19 21 16 | 10
#0235-d178 @A: 24 31 19 30 | 07
#0236-d178 @A: 19 24 33 06 | 02
#0237-d178 @A: 02 26 05 22 | 05
#0238-d178 @A: 22 02 03 27 | 03
#0239-d178 @A: 31 01 02 18 | 11
#0240-d178 @A: 31 24 15 02 | 12
#0241-d178 @A: 33 16 27 02 | 06
#0242-d178 @A: 31 05 35 02 | 04
#0243-d178 @A: 27 24 12 02 | 01
#0244-d178 @A: 13 29 18 26 | 08
#0245-d178 @A: 29 15 10 34 | 09
#0246-d178 @A: 29 21 16 10 | 10
#0247-d178 @A: 21 30 24 29 | 07
#0248-d178 @A: 29 05 31 30 | 02
#0249-d178 @A: 34 12 24 29 | 05
#0250-d178 @A: 10 01 13 26 | 03
#0251-d178 @A: 13 03 22 10 | 11
#0252-d178 @A: 13 01 04 24 | 12
#0253-d178 @A: 18 34 03 13 | 06
#0254-d178 @A: 11 13 34 14 | 04
#0255-d178 @A: 30 21 13 10 | 01
#0256-d178 @A: 13 21 28 27 | 08
#0257-d178 @A: 30 05 28 13 | 09
#0258-d178 @A: 13 12 34 30 | 10
#0259-d178 @A: 26 05 14 25 | 07
#0260-d178 @A: 06 16 26 30 | 02
#0261-d178 @A: 21 11 12 26 | 05
#0262-d178 @A: 26 28 34 25 | 03
#0263-d178 @A: 26 33 10 12 | 11
#0264-d178 @A: 06 22 16 14 | 12
#0265-d178 @A: 22 16 24 33 | 06
#0266-d178 @A: 05 21 27 22 | 04
#0267-d178 @A: 31 34 12 22 | 01
#0268-d178 @A: 14 24 12 04 | 08
#0269-d178 @A: 21 05 24 04 | 09
#0270-d178 @A: 34 04 05 25 | 10
#0271-d178 @A: 01 35 33 18 | 07
#0272-d178 @A: 18 33 25 24 | 02
#0273-d178 @A: 28 06 31 18 | 05
#0274-d178 @A: 18 27 28 35 | 03
#0275-d178 @A: 09 03 21 01 | 11
#0276-d178 @A: 11 05 03 27 | 12
#0277-d178 @A: 28 25 11 03 | 06
#0278-d178 @A: 28 30 03 10 | 04
#0279-d178 @A: 11 09 12 27 | 01
#0280-d178 @A: 14 01 05 06 | 08
#0281-d178 @A: 14 27 01 31 | 09
#0282-d178 @A: 28 15 35 14 | 10
#0283-d178 @A: 15 33 28 16 | 07
#0284-d178 @A: 35 15 34 27 | 02
#0285-d178 @A: 32 20 17 11 | 05
#0286-d178 @A: 32 07 17 06 | 03
#0287-d178 @A: 17 22 20 21 | 11
#0288-d178 @A: 02 23 17 31 | 12
#0289-d178 @A: 17 14 23 04 | 06
#0290-d178 @A: 11 17 08 15 | 04
#0291-d178 @A: 17 27 22 19 | 01
#0292-d178 @A: 22 10 17 19 | 08
#0293-d178 @A: 04 19 17 11 | 09
#0294-d178 @A: 21 29 17 18 | 10
#0295-d178 @A: 29 34 33 17 | 07
#0296-d178 @A: 03 17 26 13 | 02
#0297-d178 @A: 30 17 04 01 | 05
#0298-d178 @A: 28 03 17 15 | 03
#0299-d178 @A: 09 01 17 24 | 11
#0300-d178 @A: 11 01 17 14 | 12
#0301-d178 @A: 20 24 32 13 | 06
#0302-d178 @A: 16 07 32 13 | 04
#0303-d178 @A: 23 05 22 32 | 01
#0304-d178 @A: 14 32 13 19 | 08
#0305-d178 @A: 32 01 19 05 | 09
#0306-d178 @A: 02 15 32 30 | 10
#0307-d178 @A: 24 32 03 29 | 07
#0308-d178 @A: 04 24 26 32 | 02
#0309-d178 @A: 32 14 03 26 | 05
#0310-d178 @A: 10 32 21 26 | 03
#0311-d178 @A: 11 32 09 22 | 11
#0312-d178 @A: 09 06 32 04 | 12
#0313-d178 @A: 32 28 12 27 | 06
#0314-d178 @A: 20 31 01 08 | 04
#0315-d178 @A: 29 28 22 20 | 01
#0316-d178 @A: 20 03 29 10 | 08
#0317-d178 @A: 20 28 13 15 | 09
#0318-d178 @A: 24 09 20 04 | 10
#0319-d178 @A: 16 01 20 04 | 07
#0320-d178 @A: 04 30 27 20 | 02
#0321-d178 @A: 35 20 01 21 | 05
#0322-d178 @A: 34 20 14 16 | 03
#0323-d178 @A: 21 20 30 06 | 11
#0324-d178 @A: 11 05 30 20 | 12
#0325-d178 @A: 15 27 08 07 | 06
#0326-d178 @A: 35 08 14 07 | 04
#0327-d178 @A: 07 02 19 29 | 01
#0328-d178 @A: 26 02 07 10 | 08
#0329-d178 @A: 31 03 07 02 | 09
#0330-d178 @A: 07 18 33 26 | 10
#0331-d178 @A: 28 07 26 03 | 07
#0332-d178 @A: 07 10 22 05 | 02
#0333-d178 @A: 07 30 04 16 | 05
#0334-d178 @A: 12 07 15 09 | 03
#0335-d178 @A: 01 10 07 11 | 11
#0336-d178 @A: 30 05 07 06 | 12
#0337-d178 @A: 35 25 11 07 | 06
#0338-d178 @A: 25 23 29 08 | 04
#0339-d178 @A: 08 23 31 18 | 01
#0340-d178 @A: 27 19 23 31 | 08
#0341-d178 @A: 26 27 23 13 | 09
#0342-d178 @A: 23 26 10 28 | 10
#0343-d178 @A: 22 23 15 31 | 07
#0344-d178 @A: 28 23 03 01 | 02
#0345-d178 @A: 03 11 23 15 | 05
#0346-d178 @A: 06 14 03 23 | 03
#0347-d178 @A: 14 33 21 23 | 11
#0348-d178 @A: 14 23 27 24 | 12
#0349-d178 @A: 35 23 30 05 | 06
#0350-d178 @A: 24 25 23 31 | 04
#0351-d178 @A: 28 12 23 35 | 01
#0352-d178 @A: 26 02 08 24 | 08
#0353-d178 @A: 08 14 01 02 | 09
#0354-d178 @A: 29 08 12 22 | 10
#0355-d178 @A: 26 25 13 08 | 07
#0356-d178 @A: 22 09 27 08 | 02
#0357-d178 @A: 18 04 08 25 | 05
#0358-d178 @A: 10 15 30 08 | 03
#0359-d178 @A: 06 08 28 16 | 11
#0360-d178 @A: 08 06 05 27 | 12
#0361-d178 @A: 12 08 05 31 | 06
#0362-d178 @A: 08 34 25 11 | 04
#0363-d178 @A: 27 35 25 08 | 01
#0364-d178 @A: 10 08 28 06 | 08
#0365-d178 @A: 08 27 24 34 | 09
#0366-d178 @A: 30 19 04 02 | 10
#0367-d178 @A: 29 19 25 35 | 07
#0368-d178 @A: 31 29 19 33 | 02
#0369-d178 @A: 01 19 13 11 | 05
#0370-d178 @A: 15 19 03 12 | 03
#0371-d178 @A: 12 09 35 19 | 11
#0372-d178 @A: 10 19 05 30 | 12
#0373-d178 @A: 25 02 16 29 | 06
#0374-d178 @A: 25 05 02 24 | 04
#0375-d178 @A: 30 11 02 24 | 01
#0376-d178 @A: 10 06 31 02 | 08
#0377-d178 @A: 29 09 13 28 | 09
#0378-d178 @A: 29 30 09 15 | 10
#0379-d178 @A: 34 25 29 14 | 07
#0380-d178 @A: 16 34 29 30 | 02
#0381-d178 @A: 16 06 12 29 | 05
#0382-d178 @A: 30 11 06 29 | 03
#0383-d178 @A: 13 11 22 26 | 11
#0384-d178 @A: 13 26 04 28 | 12
#0385-d178 @A: 06 13 33 09 | 06
#0386-d178 @A: 09 24 13 10 | 04
#0387-d178 @A: 25 13 12 14 | 01
#0388-d178 @A: 24 13 28 11 | 08
#0389-d178 @A: 03 01 33 26 | 09
#0390-d178 @A: 26 35 21 28 | 10
#0391-d178 @A: 27 22 15 28 | 07
#0392-d178 @A: 05 33 30 22 | 02
#0393-d178 @A: 12 30 10 22 | 05
#0394-d178 @A: 22 35 33 27 | 03
#0395-d178 @A: 04 15 12 18 | 11
#0396-d178 @A: 04 21 03 14 | 12
#0397-d178 @A: 14 04 11 05 | 06
#0398-d178 @A: 04 25 24 35 | 04
#0399-d178 @A: 30 12 35 04 | 01
#0400-d178 @A: 18 05 33 16 | 08
#0401-d178 @A: 11 31 12 18 | 09
#0402-d178 @A: 28 30 03 21 | 10
#0403-d178 @A: 34 09 14 27 | 07
#0404-d178 @A: 16 27 09 30 | 02
#0405-d178 @A: 28 09 33 35 | 05
#0406-d178 @A: 10 01 14 16 | 03
#0407-d178 @A: 14 25 01 21 | 11
#0408-d178 @A: 30 25 01 16 | 12
#0409-d178 @A: 21 27 06 01 | 06
#0410-d178 @A: 14 24 15 05 | 04
#0411-d178 @A: 15 28 21 24 | 01
#0412-d178 @A: 05 12 15 11 | 08
#0413-d178 @A: 06 10 33 16 | 09
#0414-d178 @A: 27 33 25 10 | 10
#0415-d178 @A: 17 26 22 32 | 07
#0416-d178 @A: 12 20 23 17 | 02
#0417-d178 @A: 20 06 17 01 | 05
#0418-d178 @A: 17 07 33 09 | 03
#0419-d178 @A: 07 15 30 17 | 11
#0420-d178 @A: 29 17 11 23 | 12
#0421-d178 @A: 19 26 17 14 | 06
#0422-d178 @A: 22 09 29 17 | 04
#0423-d178 @A: 13 21 04 17 | 01
#0424-d178 @A: 26 17 10 15 | 08
#0425-d178 @A: 17 15 22 12 | 09
#0426-d178 @A: 03 18 11 17 | 10
#0427-d178 @A: 10 01 17 03 | 07
#0428-d178 @A: 09 21 15 17 | 02
#0429-d178 @A: 34 17 21 16 | 05
#0430-d178 @A: 30 21 25 17 | 03
#0431-d178 @A: 17 35 05 12 | 11
#0432-d178 @A: 34 05 10 17 | 12
#0433-d178 @A: 29 07 32 05 | 06
#0434-d178 @A: 32 29 33 23 | 04
#0435-d178 @A: 06 13 23 32 | 01
#0436-d178 @A: 10 08 01 32 | 08
#0437-d178 @A: 04 35 02 32 | 09
#0438-d178 @A: 29 18 31 32 | 10
#0439-d178 @A: 05 11 13 32 | 07
#0440-d178 @A: 32 26 30 33 | 02
#0441-d178 @A: 32 04 14 22 | 05
#0442-d178 @A: 35 09 32 34 | 03
#0443-d178 @A: 01 16 32 14 | 11
#0444-d178 @A: 32 24 11 21 | 12
#0445-d178 @A: 30 32 06 28 | 06
#0446-d178 @A: 35 06 12 32 | 04
#0447-d178 @A: 32 11 31 06 | 01
#0448-d178 @A: 07 35 20 19 | 08
#0449-d178 @A: 07 20 26 31 | 09
#0450-d178 @A: 05 20 07 21 | 10
#0451-d178 @A: 26 23 20 11 | 07
#0452-d178 @A: 03 19 24 20 | 02
#0453-d178 @A: 27 20 01 19 | 05
#0454-d178 @A: 31 20 11 19 | 03
#0455-d178 @A: 15 02 12 20 | 11
#0456-d178 @A: 20 14 29 26 | 12
#0457-d178 @A: 22 18 20 31 | 06
#0458-d178 @A: 20 16 22 03 | 04
#0459-d178 @A: 04 10 20 25 | 01
#0460-d178 @A: 05 09 20 18 | 08
#0461-d178 @A: 27 18 15 20 | 09
#0462-d178 @A: 20 33 01 09 | 10
#0463-d178 @A: 09 10 20 33 | 07
#0464-d178 @A: 05 10 20 06 | 02
#0465-d178 @A: 05 34 20 35 | 05
#0466-d178 @A: 20 06 27 31 | 03
#0467-d178 @A: 23 04 07 25 | 11
#0468-d178 @A: 07 08 02 33 | 12
#0469-d178 @A: 07 31 08 13 | 06
#0470-d178 @A: 14 19 07 01 | 04
#0471-d178 @A: 30 35 26 07 | 01
#0472-d178 @A: 03 07 30 01 | 08
#0473-d178 @A: 07 33 03 12 | 09
#0474-d178 @A: 01 09 35 07 | 10
#0475-d178 @A: 31 07 16 14 | 07
#0476-d178 @A: 07 12 16 21 | 02
#0477-d178 @A: 07 21 33 24 | 05
#0478-d178 @A: 34 21 07 35 | 03
#0479-d178 @A: 19 16 23 13 | 11
#0480-d178 @A: 26 23 33 19 | 12
#0481-d178 @A: 23 05 29 02 | 06
#0482-d178 @A: 01 02 33 23 | 04
#0483-d178 @A: 23 34 02 15 | 01
#0484-d178 @A: 23 26 22 12 | 08
#0485-d178 @A: 33 25 15 23 | 09
#0486-d178 @A: 24 21 23 34 | 10
#0487-d178 @A: 28 23 25 06 | 07
#0488-d178 @A: 34 06 27 23 | 02
#0489-d178 @A: 08 13 04 11 | 05
#0490-d178 @A: 04 28 08 05 | 03
#0491-d178 @A: 34 05 09 08 | 11
#0492-d178 @A: 21 12 08 24 | 12
#0493-d178 @A: 08 06 34 35 | 06
#0494-d178 @A: 02 19 21 15 | 04
#0495-d178 @A: 29 13 27 19 | 01
#0496-d178 @A: 18 19 16 26 | 08
#0497-d178 @A: 26 01 15 19 | 09
#0498-d178 @A: 15 19 11 18 | 10
#0499-d178 @A: 25 16 05 19 | 07
#0500-d178 @A: 34 19 16 24 | 02
#0501-d178 @A: 19 21 11 25 | 05
#0502-d178 @A: 11 29 01 02 | 03
#0503-d178 @A: 29 10 02 14 | 11
#0504-d178 @A: 30 02 22 13 | 12
#0505-d178 @A: 25 18 06 02 | 06
#0506-d178 @A: 18 10 35 02 | 04
#0507-d178 @A: 03 25 30 02 | 01
#0508-d178 @A: 11 02 33 06 | 08
#0509-d178 @A: 28 05 18 29 | 09
#0510-d178 @A: 29 28 16 27 | 10
#0511-d178 @A: 21 34 29 06 | 07
#0512-d178 @A: 28 12 11 29 | 02
#0513-d178 @A: 25 18 13 22 | 05
#0514-d178 @A: 13 03 33 04 | 03
#0515-d178 @A: 13 05 04 16 | 11
#0516-d178 @A: 09 35 13 03 | 12
#0517-d178 @A: 24 13 14 35 | 06
#0518-d178 @A: 33 24 31 13 | 04
#0519-d178 @A: 35 26 22 18 | 01
#0520-d178 @A: 26 30 22 25 | 08
#0521-d178 @A: 15 03 30 26 | 09
#0522-d178 @A: 16 09 26 24 | 10
#0523-d178 @A: 28 16 14 26 | 07
#0524-d178 @A: 06 14 12 26 | 02
#0525-d178 @A: 26 27 30 31 | 05
#0526-d178 @A: 06 33 34 26 | 03
#0527-d178 @A: 26 11 35 10 | 11
#0528-d178 @A: 22 27 18 04 | 12
#0529-d178 @A: 04 05 22 01 | 06
#0530-d178 @A: 15 04 22 11 | 04
#0531-d178 @A: 04 22 34 06 | 01
#0532-d178 @A: 10 22 01 21 | 08
#0533-d178 @A: 22 14 31 28 | 09
#0534-d178 @A: 24 22 34 30 | 10
#0535-d178 @A: 11 18 04 34 | 07
#0536-d178 @A: 15 04 09 34 | 02
#0537-d178 @A: 21 06 04 16 | 05
#0538-d178 @A: 04 27 16 24 | 03
#0539-d178 @A: 18 09 03 14 | 11
#0540-d178 @A: 10 06 18 03 | 12
#0541-d178 @A: 27 09 24 18 | 06
#0542-d178 @A: 18 35 16 06 | 04
#0543-d178 @A: 18 25 10 21 | 01
#0544-d178 @A: 21 31 33 18 | 08
#0545-d178 @A: 33 18 12 30 | 09
#0546-d178 @A: 25 05 03 21 | 10
#0547-d178 @A: 28 03 06 35 | 07
#0548-d178 @A: 14 16 12 09 | 02
#0549-d178 @A: 10 09 31 05 | 05
#0550-d178 @A: 30 09 31 33 | 03
#0551-d178 @A: 15 30 11 01 | 11
#0552-d178 @A: 01 28 12 21 | 12
#0553-d178 @A: 27 01 33 05 | 06
#0554-d178 @A: 01 12 06 10 | 04
#0555-d178 @A: 15 31 14 33 | 01
#0556-d178 @A: 25 14 31 10 | 08
#0557-d178 @A: 35 16 28 10 | 09
#0558-d178 @A: 34 35 12 10 | 10
#0559-d178 @A: 02 20 17 19 | 07
#0560-d178 @A: 26 04 20 17 | 02
#0561-d178 @A: 17 08 07 25 | 05
#0562-d178 @A: 07 18 17 14 | 03
#0563-d178 @A: 18 17 23 05 | 11
#0564-d178 @A: 08 35 18 17 | 12
#0565-d178 @A: 18 17 16 02 | 06
#0566-d178 @A: 17 29 30 13 | 04
#0567-d178 @A: 29 01 17 15 | 01
#0568-d178 @A: 13 17 06 15 | 08
#0569-d178 @A: 09 17 11 26 | 09
#0570-d178 @A: 24 17 35 26 | 10
#0571-d178 @A: 17 12 03 04 | 07
#0572-d178 @A: 17 24 15 18 | 02
#0573-d178 @A: 15 17 14 16 | 05
#0574-d178 @A: 27 14 28 17 | 03
#0575-d178 @A: 33 17 30 16 | 11
#0576-d178 @A: 06 17 16 27 | 12
#0577-d178 @A: 12 11 16 17 | 06
#0578-d178 @A: 17 35 33 06 | 04
#0579-d178 @A: 09 28 32 23 | 01
#0580-d178 @A: 02 19 32 27 | 08
#0581-d178 @A: 32 27 01 29 | 09
#0582-d178 @A: 32 33 18 03 | 10
#0583-d178 @A: 34 32 16 25 | 07
#0584-d178 @A: 33 16 32 35 | 02
#0585-d178 @A: 31 35 27 32 | 05
#0586-d178 @A: 20 07 29 27 | 03
#0587-d178 @A: 07 11 06 20 | 11
#0588-d178 @A: 22 20 08 04 | 12
#0589-d178 @A: 20 25 08 28 | 06
#0590-d178 @A: 20 12 13 19 | 04
#0591-d178 @A: 18 20 06 19 | 01
#0592-d178 @A: 29 34 20 09 | 08
#0593-d178 @A: 20 14 01 13 | 09
#0594-d178 @A: 10 28 12 20 | 10
#0595-d178 @A: 23 21 07 19 | 07
#0596-d178 @A: 29 23 07 34 | 02
#0597-d178 @A: 05 08 19 07 | 05
#0598-d178 @A: 07 02 18 35 | 03
#0599-d178 @A: 29 12 18 07 | 11
#0600-d178 @A: 07 25 03 29 | 12
#0601-d178 @A: 07 35 15 22 | 06
#0602-d178 @A: 07 11 18 24 | 04
#0603-d178 @A: 07 15 10 21 | 01
#0604-d178 @A: 28 06 21 07 | 08
#0605-d178 @A: 07 05 35 33 | 09
#0606-d178 @A: 19 18 29 23 | 10
#0607-d178 @A: 04 23 19 05 | 07
#0608-d178 @A: 35 18 13 23 | 02
#0609-d178 @A: 23 18 34 26 | 05
#0610-d178 @A: 23 31 30 16 | 03
#0611-d178 @A: 21 35 25 23 | 11
#0612-d178 @A: 24 23 33 35 | 12
#0613-d178 @A: 02 08 16 19 | 06
#0614-d178 @A: 19 08 28 03 | 04
#0615-d178 @A: 19 08 27 33 | 01
#0616-d178 @A: 08 31 10 29 | 08
#0617-d178 @A: 10 05 26 08 | 09
#0618-d178 @A: 25 03 08 14 | 10
#0619-d178 @A: 35 30 31 08 | 07
#0620-d178 @A: 02 19 35 03 | 02
#0621-d178 @A: 02 12 19 01 | 05
#0622-d178 @A: 26 35 19 05 | 03
#0623-d178 @A: 16 15 19 22 | 11
#0624-d178 @A: 05 27 19 18 | 12
#0625-d178 @A: 09 19 15 28 | 06
#0626-d178 @A: 21 12 19 10 | 04
#0627-d178 @A: 12 19 06 27 | 01
#0628-d178 @A: 02 22 29 24 | 08
#0629-d178 @A: 13 02 35 28 | 09
#0630-d178 @A: 02 12 26 03 | 10
#0631-d178 @A: 02 26 35 01 | 07
#0632-d178 @A: 02 26 15 16 | 02
#0633-d178 @A: 04 22 02 31 | 05
#0634-d178 @A: 02 16 35 09 | 03
#0635-d178 @A: 28 14 21 02 | 11
#0636-d178 @A: 10 34 21 02 | 12
#0637-d178 @A: 28 34 11 02 | 06
#0638-d178 @A: 24 04 18 29 | 04
#0639-d178 @A: 04 01 06 29 | 01
#0640-d178 @A: 04 10 29 30 | 08
#0641-d178 @A: 35 29 09 18 | 09
#0642-d178 @A: 18 15 06 29 | 10
#0643-d178 @A: 01 03 16 29 | 07
#0644-d178 @A: 09 29 05 16 | 02
#0645-d178 @A: 33 14 24 29 | 05
#0646-d178 @A: 25 10 05 29 | 03
#0647-d178 @A: 25 30 28 29 | 11
#0648-d178 @A: 15 12 26 13 | 12
#0649-d178 @A: 13 14 22 15 | 06
#0650-d178 @A: 30 16 03 13 | 04
#0651-d178 @A: 06 13 11 03 | 01
#0652-d178 @A: 13 09 01 27 | 08
#0653-d178 @A: 13 06 10 14 | 09
#0654-d178 @A: 21 13 33 30 | 10
#0655-d178 @A: 22 26 01 21 | 07
#0656-d178 @A: 26 05 21 06 | 02
#0657-d178 @A: 01 30 18 22 | 05
#0658-d178 @A: 22 25 14 24 | 03
#0659-d178 @A: 22 30 12 14 | 11
#0660-d178 @A: 35 12 21 22 | 12
#0661-d178 @A: 25 28 33 22 | 06
#0662-d178 @A: 22 28 11 06 | 04
#0663-d178 @A: 10 22 28 24 | 01
#0664-d178 @A: 31 24 22 27 | 08
#0665-d178 @A: 04 05 30 18 | 09
#0666-d178 @A: 28 10 18 04 | 10
#0667-d178 @A: 15 09 10 04 | 07
#0668-d178 @A: 15 35 04 33 | 02
#0669-d178 @A: 04 06 25 30 | 05
#0670-d178 @A: 04 30 11 33 | 03
#0671-d178 @A: 01 03 18 15 | 11
#0672-d178 @A: 03 16 18 28 | 12
#0673-d178 @A: 21 18 35 15 | 06
#0674-d178 @A: 05 14 16 03 | 04
#0675-d178 @A: 21 09 35 14 | 01
#0676-d178 @A: 25 06 14 09 | 08
#0677-d178 @A: 09 05 25 11 | 09
#0678-d178 @A: 09 06 35 10 | 10
#0679-d178 @A: 21 15 01 05 | 07
#0680-d178 @A: 01 28 24 14 | 02
#0681-d178 @A: 21 33 01 11 | 05
#0682-d178 @A: 25 31 01 12 | 03
#0683-d178 @A: 25 35 01 28 | 11
#0684-d178 @A: 31 34 06 01 | 12
#0685-d178 @A: 01 34 11 27 | 06
#0686-d178 @A: 21 11 16 15 | 04
#0687-d178 @A: 27 31 21 15 | 01
#0688-d178 @A: 34 05 15 28 | 08
#0689-d178 @A: 33 10 05 28 | 09
#0690-d178 @A: 17 32 29 08 | 10
#0691-d178 @A: 28 32 21 17 | 07
#0692-d178 @A: 05 08 17 20 | 02
#0693-d178 @A: 09 30 17 20 | 05
#0694-d178 @A: 17 26 07 27 | 03
#0695-d178 @A: 17 27 15 23 | 11
#0696-d178 @A: 08 31 17 03 | 12
#0697-d178 @A: 17 26 02 06 | 06
#0698-d178 @A: 02 35 30 17 | 04
#0699-d178 @A: 28 29 26 17 | 01
#0700-d178 @A: 29 04 17 16 | 08
#0701-d178 @A: 17 05 13 27 | 09
#0702-d178 @A: 14 06 30 17 | 10
#0703-d178 @A: 05 17 28 25 | 07
#0704-d178 @A: 11 27 25 17 | 02
#0705-d178 @A: 21 18 23 32 | 05
#0706-d178 @A: 23 01 32 24 | 03
#0707-d178 @A: 23 11 32 10 | 11
#0708-d178 @A: 08 14 18 32 | 12
#0709-d178 @A: 35 18 19 32 | 06
#0710-d178 @A: 32 29 06 02 | 04
#0711-d178 @A: 32 30 13 01 | 01
#0712-d178 @A: 32 28 13 31 | 08
#0713-d178 @A: 15 32 27 26 | 09
#0714-d178 @A: 16 27 22 32 | 10
#0715-d178 @A: 09 12 10 32 | 07
#0716-d178 @A: 15 06 16 32 | 02
#0717-d178 @A: 34 21 14 32 | 05
#0718-d178 @A: 14 32 31 05 | 03
#0719-d178 @A: 30 32 12 16 | 11
#0720-d178 @A: 20 03 13 07 | 12
#0721-d178 @A: 23 13 04 20 | 06
#0722-d178 @A: 20 23 15 05 | 04
#0723-d178 @A: 11 20 03 08 | 01
#0724-d178 @A: 20 31 16 13 | 08
#0725-d178 @A: 34 20 03 26 | 09
#0726-d178 @A: 20 14 26 10 | 10
#0727-d178 @A: 20 12 11 04 | 07
#0728-d178 @A: 12 20 31 09 | 02
#0729-d178 @A: 20 16 06 33 | 05
#0730-d178 @A: 16 20 11 24 | 03
#0731-d178 @A: 31 21 24 20 | 11
#0732-d178 @A: 05 24 33 20 | 12
#0733-d178 @A: 20 35 12 27 | 06
#0734-d178 @A: 22 23 07 33 | 04
#0735-d178 @A: 07 16 23 24 | 01
#0736-d178 @A: 07 19 26 11 | 08
#0737-d178 @A: 22 34 07 02 | 09
#0738-d178 @A: 05 02 07 04 | 10
#0739-d178 @A: 04 22 21 07 | 07
#0740-d178 @A: 07 27 04 06 | 02
#0741-d178 @A: 34 09 07 06 | 05
#0742-d178 @A: 33 34 07 25 | 03
#0743-d178 @A: 24 07 31 35 | 11
#0744-d178 @A: 23 22 25 19 | 12
#0745-d178 @A: 29 23 15 28 | 06
#0746-d178 @A: 13 34 23 25 | 04
#0747-d178 @A: 26 23 09 31 | 01
#0748-d178 @A: 18 03 23 25 | 08
#0749-d178 @A: 23 01 14 18 | 09
#0750-d178 @A: 34 05 33 23 | 10
#0751-d178 @A: 19 08 22 26 | 07
#0752-d178 @A: 08 27 02 13 | 02
#0753-d178 @A: 03 08 02 05 | 05
#0754-d178 @A: 01 13 08 28 | 03
#0755-d178 @A: 08 21 18 26 | 11
#0756-d178 @A: 08 27 04 31 | 12
#0757-d178 @A: 08 30 21 34 | 06
#0758-d178 @A: 02 33 22 19 | 04
#0759-d178 @A: 09 02 19 24 | 01
#0760-d178 @A: 28 19 29 04 | 08
#0761-d178 @A: 13 26 24 19 | 09
#0762-d178 @A: 22 19 34 13 | 10
#0763-d178 @A: 03 13 19 25 | 07
#0764-d178 @A: 19 26 03 27 | 02
#0765-d178 @A: 22 19 11 24 | 05
#0766-d178 @A: 04 01 31 19 | 03
#0767-d178 @A: 01 34 03 19 | 11
#0768-d178 @A: 14 19 11 06 | 12
#0769-d178 @A: 14 19 12 28 | 06
#0770-d178 @A: 19 16 35 11 | 04
#0771-d178 @A: 25 13 09 02 | 01
#0772-d178 @A: 10 12 02 03 | 08
#0773-d178 @A: 34 24 01 02 | 09
#0774-d178 @A: 24 35 21 02 | 10
#0775-d178 @A: 28 02 27 05 | 07
#0776-d178 @A: 13 29 16 15 | 02
#0777-d178 @A: 11 13 29 33 | 05
#0778-d178 @A: 21 29 11 22 | 03
#0779-d178 @A: 04 25 29 09 | 11
#0780-d178 @A: 04 21 15 29 | 12
#0781-d178 @A: 28 18 13 12 | 06
#0782-d178 @A: 13 09 31 15 | 04
#0783-d178 @A: 06 21 13 12 | 01
#0784-d178 @A: 15 22 33 26 | 08
#0785-d178 @A: 03 26 04 06 | 09
#0786-d178 @A: 04 30 21 26 | 10
#0787-d178 @A: 26 18 14 15 | 07
#0788-d178 @A: 01 27 28 26 | 02
#0789-d178 @A: 24 26 25 06 | 05
#0790-d178 @A: 11 26 31 25 | 03
#0791-d178 @A: 26 06 35 31 | 11
#0792-d178 @A: 22 05 14 18 | 12
#0793-d178 @A: 12 27 01 22 | 06
#0794-d178 @A: 22 10 25 16 | 04
#0795-d178 @A: 22 31 16 35 | 01
#0796-d178 @A: 31 05 11 22 | 08
#0797-d178 @A: 03 04 16 10 | 09
#0798-d178 @A: 30 34 14 04 | 10
#0799-d178 @A: 04 27 35 05 | 07
#0800-d178 @A: 25 27 04 28 | 02
#0801-d178 @A: 27 33 12 04 | 05
#0802-d178 @A: 27 06 18 03 | 03
#0803-d178 @A: 31 35 03 18 | 11
#0804-d178 @A: 18 25 15 09 | 12
#0805-d178 @A: 18 12 34 09 | 06
#0806-d178 @A: 18 11 14 21 | 04
#0807-d178 @A: 11 05 06 18 | 01
#0808-d178 @A: 18 31 24 05 | 08
#0809-d178 @A: 33 18 27 34 | 09
#0810-d178 @A: 03 12 14 31 | 10
#0811-d178 @A: 34 06 05 03 | 07
#0812-d178 @A: 03 10 05 35 | 02
#0813-d178 @A: 03 33 25 31 | 05
#0814-d178 @A: 11 01 28 09 | 03
#0815-d178 @A: 15 14 09 11 | 11
#0816-d178 @A: 09 14 24 31 | 12
#0817-d178 @A: 21 28 16 09 | 06
#0818-d178 @A: 30 21 05 09 | 04
#0819-d178 @A: 34 25 01 15 | 01
#0820-d178 @A: 11 01 06 25 | 08
#0821-d178 @A: 35 01 30 27 | 09
#0822-d178 @A: 01 06 35 24 | 10
#0823-d178 @A: 28 01 10 27 | 07
#0824-d178 @A: 28 01 31 33 | 02
#0825-d178 @A: 15 25 27 14 | 05
#0826-d178 @A: 10 16 15 12 | 03
#0827-d178 @A: 21 15 06 25 | 11
#0828-d178 @A: 05 10 11 15 | 12
#0829-d178 @A: 15 30 31 28 | 06
#0830-d178 @A: 15 12 35 24 | 04
#0831-d178 @A: 20 18 17 34 | 01
#0832-d178 @A: 03 20 17 14 | 08
#0833-d178 @A: 17 24 27 20 | 09
#0834-d178 @A: 05 07 22 17 | 10
#0835-d178 @A: 35 07 17 04 | 07
#0836-d178 @A: 12 07 17 10 | 02
#0837-d178 @A: 16 26 17 23 | 05
#0838-d178 @A: 23 17 21 01 | 03
#0839-d178 @A: 17 08 24 04 | 11
#0840-d178 @A: 35 17 15 19 | 12
#0841-d178 @A: 17 13 14 02 | 06
#0842-d178 @A: 15 05 17 02 | 04
#0843-d178 @A: 29 14 17 12 | 01
#0844-d178 @A: 24 13 17 22 | 08
#0845-d178 @A: 09 34 17 13 | 09
#0846-d178 @A: 12 18 17 26 | 10
#0847-d178 @A: 26 17 05 01 | 07
#0848-d178 @A: 33 17 26 21 | 02
#0849-d178 @A: 18 17 14 10 | 05
#0850-d178 @A: 27 09 17 35 | 03
#0851-d178 @A: 17 09 27 10 | 11
#0852-d178 @A: 35 17 14 31 | 12
#0853-d178 @A: 16 24 17 28 | 06
#0854-d178 @A: 27 30 17 12 | 04
#0855-d178 @A: 30 11 28 17 | 01
#0856-d178 @A: 24 17 31 11 | 08
#0857-d178 @A: 28 34 17 35 | 09
#0858-d178 @A: 34 32 20 22 | 10
#0859-d178 @A: 27 09 32 20 | 07
#0860-d178 @A: 15 20 31 32 | 02
#0861-d178 @A: 04 07 32 08 | 05
#0862-d178 @A: 19 32 31 03 | 03
#0863-d178 @A: 15 19 32 24 | 11
#0864-d178 @A: 14 32 15 29 | 12
#0865-d178 @A: 35 32 29 11 | 06
#0866-d178 @A: 13 32 10 35 | 04
#0867-d178 @A: 18 32 10 05 | 01
#0868-d178 @A: 03 32 30 09 | 08
#0869-d178 @A: 14 06 27 32 | 09
#0870-d178 @A: 14 32 28 33 | 10
#0871-d178 @A: 32 25 21 27 | 07
#0872-d178 @A: 32 21 33 06 | 02
#0873-d178 @A: 28 32 25 10 | 05
#0874-d178 @A: 20 29 30 23 | 03
#0875-d178 @A: 23 10 21 20 | 11
#0876-d178 @A: 08 09 20 06 | 12
#0877-d178 @A: 19 05 20 22 | 06
#0878-d178 @A: 20 09 14 19 | 04
#0879-d178 @A: 33 02 20 26 | 01
#0880-d178 @A: 02 22 09 20 | 08
#0881-d178 @A: 20 03 18 02 | 09
#0882-d178 @A: 14 06 02 20 | 10
#0883-d178 @A: 28 02 16 20 | 07
#0884-d178 @A: 22 20 26 06 | 02
#0885-d178 @A: 22 20 10 35 | 05
#0886-d178 @A: 35 20 04 18 | 03
#0887-d178 @A: 24 14 18 20 | 11
#0888-d178 @A: 20 01 15 10 | 12
#0889-d178 @A: 35 25 20 06 | 06
#0890-d178 @A: 20 31 30 34 | 04
#0891-d178 @A: 35 31 33 20 | 01
#0892-d178 @A: 26 07 12 08 | 08
#0893-d178 @A: 19 22 07 31 | 09
#0894-d178 @A: 15 02 07 28 | 10
#0895-d178 @A: 14 07 29 13 | 07
#0896-d178 @A: 21 07 15 13 | 02
#0897-d178 @A: 07 24 22 26 | 05
#0898-d178 @A: 07 11 22 03 | 03
#0899-d178 @A: 16 05 07 10 | 11
#0900-d178 @A: 06 07 25 16 | 12
#0901-d178 @A: 12 25 07 27 | 06
#0902-d178 @A: 31 07 27 11 | 04
#0903-d178 @A: 23 22 08 03 | 01
#0904-d178 @A: 23 12 19 24 | 08
#0905-d178 @A: 28 23 26 02 | 09
#0906-d178 @A: 02 23 22 16 | 10
#0907-d178 @A: 03 23 02 04 | 07
#0908-d178 @A: 11 12 23 13 | 02
#0909-d178 @A: 24 26 03 23 | 05
#0910-d178 @A: 06 18 23 12 | 03
#0911-d178 @A: 16 35 23 14 | 11
#0912-d178 @A: 23 14 25 11 | 12
#0913-d178 @A: 23 06 21 11 | 06
#0914-d178 @A: 01 19 08 25 | 04
#0915-d178 @A: 21 08 02 29 | 01
#0916-d178 @A: 08 22 02 28 | 08
#0917-d178 @A: 08 09 29 26 | 09
#0918-d178 @A: 08 22 01 34 | 10
#0919-d178 @A: 22 08 25 31 | 07
#0920-d178 @A: 08 03 27 01 | 02
#0921-d178 @A: 05 08 30 25 | 05
#0922-d178 @A: 24 33 08 30 | 03
#0923-d178 @A: 12 08 33 35 | 11
#0924-d178 @A: 08 31 33 11 | 12
#0925-d178 @A: 19 11 05 02 | 06
#0926-d178 @A: 19 10 28 02 | 04
#0927-d178 @A: 19 31 18 09 | 01
#0928-d178 @A: 11 10 18 19 | 08
#0929-d178 @A: 10 03 19 15 | 09
#0930-d178 @A: 19 06 01 16 | 10
#0931-d178 @A: 30 19 28 16 | 07
#0932-d178 @A: 31 12 19 16 | 02
#0933-d178 @A: 12 05 33 19 | 05
#0934-d178 @A: 19 06 25 34 | 03
#0935-d178 @A: 19 10 31 24 | 11
#0936-d178 @A: 34 28 33 19 | 12
#0937-d178 @A: 18 29 02 14 | 06
#0938-d178 @A: 09 29 02 33 | 04
#0939-d178 @A: 13 02 04 18 | 01
#0940-d178 @A: 25 22 01 02 | 08
#0941-d178 @A: 24 33 04 02 | 09
#0942-d178 @A: 01 02 03 06 | 10
#0943-d178 @A: 25 34 21 02 | 07
#0944-d178 @A: 31 25 02 27 | 02
#0945-d178 @A: 24 10 33 02 | 05
#0946-d178 @A: 26 29 31 15 | 03
#0947-d178 @A: 22 15 29 25 | 11
#0948-d178 @A: 29 21 31 14 | 12
#0949-d178 @A: 35 27 29 21 | 06
#0950-d178 @A: 31 12 35 29 | 04
#0951-d178 @A: 26 09 30 13 | 01
#0952-d178 @A: 13 26 31 01 | 08
#0953-d178 @A: 13 30 18 15 | 09
#0954-d178 @A: 14 03 28 13 | 10
#0955-d178 @A: 25 13 16 28 | 07
#0956-d178 @A: 05 25 13 33 | 02
#0957-d178 @A: 06 28 34 13 | 05
#0958-d178 @A: 34 12 26 04 | 03
#0959-d178 @A: 09 03 25 26 | 11
#0960-d178 @A: 14 26 30 11 | 12
#0961-d178 @A: 16 26 12 27 | 06
#0962-d178 @A: 05 26 28 31 | 04
#0963-d178 @A: 25 26 12 35 | 01
#0964-d178 @A: 24 28 26 33 | 08
#0965-d178 @A: 10 34 04 22 | 09
#0966-d178 @A: 18 34 22 15 | 10
#0967-d178 @A: 22 10 18 27 | 07
#0968-d178 @A: 22 30 11 16 | 02
#0969-d178 @A: 31 06 22 21 | 05
#0970-d178 @A: 34 22 25 27 | 03
#0971-d178 @A: 12 33 11 22 | 11
#0972-d178 @A: 18 01 04 28 | 12
#0973-d178 @A: 09 04 11 03 | 06
#0974-d178 @A: 25 16 11 04 | 04
#0975-d178 @A: 04 10 21 12 | 01
#0976-d178 @A: 04 06 11 24 | 08
#0977-d178 @A: 01 09 16 18 | 09
#0978-d178 @A: 18 33 14 06 | 10
#0979-d178 @A: 28 18 34 14 | 07
#0980-d178 @A: 30 10 18 16 | 02
#0981-d178 @A: 18 27 30 25 | 05
#0982-d178 @A: 06 18 30 34 | 03
#0983-d178 @A: 31 15 05 03 | 11
#0984-d178 @A: 24 14 03 11 | 12
#0985-d178 @A: 33 14 10 03 | 06
#0986-d178 @A: 06 12 25 03 | 04
#0987-d178 @A: 01 09 10 30 | 01
#0988-d178 @A: 09 06 16 11 | 08
#0989-d178 @A: 09 35 06 05 | 09
#0990-d178 @A: 34 14 35 01 | 10
#0991-d178 @A: 01 11 16 31 | 07
#0992-d178 @A: 01 35 25 10 | 02
#0993-d178 @A: 16 30 24 15 | 05
#0994-d178 @A: 24 15 11 25 | 03
#0995-d178 @A: 10 05 21 28 | 11
#0996-d178 @A: 25 24 10 06 | 12
#0997-d178 @A: 11 10 34 06 | 06
#0998-d178 @A: 32 27 03 17 | 04
#0999-d178 @A: 16 20 07 17 | 01
#1000-d178 @A: 29 20 17 35 | 08
#1001-d178 @A: 29 31 07 17 | 09
#1002-d178 @A: 08 33 17 28 | 10
#1003-d178 @A: 01 19 33 17 | 07
#1004-d178 @A: 29 17 27 02 | 02
#1005-d178 @A: 10 17 24 29 | 05
#1006-d178 @A: 17 13 10 05 | 03
#1007-d178 @A: 33 17 18 22 | 11
#1008-d178 @A: 17 22 03 35 | 12
#1009-d178 @A: 06 17 25 22 | 06
#1010-d178 @A: 15 31 17 04 | 04
#1011-d178 @A: 34 04 27 17 | 01
#1012-d178 @A: 05 31 16 17 | 08
#1013-d178 @A: 17 33 24 12 | 09
#1014-d178 @A: 23 20 32 16 | 10
#1015-d178 @A: 20 05 32 02 | 07
#1016-d178 @A: 20 29 32 21 | 02
#1017-d178 @A: 07 02 32 09 | 05
#1018-d178 @A: 07 32 35 03 | 03
#1019-d178 @A: 32 23 04 11 | 11
#1020-d178 @A: 32 08 09 16 | 12
#1021-d178 @A: 32 19 34 11 | 06
#1022-d178 @A: 32 33 02 13 | 04
#1023-d178 @A: 32 02 22 10 | 01
#1024-d178 @A: 29 32 25 13 | 08
#1025-d178 @A: 04 29 30 32 | 09
#1026-d178 @A: 32 29 12 09 | 10
#1027-d178 @A: 32 13 26 34 | 07
#1028-d178 @A: 24 18 32 28 | 02
#1029-d178 @A: 15 03 32 25 | 05
#1030-d178 @A: 33 32 15 10 | 03
#1031-d178 @A: 32 21 30 35 | 11
#1032-d178 @A: 08 02 20 10 | 12
#1033-d178 @A: 24 08 20 29 | 06
#1034-d178 @A: 14 15 08 20 | 04
#1035-d178 @A: 19 29 16 20 | 01
#1036-d178 @A: 26 20 28 18 | 08
#1037-d178 @A: 21 20 26 09 | 09
#1038-d178 @A: 06 15 04 20 | 10
#1039-d178 @A: 03 20 25 27 | 07
#1040-d178 @A: 21 15 20 34 | 02
#1041-d178 @A: 31 05 25 20 | 05
#1042-d178 @A: 05 20 28 06 | 03
#1043-d178 @A: 34 24 25 20 | 11
#1044-d178 @A: 08 07 30 23 | 12
#1045-d178 @A: 07 23 14 26 | 06
#1046-d178 @A: 11 29 07 08 | 04
#1047-d178 @A: 07 19 13 30 | 01
#1048-d178 @A: 04 24 07 19 | 08
#1049-d178 @A: 27 19 07 34 | 09
#1050-d178 @A: 29 09 07 21 | 10
#1051-d178 @A: 13 05 07 18 | 07
#1052-d178 @A: 07 12 35 13 | 02
#1053-d178 @A: 04 07 15 14 | 05
#1054-d178 @A: 27 10 06 07 | 03
#1055-d178 @A: 21 13 08 23 | 11
#1056-d178 @A: 23 08 26 05 | 12
#1057-d178 @A: 08 24 28 23 | 06
#1058-d178 @A: 19 23 09 34 | 04
#1059-d178 @A: 19 35 23 01 | 01
#1060-d178 @A: 02 35 11 23 | 08
#1061-d178 @A: 28 22 13 23 | 09
#1062-d178 @A: 01 04 23 27 | 10
#1063-d178 @A: 15 23 16 18 | 07
#1064-d178 @A: 09 06 23 01 | 02
#1065-d178 @A: 01 23 05 25 | 05
#1066-d178 @A: 12 23 34 14 | 03
#1067-d178 @A: 05 24 23 11 | 11
#1068-d178 @A: 28 27 23 33 | 12
#1069-d178 @A: 08 09 02 31 | 06
#1070-d178 @A: 29 34 08 13 | 04
#1071-d178 @A: 33 08 04 26 | 01
#1072-d178 @A: 08 12 18 03 | 08
#1073-d178 @A: 08 25 09 21 | 09
#1074-d178 @A: 25 08 12 16 | 10
#1075-d178 @A: 16 08 11 27 | 07
#1076-d178 @A: 08 06 24 31 | 02
#1077-d178 @A: 19 04 13 10 | 05
#1078-d178 @A: 13 21 19 09 | 03
#1079-d178 @A: 22 35 19 04 | 11
#1080-d178 @A: 22 12 19 18 | 12
#1081-d178 @A: 19 06 21 35 | 06
#1082-d178 @A: 33 19 25 30 | 04
#1083-d178 @A: 35 34 30 19 | 01
#1084-d178 @A: 02 13 24 03 | 08
#1085-d178 @A: 02 16 01 13 | 09
#1086-d178 @A: 11 04 02 26 | 10
#1087-d178 @A: 14 35 22 02 | 07
#1088-d178 @A: 11 02 03 21 | 02
#1089-d178 @A: 02 11 31 14 | 05
#1090-d178 @A: 06 34 16 02 | 03
#1091-d178 @A: 33 35 02 25 | 11
#1092-d178 @A: 04 29 13 35 | 12
#1093-d178 @A: 11 29 26 03 | 06
#1094-d178 @A: 26 27 10 29 | 04
#1095-d178 @A: 29 14 35 05 | 01
#1096-d178 @A: 25 05 27 29 | 08
#1097-d178 @A: 06 25 31 29 | 09
#1098-d178 @A: 27 29 24 11 | 10
#1099-d178 @A: 05 03 22 13 | 07
#1100-d178 @A: 14 16 13 21 | 02
#1101-d178 @A: 21 13 35 05 | 05
#1102-d178 @A: 05 13 24 12 | 03
#1103-d178 @A: 04 26 09 27 | 11
#1104-d178 @A: 01 26 25 18 | 12
#1105-d178 @A: 12 24 26 31 | 06
#1106-d178 @A: 11 33 35 26 | 04
#1107-d178 @A: 22 03 04 25 | 01
#1108-d178 @A: 03 22 21 15 | 08
#1109-d178 @A: 22 01 31 09 | 09
#1110-d178 @A: 22 05 15 09 | 10
#1111-d178 @A: 34 33 22 09 | 07
#1112-d178 @A: 27 22 14 11 | 02
#1113-d178 @A: 22 16 34 05 | 05
#1114-d178 @A: 05 28 24 22 | 03
#1115-d178 @A: 35 30 28 22 | 11
#1116-d178 @A: 04 03 28 34 | 12
#1117-d178 @A: 05 33 04 31 | 06
#1118-d178 @A: 16 21 30 18 | 04
#1119-d178 @A: 30 18 11 35 | 01
#1120-d178 @A: 06 03 15 09 | 08
#1121-d178 @A: 03 24 01 31 | 09
#1122-d178 @A: 21 10 27 03 | 10
#1123-d178 @A: 35 24 03 05 | 07
#1124-d178 @A: 05 33 14 09 | 02
#1125-d178 @A: 28 09 27 06 | 05
#1126-d178 @A: 28 09 34 24 | 03
#1127-d178 @A: 15 35 31 01 | 11
#1128-d178 @A: 16 24 21 01 | 12
#1129-d178 @A: 05 16 28 01 | 06
#1130-d178 @A: 33 01 16 34 | 04
#1131-d178 @A: 06 15 24 27 | 01
#1132-d178 @A: 15 12 06 31 | 08
#1133-d178 @A: 10 30 35 14 | 09
#1134-d178 @A: 16 17 19 32 | 10
#1135-d178 @A: 32 24 02 17 | 07
#1136-d178 @A: 07 23 17 28 | 02
#1137-d178 @A: 07 17 12 19 | 05
#1138-d178 @A: 17 23 33 13 | 03
#1139-d178 @A: 06 17 19 29 | 11
#1140-d178 @A: 33 03 02 17 | 12
#1141-d178 @A: 28 01 17 02 | 06
#1142-d178 @A: 05 03 29 17 | 04
#1143-d178 @A: 31 17 34 26 | 01
#1144-d178 @A: 17 28 04 22 | 08
#1145-d178 @A: 21 05 14 17 | 09
#1146-d178 @A: 33 17 10 21 | 10
#1147-d178 @A: 30 17 10 06 | 07
#1148-d178 @A: 17 33 27 31 | 02
#1149-d178 @A: 14 07 20 32 | 05
#1150-d178 @A: 01 32 07 33 | 03
#1151-d178 @A: 03 34 23 32 | 11
#1152-d178 @A: 08 26 32 28 | 12
#1153-d178 @A: 15 08 32 21 | 06
#1154-d178 @A: 19 32 22 29 | 04
#1155-d178 @A: 04 21 32 19 | 01
#1156-d178 @A: 10 32 27 19 | 08
#1157-d178 @A: 04 13 32 27 | 09
#1158-d178 @A: 12 32 18 01 | 10
#1159-d178 @A: 01 09 32 25 | 07
#1160-d178 @A: 28 32 11 16 | 02
#1161-d178 @A: 05 35 28 32 | 05
#1162-d178 @A: 32 24 33 27 | 03
#1163-d178 @A: 02 07 20 24 | 11
#1164-d178 @A: 07 10 13 20 | 12
#1165-d178 @A: 01 20 07 15 | 06
#1166-d178 @A: 28 20 30 07 | 04
#1167-d178 @A: 20 13 30 08 | 01
#1168-d178 @A: 20 18 16 08 | 08
#1169-d178 @A: 30 02 20 01 | 09
#1170-d178 @A: 18 20 33 29 | 10
#1171-d178 @A: 04 28 14 20 | 07
#1172-d178 @A: 15 09 16 20 | 02
#1173-d178 @A: 14 12 21 20 | 05
#1174-d178 @A: 05 12 16 20 | 03
#1175-d178 @A: 12 20 34 06 | 11
#1176-d178 @A: 07 23 10 03 | 12
#1177-d178 @A: 25 19 07 18 | 06
#1178-d178 @A: 16 09 07 19 | 04
#1179-d178 @A: 02 07 16 11 | 01
#1180-d178 @A: 34 26 15 07 | 08
#1181-d178 @A: 07 01 06 22 | 09
#1182-d178 @A: 07 15 18 31 | 10
#1183-d178 @A: 21 11 30 07 | 07
#1184-d178 @A: 05 07 11 28 | 02
#1185-d178 @A: 19 06 02 23 | 05
#1186-d178 @A: 10 19 23 06 | 03
#1187-d178 @A: 23 29 22 14 | 11
#1188-d178 @A: 26 01 30 23 | 12
#1189-d178 @A: 23 21 15 26 | 06
#1190-d178 @A: 21 22 23 30 | 04
#1191-d178 @A: 04 23 16 09 | 01
#1192-d178 @A: 04 30 15 23 | 08
#1193-d178 @A: 23 28 18 30 | 09
#1194-d178 @A: 11 18 23 27 | 10
#1195-d178 @A: 01 10 23 24 | 07
#1196-d178 @A: 05 16 23 06 | 02
#1197-d178 @A: 19 35 13 08 | 05
#1198-d178 @A: 31 19 15 08 | 03
#1199-d178 @A: 27 08 18 29 | 11
#1200-d178 @A: 15 08 05 29 | 12
#1201-d178 @A: 35 08 26 03 | 06
#1202-d178 @A: 09 08 18 10 | 04
#1203-d178 @A: 08 01 15 09 | 01
#1204-d178 @A: 30 16 08 14 | 08
#1205-d178 @A: 28 14 08 11 | 09
#1206-d178 @A: 28 21 31 08 | 10
#1207-d178 @A: 08 11 21 10 | 07
#1208-d178 @A: 33 13 19 18 | 02
#1209-d178 @A: 16 03 19 04 | 05
#1210-d178 @A: 34 19 10 01 | 03
#1211-d178 @A: 11 12 30 19 | 11
#1212-d178 @A: 26 02 21 13 | 12
#1213-d178 @A: 06 05 02 13 | 06
#1214-d178 @A: 26 02 18 27 | 04
#1215-d178 @A: 14 04 27 02 | 01
#1216-d178 @A: 12 05 02 18 | 08
#1217-d178 @A: 02 15 35 10 | 09
#1218-d178 @A: 06 02 30 31 | 10
#1219-d178 @A: 30 28 33 02 | 07
#1220-d178 @A: 28 31 12 02 | 02
#1221-d178 @A: 29 13 31 22 | 05
#1222-d178 @A: 26 29 21 25 | 03
#1223-d178 @A: 33 29 22 04 | 11
#1224-d178 @A: 29 18 34 01 | 12
#1225-d178 @A: 11 29 25 18 | 06
#1226-d178 @A: 30 12 29 01 | 04
#1227-d178 @A: 24 35 29 16 | 01
#1228-d178 @A: 27 06 33 29 | 08
#1229-d178 @A: 31 27 34 29 | 09
#1230-d178 @A: 12 22 04 13 | 10
#1231-d178 @A: 34 13 24 15 | 07
#1232-d178 @A: 31 34 13 05 | 02
#1233-d178 @A: 35 13 30 06 | 05
#1234-d178 @A: 12 13 31 27 | 03
#1235-d178 @A: 27 35 11 13 | 11
#1236-d178 @A: 04 31 26 18 | 12
#1237-d178 @A: 05 26 15 04 | 06
#1238-d178 @A: 04 06 10 26 | 04
#1239-d178 @A: 09 33 12 26 | 01
#1240-d178 @A: 26 28 11 15 | 08
#1241-d178 @A: 26 30 34 05 | 09
#1242-d178 @A: 33 26 25 27 | 10
#1243-d178 @A: 06 11 26 27 | 07
#1244-d178 @A: 11 24 34 26 | 02
#1245-d178 @A: 03 22 01 14 | 05
#1246-d178 @A: 12 22 05 25 | 03
#1247-d178 @A: 30 27 22 06 | 11
#1248-d178 @A: 22 11 34 35 | 12
#1249-d178 @A: 33 10 11 22 | 06
#1250-d178 @A: 04 01 09 12 | 04
#1251-d178 @A: 16 04 34 35 | 01
#1252-d178 @A: 21 04 34 33 | 08
#1253-d178 @A: 24 04 34 31 | 09
#1254-d178 @A: 27 35 10 04 | 10
#1255-d178 @A: 18 12 16 24 | 07
#1256-d178 @A: 16 27 18 31 | 02
#1257-d178 @A: 18 25 28 21 | 05
#1258-d178 @A: 27 03 21 24 | 03
#1259-d178 @A: 03 34 21 31 | 11
#1260-d178 @A: 03 24 06 30 | 12
#1261-d178 @A: 24 12 03 28 | 06
#1262-d178 @A: 09 34 16 31 | 04
#1263-d178 @A: 30 09 24 35 | 01
#1264-d178 @A: 01 30 31 21 | 08
#1265-d178 @A: 05 01 24 30 | 09
#1266-d178 @A: 05 35 16 15 | 10
#1267-d178 @A: 15 12 25 28 | 07
#1268-d178 @A: 10 24 15 27 | 02
#1269-d178 @A: 11 34 31 15 | 05
#1270-d178 @A: 05 14 27 10 | 03
#1271-d178 @A: 16 31 10 27 | 11
#1272-d178 @A: 17 13 12 32 | 12
#1273-d178 @A: 25 18 17 32 | 06
#1274-d178 @A: 15 20 17 33 | 04
#1275-d178 @A: 17 13 07 11 | 01
#1276-d178 @A: 23 03 17 19 | 08
#1277-d178 @A: 09 25 17 23 | 09
#1278-d178 @A: 17 24 23 30 | 10
#1279-d178 @A: 24 21 17 19 | 07
#1280-d178 @A: 09 16 03 17 | 02
#1281-d178 @A: 01 17 03 25 | 05
#1282-d178 @A: 06 17 09 31 | 03
#1283-d178 @A: 14 25 17 33 | 11
#1284-d178 @A: 17 06 28 12 | 12
#1285-d178 @A: 10 30 07 32 | 06
#1286-d178 @A: 02 32 23 14 | 04
#1287-d178 @A: 03 32 13 08 | 01
#1288-d178 @A: 25 08 24 32 | 08
#1289-d178 @A: 19 32 09 26 | 09
#1290-d178 @A: 25 12 19 32 | 10
#1291-d178 @A: 29 32 26 16 | 07
#1292-d178 @A: 22 13 21 32 | 02
#1293-d178 @A: 15 22 01 32 | 05
#1294-d178 @A: 32 04 34 01 | 03
#1295-d178 @A: 28 32 15 04 | 11
#1296-d178 @A: 15 05 32 18 | 12
#1297-d178 @A: 03 32 12 21 | 06
#1298-d178 @A: 31 03 32 10 | 04
#1299-d178 @A: 21 09 32 31 | 01
#1300-d178 @A: 07 20 18 23 | 08
#1301-d178 @A: 34 20 08 07 | 09
#1302-d178 @A: 25 07 09 20 | 10
#1303-d178 @A: 09 23 20 35 | 07
#1304-d178 @A: 27 20 26 08 | 02
#1305-d178 @A: 19 04 34 20 | 05
#1306-d178 @A: 13 02 20 34 | 03
#1307-d178 @A: 13 20 06 29 | 11
#1308-d178 @A: 33 27 20 13 | 12
#1309-d178 @A: 12 01 20 26 | 06
#1310-d178 @A: 26 25 16 20 | 04
#1311-d178 @A: 24 01 20 22 | 01
#1312-d178 @A: 15 30 22 20 | 08
#1313-d178 @A: 18 20 25 12 | 09
#1314-d178 @A: 03 20 01 05 | 10
#1315-d178 @A: 30 14 25 20 | 07
#1316-d178 @A: 21 11 20 28 | 02
#1317-d178 @A: 07 24 08 01 | 05
#1318-d178 @A: 06 07 03 19 | 03
#1319-d178 @A: 07 01 27 02 | 11
#1320-d178 @A: 35 29 07 06 | 12
#1321-d178 @A: 09 24 13 07 | 06
#1322-d178 @A: 26 05 09 07 | 04
#1323-d178 @A: 09 31 04 07 | 01
#1324-d178 @A: 01 18 07 21 | 08
#1325-d178 @A: 07 34 18 16 | 09
#1326-d178 @A: 07 03 15 16 | 10
#1327-d178 @A: 27 21 07 14 | 07
#1328-d178 @A: 31 07 12 30 | 02
#1329-d178 @A: 23 11 08 19 | 05
#1330-d178 @A: 12 02 08 23 | 03
#1331-d178 @A: 23 10 22 08 | 11
#1332-d178 @A: 09 14 23 08 | 12
#1333-d178 @A: 35 15 23 08 | 06
#1334-d178 @A: 23 27 21 02 | 04
#1335-d178 @A: 06 26 23 29 | 01
#1336-d178 @A: 23 10 18 13 | 08
#1337-d178 @A: 22 18 23 09 | 09
#1338-d178 @A: 35 22 06 23 | 10
#1339-d178 @A: 12 16 03 23 | 07
#1340-d178 @A: 30 23 27 03 | 02
#1341-d178 @A: 16 10 23 24 | 05
#1342-d178 @A: 34 28 23 16 | 03
#1343-d178 @A: 33 16 11 23 | 11
#1344-d178 @A: 33 31 12 23 | 12
#1345-d178 @A: 28 11 31 23 | 06
#1346-d178 @A: 29 10 19 08 | 04
#1347-d178 @A: 13 22 06 08 | 01
#1348-d178 @A: 08 26 11 01 | 08
#1349-d178 @A: 14 26 31 08 | 09
#1350-d178 @A: 08 22 18 11 | 10
#1351-d178 @A: 24 08 15 22 | 07
#1352-d178 @A: 04 09 08 35 | 02
#1353-d178 @A: 10 08 04 33 | 05
#1354-d178 @A: 18 33 09 08 | 03
#1355-d178 @A: 08 18 05 01 | 11
#1356-d178 @A: 10 24 08 03 | 12
#1357-d178 @A: 08 27 12 14 | 06
#1358-d178 @A: 16 05 24 08 | 04
#1359-d178 @A: 03 29 19 14 | 01
#1360-d178 @A: 21 26 19 31 | 08
#1361-d178 @A: 19 30 22 03 | 09
#1362-d178 @A: 28 01 19 22 | 10
#1363-d178 @A: 18 19 24 01 | 07
#1364-d178 @A: 05 09 03 19 | 02
#1365-d178 @A: 03 33 19 11 | 05
#1366-d178 @A: 30 09 19 01 | 03
#1367-d178 @A: 25 09 19 27 | 11
#1368-d178 @A: 16 27 19 14 | 12
#1369-d178 @A: 05 30 14 19 | 06
#1370-d178 @A: 19 35 33 14 | 04
#1371-d178 @A: 19 06 05 31 | 01
#1372-d178 @A: 27 11 19 28 | 08
#1373-d178 @A: 35 10 33 19 | 09
#1374-d178 @A: 02 26 29 30 | 10
#1375-d178 @A: 34 04 29 02 | 07
#1376-d178 @A: 06 02 22 15 | 02
#1377-d178 @A: 28 09 04 02 | 05
#1378-d178 @A: 15 18 33 02 | 03
#1379-d178 @A: 09 02 03 34 | 11
#1380-d178 @A: 09 16 10 02 | 12
#1381-d178 @A: 02 16 24 14 | 06
#1382-d178 @A: 21 02 16 31 | 04
#1383-d178 @A: 25 12 11 02 | 01
#1384-d178 @A: 30 10 02 11 | 08
#1385-d178 @A: 31 34 33 02 | 09
#1386-d178 @A: 21 13 29 03 | 10
#1387-d178 @A: 28 29 10 13 | 07
#1388-d178 @A: 26 29 27 22 | 02
#1389-d178 @A: 03 22 34 29 | 05
#1390-d178 @A: 01 18 29 10 | 03
#1391-d178 @A: 29 27 14 30 | 11
#1392-d178 @A: 28 29 14 06 | 12
#1393-d178 @A: 29 31 28 24 | 06
#1394-d178 @A: 13 14 33 26 | 04
#1395-d178 @A: 16 13 35 26 | 01
#1396-d178 @A: 31 04 30 13 | 08
#1397-d178 @A: 03 13 15 27 | 09
#1398-d178 @A: 33 12 16 13 | 10
#1399-d178 @A: 25 13 24 21 | 07
#1400-d178 @A: 11 13 31 21 | 02
#1401-d178 @A: 25 12 13 10 | 05
#1402-d178 @A: 35 31 13 25 | 03
#1403-d178 @A: 10 13 27 11 | 11
#1404-d178 @A: 26 18 06 09 | 12
#1405-d178 @A: 16 26 03 21 | 06
#1406-d178 @A: 26 34 09 01 | 04
#1407-d178 @A: 26 14 27 35 | 01
#1408-d178 @A: 24 27 26 05 | 08
#1409-d178 @A: 25 26 10 30 | 09
#1410-d178 @A: 24 03 18 22 | 10
#1411-d178 @A: 06 33 03 22 | 07
#1412-d178 @A: 09 35 22 25 | 02
#1413-d178 @A: 11 10 22 14 | 05
#1414-d178 @A: 22 21 25 16 | 03
#1415-d178 @A: 04 15 03 24 | 11
#1416-d178 @A: 10 31 04 11 | 12
#1417-d178 @A: 30 31 14 18 | 06
#1418-d178 @A: 18 14 12 35 | 04
#1419-d178 @A: 06 21 18 24 | 01
#1420-d178 @A: 18 33 28 11 | 08
#1421-d178 @A: 21 03 35 33 | 09
#1422-d178 @A: 16 33 09 25 | 10
#1423-d178 @A: 09 34 11 21 | 07
#1424-d178 @A: 30 34 09 25 | 02
#1425-d178 @A: 25 09 12 24 | 05
#1426-d178 @A: 33 09 11 24 | 03
#1427-d178 @A: 28 09 34 10 | 11
#1428-d178 @A: 11 05 35 01 | 12
#1429-d178 @A: 28 30 01 34 | 06
#1430-d178 @A: 33 12 01 06 | 04
#1431-d178 @A: 30 21 14 15 | 01
#1432-d178 @A: 14 28 15 10 | 08
#1433-d178 @A: 34 16 15 12 | 09
#1434-d178 @A: 25 35 30 15 | 10
#1435-d178 @A: 15 11 35 06 | 07
#1436-d178 @A: 05 10 12 24 | 02
#1437-d178 @A: 33 32 04 17 | 05
#1438-d178 @A: 34 17 07 01 | 03
#1439-d178 @A: 22 17 14 08 | 11
#1440-d178 @A: 19 28 17 13 | 12
#1441-d178 @A: 22 11 17 02 | 06
#1442-d178 @A: 17 29 25 24 | 04
#1443-d178 @A: 04 18 17 06 | 01
#1444-d178 @A: 17 09 28 18 | 08
#1445-d178 @A: 01 17 18 27 | 09
#1446-d178 @A: 06 34 17 11 | 10
#1447-d178 @A: 11 10 28 17 | 07
#1448-d178 @A: 32 20 26 35 | 02
#1449-d178 @A: 06 20 03 32 | 05
#1450-d178 @A: 28 32 01 20 | 03
#1451-d178 @A: 07 15 32 11 | 11
#1452-d178 @A: 26 32 23 25 | 12
#1453-d178 @A: 32 34 08 31 | 06
#1454-d178 @A: 13 09 18 32 | 04
#1455-d178 @A: 32 15 35 13 | 01
#1456-d178 @A: 22 18 32 06 | 08
#1457-d178 @A: 32 22 35 24 | 09
#1458-d178 @A: 33 09 15 32 | 10
#1459-d178 @A: 32 24 14 30 | 07
#1460-d178 @A: 21 05 32 16 | 02
#1461-d178 @A: 19 28 23 20 | 05
#1462-d178 @A: 20 23 06 24 | 03
#1463-d178 @A: 16 10 19 20 | 11
#1464-d178 @A: 20 31 29 02 | 12
#1465-d178 @A: 20 04 29 05 | 06
#1466-d178 @A: 20 11 13 09 | 04
#1467-d178 @A: 15 10 20 18 | 01
#1468-d178 @A: 15 03 35 20 | 08
#1469-d178 @A: 03 30 20 33 | 09
#1470-d178 @A: 11 35 20 14 | 10
#1471-d178 @A: 20 16 30 35 | 07
#1472-d178 @A: 21 33 20 25 | 02
#1473-d178 @A: 24 20 30 12 | 05
#1474-d178 @A: 23 05 03 07 | 03
#1475-d178 @A: 23 12 01 07 | 11
#1476-d178 @A: 08 03 07 21 | 12
#1477-d178 @A: 07 10 25 08 | 06
#1478-d178 @A: 02 14 30 07 | 04
#1479-d178 @A: 16 29 07 33 | 01
#1480-d178 @A: 34 13 07 04 | 08
#1481-d178 @A: 28 07 22 18 | 09
#1482-d178 @A: 18 07 30 09 | 10
#1483-d178 @A: 18 34 10 07 | 07
#1484-d178 @A: 05 07 27 16 | 02
#1485-d178 @A: 35 07 28 16 | 05
#1486-d178 @A: 07 31 21 25 | 03
#1487-d178 @A: 30 07 24 25 | 11
#1488-d178 @A: 23 29 09 27 | 12
#1489-d178 @A: 29 23 21 16 | 06
#1490-d178 @A: 23 13 31 03 | 04
#1491-d178 @A: 04 26 35 23 | 01
#1492-d178 @A: 24 23 04 22 | 08
#1493-d178 @A: 11 01 23 22 | 09
#1494-d178 @A: 21 04 28 23 | 10
#1495-d178 @A: 27 23 12 05 | 07
#1496-d178 @A: 10 12 27 23 | 02
#1497-d178 @A: 19 08 30 29 | 05
#1498-d178 @A: 25 15 08 02 | 03
#1499-d178 @A: 14 29 08 04 | 11
#1500-d178 @A: 05 08 14 13 | 12
#1501-d178 @A: 08 03 33 16 | 06
#1502-d178 @A: 11 30 09 08 | 04
#1503-d178 @A: 33 06 25 08 | 01
#1504-d178 @A: 28 08 30 27 | 08
#1505-d178 @A: 06 11 12 08 | 09
#1506-d178 @A: 34 28 12 08 | 10
#1507-d178 @A: 34 08 27 10 | 07
#1508-d178 @A: 25 19 02 14 | 02
#1509-d178 @A: 11 29 19 09 | 05
#1510-d178 @A: 15 34 29 19 | 03
#1511-d178 @A: 19 06 22 09 | 11
#1512-d178 @A: 14 04 19 18 | 12
#1513-d178 @A: 09 19 04 33 | 06
#1514-d178 @A: 15 04 27 19 | 04
#1515-d178 @A: 03 18 21 19 | 01
#1516-d178 @A: 28 19 21 05 | 08
#1517-d178 @A: 25 28 19 24 | 09
#1518-d178 @A: 19 31 28 35 | 10
#1519-d178 @A: 11 02 13 15 | 07
#1520-d178 @A: 13 02 27 10 | 02
#1521-d178 @A: 02 18 09 11 | 05
#1522-d178 @A: 02 03 15 14 | 03
#1523-d178 @A: 02 05 09 01 | 11
#1524-d178 @A: 02 05 34 14 | 12
#1525-d178 @A: 05 30 16 02 | 06
#1526-d178 @A: 12 21 30 02 | 04
#1527-d178 @A: 30 02 27 34 | 01
#1528-d178 @A: 34 02 12 35 | 08
#1529-d178 @A: 26 29 33 05 | 09
#1530-d178 @A: 22 09 29 10 | 10
#1531-d178 @A: 06 29 05 22 | 07
#1532-d178 @A: 04 27 03 29 | 02
#1533-d178 @A: 11 29 04 31 | 05
#1534-d178 @A: 29 16 11 14 | 03
#1535-d178 @A: 05 29 12 21 | 11
#1536-d178 @A: 12 25 33 29 | 12
#1537-d178 @A: 06 16 13 24 | 06
#1538-d178 @A: 27 13 25 06 | 04
#1539-d178 @A: 26 31 03 22 | 01
#1540-d178 @A: 10 22 31 26 | 08
#1541-d178 @A: 14 26 01 04 | 09
#1542-d178 @A: 05 18 03 26 | 10
#1543-d178 @A: 26 14 21 24 | 07
#1544-d178 @A: 16 10 34 26 | 02
#1545-d178 @A: 26 30 12 28 | 05
#1546-d178 @A: 22 28 34 21 | 03
#1547-d178 @A: 24 22 06 12 | 11
#1548-d178 @A: 03 35 04 01 | 12
#1549-d178 @A: 10 04 05 01 | 06
#1550-d178 @A: 14 35 04 06 | 04
#1551-d178 @A: 16 31 04 28 | 01
#1552-d178 @A: 21 12 04 25 | 08
#1553-d178 @A: 30 28 04 24 | 09
#1554-d178 @A: 30 33 10 18 | 10
#1555-d178 @A: 35 30 14 03 | 07
#1556-d178 @A: 16 03 06 31 | 02
#1557-d178 @A: 03 25 10 34 | 05
#1558-d178 @A: 11 12 03 35 | 03
#1559-d178 @A: 27 31 09 05 | 11
#1560-d178 @A: 09 28 25 31 | 12
#1561-d178 @A: 09 25 10 11 | 06
#1562-d178 @A: 30 09 12 06 | 04
#1563-d178 @A: 27 16 15 01 | 01
#1564-d178 @A: 15 28 01 06 | 08
#1565-d178 @A: 12 16 01 35 | 09
#1566-d178 @A: 27 24 25 01 | 10
#1567-d178 @A: 01 33 31 10 | 07
#1568-d178 @A: 06 05 15 33 | 02
#1569-d178 @A: 15 17 34 32 | 05
#1570-d178 @A: 10 17 31 20 | 03
#1571-d178 @A: 17 06 23 08 | 11
#1572-d178 @A: 08 02 34 17 | 12
#1573-d178 @A: 27 21 08 17 | 06
#1574-d178 @A: 08 10 35 17 | 04
#1575-d178 @A: 30 18 17 19 | 01
#1576-d178 @A: 17 13 18 31 | 08
#1577-d178 @A: 26 25 17 15 | 09
#1578-d178 @A: 09 05 17 04 | 10
#1579-d178 @A: 17 24 34 14 | 07
#1580-d178 @A: 05 24 17 06 | 02
#1581-d178 @A: 10 32 20 34 | 05
#1582-d178 @A: 25 07 32 22 | 03
#1583-d178 @A: 27 32 07 18 | 11
#1584-d178 @A: 07 34 30 32 | 12
#1585-d178 @A: 23 32 19 30 | 06
#1586-d178 @A: 02 32 26 31 | 04
#1587-d178 @A: 32 12 22 02 | 01
#1588-d178 @A: 02 01 21 32 | 08
#1589-d178 @A: 32 28 25 02 | 09
#1590-d178 @A: 26 32 18 11 | 10
#1591-d178 @A: 32 05 26 12 | 07
#1592-d178 @A: 05 09 24 32 | 02
#1593-d178 @A: 31 32 24 16 | 05
#1594-d178 @A: 25 06 32 05 | 03
#1595-d178 @A: 31 25 32 30 | 11
#1596-d178 @A: 24 34 06 32 | 12
#1597-d178 @A: 12 32 33 34 | 06
#1598-d178 @A: 20 23 21 03 | 04
#1599-d178 @A: 01 20 34 23 | 01
#1600-d178 @A: 08 21 19 20 | 08
#1601-d178 @A: 20 26 19 30 | 09
#1602-d178 @A: 15 19 25 20 | 10
#1603-d178 @A: 11 02 20 27 | 07
#1604-d178 @A: 13 18 21 20 | 02
#1605-d178 @A: 11 22 20 25 | 05
#1606-d178 @A: 05 20 14 27 | 03
#1607-d178 @A: 23 13 07 02 | 11
#1608-d178 @A: 08 06 07 18 | 12
#1609-d178 @A: 10 09 07 19 | 06
#1610-d178 @A: 29 07 26 04 | 04
#1611-d178 @A: 06 07 26 13 | 01
#1612-d178 @A: 07 13 25 01 | 08
#1613-d178 @A: 22 14 07 09 | 09
#1614-d178 @A: 07 04 18 03 | 10
#1615-d178 @A: 27 07 30 33 | 07
#1616-d178 @A: 28 07 10 31 | 02
#1617-d178 @A: 04 23 08 34 | 05
#1618-d178 @A: 14 19 15 23 | 03
#1619-d178 @A: 05 10 23 02 | 11
#1620-d178 @A: 12 04 23 29 | 12
#1621-d178 @A: 01 13 23 15 | 06
#1622-d178 @A: 23 14 30 13 | 04
#1623-d178 @A: 04 06 23 31 | 01
#1624-d178 @A: 09 23 03 33 | 08
#1625-d178 @A: 23 31 05 21 | 09
#1626-d178 @A: 12 25 23 30 | 10
#1627-d178 @A: 23 34 30 11 | 07
#1628-d178 @A: 34 10 33 23 | 02
#1629-d178 @A: 23 34 31 35 | 05
#1630-d178 @A: 02 08 04 06 | 03
#1631-d178 @A: 06 29 03 08 | 11
#1632-d178 @A: 33 08 01 29 | 12
#1633-d178 @A: 16 31 08 29 | 06
#1634-d178 @A: 35 08 28 29 | 04
#1635-d178 @A: 04 08 30 03 | 01
#1636-d178 @A: 03 08 24 09 | 08
#1637-d178 @A: 08 14 34 33 | 09
#1638-d178 @A: 08 21 11 05 | 10
#1639-d178 @A: 35 11 08 24 | 07
#1640-d178 @A: 13 05 19 15 | 02
#1641-d178 @A: 35 19 24 27 | 05
#1642-d178 @A: 03 28 29 02 | 03
#1643-d178 @A: 29 15 02 35 | 11
#1644-d178 @A: 02 22 21 18 | 12
#1645-d178 @A: 27 15 02 09 | 06
#1646-d178 @A: 06 09 02 21 | 04
#1647-d178 @A: 33 12 02 14 | 01
#1648-d178 @A: 01 05 29 13 | 08
#1649-d178 @A: 29 18 22 16 | 09
#1650-d178 @A: 01 35 22 29 | 10
#1651-d178 @A: 30 03 29 18 | 07
#1652-d178 @A: 29 14 01 09 | 02
#1653-d178 @A: 30 33 35 29 | 05
#1654-d178 @A: 29 11 12 10 | 03
#1655-d178 @A: 09 14 13 04 | 11
#1656-d178 @A: 18 01 06 13 | 12
#1657-d178 @A: 14 18 13 27 | 06
#1658-d178 @A: 13 01 03 12 | 04
#1659-d178 @A: 21 13 01 34 | 01
#1660-d178 @A: 06 14 13 31 | 08
#1661-d178 @A: 27 16 13 34 | 09
#1662-d178 @A: 25 11 13 30 | 10
#1663-d178 @A: 30 13 27 24 | 07
#1664-d178 @A: 34 33 35 13 | 02
#1665-d178 @A: 04 16 22 26 | 05
#1666-d178 @A: 34 14 26 22 | 03
#1667-d178 @A: 26 18 10 24 | 11
#1668-d178 @A: 26 11 16 05 | 12
#1669-d178 @A: 26 16 31 33 | 06
#1670-d178 @A: 12 03 09 22 | 04
#1671-d178 @A: 21 22 09 24 | 01
#1672-d178 @A: 10 22 06 15 | 08
#1673-d178 @A: 25 04 01 33 | 09
#1674-d178 @A: 31 04 25 14 | 10
#1675-d178 @A: 21 35 31 04 | 07
#1676-d178 @A: 35 28 04 11 | 02
#1677-d178 @A: 18 12 21 27 | 05
#1678-d178 @A: 25 18 05 35 | 03
#1679-d178 @A: 03 34 11 16 | 11
#1680-d178 @A: 03 11 16 10 | 12
#1681-d178 @A: 03 12 05 30 | 06
#1682-d178 @A: 11 03 31 30 | 04
#1683-d178 @A: 31 28 27 03 | 01
#1684-d178 @A: 15 01 33 24 | 08
#1685-d178 @A: 01 12 24 11 | 09
#1686-d178 @A: 15 33 21 12 | 10
#1687-d178 @A: 33 30 15 34 | 07
#1688-d178 @A: 33 27 15 11 | 02
#1689-d178 @A: 31 10 34 14 | 05
