#0001-d212 @A: 25 22 30 15 | 09
#0002-d212 @A: 30 33 07 04 | 02
#0003-d212 @A: 14 02 30 34 | 10
#0004-d212 @A: 11 30 14 18 | 06
#0005-d212 @A: 21 30 11 10 | 12
#0006-d212 @A: 31 26 10 30 | 03
#0007-d212 @A: 33 29 10 30 | 11
#0008-d212 @A: 30 19 17 11 | 08
#0009-d212 @A: 09 15 11 30 | 05
#0010-d212 @A: 33 18 30 27 | 04
#0011-d212 @A: 31 09 07 30 | 01
#0012-d212 @A: 05 26 30 23 | 07
#0013-d212 @A: 06 30 32 15 | 09
#0014-d212 @A: 07 17 30 06 | 02
#0015-d212 @A: 30 25 17 13 | 10
#0016-d212 @A: 24 26 22 16 | 06
#0017-d212 @A: 31 22 16 17 | 12
#0018-d212 @A: 22 33 07 16 | 03
#0019-d212 @A: 16 03 07 08 | 11
#0020-d212 @A: 16 21 01 24 | 08
#0021-d212 @A: 16 14 05 10 | 05
#0022-d212 @A: 03 16 13 34 | 04
#0023-d212 @A: 16 09 03 19 | 01
#0024-d212 @A: 16 23 19 28 | 07
#0025-d212 @A: 26 19 16 13 | 09
#0026-d212 @A: 31 16 32 03 | 02
#0027-d212 @A: 18 16 24 25 | 10
#0028-d212 @A: 13 16 18 07 | 06
#0029-d212 @A: 28 22 14 12 | 12
#0030-d212 @A: 12 10 22 15 | 03
#0031-d212 @A: 12 27 22 05 | 11
#0032-d212 @A: 21 09 08 12 | 08
#0033-d212 @A: 15 35 12 04 | 05
#0034-d212 @A: 12 19 27 35 | 04
#0035-d212 @A: 12 25 14 24 | 01
#0036-d212 @A: 31 09 10 12 | 07
#0037-d212 @A: 32 34 12 24 | 09
#0038-d212 @A: 12 20 33 19 | 02
#0039-d212 @A: 07 31 11 12 | 10
#0040-d212 @A: 05 12 11 25 | 06
#0041-d212 @A: 12 27 31 17 | 12
#0042-d212 @A: 27 12 23 33 | 03
#0043-d212 @A: 33 15 12 31 | 11
#0044-d212 @A: 28 12 20 15 | 08
#0045-d212 @A: 32 14 22 08 | 05
#0046-d212 @A: 28 08 26 22 | 04
#0047-d212 @A: 21 10 04 22 | 01
#0048-d212 @A: 26 09 22 04 | 07
#0049-d212 @A: 25 11 22 14 | 09
#0050-d212 @A: 18 33 22 10 | 02
#0051-d212 @A: 03 22 28 29 | 10
#0052-d212 @A: 03 04 08 32 | 06
#0053-d212 @A: 27 32 01 08 | 12
#0054-d212 @A: 28 08 35 18 | 03
#0055-d212 @A: 02 33 08 14 | 11
#0056-d212 @A: 08 31 33 10 | 08
#0057-d212 @A: 08 03 19 13 | 05
#0058-d212 @A: 21 08 19 33 | 04
#0059-d212 @A: 03 21 29 08 | 01
#0060-d212 @A: 08 29 25 11 | 07
#0061-d212 @A: 08 33 27 13 | 09
#0062-d212 @A: 08 05 23 28 | 02
#0063-d212 @A: 28 29 32 08 | 10
#0064-d212 @A: 04 01 20 14 | 06
#0065-d212 @A: 11 04 01 32 | 12
#0066-d212 @A: 02 26 14 04 | 03
#0067-d212 @A: 34 04 18 11 | 11
#0068-d212 @A: 34 24 04 26 | 08
#0069-d212 @A: 11 04 24 25 | 05
#0070-d212 @A: 04 28 31 24 | 04
#0071-d212 @A: 04 17 23 24 | 01
#0072-d212 @A: 33 15 20 04 | 07
#0073-d212 @A: 29 04 17 05 | 09
#0074-d212 @A: 13 29 04 21 | 02
#0075-d212 @A: 17 35 01 19 | 10
#0076-d212 @A: 35 27 01 13 | 06
#0077-d212 @A: 29 01 34 02 | 12
#0078-d212 @A: 19 09 01 18 | 03
#0079-d212 @A: 09 11 01 03 | 11
#0080-d212 @A: 11 07 15 01 | 08
#0081-d212 @A: 01 32 31 24 | 05
#0082-d212 @A: 25 32 18 01 | 04
#0083-d212 @A: 06 01 29 21 | 01
#0084-d212 @A: 05 13 01 02 | 07
#0085-d212 @A: 35 14 32 03 | 09
#0086-d212 @A: 25 35 34 24 | 02
#0087-d212 @A: 03 25 35 23 | 10
#0088-d212 @A: 35 18 13 26 | 06
#0089-d212 @A: 02 28 06 35 | 12
#0090-d212 @A: 35 26 28 29 | 03
#0091-d212 @A: 31 14 13 34 | 11
#0092-d212 @A: 09 18 14 21 | 08
#0093-d212 @A: 06 05 14 28 | 05
#0094-d212 @A: 03 27 34 28 | 04
#0095-d212 @A: 11 06 24 34 | 01
#0096-d212 @A: 21 07 34 05 | 07
#0097-d212 @A: 06 27 33 19 | 09
#0098-d212 @A: 19 09 13 05 | 02
#0099-d212 @A: 17 05 19 02 | 10
#0100-d212 @A: 29 20 28 19 | 06
#0101-d212 @A: 18 09 03 24 | 12
#0102-d212 @A: 33 32 03 27 | 03
#0103-d212 @A: 09 05 03 21 | 11
#0104-d212 @A: 03 02 21 23 | 08
#0105-d212 @A: 17 21 03 06 | 05
#0106-d212 @A: 02 17 29 03 | 04
#0107-d212 @A: 11 02 23 24 | 01
#0108-d212 @A: 24 23 32 07 | 07
#0109-d212 @A: 32 18 21 24 | 09
#0110-d212 @A: 24 05 26 32 | 02
#0111-d212 @A: 15 05 24 32 | 10
#0112-d212 @A: 18 26 09 27 | 06
#0113-d212 @A: 15 27 29 18 | 12
#0114-d212 @A: 06 21 28 27 | 03
#0115-d212 @A: 27 05 20 32 | 11
#0116-d212 @A: 13 25 05 27 | 08
#0117-d212 @A: 33 13 06 09 | 05
#0118-d212 @A: 28 20 06 33 | 04
#0119-d212 @A: 18 13 15 09 | 01
#0120-d212 @A: 28 15 23 21 | 07
#0121-d212 @A: 14 30 16 04 | 09
#0122-d212 @A: 11 05 16 30 | 02
#0123-d212 @A: 31 21 30 16 | 10
#0124-d212 @A: 30 22 33 20 | 06
#0125-d212 @A: 01 30 24 08 | 12
#0126-d212 @A: 15 30 03 08 | 03
#0127-d212 @A: 30 10 23 04 | 11
#0128-d212 @A: 20 04 34 30 | 08
#0129-d212 @A: 03 04 30 13 | 05
#0130-d212 @A: 26 04 11 30 | 04
#0131-d212 @A: 13 30 01 18 | 01
#0132-d212 @A: 01 32 06 30 | 07
#0133-d212 @A: 25 30 14 09 | 09
#0134-d212 @A: 13 19 10 30 | 02
#0135-d212 @A: 26 30 34 13 | 10
#0136-d212 @A: 19 26 30 24 | 06
#0137-d212 @A: 32 28 30 03 | 12
#0138-d212 @A: 30 29 18 24 | 03
#0139-d212 @A: 30 20 05 18 | 11
#0140-d212 @A: 28 21 30 17 | 08
#0141-d212 @A: 16 12 14 18 | 05
#0142-d212 @A: 16 19 32 12 | 04
#0143-d212 @A: 16 22 05 19 | 01
#0144-d212 @A: 08 16 19 06 | 07
#0145-d212 @A: 04 16 31 26 | 09
#0146-d212 @A: 34 01 16 27 | 02
#0147-d212 @A: 16 13 24 14 | 10
#0148-d212 @A: 14 16 25 27 | 06
#0149-d212 @A: 16 15 29 14 | 12
#0150-d212 @A: 10 26 33 16 | 03
#0151-d212 @A: 34 09 16 24 | 11
#0152-d212 @A: 33 28 16 34 | 08
#0153-d212 @A: 16 24 19 02 | 05
#0154-d212 @A: 19 31 16 33 | 04
#0155-d212 @A: 16 11 33 06 | 01
#0156-d212 @A: 20 24 27 16 | 07
#0157-d212 @A: 27 16 25 15 | 09
#0158-d212 @A: 09 13 20 16 | 02
#0159-d212 @A: 12 18 24 08 | 10
#0160-d212 @A: 34 12 28 04 | 06
#0161-d212 @A: 04 09 12 33 | 12
#0162-d212 @A: 12 11 29 01 | 03
#0163-d212 @A: 14 15 12 24 | 11
#0164-d212 @A: 19 10 12 26 | 08
#0165-d212 @A: 12 10 27 07 | 05
#0166-d212 @A: 23 10 21 12 | 04
#0167-d212 @A: 19 12 34 29 | 01
#0168-d212 @A: 12 11 34 02 | 07
#0169-d212 @A: 33 13 12 34 | 09
#0170-d212 @A: 12 05 34 23 | 02
#0171-d212 @A: 12 11 19 21 | 10
#0172-d212 @A: 17 09 19 12 | 06
#0173-d212 @A: 03 27 12 13 | 12
#0174-d212 @A: 25 12 23 06 | 03
#0175-d212 @A: 20 06 12 07 | 11
#0176-d212 @A: 08 27 07 22 | 08
#0177-d212 @A: 17 23 14 22 | 05
#0178-d212 @A: 09 03 22 15 | 04
#0179-d212 @A: 32 11 22 15 | 01
#0180-d212 @A: 27 22 28 24 | 07
#0181-d212 @A: 18 17 22 13 | 09
#0182-d212 @A: 18 32 22 26 | 02
#0183-d212 @A: 22 21 25 20 | 10
#0184-d212 @A: 28 22 17 20 | 06
#0185-d212 @A: 05 08 04 14 | 12
#0186-d212 @A: 04 08 19 24 | 03
#0187-d212 @A: 13 02 08 04 | 11
#0188-d212 @A: 11 14 01 08 | 08
#0189-d212 @A: 31 08 35 17 | 05
#0190-d212 @A: 15 14 26 08 | 04
#0191-d212 @A: 11 34 08 32 | 01
#0192-d212 @A: 31 07 19 08 | 07
#0193-d212 @A: 18 02 03 08 | 09
#0194-d212 @A: 09 08 31 11 | 02
#0195-d212 @A: 05 31 06 08 | 10
#0196-d212 @A: 08 15 05 33 | 06
#0197-d212 @A: 32 13 08 18 | 12
#0198-d212 @A: 04 05 31 01 | 03
#0199-d212 @A: 09 04 14 03 | 11
#0200-d212 @A: 17 31 14 04 | 08
#0201-d212 @A: 32 19 04 31 | 05
#0202-d212 @A: 24 04 13 15 | 04
#0203-d212 @A: 04 21 06 25 | 01
#0204-d212 @A: 01 20 35 03 | 07
#0205-d212 @A: 35 18 33 01 | 09
#0206-d212 @A: 11 01 10 17 | 02
#0207-d212 @A: 01 19 20 24 | 10
#0208-d212 @A: 01 05 18 07 | 06
#0209-d212 @A: 28 01 25 29 | 12
#0210-d212 @A: 01 02 21 26 | 03
#0211-d212 @A: 35 20 34 14 | 11
#0212-d212 @A: 31 10 23 35 | 08
#0213-d212 @A: 02 10 35 26 | 05
#0214-d212 @A: 32 35 27 24 | 04
#0215-d212 @A: 25 32 26 35 | 01
#0216-d212 @A: 35 02 07 32 | 07
#0217-d212 @A: 32 21 35 17 | 09
#0218-d212 @A: 14 21 19 10 | 02
#0219-d212 @A: 14 26 03 10 | 10
#0220-d212 @A: 05 14 03 27 | 06
#0221-d212 @A: 03 07 21 14 | 12
#0222-d212 @A: 14 24 21 27 | 03
#0223-d212 @A: 23 14 31 24 | 11
#0224-d212 @A: 02 17 14 18 | 08
#0225-d212 @A: 06 15 14 05 | 05
#0226-d212 @A: 17 34 09 10 | 04
#0227-d212 @A: 31 10 03 13 | 01
#0228-d212 @A: 11 20 33 10 | 07
#0229-d212 @A: 15 10 27 13 | 09
#0230-d212 @A: 05 09 10 25 | 02
#0231-d212 @A: 17 10 15 32 | 10
#0232-d212 @A: 34 09 33 11 | 06
#0233-d212 @A: 13 27 34 23 | 12
#0234-d212 @A: 34 13 18 09 | 03
#0235-d212 @A: 18 34 02 26 | 11
#0236-d212 @A: 25 26 34 05 | 08
#0237-d212 @A: 03 27 19 20 | 05
#0238-d212 @A: 27 19 21 31 | 04
#0239-d212 @A: 25 09 19 20 | 01
#0240-d212 @A: 19 15 09 07 | 07
#0241-d212 @A: 19 06 13 02 | 09
#0242-d212 @A: 21 19 28 13 | 02
#0243-d212 @A: 25 19 17 07 | 10
#0244-d212 @A: 03 31 24 26 | 06
#0245-d212 @A: 27 25 03 31 | 12
#0246-d212 @A: 31 15 06 03 | 03
#0247-d212 @A: 03 20 07 17 | 11
#0248-d212 @A: 03 02 26 07 | 08
#0249-d212 @A: 33 11 24 31 | 05
#0250-d212 @A: 17 11 28 32 | 04
#0251-d212 @A: 24 09 25 21 | 01
#0252-d212 @A: 21 05 17 24 | 07
#0253-d212 @A: 27 29 07 23 | 09
#0254-d212 @A: 21 23 32 27 | 02
#0255-d212 @A: 27 21 15 06 | 10
#0256-d212 @A: 07 21 27 26 | 06
#0257-d212 @A: 33 09 31 25 | 12
#0258-d212 @A: 09 05 31 18 | 03
#0259-d212 @A: 31 02 09 13 | 11
#0260-d212 @A: 18 20 21 31 | 08
#0261-d212 @A: 26 05 15 31 | 05
#0262-d212 @A: 28 31 32 07 | 04
#0263-d212 @A: 18 33 02 13 | 01
#0264-d212 @A: 07 33 32 21 | 07
#0265-d212 @A: 09 06 15 28 | 09
#0266-d212 @A: 05 13 29 15 | 02
#0267-d212 @A: 23 30 15 16 | 10
#0268-d212 @A: 18 30 16 02 | 06
#0269-d212 @A: 20 16 30 06 | 12
#0270-d212 @A: 30 09 12 24 | 03
#0271-d212 @A: 12 31 30 29 | 11
#0272-d212 @A: 06 30 22 19 | 08
#0273-d212 @A: 30 04 31 25 | 05
#0274-d212 @A: 04 18 28 30 | 04
#0275-d212 @A: 31 30 33 14 | 01
#0276-d212 @A: 27 06 03 30 | 07
#0277-d212 @A: 31 30 20 03 | 09
#0278-d212 @A: 30 33 02 24 | 02
#0279-d212 @A: 20 09 29 30 | 10
#0280-d212 @A: 30 09 21 26 | 06
#0281-d212 @A: 13 29 06 30 | 12
#0282-d212 @A: 16 14 22 06 | 03
#0283-d212 @A: 08 29 16 10 | 11
#0284-d212 @A: 20 04 19 16 | 08
#0285-d212 @A: 35 34 21 16 | 05
#0286-d212 @A: 35 05 16 02 | 04
#0287-d212 @A: 09 33 14 16 | 01
#0288-d212 @A: 03 16 10 28 | 07
#0289-d212 @A: 23 16 31 09 | 09
#0290-d212 @A: 19 25 12 22 | 02
#0291-d212 @A: 06 22 18 12 | 10
#0292-d212 @A: 12 01 02 08 | 06
#0293-d212 @A: 08 32 31 12 | 12
#0294-d212 @A: 13 14 04 12 | 03
#0295-d212 @A: 12 23 15 01 | 11
#0296-d212 @A: 02 23 35 12 | 08
#0297-d212 @A: 29 14 12 10 | 05
#0298-d212 @A: 34 12 27 18 | 04
#0299-d212 @A: 25 12 31 34 | 01
#0300-d212 @A: 11 09 13 12 | 07
#0301-d212 @A: 24 26 33 12 | 09
#0302-d212 @A: 17 12 27 15 | 02
#0303-d212 @A: 26 05 12 29 | 10
#0304-d212 @A: 17 26 12 21 | 06
#0305-d212 @A: 22 08 19 17 | 12
#0306-d212 @A: 04 18 24 22 | 03
#0307-d212 @A: 22 32 01 28 | 11
#0308-d212 @A: 02 10 17 22 | 08
#0309-d212 @A: 24 19 07 22 | 05
#0310-d212 @A: 22 31 26 27 | 04
#0311-d212 @A: 13 28 02 22 | 01
#0312-d212 @A: 10 08 18 04 | 07
#0313-d212 @A: 33 09 01 08 | 09
#0314-d212 @A: 26 35 07 08 | 02
#0315-d212 @A: 28 27 14 08 | 10
#0316-d212 @A: 21 08 31 14 | 06
#0317-d212 @A: 11 15 08 10 | 12
#0318-d212 @A: 27 08 10 06 | 03
#0319-d212 @A: 13 08 28 09 | 11
#0320-d212 @A: 05 26 18 08 | 08
#0321-d212 @A: 21 08 05 13 | 05
#0322-d212 @A: 21 20 08 15 | 04
#0323-d212 @A: 26 21 32 08 | 01
#0324-d212 @A: 04 01 26 10 | 07
#0325-d212 @A: 17 28 04 01 | 09
#0326-d212 @A: 35 14 18 04 | 02
#0327-d212 @A: 11 04 20 35 | 10
#0328-d212 @A: 27 04 10 25 | 06
#0329-d212 @A: 34 09 21 04 | 12
#0330-d212 @A: 04 06 34 15 | 03
#0331-d212 @A: 33 13 19 04 | 11
#0332-d212 @A: 04 18 21 02 | 08
#0333-d212 @A: 05 20 04 06 | 05
#0334-d212 @A: 07 04 32 05 | 04
#0335-d212 @A: 04 13 07 26 | 01
#0336-d212 @A: 31 01 10 07 | 07
#0337-d212 @A: 34 33 31 01 | 09
#0338-d212 @A: 19 02 31 01 | 02
#0339-d212 @A: 01 23 33 19 | 10
#0340-d212 @A: 21 01 03 31 | 06
#0341-d212 @A: 27 28 05 01 | 12
#0342-d212 @A: 09 23 01 28 | 03
#0343-d212 @A: 18 20 01 28 | 11
#0344-d212 @A: 29 26 18 01 | 08
#0345-d212 @A: 14 26 35 33 | 05
#0346-d212 @A: 14 15 09 35 | 04
#0347-d212 @A: 19 35 24 28 | 01
#0348-d212 @A: 03 13 35 17 | 07
#0349-d212 @A: 35 29 31 24 | 09
#0350-d212 @A: 18 24 07 35 | 02
#0351-d212 @A: 32 15 18 35 | 10
#0352-d212 @A: 35 05 06 13 | 06
#0353-d212 @A: 20 35 07 15 | 12
#0354-d212 @A: 32 14 19 24 | 03
#0355-d212 @A: 31 26 19 14 | 11
#0356-d212 @A: 13 11 14 03 | 08
#0357-d212 @A: 18 03 14 33 | 05
#0358-d212 @A: 17 24 33 14 | 04
#0359-d212 @A: 14 15 23 18 | 01
#0360-d212 @A: 26 23 10 34 | 07
#0361-d212 @A: 19 10 09 33 | 09
#0362-d212 @A: 10 33 28 24 | 02
#0363-d212 @A: 18 20 17 10 | 10
#0364-d212 @A: 18 15 20 10 | 06
#0365-d212 @A: 02 10 06 20 | 12
#0366-d212 @A: 25 15 10 05 | 03
#0367-d212 @A: 21 05 10 26 | 11
#0368-d212 @A: 20 13 10 28 | 08
#0369-d212 @A: 19 34 24 21 | 05
#0370-d212 @A: 27 34 02 19 | 04
#0371-d212 @A: 19 05 34 20 | 01
#0372-d212 @A: 24 33 20 34 | 07
#0373-d212 @A: 23 17 21 34 | 09
#0374-d212 @A: 34 20 06 32 | 02
#0375-d212 @A: 34 21 20 28 | 10
#0376-d212 @A: 29 28 34 07 | 06
#0377-d212 @A: 34 13 21 25 | 12
#0378-d212 @A: 19 33 03 07 | 03
#0379-d212 @A: 32 15 19 03 | 11
#0380-d212 @A: 09 29 19 23 | 08
#0381-d212 @A: 19 02 09 21 | 05
#0382-d212 @A: 31 03 02 11 | 04
#0383-d212 @A: 09 03 26 29 | 01
#0384-d212 @A: 05 13 03 26 | 07
#0385-d212 @A: 02 13 20 03 | 09
#0386-d212 @A: 11 29 26 23 | 02
#0387-d212 @A: 17 11 05 13 | 10
#0388-d212 @A: 21 15 25 11 | 06
#0389-d212 @A: 21 06 33 24 | 12
#0390-d212 @A: 15 24 09 17 | 03
#0391-d212 @A: 24 07 06 28 | 11
#0392-d212 @A: 20 29 27 25 | 08
#0393-d212 @A: 29 33 02 31 | 05
#0394-d212 @A: 06 31 29 09 | 04
#0395-d212 @A: 02 25 18 31 | 01
#0396-d212 @A: 17 31 07 18 | 07
#0397-d212 @A: 31 06 28 17 | 09
#0398-d212 @A: 02 31 20 32 | 02
#0399-d212 @A: 25 13 31 07 | 10
#0400-d212 @A: 32 09 33 29 | 06
#0401-d212 @A: 02 33 09 15 | 12
#0402-d212 @A: 25 33 06 07 | 03
#0403-d212 @A: 33 02 06 32 | 11
#0404-d212 @A: 09 15 05 21 | 08
#0405-d212 @A: 16 08 26 30 | 05
#0406-d212 @A: 16 03 17 30 | 04
#0407-d212 @A: 04 30 01 27 | 01
#0408-d212 @A: 30 24 04 21 | 07
#0409-d212 @A: 30 31 17 01 | 09
#0410-d212 @A: 19 35 30 07 | 02
#0411-d212 @A: 25 35 27 30 | 10
#0412-d212 @A: 02 31 35 30 | 06
#0413-d212 @A: 13 14 30 15 | 12
#0414-d212 @A: 28 30 10 06 | 03
#0415-d212 @A: 06 15 10 30 | 11
#0416-d212 @A: 07 30 34 27 | 08
#0417-d212 @A: 30 28 29 23 | 05
#0418-d212 @A: 29 15 30 20 | 04
#0419-d212 @A: 12 16 29 24 | 01
#0420-d212 @A: 16 09 01 15 | 07
#0421-d212 @A: 16 32 14 02 | 09
#0422-d212 @A: 16 07 26 14 | 02
#0423-d212 @A: 16 19 10 18 | 10
#0424-d212 @A: 34 25 06 16 | 06
#0425-d212 @A: 19 17 21 16 | 12
#0426-d212 @A: 15 24 16 21 | 03
#0427-d212 @A: 29 16 33 23 | 11
#0428-d212 @A: 13 23 16 21 | 08
#0429-d212 @A: 28 16 20 07 | 05
#0430-d212 @A: 29 25 26 16 | 04
#0431-d212 @A: 26 28 16 21 | 01
#0432-d212 @A: 32 04 12 22 | 07
#0433-d212 @A: 31 22 33 12 | 09
#0434-d212 @A: 22 12 29 07 | 02
#0435-d212 @A: 01 04 12 18 | 10
#0436-d212 @A: 12 07 04 24 | 06
#0437-d212 @A: 12 34 01 20 | 12
#0438-d212 @A: 06 01 12 19 | 03
#0439-d212 @A: 09 12 14 34 | 11
#0440-d212 @A: 21 03 12 24 | 08
#0441-d212 @A: 29 12 18 20 | 05
#0442-d212 @A: 21 05 06 12 | 04
#0443-d212 @A: 06 26 32 12 | 01
#0444-d212 @A: 25 20 12 13 | 07
#0445-d212 @A: 28 29 12 21 | 09
#0446-d212 @A: 27 02 04 22 | 02
#0447-d212 @A: 31 13 22 04 | 10
#0448-d212 @A: 04 33 28 22 | 06
#0449-d212 @A: 11 17 22 34 | 12
#0450-d212 @A: 20 26 22 34 | 03
#0451-d212 @A: 31 22 21 06 | 11
#0452-d212 @A: 09 18 28 22 | 08
#0453-d212 @A: 25 23 18 22 | 05
#0454-d212 @A: 29 28 15 22 | 04
#0455-d212 @A: 25 07 22 32 | 01
#0456-d212 @A: 08 04 35 25 | 07
#0457-d212 @A: 26 01 08 31 | 09
#0458-d212 @A: 14 08 25 03 | 02
#0459-d212 @A: 05 08 11 24 | 10
#0460-d212 @A: 08 11 33 23 | 06
#0461-d212 @A: 31 13 08 15 | 12
#0462-d212 @A: 23 29 06 08 | 03
#0463-d212 @A: 08 15 25 28 | 11
#0464-d212 @A: 04 24 35 06 | 08
#0465-d212 @A: 04 27 14 34 | 05
#0466-d212 @A: 06 04 14 33 | 04
#0467-d212 @A: 10 04 05 34 | 01
#0468-d212 @A: 04 17 03 34 | 07
#0469-d212 @A: 04 34 23 32 | 09
#0470-d212 @A: 17 32 09 04 | 02
#0471-d212 @A: 07 09 04 02 | 10
#0472-d212 @A: 13 18 25 04 | 06
#0473-d212 @A: 15 32 04 28 | 12
#0474-d212 @A: 01 21 35 10 | 03
#0475-d212 @A: 14 01 03 02 | 11
#0476-d212 @A: 01 14 18 31 | 08
#0477-d212 @A: 01 03 15 10 | 05
#0478-d212 @A: 10 05 01 24 | 04
#0479-d212 @A: 28 03 33 01 | 01
#0480-d212 @A: 18 17 23 01 | 07
#0481-d212 @A: 20 13 21 01 | 09
#0482-d212 @A: 07 11 35 27 | 02
#0483-d212 @A: 33 35 27 28 | 10
#0484-d212 @A: 29 35 27 18 | 06
#0485-d212 @A: 35 25 09 17 | 12
#0486-d212 @A: 32 23 29 35 | 03
#0487-d212 @A: 27 10 14 02 | 11
#0488-d212 @A: 28 03 24 14 | 08
#0489-d212 @A: 14 33 11 29 | 05
#0490-d212 @A: 09 28 20 14 | 04
#0491-d212 @A: 26 14 25 21 | 01
#0492-d212 @A: 10 03 02 34 | 07
#0493-d212 @A: 21 10 31 34 | 09
#0494-d212 @A: 10 19 24 15 | 02
#0495-d212 @A: 27 03 10 09 | 10
#0496-d212 @A: 06 10 03 23 | 06
#0497-d212 @A: 21 03 10 20 | 12
#0498-d212 @A: 24 27 10 26 | 03
#0499-d212 @A: 24 20 10 23 | 11
#0500-d212 @A: 33 13 10 32 | 08
#0501-d212 @A: 17 23 10 25 | 05
#0502-d212 @A: 26 28 07 10 | 04
#0503-d212 @A: 34 19 03 23 | 01
#0504-d212 @A: 34 02 25 20 | 07
#0505-d212 @A: 34 32 13 07 | 09
#0506-d212 @A: 29 19 33 15 | 02
#0507-d212 @A: 19 21 29 18 | 10
#0508-d212 @A: 25 13 29 19 | 06
#0509-d212 @A: 19 02 07 29 | 12
#0510-d212 @A: 33 25 03 11 | 03
#0511-d212 @A: 07 27 24 03 | 11
#0512-d212 @A: 24 03 02 32 | 08
#0513-d212 @A: 25 15 03 18 | 05
#0514-d212 @A: 21 03 26 18 | 04
#0515-d212 @A: 20 05 03 29 | 01
#0516-d212 @A: 13 32 21 03 | 07
#0517-d212 @A: 26 03 15 28 | 09
#0518-d212 @A: 31 23 27 11 | 02
#0519-d212 @A: 33 27 11 05 | 10
#0520-d212 @A: 25 26 09 11 | 06
#0521-d212 @A: 15 11 23 20 | 12
#0522-d212 @A: 13 11 25 23 | 03
#0523-d212 @A: 18 05 02 11 | 11
#0524-d212 @A: 05 11 06 26 | 08
#0525-d212 @A: 06 11 13 21 | 05
#0526-d212 @A: 11 26 32 13 | 04
#0527-d212 @A: 13 09 24 07 | 01
#0528-d212 @A: 21 24 20 07 | 07
#0529-d212 @A: 24 26 29 02 | 09
#0530-d212 @A: 24 13 32 17 | 02
#0531-d212 @A: 05 27 29 09 | 10
#0532-d212 @A: 13 27 09 21 | 06
#0533-d212 @A: 15 09 31 23 | 12
#0534-d212 @A: 21 09 31 28 | 03
#0535-d212 @A: 28 29 18 31 | 11
#0536-d212 @A: 25 05 21 31 | 08
#0537-d212 @A: 31 26 20 28 | 05
#0538-d212 @A: 13 31 26 29 | 04
#0539-d212 @A: 33 09 02 26 | 01
#0540-d212 @A: 23 18 33 07 | 07
#0541-d212 @A: 33 13 23 20 | 09
#0542-d212 @A: 15 33 07 06 | 02
#0543-d212 @A: 15 26 02 23 | 10
#0544-d212 @A: 15 20 32 13 | 06
#0545-d212 @A: 30 12 07 16 | 12
#0546-d212 @A: 33 30 16 32 | 03
#0547-d212 @A: 12 04 06 30 | 11
#0548-d212 @A: 19 30 18 12 | 08
#0549-d212 @A: 30 12 32 11 | 05
#0550-d212 @A: 22 01 25 30 | 04
#0551-d212 @A: 30 31 18 08 | 01
#0552-d212 @A: 08 30 13 20 | 07
#0553-d212 @A: 30 14 35 28 | 09
#0554-d212 @A: 10 30 14 20 | 02
#0555-d212 @A: 13 14 05 30 | 10
#0556-d212 @A: 30 18 34 17 | 06
#0557-d212 @A: 34 30 32 21 | 12
#0558-d212 @A: 30 33 25 19 | 03
#0559-d212 @A: 03 30 11 29 | 11
#0560-d212 @A: 33 11 30 13 | 08
#0561-d212 @A: 30 24 05 31 | 05
#0562-d212 @A: 13 31 30 27 | 04
#0563-d212 @A: 29 27 30 21 | 01
#0564-d212 @A: 26 30 28 27 | 07
#0565-d212 @A: 30 23 21 06 | 09
#0566-d212 @A: 23 25 30 07 | 02
#0567-d212 @A: 30 15 18 17 | 10
#0568-d212 @A: 07 30 02 20 | 06
#0569-d212 @A: 07 30 29 32 | 12
#0570-d212 @A: 16 12 33 21 | 03
#0571-d212 @A: 35 27 16 22 | 11
#0572-d212 @A: 11 18 08 16 | 08
#0573-d212 @A: 08 27 02 16 | 05
#0574-d212 @A: 16 04 35 07 | 04
#0575-d212 @A: 16 09 11 04 | 01
#0576-d212 @A: 04 23 16 27 | 07
#0577-d212 @A: 15 04 16 31 | 09
#0578-d212 @A: 15 26 16 10 | 02
#0579-d212 @A: 05 16 26 09 | 10
#0580-d212 @A: 06 16 23 18 | 06
#0581-d212 @A: 32 17 16 25 | 12
#0582-d212 @A: 12 35 08 05 | 03
#0583-d212 @A: 32 12 01 03 | 11
#0584-d212 @A: 12 01 05 33 | 08
#0585-d212 @A: 12 19 02 14 | 05
#0586-d212 @A: 14 12 32 27 | 04
#0587-d212 @A: 10 12 02 33 | 01
#0588-d212 @A: 24 23 19 12 | 07
#0589-d212 @A: 12 24 02 27 | 09
#0590-d212 @A: 31 06 12 24 | 02
#0591-d212 @A: 21 27 12 25 | 10
#0592-d212 @A: 12 28 09 06 | 06
#0593-d212 @A: 32 13 05 12 | 12
#0594-d212 @A: 08 31 22 25 | 03
#0595-d212 @A: 35 32 19 22 | 11
#0596-d212 @A: 24 22 21 35 | 08
#0597-d212 @A: 03 22 34 14 | 05
#0598-d212 @A: 14 02 22 31 | 04
#0599-d212 @A: 29 22 26 14 | 01
#0600-d212 @A: 13 22 10 27 | 07
#0601-d212 @A: 06 34 22 27 | 09
#0602-d212 @A: 03 21 22 27 | 02
#0603-d212 @A: 17 24 22 25 | 10
#0604-d212 @A: 33 05 22 06 | 06
#0605-d212 @A: 21 09 23 22 | 12
#0606-d212 @A: 22 06 28 23 | 03
#0607-d212 @A: 04 33 26 08 | 11
#0608-d212 @A: 35 20 08 27 | 08
#0609-d212 @A: 10 08 26 11 | 05
#0610-d212 @A: 09 20 10 08 | 04
#0611-d212 @A: 02 34 15 08 | 01
#0612-d212 @A: 19 08 26 29 | 07
#0613-d212 @A: 03 08 11 17 | 09
#0614-d212 @A: 23 08 27 03 | 02
#0615-d212 @A: 08 07 11 28 | 10
#0616-d212 @A: 08 31 27 29 | 06
#0617-d212 @A: 15 08 27 09 | 12
#0618-d212 @A: 27 08 18 25 | 03
#0619-d212 @A: 09 07 08 05 | 11
#0620-d212 @A: 06 18 21 08 | 08
#0621-d212 @A: 13 17 26 08 | 05
#0622-d212 @A: 04 25 03 01 | 04
#0623-d212 @A: 04 01 21 33 | 01
#0624-d212 @A: 04 35 34 13 | 07
#0625-d212 @A: 04 27 21 35 | 09
#0626-d212 @A: 21 14 15 04 | 02
#0627-d212 @A: 04 07 03 10 | 10
#0628-d212 @A: 04 10 33 17 | 06
#0629-d212 @A: 17 04 19 18 | 12
#0630-d212 @A: 02 04 06 03 | 03
#0631-d212 @A: 24 32 33 04 | 11
#0632-d212 @A: 04 33 27 31 | 08
#0633-d212 @A: 07 20 04 27 | 05
#0634-d212 @A: 04 25 28 09 | 04
#0635-d212 @A: 23 06 13 04 | 01
#0636-d212 @A: 05 25 23 04 | 07
#0637-d212 @A: 17 20 13 04 | 09
#0638-d212 @A: 15 02 04 29 | 02
#0639-d212 @A: 17 04 25 26 | 10
#0640-d212 @A: 01 24 26 35 | 06
#0641-d212 @A: 28 14 01 10 | 12
#0642-d212 @A: 23 11 01 34 | 03
#0643-d212 @A: 01 24 28 34 | 11
#0644-d212 @A: 06 34 01 26 | 08
#0645-d212 @A: 19 01 07 13 | 05
#0646-d212 @A: 11 06 01 28 | 04
#0647-d212 @A: 01 33 15 24 | 01
#0648-d212 @A: 06 01 18 02 | 07
#0649-d212 @A: 01 20 32 26 | 09
#0650-d212 @A: 21 15 01 13 | 02
#0651-d212 @A: 17 35 27 14 | 10
#0652-d212 @A: 33 31 03 35 | 06
#0653-d212 @A: 31 11 21 35 | 12
#0654-d212 @A: 11 06 35 25 | 03
#0655-d212 @A: 29 35 05 11 | 11
#0656-d212 @A: 35 05 24 20 | 08
#0657-d212 @A: 06 35 27 31 | 05
#0658-d212 @A: 26 35 23 27 | 04
#0659-d212 @A: 23 35 09 13 | 01
#0660-d212 @A: 35 07 09 21 | 07
#0661-d212 @A: 20 23 35 06 | 09
#0662-d212 @A: 29 35 13 02 | 02
#0663-d212 @A: 07 14 34 24 | 10
#0664-d212 @A: 34 14 05 18 | 06
#0665-d212 @A: 14 15 34 28 | 12
#0666-d212 @A: 32 14 31 11 | 03
#0667-d212 @A: 29 23 25 14 | 11
#0668-d212 @A: 18 28 14 26 | 08
#0669-d212 @A: 06 14 20 21 | 05
#0670-d212 @A: 13 25 14 32 | 04
#0671-d212 @A: 03 10 24 17 | 01
#0672-d212 @A: 03 05 10 33 | 07
#0673-d212 @A: 24 11 32 10 | 09
#0674-d212 @A: 10 13 26 09 | 02
#0675-d212 @A: 18 06 26 10 | 10
#0676-d212 @A: 13 02 10 07 | 06
#0677-d212 @A: 21 10 28 25 | 12
#0678-d212 @A: 17 10 32 26 | 03
#0679-d212 @A: 34 26 11 19 | 11
#0680-d212 @A: 09 34 32 19 | 08
#0681-d212 @A: 29 34 03 24 | 05
#0682-d212 @A: 20 34 11 13 | 04
#0683-d212 @A: 23 34 20 29 | 01
#0684-d212 @A: 25 34 18 07 | 07
#0685-d212 @A: 02 34 13 17 | 09
#0686-d212 @A: 31 09 24 19 | 02
#0687-d212 @A: 24 33 19 18 | 10
#0688-d212 @A: 32 17 19 27 | 06
#0689-d212 @A: 20 17 06 19 | 12
#0690-d212 @A: 06 20 11 03 | 03
#0691-d212 @A: 20 32 09 03 | 11
#0692-d212 @A: 03 18 23 29 | 08
#0693-d212 @A: 03 26 20 25 | 05
#0694-d212 @A: 18 26 11 33 | 04
#0695-d212 @A: 15 20 11 17 | 01
#0696-d212 @A: 27 33 29 24 | 07
#0697-d212 @A: 24 26 06 13 | 09
#0698-d212 @A: 02 24 07 05 | 02
#0699-d212 @A: 27 33 09 07 | 10
#0700-d212 @A: 27 06 20 18 | 06
#0701-d212 @A: 27 15 26 29 | 12
#0702-d212 @A: 17 02 27 26 | 03
#0703-d212 @A: 09 26 32 31 | 11
#0704-d212 @A: 02 31 23 06 | 08
#0705-d212 @A: 07 06 26 31 | 05
#0706-d212 @A: 29 21 32 31 | 04
#0707-d212 @A: 21 17 31 02 | 01
#0708-d212 @A: 05 09 28 33 | 07
#0709-d212 @A: 33 05 18 29 | 09
#0710-d212 @A: 33 29 17 06 | 02
#0711-d212 @A: 33 32 20 17 | 10
#0712-d212 @A: 30 22 12 23 | 06
#0713-d212 @A: 02 30 21 12 | 12
#0714-d212 @A: 01 20 11 30 | 03
#0715-d212 @A: 29 34 30 35 | 11
#0716-d212 @A: 23 11 30 35 | 08
#0717-d212 @A: 30 14 03 23 | 05
#0718-d212 @A: 17 32 30 14 | 04
#0719-d212 @A: 30 33 09 23 | 01
#0720-d212 @A: 30 05 17 09 | 07
#0721-d212 @A: 30 09 02 28 | 09
#0722-d212 @A: 28 30 07 05 | 02
#0723-d212 @A: 29 30 02 25 | 10
#0724-d212 @A: 30 32 26 02 | 06
#0725-d212 @A: 23 16 10 22 | 12
#0726-d212 @A: 16 10 24 04 | 03
#0727-d212 @A: 32 21 16 04 | 11
#0728-d212 @A: 16 28 35 01 | 08
#0729-d212 @A: 16 03 01 18 | 05
#0730-d212 @A: 06 16 01 31 | 04
#0731-d212 @A: 28 15 16 01 | 01
#0732-d212 @A: 11 32 35 16 | 07
#0733-d212 @A: 11 27 10 16 | 09
#0734-d212 @A: 16 27 03 29 | 02
#0735-d212 @A: 02 03 16 33 | 10
#0736-d212 @A: 11 25 31 16 | 06
#0737-d212 @A: 27 33 17 16 | 12
#0738-d212 @A: 17 15 33 16 | 03
#0739-d212 @A: 05 32 23 16 | 11
#0740-d212 @A: 15 16 02 05 | 08
#0741-d212 @A: 22 17 12 03 | 05
#0742-d212 @A: 12 17 04 08 | 04
#0743-d212 @A: 12 08 15 18 | 01
#0744-d212 @A: 27 12 29 04 | 07
#0745-d212 @A: 31 12 04 21 | 09
#0746-d212 @A: 02 12 04 05 | 02
#0747-d212 @A: 29 12 09 35 | 10
#0748-d212 @A: 12 11 14 17 | 06
#0749-d212 @A: 31 05 12 14 | 12
#0750-d212 @A: 34 09 15 12 | 03
#0751-d212 @A: 15 12 19 26 | 11
#0752-d212 @A: 11 27 06 12 | 08
#0753-d212 @A: 13 21 12 18 | 05
#0754-d212 @A: 02 12 06 29 | 04
#0755-d212 @A: 12 26 25 28 | 01
#0756-d212 @A: 12 28 02 32 | 07
#0757-d212 @A: 01 18 08 22 | 09
#0758-d212 @A: 01 33 22 17 | 02
#0759-d212 @A: 22 05 34 35 | 10
#0760-d212 @A: 34 22 35 15 | 06
#0761-d212 @A: 22 35 31 28 | 12
#0762-d212 @A: 33 22 35 02 | 03
#0763-d212 @A: 07 22 23 35 | 11
#0764-d212 @A: 14 22 05 24 | 08
#0765-d212 @A: 11 10 06 22 | 05
#0766-d212 @A: 22 10 26 25 | 04
#0767-d212 @A: 03 31 07 22 | 01
#0768-d212 @A: 22 29 13 09 | 07
#0769-d212 @A: 06 07 02 22 | 09
#0770-d212 @A: 22 17 32 05 | 02
#0771-d212 @A: 21 11 08 04 | 10
#0772-d212 @A: 14 35 06 08 | 06
#0773-d212 @A: 35 24 03 08 | 12
#0774-d212 @A: 24 26 14 08 | 03
#0775-d212 @A: 24 08 21 10 | 11
#0776-d212 @A: 07 25 10 08 | 08
#0777-d212 @A: 08 18 33 34 | 05
#0778-d212 @A: 11 27 08 19 | 04
#0779-d212 @A: 05 17 33 08 | 01
#0780-d212 @A: 08 17 09 18 | 07
#0781-d212 @A: 32 20 08 07 | 09
#0782-d212 @A: 15 08 32 17 | 02
#0783-d212 @A: 02 28 17 08 | 10
#0784-d212 @A: 02 07 21 08 | 06
#0785-d212 @A: 01 24 02 04 | 12
#0786-d212 @A: 04 29 14 24 | 03
#0787-d212 @A: 26 19 04 06 | 11
#0788-d212 @A: 03 21 28 04 | 08
#0789-d212 @A: 09 23 20 04 | 05
#0790-d212 @A: 04 25 29 07 | 04
#0791-d212 @A: 04 02 32 25 | 01
#0792-d212 @A: 21 04 07 17 | 07
#0793-d212 @A: 06 14 01 13 | 09
#0794-d212 @A: 17 01 21 14 | 02
#0795-d212 @A: 03 10 01 29 | 10
#0796-d212 @A: 27 01 10 18 | 06
#0797-d212 @A: 01 05 34 15 | 12
#0798-d212 @A: 19 25 11 01 | 03
#0799-d212 @A: 01 27 29 19 | 11
#0800-d212 @A: 24 25 01 33 | 08
#0801-d212 @A: 17 24 07 01 | 05
#0802-d212 @A: 27 25 26 01 | 04
#0803-d212 @A: 17 26 01 09 | 01
#0804-d212 @A: 23 26 07 01 | 07
#0805-d212 @A: 11 10 35 03 | 09
#0806-d212 @A: 21 03 19 35 | 02
#0807-d212 @A: 28 03 09 35 | 10
#0808-d212 @A: 17 35 33 11 | 06
#0809-d212 @A: 26 11 15 35 | 12
#0810-d212 @A: 15 23 27 35 | 03
#0811-d212 @A: 35 32 31 13 | 11
#0812-d212 @A: 06 32 09 35 | 08
#0813-d212 @A: 17 35 23 28 | 05
#0814-d212 @A: 29 20 35 21 | 04
#0815-d212 @A: 35 20 07 13 | 01
#0816-d212 @A: 13 15 17 35 | 07
#0817-d212 @A: 19 29 14 06 | 09
#0818-d212 @A: 20 15 03 14 | 02
#0819-d212 @A: 17 14 09 13 | 10
#0820-d212 @A: 14 02 07 25 | 06
#0821-d212 @A: 25 07 15 14 | 12
#0822-d212 @A: 10 11 31 29 | 03
#0823-d212 @A: 28 09 10 11 | 11
#0824-d212 @A: 18 10 31 32 | 08
#0825-d212 @A: 10 21 32 06 | 05
#0826-d212 @A: 10 29 26 20 | 04
#0827-d212 @A: 31 11 05 34 | 01
#0828-d212 @A: 17 25 27 34 | 07
#0829-d212 @A: 06 29 34 18 | 09
#0830-d212 @A: 13 05 34 29 | 02
#0831-d212 @A: 29 26 21 34 | 10
#0832-d212 @A: 11 24 19 13 | 06
#0833-d212 @A: 17 24 29 19 | 12
#0834-d212 @A: 13 18 27 19 | 03
#0835-d212 @A: 27 19 26 05 | 11
#0836-d212 @A: 19 07 28 09 | 08
#0837-d212 @A: 05 25 06 19 | 05
#0838-d212 @A: 26 19 20 02 | 04
#0839-d212 @A: 11 07 32 03 | 01
#0840-d212 @A: 33 17 03 26 | 07
#0841-d212 @A: 25 09 13 03 | 09
#0842-d212 @A: 13 06 18 03 | 02
#0843-d212 @A: 29 06 25 03 | 10
#0844-d212 @A: 29 11 24 28 | 06
#0845-d212 @A: 06 32 18 11 | 12
#0846-d212 @A: 06 11 07 29 | 03
#0847-d212 @A: 27 17 09 06 | 11
#0848-d212 @A: 28 20 27 23 | 08
#0849-d212 @A: 32 27 18 07 | 05
#0850-d212 @A: 26 13 20 27 | 04
#0851-d212 @A: 31 07 33 20 | 01
#0852-d212 @A: 33 26 21 31 | 07
#0853-d212 @A: 09 21 17 33 | 09
#0854-d212 @A: 29 33 25 21 | 02
#0855-d212 @A: 33 13 26 25 | 10
#0856-d212 @A: 15 13 25 06 | 06
#0857-d212 @A: 16 23 01 30 | 12
#0858-d212 @A: 34 30 22 28 | 03
#0859-d212 @A: 30 08 35 21 | 11
#0860-d212 @A: 03 08 09 30 | 08
#0861-d212 @A: 04 15 30 26 | 05
#0862-d212 @A: 26 33 30 01 | 04
#0863-d212 @A: 10 24 34 30 | 01
#0864-d212 @A: 05 30 19 29 | 07
#0865-d212 @A: 33 30 21 03 | 09
#0866-d212 @A: 20 23 17 30 | 02
#0867-d212 @A: 23 30 13 02 | 10
#0868-d212 @A: 02 30 06 05 | 06
#0869-d212 @A: 13 07 21 30 | 12
#0870-d212 @A: 06 16 12 35 | 03
#0871-d212 @A: 16 12 10 13 | 11
#0872-d212 @A: 26 16 34 12 | 08
#0873-d212 @A: 16 31 12 02 | 05
#0874-d212 @A: 16 22 34 18 | 04
#0875-d212 @A: 22 15 20 16 | 01
#0876-d212 @A: 13 16 33 01 | 07
#0877-d212 @A: 16 15 19 35 | 09
#0878-d212 @A: 35 03 16 26 | 02
#0879-d212 @A: 35 16 23 24 | 10
#0880-d212 @A: 14 31 16 28 | 06
#0881-d212 @A: 34 17 20 16 | 12
#0882-d212 @A: 16 11 03 23 | 03
#0883-d212 @A: 24 11 16 17 | 11
#0884-d212 @A: 16 09 21 06 | 08
#0885-d212 @A: 16 09 07 25 | 05
#0886-d212 @A: 29 20 02 16 | 04
#0887-d212 @A: 20 04 10 12 | 01
#0888-d212 @A: 31 03 23 12 | 07
#0889-d212 @A: 12 09 03 02 | 09
#0890-d212 @A: 11 28 12 33 | 02
#0891-d212 @A: 26 20 23 12 | 10
#0892-d212 @A: 29 06 15 12 | 06
#0893-d212 @A: 12 13 07 15 | 12
#0894-d212 @A: 22 06 08 24 | 03
#0895-d212 @A: 22 04 29 11 | 11
#0896-d212 @A: 35 01 22 14 | 08
#0897-d212 @A: 09 14 10 22 | 05
#0898-d212 @A: 18 22 27 14 | 04
#0899-d212 @A: 34 10 22 29 | 01
#0900-d212 @A: 02 22 34 24 | 07
#0901-d212 @A: 11 22 03 24 | 09
#0902-d212 @A: 29 05 23 22 | 02
#0903-d212 @A: 22 21 18 05 | 10
#0904-d212 @A: 22 13 21 26 | 06
#0905-d212 @A: 32 21 22 02 | 12
#0906-d212 @A: 04 27 09 08 | 03
#0907-d212 @A: 03 08 01 06 | 11
#0908-d212 @A: 08 20 34 31 | 08
#0909-d212 @A: 24 27 08 17 | 05
#0910-d212 @A: 08 24 29 09 | 04
#0911-d212 @A: 09 26 23 08 | 01
#0912-d212 @A: 15 13 23 08 | 07
#0913-d212 @A: 32 02 23 08 | 09
#0914-d212 @A: 07 18 08 29 | 02
#0915-d212 @A: 20 08 06 26 | 10
#0916-d212 @A: 07 08 06 13 | 06
#0917-d212 @A: 05 08 25 20 | 12
#0918-d212 @A: 04 29 03 35 | 03
#0919-d212 @A: 05 04 33 35 | 11
#0920-d212 @A: 10 04 31 02 | 08
#0921-d212 @A: 04 06 10 09 | 05
#0922-d212 @A: 05 21 04 19 | 04
#0923-d212 @A: 04 03 23 33 | 01
#0924-d212 @A: 02 20 28 04 | 07
#0925-d212 @A: 35 15 02 01 | 09
#0926-d212 @A: 14 09 24 01 | 02
#0927-d212 @A: 14 26 05 01 | 10
#0928-d212 @A: 03 01 05 34 | 06
#0929-d212 @A: 06 01 27 24 | 12
#0930-d212 @A: 33 02 01 27 | 03
#0931-d212 @A: 31 23 29 01 | 11
#0932-d212 @A: 32 01 31 15 | 08
#0933-d212 @A: 05 01 23 06 | 05
#0934-d212 @A: 21 01 23 25 | 04
#0935-d212 @A: 14 10 35 25 | 01
#0936-d212 @A: 35 14 24 02 | 07
#0937-d212 @A: 23 35 05 14 | 09
#0938-d212 @A: 15 28 10 35 | 02
#0939-d212 @A: 34 09 27 35 | 10
#0940-d212 @A: 35 19 11 18 | 06
#0941-d212 @A: 18 35 09 02 | 12
#0942-d212 @A: 10 11 14 34 | 03
#0943-d212 @A: 14 17 10 07 | 11
#0944-d212 @A: 19 14 03 17 | 08
#0945-d212 @A: 18 14 19 07 | 05
#0946-d212 @A: 06 11 14 02 | 04
#0947-d212 @A: 15 14 33 32 | 01
#0948-d212 @A: 23 14 26 13 | 07
#0949-d212 @A: 29 14 21 05 | 09
#0950-d212 @A: 33 10 34 25 | 02
#0951-d212 @A: 19 06 24 10 | 10
#0952-d212 @A: 17 19 31 10 | 06
#0953-d212 @A: 02 24 10 09 | 12
#0954-d212 @A: 10 02 23 05 | 03
#0955-d212 @A: 13 05 10 18 | 11
#0956-d212 @A: 10 25 18 29 | 08
#0957-d212 @A: 07 18 21 10 | 05
#0958-d212 @A: 25 10 13 06 | 04
#0959-d212 @A: 07 05 10 20 | 01
#0960-d212 @A: 24 27 34 15 | 07
#0961-d212 @A: 23 32 15 34 | 09
#0962-d212 @A: 03 05 19 24 | 02
#0963-d212 @A: 18 19 15 31 | 10
#0964-d212 @A: 06 19 18 28 | 06
#0965-d212 @A: 18 32 02 19 | 12
#0966-d212 @A: 13 33 24 03 | 03
#0967-d212 @A: 23 03 15 24 | 11
#0968-d212 @A: 18 25 03 05 | 08
#0969-d212 @A: 28 03 25 17 | 05
#0970-d212 @A: 27 09 11 24 | 04
#0971-d212 @A: 17 31 11 26 | 01
#0972-d212 @A: 11 05 09 23 | 07
#0973-d212 @A: 20 11 26 07 | 09
#0974-d212 @A: 29 21 11 02 | 02
#0975-d212 @A: 02 07 17 11 | 10
#0976-d212 @A: 05 13 23 24 | 06
#0977-d212 @A: 05 06 18 24 | 12
#0978-d212 @A: 25 27 23 09 | 03
#0979-d212 @A: 27 15 32 02 | 11
#0980-d212 @A: 31 05 23 20 | 08
#0981-d212 @A: 06 31 32 25 | 05
#0982-d212 @A: 05 07 29 31 | 04
#0983-d212 @A: 31 28 15 02 | 01
#0984-d212 @A: 33 20 09 18 | 07
#0985-d212 @A: 33 26 23 06 | 09
#0986-d212 @A: 18 21 26 15 | 02
#0987-d212 @A: 16 22 29 30 | 10
#0988-d212 @A: 24 16 30 28 | 06
#0989-d212 @A: 25 30 12 08 | 12
#0990-d212 @A: 27 20 30 12 | 03
#0991-d212 @A: 12 17 30 33 | 11
#0992-d212 @A: 12 30 21 15 | 08
#0993-d212 @A: 21 30 22 14 | 05
#0994-d212 @A: 22 10 07 30 | 04
#0995-d212 @A: 22 13 24 30 | 01
#0996-d212 @A: 30 27 08 05 | 07
#0997-d212 @A: 29 14 30 01 | 09
#0998-d212 @A: 34 30 01 09 | 02
#0999-d212 @A: 30 34 15 33 | 10
#1000-d212 @A: 30 28 11 31 | 06
#1001-d212 @A: 30 32 20 24 | 12
#1002-d212 @A: 11 20 12 16 | 03
#1003-d212 @A: 12 27 28 16 | 11
#1004-d212 @A: 25 16 22 13 | 08
#1005-d212 @A: 04 08 16 28 | 05
#1006-d212 @A: 16 15 08 07 | 04
#1007-d212 @A: 17 04 06 16 | 01
#1008-d212 @A: 07 16 01 32 | 07
#1009-d212 @A: 10 16 34 32 | 09
#1010-d212 @A: 07 16 10 06 | 02
#1011-d212 @A: 34 16 31 29 | 10
#1012-d212 @A: 07 27 16 19 | 06
#1013-d212 @A: 13 16 15 03 | 12
#1014-d212 @A: 15 11 16 06 | 03
#1015-d212 @A: 28 16 29 09 | 11
#1016-d212 @A: 16 23 25 20 | 08
#1017-d212 @A: 17 16 26 23 | 05
#1018-d212 @A: 16 18 28 05 | 04
#1019-d212 @A: 22 12 08 11 | 01
#1020-d212 @A: 24 10 12 22 | 07
#1021-d212 @A: 20 12 22 02 | 09
#1022-d212 @A: 12 34 07 08 | 02
#1023-d212 @A: 33 06 12 08 | 10
#1024-d212 @A: 28 31 12 01 | 06
#1025-d212 @A: 10 11 12 18 | 12
#1026-d212 @A: 31 19 13 12 | 03
#1027-d212 @A: 12 05 07 19 | 11
#1028-d212 @A: 11 03 26 12 | 08
#1029-d212 @A: 12 03 33 29 | 05
#1030-d212 @A: 25 12 07 03 | 04
#1031-d212 @A: 12 07 09 26 | 01
#1032-d212 @A: 12 05 18 17 | 07
#1033-d212 @A: 15 02 12 25 | 09
#1034-d212 @A: 08 20 04 22 | 02
#1035-d212 @A: 04 22 01 06 | 10
#1036-d212 @A: 15 05 22 04 | 06
#1037-d212 @A: 22 07 34 01 | 12
#1038-d212 @A: 03 13 01 22 | 03
#1039-d212 @A: 05 10 22 31 | 11
#1040-d212 @A: 22 09 19 27 | 08
#1041-d212 @A: 31 19 29 22 | 05
#1042-d212 @A: 11 22 27 20 | 04
#1043-d212 @A: 31 22 24 20 | 01
#1044-d212 @A: 15 13 26 22 | 07
#1045-d212 @A: 01 17 08 34 | 09
#1046-d212 @A: 08 19 01 05 | 02
#1047-d212 @A: 08 23 19 35 | 10
#1048-d212 @A: 08 34 10 28 | 06
#1049-d212 @A: 24 13 08 34 | 12
#1050-d212 @A: 20 18 08 19 | 03
#1051-d212 @A: 25 08 09 32 | 11
#1052-d212 @A: 08 17 29 20 | 08
#1053-d212 @A: 02 04 35 19 | 05
#1054-d212 @A: 34 31 04 07 | 04
#1055-d212 @A: 18 04 03 31 | 01
#1056-d212 @A: 24 13 27 04 | 07
#1057-d212 @A: 04 28 29 06 | 09
#1058-d212 @A: 25 31 01 35 | 02
#1059-d212 @A: 05 35 09 01 | 10
#1060-d212 @A: 01 34 10 13 | 06
#1061-d212 @A: 33 06 01 10 | 12
#1062-d212 @A: 01 03 19 26 | 03
#1063-d212 @A: 01 24 11 18 | 11
#1064-d212 @A: 27 20 31 01 | 08
#1065-d212 @A: 01 09 02 25 | 05
#1066-d212 @A: 01 15 20 06 | 04
#1067-d212 @A: 07 35 31 14 | 01
#1068-d212 @A: 31 19 05 35 | 07
#1069-d212 @A: 19 26 09 35 | 09
#1070-d212 @A: 33 35 15 26 | 02
#1071-d212 @A: 35 20 18 25 | 10
#1072-d212 @A: 07 25 35 05 | 06
#1073-d212 @A: 06 34 14 17 | 12
#1074-d212 @A: 31 14 20 25 | 03
#1075-d212 @A: 14 02 05 20 | 11
#1076-d212 @A: 10 07 11 23 | 08
#1077-d212 @A: 29 09 15 10 | 05
#1078-d212 @A: 10 32 29 02 | 04
#1079-d212 @A: 31 34 09 03 | 01
#1080-d212 @A: 34 05 27 24 | 07
#1081-d212 @A: 31 27 32 34 | 09
#1082-d212 @A: 34 26 27 33 | 02
#1083-d212 @A: 34 20 09 07 | 10
#1084-d212 @A: 09 29 34 25 | 06
#1085-d212 @A: 13 34 06 28 | 12
#1086-d212 @A: 28 17 05 34 | 03
#1087-d212 @A: 19 32 29 03 | 11
#1088-d212 @A: 11 06 09 19 | 08
#1089-d212 @A: 02 19 25 23 | 05
#1090-d212 @A: 21 26 23 19 | 04
#1091-d212 @A: 26 32 07 19 | 01
#1092-d212 @A: 03 18 17 32 | 07
#1093-d212 @A: 13 28 27 11 | 09
#1094-d212 @A: 25 27 11 32 | 02
#1095-d212 @A: 17 11 29 09 | 10
#1096-d212 @A: 09 02 11 32 | 06
#1097-d212 @A: 11 21 28 23 | 12
#1098-d212 @A: 20 28 11 05 | 03
#1099-d212 @A: 20 11 32 29 | 11
#1100-d212 @A: 17 20 11 25 | 08
#1101-d212 @A: 21 11 25 07 | 05
#1102-d212 @A: 13 24 31 21 | 04
#1103-d212 @A: 09 24 17 28 | 01
#1104-d212 @A: 07 24 23 15 | 07
#1105-d212 @A: 13 18 24 28 | 09
#1106-d212 @A: 13 24 29 20 | 02
#1107-d212 @A: 25 07 24 26 | 10
#1108-d212 @A: 02 28 24 21 | 06
#1109-d212 @A: 27 15 31 20 | 12
#1110-d212 @A: 31 02 27 07 | 03
#1111-d212 @A: 32 28 27 09 | 11
#1112-d212 @A: 27 07 06 05 | 08
#1113-d212 @A: 32 31 33 05 | 05
#1114-d212 @A: 09 31 20 17 | 04
#1115-d212 @A: 31 26 25 23 | 01
#1116-d212 @A: 23 17 31 32 | 07
#1117-d212 @A: 21 31 07 23 | 09
#1118-d212 @A: 02 23 33 17 | 02
#1119-d212 @A: 28 21 18 33 | 10
#1120-d212 @A: 15 13 33 28 | 06
#1121-d212 @A: 15 21 09 32 | 12
#1122-d212 @A: 26 25 32 15 | 03
#1123-d212 @A: 35 30 13 16 | 11
#1124-d212 @A: 09 30 22 11 | 08
#1125-d212 @A: 32 30 31 22 | 05
#1126-d212 @A: 29 04 30 08 | 04
#1127-d212 @A: 19 32 30 08 | 01
#1128-d212 @A: 28 33 30 08 | 07
#1129-d212 @A: 02 10 30 01 | 09
#1130-d212 @A: 28 01 19 30 | 02
#1131-d212 @A: 09 10 30 35 | 10
#1132-d212 @A: 33 30 06 35 | 06
#1133-d212 @A: 05 30 35 15 | 12
#1134-d212 @A: 14 19 27 30 | 03
#1135-d212 @A: 30 18 03 10 | 11
#1136-d212 @A: 06 31 30 34 | 08
#1137-d212 @A: 07 24 11 30 | 05
#1138-d212 @A: 27 28 30 15 | 04
#1139-d212 @A: 09 13 30 32 | 01
#1140-d212 @A: 32 23 18 30 | 07
#1141-d212 @A: 30 18 25 21 | 09
#1142-d212 @A: 25 06 30 26 | 02
#1143-d212 @A: 29 17 30 26 | 10
#1144-d212 @A: 07 30 02 15 | 06
#1145-d212 @A: 22 09 12 16 | 12
#1146-d212 @A: 17 12 01 16 | 03
#1147-d212 @A: 22 21 16 08 | 11
#1148-d212 @A: 01 29 04 16 | 08
#1149-d212 @A: 16 04 18 33 | 05
#1150-d212 @A: 14 29 16 35 | 04
#1151-d212 @A: 16 35 20 33 | 01
#1152-d212 @A: 14 16 34 23 | 07
#1153-d212 @A: 14 11 21 16 | 09
#1154-d212 @A: 11 29 16 19 | 02
#1155-d212 @A: 07 21 29 16 | 10
#1156-d212 @A: 08 29 13 12 | 06
#1157-d212 @A: 03 04 19 12 | 12
#1158-d212 @A: 10 25 12 01 | 03
#1159-d212 @A: 01 12 24 13 | 11
#1160-d212 @A: 32 35 10 12 | 08
#1161-d212 @A: 12 35 17 34 | 05
#1162-d212 @A: 18 03 35 12 | 04
#1163-d212 @A: 11 12 15 33 | 01
#1164-d212 @A: 09 12 23 32 | 07
#1165-d212 @A: 12 28 18 23 | 09
#1166-d212 @A: 13 12 23 07 | 02
#1167-d212 @A: 17 12 32 07 | 10
#1168-d212 @A: 23 22 13 08 | 06
#1169-d212 @A: 22 07 14 04 | 12
#1170-d212 @A: 01 19 22 21 | 03
#1171-d212 @A: 01 31 09 22 | 11
#1172-d212 @A: 20 09 22 35 | 08
#1173-d212 @A: 19 13 34 22 | 05
#1174-d212 @A: 11 22 23 32 | 04
#1175-d212 @A: 11 13 22 07 | 01
#1176-d212 @A: 23 33 24 22 | 07
#1177-d212 @A: 31 22 07 15 | 09
#1178-d212 @A: 22 13 06 32 | 02
#1179-d212 @A: 05 13 22 20 | 10
#1180-d212 @A: 34 08 06 04 | 06
#1181-d212 @A: 29 01 08 35 | 12
#1182-d212 @A: 01 08 21 28 | 03
#1183-d212 @A: 15 08 35 06 | 11
#1184-d212 @A: 08 10 13 14 | 08
#1185-d212 @A: 29 14 08 34 | 05
#1186-d212 @A: 08 11 20 02 | 04
#1187-d212 @A: 21 23 20 08 | 01
#1188-d212 @A: 31 04 35 09 | 07
#1189-d212 @A: 19 14 04 25 | 09
#1190-d212 @A: 04 11 14 28 | 02
#1191-d212 @A: 04 29 19 10 | 10
#1192-d212 @A: 02 33 04 11 | 06
#1193-d212 @A: 05 09 04 24 | 12
#1194-d212 @A: 04 07 15 18 | 03
#1195-d212 @A: 04 05 26 28 | 11
#1196-d212 @A: 01 34 35 32 | 08
#1197-d212 @A: 11 35 02 01 | 05
#1198-d212 @A: 34 25 14 01 | 04
#1199-d212 @A: 11 01 07 33 | 01
#1200-d212 @A: 18 15 01 25 | 07
#1201-d212 @A: 25 06 17 01 | 09
#1202-d212 @A: 05 01 32 29 | 02
#1203-d212 @A: 13 01 29 17 | 10
#1204-d212 @A: 35 24 10 13 | 06
#1205-d212 @A: 35 29 06 10 | 12
#1206-d212 @A: 34 07 35 03 | 03
#1207-d212 @A: 02 27 35 03 | 11
#1208-d212 @A: 35 03 31 15 | 08
#1209-d212 @A: 33 09 35 24 | 05
#1210-d212 @A: 35 32 18 05 | 04
#1211-d212 @A: 20 28 35 32 | 01
#1212-d212 @A: 35 15 29 21 | 07
#1213-d212 @A: 14 10 06 31 | 09
#1214-d212 @A: 33 14 21 34 | 02
#1215-d212 @A: 32 26 34 14 | 10
#1216-d212 @A: 29 14 03 31 | 06
#1217-d212 @A: 11 26 27 14 | 12
#1218-d212 @A: 07 05 11 14 | 03
#1219-d212 @A: 27 14 31 09 | 11
#1220-d212 @A: 27 33 20 14 | 08
#1221-d212 @A: 18 06 25 14 | 05
#1222-d212 @A: 18 20 13 14 | 04
#1223-d212 @A: 29 20 14 07 | 01
#1224-d212 @A: 19 10 34 07 | 07
#1225-d212 @A: 10 31 28 27 | 09
#1226-d212 @A: 29 17 27 10 | 02
#1227-d212 @A: 15 33 21 10 | 10
#1228-d212 @A: 10 02 28 18 | 06
#1229-d212 @A: 21 15 34 19 | 12
#1230-d212 @A: 06 34 03 33 | 03
#1231-d212 @A: 34 17 31 24 | 11
#1232-d212 @A: 31 34 28 02 | 08
#1233-d212 @A: 34 09 23 02 | 05
#1234-d212 @A: 09 26 34 28 | 04
#1235-d212 @A: 32 34 18 28 | 01
#1236-d212 @A: 02 34 32 05 | 07
#1237-d212 @A: 17 34 25 15 | 09
#1238-d212 @A: 07 17 26 34 | 02
#1239-d212 @A: 19 27 24 25 | 10
#1240-d212 @A: 23 32 06 19 | 06
#1241-d212 @A: 19 25 26 18 | 12
#1242-d212 @A: 28 07 03 18 | 03
#1243-d212 @A: 03 05 06 32 | 11
#1244-d212 @A: 02 03 28 05 | 08
#1245-d212 @A: 09 18 07 11 | 05
#1246-d212 @A: 17 18 11 21 | 04
#1247-d212 @A: 28 26 11 02 | 01
#1248-d212 @A: 09 06 23 24 | 07
#1249-d212 @A: 28 15 18 24 | 09
#1250-d212 @A: 20 06 24 25 | 02
#1251-d212 @A: 15 06 24 26 | 10
#1252-d212 @A: 15 02 24 20 | 06
#1253-d212 @A: 06 02 27 25 | 12
#1254-d212 @A: 17 27 13 07 | 03
#1255-d212 @A: 27 07 25 28 | 11
#1256-d212 @A: 13 23 18 31 | 08
#1257-d212 @A: 06 20 31 13 | 05
#1258-d212 @A: 31 02 05 26 | 04
#1259-d212 @A: 23 33 25 32 | 01
#1260-d212 @A: 15 25 23 33 | 07
#1261-d212 @A: 25 16 10 30 | 09
#1262-d212 @A: 12 30 14 26 | 02
#1263-d212 @A: 28 12 13 30 | 10
#1264-d212 @A: 17 27 30 22 | 06
#1265-d212 @A: 10 08 17 30 | 12
#1266-d212 @A: 04 35 32 30 | 03
#1267-d212 @A: 09 04 19 30 | 11
#1268-d212 @A: 01 07 03 30 | 08
#1269-d212 @A: 11 34 30 25 | 05
#1270-d212 @A: 19 30 31 23 | 04
#1271-d212 @A: 24 31 15 30 | 01
#1272-d212 @A: 26 18 07 30 | 07
#1273-d212 @A: 16 12 04 25 | 09
#1274-d212 @A: 05 16 08 34 | 02
#1275-d212 @A: 33 25 08 16 | 10
#1276-d212 @A: 16 04 05 13 | 06
#1277-d212 @A: 01 16 09 10 | 12
#1278-d212 @A: 01 16 05 25 | 03
#1279-d212 @A: 35 17 10 16 | 11
#1280-d212 @A: 19 25 16 35 | 08
#1281-d212 @A: 16 31 18 35 | 05
#1282-d212 @A: 02 16 10 21 | 04
#1283-d212 @A: 07 16 11 34 | 01
#1284-d212 @A: 21 03 25 16 | 07
#1285-d212 @A: 16 24 07 31 | 09
#1286-d212 @A: 05 33 24 16 | 02
#1287-d212 @A: 16 32 27 26 | 10
#1288-d212 @A: 16 05 06 29 | 06
#1289-d212 @A: 07 17 05 16 | 12
#1290-d212 @A: 22 12 21 34 | 03
#1291-d212 @A: 26 27 12 08 | 11
#1292-d212 @A: 14 01 12 23 | 08
#1293-d212 @A: 12 24 11 35 | 05
#1294-d212 @A: 31 20 35 12 | 04
#1295-d212 @A: 28 35 12 07 | 01
#1296-d212 @A: 10 06 34 12 | 07
#1297-d212 @A: 05 28 12 24 | 09
#1298-d212 @A: 23 12 29 17 | 02
#1299-d212 @A: 25 12 32 29 | 10
#1300-d212 @A: 02 13 12 26 | 06
#1301-d212 @A: 25 17 12 02 | 12
#1302-d212 @A: 34 08 09 22 | 03
#1303-d212 @A: 08 22 15 24 | 11
#1304-d212 @A: 35 17 22 04 | 08
#1305-d212 @A: 22 04 34 25 | 05
#1306-d212 @A: 05 01 11 22 | 04
#1307-d212 @A: 22 23 01 27 | 01
#1308-d212 @A: 35 26 22 11 | 07
#1309-d212 @A: 10 03 22 32 | 09
#1310-d212 @A: 34 31 22 23 | 02
#1311-d212 @A: 34 22 32 33 | 10
#1312-d212 @A: 06 22 19 15 | 06
#1313-d212 @A: 03 22 25 02 | 12
#1314-d212 @A: 22 32 09 24 | 03
#1315-d212 @A: 33 15 22 18 | 11
#1316-d212 @A: 22 06 09 25 | 08
#1317-d212 @A: 20 29 22 06 | 05
#1318-d212 @A: 17 22 06 26 | 04
#1319-d212 @A: 23 04 31 08 | 01
#1320-d212 @A: 29 15 08 01 | 07
#1321-d212 @A: 08 35 34 02 | 09
#1322-d212 @A: 34 08 27 21 | 02
#1323-d212 @A: 20 33 03 08 | 10
#1324-d212 @A: 07 24 08 33 | 06
#1325-d212 @A: 08 25 24 23 | 12
#1326-d212 @A: 20 08 24 28 | 03
#1327-d212 @A: 32 17 06 08 | 11
#1328-d212 @A: 29 02 05 08 | 08
#1329-d212 @A: 26 08 02 25 | 05
#1330-d212 @A: 21 08 17 25 | 04
#1331-d212 @A: 35 04 23 01 | 01
#1332-d212 @A: 04 19 34 01 | 07
#1333-d212 @A: 23 14 21 04 | 09
#1334-d212 @A: 15 23 10 04 | 02
#1335-d212 @A: 04 33 29 34 | 10
#1336-d212 @A: 11 03 05 04 | 06
#1337-d212 @A: 26 04 27 03 | 12
#1338-d212 @A: 31 06 04 11 | 03
#1339-d212 @A: 05 18 04 27 | 11
#1340-d212 @A: 26 18 23 04 | 08
#1341-d212 @A: 04 02 23 29 | 05
#1342-d212 @A: 32 29 26 04 | 04
#1343-d212 @A: 27 07 01 14 | 01
#1344-d212 @A: 27 21 01 11 | 07
#1345-d212 @A: 09 01 20 06 | 09
#1346-d212 @A: 32 09 21 01 | 02
#1347-d212 @A: 20 25 01 07 | 10
#1348-d212 @A: 13 28 26 01 | 06
#1349-d212 @A: 02 07 28 01 | 12
#1350-d212 @A: 13 35 19 14 | 03
#1351-d212 @A: 35 09 11 14 | 11
#1352-d212 @A: 10 34 18 35 | 08
#1353-d212 @A: 27 10 05 35 | 05
#1354-d212 @A: 33 35 10 07 | 04
#1355-d212 @A: 34 35 19 06 | 01
#1356-d212 @A: 34 35 31 26 | 07
#1357-d212 @A: 15 35 24 25 | 09
#1358-d212 @A: 26 06 35 21 | 02
#1359-d212 @A: 02 35 20 17 | 10
#1360-d212 @A: 14 23 10 33 | 06
#1361-d212 @A: 10 15 14 02 | 12
#1362-d212 @A: 27 14 15 19 | 03
#1363-d212 @A: 14 19 33 05 | 11
#1364-d212 @A: 14 23 06 27 | 08
#1365-d212 @A: 06 26 14 09 | 05
#1366-d212 @A: 32 07 14 06 | 04
#1367-d212 @A: 20 14 17 26 | 01
#1368-d212 @A: 21 32 28 14 | 07
#1369-d212 @A: 10 34 20 27 | 09
#1370-d212 @A: 10 25 19 03 | 02
#1371-d212 @A: 27 21 10 33 | 10
#1372-d212 @A: 17 10 13 21 | 06
#1373-d212 @A: 34 17 33 19 | 12
#1374-d212 @A: 03 18 20 34 | 03
#1375-d212 @A: 34 27 29 11 | 11
#1376-d212 @A: 13 11 34 15 | 08
#1377-d212 @A: 34 33 07 02 | 05
#1378-d212 @A: 07 23 34 06 | 04
#1379-d212 @A: 21 02 06 34 | 01
#1380-d212 @A: 15 34 20 05 | 07
#1381-d212 @A: 07 26 34 15 | 09
#1382-d212 @A: 19 03 06 31 | 02
#1383-d212 @A: 31 28 25 19 | 10
#1384-d212 @A: 23 15 05 19 | 06
#1385-d212 @A: 21 32 25 19 | 12
#1386-d212 @A: 17 15 19 07 | 03
#1387-d212 @A: 17 31 03 05 | 11
#1388-d212 @A: 06 09 07 03 | 08
#1389-d212 @A: 03 05 23 07 | 05
#1390-d212 @A: 03 13 29 07 | 04
#1391-d212 @A: 24 15 11 29 | 01
#1392-d212 @A: 24 26 21 11 | 07
#1393-d212 @A: 20 23 18 11 | 09
#1394-d212 @A: 11 13 29 18 | 02
#1395-d212 @A: 24 18 31 27 | 10
#1396-d212 @A: 29 21 24 23 | 06
#1397-d212 @A: 06 24 29 32 | 12
#1398-d212 @A: 25 02 24 13 | 03
#1399-d212 @A: 27 02 23 18 | 11
#1400-d212 @A: 05 17 27 23 | 08
#1401-d212 @A: 28 18 27 17 | 05
#1402-d212 @A: 33 31 06 18 | 04
#1403-d212 @A: 15 21 31 17 | 01
#1404-d212 @A: 33 23 05 21 | 07
#1405-d212 @A: 20 33 05 26 | 09
#1406-d212 @A: 32 33 28 26 | 02
#1407-d212 @A: 15 09 20 26 | 10
#1408-d212 @A: 17 29 23 15 | 06
#1409-d212 @A: 06 15 02 17 | 12
#1410-d212 @A: 35 01 12 30 | 03
#1411-d212 @A: 10 30 05 12 | 11
#1412-d212 @A: 02 30 08 22 | 08
#1413-d212 @A: 05 04 30 22 | 05
#1414-d212 @A: 26 22 30 03 | 04
#1415-d212 @A: 08 14 07 30 | 01
#1416-d212 @A: 23 34 08 30 | 07
#1417-d212 @A: 30 35 03 05 | 09
#1418-d212 @A: 30 24 17 35 | 02
#1419-d212 @A: 20 30 26 35 | 10
#1420-d212 @A: 27 32 30 10 | 06
#1421-d212 @A: 20 19 30 21 | 12
#1422-d212 @A: 24 30 23 27 | 03
#1423-d212 @A: 08 23 12 16 | 11
#1424-d212 @A: 16 32 12 15 | 08
#1425-d212 @A: 22 03 04 16 | 05
#1426-d212 @A: 35 08 09 16 | 04
#1427-d212 @A: 16 08 17 14 | 01
#1428-d212 @A: 16 13 31 08 | 07
#1429-d212 @A: 04 16 02 34 | 09
#1430-d212 @A: 26 16 01 11 | 02
#1431-d212 @A: 31 20 10 16 | 10
#1432-d212 @A: 16 34 18 15 | 06
#1433-d212 @A: 16 13 11 02 | 12
#1434-d212 @A: 18 27 21 16 | 03
#1435-d212 @A: 16 13 27 06 | 11
#1436-d212 @A: 09 16 18 32 | 08
#1437-d212 @A: 17 16 02 09 | 05
#1438-d212 @A: 23 16 07 02 | 04
#1439-d212 @A: 26 16 06 02 | 01
#1440-d212 @A: 29 32 16 13 | 07
#1441-d212 @A: 28 16 25 02 | 09
#1442-d212 @A: 12 35 22 13 | 02
#1443-d212 @A: 08 20 14 12 | 10
#1444-d212 @A: 08 03 12 10 | 06
#1445-d212 @A: 01 09 12 27 | 12
#1446-d212 @A: 12 35 21 14 | 03
#1447-d212 @A: 25 12 35 33 | 11
#1448-d212 @A: 17 10 12 28 | 08
#1449-d212 @A: 12 20 03 28 | 05
#1450-d212 @A: 20 24 12 17 | 04
#1451-d212 @A: 03 08 22 05 | 01
#1452-d212 @A: 24 29 01 22 | 07
#1453-d212 @A: 22 35 03 06 | 09
#1454-d212 @A: 19 14 20 22 | 02
#1455-d212 @A: 22 14 33 13 | 10
#1456-d212 @A: 17 15 22 14 | 06
#1457-d212 @A: 19 03 22 18 | 12
#1458-d212 @A: 22 02 11 19 | 03
#1459-d212 @A: 33 22 19 26 | 11
#1460-d212 @A: 22 03 23 20 | 08
#1461-d212 @A: 11 33 22 21 | 05
#1462-d212 @A: 25 27 22 33 | 04
#1463-d212 @A: 27 22 29 32 | 01
#1464-d212 @A: 15 23 22 06 | 07
#1465-d212 @A: 23 02 26 22 | 09
#1466-d212 @A: 28 22 25 05 | 02
#1467-d212 @A: 21 17 29 22 | 10
#1468-d212 @A: 21 07 28 22 | 06
#1469-d212 @A: 01 07 04 08 | 12
#1470-d212 @A: 01 23 10 08 | 03
#1471-d212 @A: 08 01 13 25 | 11
#1472-d212 @A: 11 35 08 13 | 08
#1473-d212 @A: 18 14 23 08 | 05
#1474-d212 @A: 32 08 05 10 | 04
#1475-d212 @A: 34 26 03 08 | 01
#1476-d212 @A: 24 02 08 31 | 07
#1477-d212 @A: 06 25 28 08 | 09
#1478-d212 @A: 04 28 35 10 | 02
#1479-d212 @A: 10 14 04 32 | 10
#1480-d212 @A: 19 11 07 04 | 06
#1481-d212 @A: 28 04 27 19 | 12
#1482-d212 @A: 20 03 24 04 | 03
#1483-d212 @A: 15 27 11 04 | 11
#1484-d212 @A: 04 09 25 15 | 08
#1485-d212 @A: 26 04 21 20 | 05
#1486-d212 @A: 01 35 06 07 | 04
#1487-d212 @A: 33 01 14 32 | 01
#1488-d212 @A: 10 32 01 19 | 07
#1489-d212 @A: 27 17 03 01 | 09
#1490-d212 @A: 20 02 23 01 | 02
#1491-d212 @A: 01 17 20 05 | 10
#1492-d212 @A: 26 17 01 15 | 06
#1493-d212 @A: 19 10 35 20 | 12
#1494-d212 @A: 28 11 35 34 | 03
#1495-d212 @A: 35 34 33 23 | 11
#1496-d212 @A: 13 21 35 33 | 08
#1497-d212 @A: 21 18 35 23 | 05
#1498-d212 @A: 23 19 14 11 | 04
#1499-d212 @A: 15 31 14 11 | 01
#1500-d212 @A: 14 25 33 28 | 07
#1501-d212 @A: 09 07 23 14 | 09
#1502-d212 @A: 17 25 14 05 | 02
#1503-d212 @A: 21 02 14 13 | 10
#1504-d212 @A: 31 10 34 15 | 06
#1505-d212 @A: 10 23 27 19 | 12
#1506-d212 @A: 25 11 10 02 | 03
#1507-d212 @A: 29 07 24 10 | 11
#1508-d212 @A: 23 18 09 10 | 08
#1509-d212 @A: 10 29 21 09 | 05
#1510-d212 @A: 10 29 23 13 | 04
#1511-d212 @A: 28 10 32 23 | 01
#1512-d212 @A: 10 05 29 28 | 07
#1513-d212 @A: 06 09 05 34 | 09
#1514-d212 @A: 25 23 34 28 | 02
#1515-d212 @A: 03 11 28 19 | 10
#1516-d212 @A: 31 19 20 11 | 06
#1517-d212 @A: 19 28 11 15 | 12
#1518-d212 @A: 02 28 19 33 | 03
#1519-d212 @A: 19 07 20 23 | 11
#1520-d212 @A: 28 05 32 19 | 08
#1521-d212 @A: 15 25 19 20 | 05
#1522-d212 @A: 17 19 28 26 | 04
#1523-d212 @A: 03 11 15 02 | 01
#1524-d212 @A: 03 09 23 17 | 07
#1525-d212 @A: 23 32 26 03 | 09
#1526-d212 @A: 06 26 28 03 | 02
#1527-d212 @A: 20 09 11 21 | 10
#1528-d212 @A: 17 06 11 23 | 06
#1529-d212 @A: 11 15 18 05 | 12
#1530-d212 @A: 25 11 28 18 | 03
#1531-d212 @A: 20 26 09 24 | 11
#1532-d212 @A: 18 20 02 24 | 08
#1533-d212 @A: 18 24 17 26 | 05
#1534-d212 @A: 24 17 02 06 | 04
#1535-d212 @A: 24 32 25 28 | 01
#1536-d212 @A: 02 09 27 20 | 07
#1537-d212 @A: 05 15 07 27 | 09
#1538-d212 @A: 33 28 31 23 | 02
#1539-d212 @A: 31 33 13 17 | 10
#1540-d212 @A: 15 25 31 29 | 06
#1541-d212 @A: 25 33 02 05 | 12
#1542-d212 @A: 20 21 02 33 | 03
#1543-d212 @A: 33 07 17 28 | 11
#1544-d212 @A: 19 16 34 30 | 08
#1545-d212 @A: 16 30 09 27 | 05
#1546-d212 @A: 12 30 34 03 | 04
#1547-d212 @A: 35 30 18 22 | 01
#1548-d212 @A: 08 30 11 06 | 07
#1549-d212 @A: 30 04 17 02 | 09
#1550-d212 @A: 19 30 01 15 | 02
#1551-d212 @A: 05 30 01 21 | 10
#1552-d212 @A: 24 14 06 30 | 06
#1553-d212 @A: 34 33 05 30 | 12
#1554-d212 @A: 19 30 02 03 | 03
#1555-d212 @A: 30 25 24 03 | 11
#1556-d212 @A: 27 02 11 30 | 08
#1557-d212 @A: 06 18 09 30 | 05
#1558-d212 @A: 25 30 05 32 | 04
#1559-d212 @A: 28 30 25 20 | 01
#1560-d212 @A: 03 12 05 16 | 07
#1561-d212 @A: 01 22 02 16 | 09
#1562-d212 @A: 28 16 22 11 | 02
#1563-d212 @A: 32 22 20 16 | 10
#1564-d212 @A: 16 20 01 08 | 06
#1565-d212 @A: 16 24 08 32 | 12
#1566-d212 @A: 19 14 16 01 | 03
#1567-d212 @A: 03 20 16 14 | 11
#1568-d212 @A: 06 03 16 24 | 08
#1569-d212 @A: 05 16 31 27 | 05
#1570-d212 @A: 16 18 26 20 | 04
#1571-d212 @A: 18 16 29 17 | 01
#1572-d212 @A: 16 06 32 28 | 07
#1573-d212 @A: 21 20 05 16 | 09
#1574-d212 @A: 13 16 28 17 | 02
#1575-d212 @A: 26 12 01 22 | 10
#1576-d212 @A: 12 08 19 28 | 06
#1577-d212 @A: 35 26 12 04 | 12
#1578-d212 @A: 12 11 23 04 | 03
#1579-d212 @A: 07 12 21 01 | 11
#1580-d212 @A: 03 14 12 06 | 08
#1581-d212 @A: 07 14 12 33 | 05
#1582-d212 @A: 12 03 15 05 | 04
#1583-d212 @A: 26 31 12 18 | 01
#1584-d212 @A: 12 33 18 32 | 07
#1585-d212 @A: 12 25 09 18 | 09
#1586-d212 @A: 05 20 09 12 | 02
#1587-d212 @A: 18 07 12 02 | 10
#1588-d212 @A: 12 06 13 17 | 06
#1589-d212 @A: 32 21 20 12 | 12
#1590-d212 @A: 22 35 10 08 | 03
#1591-d212 @A: 33 08 29 22 | 11
#1592-d212 @A: 04 19 22 23 | 08
#1593-d212 @A: 20 22 10 01 | 05
#1594-d212 @A: 22 15 27 01 | 04
#1595-d212 @A: 29 22 35 25 | 01
#1596-d212 @A: 19 28 10 22 | 07
#1597-d212 @A: 03 09 22 33 | 09
#1598-d212 @A: 18 31 22 11 | 02
#1599-d212 @A: 02 05 22 09 | 10
#1600-d212 @A: 07 22 09 17 | 06
#1601-d212 @A: 18 20 07 22 | 12
#1602-d212 @A: 02 18 29 22 | 03
#1603-d212 @A: 07 05 22 26 | 11
#1604-d212 @A: 02 15 22 21 | 08
#1605-d212 @A: 04 15 08 19 | 05
#1606-d212 @A: 08 33 32 35 | 04
#1607-d212 @A: 19 14 09 08 | 01
#1608-d212 @A: 10 02 08 19 | 07
#1609-d212 @A: 25 19 08 34 | 09
#1610-d212 @A: 31 08 28 03 | 02
#1611-d212 @A: 02 06 09 08 | 10
#1612-d212 @A: 08 17 23 07 | 06
#1613-d212 @A: 15 14 01 04 | 12
#1614-d212 @A: 09 04 13 01 | 03
#1615-d212 @A: 10 04 11 13 | 11
#1616-d212 @A: 15 03 04 17 | 08
#1617-d212 @A: 04 17 11 27 | 05
#1618-d212 @A: 04 27 06 32 | 04
#1619-d212 @A: 20 29 31 04 | 01
#1620-d212 @A: 20 04 25 33 | 07
#1621-d212 @A: 04 09 29 18 | 09
#1622-d212 @A: 23 07 28 04 | 02
#1623-d212 @A: 04 06 07 18 | 10
#1624-d212 @A: 18 20 04 32 | 06
#1625-d212 @A: 28 32 04 13 | 12
#1626-d212 @A: 01 21 18 34 | 03
#1627-d212 @A: 03 24 23 01 | 11
#1628-d212 @A: 31 01 13 11 | 08
#1629-d212 @A: 01 29 20 33 | 05
#1630-d212 @A: 01 29 07 09 | 04
#1631-d212 @A: 13 32 01 23 | 01
#1632-d212 @A: 32 02 01 17 | 07
#1633-d212 @A: 29 35 19 33 | 09
#1634-d212 @A: 35 06 17 18 | 02
#1635-d212 @A: 21 28 35 05 | 10
#1636-d212 @A: 05 17 35 26 | 06
#1637-d212 @A: 07 17 35 29 | 12
#1638-d212 @A: 25 35 28 13 | 03
#1639-d212 @A: 35 21 02 25 | 11
#1640-d212 @A: 14 10 24 18 | 08
#1641-d212 @A: 34 14 19 28 | 05
#1642-d212 @A: 14 20 24 11 | 04
#1643-d212 @A: 27 14 13 29 | 01
#1644-d212 @A: 05 32 14 09 | 07
#1645-d212 @A: 29 14 02 09 | 09
#1646-d212 @A: 20 23 14 32 | 02
#1647-d212 @A: 28 14 02 23 | 10
#1648-d212 @A: 14 18 32 29 | 06
#1649-d212 @A: 29 17 28 14 | 12
#1650-d212 @A: 07 28 13 14 | 03
#1651-d212 @A: 19 05 11 10 | 11
#1652-d212 @A: 31 25 10 24 | 08
#1653-d212 @A: 09 10 32 07 | 05
#1654-d212 @A: 17 06 10 05 | 04
#1655-d212 @A: 20 32 25 10 | 01
#1656-d212 @A: 28 07 10 15 | 07
#1657-d212 @A: 19 31 18 34 | 09
#1658-d212 @A: 34 03 11 21 | 02
#1659-d212 @A: 29 15 03 34 | 10
#1660-d212 @A: 03 32 25 34 | 06
#1661-d212 @A: 24 23 18 34 | 12
#1662-d212 @A: 32 17 29 34 | 03
#1663-d212 @A: 33 11 32 19 | 11
#1664-d212 @A: 19 18 23 05 | 08
#1665-d212 @A: 13 17 19 23 | 05
#1666-d212 @A: 21 06 19 07 | 04
#1667-d212 @A: 32 19 13 20 | 01
#1668-d212 @A: 19 13 15 02 | 07
#1669-d212 @A: 11 03 18 27 | 09
#1670-d212 @A: 27 03 15 33 | 02
#1671-d212 @A: 13 23 03 28 | 10
#1672-d212 @A: 07 21 03 15 | 06
#1673-d212 @A: 21 11 05 32 | 12
#1674-d212 @A: 28 23 26 24 | 03
#1675-d212 @A: 24 29 25 05 | 11
#1676-d212 @A: 29 27 06 26 | 08
#1677-d212 @A: 05 02 21 27 | 05
#1678-d212 @A: 21 20 17 27 | 04
#1679-d212 @A: 02 29 27 28 | 01
#1680-d212 @A: 02 27 32 13 | 07
#1681-d212 @A: 05 28 13 31 | 09
#1682-d212 @A: 25 17 31 29 | 02
#1683-d212 @A: 33 25 18 17 | 10
#1684-d212 @A: 07 05 33 13 | 06
#1685-d212 @A: 13 29 33 28 | 12
#1686-d212 @A: 26 33 29 07 | 03
#1687-d212 @A: 15 06 02 18 | 11
#1688-d212 @A: 28 17 15 05 | 08
#1689-d212 @A: 29 07 32 15 | 05
