#0001-d238 @A: 26 23 29 06 | 01
#0002-d238 @A: 17 29 07 06 | 09
#0003-d238 @A: 06 03 29 35 | 12
#0004-d238 @A: 01 21 06 13 | 05
#0005-d238 @A: 09 16 07 06 | 08
#0006-d238 @A: 21 10 06 16 | 06
#0007-d238 @A: 33 06 03 16 | 04
#0008-d238 @A: 24 08 06 02 | 07
#0009-d238 @A: 04 19 06 28 | 11
#0010-d238 @A: 14 05 10 06 | 03
#0011-d238 @A: 34 11 06 24 | 10
#0012-d238 @A: 06 32 35 10 | 02
#0013-d238 @A: 06 31 35 30 | 01
#0014-d238 @A: 06 11 33 02 | 09
#0015-d238 @A: 29 22 16 10 | 12
#0016-d238 @A: 22 29 17 03 | 05
#0017-d238 @A: 29 22 14 15 | 08
#0018-d238 @A: 28 29 22 25 | 06
#0019-d238 @A: 29 01 14 20 | 04
#0020-d238 @A: 08 16 02 29 | 07
#0021-d238 @A: 32 29 09 16 | 11
#0022-d238 @A: 16 29 25 34 | 03
#0023-d238 @A: 29 17 14 31 | 10
#0024-d238 @A: 05 17 15 29 | 02
#0025-d238 @A: 29 26 19 08 | 01
#0026-d238 @A: 25 08 29 05 | 09
#0027-d238 @A: 14 07 19 29 | 12
#0028-d238 @A: 19 29 34 05 | 05
#0029-d238 @A: 29 26 21 14 | 08
#0030-d238 @A: 24 12 35 29 | 06
#0031-d238 @A: 24 34 29 03 | 04
#0032-d238 @A: 29 11 04 12 | 07
#0033-d238 @A: 29 33 26 11 | 11
#0034-d238 @A: 20 22 23 31 | 03
#0035-d238 @A: 01 35 09 22 | 10
#0036-d238 @A: 22 03 08 14 | 02
#0037-d238 @A: 24 34 05 22 | 01
#0038-d238 @A: 03 22 24 12 | 09
#0039-d238 @A: 21 28 22 27 | 12
#0040-d238 @A: 10 25 22 26 | 05
#0041-d238 @A: 07 23 24 16 | 08
#0042-d238 @A: 25 09 23 35 | 06
#0043-d238 @A: 35 11 07 23 | 04
#0044-d238 @A: 23 05 21 13 | 07
#0045-d238 @A: 32 23 31 18 | 11
#0046-d238 @A: 26 04 23 12 | 03
#0047-d238 @A: 23 20 13 34 | 10
#0048-d238 @A: 30 14 16 01 | 02
#0049-d238 @A: 27 01 17 12 | 01
#0050-d238 @A: 08 35 32 01 | 09
#0051-d238 @A: 01 02 08 15 | 12
#0052-d238 @A: 01 04 09 19 | 05
#0053-d238 @A: 24 26 01 15 | 08
#0054-d238 @A: 05 01 35 03 | 06
#0055-d238 @A: 01 27 03 20 | 04
#0056-d238 @A: 01 20 34 04 | 07
#0057-d238 @A: 16 14 24 17 | 11
#0058-d238 @A: 31 08 16 34 | 03
#0059-d238 @A: 09 19 25 16 | 10
#0060-d238 @A: 02 24 16 05 | 02
#0061-d238 @A: 03 24 16 13 | 01
#0062-d238 @A: 07 03 16 32 | 09
#0063-d238 @A: 04 15 16 02 | 12
#0064-d238 @A: 10 08 21 17 | 05
#0065-d238 @A: 17 14 10 19 | 08
#0066-d238 @A: 14 30 17 15 | 06
#0067-d238 @A: 33 17 24 21 | 04
#0068-d238 @A: 24 13 12 17 | 07
#0069-d238 @A: 17 05 31 34 | 11
#0070-d238 @A: 02 17 26 12 | 03
#0071-d238 @A: 13 15 17 26 | 10
#0072-d238 @A: 34 26 30 17 | 02
#0073-d238 @A: 32 04 09 08 | 01
#0074-d238 @A: 09 33 08 15 | 09
#0075-d238 @A: 12 31 08 14 | 12
#0076-d238 @A: 35 10 07 08 | 05
#0077-d238 @A: 26 08 32 21 | 08
#0078-d238 @A: 30 19 09 21 | 06
#0079-d238 @A: 09 19 02 03 | 04
#0080-d238 @A: 19 18 24 14 | 07
#0081-d238 @A: 19 32 25 24 | 11
#0082-d238 @A: 19 24 13 02 | 03
#0083-d238 @A: 05 04 35 19 | 10
#0084-d238 @A: 21 28 05 19 | 02
#0085-d238 @A: 34 31 32 19 | 01
#0086-d238 @A: 13 34 19 12 | 09
#0087-d238 @A: 07 19 28 13 | 12
#0088-d238 @A: 31 11 09 14 | 05
#0089-d238 @A: 09 30 24 32 | 08
#0090-d238 @A: 24 03 09 21 | 06
#0091-d238 @A: 21 09 04 35 | 04
#0092-d238 @A: 05 12 09 18 | 07
#0093-d238 @A: 10 09 21 32 | 11
#0094-d238 @A: 07 09 13 12 | 03
#0095-d238 @A: 09 07 20 33 | 10
#0096-d238 @A: 30 11 33 09 | 02
#0097-d238 @A: 02 15 18 09 | 01
#0098-d238 @A: 35 27 30 14 | 09
#0099-d238 @A: 28 26 35 14 | 12
#0100-d238 @A: 27 12 14 05 | 05
#0101-d238 @A: 14 10 03 31 | 08
#0102-d238 @A: 33 14 07 12 | 06
#0103-d238 @A: 26 14 13 30 | 04
#0104-d238 @A: 14 03 18 20 | 07
#0105-d238 @A: 14 33 10 11 | 11
#0106-d238 @A: 02 18 26 14 | 03
#0107-d238 @A: 24 02 27 35 | 10
#0108-d238 @A: 27 24 32 13 | 02
#0109-d238 @A: 31 24 27 30 | 01
#0110-d238 @A: 12 02 30 35 | 09
#0111-d238 @A: 12 11 25 35 | 12
#0112-d238 @A: 07 20 02 35 | 05
#0113-d238 @A: 07 25 35 15 | 08
#0114-d238 @A: 02 04 35 26 | 06
#0115-d238 @A: 15 05 07 26 | 04
#0116-d238 @A: 05 30 04 34 | 07
#0117-d238 @A: 26 25 05 11 | 11
#0118-d238 @A: 18 05 03 25 | 03
#0119-d238 @A: 32 07 25 02 | 10
#0120-d238 @A: 32 04 30 15 | 02
#0121-d238 @A: 13 31 30 11 | 01
#0122-d238 @A: 04 03 21 27 | 09
#0123-d238 @A: 30 21 25 10 | 12
#0124-d238 @A: 28 27 33 12 | 05
#0125-d238 @A: 04 27 11 07 | 08
#0126-d238 @A: 27 28 04 18 | 06
#0127-d238 @A: 34 20 28 12 | 04
#0128-d238 @A: 15 06 35 23 | 07
#0129-d238 @A: 06 10 28 23 | 11
#0130-d238 @A: 08 01 06 34 | 03
#0131-d238 @A: 05 30 01 06 | 10
#0132-d238 @A: 06 25 08 16 | 02
#0133-d238 @A: 10 31 08 06 | 01
#0134-d238 @A: 07 12 06 27 | 09
#0135-d238 @A: 11 12 26 06 | 12
#0136-d238 @A: 06 13 25 07 | 05
#0137-d238 @A: 11 06 07 03 | 08
#0138-d238 @A: 30 28 06 25 | 06
#0139-d238 @A: 33 26 06 10 | 04
#0140-d238 @A: 25 06 26 02 | 07
#0141-d238 @A: 29 22 27 34 | 11
#0142-d238 @A: 18 23 29 05 | 03
#0143-d238 @A: 11 29 01 17 | 10
#0144-d238 @A: 24 29 30 01 | 02
#0145-d238 @A: 01 10 29 27 | 01
#0146-d238 @A: 29 13 16 27 | 09
#0147-d238 @A: 17 09 29 12 | 12
#0148-d238 @A: 17 29 32 34 | 05
#0149-d238 @A: 24 13 29 09 | 08
#0150-d238 @A: 02 29 30 09 | 06
#0151-d238 @A: 29 14 18 27 | 04
#0152-d238 @A: 24 18 07 29 | 07
#0153-d238 @A: 30 35 32 29 | 11
#0154-d238 @A: 15 20 12 29 | 03
#0155-d238 @A: 29 18 33 10 | 10
#0156-d238 @A: 19 22 23 18 | 02
#0157-d238 @A: 22 08 20 01 | 01
#0158-d238 @A: 01 21 25 22 | 09
#0159-d238 @A: 22 25 35 17 | 12
#0160-d238 @A: 35 18 22 11 | 05
#0161-d238 @A: 03 21 22 31 | 08
#0162-d238 @A: 22 18 30 12 | 06
#0163-d238 @A: 20 23 01 35 | 04
#0164-d238 @A: 23 16 18 27 | 07
#0165-d238 @A: 19 17 23 08 | 11
#0166-d238 @A: 23 09 17 11 | 03
#0167-d238 @A: 23 17 32 26 | 10
#0168-d238 @A: 23 18 25 17 | 02
#0169-d238 @A: 19 10 05 23 | 01
#0170-d238 @A: 23 02 32 24 | 09
#0171-d238 @A: 11 02 13 23 | 12
#0172-d238 @A: 20 04 23 11 | 05
#0173-d238 @A: 10 23 18 20 | 08
#0174-d238 @A: 17 07 09 01 | 06
#0175-d238 @A: 32 01 19 15 | 04
#0176-d238 @A: 02 10 01 09 | 07
#0177-d238 @A: 05 25 01 14 | 11
#0178-d238 @A: 11 01 35 27 | 03
#0179-d238 @A: 15 01 12 07 | 10
#0180-d238 @A: 12 01 13 03 | 02
#0181-d238 @A: 30 13 34 01 | 01
#0182-d238 @A: 01 33 20 26 | 09
#0183-d238 @A: 10 03 34 01 | 12
#0184-d238 @A: 34 33 01 02 | 05
#0185-d238 @A: 16 17 11 19 | 08
#0186-d238 @A: 08 16 26 35 | 06
#0187-d238 @A: 21 03 19 16 | 04
#0188-d238 @A: 16 31 09 10 | 07
#0189-d238 @A: 16 07 28 09 | 11
#0190-d238 @A: 16 15 32 14 | 03
#0191-d238 @A: 14 25 07 16 | 10
#0192-d238 @A: 31 03 16 05 | 02
#0193-d238 @A: 30 05 16 21 | 01
#0194-d238 @A: 25 16 32 27 | 09
#0195-d238 @A: 12 32 16 20 | 12
#0196-d238 @A: 16 25 10 33 | 05
#0197-d238 @A: 24 08 03 17 | 08
#0198-d238 @A: 08 17 30 02 | 06
#0199-d238 @A: 19 17 32 12 | 04
#0200-d238 @A: 14 17 09 04 | 07
#0201-d238 @A: 25 17 09 24 | 11
#0202-d238 @A: 24 05 10 17 | 03
#0203-d238 @A: 17 31 30 32 | 10
#0204-d238 @A: 02 17 20 13 | 02
#0205-d238 @A: 35 19 25 08 | 01
#0206-d238 @A: 32 08 19 33 | 09
#0207-d238 @A: 08 09 18 28 | 12
#0208-d238 @A: 08 24 35 34 | 05
#0209-d238 @A: 12 02 08 34 | 08
#0210-d238 @A: 07 08 13 34 | 06
#0211-d238 @A: 11 04 08 02 | 04
#0212-d238 @A: 08 03 04 28 | 07
#0213-d238 @A: 19 25 28 27 | 11
#0214-d238 @A: 20 33 19 11 | 03
#0215-d238 @A: 18 25 19 34 | 10
#0216-d238 @A: 32 05 09 25 | 02
#0217-d238 @A: 28 27 34 09 | 01
#0218-d238 @A: 18 26 20 09 | 09
#0219-d238 @A: 34 35 05 14 | 12
#0220-d238 @A: 13 14 07 32 | 05
#0221-d238 @A: 02 14 33 27 | 08
#0222-d238 @A: 14 33 30 34 | 06
#0223-d238 @A: 24 20 35 32 | 04
#0224-d238 @A: 21 30 24 35 | 07
#0225-d238 @A: 24 32 26 03 | 11
#0226-d238 @A: 33 34 12 24 | 03
#0227-d238 @A: 24 12 02 18 | 10
#0228-d238 @A: 04 07 24 03 | 02
#0229-d238 @A: 30 04 33 24 | 01
#0230-d238 @A: 05 11 30 35 | 09
#0231-d238 @A: 12 04 10 35 | 12
#0232-d238 @A: 35 10 28 13 | 05
#0233-d238 @A: 20 30 35 25 | 08
#0234-d238 @A: 35 18 30 15 | 06
#0235-d238 @A: 18 35 15 28 | 04
#0236-d238 @A: 13 15 27 05 | 07
#0237-d238 @A: 02 13 05 12 | 11
#0238-d238 @A: 11 05 07 13 | 03
#0239-d238 @A: 30 05 13 25 | 10
#0240-d238 @A: 34 33 26 05 | 02
#0241-d238 @A: 33 03 05 02 | 01
#0242-d238 @A: 31 27 32 26 | 09
#0243-d238 @A: 32 28 12 03 | 12
#0244-d238 @A: 04 32 13 18 | 05
#0245-d238 @A: 15 13 03 32 | 08
#0246-d238 @A: 32 30 11 10 | 06
#0247-d238 @A: 07 31 10 12 | 04
#0248-d238 @A: 25 04 33 31 | 07
#0249-d238 @A: 21 12 13 20 | 11
#0250-d238 @A: 11 04 21 30 | 03
#0251-d238 @A: 20 04 21 18 | 10
#0252-d238 @A: 21 15 20 33 | 02
#0253-d238 @A: 21 26 03 10 | 01
#0254-d238 @A: 03 21 34 33 | 09
#0255-d238 @A: 33 27 15 12 | 12
#0256-d238 @A: 03 12 34 27 | 05
#0257-d238 @A: 33 03 27 07 | 08
#0258-d238 @A: 26 03 30 27 | 06
#0259-d238 @A: 30 02 10 27 | 04
#0260-d238 @A: 06 07 22 23 | 07
#0261-d238 @A: 22 06 13 24 | 11
#0262-d238 @A: 06 23 31 03 | 03
#0263-d238 @A: 12 35 01 06 | 10
#0264-d238 @A: 06 24 16 12 | 02
#0265-d238 @A: 09 06 17 33 | 01
#0266-d238 @A: 06 08 12 09 | 09
#0267-d238 @A: 19 35 06 07 | 12
#0268-d238 @A: 09 34 06 05 | 05
#0269-d238 @A: 18 09 30 06 | 08
#0270-d238 @A: 14 03 06 13 | 06
#0271-d238 @A: 06 27 24 10 | 04
#0272-d238 @A: 02 32 06 05 | 07
#0273-d238 @A: 07 04 33 06 | 11
#0274-d238 @A: 02 06 07 10 | 03
#0275-d238 @A: 13 11 20 06 | 10
#0276-d238 @A: 22 09 04 29 | 02
#0277-d238 @A: 35 29 22 20 | 01
#0278-d238 @A: 29 33 21 22 | 09
#0279-d238 @A: 23 17 29 33 | 12
#0280-d238 @A: 31 08 23 29 | 05
#0281-d238 @A: 13 21 08 29 | 08
#0282-d238 @A: 27 19 29 12 | 06
#0283-d238 @A: 19 29 28 26 | 04
#0284-d238 @A: 29 04 24 15 | 07
#0285-d238 @A: 34 30 29 12 | 11
#0286-d238 @A: 29 10 11 07 | 03
#0287-d238 @A: 04 29 25 26 | 10
#0288-d238 @A: 01 16 03 22 | 02
#0289-d238 @A: 22 16 28 08 | 01
#0290-d238 @A: 10 22 09 17 | 09
#0291-d238 @A: 12 31 22 17 | 12
#0292-d238 @A: 28 07 17 22 | 05
#0293-d238 @A: 19 31 25 22 | 08
#0294-d238 @A: 22 27 02 19 | 06
#0295-d238 @A: 09 34 22 07 | 04
#0296-d238 @A: 14 24 26 22 | 07
#0297-d238 @A: 33 22 14 05 | 11
#0298-d238 @A: 32 07 24 22 | 03
#0299-d238 @A: 15 05 22 35 | 10
#0300-d238 @A: 04 02 28 22 | 02
#0301-d238 @A: 15 22 34 03 | 01
#0302-d238 @A: 31 16 33 23 | 09
#0303-d238 @A: 23 14 19 35 | 12
#0304-d238 @A: 19 31 13 23 | 05
#0305-d238 @A: 23 03 19 07 | 08
#0306-d238 @A: 15 19 26 23 | 06
#0307-d238 @A: 20 23 09 21 | 04
#0308-d238 @A: 05 07 23 25 | 07
#0309-d238 @A: 23 10 07 13 | 11
#0310-d238 @A: 07 30 23 28 | 03
#0311-d238 @A: 23 30 11 26 | 10
#0312-d238 @A: 23 15 30 03 | 02
#0313-d238 @A: 20 19 01 16 | 01
#0314-d238 @A: 17 21 01 15 | 09
#0315-d238 @A: 24 08 07 01 | 12
#0316-d238 @A: 09 01 15 05 | 05
#0317-d238 @A: 33 35 01 13 | 08
#0318-d238 @A: 21 05 12 01 | 06
#0319-d238 @A: 26 01 32 12 | 04
#0320-d238 @A: 01 32 18 11 | 07
#0321-d238 @A: 31 04 01 27 | 11
#0322-d238 @A: 20 18 01 07 | 03
#0323-d238 @A: 03 02 07 01 | 10
#0324-d238 @A: 02 01 25 11 | 02
#0325-d238 @A: 18 28 10 01 | 01
#0326-d238 @A: 25 16 17 05 | 09
#0327-d238 @A: 09 08 16 18 | 12
#0328-d238 @A: 24 10 16 19 | 05
#0329-d238 @A: 34 19 28 16 | 08
#0330-d238 @A: 09 16 26 24 | 06
#0331-d238 @A: 35 16 31 15 | 04
#0332-d238 @A: 16 21 35 13 | 07
#0333-d238 @A: 16 35 07 27 | 11
#0334-d238 @A: 16 02 31 11 | 03
#0335-d238 @A: 02 16 13 28 | 10
#0336-d238 @A: 34 11 16 15 | 02
#0337-d238 @A: 32 17 15 08 | 01
#0338-d238 @A: 19 17 30 04 | 09
#0339-d238 @A: 09 28 35 17 | 12
#0340-d238 @A: 31 03 17 35 | 05
#0341-d238 @A: 17 32 13 05 | 08
#0342-d238 @A: 17 26 11 27 | 06
#0343-d238 @A: 17 30 13 33 | 04
#0344-d238 @A: 30 28 17 11 | 07
#0345-d238 @A: 11 15 25 17 | 11
#0346-d238 @A: 04 17 03 26 | 03
#0347-d238 @A: 15 34 17 33 | 10
#0348-d238 @A: 04 08 24 19 | 02
#0349-d238 @A: 35 08 14 02 | 01
#0350-d238 @A: 08 10 05 30 | 09
#0351-d238 @A: 15 07 08 31 | 12
#0352-d238 @A: 30 07 08 11 | 05
#0353-d238 @A: 11 13 08 10 | 08
#0354-d238 @A: 26 02 03 08 | 06
#0355-d238 @A: 34 24 19 09 | 04
#0356-d238 @A: 19 13 32 09 | 07
#0357-d238 @A: 19 13 14 20 | 11
#0358-d238 @A: 20 24 27 19 | 03
#0359-d238 @A: 05 19 27 26 | 10
#0360-d238 @A: 30 19 11 34 | 02
#0361-d238 @A: 19 11 02 26 | 01
#0362-d238 @A: 09 34 21 14 | 09
#0363-d238 @A: 24 35 10 09 | 12
#0364-d238 @A: 27 20 35 09 | 05
#0365-d238 @A: 09 34 11 35 | 08
#0366-d238 @A: 32 31 15 09 | 06
#0367-d238 @A: 11 04 09 18 | 04
#0368-d238 @A: 24 14 07 35 | 07
#0369-d238 @A: 05 32 30 14 | 11
#0370-d238 @A: 31 32 14 20 | 03
#0371-d238 @A: 14 12 30 20 | 10
#0372-d238 @A: 10 13 02 14 | 02
#0373-d238 @A: 25 03 14 26 | 01
#0374-d238 @A: 35 18 05 24 | 09
#0375-d238 @A: 30 12 05 24 | 12
#0376-d238 @A: 21 18 24 10 | 05
#0377-d238 @A: 28 02 12 24 | 08
#0378-d238 @A: 24 28 07 20 | 06
#0379-d238 @A: 24 13 15 10 | 04
#0380-d238 @A: 04 25 11 24 | 07
#0381-d238 @A: 28 04 24 33 | 11
#0382-d238 @A: 35 28 21 30 | 03
#0383-d238 @A: 20 12 34 35 | 10
#0384-d238 @A: 15 26 12 35 | 02
#0385-d238 @A: 02 18 35 13 | 01
#0386-d238 @A: 13 35 34 15 | 09
#0387-d238 @A: 33 07 05 32 | 12
#0388-d238 @A: 18 05 31 04 | 05
#0389-d238 @A: 13 05 28 20 | 08
#0390-d238 @A: 05 28 03 11 | 06
#0391-d238 @A: 18 15 05 33 | 04
#0392-d238 @A: 11 33 32 13 | 07
#0393-d238 @A: 25 32 20 28 | 11
#0394-d238 @A: 04 33 32 10 | 03
#0395-d238 @A: 12 15 13 31 | 10
#0396-d238 @A: 12 33 11 31 | 02
#0397-d238 @A: 33 07 31 13 | 01
#0398-d238 @A: 21 27 26 33 | 09
#0399-d238 @A: 21 12 28 07 | 12
#0400-d238 @A: 21 04 33 12 | 05
#0401-d238 @A: 04 21 07 13 | 08
#0402-d238 @A: 30 33 07 21 | 06
#0403-d238 @A: 34 02 07 21 | 04
#0404-d238 @A: 13 21 11 34 | 07
#0405-d238 @A: 18 03 21 30 | 11
#0406-d238 @A: 18 11 27 30 | 03
#0407-d238 @A: 25 28 02 26 | 10
#0408-d238 @A: 30 29 06 11 | 02
#0409-d238 @A: 06 19 02 01 | 01
#0410-d238 @A: 06 27 18 01 | 09
#0411-d238 @A: 06 35 08 20 | 12
#0412-d238 @A: 06 11 15 08 | 05
#0413-d238 @A: 06 19 31 24 | 08
#0414-d238 @A: 25 31 09 06 | 06
#0415-d238 @A: 06 28 09 30 | 04
#0416-d238 @A: 06 21 30 14 | 07
#0417-d238 @A: 21 06 12 02 | 11
#0418-d238 @A: 12 04 25 06 | 03
#0419-d238 @A: 03 06 26 15 | 10
#0420-d238 @A: 33 15 06 25 | 02
#0421-d238 @A: 22 29 07 01 | 01
#0422-d238 @A: 29 22 32 26 | 09
#0423-d238 @A: 23 29 11 28 | 12
#0424-d238 @A: 29 12 01 08 | 05
#0425-d238 @A: 29 14 34 08 | 08
#0426-d238 @A: 08 29 10 24 | 06
#0427-d238 @A: 29 10 31 19 | 04
#0428-d238 @A: 09 29 14 25 | 07
#0429-d238 @A: 32 14 29 12 | 11
#0430-d238 @A: 29 14 28 13 | 03
#0431-d238 @A: 31 35 26 29 | 10
#0432-d238 @A: 32 20 27 29 | 02
#0433-d238 @A: 14 02 22 01 | 01
#0434-d238 @A: 22 15 31 01 | 09
#0435-d238 @A: 08 15 16 22 | 12
#0436-d238 @A: 16 07 05 22 | 05
#0437-d238 @A: 22 31 16 26 | 08
#0438-d238 @A: 20 16 22 33 | 06
#0439-d238 @A: 08 10 22 27 | 04
#0440-d238 @A: 22 04 14 27 | 07
#0441-d238 @A: 34 04 13 22 | 11
#0442-d238 @A: 23 01 12 14 | 03
#0443-d238 @A: 03 16 23 08 | 10
#0444-d238 @A: 33 23 19 21 | 02
#0445-d238 @A: 23 27 09 13 | 01
#0446-d238 @A: 31 14 23 30 | 09
#0447-d238 @A: 27 23 25 14 | 12
#0448-d238 @A: 12 31 24 23 | 05
#0449-d238 @A: 21 23 24 26 | 08
#0450-d238 @A: 02 05 04 23 | 06
#0451-d238 @A: 28 27 23 13 | 04
#0452-d238 @A: 12 20 33 23 | 07
#0453-d238 @A: 23 12 02 03 | 11
#0454-d238 @A: 23 13 03 04 | 03
#0455-d238 @A: 23 13 15 25 | 10
#0456-d238 @A: 16 01 32 24 | 02
#0457-d238 @A: 24 01 16 28 | 01
#0458-d238 @A: 16 04 33 01 | 09
#0459-d238 @A: 01 19 27 33 | 12
#0460-d238 @A: 01 05 31 24 | 05
#0461-d238 @A: 32 07 01 10 | 08
#0462-d238 @A: 28 31 01 12 | 06
#0463-d238 @A: 01 04 12 18 | 04
#0464-d238 @A: 01 11 26 03 | 07
#0465-d238 @A: 01 15 10 33 | 11
#0466-d238 @A: 08 07 16 17 | 03
#0467-d238 @A: 20 16 17 21 | 10
#0468-d238 @A: 16 19 07 34 | 02
#0469-d238 @A: 05 16 13 14 | 01
#0470-d238 @A: 28 31 16 05 | 09
#0471-d238 @A: 20 31 16 13 | 12
#0472-d238 @A: 12 16 33 02 | 05
#0473-d238 @A: 10 20 07 16 | 08
#0474-d238 @A: 07 26 33 16 | 06
#0475-d238 @A: 30 16 26 18 | 04
#0476-d238 @A: 10 16 30 34 | 07
#0477-d238 @A: 15 16 26 25 | 11
#0478-d238 @A: 34 21 17 35 | 03
#0479-d238 @A: 17 03 32 02 | 10
#0480-d238 @A: 17 10 34 07 | 02
#0481-d238 @A: 17 13 18 11 | 01
#0482-d238 @A: 10 13 25 17 | 09
#0483-d238 @A: 25 26 17 20 | 12
#0484-d238 @A: 17 34 11 04 | 05
#0485-d238 @A: 34 28 04 17 | 08
#0486-d238 @A: 14 05 08 18 | 06
#0487-d238 @A: 32 12 27 08 | 04
#0488-d238 @A: 32 08 20 11 | 07
#0489-d238 @A: 13 25 08 20 | 11
#0490-d238 @A: 04 30 20 08 | 03
#0491-d238 @A: 33 03 11 08 | 10
#0492-d238 @A: 28 26 08 34 | 02
#0493-d238 @A: 09 05 14 19 | 01
#0494-d238 @A: 11 27 31 19 | 09
#0495-d238 @A: 20 03 19 10 | 12
#0496-d238 @A: 10 19 04 25 | 05
#0497-d238 @A: 28 09 14 21 | 08
#0498-d238 @A: 09 15 07 14 | 06
#0499-d238 @A: 27 09 04 25 | 04
#0500-d238 @A: 20 10 09 12 | 07
#0501-d238 @A: 12 26 09 34 | 11
#0502-d238 @A: 09 26 04 07 | 03
#0503-d238 @A: 20 09 02 11 | 10
#0504-d238 @A: 34 09 20 15 | 02
#0505-d238 @A: 25 15 09 03 | 01
#0506-d238 @A: 32 24 34 14 | 09
#0507-d238 @A: 14 24 27 03 | 12
#0508-d238 @A: 32 14 35 26 | 05
#0509-d238 @A: 31 14 28 32 | 08
#0510-d238 @A: 18 15 12 14 | 06
#0511-d238 @A: 07 30 14 02 | 04
#0512-d238 @A: 18 14 11 34 | 07
#0513-d238 @A: 34 15 14 26 | 11
#0514-d238 @A: 11 02 24 07 | 03
#0515-d238 @A: 25 05 02 35 | 10
#0516-d238 @A: 20 35 21 03 | 02
#0517-d238 @A: 20 04 15 35 | 01
#0518-d238 @A: 34 15 32 05 | 09
#0519-d238 @A: 26 12 05 03 | 12
#0520-d238 @A: 12 15 05 10 | 05
#0521-d238 @A: 05 02 15 11 | 08
#0522-d238 @A: 21 04 34 32 | 06
#0523-d238 @A: 32 12 11 15 | 04
#0524-d238 @A: 03 18 12 32 | 07
#0525-d238 @A: 03 04 25 32 | 11
#0526-d238 @A: 02 28 31 20 | 03
#0527-d238 @A: 31 26 33 18 | 10
#0528-d238 @A: 18 31 10 02 | 02
#0529-d238 @A: 12 21 27 10 | 01
#0530-d238 @A: 25 11 33 21 | 09
#0531-d238 @A: 13 27 34 18 | 12
#0532-d238 @A: 20 33 10 27 | 05
#0533-d238 @A: 26 10 34 27 | 08
#0534-d238 @A: 15 02 27 26 | 06
#0535-d238 @A: 18 28 07 34 | 04
#0536-d238 @A: 26 04 20 28 | 07
#0537-d238 @A: 28 15 10 25 | 11
#0538-d238 @A: 06 29 09 10 | 03
#0539-d238 @A: 29 06 05 20 | 10
#0540-d238 @A: 29 18 32 06 | 02
#0541-d238 @A: 34 06 29 21 | 01
#0542-d238 @A: 17 22 08 06 | 09
#0543-d238 @A: 14 35 06 22 | 12
#0544-d238 @A: 06 24 25 01 | 05
#0545-d238 @A: 27 15 06 17 | 08
#0546-d238 @A: 26 08 06 14 | 06
#0547-d238 @A: 21 06 19 27 | 04
#0548-d238 @A: 12 19 10 06 | 07
#0549-d238 @A: 14 06 15 04 | 11
#0550-d238 @A: 20 06 24 26 | 03
#0551-d238 @A: 26 35 06 05 | 10
#0552-d238 @A: 03 28 06 13 | 02
#0553-d238 @A: 13 02 15 06 | 01
#0554-d238 @A: 06 28 11 26 | 09
#0555-d238 @A: 06 18 03 34 | 12
#0556-d238 @A: 27 23 29 02 | 05
#0557-d238 @A: 31 16 29 07 | 08
#0558-d238 @A: 14 29 11 03 | 06
#0559-d238 @A: 24 33 29 32 | 04
#0560-d238 @A: 35 21 29 25 | 07
#0561-d238 @A: 31 29 11 32 | 11
#0562-d238 @A: 03 31 29 27 | 03
#0563-d238 @A: 12 10 29 02 | 10
#0564-d238 @A: 03 29 26 13 | 02
#0565-d238 @A: 34 22 12 01 | 01
#0566-d238 @A: 16 19 22 04 | 09
#0567-d238 @A: 35 16 24 22 | 12
#0568-d238 @A: 14 22 11 17 | 05
#0569-d238 @A: 17 24 22 30 | 08
#0570-d238 @A: 17 04 32 22 | 06
#0571-d238 @A: 35 22 08 13 | 04
#0572-d238 @A: 12 22 09 21 | 07
#0573-d238 @A: 22 33 09 27 | 11
#0574-d238 @A: 34 22 35 32 | 03
#0575-d238 @A: 22 05 12 04 | 10
#0576-d238 @A: 03 22 07 26 | 02
#0577-d238 @A: 11 02 22 30 | 01
#0578-d238 @A: 04 30 22 03 | 09
#0579-d238 @A: 18 26 34 22 | 12
#0580-d238 @A: 03 10 33 22 | 05
#0581-d238 @A: 33 22 10 28 | 08
#0582-d238 @A: 28 31 23 17 | 06
#0583-d238 @A: 25 24 08 23 | 04
#0584-d238 @A: 32 08 23 34 | 07
#0585-d238 @A: 18 23 08 21 | 11
#0586-d238 @A: 12 09 23 19 | 03
#0587-d238 @A: 23 24 05 33 | 10
#0588-d238 @A: 26 23 20 07 | 02
#0589-d238 @A: 15 20 02 23 | 01
#0590-d238 @A: 34 03 23 26 | 09
#0591-d238 @A: 25 34 23 33 | 12
#0592-d238 @A: 23 34 18 02 | 05
#0593-d238 @A: 17 16 01 02 | 08
#0594-d238 @A: 01 21 07 16 | 06
#0595-d238 @A: 27 16 01 15 | 04
#0596-d238 @A: 25 17 01 31 | 07
#0597-d238 @A: 01 26 28 17 | 11
#0598-d238 @A: 03 01 08 21 | 03
#0599-d238 @A: 18 08 13 01 | 10
#0600-d238 @A: 19 21 01 34 | 02
#0601-d238 @A: 01 24 10 14 | 01
#0602-d238 @A: 01 13 14 27 | 09
#0603-d238 @A: 01 32 21 33 | 12
#0604-d238 @A: 28 01 07 04 | 05
#0605-d238 @A: 18 01 26 25 | 08
#0606-d238 @A: 16 10 35 17 | 06
#0607-d238 @A: 12 35 19 16 | 04
#0608-d238 @A: 30 19 16 27 | 07
#0609-d238 @A: 14 02 21 16 | 11
#0610-d238 @A: 10 32 16 05 | 03
#0611-d238 @A: 03 25 16 12 | 10
#0612-d238 @A: 07 02 16 18 | 02
#0613-d238 @A: 04 08 17 31 | 01
#0614-d238 @A: 19 17 21 13 | 09
#0615-d238 @A: 17 03 19 34 | 12
#0616-d238 @A: 17 32 21 25 | 05
#0617-d238 @A: 20 07 30 17 | 08
#0618-d238 @A: 33 02 17 18 | 06
#0619-d238 @A: 14 09 13 08 | 04
#0620-d238 @A: 08 15 24 12 | 07
#0621-d238 @A: 31 33 35 08 | 11
#0622-d238 @A: 13 32 08 02 | 03
#0623-d238 @A: 08 07 28 31 | 10
#0624-d238 @A: 03 30 13 08 | 02
#0625-d238 @A: 04 13 08 15 | 01
#0626-d238 @A: 34 18 20 08 | 09
#0627-d238 @A: 15 19 09 35 | 12
#0628-d238 @A: 02 19 35 34 | 05
#0629-d238 @A: 19 12 31 21 | 08
#0630-d238 @A: 07 30 31 19 | 06
#0631-d238 @A: 13 19 30 10 | 04
#0632-d238 @A: 03 26 18 19 | 07
#0633-d238 @A: 19 33 04 34 | 11
#0634-d238 @A: 03 11 13 09 | 03
#0635-d238 @A: 28 11 13 09 | 10
#0636-d238 @A: 09 34 13 02 | 02
#0637-d238 @A: 09 34 04 03 | 01
#0638-d238 @A: 31 14 24 33 | 09
#0639-d238 @A: 14 05 20 21 | 12
#0640-d238 @A: 14 21 25 31 | 05
#0641-d238 @A: 28 25 07 14 | 08
#0642-d238 @A: 20 14 04 26 | 06
#0643-d238 @A: 11 24 31 35 | 04
#0644-d238 @A: 24 33 18 27 | 07
#0645-d238 @A: 25 18 20 24 | 11
#0646-d238 @A: 10 03 02 24 | 03
#0647-d238 @A: 07 35 28 32 | 10
#0648-d238 @A: 34 03 35 30 | 02
#0649-d238 @A: 02 28 35 34 | 01
#0650-d238 @A: 34 18 05 07 | 09
#0651-d238 @A: 05 34 13 03 | 12
#0652-d238 @A: 28 18 13 32 | 05
#0653-d238 @A: 25 15 20 32 | 08
#0654-d238 @A: 11 07 31 18 | 06
#0655-d238 @A: 33 34 20 31 | 04
#0656-d238 @A: 31 04 15 11 | 07
#0657-d238 @A: 03 34 11 31 | 11
#0658-d238 @A: 21 34 15 27 | 03
#0659-d238 @A: 21 33 10 13 | 10
#0660-d238 @A: 21 02 03 13 | 02
#0661-d238 @A: 21 28 33 18 | 01
#0662-d238 @A: 28 34 21 03 | 09
#0663-d238 @A: 07 15 30 27 | 12
#0664-d238 @A: 27 04 02 20 | 05
#0665-d238 @A: 02 25 34 27 | 08
#0666-d238 @A: 29 06 22 02 | 06
#0667-d238 @A: 29 06 15 01 | 04
#0668-d238 @A: 16 30 06 22 | 07
#0669-d238 @A: 05 06 22 25 | 11
#0670-d238 @A: 04 18 06 22 | 03
#0671-d238 @A: 06 14 23 18 | 10
#0672-d238 @A: 04 06 23 32 | 02
#0673-d238 @A: 23 11 27 06 | 01
#0674-d238 @A: 04 06 11 01 | 09
#0675-d238 @A: 16 06 18 13 | 12
#0676-d238 @A: 35 02 17 06 | 05
#0677-d238 @A: 09 06 27 26 | 08
#0678-d238 @A: 14 06 28 27 | 06
#0679-d238 @A: 21 18 05 06 | 04
#0680-d238 @A: 06 31 28 18 | 07
#0681-d238 @A: 30 33 06 20 | 11
#0682-d238 @A: 06 10 03 04 | 03
#0683-d238 @A: 22 30 08 29 | 10
#0684-d238 @A: 22 29 19 13 | 02
#0685-d238 @A: 01 32 25 29 | 01
#0686-d238 @A: 29 01 28 02 | 09
#0687-d238 @A: 29 30 21 17 | 12
#0688-d238 @A: 35 11 19 29 | 05
#0689-d238 @A: 32 19 04 29 | 08
#0690-d238 @A: 19 29 21 18 | 06
#0691-d238 @A: 19 29 15 02 | 04
#0692-d238 @A: 05 09 29 31 | 07
#0693-d238 @A: 04 31 29 30 | 11
#0694-d238 @A: 17 22 15 23 | 03
#0695-d238 @A: 22 32 09 23 | 10
#0696-d238 @A: 22 30 23 13 | 02
#0697-d238 @A: 23 26 02 22 | 01
#0698-d238 @A: 01 30 27 22 | 09
#0699-d238 @A: 22 34 17 02 | 12
#0700-d238 @A: 22 08 21 11 | 05
#0701-d238 @A: 19 12 14 22 | 08
#0702-d238 @A: 22 19 33 24 | 06
#0703-d238 @A: 14 22 32 25 | 04
#0704-d238 @A: 04 24 22 21 | 07
#0705-d238 @A: 22 04 31 35 | 11
#0706-d238 @A: 21 07 35 22 | 03
#0707-d238 @A: 22 18 27 05 | 10
#0708-d238 @A: 15 22 27 32 | 02
#0709-d238 @A: 32 03 11 22 | 01
#0710-d238 @A: 31 28 22 03 | 09
#0711-d238 @A: 22 18 13 07 | 12
#0712-d238 @A: 22 04 02 07 | 05
#0713-d238 @A: 15 26 22 20 | 08
#0714-d238 @A: 04 11 10 22 | 06
#0715-d238 @A: 04 22 15 33 | 04
#0716-d238 @A: 04 01 07 23 | 07
#0717-d238 @A: 23 16 02 19 | 11
#0718-d238 @A: 16 23 21 04 | 03
#0719-d238 @A: 23 31 07 17 | 10
#0720-d238 @A: 27 15 24 23 | 02
#0721-d238 @A: 34 23 21 30 | 01
#0722-d238 @A: 23 33 15 07 | 09
#0723-d238 @A: 13 16 01 09 | 12
#0724-d238 @A: 17 19 05 01 | 05
#0725-d238 @A: 24 17 01 20 | 08
#0726-d238 @A: 19 08 30 01 | 06
#0727-d238 @A: 31 11 08 01 | 04
#0728-d238 @A: 09 30 31 01 | 07
#0729-d238 @A: 21 02 01 24 | 11
#0730-d238 @A: 11 13 01 24 | 03
#0731-d238 @A: 31 21 26 01 | 10
#0732-d238 @A: 01 27 28 20 | 02
#0733-d238 @A: 13 20 01 15 | 01
#0734-d238 @A: 10 18 01 30 | 09
#0735-d238 @A: 01 03 25 28 | 12
#0736-d238 @A: 04 16 17 12 | 05
#0737-d238 @A: 24 33 16 08 | 08
#0738-d238 @A: 16 09 20 14 | 06
#0739-d238 @A: 03 27 16 09 | 04
#0740-d238 @A: 16 34 12 14 | 07
#0741-d238 @A: 30 28 16 14 | 11
#0742-d238 @A: 24 31 16 18 | 03
#0743-d238 @A: 16 04 24 27 | 10
#0744-d238 @A: 27 21 31 16 | 02
#0745-d238 @A: 28 16 11 27 | 01
#0746-d238 @A: 12 26 13 16 | 09
#0747-d238 @A: 20 16 03 26 | 12
#0748-d238 @A: 16 15 18 20 | 05
#0749-d238 @A: 34 02 03 16 | 08
#0750-d238 @A: 25 08 17 14 | 06
#0751-d238 @A: 08 05 17 33 | 04
#0752-d238 @A: 12 20 08 17 | 07
#0753-d238 @A: 17 27 14 21 | 11
#0754-d238 @A: 13 17 14 34 | 03
#0755-d238 @A: 17 31 27 33 | 10
#0756-d238 @A: 12 15 03 17 | 02
#0757-d238 @A: 03 19 08 31 | 01
#0758-d238 @A: 08 32 28 10 | 09
#0759-d238 @A: 13 08 26 31 | 12
#0760-d238 @A: 21 08 25 04 | 05
#0761-d238 @A: 07 26 25 08 | 08
#0762-d238 @A: 08 07 18 03 | 06
#0763-d238 @A: 08 15 30 34 | 04
#0764-d238 @A: 19 28 09 33 | 07
#0765-d238 @A: 27 19 14 34 | 11
#0766-d238 @A: 19 07 32 21 | 03
#0767-d238 @A: 10 21 11 19 | 10
#0768-d238 @A: 15 19 07 04 | 02
#0769-d238 @A: 24 28 09 32 | 01
#0770-d238 @A: 24 12 27 09 | 09
#0771-d238 @A: 35 30 09 07 | 12
#0772-d238 @A: 28 31 04 09 | 05
#0773-d238 @A: 25 11 09 10 | 08
#0774-d238 @A: 15 24 14 05 | 06
#0775-d238 @A: 14 04 11 05 | 04
#0776-d238 @A: 03 32 21 14 | 07
#0777-d238 @A: 07 11 14 26 | 11
#0778-d238 @A: 14 20 10 15 | 03
#0779-d238 @A: 03 14 28 10 | 10
#0780-d238 @A: 02 30 24 34 | 02
#0781-d238 @A: 26 24 18 11 | 01
#0782-d238 @A: 21 05 35 33 | 09
#0783-d238 @A: 04 35 30 13 | 12
#0784-d238 @A: 11 20 35 26 | 05
#0785-d238 @A: 18 35 20 33 | 08
#0786-d238 @A: 10 35 11 15 | 06
#0787-d238 @A: 35 34 04 25 | 04
#0788-d238 @A: 03 15 21 05 | 07
#0789-d238 @A: 05 30 07 03 | 11
#0790-d238 @A: 05 20 33 13 | 03
#0791-d238 @A: 20 05 34 25 | 10
#0792-d238 @A: 34 27 30 32 | 02
#0793-d238 @A: 07 32 04 20 | 01
#0794-d238 @A: 30 25 32 26 | 09
#0795-d238 @A: 21 31 02 33 | 12
#0796-d238 @A: 34 04 12 31 | 05
#0797-d238 @A: 13 26 31 28 | 08
#0798-d238 @A: 31 33 30 10 | 06
#0799-d238 @A: 25 31 33 28 | 04
#0800-d238 @A: 15 21 12 25 | 07
#0801-d238 @A: 15 21 10 07 | 11
#0802-d238 @A: 27 25 26 12 | 03
#0803-d238 @A: 15 27 04 10 | 10
#0804-d238 @A: 18 27 03 02 | 02
#0805-d238 @A: 28 15 34 13 | 01
#0806-d238 @A: 27 06 25 29 | 09
#0807-d238 @A: 29 06 13 33 | 12
#0808-d238 @A: 09 22 20 06 | 05
#0809-d238 @A: 22 06 12 32 | 08
#0810-d238 @A: 02 06 09 23 | 06
#0811-d238 @A: 25 23 21 06 | 04
#0812-d238 @A: 01 07 06 14 | 07
#0813-d238 @A: 01 31 06 20 | 11
#0814-d238 @A: 15 05 16 06 | 03
#0815-d238 @A: 24 18 06 17 | 10
#0816-d238 @A: 06 08 21 33 | 02
#0817-d238 @A: 27 30 08 06 | 01
#0818-d238 @A: 32 30 06 19 | 09
#0819-d238 @A: 31 14 02 06 | 12
#0820-d238 @A: 21 06 11 35 | 05
#0821-d238 @A: 31 04 21 06 | 08
#0822-d238 @A: 06 15 31 18 | 06
#0823-d238 @A: 20 03 06 12 | 04
#0824-d238 @A: 07 06 18 26 | 07
#0825-d238 @A: 24 25 29 22 | 11
#0826-d238 @A: 04 29 23 10 | 03
#0827-d238 @A: 29 16 14 33 | 10
#0828-d238 @A: 05 12 16 29 | 02
#0829-d238 @A: 17 28 29 18 | 01
#0830-d238 @A: 25 19 33 29 | 09
#0831-d238 @A: 28 15 09 29 | 12
#0832-d238 @A: 04 35 29 14 | 05
#0833-d238 @A: 10 29 30 14 | 08
#0834-d238 @A: 07 12 29 21 | 06
#0835-d238 @A: 29 20 25 07 | 04
#0836-d238 @A: 29 04 34 07 | 07
#0837-d238 @A: 18 30 25 29 | 11
#0838-d238 @A: 29 15 26 10 | 03
#0839-d238 @A: 18 04 29 03 | 10
#0840-d238 @A: 23 05 01 22 | 02
#0841-d238 @A: 27 22 23 21 | 01
#0842-d238 @A: 28 22 32 19 | 09
#0843-d238 @A: 30 14 22 09 | 12
#0844-d238 @A: 35 22 26 27 | 05
#0845-d238 @A: 02 22 15 12 | 08
#0846-d238 @A: 07 22 10 30 | 06
#0847-d238 @A: 34 30 22 20 | 04
#0848-d238 @A: 34 11 25 22 | 07
#0849-d238 @A: 25 22 03 02 | 11
#0850-d238 @A: 23 01 19 25 | 03
#0851-d238 @A: 23 16 30 17 | 10
#0852-d238 @A: 23 14 08 20 | 02
#0853-d238 @A: 08 30 23 35 | 01
#0854-d238 @A: 23 31 09 04 | 09
#0855-d238 @A: 23 03 14 05 | 12
#0856-d238 @A: 28 24 30 23 | 05
#0857-d238 @A: 23 27 12 35 | 08
#0858-d238 @A: 35 26 18 23 | 06
#0859-d238 @A: 27 10 31 23 | 04
#0860-d238 @A: 23 25 26 31 | 07
#0861-d238 @A: 12 13 23 18 | 11
#0862-d238 @A: 23 30 25 04 | 03
#0863-d238 @A: 01 12 31 16 | 10
#0864-d238 @A: 01 17 04 10 | 02
#0865-d238 @A: 30 28 08 01 | 01
#0866-d238 @A: 14 19 01 26 | 09
#0867-d238 @A: 19 35 10 01 | 12
#0868-d238 @A: 01 31 19 18 | 05
#0869-d238 @A: 09 01 14 18 | 08
#0870-d238 @A: 01 14 11 21 | 06
#0871-d238 @A: 34 24 01 27 | 04
#0872-d238 @A: 31 03 32 01 | 07
#0873-d238 @A: 12 25 10 01 | 11
#0874-d238 @A: 01 25 33 07 | 03
#0875-d238 @A: 30 01 04 02 | 10
#0876-d238 @A: 11 28 34 01 | 02
#0877-d238 @A: 16 08 30 32 | 01
#0878-d238 @A: 35 02 09 16 | 09
#0879-d238 @A: 35 03 14 16 | 12
#0880-d238 @A: 11 35 16 32 | 05
#0881-d238 @A: 35 18 34 16 | 08
#0882-d238 @A: 27 16 05 33 | 06
#0883-d238 @A: 32 04 16 31 | 04
#0884-d238 @A: 28 16 32 04 | 07
#0885-d238 @A: 16 11 10 27 | 11
#0886-d238 @A: 18 16 10 12 | 03
#0887-d238 @A: 30 02 13 16 | 10
#0888-d238 @A: 25 11 16 13 | 02
#0889-d238 @A: 26 16 10 02 | 01
#0890-d238 @A: 16 25 18 28 | 09
#0891-d238 @A: 35 11 17 08 | 12
#0892-d238 @A: 31 02 19 17 | 05
#0893-d238 @A: 17 27 09 30 | 08
#0894-d238 @A: 28 17 27 32 | 06
#0895-d238 @A: 21 11 31 17 | 04
#0896-d238 @A: 26 07 21 17 | 07
#0897-d238 @A: 10 17 12 33 | 11
#0898-d238 @A: 11 17 33 07 | 03
#0899-d238 @A: 33 04 17 20 | 10
#0900-d238 @A: 10 17 26 18 | 02
#0901-d238 @A: 08 19 02 21 | 01
#0902-d238 @A: 27 08 19 15 | 09
#0903-d238 @A: 20 19 08 07 | 12
#0904-d238 @A: 20 08 09 31 | 05
#0905-d238 @A: 27 08 09 02 | 08
#0906-d238 @A: 08 32 24 18 | 06
#0907-d238 @A: 08 28 05 15 | 04
#0908-d238 @A: 08 18 31 27 | 07
#0909-d238 @A: 13 33 08 12 | 11
#0910-d238 @A: 08 15 25 10 | 03
#0911-d238 @A: 08 34 25 03 | 10
#0912-d238 @A: 31 20 35 19 | 02
#0913-d238 @A: 31 05 19 15 | 01
#0914-d238 @A: 05 30 19 33 | 09
#0915-d238 @A: 27 19 03 32 | 12
#0916-d238 @A: 18 19 10 27 | 05
#0917-d238 @A: 02 07 19 12 | 08
#0918-d238 @A: 15 19 12 30 | 06
#0919-d238 @A: 19 12 26 33 | 04
#0920-d238 @A: 19 11 25 07 | 07
#0921-d238 @A: 07 18 33 19 | 11
#0922-d238 @A: 11 19 03 15 | 03
#0923-d238 @A: 12 09 32 33 | 10
#0924-d238 @A: 09 21 25 13 | 02
#0925-d238 @A: 25 18 09 07 | 01
#0926-d238 @A: 18 10 34 09 | 09
#0927-d238 @A: 24 25 14 12 | 12
#0928-d238 @A: 24 14 28 34 | 05
#0929-d238 @A: 14 11 32 27 | 08
#0930-d238 @A: 34 07 03 14 | 06
#0931-d238 @A: 34 14 20 02 | 04
#0932-d238 @A: 25 02 14 04 | 07
#0933-d238 @A: 25 24 35 26 | 11
#0934-d238 @A: 05 04 24 32 | 03
#0935-d238 @A: 18 05 28 24 | 10
#0936-d238 @A: 31 20 24 15 | 02
#0937-d238 @A: 20 24 04 12 | 01
#0938-d238 @A: 13 20 07 24 | 09
#0939-d238 @A: 26 13 24 34 | 12
#0940-d238 @A: 34 24 04 18 | 05
#0941-d238 @A: 33 35 32 25 | 08
#0942-d238 @A: 03 10 18 35 | 06
#0943-d238 @A: 31 32 12 05 | 04
#0944-d238 @A: 32 26 05 28 | 07
#0945-d238 @A: 27 20 31 05 | 11
#0946-d238 @A: 07 11 28 05 | 03
#0947-d238 @A: 05 04 26 13 | 10
#0948-d238 @A: 10 05 34 02 | 02
#0949-d238 @A: 34 10 28 05 | 01
#0950-d238 @A: 31 13 32 21 | 09
#0951-d238 @A: 18 07 32 15 | 12
#0952-d238 @A: 28 30 32 15 | 05
#0953-d238 @A: 10 32 26 20 | 08
#0954-d238 @A: 32 02 34 11 | 06
#0955-d238 @A: 32 15 26 33 | 04
#0956-d238 @A: 02 27 12 31 | 07
#0957-d238 @A: 12 26 31 20 | 11
#0958-d238 @A: 31 13 18 03 | 03
#0959-d238 @A: 21 20 25 27 | 10
#0960-d238 @A: 11 12 21 03 | 02
#0961-d238 @A: 20 21 10 34 | 01
#0962-d238 @A: 04 12 27 30 | 09
#0963-d238 @A: 18 20 12 27 | 12
#0964-d238 @A: 06 19 16 29 | 05
#0965-d238 @A: 15 22 06 19 | 08
#0966-d238 @A: 06 27 22 03 | 06
#0967-d238 @A: 12 05 06 23 | 04
#0968-d238 @A: 28 35 01 06 | 07
#0969-d238 @A: 21 03 17 06 | 11
#0970-d238 @A: 30 06 17 25 | 03
#0971-d238 @A: 17 34 06 20 | 10
#0972-d238 @A: 07 05 06 08 | 02
#0973-d238 @A: 11 09 19 06 | 01
#0974-d238 @A: 32 14 09 06 | 09
#0975-d238 @A: 06 24 35 33 | 12
#0976-d238 @A: 06 07 21 24 | 05
#0977-d238 @A: 06 20 21 32 | 08
#0978-d238 @A: 32 33 27 06 | 06
#0979-d238 @A: 18 12 33 06 | 04
#0980-d238 @A: 20 06 15 07 | 07
#0981-d238 @A: 04 26 30 06 | 11
#0982-d238 @A: 06 10 20 25 | 03
#0983-d238 @A: 34 06 04 02 | 10
#0984-d238 @A: 35 29 16 23 | 02
#0985-d238 @A: 35 29 02 01 | 01
#0986-d238 @A: 29 31 33 01 | 09
#0987-d238 @A: 01 04 21 29 | 12
#0988-d238 @A: 19 17 29 24 | 05
#0989-d238 @A: 14 29 05 02 | 08
#0990-d238 @A: 34 29 35 10 | 06
#0991-d238 @A: 05 10 21 29 | 04
#0992-d238 @A: 10 32 29 13 | 07
#0993-d238 @A: 29 34 31 13 | 11
#0994-d238 @A: 29 25 15 31 | 03
#0995-d238 @A: 26 07 27 29 | 10
#0996-d238 @A: 29 28 27 03 | 02
#0997-d238 @A: 15 13 29 11 | 01
#0998-d238 @A: 29 13 02 04 | 09
#0999-d238 @A: 20 34 11 29 | 12
#1000-d238 @A: 29 28 20 33 | 05
#1001-d238 @A: 23 25 16 22 | 08
#1002-d238 @A: 10 24 22 23 | 06
#1003-d238 @A: 01 22 24 18 | 04
#1004-d238 @A: 22 16 17 13 | 07
#1005-d238 @A: 14 16 18 22 | 11
#1006-d238 @A: 34 22 21 16 | 03
#1007-d238 @A: 22 07 17 19 | 10
#1008-d238 @A: 17 22 05 26 | 02
#1009-d238 @A: 08 12 26 22 | 01
#1010-d238 @A: 22 35 30 19 | 09
#1011-d238 @A: 32 10 22 19 | 12
#1012-d238 @A: 03 22 09 18 | 05
#1013-d238 @A: 22 28 24 15 | 08
#1014-d238 @A: 21 15 22 13 | 06
#1015-d238 @A: 22 12 25 07 | 04
#1016-d238 @A: 07 15 22 11 | 07
#1017-d238 @A: 13 02 33 22 | 11
#1018-d238 @A: 15 18 22 10 | 03
#1019-d238 @A: 33 25 18 22 | 10
#1020-d238 @A: 31 01 02 23 | 02
#1021-d238 @A: 21 10 23 01 | 01
#1022-d238 @A: 26 27 01 23 | 09
#1023-d238 @A: 23 10 16 14 | 12
#1024-d238 @A: 23 35 17 04 | 05
#1025-d238 @A: 19 20 23 32 | 08
#1026-d238 @A: 33 32 23 14 | 06
#1027-d238 @A: 32 05 23 35 | 04
#1028-d238 @A: 31 23 35 34 | 07
#1029-d238 @A: 10 03 32 23 | 11
#1030-d238 @A: 34 23 12 07 | 03
#1031-d238 @A: 23 10 11 34 | 10
#1032-d238 @A: 15 04 28 23 | 02
#1033-d238 @A: 23 02 10 25 | 01
#1034-d238 @A: 05 16 01 34 | 09
#1035-d238 @A: 09 34 01 32 | 12
#1036-d238 @A: 21 09 27 01 | 05
#1037-d238 @A: 28 14 33 01 | 08
#1038-d238 @A: 07 31 01 35 | 06
#1039-d238 @A: 01 11 15 30 | 04
#1040-d238 @A: 04 01 03 15 | 07
#1041-d238 @A: 18 03 17 16 | 11
#1042-d238 @A: 08 16 19 13 | 03
#1043-d238 @A: 16 08 14 04 | 10
#1044-d238 @A: 16 09 33 21 | 02
#1045-d238 @A: 15 24 16 30 | 01
#1046-d238 @A: 33 35 16 30 | 09
#1047-d238 @A: 11 18 16 33 | 12
#1048-d238 @A: 16 33 26 28 | 05
#1049-d238 @A: 17 13 09 31 | 08
#1050-d238 @A: 17 07 05 14 | 06
#1051-d238 @A: 18 14 17 32 | 04
#1052-d238 @A: 05 12 35 17 | 07
#1053-d238 @A: 02 05 27 17 | 11
#1054-d238 @A: 32 27 10 17 | 03
#1055-d238 @A: 17 12 11 30 | 10
#1056-d238 @A: 13 07 17 03 | 02
#1057-d238 @A: 04 17 25 07 | 01
#1058-d238 @A: 10 17 03 30 | 09
#1059-d238 @A: 09 30 26 08 | 12
#1060-d238 @A: 08 32 10 14 | 05
#1061-d238 @A: 24 08 05 13 | 08
#1062-d238 @A: 05 08 21 34 | 06
#1063-d238 @A: 08 31 21 30 | 04
#1064-d238 @A: 10 08 12 03 | 07
#1065-d238 @A: 08 25 13 28 | 11
#1066-d238 @A: 03 15 20 08 | 03
#1067-d238 @A: 02 33 25 08 | 10
#1068-d238 @A: 19 09 07 27 | 02
#1069-d238 @A: 14 19 02 32 | 01
#1070-d238 @A: 28 31 19 24 | 09
#1071-d238 @A: 19 12 11 18 | 12
#1072-d238 @A: 04 12 19 03 | 05
#1073-d238 @A: 03 33 13 19 | 08
#1074-d238 @A: 34 10 15 19 | 06
#1075-d238 @A: 11 05 09 27 | 04
#1076-d238 @A: 09 05 10 33 | 07
#1077-d238 @A: 32 09 27 18 | 11
#1078-d238 @A: 09 25 12 02 | 03
#1079-d238 @A: 13 20 09 04 | 10
#1080-d238 @A: 26 09 15 11 | 02
#1081-d238 @A: 25 09 26 33 | 01
#1082-d238 @A: 24 13 14 21 | 09
#1083-d238 @A: 24 20 14 11 | 12
#1084-d238 @A: 13 18 25 14 | 05
#1085-d238 @A: 14 30 04 18 | 08
#1086-d238 @A: 21 11 05 24 | 06
#1087-d238 @A: 24 27 25 05 | 04
#1088-d238 @A: 24 12 21 32 | 07
#1089-d238 @A: 13 21 28 24 | 11
#1090-d238 @A: 26 28 27 24 | 03
#1091-d238 @A: 25 30 07 24 | 10
#1092-d238 @A: 13 25 24 33 | 02
#1093-d238 @A: 24 33 26 02 | 01
#1094-d238 @A: 24 25 10 34 | 09
#1095-d238 @A: 18 15 24 03 | 12
#1096-d238 @A: 03 02 24 28 | 05
#1097-d238 @A: 05 28 35 33 | 08
#1098-d238 @A: 32 35 27 04 | 06
#1099-d238 @A: 15 03 35 27 | 04
#1100-d238 @A: 26 30 10 35 | 07
#1101-d238 @A: 07 05 10 04 | 11
#1102-d238 @A: 04 15 25 05 | 03
#1103-d238 @A: 10 32 12 34 | 10
#1104-d238 @A: 03 34 32 20 | 02
#1105-d238 @A: 18 32 33 34 | 01
#1106-d238 @A: 11 28 31 21 | 09
#1107-d238 @A: 25 12 18 31 | 12
#1108-d238 @A: 03 31 20 07 | 05
#1109-d238 @A: 26 02 31 07 | 08
#1110-d238 @A: 34 18 31 30 | 06
#1111-d238 @A: 34 31 30 28 | 04
#1112-d238 @A: 27 21 11 02 | 07
#1113-d238 @A: 26 25 34 21 | 11
#1114-d238 @A: 02 25 21 18 | 03
#1115-d238 @A: 27 25 10 07 | 10
#1116-d238 @A: 10 07 27 28 | 02
#1117-d238 @A: 27 33 25 30 | 01
#1118-d238 @A: 11 20 27 15 | 09
#1119-d238 @A: 25 11 03 27 | 12
#1120-d238 @A: 18 12 30 28 | 05
#1121-d238 @A: 25 28 12 34 | 08
#1122-d238 @A: 28 15 33 07 | 06
#1123-d238 @A: 33 30 13 28 | 04
#1124-d238 @A: 04 30 28 10 | 07
#1125-d238 @A: 33 28 30 03 | 11
#1126-d238 @A: 20 03 28 18 | 03
#1127-d238 @A: 11 28 25 04 | 10
#1128-d238 @A: 06 22 10 01 | 02
#1129-d238 @A: 21 22 26 06 | 01
#1130-d238 @A: 14 06 12 17 | 09
#1131-d238 @A: 06 08 20 28 | 12
#1132-d238 @A: 19 06 03 25 | 05
#1133-d238 @A: 04 09 24 06 | 08
#1134-d238 @A: 06 09 15 21 | 06
#1135-d238 @A: 34 25 06 14 | 04
#1136-d238 @A: 06 34 27 35 | 07
#1137-d238 @A: 06 31 07 32 | 11
#1138-d238 @A: 26 31 34 06 | 03
#1139-d238 @A: 06 07 30 34 | 10
#1140-d238 @A: 30 10 06 15 | 02
#1141-d238 @A: 20 02 18 06 | 01
#1142-d238 @A: 10 06 18 11 | 09
#1143-d238 @A: 22 05 29 11 | 12
#1144-d238 @A: 23 34 01 29 | 05
#1145-d238 @A: 29 20 23 24 | 08
#1146-d238 @A: 29 21 03 23 | 06
#1147-d238 @A: 29 26 17 16 | 04
#1148-d238 @A: 16 29 21 28 | 07
#1149-d238 @A: 17 10 20 29 | 11
#1150-d238 @A: 08 27 11 29 | 03
#1151-d238 @A: 28 34 29 32 | 10
#1152-d238 @A: 20 21 31 29 | 02
#1153-d238 @A: 28 10 31 29 | 01
#1154-d238 @A: 12 29 18 26 | 09
#1155-d238 @A: 03 29 33 12 | 12
#1156-d238 @A: 02 33 29 07 | 05
#1157-d238 @A: 02 03 29 20 | 08
#1158-d238 @A: 10 29 25 03 | 06
#1159-d238 @A: 14 22 34 23 | 04
#1160-d238 @A: 23 33 11 22 | 07
#1161-d238 @A: 01 22 11 19 | 11
#1162-d238 @A: 22 01 26 04 | 03
#1163-d238 @A: 09 11 16 22 | 10
#1164-d238 @A: 05 08 22 32 | 02
#1165-d238 @A: 09 24 15 22 | 01
#1166-d238 @A: 22 09 31 02 | 09
#1167-d238 @A: 22 14 31 13 | 12
#1168-d238 @A: 27 24 22 11 | 05
#1169-d238 @A: 28 22 27 05 | 08
#1170-d238 @A: 05 10 22 20 | 06
#1171-d238 @A: 22 33 31 32 | 04
#1172-d238 @A: 22 07 27 31 | 07
#1173-d238 @A: 26 22 30 28 | 11
#1174-d238 @A: 01 08 09 23 | 03
#1175-d238 @A: 20 23 28 16 | 10
#1176-d238 @A: 08 23 15 05 | 02
#1177-d238 @A: 23 08 02 07 | 01
#1178-d238 @A: 23 19 03 28 | 09
#1179-d238 @A: 03 09 33 23 | 12
#1180-d238 @A: 35 23 21 02 | 05
#1181-d238 @A: 25 05 23 28 | 08
#1182-d238 @A: 11 21 23 32 | 06
#1183-d238 @A: 30 23 33 02 | 04
#1184-d238 @A: 18 23 26 28 | 07
#1185-d238 @A: 23 15 04 34 | 11
#1186-d238 @A: 16 25 35 01 | 03
#1187-d238 @A: 17 26 08 01 | 10
#1188-d238 @A: 30 01 35 17 | 02
#1189-d238 @A: 19 12 01 24 | 01
#1190-d238 @A: 01 09 11 12 | 09
#1191-d238 @A: 01 34 31 14 | 12
#1192-d238 @A: 01 35 26 34 | 05
#1193-d238 @A: 05 07 01 27 | 08
#1194-d238 @A: 01 02 13 26 | 06
#1195-d238 @A: 01 03 25 30 | 04
#1196-d238 @A: 01 18 33 03 | 07
#1197-d238 @A: 27 34 17 16 | 11
#1198-d238 @A: 33 19 16 15 | 03
#1199-d238 @A: 24 16 21 25 | 10
#1200-d238 @A: 21 16 11 26 | 02
#1201-d238 @A: 16 11 12 07 | 01
#1202-d238 @A: 10 04 16 13 | 09
#1203-d238 @A: 16 04 34 26 | 12
#1204-d238 @A: 16 15 03 10 | 05
#1205-d238 @A: 19 18 09 17 | 08
#1206-d238 @A: 25 19 27 17 | 06
#1207-d238 @A: 03 09 17 05 | 04
#1208-d238 @A: 35 14 20 17 | 07
#1209-d238 @A: 24 15 35 17 | 11
#1210-d238 @A: 32 24 17 11 | 03
#1211-d238 @A: 17 24 31 26 | 10
#1212-d238 @A: 21 04 17 05 | 02
#1213-d238 @A: 18 17 05 30 | 01
#1214-d238 @A: 17 07 12 18 | 09
#1215-d238 @A: 11 10 17 02 | 12
#1216-d238 @A: 17 15 03 28 | 05
#1217-d238 @A: 08 10 19 09 | 08
#1218-d238 @A: 14 08 15 21 | 06
#1219-d238 @A: 18 12 35 08 | 04
#1220-d238 @A: 18 25 11 08 | 07
#1221-d238 @A: 11 02 28 08 | 11
#1222-d238 @A: 19 25 14 15 | 03
#1223-d238 @A: 28 19 18 14 | 10
#1224-d238 @A: 19 07 24 05 | 02
#1225-d238 @A: 15 24 21 19 | 01
#1226-d238 @A: 35 19 32 18 | 09
#1227-d238 @A: 19 31 26 04 | 12
#1228-d238 @A: 10 07 26 19 | 05
#1229-d238 @A: 13 04 19 11 | 08
#1230-d238 @A: 20 34 19 26 | 06
#1231-d238 @A: 14 03 12 09 | 04
#1232-d238 @A: 11 32 09 07 | 07
#1233-d238 @A: 32 09 26 02 | 11
#1234-d238 @A: 09 18 31 21 | 03
#1235-d238 @A: 26 28 09 12 | 10
#1236-d238 @A: 04 15 12 09 | 02
#1237-d238 @A: 10 26 13 09 | 01
#1238-d238 @A: 09 13 18 33 | 09
#1239-d238 @A: 12 35 14 21 | 12
#1240-d238 @A: 14 35 11 13 | 05
#1241-d238 @A: 14 26 31 05 | 08
#1242-d238 @A: 26 12 10 14 | 06
#1243-d238 @A: 24 25 28 35 | 04
#1244-d238 @A: 10 24 32 31 | 07
#1245-d238 @A: 13 31 04 24 | 11
#1246-d238 @A: 20 24 03 33 | 03
#1247-d238 @A: 28 24 11 10 | 10
#1248-d238 @A: 15 11 24 33 | 02
#1249-d238 @A: 25 02 15 24 | 01
#1250-d238 @A: 13 12 32 35 | 09
#1251-d238 @A: 21 10 31 35 | 12
#1252-d238 @A: 27 25 35 31 | 05
#1253-d238 @A: 28 27 35 31 | 08
#1254-d238 @A: 12 35 07 03 | 06
#1255-d238 @A: 18 04 07 35 | 04
#1256-d238 @A: 07 34 33 35 | 07
#1257-d238 @A: 10 20 35 13 | 11
#1258-d238 @A: 35 03 13 25 | 03
#1259-d238 @A: 05 20 11 18 | 10
#1260-d238 @A: 13 32 25 34 | 02
#1261-d238 @A: 25 18 10 32 | 01
#1262-d238 @A: 07 34 25 31 | 09
#1263-d238 @A: 30 02 20 31 | 12
#1264-d238 @A: 10 26 31 11 | 05
#1265-d238 @A: 11 07 20 21 | 08
#1266-d238 @A: 02 21 10 04 | 06
#1267-d238 @A: 13 04 27 33 | 04
#1268-d238 @A: 02 28 27 30 | 07
#1269-d238 @A: 11 28 15 12 | 11
#1270-d238 @A: 04 08 29 06 | 03
#1271-d238 @A: 11 31 06 22 | 10
#1272-d238 @A: 23 19 06 34 | 02
#1273-d238 @A: 17 06 01 32 | 01
#1274-d238 @A: 06 32 16 34 | 09
#1275-d238 @A: 28 16 06 15 | 12
#1276-d238 @A: 26 06 17 19 | 05
#1277-d238 @A: 03 32 06 08 | 08
#1278-d238 @A: 06 19 14 33 | 06
#1279-d238 @A: 33 31 05 06 | 04
#1280-d238 @A: 12 13 06 30 | 07
#1281-d238 @A: 06 15 12 34 | 11
#1282-d238 @A: 02 28 06 33 | 03
#1283-d238 @A: 07 23 09 29 | 10
#1284-d238 @A: 25 11 29 23 | 02
#1285-d238 @A: 03 19 01 29 | 01
#1286-d238 @A: 11 29 24 16 | 09
#1287-d238 @A: 07 32 29 08 | 12
#1288-d238 @A: 21 09 11 29 | 05
#1289-d238 @A: 28 35 04 29 | 08
#1290-d238 @A: 29 05 27 30 | 06
#1291-d238 @A: 15 29 07 03 | 04
#1292-d238 @A: 23 09 22 28 | 07
#1293-d238 @A: 17 22 01 33 | 11
#1294-d238 @A: 22 13 32 01 | 03
#1295-d238 @A: 22 25 09 08 | 10
#1296-d238 @A: 19 09 26 22 | 02
#1297-d238 @A: 03 22 05 19 | 01
#1298-d238 @A: 21 10 22 14 | 09
#1299-d238 @A: 22 12 35 33 | 12
#1300-d238 @A: 20 28 22 35 | 05
#1301-d238 @A: 35 22 10 02 | 08
#1302-d238 @A: 32 21 22 30 | 06
#1303-d238 @A: 18 22 20 32 | 04
#1304-d238 @A: 27 22 25 13 | 07
#1305-d238 @A: 12 11 22 20 | 11
#1306-d238 @A: 13 03 20 22 | 03
#1307-d238 @A: 26 30 22 33 | 10
#1308-d238 @A: 30 25 22 15 | 02
#1309-d238 @A: 18 11 22 28 | 01
#1310-d238 @A: 23 17 01 13 | 09
#1311-d238 @A: 32 01 23 30 | 12
#1312-d238 @A: 01 23 18 15 | 05
#1313-d238 @A: 16 23 34 09 | 08
#1314-d238 @A: 16 32 13 23 | 06
#1315-d238 @A: 23 08 12 11 | 04
#1316-d238 @A: 23 08 10 26 | 07
#1317-d238 @A: 19 24 23 11 | 11
#1318-d238 @A: 09 23 05 30 | 03
#1319-d238 @A: 23 04 24 14 | 10
#1320-d238 @A: 35 24 23 13 | 02
#1321-d238 @A: 23 35 33 10 | 01
#1322-d238 @A: 34 05 27 23 | 09
#1323-d238 @A: 25 32 12 23 | 12
#1324-d238 @A: 15 23 21 31 | 05
#1325-d238 @A: 02 28 23 21 | 08
#1326-d238 @A: 23 20 27 30 | 06
#1327-d238 @A: 30 23 07 18 | 04
#1328-d238 @A: 23 03 11 18 | 07
#1329-d238 @A: 33 18 04 23 | 11
#1330-d238 @A: 33 23 28 34 | 03
#1331-d238 @A: 33 08 14 01 | 10
#1332-d238 @A: 04 05 08 01 | 02
#1333-d238 @A: 33 09 24 01 | 01
#1334-d238 @A: 24 35 04 01 | 09
#1335-d238 @A: 01 11 05 33 | 12
#1336-d238 @A: 26 01 10 05 | 05
#1337-d238 @A: 30 12 33 01 | 08
#1338-d238 @A: 20 02 01 12 | 06
#1339-d238 @A: 07 11 01 34 | 04
#1340-d238 @A: 20 10 11 01 | 07
#1341-d238 @A: 17 16 19 28 | 11
#1342-d238 @A: 16 11 08 05 | 03
#1343-d238 @A: 30 12 09 16 | 10
#1344-d238 @A: 27 26 14 16 | 02
#1345-d238 @A: 20 05 35 16 | 01
#1346-d238 @A: 32 18 21 16 | 09
#1347-d238 @A: 16 28 10 12 | 12
#1348-d238 @A: 13 16 15 07 | 05
#1349-d238 @A: 16 20 30 11 | 08
#1350-d238 @A: 02 25 20 16 | 06
#1351-d238 @A: 16 03 04 11 | 04
#1352-d238 @A: 08 28 17 33 | 07
#1353-d238 @A: 19 17 15 20 | 11
#1354-d238 @A: 20 28 17 14 | 03
#1355-d238 @A: 26 33 17 14 | 10
#1356-d238 @A: 24 27 17 07 | 02
#1357-d238 @A: 17 35 18 27 | 01
#1358-d238 @A: 17 02 28 05 | 09
#1359-d238 @A: 12 34 25 17 | 12
#1360-d238 @A: 15 17 04 18 | 05
#1361-d238 @A: 08 21 09 07 | 08
#1362-d238 @A: 30 08 14 24 | 06
#1363-d238 @A: 20 21 24 08 | 04
#1364-d238 @A: 21 27 08 35 | 07
#1365-d238 @A: 03 35 08 04 | 11
#1366-d238 @A: 31 05 08 02 | 03
#1367-d238 @A: 08 03 05 27 | 10
#1368-d238 @A: 08 34 27 04 | 02
#1369-d238 @A: 02 20 08 10 | 01
#1370-d238 @A: 08 33 26 04 | 09
#1371-d238 @A: 18 15 08 26 | 12
#1372-d238 @A: 31 09 19 33 | 05
#1373-d238 @A: 30 03 19 14 | 08
#1374-d238 @A: 03 19 24 35 | 06
#1375-d238 @A: 30 24 26 19 | 04
#1376-d238 @A: 11 05 32 19 | 07
#1377-d238 @A: 25 20 19 12 | 11
#1378-d238 @A: 19 25 26 13 | 03
#1379-d238 @A: 18 13 15 19 | 10
#1380-d238 @A: 20 30 28 19 | 02
#1381-d238 @A: 02 14 24 09 | 01
#1382-d238 @A: 33 09 14 35 | 09
#1383-d238 @A: 35 31 12 09 | 12
#1384-d238 @A: 34 27 09 31 | 05
#1385-d238 @A: 13 30 15 09 | 08
#1386-d238 @A: 20 09 30 03 | 06
#1387-d238 @A: 20 28 09 10 | 04
#1388-d238 @A: 09 28 18 02 | 07
#1389-d238 @A: 04 05 28 14 | 11
#1390-d238 @A: 04 14 31 07 | 03
#1391-d238 @A: 13 12 04 14 | 10
#1392-d238 @A: 15 33 14 13 | 02
#1393-d238 @A: 25 30 14 11 | 01
#1394-d238 @A: 04 10 34 14 | 09
#1395-d238 @A: 03 02 15 14 | 12
#1396-d238 @A: 34 21 31 24 | 05
#1397-d238 @A: 10 11 12 24 | 08
#1398-d238 @A: 30 13 24 18 | 06
#1399-d238 @A: 35 02 32 31 | 04
#1400-d238 @A: 02 03 35 11 | 07
#1401-d238 @A: 35 15 33 02 | 11
#1402-d238 @A: 31 21 05 07 | 03
#1403-d238 @A: 05 25 31 10 | 10
#1404-d238 @A: 34 12 05 11 | 02
#1405-d238 @A: 12 32 07 30 | 01
#1406-d238 @A: 12 32 04 02 | 09
#1407-d238 @A: 07 02 28 32 | 12
#1408-d238 @A: 20 32 30 13 | 05
#1409-d238 @A: 28 32 11 33 | 08
#1410-d238 @A: 32 02 10 15 | 06
#1411-d238 @A: 13 31 02 25 | 04
#1412-d238 @A: 15 31 26 30 | 07
#1413-d238 @A: 10 04 31 20 | 11
#1414-d238 @A: 28 26 31 15 | 03
#1415-d238 @A: 15 31 03 33 | 10
#1416-d238 @A: 21 30 12 26 | 02
#1417-d238 @A: 26 28 03 07 | 01
#1418-d238 @A: 29 12 06 31 | 09
#1419-d238 @A: 06 28 07 29 | 12
#1420-d238 @A: 06 33 23 01 | 05
#1421-d238 @A: 16 06 23 20 | 08
#1422-d238 @A: 08 23 06 13 | 06
#1423-d238 @A: 01 09 03 06 | 04
#1424-d238 @A: 14 16 06 11 | 07
#1425-d238 @A: 17 04 06 13 | 11
#1426-d238 @A: 19 05 06 13 | 03
#1427-d238 @A: 20 06 27 14 | 10
#1428-d238 @A: 06 05 24 03 | 02
#1429-d238 @A: 15 24 06 32 | 01
#1430-d238 @A: 27 06 04 05 | 09
#1431-d238 @A: 28 12 05 06 | 12
#1432-d238 @A: 13 32 26 06 | 05
#1433-d238 @A: 32 25 11 06 | 08
#1434-d238 @A: 13 31 27 06 | 06
#1435-d238 @A: 13 10 34 06 | 04
#1436-d238 @A: 02 03 06 30 | 07
#1437-d238 @A: 29 23 12 22 | 11
#1438-d238 @A: 32 29 23 15 | 03
#1439-d238 @A: 29 26 09 01 | 10
#1440-d238 @A: 13 29 05 01 | 02
#1441-d238 @A: 30 16 29 03 | 01
#1442-d238 @A: 04 29 20 16 | 09
#1443-d238 @A: 08 29 18 17 | 12
#1444-d238 @A: 17 13 35 29 | 05
#1445-d238 @A: 12 17 28 29 | 08
#1446-d238 @A: 02 29 25 17 | 06
#1447-d238 @A: 15 08 35 29 | 04
#1448-d238 @A: 20 09 19 29 | 07
#1449-d238 @A: 18 29 09 35 | 11
#1450-d238 @A: 27 29 09 15 | 03
#1451-d238 @A: 09 33 34 29 | 10
#1452-d238 @A: 27 29 21 24 | 02
#1453-d238 @A: 29 35 05 07 | 01
#1454-d238 @A: 28 05 29 30 | 09
#1455-d238 @A: 20 18 29 13 | 12
#1456-d238 @A: 29 26 30 20 | 05
#1457-d238 @A: 30 15 33 29 | 08
#1458-d238 @A: 27 12 16 22 | 06
#1459-d238 @A: 27 20 17 22 | 04
#1460-d238 @A: 22 08 34 19 | 07
#1461-d238 @A: 07 22 20 14 | 11
#1462-d238 @A: 20 22 02 24 | 03
#1463-d238 @A: 05 02 21 22 | 10
#1464-d238 @A: 12 22 13 10 | 02
#1465-d238 @A: 16 01 23 11 | 01
#1466-d238 @A: 32 23 28 01 | 09
#1467-d238 @A: 23 17 34 24 | 12
#1468-d238 @A: 17 05 23 20 | 05
#1469-d238 @A: 12 21 17 23 | 08
#1470-d238 @A: 03 27 23 17 | 06
#1471-d238 @A: 14 08 23 28 | 04
#1472-d238 @A: 14 26 09 23 | 07
#1473-d238 @A: 15 10 23 09 | 11
#1474-d238 @A: 23 14 11 15 | 03
#1475-d238 @A: 35 28 12 23 | 10
#1476-d238 @A: 23 03 20 25 | 02
#1477-d238 @A: 01 10 16 08 | 01
#1478-d238 @A: 01 14 17 03 | 09
#1479-d238 @A: 17 18 01 34 | 12
#1480-d238 @A: 19 13 07 01 | 05
#1481-d238 @A: 32 01 27 02 | 08
#1482-d238 @A: 21 01 30 20 | 06
#1483-d238 @A: 21 28 04 01 | 04
#1484-d238 @A: 01 04 25 13 | 07
#1485-d238 @A: 34 01 25 15 | 11
#1486-d238 @A: 16 33 17 32 | 03
#1487-d238 @A: 31 14 16 19 | 10
#1488-d238 @A: 16 19 05 18 | 02
#1489-d238 @A: 32 26 19 16 | 01
#1490-d238 @A: 16 07 30 04 | 09
#1491-d238 @A: 13 33 34 16 | 12
#1492-d238 @A: 27 17 08 13 | 05
#1493-d238 @A: 17 09 32 20 | 08
#1494-d238 @A: 09 02 21 17 | 06
#1495-d238 @A: 31 17 15 10 | 04
#1496-d238 @A: 17 21 28 25 | 07
#1497-d238 @A: 11 08 19 14 | 11
#1498-d238 @A: 24 11 09 08 | 03
#1499-d238 @A: 09 35 08 05 | 10
#1500-d238 @A: 08 24 27 26 | 02
#1501-d238 @A: 25 08 32 31 | 01
#1502-d238 @A: 25 30 12 08 | 09
#1503-d238 @A: 18 04 10 08 | 12
#1504-d238 @A: 33 08 34 10 | 05
#1505-d238 @A: 13 27 35 19 | 08
#1506-d238 @A: 24 20 09 05 | 06
#1507-d238 @A: 09 02 07 05 | 04
#1508-d238 @A: 31 26 03 09 | 07
#1509-d238 @A: 09 30 10 04 | 11
#1510-d238 @A: 09 34 30 25 | 03
#1511-d238 @A: 09 02 33 04 | 10
#1512-d238 @A: 18 14 35 31 | 02
#1513-d238 @A: 15 27 14 31 | 01
#1514-d238 @A: 18 14 33 21 | 09
#1515-d238 @A: 07 10 18 14 | 12
#1516-d238 @A: 33 20 25 14 | 05
#1517-d238 @A: 15 28 02 14 | 08
#1518-d238 @A: 07 24 12 26 | 06
#1519-d238 @A: 20 10 24 30 | 04
#1520-d238 @A: 24 03 30 11 | 07
#1521-d238 @A: 15 35 21 32 | 11
#1522-d238 @A: 07 13 35 26 | 03
#1523-d238 @A: 11 33 35 04 | 10
#1524-d238 @A: 03 26 35 33 | 02
#1525-d238 @A: 21 32 27 05 | 01
#1526-d238 @A: 18 26 32 05 | 09
#1527-d238 @A: 25 05 12 33 | 12
#1528-d238 @A: 05 03 04 20 | 05
#1529-d238 @A: 30 32 33 03 | 08
#1530-d238 @A: 30 02 32 18 | 06
#1531-d238 @A: 12 31 03 30 | 04
#1532-d238 @A: 18 21 07 27 | 07
#1533-d238 @A: 18 21 12 34 | 11
#1534-d238 @A: 25 21 03 07 | 03
#1535-d238 @A: 02 30 15 21 | 10
#1536-d238 @A: 10 21 28 26 | 02
#1537-d238 @A: 07 27 20 34 | 01
#1538-d238 @A: 27 10 13 03 | 09
#1539-d238 @A: 13 28 04 12 | 12
#1540-d238 @A: 06 14 29 24 | 05
#1541-d238 @A: 33 34 06 22 | 08
#1542-d238 @A: 22 28 06 34 | 06
#1543-d238 @A: 23 06 10 17 | 04
#1544-d238 @A: 23 06 30 24 | 07
#1545-d238 @A: 06 26 01 16 | 11
#1546-d238 @A: 16 17 31 06 | 03
#1547-d238 @A: 35 16 04 06 | 10
#1548-d238 @A: 06 27 16 02 | 02
#1549-d238 @A: 28 17 24 06 | 01
#1550-d238 @A: 11 17 05 06 | 09
#1551-d238 @A: 08 19 06 18 | 12
#1552-d238 @A: 19 06 04 20 | 05
#1553-d238 @A: 35 13 06 09 | 08
#1554-d238 @A: 25 35 06 18 | 06
#1555-d238 @A: 32 28 21 06 | 04
#1556-d238 @A: 29 18 22 31 | 07
#1557-d238 @A: 19 29 23 30 | 11
#1558-d238 @A: 14 23 13 29 | 03
#1559-d238 @A: 18 29 16 01 | 10
#1560-d238 @A: 15 21 16 29 | 02
#1561-d238 @A: 04 29 17 27 | 01
#1562-d238 @A: 29 08 09 03 | 09
#1563-d238 @A: 29 28 24 08 | 12
#1564-d238 @A: 29 33 08 20 | 05
#1565-d238 @A: 24 26 05 29 | 08
#1566-d238 @A: 31 24 29 02 | 06
#1567-d238 @A: 27 35 33 29 | 04
#1568-d238 @A: 05 03 29 32 | 07
#1569-d238 @A: 04 05 33 29 | 11
#1570-d238 @A: 02 21 32 29 | 03
#1571-d238 @A: 25 12 29 13 | 10
#1572-d238 @A: 13 07 30 29 | 02
#1573-d238 @A: 29 18 02 11 | 01
#1574-d238 @A: 02 26 34 29 | 09
#1575-d238 @A: 34 18 15 29 | 12
#1576-d238 @A: 08 04 22 23 | 05
#1577-d238 @A: 35 23 22 03 | 08
#1578-d238 @A: 22 13 28 01 | 06
#1579-d238 @A: 16 22 32 02 | 04
#1580-d238 @A: 17 22 21 18 | 07
#1581-d238 @A: 08 24 22 31 | 11
#1582-d238 @A: 22 07 33 08 | 03
#1583-d238 @A: 18 22 02 08 | 10
#1584-d238 @A: 19 22 20 21 | 02
#1585-d238 @A: 09 22 05 13 | 01
#1586-d238 @A: 12 28 14 22 | 09
#1587-d238 @A: 31 22 30 05 | 12
#1588-d238 @A: 22 10 31 34 | 05
#1589-d238 @A: 26 22 13 11 | 08
#1590-d238 @A: 22 25 20 04 | 06
#1591-d238 @A: 24 01 23 03 | 04
#1592-d238 @A: 05 16 23 26 | 07
#1593-d238 @A: 16 23 15 12 | 11
#1594-d238 @A: 17 14 23 02 | 03
#1595-d238 @A: 27 08 33 23 | 10
#1596-d238 @A: 19 27 04 23 | 02
#1597-d238 @A: 09 18 23 24 | 01
#1598-d238 @A: 14 23 21 07 | 09
#1599-d238 @A: 05 11 31 23 | 12
#1600-d238 @A: 07 32 23 27 | 05
#1601-d238 @A: 12 23 10 30 | 08
#1602-d238 @A: 13 23 33 26 | 06
#1603-d238 @A: 08 01 25 27 | 04
#1604-d238 @A: 01 15 28 19 | 07
#1605-d238 @A: 01 09 05 28 | 11
#1606-d238 @A: 01 20 09 25 | 03
#1607-d238 @A: 35 15 14 01 | 10
#1608-d238 @A: 14 01 04 32 | 02
#1609-d238 @A: 21 18 01 35 | 01
#1610-d238 @A: 32 05 20 01 | 09
#1611-d238 @A: 01 02 18 05 | 12
#1612-d238 @A: 10 13 31 01 | 05
#1613-d238 @A: 30 26 01 07 | 08
#1614-d238 @A: 16 15 17 09 | 06
#1615-d238 @A: 12 08 16 21 | 04
#1616-d238 @A: 20 08 16 27 | 07
#1617-d238 @A: 04 09 05 16 | 11
#1618-d238 @A: 16 24 20 34 | 03
#1619-d238 @A: 16 28 35 03 | 10
#1620-d238 @A: 25 16 30 31 | 02
#1621-d238 @A: 04 16 25 18 | 01
#1622-d238 @A: 17 09 34 08 | 09
#1623-d238 @A: 17 19 33 35 | 12
#1624-d238 @A: 17 26 09 35 | 05
#1625-d238 @A: 17 24 02 04 | 08
#1626-d238 @A: 07 32 17 35 | 06
#1627-d238 @A: 18 31 20 17 | 04
#1628-d238 @A: 17 02 15 07 | 07
#1629-d238 @A: 10 17 13 28 | 11
#1630-d238 @A: 03 20 11 17 | 03
#1631-d238 @A: 17 33 03 25 | 10
#1632-d238 @A: 19 08 05 12 | 02
#1633-d238 @A: 12 28 08 19 | 01
#1634-d238 @A: 27 07 08 14 | 09
#1635-d238 @A: 21 28 35 08 | 12
#1636-d238 @A: 05 08 26 20 | 05
#1637-d238 @A: 08 15 28 27 | 08
#1638-d238 @A: 07 12 08 04 | 06
#1639-d238 @A: 33 18 08 30 | 04
#1640-d238 @A: 11 08 34 26 | 07
#1641-d238 @A: 21 04 14 19 | 11
#1642-d238 @A: 21 26 35 19 | 03
#1643-d238 @A: 28 19 11 35 | 10
#1644-d238 @A: 05 25 21 19 | 02
#1645-d238 @A: 20 19 02 05 | 01
#1646-d238 @A: 19 20 18 30 | 09
#1647-d238 @A: 30 19 02 25 | 12
#1648-d238 @A: 02 04 19 18 | 05
#1649-d238 @A: 33 10 19 02 | 08
#1650-d238 @A: 02 28 10 19 | 06
#1651-d238 @A: 27 09 14 10 | 04
#1652-d238 @A: 31 24 07 09 | 07
#1653-d238 @A: 09 32 35 03 | 11
#1654-d238 @A: 26 09 21 05 | 03
#1655-d238 @A: 07 10 09 03 | 10
#1656-d238 @A: 28 03 09 25 | 02
#1657-d238 @A: 14 25 10 35 | 01
#1658-d238 @A: 14 02 11 12 | 09
#1659-d238 @A: 20 14 11 28 | 12
#1660-d238 @A: 03 14 04 33 | 05
#1661-d238 @A: 25 24 03 31 | 08
#1662-d238 @A: 24 07 10 33 | 06
#1663-d238 @A: 34 07 24 15 | 04
#1664-d238 @A: 24 10 26 04 | 07
#1665-d238 @A: 05 13 31 35 | 11
#1666-d238 @A: 35 05 27 10 | 03
#1667-d238 @A: 20 07 05 12 | 10
#1668-d238 @A: 18 10 13 05 | 02
#1669-d238 @A: 15 05 20 30 | 01
#1670-d238 @A: 26 02 05 30 | 09
#1671-d238 @A: 05 10 03 11 | 12
#1672-d238 @A: 26 34 07 32 | 05
#1673-d238 @A: 32 20 02 33 | 08
#1674-d238 @A: 32 04 26 11 | 06
#1675-d238 @A: 20 31 25 11 | 04
#1676-d238 @A: 31 04 02 03 | 07
#1677-d238 @A: 15 02 31 34 | 11
#1678-d238 @A: 27 21 13 30 | 03
#1679-d238 @A: 13 26 18 21 | 10
#1680-d238 @A: 02 21 26 20 | 02
#1681-d238 @A: 15 21 20 28 | 01
#1682-d238 @A: 15 11 21 18 | 09
#1683-d238 @A: 26 21 15 04 | 12
#1684-d238 @A: 12 11 27 13 | 05
#1685-d238 @A: 02 13 27 07 | 08
#1686-d238 @A: 20 27 26 13 | 06
#1687-d238 @A: 33 27 11 34 | 04
#1688-d238 @A: 27 26 18 04 | 07
#1689-d238 @A: 25 15 27 18 | 11
