#0001-d259 @A: 20 16 25 07 | 08
#0002-d259 @A: 24 25 23 07 | 12
#0003-d259 @A: 17 03 25 27 | 09
#0004-d259 @A: 03 34 19 25 | 06
#0005-d259 @A: 16 25 14 12 | 10
#0006-d259 @A: 26 12 05 25 | 11
#0007-d259 @A: 26 17 15 25 | 05
#0008-d259 @A: 32 26 25 01 | 03
#0009-d259 @A: 01 24 14 25 | 04
#0010-d259 @A: 25 10 23 21 | 01
#0011-d259 @A: 32 20 18 25 | 07
#0012-d259 @A: 01 15 25 05 | 02
#0013-d259 @A: 08 15 25 13 | 08
#0014-d259 @A: 14 20 25 10 | 12
#0015-d259 @A: 35 31 13 11 | 09
#0016-d259 @A: 30 35 11 06 | 06
#0017-d259 @A: 35 33 23 30 | 10
#0018-d259 @A: 29 35 11 16 | 11
#0019-d259 @A: 35 11 26 28 | 05
#0020-d259 @A: 18 24 11 35 | 03
#0021-d259 @A: 35 24 03 22 | 04
#0022-d259 @A: 01 33 16 35 | 01
#0023-d259 @A: 34 16 02 35 | 07
#0024-d259 @A: 12 26 23 35 | 02
#0025-d259 @A: 35 20 12 04 | 08
#0026-d259 @A: 24 13 35 12 | 12
#0027-d259 @A: 14 06 26 35 | 09
#0028-d259 @A: 20 26 35 08 | 06
#0029-d259 @A: 35 22 15 02 | 10
#0030-d259 @A: 17 02 35 33 | 11
#0031-d259 @A: 06 35 09 02 | 05
#0032-d259 @A: 35 08 06 17 | 03
#0033-d259 @A: 32 35 04 01 | 04
#0034-d259 @A: 09 21 34 35 | 01
#0035-d259 @A: 01 31 11 16 | 07
#0036-d259 @A: 31 12 15 26 | 02
#0037-d259 @A: 31 32 06 12 | 08
#0038-d259 @A: 17 22 31 19 | 12
#0039-d259 @A: 05 33 17 31 | 09
#0040-d259 @A: 01 23 06 31 | 06
#0041-d259 @A: 06 29 31 13 | 10
#0042-d259 @A: 24 13 20 31 | 11
#0043-d259 @A: 32 21 14 31 | 05
#0044-d259 @A: 31 08 27 19 | 03
#0045-d259 @A: 30 11 15 04 | 04
#0046-d259 @A: 30 08 24 11 | 01
#0047-d259 @A: 27 21 11 30 | 07
#0048-d259 @A: 30 10 26 08 | 02
#0049-d259 @A: 30 06 21 17 | 08
#0050-d259 @A: 13 30 28 10 | 12
#0051-d259 @A: 08 21 23 30 | 09
#0052-d259 @A: 08 29 30 32 | 06
#0053-d259 @A: 30 32 10 27 | 10
#0054-d259 @A: 17 07 27 11 | 11
#0055-d259 @A: 07 19 08 11 | 05
#0056-d259 @A: 03 07 12 04 | 03
#0057-d259 @A: 03 02 27 07 | 04
#0058-d259 @A: 16 06 07 28 | 01
#0059-d259 @A: 05 16 24 07 | 07
#0060-d259 @A: 07 28 27 12 | 02
#0061-d259 @A: 07 28 26 20 | 08
#0062-d259 @A: 17 07 22 34 | 12
#0063-d259 @A: 04 07 21 02 | 09
#0064-d259 @A: 07 04 15 13 | 06
#0065-d259 @A: 19 14 07 21 | 10
#0066-d259 @A: 07 32 18 15 | 11
#0067-d259 @A: 32 07 14 13 | 05
#0068-d259 @A: 12 05 03 11 | 03
#0069-d259 @A: 11 03 26 27 | 04
#0070-d259 @A: 04 12 14 11 | 01
#0071-d259 @A: 09 11 18 22 | 07
#0072-d259 @A: 33 27 32 11 | 02
#0073-d259 @A: 28 05 11 06 | 08
#0074-d259 @A: 15 34 11 21 | 12
#0075-d259 @A: 11 23 10 15 | 09
#0076-d259 @A: 29 15 11 13 | 06
#0077-d259 @A: 19 03 24 16 | 10
#0078-d259 @A: 23 16 03 21 | 11
#0079-d259 @A: 14 26 03 12 | 05
#0080-d259 @A: 24 12 29 03 | 03
#0081-d259 @A: 03 21 06 04 | 04
#0082-d259 @A: 17 28 03 01 | 01
#0083-d259 @A: 09 03 21 20 | 07
#0084-d259 @A: 15 19 03 10 | 02
#0085-d259 @A: 22 12 16 05 | 08
#0086-d259 @A: 16 23 18 12 | 12
#0087-d259 @A: 06 22 29 16 | 09
#0088-d259 @A: 28 16 13 22 | 06
#0089-d259 @A: 16 22 21 24 | 10
#0090-d259 @A: 28 09 16 24 | 11
#0091-d259 @A: 21 16 09 32 | 05
#0092-d259 @A: 16 27 20 32 | 03
#0093-d259 @A: 08 05 10 16 | 04
#0094-d259 @A: 09 13 27 16 | 01
#0095-d259 @A: 10 09 16 20 | 07
#0096-d259 @A: 26 12 32 02 | 02
#0097-d259 @A: 04 12 28 05 | 08
#0098-d259 @A: 32 08 12 04 | 12
#0099-d259 @A: 18 12 28 02 | 09
#0100-d259 @A: 17 13 14 12 | 06
#0101-d259 @A: 12 09 01 17 | 10
#0102-d259 @A: 23 21 09 12 | 11
#0103-d259 @A: 12 10 05 27 | 05
#0104-d259 @A: 12 10 14 15 | 03
#0105-d259 @A: 13 29 01 12 | 04
#0106-d259 @A: 02 26 33 10 | 01
#0107-d259 @A: 09 04 26 28 | 07
#0108-d259 @A: 13 08 26 04 | 02
#0109-d259 @A: 26 02 14 24 | 08
#0110-d259 @A: 20 15 21 26 | 12
#0111-d259 @A: 21 09 26 29 | 09
#0112-d259 @A: 09 13 05 26 | 06
#0113-d259 @A: 06 22 32 17 | 10
#0114-d259 @A: 05 09 32 22 | 11
#0115-d259 @A: 20 05 14 22 | 05
#0116-d259 @A: 21 32 04 33 | 03
#0117-d259 @A: 33 24 09 10 | 04
#0118-d259 @A: 33 02 01 34 | 01
#0119-d259 @A: 33 21 29 14 | 07
#0120-d259 @A: 33 01 29 21 | 02
#0121-d259 @A: 09 34 33 08 | 08
#0122-d259 @A: 15 08 29 33 | 12
#0123-d259 @A: 23 20 21 06 | 09
#0124-d259 @A: 10 09 34 06 | 06
#0125-d259 @A: 04 20 18 14 | 10
#0126-d259 @A: 19 34 04 15 | 11
#0127-d259 @A: 23 10 19 04 | 05
#0128-d259 @A: 13 04 29 20 | 03
#0129-d259 @A: 14 28 32 29 | 04
#0130-d259 @A: 32 05 24 34 | 01
#0131-d259 @A: 20 24 08 23 | 07
#0132-d259 @A: 08 24 14 15 | 02
#0133-d259 @A: 24 29 19 10 | 08
#0134-d259 @A: 13 17 02 21 | 12
#0135-d259 @A: 08 15 17 02 | 09
#0136-d259 @A: 02 20 27 17 | 06
#0137-d259 @A: 34 21 23 02 | 10
#0138-d259 @A: 34 13 02 08 | 11
#0139-d259 @A: 29 14 02 09 | 05
#0140-d259 @A: 17 08 21 01 | 03
#0141-d259 @A: 29 13 17 32 | 04
#0142-d259 @A: 13 19 32 01 | 01
#0143-d259 @A: 15 23 01 19 | 07
#0144-d259 @A: 09 13 27 01 | 02
#0145-d259 @A: 13 25 35 26 | 08
#0146-d259 @A: 32 11 25 31 | 12
#0147-d259 @A: 33 25 34 31 | 09
#0148-d259 @A: 07 11 15 25 | 06
#0149-d259 @A: 25 09 33 07 | 10
#0150-d259 @A: 03 15 25 12 | 11
#0151-d259 @A: 32 03 09 25 | 05
#0152-d259 @A: 23 16 06 25 | 03
#0153-d259 @A: 16 25 23 01 | 04
#0154-d259 @A: 16 25 05 27 | 01
#0155-d259 @A: 25 24 33 12 | 07
#0156-d259 @A: 12 17 25 02 | 02
#0157-d259 @A: 34 22 25 10 | 08
#0158-d259 @A: 04 10 33 25 | 12
#0159-d259 @A: 23 25 33 15 | 09
#0160-d259 @A: 34 20 25 13 | 06
#0161-d259 @A: 01 10 25 34 | 10
#0162-d259 @A: 29 27 34 25 | 11
#0163-d259 @A: 08 25 05 29 | 05
#0164-d259 @A: 31 21 30 35 | 03
#0165-d259 @A: 34 31 35 12 | 04
#0166-d259 @A: 35 04 31 05 | 01
#0167-d259 @A: 16 07 35 21 | 07
#0168-d259 @A: 15 11 35 03 | 02
#0169-d259 @A: 11 02 01 35 | 08
#0170-d259 @A: 03 01 35 14 | 12
#0171-d259 @A: 19 06 22 35 | 09
#0172-d259 @A: 28 21 35 22 | 06
#0173-d259 @A: 05 35 10 22 | 10
#0174-d259 @A: 35 06 18 04 | 11
#0175-d259 @A: 35 06 24 15 | 05
#0176-d259 @A: 06 35 01 19 | 03
#0177-d259 @A: 08 35 04 19 | 04
#0178-d259 @A: 19 05 35 21 | 01
#0179-d259 @A: 35 19 34 29 | 07
#0180-d259 @A: 15 05 35 08 | 02
#0181-d259 @A: 27 15 35 13 | 08
#0182-d259 @A: 30 34 31 32 | 12
#0183-d259 @A: 24 15 31 11 | 09
#0184-d259 @A: 31 24 03 21 | 06
#0185-d259 @A: 26 31 04 34 | 10
#0186-d259 @A: 08 17 26 31 | 11
#0187-d259 @A: 32 13 31 18 | 05
#0188-d259 @A: 31 34 10 23 | 03
#0189-d259 @A: 15 09 31 13 | 04
#0190-d259 @A: 23 07 30 06 | 01
#0191-d259 @A: 20 33 03 30 | 07
#0192-d259 @A: 30 16 29 18 | 02
#0193-d259 @A: 30 12 17 19 | 08
#0194-d259 @A: 09 06 30 26 | 12
#0195-d259 @A: 17 34 26 30 | 09
#0196-d259 @A: 27 30 17 33 | 06
#0197-d259 @A: 30 24 02 27 | 10
#0198-d259 @A: 17 30 34 01 | 11
#0199-d259 @A: 20 13 30 05 | 05
#0200-d259 @A: 11 33 07 01 | 03
#0201-d259 @A: 16 07 03 15 | 04
#0202-d259 @A: 24 07 12 14 | 01
#0203-d259 @A: 07 18 12 34 | 07
#0204-d259 @A: 04 26 27 07 | 02
#0205-d259 @A: 32 24 26 07 | 08
#0206-d259 @A: 17 02 07 26 | 12
#0207-d259 @A: 07 17 28 29 | 09
#0208-d259 @A: 07 17 24 19 | 06
#0209-d259 @A: 23 02 07 32 | 10
#0210-d259 @A: 07 10 19 27 | 11
#0211-d259 @A: 20 10 13 07 | 05
#0212-d259 @A: 11 03 06 13 | 03
#0213-d259 @A: 03 10 14 11 | 04
#0214-d259 @A: 20 24 16 11 | 01
#0215-d259 @A: 11 17 16 23 | 07
#0216-d259 @A: 24 11 12 22 | 02
#0217-d259 @A: 11 10 12 02 | 08
#0218-d259 @A: 12 32 17 11 | 12
#0219-d259 @A: 18 26 01 11 | 09
#0220-d259 @A: 06 11 02 34 | 06
#0221-d259 @A: 09 11 28 17 | 10
#0222-d259 @A: 11 23 21 28 | 11
#0223-d259 @A: 18 11 34 27 | 05
#0224-d259 @A: 11 15 14 32 | 03
#0225-d259 @A: 12 32 19 03 | 04
#0226-d259 @A: 26 29 02 03 | 01
#0227-d259 @A: 28 06 03 18 | 07
#0228-d259 @A: 04 14 32 03 | 02
#0229-d259 @A: 05 02 24 03 | 08
#0230-d259 @A: 03 08 17 24 | 12
#0231-d259 @A: 29 03 23 34 | 09
#0232-d259 @A: 29 03 13 05 | 06
#0233-d259 @A: 12 16 26 13 | 10
#0234-d259 @A: 34 22 26 16 | 11
#0235-d259 @A: 16 33 05 26 | 05
#0236-d259 @A: 16 17 33 15 | 03
#0237-d259 @A: 02 17 06 16 | 04
#0238-d259 @A: 16 01 04 27 | 01
#0239-d259 @A: 34 15 16 24 | 07
#0240-d259 @A: 34 21 16 08 | 02
#0241-d259 @A: 32 19 23 16 | 08
#0242-d259 @A: 16 14 32 08 | 12
#0243-d259 @A: 29 16 09 08 | 09
#0244-d259 @A: 08 26 12 24 | 06
#0245-d259 @A: 23 12 06 24 | 10
#0246-d259 @A: 34 19 12 05 | 11
#0247-d259 @A: 12 34 14 27 | 05
#0248-d259 @A: 22 05 26 24 | 03
#0249-d259 @A: 27 18 22 26 | 04
#0250-d259 @A: 13 06 26 33 | 01
#0251-d259 @A: 24 06 26 21 | 07
#0252-d259 @A: 26 06 18 32 | 02
#0253-d259 @A: 26 28 05 18 | 08
#0254-d259 @A: 01 17 26 20 | 12
#0255-d259 @A: 26 18 13 10 | 09
#0256-d259 @A: 02 10 28 22 | 06
#0257-d259 @A: 27 17 24 22 | 10
#0258-d259 @A: 18 08 22 21 | 11
#0259-d259 @A: 29 05 21 22 | 05
#0260-d259 @A: 14 21 22 27 | 03
#0261-d259 @A: 22 01 05 23 | 04
#0262-d259 @A: 19 22 23 15 | 01
#0263-d259 @A: 23 27 13 22 | 07
#0264-d259 @A: 09 22 15 10 | 02
#0265-d259 @A: 24 17 32 33 | 08
#0266-d259 @A: 08 14 33 17 | 12
#0267-d259 @A: 23 33 01 18 | 09
#0268-d259 @A: 32 33 23 13 | 06
#0269-d259 @A: 23 10 33 08 | 10
#0270-d259 @A: 33 05 14 15 | 11
#0271-d259 @A: 09 33 29 27 | 05
#0272-d259 @A: 10 33 27 14 | 03
#0273-d259 @A: 09 06 28 08 | 04
#0274-d259 @A: 01 06 17 24 | 01
#0275-d259 @A: 09 06 21 05 | 07
#0276-d259 @A: 23 19 06 27 | 02
#0277-d259 @A: 27 10 04 02 | 08
#0278-d259 @A: 18 27 04 15 | 12
#0279-d259 @A: 13 04 14 34 | 09
#0280-d259 @A: 28 15 17 24 | 06
#0281-d259 @A: 21 28 18 32 | 10
#0282-d259 @A: 21 20 28 13 | 11
#0283-d259 @A: 09 29 28 18 | 05
#0284-d259 @A: 32 09 28 15 | 03
#0285-d259 @A: 29 28 20 05 | 04
#0286-d259 @A: 29 21 24 17 | 01
#0287-d259 @A: 02 21 08 19 | 07
#0288-d259 @A: 02 18 13 27 | 02
#0289-d259 @A: 20 18 29 02 | 08
#0290-d259 @A: 05 34 02 20 | 12
#0291-d259 @A: 02 23 20 13 | 09
#0292-d259 @A: 20 02 09 15 | 06
#0293-d259 @A: 10 21 20 17 | 10
#0294-d259 @A: 20 34 14 17 | 11
#0295-d259 @A: 17 29 20 09 | 05
#0296-d259 @A: 12 27 31 25 | 03
#0297-d259 @A: 30 25 20 12 | 04
#0298-d259 @A: 33 25 32 30 | 01
#0299-d259 @A: 25 19 28 30 | 07
#0300-d259 @A: 12 07 29 25 | 02
#0301-d259 @A: 21 25 33 11 | 08
#0302-d259 @A: 25 01 27 11 | 12
#0303-d259 @A: 16 02 08 25 | 09
#0304-d259 @A: 19 25 12 23 | 06
#0305-d259 @A: 28 22 26 25 | 10
#0306-d259 @A: 06 13 28 25 | 11
#0307-d259 @A: 24 32 06 25 | 05
#0308-d259 @A: 02 04 14 25 | 03
#0309-d259 @A: 25 04 01 21 | 04
#0310-d259 @A: 08 25 18 19 | 01
#0311-d259 @A: 18 35 07 31 | 07
#0312-d259 @A: 32 31 35 16 | 02
#0313-d259 @A: 35 31 22 27 | 08
#0314-d259 @A: 30 35 13 19 | 12
#0315-d259 @A: 35 07 05 03 | 09
#0316-d259 @A: 29 06 35 07 | 06
#0317-d259 @A: 24 35 07 08 | 10
#0318-d259 @A: 35 06 34 03 | 11
#0319-d259 @A: 29 12 35 27 | 05
#0320-d259 @A: 13 35 34 28 | 03
#0321-d259 @A: 35 23 02 24 | 04
#0322-d259 @A: 35 34 20 24 | 01
#0323-d259 @A: 32 21 35 20 | 07
#0324-d259 @A: 14 05 35 29 | 02
#0325-d259 @A: 19 35 15 09 | 08
#0326-d259 @A: 35 14 19 10 | 12
#0327-d259 @A: 22 20 30 31 | 09
#0328-d259 @A: 33 13 30 31 | 06
#0329-d259 @A: 31 16 23 07 | 10
#0330-d259 @A: 07 22 31 29 | 11
#0331-d259 @A: 33 24 31 16 | 05
#0332-d259 @A: 16 29 31 14 | 03
#0333-d259 @A: 27 33 01 31 | 04
#0334-d259 @A: 14 05 31 06 | 01
#0335-d259 @A: 01 17 02 31 | 07
#0336-d259 @A: 34 13 31 21 | 02
#0337-d259 @A: 34 31 29 08 | 08
#0338-d259 @A: 31 27 32 09 | 12
#0339-d259 @A: 03 30 34 07 | 09
#0340-d259 @A: 26 07 16 30 | 06
#0341-d259 @A: 28 30 07 01 | 10
#0342-d259 @A: 07 13 02 30 | 11
#0343-d259 @A: 11 19 02 30 | 05
#0344-d259 @A: 30 27 16 04 | 03
#0345-d259 @A: 12 24 34 30 | 04
#0346-d259 @A: 22 30 19 33 | 01
#0347-d259 @A: 02 30 18 22 | 07
#0348-d259 @A: 05 22 30 27 | 02
#0349-d259 @A: 30 19 29 04 | 08
#0350-d259 @A: 04 09 01 30 | 12
#0351-d259 @A: 30 13 18 34 | 09
#0352-d259 @A: 32 14 18 30 | 06
#0353-d259 @A: 30 32 05 15 | 10
#0354-d259 @A: 23 07 11 12 | 11
#0355-d259 @A: 18 11 07 02 | 05
#0356-d259 @A: 23 07 33 03 | 03
#0357-d259 @A: 07 01 03 15 | 04
#0358-d259 @A: 07 33 34 05 | 01
#0359-d259 @A: 06 07 24 18 | 07
#0360-d259 @A: 21 15 07 28 | 02
#0361-d259 @A: 13 09 07 21 | 08
#0362-d259 @A: 07 29 18 10 | 12
#0363-d259 @A: 16 34 12 11 | 09
#0364-d259 @A: 12 11 27 08 | 06
#0365-d259 @A: 06 11 10 22 | 10
#0366-d259 @A: 34 33 11 10 | 11
#0367-d259 @A: 14 06 11 20 | 05
#0368-d259 @A: 10 06 01 11 | 03
#0369-d259 @A: 04 17 11 08 | 04
#0370-d259 @A: 24 28 11 19 | 01
#0371-d259 @A: 05 01 17 11 | 07
#0372-d259 @A: 11 13 01 21 | 02
#0373-d259 @A: 11 09 10 21 | 08
#0374-d259 @A: 29 14 11 18 | 12
#0375-d259 @A: 29 11 09 23 | 09
#0376-d259 @A: 14 11 19 09 | 06
#0377-d259 @A: 14 01 09 11 | 10
#0378-d259 @A: 16 22 03 09 | 11
#0379-d259 @A: 16 03 13 02 | 05
#0380-d259 @A: 03 20 10 12 | 03
#0381-d259 @A: 27 03 06 33 | 04
#0382-d259 @A: 34 21 03 33 | 01
#0383-d259 @A: 04 03 17 29 | 07
#0384-d259 @A: 05 08 03 18 | 02
#0385-d259 @A: 03 20 32 15 | 08
#0386-d259 @A: 03 32 13 10 | 12
#0387-d259 @A: 10 08 03 09 | 09
#0388-d259 @A: 19 16 33 12 | 06
#0389-d259 @A: 09 06 16 12 | 10
#0390-d259 @A: 19 28 16 26 | 11
#0391-d259 @A: 16 14 06 21 | 05
#0392-d259 @A: 02 20 16 04 | 03
#0393-d259 @A: 13 28 01 16 | 04
#0394-d259 @A: 16 21 19 18 | 01
#0395-d259 @A: 05 16 13 34 | 07
#0396-d259 @A: 19 34 16 27 | 02
#0397-d259 @A: 29 10 16 15 | 08
#0398-d259 @A: 01 14 12 22 | 12
#0399-d259 @A: 24 12 33 01 | 09
#0400-d259 @A: 06 01 12 05 | 06
#0401-d259 @A: 12 24 15 19 | 10
#0402-d259 @A: 12 13 02 05 | 11
#0403-d259 @A: 21 08 12 15 | 05
#0404-d259 @A: 13 15 12 18 | 03
#0405-d259 @A: 12 05 20 32 | 04
#0406-d259 @A: 12 05 15 29 | 01
#0407-d259 @A: 24 33 18 26 | 07
#0408-d259 @A: 34 26 18 21 | 02
#0409-d259 @A: 26 34 10 05 | 08
#0410-d259 @A: 23 32 26 10 | 12
#0411-d259 @A: 06 28 15 22 | 09
#0412-d259 @A: 05 22 34 06 | 06
#0413-d259 @A: 13 14 22 18 | 10
#0414-d259 @A: 22 32 20 08 | 11
#0415-d259 @A: 13 28 24 33 | 05
#0416-d259 @A: 23 27 33 24 | 03
#0417-d259 @A: 33 13 21 05 | 04
#0418-d259 @A: 33 15 34 20 | 01
#0419-d259 @A: 05 09 33 19 | 07
#0420-d259 @A: 17 06 04 13 | 02
#0421-d259 @A: 10 15 08 06 | 08
#0422-d259 @A: 20 01 29 06 | 12
#0423-d259 @A: 14 24 04 19 | 09
#0424-d259 @A: 34 29 04 21 | 06
#0425-d259 @A: 20 05 21 04 | 10
#0426-d259 @A: 04 15 05 09 | 11
#0427-d259 @A: 28 01 29 18 | 05
#0428-d259 @A: 09 28 23 27 | 03
#0429-d259 @A: 28 13 14 09 | 04
#0430-d259 @A: 34 15 24 01 | 01
#0431-d259 @A: 24 32 01 20 | 07
#0432-d259 @A: 21 01 02 18 | 02
#0433-d259 @A: 21 09 27 02 | 08
#0434-d259 @A: 18 05 23 02 | 12
#0435-d259 @A: 02 09 10 18 | 09
#0436-d259 @A: 23 15 02 29 | 06
#0437-d259 @A: 09 32 08 17 | 10
#0438-d259 @A: 14 01 17 19 | 11
#0439-d259 @A: 01 10 15 18 | 05
#0440-d259 @A: 18 01 08 27 | 03
#0441-d259 @A: 35 25 29 31 | 04
#0442-d259 @A: 35 21 24 25 | 01
#0443-d259 @A: 23 26 31 25 | 07
#0444-d259 @A: 30 25 03 13 | 02
#0445-d259 @A: 25 30 02 09 | 08
#0446-d259 @A: 25 03 21 22 | 12
#0447-d259 @A: 25 03 10 02 | 09
#0448-d259 @A: 16 26 25 21 | 06
#0449-d259 @A: 13 17 25 33 | 10
#0450-d259 @A: 05 25 20 33 | 11
#0451-d259 @A: 28 25 23 02 | 05
#0452-d259 @A: 21 25 34 32 | 03
#0453-d259 @A: 34 25 05 23 | 04
#0454-d259 @A: 32 25 08 23 | 01
#0455-d259 @A: 25 01 09 32 | 07
#0456-d259 @A: 13 09 25 23 | 02
#0457-d259 @A: 25 14 23 29 | 08
#0458-d259 @A: 31 10 35 03 | 12
#0459-d259 @A: 17 29 30 35 | 09
#0460-d259 @A: 02 07 35 19 | 06
#0461-d259 @A: 35 15 12 16 | 10
#0462-d259 @A: 16 35 04 09 | 11
#0463-d259 @A: 01 26 27 35 | 05
#0464-d259 @A: 08 33 35 28 | 03
#0465-d259 @A: 14 33 18 35 | 04
#0466-d259 @A: 28 02 29 35 | 01
#0467-d259 @A: 28 17 23 35 | 07
#0468-d259 @A: 15 21 14 35 | 02
#0469-d259 @A: 08 35 18 29 | 08
#0470-d259 @A: 30 31 11 09 | 12
#0471-d259 @A: 30 31 14 12 | 09
#0472-d259 @A: 17 30 31 02 | 06
#0473-d259 @A: 05 31 03 22 | 10
#0474-d259 @A: 12 20 31 16 | 11
#0475-d259 @A: 31 13 17 16 | 05
#0476-d259 @A: 01 12 28 31 | 03
#0477-d259 @A: 12 17 31 29 | 04
#0478-d259 @A: 26 21 02 31 | 01
#0479-d259 @A: 31 29 33 23 | 07
#0480-d259 @A: 27 06 31 04 | 02
#0481-d259 @A: 31 24 32 04 | 08
#0482-d259 @A: 05 21 31 23 | 12
#0483-d259 @A: 20 31 05 09 | 09
#0484-d259 @A: 13 31 08 01 | 06
#0485-d259 @A: 30 11 05 07 | 10
#0486-d259 @A: 17 07 15 30 | 11
#0487-d259 @A: 30 14 27 07 | 05
#0488-d259 @A: 30 11 17 14 | 03
#0489-d259 @A: 15 30 13 16 | 04
#0490-d259 @A: 09 30 22 17 | 01
#0491-d259 @A: 30 09 28 21 | 07
#0492-d259 @A: 30 29 05 34 | 02
#0493-d259 @A: 19 01 27 30 | 08
#0494-d259 @A: 06 09 11 07 | 12
#0495-d259 @A: 32 03 07 06 | 09
#0496-d259 @A: 07 17 03 21 | 06
#0497-d259 @A: 22 07 08 16 | 10
#0498-d259 @A: 07 33 04 24 | 11
#0499-d259 @A: 34 07 06 08 | 05
#0500-d259 @A: 18 07 04 17 | 03
#0501-d259 @A: 10 17 07 23 | 04
#0502-d259 @A: 19 34 07 09 | 01
#0503-d259 @A: 11 04 03 09 | 07
#0504-d259 @A: 20 03 17 11 | 02
#0505-d259 @A: 21 19 11 03 | 08
#0506-d259 @A: 11 05 16 04 | 12
#0507-d259 @A: 11 16 21 02 | 09
#0508-d259 @A: 26 06 29 11 | 06
#0509-d259 @A: 27 11 22 28 | 10
#0510-d259 @A: 24 11 04 10 | 11
#0511-d259 @A: 11 21 18 05 | 05
#0512-d259 @A: 20 11 08 34 | 03
#0513-d259 @A: 32 13 11 20 | 04
#0514-d259 @A: 11 08 13 09 | 01
#0515-d259 @A: 06 05 03 16 | 07
#0516-d259 @A: 03 16 08 01 | 02
#0517-d259 @A: 21 03 12 28 | 08
#0518-d259 @A: 17 09 12 03 | 12
#0519-d259 @A: 28 26 23 03 | 09
#0520-d259 @A: 26 32 03 17 | 06
#0521-d259 @A: 08 03 22 15 | 10
#0522-d259 @A: 14 03 21 18 | 11
#0523-d259 @A: 32 18 03 23 | 05
#0524-d259 @A: 03 27 18 29 | 03
#0525-d259 @A: 01 03 19 20 | 04
#0526-d259 @A: 05 18 32 16 | 01
#0527-d259 @A: 16 13 20 08 | 07
#0528-d259 @A: 26 29 12 10 | 02
#0529-d259 @A: 29 33 34 12 | 08
#0530-d259 @A: 21 12 34 20 | 12
#0531-d259 @A: 01 18 34 12 | 09
#0532-d259 @A: 12 18 08 14 | 06
#0533-d259 @A: 10 08 34 12 | 10
#0534-d259 @A: 26 22 33 29 | 11
#0535-d259 @A: 20 22 02 26 | 05
#0536-d259 @A: 22 10 21 26 | 03
#0537-d259 @A: 33 21 17 26 | 04
#0538-d259 @A: 05 26 06 20 | 01
#0539-d259 @A: 26 14 04 21 | 07
#0540-d259 @A: 28 26 29 15 | 02
#0541-d259 @A: 27 19 26 21 | 08
#0542-d259 @A: 26 34 05 01 | 12
#0543-d259 @A: 26 29 14 27 | 09
#0544-d259 @A: 18 22 33 06 | 06
#0545-d259 @A: 22 06 01 15 | 10
#0546-d259 @A: 23 04 02 22 | 11
#0547-d259 @A: 22 09 14 34 | 05
#0548-d259 @A: 33 34 28 17 | 03
#0549-d259 @A: 20 19 33 14 | 04
#0550-d259 @A: 13 10 29 33 | 01
#0551-d259 @A: 21 27 15 06 | 07
#0552-d259 @A: 06 34 15 18 | 02
#0553-d259 @A: 23 06 29 18 | 08
#0554-d259 @A: 01 34 06 13 | 12
#0555-d259 @A: 10 13 06 14 | 09
#0556-d259 @A: 27 17 34 04 | 06
#0557-d259 @A: 21 08 09 04 | 10
#0558-d259 @A: 23 34 08 04 | 11
#0559-d259 @A: 01 34 04 23 | 05
#0560-d259 @A: 32 04 27 23 | 03
#0561-d259 @A: 10 05 04 13 | 04
#0562-d259 @A: 01 20 13 04 | 01
#0563-d259 @A: 21 14 28 10 | 07
#0564-d259 @A: 01 28 23 09 | 02
#0565-d259 @A: 28 19 15 05 | 08
#0566-d259 @A: 14 20 28 08 | 12
#0567-d259 @A: 24 10 23 18 | 09
#0568-d259 @A: 24 34 09 29 | 06
#0569-d259 @A: 05 24 19 27 | 10
#0570-d259 @A: 10 05 24 20 | 11
#0571-d259 @A: 18 17 02 14 | 05
#0572-d259 @A: 02 27 01 23 | 03
#0573-d259 @A: 05 09 02 08 | 04
#0574-d259 @A: 19 02 29 13 | 01
#0575-d259 @A: 19 17 18 05 | 07
#0576-d259 @A: 10 17 13 34 | 02
#0577-d259 @A: 08 05 17 20 | 08
#0578-d259 @A: 20 34 27 01 | 12
#0579-d259 @A: 16 25 35 19 | 09
#0580-d259 @A: 03 16 31 25 | 06
#0581-d259 @A: 34 07 02 25 | 10
#0582-d259 @A: 29 33 25 16 | 11
#0583-d259 @A: 25 22 08 12 | 05
#0584-d259 @A: 26 14 25 32 | 03
#0585-d259 @A: 08 25 04 24 | 04
#0586-d259 @A: 24 18 28 25 | 01
#0587-d259 @A: 08 25 01 29 | 07
#0588-d259 @A: 35 33 31 09 | 02
#0589-d259 @A: 15 26 07 35 | 08
#0590-d259 @A: 35 08 11 22 | 12
#0591-d259 @A: 19 35 11 23 | 09
#0592-d259 @A: 33 35 16 13 | 06
#0593-d259 @A: 35 14 02 12 | 10
#0594-d259 @A: 26 35 33 34 | 11
#0595-d259 @A: 35 33 06 21 | 05
#0596-d259 @A: 28 24 05 35 | 03
#0597-d259 @A: 21 27 35 23 | 04
#0598-d259 @A: 13 05 18 35 | 01
#0599-d259 @A: 31 10 30 06 | 07
#0600-d259 @A: 10 11 07 31 | 02
#0601-d259 @A: 07 31 15 19 | 08
#0602-d259 @A: 11 16 27 31 | 12
#0603-d259 @A: 02 20 11 31 | 09
#0604-d259 @A: 31 04 12 10 | 06
#0605-d259 @A: 13 12 31 28 | 10
#0606-d259 @A: 12 02 31 23 | 11
#0607-d259 @A: 15 33 31 22 | 05
#0608-d259 @A: 33 21 10 31 | 03
#0609-d259 @A: 04 02 31 29 | 04
#0610-d259 @A: 04 31 17 01 | 01
#0611-d259 @A: 09 34 31 17 | 07
#0612-d259 @A: 18 09 21 31 | 02
#0613-d259 @A: 05 29 31 32 | 08
#0614-d259 @A: 20 15 31 14 | 12
#0615-d259 @A: 10 09 29 31 | 09
#0616-d259 @A: 07 32 28 30 | 06
#0617-d259 @A: 26 11 30 20 | 10
#0618-d259 @A: 30 03 12 16 | 11
#0619-d259 @A: 30 18 24 03 | 05
#0620-d259 @A: 12 28 30 23 | 03
#0621-d259 @A: 22 26 30 15 | 04
#0622-d259 @A: 30 32 24 22 | 01
#0623-d259 @A: 30 06 33 34 | 07
#0624-d259 @A: 02 33 30 15 | 02
#0625-d259 @A: 17 28 18 30 | 08
#0626-d259 @A: 30 02 29 01 | 12
#0627-d259 @A: 18 30 01 32 | 09
#0628-d259 @A: 01 14 30 15 | 06
#0629-d259 @A: 15 10 30 20 | 10
#0630-d259 @A: 08 19 30 14 | 11
#0631-d259 @A: 16 18 33 07 | 05
#0632-d259 @A: 07 17 09 16 | 03
#0633-d259 @A: 08 12 07 17 | 04
#0634-d259 @A: 06 22 27 07 | 01
#0635-d259 @A: 17 06 07 05 | 07
#0636-d259 @A: 13 28 18 07 | 02
#0637-d259 @A: 07 19 02 01 | 08
#0638-d259 @A: 32 07 20 34 | 12
#0639-d259 @A: 07 01 09 10 | 09
#0640-d259 @A: 11 16 28 32 | 06
#0641-d259 @A: 20 18 11 12 | 10
#0642-d259 @A: 11 08 02 26 | 11
#0643-d259 @A: 11 18 19 32 | 05
#0644-d259 @A: 13 23 11 18 | 03
#0645-d259 @A: 19 05 10 11 | 04
#0646-d259 @A: 15 11 09 27 | 01
#0647-d259 @A: 10 29 11 20 | 07
#0648-d259 @A: 22 03 28 14 | 02
#0649-d259 @A: 02 03 33 08 | 08
#0650-d259 @A: 33 29 03 19 | 12
#0651-d259 @A: 06 17 14 03 | 09
#0652-d259 @A: 04 03 01 29 | 06
#0653-d259 @A: 21 03 05 32 | 10
#0654-d259 @A: 15 03 29 21 | 11
#0655-d259 @A: 13 21 03 08 | 05
#0656-d259 @A: 19 03 18 09 | 03
#0657-d259 @A: 01 32 03 05 | 04
#0658-d259 @A: 14 27 03 19 | 01
#0659-d259 @A: 28 33 14 16 | 07
#0660-d259 @A: 28 05 16 23 | 02
#0661-d259 @A: 18 24 27 16 | 08
#0662-d259 @A: 16 18 15 09 | 12
#0663-d259 @A: 05 15 20 16 | 09
#0664-d259 @A: 16 09 05 14 | 06
#0665-d259 @A: 01 05 29 16 | 10
#0666-d259 @A: 19 15 16 08 | 11
#0667-d259 @A: 19 10 16 01 | 05
#0668-d259 @A: 20 33 12 26 | 03
#0669-d259 @A: 06 12 26 27 | 04
#0670-d259 @A: 10 19 12 21 | 01
#0671-d259 @A: 09 12 32 29 | 07
#0672-d259 @A: 09 12 14 20 | 02
#0673-d259 @A: 22 17 26 13 | 08
#0674-d259 @A: 18 26 29 04 | 12
#0675-d259 @A: 26 14 28 17 | 09
#0676-d259 @A: 34 08 26 14 | 06
#0677-d259 @A: 08 05 32 26 | 10
#0678-d259 @A: 19 08 29 26 | 11
#0679-d259 @A: 33 24 08 22 | 05
#0680-d259 @A: 06 24 22 14 | 03
#0681-d259 @A: 22 34 19 21 | 04
#0682-d259 @A: 18 22 01 09 | 01
#0683-d259 @A: 09 23 08 22 | 07
#0684-d259 @A: 14 33 06 04 | 02
#0685-d259 @A: 06 33 23 28 | 08
#0686-d259 @A: 33 10 28 15 | 12
#0687-d259 @A: 33 34 24 19 | 09
#0688-d259 @A: 33 15 18 21 | 06
#0689-d259 @A: 33 18 10 19 | 10
#0690-d259 @A: 13 33 18 08 | 11
#0691-d259 @A: 29 33 10 01 | 05
#0692-d259 @A: 04 06 24 34 | 03
#0693-d259 @A: 06 28 17 19 | 04
#0694-d259 @A: 06 13 02 24 | 01
#0695-d259 @A: 20 34 06 27 | 07
#0696-d259 @A: 08 23 14 06 | 02
#0697-d259 @A: 19 20 06 09 | 08
#0698-d259 @A: 01 28 15 04 | 12
#0699-d259 @A: 21 27 13 04 | 09
#0700-d259 @A: 34 04 18 05 | 06
#0701-d259 @A: 18 04 10 32 | 10
#0702-d259 @A: 15 04 32 29 | 11
#0703-d259 @A: 04 09 23 20 | 05
#0704-d259 @A: 05 28 27 21 | 03
#0705-d259 @A: 05 01 08 28 | 04
#0706-d259 @A: 10 09 28 19 | 01
#0707-d259 @A: 21 20 24 19 | 07
#0708-d259 @A: 01 23 24 29 | 02
#0709-d259 @A: 34 02 18 19 | 08
#0710-d259 @A: 27 23 08 02 | 12
#0711-d259 @A: 27 14 05 02 | 09
#0712-d259 @A: 15 10 02 13 | 06
#0713-d259 @A: 15 29 27 17 | 10
#0714-d259 @A: 13 19 17 27 | 11
#0715-d259 @A: 01 18 14 20 | 05
#0716-d259 @A: 24 10 25 30 | 03
#0717-d259 @A: 25 07 05 19 | 04
#0718-d259 @A: 11 25 24 03 | 01
#0719-d259 @A: 16 25 09 11 | 07
#0720-d259 @A: 34 11 25 14 | 02
#0721-d259 @A: 25 20 03 23 | 08
#0722-d259 @A: 18 25 12 06 | 12
#0723-d259 @A: 26 33 19 25 | 09
#0724-d259 @A: 22 25 13 04 | 06
#0725-d259 @A: 25 20 09 22 | 10
#0726-d259 @A: 28 25 29 04 | 11
#0727-d259 @A: 25 21 18 17 | 05
#0728-d259 @A: 25 27 32 13 | 03
#0729-d259 @A: 25 15 09 29 | 04
#0730-d259 @A: 09 25 08 27 | 01
#0731-d259 @A: 35 26 31 19 | 07
#0732-d259 @A: 14 31 35 24 | 02
#0733-d259 @A: 20 35 17 31 | 08
#0734-d259 @A: 30 32 12 35 | 12
#0735-d259 @A: 04 14 30 35 | 09
#0736-d259 @A: 05 30 35 09 | 06
#0737-d259 @A: 34 35 17 11 | 10
#0738-d259 @A: 26 10 35 16 | 11
#0739-d259 @A: 16 35 28 18 | 05
#0740-d259 @A: 15 35 01 12 | 03
#0741-d259 @A: 35 26 22 09 | 04
#0742-d259 @A: 26 35 04 24 | 01
#0743-d259 @A: 17 14 22 35 | 07
#0744-d259 @A: 34 22 35 01 | 02
#0745-d259 @A: 35 27 19 33 | 08
#0746-d259 @A: 06 35 13 20 | 12
#0747-d259 @A: 21 10 08 35 | 09
#0748-d259 @A: 18 10 27 35 | 06
#0749-d259 @A: 35 01 08 23 | 10
#0750-d259 @A: 31 03 30 27 | 11
#0751-d259 @A: 07 05 12 31 | 05
#0752-d259 @A: 12 31 11 19 | 03
#0753-d259 @A: 11 31 04 18 | 04
#0754-d259 @A: 11 29 28 31 | 01
#0755-d259 @A: 03 32 31 33 | 07
#0756-d259 @A: 16 22 10 31 | 02
#0757-d259 @A: 04 28 16 31 | 08
#0758-d259 @A: 24 31 29 26 | 12
#0759-d259 @A: 10 02 24 31 | 09
#0760-d259 @A: 31 18 34 14 | 06
#0761-d259 @A: 05 31 27 18 | 10
#0762-d259 @A: 18 15 31 10 | 11
#0763-d259 @A: 08 15 31 32 | 05
#0764-d259 @A: 19 29 01 31 | 03
#0765-d259 @A: 27 20 10 31 | 04
#0766-d259 @A: 09 07 30 12 | 01
#0767-d259 @A: 07 30 24 29 | 07
#0768-d259 @A: 24 30 03 01 | 02
#0769-d259 @A: 03 21 02 30 | 08
#0770-d259 @A: 26 24 30 19 | 12
#0771-d259 @A: 33 30 29 28 | 09
#0772-d259 @A: 32 33 01 30 | 06
#0773-d259 @A: 30 28 04 06 | 10
#0774-d259 @A: 21 30 06 01 | 11
#0775-d259 @A: 30 09 24 15 | 05
#0776-d259 @A: 08 30 27 18 | 03
#0777-d259 @A: 09 13 29 30 | 04
#0778-d259 @A: 07 22 03 10 | 01
#0779-d259 @A: 03 14 20 07 | 07
#0780-d259 @A: 07 16 12 32 | 02
#0781-d259 @A: 16 10 07 02 | 08
#0782-d259 @A: 14 07 26 22 | 12
#0783-d259 @A: 04 22 09 07 | 09
#0784-d259 @A: 07 19 28 22 | 06
#0785-d259 @A: 07 28 10 24 | 10
#0786-d259 @A: 02 28 07 08 | 11
#0787-d259 @A: 23 17 01 07 | 05
#0788-d259 @A: 07 21 27 18 | 03
#0789-d259 @A: 08 32 21 07 | 04
#0790-d259 @A: 07 15 23 08 | 01
#0791-d259 @A: 09 07 15 14 | 07
#0792-d259 @A: 26 11 22 23 | 02
#0793-d259 @A: 15 33 11 26 | 08
#0794-d259 @A: 24 11 26 13 | 12
#0795-d259 @A: 21 26 11 32 | 09
#0796-d259 @A: 29 02 11 22 | 06
#0797-d259 @A: 04 11 33 29 | 10
#0798-d259 @A: 24 33 14 11 | 11
#0799-d259 @A: 11 19 33 17 | 05
#0800-d259 @A: 11 24 06 27 | 03
#0801-d259 @A: 11 32 08 06 | 04
#0802-d259 @A: 21 13 14 11 | 01
#0803-d259 @A: 11 34 05 09 | 07
#0804-d259 @A: 23 32 11 05 | 02
#0805-d259 @A: 11 08 14 05 | 08
#0806-d259 @A: 06 01 03 26 | 12
#0807-d259 @A: 13 03 04 33 | 09
#0808-d259 @A: 17 33 18 03 | 06
#0809-d259 @A: 20 03 04 24 | 10
#0810-d259 @A: 02 03 09 28 | 11
#0811-d259 @A: 23 10 05 03 | 05
#0812-d259 @A: 10 16 12 24 | 03
#0813-d259 @A: 04 26 06 16 | 04
#0814-d259 @A: 18 02 26 16 | 01
#0815-d259 @A: 27 26 08 16 | 07
#0816-d259 @A: 06 08 16 24 | 02
#0817-d259 @A: 16 19 10 06 | 08
#0818-d259 @A: 23 16 04 15 | 12
#0819-d259 @A: 24 17 14 16 | 09
#0820-d259 @A: 18 01 16 24 | 06
#0821-d259 @A: 20 16 19 17 | 10
#0822-d259 @A: 10 14 18 16 | 11
#0823-d259 @A: 34 09 16 23 | 05
#0824-d259 @A: 16 13 23 29 | 03
#0825-d259 @A: 14 22 33 12 | 04
#0826-d259 @A: 09 33 28 12 | 01
#0827-d259 @A: 24 12 04 27 | 07
#0828-d259 @A: 01 02 04 12 | 02
#0829-d259 @A: 04 23 29 12 | 08
#0830-d259 @A: 12 05 24 17 | 12
#0831-d259 @A: 24 18 12 32 | 09
#0832-d259 @A: 02 26 19 06 | 06
#0833-d259 @A: 01 24 26 19 | 10
#0834-d259 @A: 09 14 26 18 | 11
#0835-d259 @A: 34 23 26 19 | 05
#0836-d259 @A: 26 05 29 23 | 03
#0837-d259 @A: 20 27 23 26 | 04
#0838-d259 @A: 24 15 22 04 | 01
#0839-d259 @A: 21 17 22 04 | 07
#0840-d259 @A: 28 22 01 24 | 02
#0841-d259 @A: 22 08 14 02 | 08
#0842-d259 @A: 22 17 29 08 | 12
#0843-d259 @A: 34 22 27 08 | 09
#0844-d259 @A: 29 10 22 27 | 06
#0845-d259 @A: 06 33 29 17 | 10
#0846-d259 @A: 13 19 15 33 | 11
#0847-d259 @A: 08 06 04 02 | 05
#0848-d259 @A: 08 01 06 04 | 03
#0849-d259 @A: 24 17 09 06 | 04
#0850-d259 @A: 27 06 14 32 | 01
#0851-d259 @A: 15 05 23 06 | 07
#0852-d259 @A: 29 15 06 19 | 02
#0853-d259 @A: 04 27 05 29 | 08
#0854-d259 @A: 20 28 19 02 | 12
#0855-d259 @A: 32 01 28 27 | 09
#0856-d259 @A: 27 24 34 21 | 06
#0857-d259 @A: 15 24 01 27 | 10
#0858-d259 @A: 32 21 02 15 | 11
#0859-d259 @A: 10 02 21 05 | 05
#0860-d259 @A: 02 08 10 20 | 03
#0861-d259 @A: 01 13 18 17 | 04
#0862-d259 @A: 10 18 17 08 | 01
#0863-d259 @A: 15 17 34 23 | 07
#0864-d259 @A: 05 32 14 17 | 02
#0865-d259 @A: 27 23 17 05 | 08
#0866-d259 @A: 20 21 01 23 | 12
#0867-d259 @A: 14 23 10 01 | 09
#0868-d259 @A: 01 19 09 05 | 06
#0869-d259 @A: 17 09 25 35 | 10
#0870-d259 @A: 01 25 18 35 | 11
#0871-d259 @A: 35 25 08 34 | 05
#0872-d259 @A: 25 22 31 06 | 03
#0873-d259 @A: 25 31 17 10 | 04
#0874-d259 @A: 14 25 31 19 | 01
#0875-d259 @A: 30 07 25 08 | 07
#0876-d259 @A: 25 27 30 06 | 02
#0877-d259 @A: 13 01 25 30 | 08
#0878-d259 @A: 25 06 11 19 | 12
#0879-d259 @A: 33 03 14 25 | 09
#0880-d259 @A: 03 25 04 05 | 06
#0881-d259 @A: 25 10 12 09 | 10
#0882-d259 @A: 26 25 06 34 | 11
#0883-d259 @A: 26 09 24 25 | 05
#0884-d259 @A: 14 11 35 07 | 03
#0885-d259 @A: 34 07 04 35 | 04
#0886-d259 @A: 35 29 01 07 | 01
#0887-d259 @A: 35 03 20 28 | 07
#0888-d259 @A: 35 03 19 17 | 02
#0889-d259 @A: 35 29 09 03 | 08
#0890-d259 @A: 06 27 16 35 | 12
#0891-d259 @A: 35 18 22 12 | 09
#0892-d259 @A: 35 26 32 29 | 06
#0893-d259 @A: 32 34 18 35 | 10
#0894-d259 @A: 20 18 19 35 | 11
#0895-d259 @A: 32 09 35 14 | 05
#0896-d259 @A: 31 04 30 07 | 03
#0897-d259 @A: 16 30 19 31 | 04
#0898-d259 @A: 24 30 31 23 | 01
#0899-d259 @A: 31 06 07 26 | 07
#0900-d259 @A: 05 11 31 26 | 02
#0901-d259 @A: 17 21 11 31 | 08
#0902-d259 @A: 31 02 14 03 | 12
#0903-d259 @A: 33 31 19 02 | 09
#0904-d259 @A: 28 05 10 31 | 06
#0905-d259 @A: 34 27 31 02 | 10
#0906-d259 @A: 19 34 31 20 | 11
#0907-d259 @A: 23 32 20 31 | 05
#0908-d259 @A: 01 15 32 31 | 03
#0909-d259 @A: 30 33 11 18 | 04
#0910-d259 @A: 03 28 30 15 | 01
#0911-d259 @A: 10 30 17 03 | 07
#0912-d259 @A: 30 16 33 09 | 02
#0913-d259 @A: 30 08 17 16 | 08
#0914-d259 @A: 05 21 16 30 | 12
#0915-d259 @A: 26 23 02 30 | 09
#0916-d259 @A: 04 30 02 34 | 06
#0917-d259 @A: 09 19 32 30 | 10
#0918-d259 @A: 14 23 13 30 | 11
#0919-d259 @A: 14 07 16 34 | 05
#0920-d259 @A: 07 05 22 02 | 03
#0921-d259 @A: 02 07 24 15 | 04
#0922-d259 @A: 07 15 05 10 | 01
#0923-d259 @A: 09 07 20 27 | 07
#0924-d259 @A: 01 11 12 03 | 02
#0925-d259 @A: 33 22 11 03 | 08
#0926-d259 @A: 16 14 26 11 | 12
#0927-d259 @A: 12 26 11 09 | 09
#0928-d259 @A: 11 04 13 28 | 06
#0929-d259 @A: 04 01 24 11 | 10
#0930-d259 @A: 34 23 11 24 | 11
#0931-d259 @A: 17 11 13 05 | 05
#0932-d259 @A: 34 01 29 11 | 03
#0933-d259 @A: 10 03 33 16 | 04
#0934-d259 @A: 04 03 08 16 | 01
#0935-d259 @A: 12 03 27 23 | 07
#0936-d259 @A: 33 15 24 03 | 02
#0937-d259 @A: 10 24 03 06 | 08
#0938-d259 @A: 13 17 03 28 | 12
#0939-d259 @A: 24 03 13 27 | 09
#0940-d259 @A: 34 32 03 08 | 06
#0941-d259 @A: 14 34 05 03 | 10
#0942-d259 @A: 01 03 13 34 | 11
#0943-d259 @A: 09 27 05 03 | 05
#0944-d259 @A: 28 12 08 16 | 03
#0945-d259 @A: 16 14 22 04 | 04
#0946-d259 @A: 02 06 16 01 | 01
#0947-d259 @A: 13 06 18 16 | 07
#0948-d259 @A: 32 16 34 10 | 02
#0949-d259 @A: 23 16 20 14 | 08
#0950-d259 @A: 28 12 29 22 | 12
#0951-d259 @A: 20 12 22 17 | 09
#0952-d259 @A: 12 18 33 04 | 06
#0953-d259 @A: 02 15 12 06 | 10
#0954-d259 @A: 21 02 24 12 | 11
#0955-d259 @A: 14 05 12 21 | 05
#0956-d259 @A: 05 12 09 18 | 03
#0957-d259 @A: 06 22 26 08 | 04
#0958-d259 @A: 28 10 26 06 | 01
#0959-d259 @A: 17 06 23 26 | 07
#0960-d259 @A: 18 19 26 15 | 02
#0961-d259 @A: 09 10 01 26 | 08
#0962-d259 @A: 06 09 13 22 | 12
#0963-d259 @A: 22 28 04 32 | 09
#0964-d259 @A: 02 22 09 24 | 06
#0965-d259 @A: 13 24 10 22 | 10
#0966-d259 @A: 22 32 23 21 | 11
#0967-d259 @A: 13 05 08 22 | 05
#0968-d259 @A: 19 22 08 10 | 03
#0969-d259 @A: 29 01 27 22 | 04
#0970-d259 @A: 33 01 15 17 | 01
#0971-d259 @A: 20 33 18 27 | 07
#0972-d259 @A: 32 20 29 33 | 02
#0973-d259 @A: 18 06 28 01 | 08
#0974-d259 @A: 23 10 06 02 | 12
#0975-d259 @A: 05 06 29 10 | 09
#0976-d259 @A: 06 08 27 29 | 06
#0977-d259 @A: 04 14 15 28 | 10
#0978-d259 @A: 14 23 05 04 | 11
#0979-d259 @A: 05 04 10 01 | 05
#0980-d259 @A: 20 04 15 08 | 03
#0981-d259 @A: 10 23 28 20 | 04
#0982-d259 @A: 05 08 21 24 | 01
#0983-d259 @A: 32 27 24 15 | 07
#0984-d259 @A: 24 09 01 08 | 02
#0985-d259 @A: 32 18 08 02 | 08
#0986-d259 @A: 17 21 27 08 | 12
#0987-d259 @A: 08 13 17 23 | 09
#0988-d259 @A: 09 05 17 10 | 06
#0989-d259 @A: 32 34 08 01 | 10
#0990-d259 @A: 33 25 35 22 | 11
#0991-d259 @A: 01 20 25 31 | 05
#0992-d259 @A: 16 34 30 25 | 03
#0993-d259 @A: 26 30 29 25 | 04
#0994-d259 @A: 25 17 05 30 | 01
#0995-d259 @A: 18 07 22 25 | 07
#0996-d259 @A: 25 17 14 07 | 02
#0997-d259 @A: 25 11 27 04 | 08
#0998-d259 @A: 29 25 03 06 | 12
#0999-d259 @A: 16 25 15 22 | 09
#1000-d259 @A: 25 17 16 32 | 06
#1001-d259 @A: 28 32 12 25 | 10
#1002-d259 @A: 12 25 13 21 | 11
#1003-d259 @A: 02 26 27 25 | 05
#1004-d259 @A: 32 22 25 02 | 03
#1005-d259 @A: 01 17 22 25 | 04
#1006-d259 @A: 25 20 17 06 | 01
#1007-d259 @A: 25 06 09 14 | 07
#1008-d259 @A: 17 25 08 28 | 02
#1009-d259 @A: 17 24 34 25 | 08
#1010-d259 @A: 21 29 25 02 | 12
#1011-d259 @A: 25 09 21 19 | 09
#1012-d259 @A: 18 27 23 25 | 06
#1013-d259 @A: 19 32 25 15 | 10
#1014-d259 @A: 29 25 32 10 | 11
#1015-d259 @A: 25 15 27 10 | 05
#1016-d259 @A: 06 31 35 23 | 03
#1017-d259 @A: 08 03 35 30 | 04
#1018-d259 @A: 24 30 35 16 | 01
#1019-d259 @A: 35 34 22 30 | 07
#1020-d259 @A: 35 27 28 30 | 02
#1021-d259 @A: 33 32 35 07 | 08
#1022-d259 @A: 33 35 05 11 | 12
#1023-d259 @A: 35 02 27 11 | 09
#1024-d259 @A: 20 35 11 09 | 06
#1025-d259 @A: 03 14 16 35 | 10
#1026-d259 @A: 35 33 12 03 | 11
#1027-d259 @A: 33 24 29 35 | 05
#1028-d259 @A: 28 06 35 32 | 03
#1029-d259 @A: 17 10 35 24 | 04
#1030-d259 @A: 35 24 13 01 | 01
#1031-d259 @A: 17 01 10 35 | 07
#1032-d259 @A: 23 14 35 34 | 02
#1033-d259 @A: 34 05 27 35 | 08
#1034-d259 @A: 23 32 15 35 | 12
#1035-d259 @A: 07 31 03 08 | 09
#1036-d259 @A: 21 20 31 07 | 06
#1037-d259 @A: 23 17 31 03 | 10
#1038-d259 @A: 03 18 01 31 | 11
#1039-d259 @A: 02 05 16 31 | 05
#1040-d259 @A: 24 06 19 31 | 03
#1041-d259 @A: 31 06 17 15 | 04
#1042-d259 @A: 04 23 31 13 | 01
#1043-d259 @A: 31 27 28 17 | 07
#1044-d259 @A: 23 14 31 28 | 02
#1045-d259 @A: 21 29 27 31 | 08
#1046-d259 @A: 19 31 05 13 | 12
#1047-d259 @A: 03 26 05 30 | 09
#1048-d259 @A: 03 30 04 23 | 06
#1049-d259 @A: 26 21 12 30 | 10
#1050-d259 @A: 32 26 04 30 | 11
#1051-d259 @A: 28 08 22 30 | 05
#1052-d259 @A: 02 06 30 29 | 03
#1053-d259 @A: 05 06 30 18 | 04
#1054-d259 @A: 30 24 04 05 | 01
#1055-d259 @A: 18 09 04 30 | 07
#1056-d259 @A: 28 24 30 14 | 02
#1057-d259 @A: 02 28 30 05 | 08
#1058-d259 @A: 19 23 05 30 | 12
#1059-d259 @A: 27 30 29 23 | 09
#1060-d259 @A: 03 26 07 18 | 06
#1061-d259 @A: 32 07 01 16 | 10
#1062-d259 @A: 04 07 14 29 | 11
#1063-d259 @A: 07 34 10 21 | 05
#1064-d259 @A: 29 15 34 07 | 03
#1065-d259 @A: 05 27 07 32 | 04
#1066-d259 @A: 07 29 32 19 | 01
#1067-d259 @A: 07 32 10 09 | 07
#1068-d259 @A: 16 11 03 18 | 02
#1069-d259 @A: 11 17 10 26 | 08
#1070-d259 @A: 13 27 10 11 | 12
#1071-d259 @A: 32 16 03 29 | 09
#1072-d259 @A: 19 22 26 03 | 06
#1073-d259 @A: 02 22 03 17 | 10
#1074-d259 @A: 29 03 10 28 | 11
#1075-d259 @A: 03 01 02 09 | 05
#1076-d259 @A: 09 03 13 34 | 03
#1077-d259 @A: 29 02 16 12 | 04
#1078-d259 @A: 23 26 24 16 | 01
#1079-d259 @A: 26 29 17 16 | 07
#1080-d259 @A: 26 01 16 14 | 02
#1081-d259 @A: 13 04 16 32 | 08
#1082-d259 @A: 19 02 09 16 | 12
#1083-d259 @A: 27 23 16 10 | 09
#1084-d259 @A: 04 22 26 12 | 06
#1085-d259 @A: 12 27 09 22 | 10
#1086-d259 @A: 14 12 06 28 | 11
#1087-d259 @A: 14 29 19 12 | 05
#1088-d259 @A: 28 01 26 33 | 03
#1089-d259 @A: 02 04 26 15 | 04
#1090-d259 @A: 17 26 19 09 | 01
#1091-d259 @A: 21 26 01 15 | 07
#1092-d259 @A: 09 26 10 27 | 02
#1093-d259 @A: 06 22 20 04 | 08
#1094-d259 @A: 17 22 05 28 | 12
#1095-d259 @A: 28 22 34 18 | 09
#1096-d259 @A: 18 10 20 22 | 06
#1097-d259 @A: 15 22 34 32 | 10
#1098-d259 @A: 22 32 19 14 | 11
#1099-d259 @A: 10 01 22 13 | 05
#1100-d259 @A: 06 24 05 33 | 03
#1101-d259 @A: 09 06 33 01 | 04
#1102-d259 @A: 04 17 33 09 | 01
#1103-d259 @A: 08 32 19 33 | 07
#1104-d259 @A: 09 33 20 13 | 02
#1105-d259 @A: 04 06 09 29 | 08
#1106-d259 @A: 06 29 32 21 | 12
#1107-d259 @A: 18 06 14 19 | 09
#1108-d259 @A: 06 34 23 13 | 06
#1109-d259 @A: 27 04 28 20 | 10
#1110-d259 @A: 29 04 10 08 | 11
#1111-d259 @A: 32 28 20 17 | 05
#1112-d259 @A: 34 32 28 23 | 03
#1113-d259 @A: 28 08 34 05 | 04
#1114-d259 @A: 14 34 28 19 | 01
#1115-d259 @A: 34 28 20 09 | 07
#1116-d259 @A: 10 08 28 32 | 02
#1117-d259 @A: 23 29 08 28 | 08
#1118-d259 @A: 09 20 24 18 | 12
#1119-d259 @A: 24 14 10 34 | 09
#1120-d259 @A: 14 13 29 24 | 06
#1121-d259 @A: 17 32 02 34 | 10
#1122-d259 @A: 17 09 23 02 | 11
#1123-d259 @A: 32 29 02 27 | 05
#1124-d259 @A: 02 27 19 15 | 03
#1125-d259 @A: 15 02 13 01 | 04
#1126-d259 @A: 17 14 19 15 | 01
#1127-d259 @A: 08 32 10 01 | 07
#1128-d259 @A: 09 29 15 01 | 02
#1129-d259 @A: 10 25 35 06 | 08
#1130-d259 @A: 25 02 20 35 | 12
#1131-d259 @A: 18 25 30 31 | 09
#1132-d259 @A: 07 06 01 25 | 06
#1133-d259 @A: 03 25 26 08 | 10
#1134-d259 @A: 19 22 25 27 | 11
#1135-d259 @A: 25 19 04 17 | 05
#1136-d259 @A: 14 25 24 27 | 03
#1137-d259 @A: 05 14 13 25 | 04
#1138-d259 @A: 09 31 35 01 | 01
#1139-d259 @A: 07 22 23 35 | 07
#1140-d259 @A: 35 21 03 26 | 02
#1141-d259 @A: 35 03 27 04 | 08
#1142-d259 @A: 13 03 35 23 | 12
#1143-d259 @A: 23 08 35 16 | 09
#1144-d259 @A: 17 35 12 21 | 06
#1145-d259 @A: 35 02 05 26 | 10
#1146-d259 @A: 35 15 04 33 | 11
#1147-d259 @A: 35 29 21 13 | 05
#1148-d259 @A: 10 35 15 34 | 03
#1149-d259 @A: 27 08 32 35 | 04
#1150-d259 @A: 02 09 07 31 | 01
#1151-d259 @A: 03 31 06 09 | 07
#1152-d259 @A: 03 19 31 28 | 02
#1153-d259 @A: 16 06 34 31 | 08
#1154-d259 @A: 15 31 16 21 | 12
#1155-d259 @A: 08 18 31 16 | 09
#1156-d259 @A: 12 31 22 21 | 06
#1157-d259 @A: 22 26 32 31 | 10
#1158-d259 @A: 27 33 31 26 | 11
#1159-d259 @A: 18 20 31 26 | 05
#1160-d259 @A: 26 31 10 14 | 03
#1161-d259 @A: 09 31 22 28 | 04
#1162-d259 @A: 22 02 31 13 | 01
#1163-d259 @A: 01 21 22 31 | 07
#1164-d259 @A: 04 20 31 33 | 02
#1165-d259 @A: 18 33 28 31 | 08
#1166-d259 @A: 28 24 31 08 | 12
#1167-d259 @A: 31 15 34 05 | 09
#1168-d259 @A: 32 31 19 10 | 06
#1169-d259 @A: 30 22 23 16 | 10
#1170-d259 @A: 14 26 33 30 | 11
#1171-d259 @A: 04 30 10 22 | 05
#1172-d259 @A: 08 06 13 30 | 03
#1173-d259 @A: 23 17 32 30 | 04
#1174-d259 @A: 14 21 30 34 | 01
#1175-d259 @A: 27 30 34 09 | 07
#1176-d259 @A: 10 30 14 05 | 02
#1177-d259 @A: 30 20 08 09 | 08
#1178-d259 @A: 11 07 03 29 | 12
#1179-d259 @A: 07 11 16 13 | 09
#1180-d259 @A: 34 26 11 07 | 06
#1181-d259 @A: 11 04 07 20 | 10
#1182-d259 @A: 07 12 19 26 | 11
#1183-d259 @A: 21 07 26 05 | 05
#1184-d259 @A: 07 09 23 26 | 03
#1185-d259 @A: 22 13 07 33 | 04
#1186-d259 @A: 07 19 33 06 | 01
#1187-d259 @A: 20 33 17 07 | 07
#1188-d259 @A: 07 04 10 06 | 02
#1189-d259 @A: 21 07 01 24 | 08
#1190-d259 @A: 07 14 18 23 | 12
#1191-d259 @A: 07 14 10 08 | 09
#1192-d259 @A: 11 22 16 19 | 06
#1193-d259 @A: 11 22 04 34 | 10
#1194-d259 @A: 11 20 21 22 | 11
#1195-d259 @A: 01 11 22 32 | 05
#1196-d259 @A: 06 17 18 11 | 03
#1197-d259 @A: 15 18 11 08 | 04
#1198-d259 @A: 34 32 29 11 | 01
#1199-d259 @A: 23 11 14 27 | 07
#1200-d259 @A: 20 11 05 27 | 02
#1201-d259 @A: 26 16 20 03 | 08
#1202-d259 @A: 09 03 33 26 | 12
#1203-d259 @A: 06 03 23 22 | 09
#1204-d259 @A: 23 22 01 03 | 06
#1205-d259 @A: 20 06 02 03 | 10
#1206-d259 @A: 23 14 24 03 | 11
#1207-d259 @A: 02 15 18 03 | 05
#1208-d259 @A: 27 12 17 16 | 03
#1209-d259 @A: 18 16 22 17 | 04
#1210-d259 @A: 34 33 16 04 | 01
#1211-d259 @A: 02 16 33 23 | 07
#1212-d259 @A: 29 16 21 20 | 02
#1213-d259 @A: 19 16 05 29 | 08
#1214-d259 @A: 16 01 15 20 | 12
#1215-d259 @A: 12 08 26 01 | 09
#1216-d259 @A: 27 12 02 33 | 06
#1217-d259 @A: 12 23 33 17 | 10
#1218-d259 @A: 12 06 17 34 | 11
#1219-d259 @A: 15 12 17 04 | 05
#1220-d259 @A: 21 29 18 12 | 03
#1221-d259 @A: 32 12 34 13 | 04
#1222-d259 @A: 15 34 09 12 | 01
#1223-d259 @A: 20 19 12 08 | 07
#1224-d259 @A: 22 02 26 01 | 02
#1225-d259 @A: 04 26 17 05 | 08
#1226-d259 @A: 28 26 27 24 | 12
#1227-d259 @A: 15 34 26 13 | 09
#1228-d259 @A: 15 14 26 23 | 06
#1229-d259 @A: 26 01 29 14 | 10
#1230-d259 @A: 06 22 02 21 | 11
#1231-d259 @A: 32 18 29 22 | 05
#1232-d259 @A: 29 34 22 13 | 03
#1233-d259 @A: 27 20 22 15 | 04
#1234-d259 @A: 09 18 33 32 | 01
#1235-d259 @A: 13 33 01 05 | 07
#1236-d259 @A: 05 33 27 08 | 02
#1237-d259 @A: 02 32 06 01 | 08
#1238-d259 @A: 06 10 17 27 | 12
#1239-d259 @A: 06 32 13 15 | 09
#1240-d259 @A: 17 28 02 04 | 06
#1241-d259 @A: 18 21 23 04 | 10
#1242-d259 @A: 18 04 01 05 | 11
#1243-d259 @A: 04 13 18 19 | 05
#1244-d259 @A: 04 09 34 32 | 03
#1245-d259 @A: 19 32 04 20 | 04
#1246-d259 @A: 09 19 04 27 | 01
#1247-d259 @A: 27 14 08 04 | 07
#1248-d259 @A: 10 01 21 28 | 02
#1249-d259 @A: 28 18 19 23 | 08
#1250-d259 @A: 18 14 27 28 | 12
#1251-d259 @A: 13 05 28 32 | 09
#1252-d259 @A: 15 13 28 23 | 06
#1253-d259 @A: 15 08 28 27 | 10
#1254-d259 @A: 23 24 21 15 | 11
#1255-d259 @A: 24 08 13 32 | 05
#1256-d259 @A: 14 24 20 32 | 03
#1257-d259 @A: 05 23 24 09 | 04
#1258-d259 @A: 27 08 10 24 | 01
#1259-d259 @A: 20 29 24 27 | 07
#1260-d259 @A: 02 19 05 32 | 02
#1261-d259 @A: 14 10 02 32 | 08
#1262-d259 @A: 05 34 17 21 | 12
#1263-d259 @A: 21 14 17 23 | 09
#1264-d259 @A: 17 29 34 18 | 06
#1265-d259 @A: 19 17 23 29 | 10
#1266-d259 @A: 01 32 21 14 | 11
#1267-d259 @A: 25 07 27 35 | 05
#1268-d259 @A: 04 25 23 35 | 03
#1269-d259 @A: 04 31 25 09 | 04
#1270-d259 @A: 14 25 30 22 | 01
#1271-d259 @A: 10 26 07 25 | 07
#1272-d259 @A: 21 07 06 25 | 02
#1273-d259 @A: 25 20 11 28 | 08
#1274-d259 @A: 08 11 10 25 | 12
#1275-d259 @A: 25 24 13 16 | 09
#1276-d259 @A: 34 04 12 25 | 06
#1277-d259 @A: 01 25 12 19 | 10
#1278-d259 @A: 04 25 20 26 | 11
#1279-d259 @A: 33 25 06 08 | 05
#1280-d259 @A: 27 28 25 33 | 03
#1281-d259 @A: 05 25 09 28 | 04
#1282-d259 @A: 15 24 20 25 | 01
#1283-d259 @A: 05 21 15 25 | 07
#1284-d259 @A: 21 08 25 14 | 02
#1285-d259 @A: 18 25 09 34 | 08
#1286-d259 @A: 05 25 18 10 | 12
#1287-d259 @A: 10 25 19 13 | 09
#1288-d259 @A: 25 19 20 29 | 06
#1289-d259 @A: 05 35 01 30 | 10
#1290-d259 @A: 28 07 09 35 | 11
#1291-d259 @A: 32 35 03 02 | 05
#1292-d259 @A: 22 16 20 35 | 03
#1293-d259 @A: 19 28 12 35 | 04
#1294-d259 @A: 29 22 35 04 | 01
#1295-d259 @A: 28 35 10 04 | 07
#1296-d259 @A: 20 05 35 23 | 02
#1297-d259 @A: 10 35 23 29 | 08
#1298-d259 @A: 27 14 35 20 | 12
#1299-d259 @A: 28 26 31 30 | 09
#1300-d259 @A: 01 30 26 31 | 06
#1301-d259 @A: 31 30 29 15 | 10
#1302-d259 @A: 33 07 14 31 | 11
#1303-d259 @A: 07 31 28 34 | 05
#1304-d259 @A: 31 24 27 07 | 03
#1305-d259 @A: 07 01 34 31 | 04
#1306-d259 @A: 11 06 31 33 | 01
#1307-d259 @A: 11 23 08 31 | 07
#1308-d259 @A: 31 18 12 03 | 02
#1309-d259 @A: 04 03 15 31 | 08
#1310-d259 @A: 33 31 08 12 | 12
#1311-d259 @A: 31 09 12 24 | 09
#1312-d259 @A: 22 34 31 24 | 06
#1313-d259 @A: 18 24 31 17 | 10
#1314-d259 @A: 19 31 18 29 | 11
#1315-d259 @A: 32 03 30 11 | 05
#1316-d259 @A: 16 10 11 30 | 03
#1317-d259 @A: 13 30 22 11 | 04
#1318-d259 @A: 20 28 16 30 | 01
#1319-d259 @A: 16 02 30 14 | 07
#1320-d259 @A: 30 22 12 06 | 02
#1321-d259 @A: 12 33 30 05 | 08
#1322-d259 @A: 30 02 12 08 | 12
#1323-d259 @A: 27 30 13 26 | 09
#1324-d259 @A: 06 24 20 30 | 06
#1325-d259 @A: 06 30 15 14 | 10
#1326-d259 @A: 11 07 28 33 | 11
#1327-d259 @A: 19 13 03 07 | 05
#1328-d259 @A: 33 07 12 21 | 03
#1329-d259 @A: 27 07 01 12 | 04
#1330-d259 @A: 26 07 13 29 | 01
#1331-d259 @A: 33 15 27 07 | 07
#1332-d259 @A: 06 07 14 02 | 02
#1333-d259 @A: 28 07 23 04 | 08
#1334-d259 @A: 24 34 13 07 | 12
#1335-d259 @A: 07 23 21 29 | 09
#1336-d259 @A: 23 05 13 07 | 06
#1337-d259 @A: 20 19 23 07 | 10
#1338-d259 @A: 27 08 07 13 | 11
#1339-d259 @A: 03 11 02 23 | 05
#1340-d259 @A: 33 12 13 11 | 03
#1341-d259 @A: 12 11 15 28 | 04
#1342-d259 @A: 23 11 06 04 | 01
#1343-d259 @A: 32 04 02 11 | 07
#1344-d259 @A: 28 14 02 11 | 02
#1345-d259 @A: 18 10 28 11 | 08
#1346-d259 @A: 24 11 17 02 | 12
#1347-d259 @A: 11 15 01 08 | 09
#1348-d259 @A: 12 22 13 03 | 06
#1349-d259 @A: 06 15 26 03 | 10
#1350-d259 @A: 03 34 26 24 | 11
#1351-d259 @A: 34 03 20 22 | 05
#1352-d259 @A: 03 27 22 32 | 03
#1353-d259 @A: 28 05 03 33 | 04
#1354-d259 @A: 28 34 04 03 | 01
#1355-d259 @A: 21 27 10 03 | 07
#1356-d259 @A: 15 23 09 03 | 02
#1357-d259 @A: 03 29 08 14 | 08
#1358-d259 @A: 26 15 32 16 | 12
#1359-d259 @A: 16 33 32 22 | 09
#1360-d259 @A: 16 24 02 32 | 06
#1361-d259 @A: 14 19 16 13 | 10
#1362-d259 @A: 26 12 17 18 | 11
#1363-d259 @A: 12 22 32 10 | 05
#1364-d259 @A: 12 20 06 29 | 03
#1365-d259 @A: 02 12 09 04 | 04
#1366-d259 @A: 27 18 19 12 | 01
#1367-d259 @A: 23 01 12 32 | 07
#1368-d259 @A: 08 23 12 05 | 02
#1369-d259 @A: 12 23 15 20 | 08
#1370-d259 @A: 23 33 26 04 | 12
#1371-d259 @A: 26 21 08 28 | 09
#1372-d259 @A: 24 17 20 26 | 06
#1373-d259 @A: 26 10 24 15 | 10
#1374-d259 @A: 13 19 26 32 | 11
#1375-d259 @A: 32 20 26 09 | 05
#1376-d259 @A: 14 05 26 19 | 03
#1377-d259 @A: 22 19 04 01 | 04
#1378-d259 @A: 15 21 22 13 | 01
#1379-d259 @A: 22 10 14 23 | 07
#1380-d259 @A: 22 29 23 20 | 02
#1381-d259 @A: 14 22 29 15 | 08
#1382-d259 @A: 14 02 13 33 | 12
#1383-d259 @A: 34 33 27 13 | 09
#1384-d259 @A: 28 06 02 27 | 06
#1385-d259 @A: 21 34 28 06 | 10
#1386-d259 @A: 18 10 21 06 | 11
#1387-d259 @A: 18 20 06 08 | 05
#1388-d259 @A: 10 32 20 06 | 03
#1389-d259 @A: 05 06 19 08 | 04
#1390-d259 @A: 05 13 27 06 | 01
#1391-d259 @A: 13 09 04 24 | 07
#1392-d259 @A: 15 21 10 04 | 02
#1393-d259 @A: 20 28 18 15 | 08
#1394-d259 @A: 01 14 34 28 | 12
#1395-d259 @A: 13 08 28 19 | 09
#1396-d259 @A: 24 09 21 14 | 06
#1397-d259 @A: 08 18 24 34 | 10
#1398-d259 @A: 24 13 23 19 | 11
#1399-d259 @A: 29 02 17 05 | 05
#1400-d259 @A: 02 10 34 29 | 03
#1401-d259 @A: 20 02 10 01 | 04
#1402-d259 @A: 21 17 09 15 | 01
#1403-d259 @A: 17 27 32 18 | 07
#1404-d259 @A: 34 19 08 17 | 02
#1405-d259 @A: 17 32 01 29 | 08
#1406-d259 @A: 17 20 15 13 | 12
#1407-d259 @A: 09 01 20 21 | 09
#1408-d259 @A: 12 35 25 11 | 06
#1409-d259 @A: 18 25 03 35 | 10
#1410-d259 @A: 35 14 25 28 | 11
#1411-d259 @A: 13 31 07 25 | 05
#1412-d259 @A: 05 31 24 25 | 03
#1413-d259 @A: 07 04 32 25 | 04
#1414-d259 @A: 25 18 26 11 | 01
#1415-d259 @A: 11 22 05 25 | 07
#1416-d259 @A: 16 25 04 18 | 02
#1417-d259 @A: 25 28 10 16 | 08
#1418-d259 @A: 25 24 22 29 | 12
#1419-d259 @A: 17 23 22 25 | 09
#1420-d259 @A: 18 33 25 02 | 06
#1421-d259 @A: 25 15 34 28 | 10
#1422-d259 @A: 15 25 14 18 | 11
#1423-d259 @A: 02 35 08 31 | 05
#1424-d259 @A: 12 35 07 10 | 03
#1425-d259 @A: 35 07 13 17 | 04
#1426-d259 @A: 35 04 11 21 | 01
#1427-d259 @A: 32 10 35 11 | 07
#1428-d259 @A: 32 22 35 13 | 02
#1429-d259 @A: 04 13 02 35 | 08
#1430-d259 @A: 35 27 09 24 | 12
#1431-d259 @A: 35 18 15 17 | 09
#1432-d259 @A: 18 35 23 09 | 06
#1433-d259 @A: 35 29 20 15 | 10
#1434-d259 @A: 10 35 13 09 | 11
#1435-d259 @A: 30 08 31 05 | 05
#1436-d259 @A: 07 17 31 32 | 03
#1437-d259 @A: 31 29 03 20 | 04
#1438-d259 @A: 31 26 16 09 | 01
#1439-d259 @A: 31 23 22 18 | 07
#1440-d259 @A: 18 31 06 02 | 02
#1441-d259 @A: 31 08 21 06 | 08
#1442-d259 @A: 04 31 21 19 | 12
#1443-d259 @A: 02 32 31 28 | 09
#1444-d259 @A: 23 15 31 27 | 06
#1445-d259 @A: 09 19 23 31 | 10
#1446-d259 @A: 01 31 14 05 | 11
#1447-d259 @A: 14 13 31 27 | 05
#1448-d259 @A: 14 08 09 31 | 03
#1449-d259 @A: 21 22 07 30 | 04
#1450-d259 @A: 30 34 11 28 | 01
#1451-d259 @A: 03 29 30 22 | 07
#1452-d259 @A: 22 30 01 16 | 02
#1453-d259 @A: 30 32 06 16 | 08
#1454-d259 @A: 12 04 13 30 | 12
#1455-d259 @A: 18 12 30 10 | 09
#1456-d259 @A: 12 10 30 01 | 06
#1457-d259 @A: 30 04 33 08 | 10
#1458-d259 @A: 32 02 20 30 | 11
#1459-d259 @A: 30 19 15 21 | 05
#1460-d259 @A: 30 20 34 23 | 03
#1461-d259 @A: 10 34 30 19 | 04
#1462-d259 @A: 20 27 19 30 | 01
#1463-d259 @A: 08 01 20 30 | 07
#1464-d259 @A: 07 24 09 03 | 02
#1465-d259 @A: 16 04 19 07 | 08
#1466-d259 @A: 20 07 12 02 | 12
#1467-d259 @A: 20 07 24 22 | 09
#1468-d259 @A: 07 01 19 18 | 06
#1469-d259 @A: 07 09 08 18 | 10
#1470-d259 @A: 07 34 27 23 | 11
#1471-d259 @A: 07 05 09 29 | 05
#1472-d259 @A: 07 14 01 13 | 03
#1473-d259 @A: 20 08 29 07 | 04
#1474-d259 @A: 28 08 03 11 | 01
#1475-d259 @A: 16 15 06 11 | 07
#1476-d259 @A: 11 02 09 33 | 02
#1477-d259 @A: 01 19 28 11 | 08
#1478-d259 @A: 02 11 15 05 | 12
#1479-d259 @A: 13 19 11 34 | 09
#1480-d259 @A: 28 27 16 03 | 06
#1481-d259 @A: 12 03 08 06 | 10
#1482-d259 @A: 04 02 19 03 | 11
#1483-d259 @A: 18 20 13 03 | 05
#1484-d259 @A: 03 08 23 19 | 03
#1485-d259 @A: 20 03 19 05 | 04
#1486-d259 @A: 03 15 13 14 | 01
#1487-d259 @A: 27 01 03 10 | 07
#1488-d259 @A: 12 21 01 16 | 02
#1489-d259 @A: 33 27 21 16 | 08
#1490-d259 @A: 24 16 29 04 | 12
#1491-d259 @A: 04 16 17 10 | 09
#1492-d259 @A: 28 16 02 15 | 06
#1493-d259 @A: 17 16 28 21 | 10
#1494-d259 @A: 13 10 21 16 | 11
#1495-d259 @A: 34 20 18 16 | 05
#1496-d259 @A: 12 26 34 28 | 03
#1497-d259 @A: 12 02 22 19 | 04
#1498-d259 @A: 34 23 22 12 | 01
#1499-d259 @A: 32 33 15 12 | 07
#1500-d259 @A: 04 06 19 12 | 02
#1501-d259 @A: 20 12 28 24 | 08
#1502-d259 @A: 13 29 12 08 | 12
#1503-d259 @A: 33 26 32 28 | 09
#1504-d259 @A: 26 02 28 13 | 06
#1505-d259 @A: 13 23 26 21 | 10
#1506-d259 @A: 26 23 18 08 | 11
#1507-d259 @A: 34 26 32 27 | 05
#1508-d259 @A: 27 26 05 15 | 03
#1509-d259 @A: 09 26 15 08 | 04
#1510-d259 @A: 04 33 27 22 | 01
#1511-d259 @A: 22 01 33 20 | 07
#1512-d259 @A: 05 04 22 19 | 02
#1513-d259 @A: 23 24 22 28 | 08
#1514-d259 @A: 19 04 33 28 | 12
#1515-d259 @A: 01 04 33 14 | 09
#1516-d259 @A: 33 20 24 02 | 06
#1517-d259 @A: 21 33 08 20 | 10
#1518-d259 @A: 18 33 23 34 | 11
#1519-d259 @A: 05 04 06 32 | 05
#1520-d259 @A: 28 06 29 24 | 03
#1521-d259 @A: 06 27 09 18 | 04
#1522-d259 @A: 06 14 34 29 | 01
#1523-d259 @A: 21 24 28 04 | 07
#1524-d259 @A: 04 08 28 18 | 02
#1525-d259 @A: 17 24 23 04 | 08
#1526-d259 @A: 09 10 14 04 | 12
#1527-d259 @A: 28 02 24 34 | 09
#1528-d259 @A: 28 19 21 29 | 06
#1529-d259 @A: 27 28 34 10 | 10
#1530-d259 @A: 28 19 32 27 | 11
#1531-d259 @A: 27 29 13 28 | 05
#1532-d259 @A: 02 05 01 24 | 03
#1533-d259 @A: 08 24 02 29 | 04
#1534-d259 @A: 24 21 13 18 | 01
#1535-d259 @A: 10 32 21 24 | 07
#1536-d259 @A: 23 24 32 29 | 02
#1537-d259 @A: 02 17 10 19 | 08
#1538-d259 @A: 21 14 20 02 | 12
#1539-d259 @A: 13 32 02 09 | 09
#1540-d259 @A: 01 02 14 08 | 06
#1541-d259 @A: 17 32 10 15 | 10
#1542-d259 @A: 14 17 09 27 | 11
#1543-d259 @A: 35 15 25 30 | 05
#1544-d259 @A: 25 05 35 32 | 03
#1545-d259 @A: 25 31 21 28 | 04
#1546-d259 @A: 15 25 31 02 | 01
#1547-d259 @A: 31 25 08 20 | 07
#1548-d259 @A: 23 30 25 11 | 02
#1549-d259 @A: 30 21 25 04 | 08
#1550-d259 @A: 25 28 03 07 | 12
#1551-d259 @A: 11 25 02 13 | 09
#1552-d259 @A: 25 17 11 29 | 06
#1553-d259 @A: 33 25 01 03 | 10
#1554-d259 @A: 15 25 04 06 | 11
#1555-d259 @A: 25 06 05 02 | 05
#1556-d259 @A: 25 01 02 28 | 03
#1557-d259 @A: 02 24 19 25 | 04
#1558-d259 @A: 21 25 20 27 | 01
#1559-d259 @A: 25 29 18 13 | 07
#1560-d259 @A: 15 31 28 35 | 02
#1561-d259 @A: 07 35 20 30 | 08
#1562-d259 @A: 35 26 30 18 | 12
#1563-d259 @A: 35 30 10 02 | 09
#1564-d259 @A: 21 35 01 03 | 06
#1565-d259 @A: 16 17 05 35 | 10
#1566-d259 @A: 35 06 12 05 | 11
#1567-d259 @A: 08 35 12 09 | 05
#1568-d259 @A: 26 17 27 35 | 03
#1569-d259 @A: 10 20 35 33 | 04
#1570-d259 @A: 04 17 35 32 | 01
#1571-d259 @A: 28 01 35 20 | 07
#1572-d259 @A: 24 19 35 32 | 02
#1573-d259 @A: 35 21 02 18 | 08
#1574-d259 @A: 08 13 35 14 | 12
#1575-d259 @A: 34 11 03 31 | 09
#1576-d259 @A: 14 11 22 31 | 06
#1577-d259 @A: 31 26 13 03 | 10
#1578-d259 @A: 22 08 31 04 | 11
#1579-d259 @A: 20 28 31 06 | 05
#1580-d259 @A: 04 31 17 14 | 03
#1581-d259 @A: 01 24 10 31 | 04
#1582-d259 @A: 13 08 31 10 | 01
#1583-d259 @A: 30 33 07 10 | 07
#1584-d259 @A: 07 30 18 19 | 02
#1585-d259 @A: 12 30 11 29 | 08
#1586-d259 @A: 01 30 11 23 | 12
#1587-d259 @A: 30 06 19 03 | 09
#1588-d259 @A: 09 03 14 30 | 06
#1589-d259 @A: 30 27 15 12 | 10
#1590-d259 @A: 30 33 24 21 | 11
#1591-d259 @A: 30 04 20 17 | 05
#1592-d259 @A: 13 17 24 30 | 03
#1593-d259 @A: 21 30 20 18 | 04
#1594-d259 @A: 30 21 32 13 | 01
#1595-d259 @A: 29 10 30 21 | 07
#1596-d259 @A: 18 30 15 23 | 02
#1597-d259 @A: 08 15 30 34 | 08
#1598-d259 @A: 10 30 23 09 | 12
#1599-d259 @A: 14 20 30 29 | 09
#1600-d259 @A: 07 32 11 22 | 06
#1601-d259 @A: 11 21 07 24 | 10
#1602-d259 @A: 07 16 29 27 | 11
#1603-d259 @A: 12 07 15 22 | 05
#1604-d259 @A: 06 07 13 12 | 03
#1605-d259 @A: 07 26 08 33 | 04
#1606-d259 @A: 01 07 04 26 | 01
#1607-d259 @A: 22 08 07 01 | 07
#1608-d259 @A: 29 02 07 33 | 02
#1609-d259 @A: 15 07 06 20 | 08
#1610-d259 @A: 08 05 07 04 | 12
#1611-d259 @A: 05 07 28 14 | 09
#1612-d259 @A: 07 18 20 05 | 06
#1613-d259 @A: 20 07 01 05 | 10
#1614-d259 @A: 16 11 33 08 | 11
#1615-d259 @A: 11 06 12 21 | 05
#1616-d259 @A: 12 01 11 20 | 03
#1617-d259 @A: 04 19 11 26 | 04
#1618-d259 @A: 11 17 15 22 | 01
#1619-d259 @A: 20 23 33 11 | 07
#1620-d259 @A: 11 09 24 32 | 02
#1621-d259 @A: 05 11 29 24 | 08
#1622-d259 @A: 21 11 29 08 | 12
#1623-d259 @A: 11 15 19 20 | 09
#1624-d259 @A: 19 27 11 29 | 06
#1625-d259 @A: 17 34 03 16 | 10
#1626-d259 @A: 02 12 03 34 | 11
#1627-d259 @A: 04 26 10 03 | 05
#1628-d259 @A: 22 03 18 04 | 03
#1629-d259 @A: 03 28 24 32 | 04
#1630-d259 @A: 03 17 05 15 | 01
#1631-d259 @A: 10 34 03 18 | 07
#1632-d259 @A: 34 15 03 27 | 02
#1633-d259 @A: 08 27 03 20 | 08
#1634-d259 @A: 21 04 12 16 | 12
#1635-d259 @A: 16 22 27 02 | 09
#1636-d259 @A: 06 16 33 20 | 06
#1637-d259 @A: 16 28 34 29 | 10
#1638-d259 @A: 16 27 17 01 | 11
#1639-d259 @A: 34 09 01 16 | 05
#1640-d259 @A: 15 14 27 16 | 03
#1641-d259 @A: 33 06 10 12 | 04
#1642-d259 @A: 12 17 28 10 | 01
#1643-d259 @A: 27 21 12 32 | 07
#1644-d259 @A: 12 32 23 14 | 02
#1645-d259 @A: 23 13 10 12 | 08
#1646-d259 @A: 12 13 09 19 | 12
#1647-d259 @A: 27 13 12 20 | 09
#1648-d259 @A: 02 09 34 26 | 06
#1649-d259 @A: 34 26 29 20 | 10
#1650-d259 @A: 01 26 13 23 | 11
#1651-d259 @A: 26 10 20 19 | 05
#1652-d259 @A: 26 20 13 14 | 03
#1653-d259 @A: 22 28 33 20 | 04
#1654-d259 @A: 34 22 33 02 | 01
#1655-d259 @A: 17 33 22 10 | 07
#1656-d259 @A: 33 09 21 22 | 02
#1657-d259 @A: 22 23 05 33 | 08
#1658-d259 @A: 24 18 19 22 | 12
#1659-d259 @A: 18 15 05 22 | 09
#1660-d259 @A: 13 20 19 22 | 06
#1661-d259 @A: 22 19 09 29 | 10
#1662-d259 @A: 32 02 06 33 | 11
#1663-d259 @A: 33 06 15 09 | 05
#1664-d259 @A: 05 04 33 02 | 03
#1665-d259 @A: 02 21 28 33 | 04
#1666-d259 @A: 33 19 23 21 | 01
#1667-d259 @A: 33 18 05 29 | 07
#1668-d259 @A: 34 32 33 14 | 02
#1669-d259 @A: 10 05 32 33 | 08
#1670-d259 @A: 23 09 14 33 | 12
#1671-d259 @A: 08 19 01 33 | 09
#1672-d259 @A: 13 21 06 19 | 06
#1673-d259 @A: 32 19 06 34 | 10
#1674-d259 @A: 32 06 23 09 | 11
#1675-d259 @A: 06 27 14 01 | 05
#1676-d259 @A: 24 18 02 04 | 03
#1677-d259 @A: 10 04 20 34 | 04
#1678-d259 @A: 18 14 05 24 | 01
#1679-d259 @A: 15 29 18 24 | 07
#1680-d259 @A: 05 15 24 13 | 02
#1681-d259 @A: 08 19 09 24 | 08
#1682-d259 @A: 14 02 34 15 | 12
#1683-d259 @A: 23 19 14 02 | 09
#1684-d259 @A: 19 17 32 21 | 06
#1685-d259 @A: 17 20 23 18 | 10
#1686-d259 @A: 13 18 17 09 | 11
#1687-d259 @A: 17 14 10 29 | 05
#1688-d259 @A: 34 21 19 01 | 03
#1689-d259 @A: 21 01 27 05 | 04
