#0001-d264 @A: 30 14 35 13 | 08
#0002-d264 @A: 18 35 14 10 | 06
#0003-d264 @A: 14 04 15 35 | 03
#0004-d264 @A: 01 35 14 22 | 09
#0005-d264 @A: 21 35 14 05 | 10
#0006-d264 @A: 35 19 01 26 | 07
#0007-d264 @A: 35 17 12 26 | 12
#0008-d264 @A: 35 25 13 10 | 04
#0009-d264 @A: 10 20 19 35 | 05
#0010-d264 @A: 35 02 33 06 | 01
#0011-d264 @A: 35 15 01 34 | 02
#0012-d264 @A: 20 34 35 21 | 11
#0013-d264 @A: 06 19 35 15 | 08
#0014-d264 @A: 19 28 35 09 | 06
#0015-d264 @A: 35 16 05 01 | 03
#0016-d264 @A: 29 35 12 05 | 09
#0017-d264 @A: 35 32 08 28 | 10
#0018-d264 @A: 25 26 08 14 | 07
#0019-d264 @A: 23 02 14 17 | 12
#0020-d264 @A: 18 31 14 34 | 04
#0021-d264 @A: 31 22 14 16 | 05
#0022-d264 @A: 01 21 14 29 | 01
#0023-d264 @A: 14 07 01 28 | 02
#0024-d264 @A: 14 20 15 28 | 11
#0025-d264 @A: 28 23 18 14 | 08
#0026-d264 @A: 23 12 26 10 | 06
#0027-d264 @A: 25 04 26 33 | 03
#0028-d264 @A: 25 26 31 17 | 09
#0029-d264 @A: 26 24 06 04 | 10
#0030-d264 @A: 24 21 34 26 | 07
#0031-d264 @A: 11 31 26 08 | 12
#0032-d264 @A: 27 17 09 26 | 04
#0033-d264 @A: 26 28 17 01 | 05
#0034-d264 @A: 20 24 26 27 | 01
#0035-d264 @A: 05 26 07 21 | 02
#0036-d264 @A: 32 01 12 26 | 11
#0037-d264 @A: 28 29 07 26 | 08
#0038-d264 @A: 15 29 31 26 | 06
#0039-d264 @A: 26 33 28 32 | 03
#0040-d264 @A: 03 18 15 26 | 09
#0041-d264 @A: 15 31 33 26 | 10
#0042-d264 @A: 31 25 30 34 | 07
#0043-d264 @A: 30 25 05 28 | 12
#0044-d264 @A: 30 02 27 12 | 04
#0045-d264 @A: 30 05 20 02 | 05
#0046-d264 @A: 34 03 30 27 | 01
#0047-d264 @A: 30 29 20 34 | 02
#0048-d264 @A: 30 18 19 08 | 11
#0049-d264 @A: 30 03 17 16 | 08
#0050-d264 @A: 17 31 30 06 | 06
#0051-d264 @A: 03 08 11 30 | 03
#0052-d264 @A: 21 22 29 30 | 09
#0053-d264 @A: 21 25 10 11 | 10
#0054-d264 @A: 22 10 33 19 | 07
#0055-d264 @A: 10 22 16 21 | 12
#0056-d264 @A: 01 12 31 10 | 04
#0057-d264 @A: 23 10 32 29 | 05
#0058-d264 @A: 15 09 10 31 | 01
#0059-d264 @A: 08 10 28 09 | 02
#0060-d264 @A: 01 32 10 08 | 11
#0061-d264 @A: 10 33 21 20 | 08
#0062-d264 @A: 04 02 25 29 | 06
#0063-d264 @A: 25 32 34 02 | 03
#0064-d264 @A: 19 05 25 20 | 09
#0065-d264 @A: 22 16 07 25 | 10
#0066-d264 @A: 16 25 18 17 | 07
#0067-d264 @A: 33 09 25 16 | 12
#0068-d264 @A: 25 07 06 20 | 04
#0069-d264 @A: 20 11 25 33 | 05
#0070-d264 @A: 09 24 25 21 | 01
#0071-d264 @A: 24 25 31 32 | 02
#0072-d264 @A: 32 08 25 05 | 11
#0073-d264 @A: 28 08 25 12 | 08
#0074-d264 @A: 15 25 13 23 | 06
#0075-d264 @A: 02 12 01 04 | 03
#0076-d264 @A: 19 16 02 15 | 09
#0077-d264 @A: 27 02 31 19 | 10
#0078-d264 @A: 19 05 02 09 | 07
#0079-d264 @A: 22 29 02 16 | 12
#0080-d264 @A: 23 11 27 02 | 04
#0081-d264 @A: 02 29 28 12 | 05
#0082-d264 @A: 12 32 09 02 | 01
#0083-d264 @A: 03 02 32 29 | 02
#0084-d264 @A: 13 18 02 07 | 11
#0085-d264 @A: 15 02 03 01 | 08
#0086-d264 @A: 16 34 32 04 | 06
#0087-d264 @A: 04 22 34 12 | 03
#0088-d264 @A: 16 06 04 09 | 09
#0089-d264 @A: 04 16 12 24 | 10
#0090-d264 @A: 22 04 08 09 | 07
#0091-d264 @A: 12 05 04 17 | 12
#0092-d264 @A: 04 24 18 29 | 04
#0093-d264 @A: 08 04 12 20 | 05
#0094-d264 @A: 04 09 32 29 | 01
#0095-d264 @A: 07 04 09 20 | 02
#0096-d264 @A: 21 07 33 04 | 11
#0097-d264 @A: 01 09 15 04 | 08
#0098-d264 @A: 28 04 09 03 | 06
#0099-d264 @A: 31 15 32 04 | 03
#0100-d264 @A: 32 04 20 03 | 09
#0101-d264 @A: 22 19 16 34 | 10
#0102-d264 @A: 34 28 06 16 | 07
#0103-d264 @A: 27 24 12 34 | 12
#0104-d264 @A: 12 07 23 34 | 04
#0105-d264 @A: 18 34 09 12 | 05
#0106-d264 @A: 07 32 34 15 | 01
#0107-d264 @A: 23 09 32 34 | 02
#0108-d264 @A: 20 08 34 01 | 11
#0109-d264 @A: 34 08 15 21 | 08
#0110-d264 @A: 19 06 20 27 | 06
#0111-d264 @A: 19 13 22 27 | 03
#0112-d264 @A: 19 20 08 29 | 09
#0113-d264 @A: 01 15 19 07 | 10
#0114-d264 @A: 07 19 32 20 | 07
#0115-d264 @A: 19 01 18 23 | 12
#0116-d264 @A: 19 28 15 32 | 04
#0117-d264 @A: 32 16 07 11 | 05
#0118-d264 @A: 17 16 09 22 | 01
#0119-d264 @A: 33 17 24 16 | 02
#0120-d264 @A: 33 01 32 16 | 11
#0121-d264 @A: 18 31 20 16 | 08
#0122-d264 @A: 06 01 11 17 | 06
#0123-d264 @A: 33 11 21 06 | 03
#0124-d264 @A: 07 06 17 05 | 09
#0125-d264 @A: 06 27 24 23 | 10
#0126-d264 @A: 21 29 06 09 | 07
#0127-d264 @A: 20 03 06 01 | 12
#0128-d264 @A: 18 06 31 21 | 04
#0129-d264 @A: 06 20 33 31 | 05
#0130-d264 @A: 11 05 08 22 | 01
#0131-d264 @A: 11 31 01 29 | 02
#0132-d264 @A: 11 29 18 21 | 11
#0133-d264 @A: 22 27 17 05 | 08
#0134-d264 @A: 03 07 01 22 | 06
#0135-d264 @A: 08 22 28 07 | 03
#0136-d264 @A: 07 22 23 20 | 09
#0137-d264 @A: 32 22 28 01 | 10
#0138-d264 @A: 32 17 03 07 | 07
#0139-d264 @A: 23 20 01 17 | 12
#0140-d264 @A: 13 12 24 01 | 04
#0141-d264 @A: 23 12 15 24 | 05
#0142-d264 @A: 13 24 32 08 | 01
#0143-d264 @A: 20 28 09 27 | 02
#0144-d264 @A: 15 18 27 13 | 11
#0145-d264 @A: 01 05 29 23 | 08
#0146-d264 @A: 20 05 07 08 | 06
#0147-d264 @A: 23 03 32 05 | 03
#0148-d264 @A: 05 21 23 31 | 09
#0149-d264 @A: 34 25 35 14 | 10
#0150-d264 @A: 08 19 35 14 | 07
#0151-d264 @A: 35 11 14 20 | 12
#0152-d264 @A: 28 26 15 35 | 04
#0153-d264 @A: 11 35 12 10 | 05
#0154-d264 @A: 25 29 19 35 | 01
#0155-d264 @A: 27 04 35 03 | 02
#0156-d264 @A: 22 23 35 19 | 11
#0157-d264 @A: 35 20 22 06 | 08
#0158-d264 @A: 01 06 35 13 | 06
#0159-d264 @A: 22 31 35 17 | 03
#0160-d264 @A: 35 22 33 12 | 09
#0161-d264 @A: 01 17 27 35 | 10
#0162-d264 @A: 33 27 35 17 | 07
#0163-d264 @A: 07 32 01 35 | 12
#0164-d264 @A: 20 02 14 26 | 04
#0165-d264 @A: 15 14 30 08 | 05
#0166-d264 @A: 34 10 20 14 | 01
#0167-d264 @A: 08 05 14 10 | 02
#0168-d264 @A: 31 14 33 10 | 11
#0169-d264 @A: 25 14 04 31 | 08
#0170-d264 @A: 09 02 27 14 | 06
#0171-d264 @A: 06 04 14 33 | 03
#0172-d264 @A: 23 14 34 22 | 09
#0173-d264 @A: 03 23 14 19 | 10
#0174-d264 @A: 17 14 16 12 | 07
#0175-d264 @A: 27 13 16 14 | 12
#0176-d264 @A: 14 33 07 16 | 04
#0177-d264 @A: 14 33 11 15 | 05
#0178-d264 @A: 14 01 27 24 | 01
#0179-d264 @A: 33 05 20 14 | 02
#0180-d264 @A: 21 09 28 14 | 11
#0181-d264 @A: 26 08 30 06 | 08
#0182-d264 @A: 02 26 03 10 | 06
#0183-d264 @A: 22 13 26 02 | 03
#0184-d264 @A: 26 11 04 07 | 09
#0185-d264 @A: 26 27 04 32 | 10
#0186-d264 @A: 13 19 26 34 | 07
#0187-d264 @A: 26 06 19 18 | 12
#0188-d264 @A: 26 27 12 19 | 04
#0189-d264 @A: 24 07 26 16 | 05
#0190-d264 @A: 26 16 33 12 | 01
#0191-d264 @A: 16 29 01 26 | 02
#0192-d264 @A: 26 11 24 15 | 11
#0193-d264 @A: 29 11 26 27 | 08
#0194-d264 @A: 22 05 28 26 | 06
#0195-d264 @A: 12 31 18 26 | 03
#0196-d264 @A: 09 23 01 26 | 09
#0197-d264 @A: 32 15 08 26 | 10
#0198-d264 @A: 08 20 26 03 | 07
#0199-d264 @A: 27 10 30 08 | 12
#0200-d264 @A: 27 30 25 15 | 04
#0201-d264 @A: 33 24 02 30 | 05
#0202-d264 @A: 30 01 04 16 | 01
#0203-d264 @A: 15 24 19 30 | 02
#0204-d264 @A: 06 27 30 13 | 11
#0205-d264 @A: 30 12 28 07 | 08
#0206-d264 @A: 30 12 20 31 | 06
#0207-d264 @A: 03 18 29 30 | 03
#0208-d264 @A: 10 22 25 23 | 09
#0209-d264 @A: 27 10 25 29 | 10
#0210-d264 @A: 05 10 18 25 | 07
#0211-d264 @A: 34 09 10 04 | 12
#0212-d264 @A: 24 04 10 32 | 04
#0213-d264 @A: 04 05 21 10 | 05
#0214-d264 @A: 10 33 09 04 | 01
#0215-d264 @A: 10 16 15 17 | 02
#0216-d264 @A: 24 10 16 23 | 11
#0217-d264 @A: 27 10 31 06 | 08
#0218-d264 @A: 10 29 17 08 | 06
#0219-d264 @A: 15 24 05 10 | 03
#0220-d264 @A: 05 10 01 20 | 09
#0221-d264 @A: 02 25 34 33 | 10
#0222-d264 @A: 03 25 18 34 | 07
#0223-d264 @A: 22 06 31 25 | 12
#0224-d264 @A: 06 18 09 25 | 04
#0225-d264 @A: 05 25 22 03 | 05
#0226-d264 @A: 17 25 01 12 | 01
#0227-d264 @A: 32 25 13 27 | 02
#0228-d264 @A: 15 25 29 09 | 11
#0229-d264 @A: 25 01 29 08 | 08
#0230-d264 @A: 01 18 25 28 | 06
#0231-d264 @A: 28 03 25 32 | 03
#0232-d264 @A: 25 13 21 18 | 09
#0233-d264 @A: 20 25 31 23 | 10
#0234-d264 @A: 33 11 19 02 | 07
#0235-d264 @A: 02 16 01 11 | 12
#0236-d264 @A: 07 16 23 02 | 04
#0237-d264 @A: 02 32 06 17 | 05
#0238-d264 @A: 17 02 07 22 | 01
#0239-d264 @A: 33 02 05 17 | 02
#0240-d264 @A: 32 27 24 02 | 11
#0241-d264 @A: 20 12 18 02 | 08
#0242-d264 @A: 31 08 32 02 | 06
#0243-d264 @A: 13 06 05 04 | 03
#0244-d264 @A: 04 28 11 12 | 09
#0245-d264 @A: 11 08 04 29 | 10
#0246-d264 @A: 32 17 04 01 | 07
#0247-d264 @A: 04 29 20 28 | 12
#0248-d264 @A: 08 04 21 18 | 04
#0249-d264 @A: 34 11 18 19 | 05
#0250-d264 @A: 16 09 20 34 | 01
#0251-d264 @A: 24 18 34 22 | 02
#0252-d264 @A: 32 21 29 34 | 11
#0253-d264 @A: 32 34 01 03 | 08
#0254-d264 @A: 13 20 34 28 | 06
#0255-d264 @A: 34 33 31 08 | 03
#0256-d264 @A: 17 19 22 21 | 09
#0257-d264 @A: 21 05 19 15 | 10
#0258-d264 @A: 19 07 33 32 | 07
#0259-d264 @A: 20 01 09 19 | 12
#0260-d264 @A: 11 16 22 23 | 04
#0261-d264 @A: 20 16 17 27 | 05
#0262-d264 @A: 09 13 16 07 | 01
#0263-d264 @A: 21 32 09 16 | 02
#0264-d264 @A: 03 23 16 09 | 11
#0265-d264 @A: 16 15 21 31 | 08
#0266-d264 @A: 05 06 31 11 | 06
#0267-d264 @A: 21 32 06 15 | 03
#0268-d264 @A: 15 33 06 03 | 09
#0269-d264 @A: 22 11 32 09 | 10
#0270-d264 @A: 17 05 11 15 | 07
#0271-d264 @A: 11 33 29 17 | 12
#0272-d264 @A: 08 27 24 11 | 04
#0273-d264 @A: 20 09 23 11 | 05
#0274-d264 @A: 01 11 15 18 | 01
#0275-d264 @A: 15 11 32 03 | 02
#0276-d264 @A: 18 11 03 31 | 11
#0277-d264 @A: 22 18 07 05 | 08
#0278-d264 @A: 20 22 12 13 | 06
#0279-d264 @A: 20 09 22 29 | 03
#0280-d264 @A: 32 08 20 22 | 09
#0281-d264 @A: 18 28 17 29 | 10
#0282-d264 @A: 17 15 28 07 | 07
#0283-d264 @A: 09 33 18 17 | 12
#0284-d264 @A: 31 03 27 24 | 04
#0285-d264 @A: 28 24 20 07 | 05
#0286-d264 @A: 32 07 12 05 | 01
#0287-d264 @A: 05 28 18 21 | 02
#0288-d264 @A: 05 28 20 31 | 11
#0289-d264 @A: 28 12 33 09 | 08
#0290-d264 @A: 20 33 01 28 | 06
#0291-d264 @A: 14 35 28 17 | 03
#0292-d264 @A: 35 14 23 27 | 09
#0293-d264 @A: 02 35 26 04 | 10
#0294-d264 @A: 26 35 06 07 | 07
#0295-d264 @A: 30 35 33 08 | 12
#0296-d264 @A: 10 29 35 16 | 04
#0297-d264 @A: 35 27 10 07 | 05
#0298-d264 @A: 35 02 19 03 | 01
#0299-d264 @A: 05 04 09 35 | 02
#0300-d264 @A: 04 01 35 33 | 11
#0301-d264 @A: 29 34 35 11 | 08
#0302-d264 @A: 34 15 35 33 | 06
#0303-d264 @A: 18 06 17 35 | 03
#0304-d264 @A: 09 35 07 12 | 09
#0305-d264 @A: 35 03 28 12 | 10
#0306-d264 @A: 12 18 35 23 | 07
#0307-d264 @A: 28 35 01 31 | 12
#0308-d264 @A: 14 16 18 26 | 04
#0309-d264 @A: 26 14 13 17 | 05
#0310-d264 @A: 03 27 14 26 | 01
#0311-d264 @A: 19 30 14 29 | 02
#0312-d264 @A: 14 06 30 01 | 11
#0313-d264 @A: 32 25 06 14 | 08
#0314-d264 @A: 14 25 05 07 | 06
#0315-d264 @A: 34 14 06 02 | 03
#0316-d264 @A: 08 01 14 02 | 09
#0317-d264 @A: 14 18 04 11 | 10
#0318-d264 @A: 32 16 20 14 | 07
#0319-d264 @A: 12 06 14 11 | 12
#0320-d264 @A: 09 17 14 11 | 04
#0321-d264 @A: 22 09 05 14 | 05
#0322-d264 @A: 24 15 09 14 | 01
#0323-d264 @A: 14 12 21 07 | 02
#0324-d264 @A: 12 08 31 14 | 11
#0325-d264 @A: 29 31 14 03 | 08
#0326-d264 @A: 21 14 20 08 | 06
#0327-d264 @A: 25 21 26 30 | 03
#0328-d264 @A: 26 04 18 25 | 09
#0329-d264 @A: 34 26 29 02 | 10
#0330-d264 @A: 03 05 26 19 | 07
#0331-d264 @A: 26 11 12 03 | 12
#0332-d264 @A: 17 24 26 03 | 04
#0333-d264 @A: 20 29 13 26 | 05
#0334-d264 @A: 23 18 26 20 | 01
#0335-d264 @A: 10 30 25 32 | 02
#0336-d264 @A: 30 01 11 10 | 11
#0337-d264 @A: 33 30 16 04 | 08
#0338-d264 @A: 30 22 34 08 | 06
#0339-d264 @A: 13 19 30 16 | 03
#0340-d264 @A: 22 03 06 30 | 09
#0341-d264 @A: 30 33 12 11 | 10
#0342-d264 @A: 13 28 11 30 | 07
#0343-d264 @A: 23 29 12 30 | 12
#0344-d264 @A: 30 29 13 01 | 04
#0345-d264 @A: 01 20 30 21 | 05
#0346-d264 @A: 28 30 20 32 | 01
#0347-d264 @A: 03 30 21 23 | 02
#0348-d264 @A: 23 28 31 30 | 11
#0349-d264 @A: 25 12 24 10 | 08
#0350-d264 @A: 08 10 02 15 | 06
#0351-d264 @A: 10 04 06 29 | 03
#0352-d264 @A: 19 03 06 10 | 09
#0353-d264 @A: 19 31 08 10 | 10
#0354-d264 @A: 23 05 06 10 | 07
#0355-d264 @A: 32 22 10 03 | 12
#0356-d264 @A: 28 17 32 10 | 04
#0357-d264 @A: 13 09 10 29 | 05
#0358-d264 @A: 20 29 31 10 | 01
#0359-d264 @A: 02 12 25 15 | 02
#0360-d264 @A: 25 12 11 34 | 11
#0361-d264 @A: 27 25 20 34 | 08
#0362-d264 @A: 03 27 25 19 | 06
#0363-d264 @A: 27 28 25 17 | 03
#0364-d264 @A: 29 25 32 12 | 09
#0365-d264 @A: 02 28 19 34 | 10
#0366-d264 @A: 22 20 19 02 | 07
#0367-d264 @A: 17 02 16 28 | 12
#0368-d264 @A: 16 05 02 27 | 04
#0369-d264 @A: 01 33 16 02 | 05
#0370-d264 @A: 15 31 02 06 | 01
#0371-d264 @A: 15 02 27 22 | 02
#0372-d264 @A: 07 20 02 29 | 11
#0373-d264 @A: 24 04 22 31 | 08
#0374-d264 @A: 23 05 04 15 | 06
#0375-d264 @A: 12 04 03 07 | 03
#0376-d264 @A: 23 07 29 04 | 09
#0377-d264 @A: 31 01 04 08 | 10
#0378-d264 @A: 13 15 03 04 | 07
#0379-d264 @A: 28 08 15 04 | 12
#0380-d264 @A: 04 23 20 21 | 04
#0381-d264 @A: 29 05 19 34 | 05
#0382-d264 @A: 34 07 01 16 | 01
#0383-d264 @A: 24 06 33 34 | 02
#0384-d264 @A: 09 13 06 34 | 11
#0385-d264 @A: 21 27 34 22 | 08
#0386-d264 @A: 01 34 31 22 | 06
#0387-d264 @A: 34 17 05 20 | 03
#0388-d264 @A: 21 12 34 01 | 09
#0389-d264 @A: 18 07 34 28 | 10
#0390-d264 @A: 16 20 12 19 | 07
#0391-d264 @A: 11 08 06 19 | 12
#0392-d264 @A: 03 22 19 08 | 04
#0393-d264 @A: 13 33 12 19 | 05
#0394-d264 @A: 18 21 20 19 | 01
#0395-d264 @A: 11 24 16 28 | 02
#0396-d264 @A: 12 22 05 16 | 11
#0397-d264 @A: 33 15 22 16 | 08
#0398-d264 @A: 16 24 21 27 | 06
#0399-d264 @A: 20 16 24 08 | 03
#0400-d264 @A: 16 01 21 03 | 09
#0401-d264 @A: 16 33 18 31 | 10
#0402-d264 @A: 27 32 06 22 | 07
#0403-d264 @A: 33 01 06 29 | 12
#0404-d264 @A: 13 28 06 32 | 04
#0405-d264 @A: 11 05 18 20 | 05
#0406-d264 @A: 07 01 08 11 | 01
#0407-d264 @A: 23 33 11 31 | 02
#0408-d264 @A: 28 22 13 17 | 11
#0409-d264 @A: 24 28 22 15 | 08
#0410-d264 @A: 15 23 22 09 | 06
#0411-d264 @A: 20 33 22 32 | 03
#0412-d264 @A: 03 22 28 18 | 09
#0413-d264 @A: 05 13 24 17 | 10
#0414-d264 @A: 18 32 17 12 | 07
#0415-d264 @A: 08 17 09 32 | 12
#0416-d264 @A: 13 17 32 15 | 04
#0417-d264 @A: 28 17 21 08 | 05
#0418-d264 @A: 24 07 32 09 | 01
#0419-d264 @A: 01 08 24 15 | 02
#0420-d264 @A: 28 13 03 24 | 11
#0421-d264 @A: 28 31 24 08 | 08
#0422-d264 @A: 21 01 27 05 | 06
#0423-d264 @A: 20 32 12 27 | 03
#0424-d264 @A: 29 27 03 09 | 09
#0425-d264 @A: 29 27 31 23 | 10
#0426-d264 @A: 07 28 13 27 | 07
#0427-d264 @A: 08 03 27 07 | 12
#0428-d264 @A: 07 31 20 27 | 04
#0429-d264 @A: 29 09 18 05 | 05
#0430-d264 @A: 23 08 13 05 | 01
#0431-d264 @A: 15 33 01 13 | 02
#0432-d264 @A: 35 09 14 32 | 11
#0433-d264 @A: 26 10 35 08 | 08
#0434-d264 @A: 30 09 35 06 | 06
#0435-d264 @A: 20 24 30 35 | 03
#0436-d264 @A: 30 27 21 35 | 09
#0437-d264 @A: 10 35 02 17 | 10
#0438-d264 @A: 21 19 24 35 | 07
#0439-d264 @A: 05 16 33 35 | 12
#0440-d264 @A: 23 16 21 35 | 04
#0441-d264 @A: 35 12 15 21 | 05
#0442-d264 @A: 35 09 13 15 | 01
#0443-d264 @A: 13 33 35 32 | 02
#0444-d264 @A: 26 14 04 09 | 11
#0445-d264 @A: 21 26 06 14 | 08
#0446-d264 @A: 26 01 11 14 | 06
#0447-d264 @A: 30 17 18 14 | 03
#0448-d264 @A: 14 33 32 30 | 09
#0449-d264 @A: 07 10 14 22 | 10
#0450-d264 @A: 14 25 18 27 | 07
#0451-d264 @A: 29 17 14 04 | 12
#0452-d264 @A: 08 14 34 24 | 04
#0453-d264 @A: 19 14 06 07 | 05
#0454-d264 @A: 31 15 07 14 | 01
#0455-d264 @A: 26 11 20 30 | 02
#0456-d264 @A: 24 01 30 26 | 11
#0457-d264 @A: 30 13 26 31 | 08
#0458-d264 @A: 10 04 26 01 | 06
#0459-d264 @A: 06 10 26 28 | 03
#0460-d264 @A: 04 23 34 26 | 09
#0461-d264 @A: 34 26 17 33 | 10
#0462-d264 @A: 19 26 09 16 | 07
#0463-d264 @A: 07 19 22 26 | 12
#0464-d264 @A: 19 26 31 24 | 04
#0465-d264 @A: 16 21 17 26 | 05
#0466-d264 @A: 15 05 16 26 | 01
#0467-d264 @A: 26 06 15 27 | 02
#0468-d264 @A: 22 24 09 26 | 11
#0469-d264 @A: 12 26 15 22 | 08
#0470-d264 @A: 26 27 18 07 | 06
#0471-d264 @A: 29 32 26 18 | 03
#0472-d264 @A: 09 13 26 03 | 09
#0473-d264 @A: 08 33 03 26 | 10
#0474-d264 @A: 08 26 28 18 | 07
#0475-d264 @A: 34 10 30 21 | 12
#0476-d264 @A: 07 17 25 30 | 04
#0477-d264 @A: 02 13 30 17 | 05
#0478-d264 @A: 21 06 04 30 | 01
#0479-d264 @A: 22 18 30 04 | 02
#0480-d264 @A: 05 04 30 03 | 11
#0481-d264 @A: 12 09 30 08 | 08
#0482-d264 @A: 12 13 30 15 | 06
#0483-d264 @A: 23 30 01 07 | 03
#0484-d264 @A: 13 30 07 03 | 09
#0485-d264 @A: 33 30 13 28 | 10
#0486-d264 @A: 30 15 18 33 | 07
#0487-d264 @A: 20 10 16 02 | 12
#0488-d264 @A: 22 04 15 10 | 04
#0489-d264 @A: 10 31 04 18 | 05
#0490-d264 @A: 10 34 28 24 | 01
#0491-d264 @A: 28 10 19 16 | 02
#0492-d264 @A: 19 12 10 32 | 11
#0493-d264 @A: 11 10 27 28 | 08
#0494-d264 @A: 01 17 22 10 | 06
#0495-d264 @A: 24 10 20 17 | 03
#0496-d264 @A: 13 24 10 27 | 09
#0497-d264 @A: 33 10 15 27 | 10
#0498-d264 @A: 12 29 10 18 | 07
#0499-d264 @A: 29 10 03 21 | 12
#0500-d264 @A: 31 10 07 13 | 04
#0501-d264 @A: 06 16 02 25 | 05
#0502-d264 @A: 17 25 02 03 | 01
#0503-d264 @A: 34 08 06 25 | 02
#0504-d264 @A: 25 05 16 13 | 11
#0505-d264 @A: 27 25 11 07 | 08
#0506-d264 @A: 25 09 32 01 | 06
#0507-d264 @A: 13 20 25 01 | 03
#0508-d264 @A: 25 03 33 13 | 09
#0509-d264 @A: 11 02 04 32 | 10
#0510-d264 @A: 34 11 02 03 | 07
#0511-d264 @A: 12 34 17 02 | 12
#0512-d264 @A: 13 11 02 19 | 04
#0513-d264 @A: 17 05 02 08 | 05
#0514-d264 @A: 18 02 24 08 | 01
#0515-d264 @A: 09 02 01 29 | 02
#0516-d264 @A: 15 29 21 02 | 11
#0517-d264 @A: 28 02 07 32 | 08
#0518-d264 @A: 27 05 11 04 | 06
#0519-d264 @A: 20 15 11 04 | 03
#0520-d264 @A: 23 27 04 22 | 09
#0521-d264 @A: 07 04 31 17 | 10
#0522-d264 @A: 12 04 29 15 | 07
#0523-d264 @A: 32 21 04 28 | 12
#0524-d264 @A: 06 29 22 34 | 04
#0525-d264 @A: 06 18 27 34 | 05
#0526-d264 @A: 11 33 34 32 | 01
#0527-d264 @A: 31 23 34 11 | 02
#0528-d264 @A: 16 19 11 03 | 11
#0529-d264 @A: 19 27 33 16 | 08
#0530-d264 @A: 19 17 24 18 | 06
#0531-d264 @A: 01 19 29 03 | 03
#0532-d264 @A: 16 24 01 17 | 09
#0533-d264 @A: 05 03 31 16 | 10
#0534-d264 @A: 16 13 31 28 | 07
#0535-d264 @A: 15 16 08 23 | 12
#0536-d264 @A: 22 06 11 28 | 04
#0537-d264 @A: 24 07 06 15 | 05
#0538-d264 @A: 01 15 06 12 | 01
#0539-d264 @A: 32 09 06 20 | 02
#0540-d264 @A: 09 06 15 03 | 11
#0541-d264 @A: 31 03 13 06 | 08
#0542-d264 @A: 22 27 11 03 | 06
#0543-d264 @A: 17 27 11 18 | 03
#0544-d264 @A: 11 12 17 07 | 09
#0545-d264 @A: 15 11 08 12 | 10
#0546-d264 @A: 29 15 11 28 | 07
#0547-d264 @A: 11 07 08 33 | 12
#0548-d264 @A: 11 13 09 08 | 04
#0549-d264 @A: 15 13 31 11 | 05
#0550-d264 @A: 05 01 22 24 | 01
#0551-d264 @A: 21 22 12 03 | 02
#0552-d264 @A: 22 33 29 32 | 11
#0553-d264 @A: 15 07 22 13 | 08
#0554-d264 @A: 13 32 21 22 | 06
#0555-d264 @A: 21 22 20 28 | 03
#0556-d264 @A: 17 12 29 09 | 09
#0557-d264 @A: 23 17 21 07 | 10
#0558-d264 @A: 28 31 17 09 | 07
#0559-d264 @A: 01 29 20 24 | 12
#0560-d264 @A: 24 09 18 13 | 04
#0561-d264 @A: 24 23 09 33 | 05
#0562-d264 @A: 01 24 23 03 | 01
#0563-d264 @A: 20 18 24 03 | 02
#0564-d264 @A: 05 27 23 18 | 11
#0565-d264 @A: 33 29 27 12 | 08
#0566-d264 @A: 07 12 27 01 | 06
#0567-d264 @A: 29 08 27 18 | 03
#0568-d264 @A: 15 32 09 27 | 09
#0569-d264 @A: 21 28 27 31 | 10
#0570-d264 @A: 07 05 31 29 | 07
#0571-d264 @A: 29 21 05 08 | 12
#0572-d264 @A: 09 20 05 13 | 04
#0573-d264 @A: 13 31 05 18 | 05
#0574-d264 @A: 29 13 33 20 | 01
#0575-d264 @A: 35 14 16 06 | 02
#0576-d264 @A: 19 31 30 35 | 11
#0577-d264 @A: 10 04 23 35 | 08
#0578-d264 @A: 10 35 22 09 | 06
#0579-d264 @A: 10 32 35 15 | 03
#0580-d264 @A: 07 25 35 28 | 09
#0581-d264 @A: 35 06 02 28 | 10
#0582-d264 @A: 24 35 08 04 | 07
#0583-d264 @A: 35 34 19 32 | 12
#0584-d264 @A: 33 09 19 35 | 04
#0585-d264 @A: 16 35 09 27 | 05
#0586-d264 @A: 27 06 35 29 | 01
#0587-d264 @A: 13 22 11 35 | 02
#0588-d264 @A: 35 22 15 05 | 11
#0589-d264 @A: 12 20 01 35 | 08
#0590-d264 @A: 35 13 28 29 | 06
#0591-d264 @A: 18 35 07 31 | 03
#0592-d264 @A: 18 35 09 08 | 09
#0593-d264 @A: 35 20 08 15 | 10
#0594-d264 @A: 03 35 31 33 | 07
#0595-d264 @A: 29 26 10 14 | 12
#0596-d264 @A: 19 15 14 26 | 04
#0597-d264 @A: 04 24 30 14 | 05
#0598-d264 @A: 20 14 27 30 | 01
#0599-d264 @A: 25 14 15 01 | 02
#0600-d264 @A: 14 15 11 16 | 11
#0601-d264 @A: 03 22 14 15 | 08
#0602-d264 @A: 14 17 23 33 | 06
#0603-d264 @A: 07 23 14 24 | 03
#0604-d264 @A: 24 14 21 18 | 09
#0605-d264 @A: 13 12 28 14 | 10
#0606-d264 @A: 14 13 21 15 | 07
#0607-d264 @A: 02 26 25 07 | 12
#0608-d264 @A: 32 25 19 26 | 04
#0609-d264 @A: 16 02 32 26 | 05
#0610-d264 @A: 20 28 26 19 | 01
#0611-d264 @A: 06 26 16 13 | 02
#0612-d264 @A: 06 01 26 31 | 11
#0613-d264 @A: 11 18 22 26 | 08
#0614-d264 @A: 26 22 33 05 | 06
#0615-d264 @A: 21 12 26 29 | 03
#0616-d264 @A: 10 30 18 28 | 09
#0617-d264 @A: 25 02 30 09 | 10
#0618-d264 @A: 34 02 04 30 | 07
#0619-d264 @A: 30 02 22 01 | 12
#0620-d264 @A: 01 30 34 17 | 04
#0621-d264 @A: 30 33 34 20 | 05
#0622-d264 @A: 24 30 21 13 | 01
#0623-d264 @A: 07 05 30 33 | 02
#0624-d264 @A: 01 32 30 15 | 11
#0625-d264 @A: 08 30 23 32 | 08
#0626-d264 @A: 25 08 10 04 | 06
#0627-d264 @A: 10 15 03 25 | 03
#0628-d264 @A: 04 10 17 11 | 09
#0629-d264 @A: 10 06 34 12 | 10
#0630-d264 @A: 10 27 34 23 | 07
#0631-d264 @A: 10 19 27 05 | 12
#0632-d264 @A: 05 32 10 11 | 04
#0633-d264 @A: 12 22 10 27 | 05
#0634-d264 @A: 03 17 27 10 | 01
#0635-d264 @A: 33 05 10 01 | 02
#0636-d264 @A: 07 18 10 01 | 11
#0637-d264 @A: 10 13 03 01 | 08
#0638-d264 @A: 18 10 15 20 | 06
#0639-d264 @A: 11 04 13 25 | 03
#0640-d264 @A: 22 25 28 34 | 09
#0641-d264 @A: 34 25 13 17 | 10
#0642-d264 @A: 33 25 23 34 | 07
#0643-d264 @A: 06 24 25 28 | 12
#0644-d264 @A: 11 29 05 25 | 04
#0645-d264 @A: 27 09 22 25 | 05
#0646-d264 @A: 25 21 07 32 | 01
#0647-d264 @A: 21 33 25 28 | 02
#0648-d264 @A: 15 02 34 09 | 11
#0649-d264 @A: 02 11 22 12 | 08
#0650-d264 @A: 24 05 02 03 | 06
#0651-d264 @A: 21 33 27 02 | 03
#0652-d264 @A: 13 12 02 31 | 09
#0653-d264 @A: 21 02 18 32 | 10
#0654-d264 @A: 06 04 34 15 | 07
#0655-d264 @A: 17 19 04 15 | 12
#0656-d264 @A: 22 04 20 05 | 04
#0657-d264 @A: 04 33 18 22 | 05
#0658-d264 @A: 17 24 04 21 | 01
#0659-d264 @A: 07 21 01 04 | 02
#0660-d264 @A: 32 04 07 08 | 11
#0661-d264 @A: 13 18 28 04 | 08
#0662-d264 @A: 23 34 19 06 | 06
#0663-d264 @A: 06 11 34 20 | 03
#0664-d264 @A: 34 27 17 29 | 09
#0665-d264 @A: 12 29 34 31 | 10
#0666-d264 @A: 34 07 20 03 | 07
#0667-d264 @A: 34 09 28 01 | 12
#0668-d264 @A: 19 32 11 23 | 04
#0669-d264 @A: 17 19 29 32 | 05
#0670-d264 @A: 05 23 19 24 | 01
#0671-d264 @A: 13 19 24 20 | 02
#0672-d264 @A: 15 19 24 33 | 11
#0673-d264 @A: 19 12 29 07 | 08
#0674-d264 @A: 08 12 19 01 | 06
#0675-d264 @A: 18 12 19 15 | 03
#0676-d264 @A: 27 11 16 12 | 09
#0677-d264 @A: 16 07 28 21 | 10
#0678-d264 @A: 16 01 28 20 | 07
#0679-d264 @A: 32 28 16 23 | 12
#0680-d264 @A: 06 22 17 15 | 04
#0681-d264 @A: 21 22 05 06 | 05
#0682-d264 @A: 28 33 06 22 | 01
#0683-d264 @A: 12 27 06 17 | 02
#0684-d264 @A: 09 28 07 06 | 11
#0685-d264 @A: 03 32 06 18 | 08
#0686-d264 @A: 33 03 22 11 | 06
#0687-d264 @A: 27 33 11 09 | 03
#0688-d264 @A: 23 07 11 18 | 09
#0689-d264 @A: 29 17 03 22 | 10
#0690-d264 @A: 22 32 31 18 | 07
#0691-d264 @A: 23 31 22 08 | 12
#0692-d264 @A: 12 17 20 33 | 04
#0693-d264 @A: 09 21 13 17 | 05
#0694-d264 @A: 13 17 03 18 | 01
#0695-d264 @A: 17 21 15 20 | 02
#0696-d264 @A: 17 31 18 08 | 11
#0697-d264 @A: 24 31 01 09 | 08
#0698-d264 @A: 13 33 24 18 | 06
#0699-d264 @A: 21 27 18 12 | 03
#0700-d264 @A: 29 07 27 15 | 09
#0701-d264 @A: 29 01 27 32 | 10
#0702-d264 @A: 27 18 32 28 | 07
#0703-d264 @A: 08 13 27 20 | 12
#0704-d264 @A: 05 23 20 12 | 04
#0705-d264 @A: 08 05 29 33 | 05
#0706-d264 @A: 05 03 21 09 | 01
#0707-d264 @A: 31 09 33 05 | 02
#0708-d264 @A: 23 28 29 33 | 11
#0709-d264 @A: 35 23 26 33 | 08
#0710-d264 @A: 35 30 10 03 | 06
#0711-d264 @A: 35 21 10 06 | 03
#0712-d264 @A: 35 23 17 25 | 09
#0713-d264 @A: 18 35 33 25 | 10
#0714-d264 @A: 01 11 04 35 | 07
#0715-d264 @A: 08 34 12 35 | 12
#0716-d264 @A: 17 16 19 35 | 04
#0717-d264 @A: 35 06 05 08 | 05
#0718-d264 @A: 11 35 17 08 | 01
#0719-d264 @A: 24 35 13 23 | 02
#0720-d264 @A: 35 18 28 24 | 11
#0721-d264 @A: 35 29 08 31 | 08
#0722-d264 @A: 33 35 21 09 | 06
#0723-d264 @A: 23 30 10 14 | 03
#0724-d264 @A: 30 34 14 09 | 09
#0725-d264 @A: 30 22 14 28 | 10
#0726-d264 @A: 14 13 19 10 | 07
#0727-d264 @A: 31 14 11 10 | 12
#0728-d264 @A: 07 11 14 02 | 04
#0729-d264 @A: 14 05 02 15 | 05
#0730-d264 @A: 14 16 04 23 | 01
#0731-d264 @A: 34 12 14 05 | 02
#0732-d264 @A: 05 18 19 14 | 11
#0733-d264 @A: 06 17 03 14 | 08
#0734-d264 @A: 13 14 11 24 | 06
#0735-d264 @A: 11 14 21 27 | 03
#0736-d264 @A: 03 11 14 05 | 09
#0737-d264 @A: 14 23 12 09 | 10
#0738-d264 @A: 14 03 20 12 | 07
#0739-d264 @A: 14 29 20 18 | 12
#0740-d264 @A: 14 20 07 13 | 04
#0741-d264 @A: 30 26 22 10 | 05
#0742-d264 @A: 27 30 05 26 | 01
#0743-d264 @A: 04 03 26 29 | 02
#0744-d264 @A: 26 23 29 19 | 11
#0745-d264 @A: 29 17 06 26 | 08
#0746-d264 @A: 11 26 17 23 | 06
#0747-d264 @A: 26 20 17 32 | 03
#0748-d264 @A: 26 05 27 33 | 09
#0749-d264 @A: 26 01 07 20 | 10
#0750-d264 @A: 32 09 31 26 | 07
#0751-d264 @A: 15 09 20 26 | 12
#0752-d264 @A: 15 26 01 21 | 04
#0753-d264 @A: 23 28 13 26 | 05
#0754-d264 @A: 09 17 10 30 | 01
#0755-d264 @A: 10 30 24 31 | 02
#0756-d264 @A: 18 25 12 30 | 11
#0757-d264 @A: 02 28 21 30 | 08
#0758-d264 @A: 04 31 30 29 | 06
#0759-d264 @A: 16 11 30 34 | 03
#0760-d264 @A: 22 19 30 09 | 09
#0761-d264 @A: 03 30 20 19 | 10
#0762-d264 @A: 24 12 30 06 | 07
#0763-d264 @A: 22 24 30 32 | 12
#0764-d264 @A: 03 12 01 30 | 04
#0765-d264 @A: 29 08 07 30 | 05
#0766-d264 @A: 18 15 30 23 | 01
#0767-d264 @A: 02 29 10 19 | 02
#0768-d264 @A: 06 10 02 01 | 11
#0769-d264 @A: 07 10 04 28 | 08
#0770-d264 @A: 18 17 34 10 | 06
#0771-d264 @A: 34 33 18 10 | 03
#0772-d264 @A: 11 15 06 10 | 09
#0773-d264 @A: 31 17 05 10 | 10
#0774-d264 @A: 29 33 15 10 | 07
#0775-d264 @A: 23 07 10 09 | 12
#0776-d264 @A: 10 33 32 23 | 04
#0777-d264 @A: 12 16 23 25 | 05
#0778-d264 @A: 18 25 11 24 | 01
#0779-d264 @A: 20 24 25 22 | 02
#0780-d264 @A: 22 25 24 33 | 11
#0781-d264 @A: 25 24 17 15 | 08
#0782-d264 @A: 25 05 33 32 | 06
#0783-d264 @A: 25 31 29 28 | 03
#0784-d264 @A: 03 07 25 23 | 09
#0785-d264 @A: 09 28 13 25 | 10
#0786-d264 @A: 15 32 20 25 | 07
#0787-d264 @A: 27 08 02 04 | 12
#0788-d264 @A: 02 05 07 04 | 04
#0789-d264 @A: 09 28 22 02 | 05
#0790-d264 @A: 02 08 12 03 | 01
#0791-d264 @A: 18 02 31 29 | 02
#0792-d264 @A: 28 02 08 13 | 11
#0793-d264 @A: 15 28 02 18 | 08
#0794-d264 @A: 23 02 33 15 | 06
#0795-d264 @A: 03 20 02 21 | 03
#0796-d264 @A: 34 04 12 33 | 09
#0797-d264 @A: 01 04 24 19 | 10
#0798-d264 @A: 16 17 08 04 | 07
#0799-d264 @A: 04 11 23 06 | 12
#0800-d264 @A: 11 27 04 33 | 04
#0801-d264 @A: 24 27 09 04 | 05
#0802-d264 @A: 33 05 18 04 | 01
#0803-d264 @A: 23 33 04 13 | 02
#0804-d264 @A: 21 34 18 16 | 11
#0805-d264 @A: 22 09 34 03 | 08
#0806-d264 @A: 32 12 28 34 | 06
#0807-d264 @A: 13 03 12 34 | 03
#0808-d264 @A: 29 34 33 07 | 09
#0809-d264 @A: 23 01 13 34 | 10
#0810-d264 @A: 21 23 28 34 | 07
#0811-d264 @A: 22 19 06 01 | 12
#0812-d264 @A: 05 12 06 19 | 04
#0813-d264 @A: 01 32 19 31 | 05
#0814-d264 @A: 19 01 33 08 | 01
#0815-d264 @A: 32 19 13 18 | 02
#0816-d264 @A: 03 15 19 31 | 11
#0817-d264 @A: 31 33 28 19 | 08
#0818-d264 @A: 27 22 01 16 | 06
#0819-d264 @A: 31 29 09 16 | 03
#0820-d264 @A: 29 13 16 32 | 09
#0821-d264 @A: 32 03 16 08 | 10
#0822-d264 @A: 06 08 24 17 | 07
#0823-d264 @A: 33 06 07 27 | 12
#0824-d264 @A: 18 06 23 29 | 04
#0825-d264 @A: 08 20 31 06 | 05
#0826-d264 @A: 07 24 22 11 | 01
#0827-d264 @A: 12 11 09 31 | 02
#0828-d264 @A: 01 11 12 23 | 11
#0829-d264 @A: 08 20 28 11 | 08
#0830-d264 @A: 12 07 31 22 | 06
#0831-d264 @A: 29 22 07 32 | 03
#0832-d264 @A: 08 29 22 15 | 09
#0833-d264 @A: 15 21 22 18 | 10
#0834-d264 @A: 08 22 33 23 | 07
#0835-d264 @A: 29 15 17 01 | 12
#0836-d264 @A: 24 12 28 21 | 04
#0837-d264 @A: 09 28 23 24 | 05
#0838-d264 @A: 33 24 31 01 | 01
#0839-d264 @A: 24 23 31 18 | 02
#0840-d264 @A: 27 08 05 12 | 11
#0841-d264 @A: 32 27 31 05 | 08
#0842-d264 @A: 27 23 28 12 | 06
#0843-d264 @A: 31 18 27 09 | 03
#0844-d264 @A: 33 20 23 27 | 09
#0845-d264 @A: 05 15 12 09 | 10
#0846-d264 @A: 03 12 05 18 | 07
#0847-d264 @A: 32 29 15 05 | 12
#0848-d264 @A: 13 01 07 05 | 04
#0849-d264 @A: 08 05 03 01 | 05
#0850-d264 @A: 26 09 25 35 | 01
#0851-d264 @A: 32 24 35 26 | 02
#0852-d264 @A: 35 20 05 26 | 11
#0853-d264 @A: 02 25 24 35 | 08
#0854-d264 @A: 31 35 25 05 | 06
#0855-d264 @A: 35 02 16 12 | 03
#0856-d264 @A: 16 13 35 04 | 09
#0857-d264 @A: 17 34 09 35 | 10
#0858-d264 @A: 35 27 18 19 | 07
#0859-d264 @A: 23 05 35 11 | 12
#0860-d264 @A: 17 21 32 35 | 04
#0861-d264 @A: 12 27 35 31 | 05
#0862-d264 @A: 18 35 21 03 | 01
#0863-d264 @A: 12 14 30 26 | 02
#0864-d264 @A: 14 32 22 26 | 11
#0865-d264 @A: 30 16 14 07 | 08
#0866-d264 @A: 09 10 06 14 | 06
#0867-d264 @A: 19 25 17 14 | 03
#0868-d264 @A: 02 33 28 14 | 09
#0869-d264 @A: 14 04 19 20 | 10
#0870-d264 @A: 04 14 05 32 | 07
#0871-d264 @A: 28 14 11 19 | 12
#0872-d264 @A: 19 14 31 09 | 04
#0873-d264 @A: 24 31 14 06 | 05
#0874-d264 @A: 05 14 27 06 | 01
#0875-d264 @A: 17 07 14 08 | 02
#0876-d264 @A: 14 20 24 05 | 11
#0877-d264 @A: 14 12 15 32 | 08
#0878-d264 @A: 18 03 09 14 | 06
#0879-d264 @A: 30 04 15 26 | 03
#0880-d264 @A: 03 32 26 30 | 09
#0881-d264 @A: 34 26 32 10 | 10
#0882-d264 @A: 26 16 10 31 | 07
#0883-d264 @A: 27 10 21 26 | 12
#0884-d264 @A: 26 10 33 07 | 04
#0885-d264 @A: 25 11 06 26 | 05
#0886-d264 @A: 26 25 01 03 | 01
#0887-d264 @A: 26 02 06 09 | 02
#0888-d264 @A: 26 01 05 02 | 11
#0889-d264 @A: 26 21 19 04 | 08
#0890-d264 @A: 04 22 17 26 | 06
#0891-d264 @A: 34 26 31 05 | 03
#0892-d264 @A: 26 03 22 16 | 09
#0893-d264 @A: 22 23 06 26 | 10
#0894-d264 @A: 13 05 11 26 | 07
#0895-d264 @A: 28 11 32 26 | 12
#0896-d264 @A: 32 21 26 23 | 04
#0897-d264 @A: 13 25 22 30 | 05
#0898-d264 @A: 25 30 33 01 | 01
#0899-d264 @A: 32 04 12 30 | 02
#0900-d264 @A: 05 15 34 30 | 11
#0901-d264 @A: 16 24 09 30 | 08
#0902-d264 @A: 32 16 30 18 | 06
#0903-d264 @A: 30 18 06 05 | 03
#0904-d264 @A: 30 11 27 31 | 09
#0905-d264 @A: 31 22 30 15 | 10
#0906-d264 @A: 21 33 30 22 | 07
#0907-d264 @A: 27 32 17 30 | 12
#0908-d264 @A: 02 04 13 10 | 04
#0909-d264 @A: 21 24 02 10 | 05
#0910-d264 @A: 03 10 34 05 | 01
#0911-d264 @A: 11 22 20 10 | 02
#0912-d264 @A: 10 07 11 03 | 11
#0913-d264 @A: 22 08 13 10 | 08
#0914-d264 @A: 10 24 12 33 | 06
#0915-d264 @A: 28 10 01 29 | 03
#0916-d264 @A: 10 20 09 21 | 09
#0917-d264 @A: 03 04 25 06 | 10
#0918-d264 @A: 23 24 04 25 | 07
#0919-d264 @A: 04 01 05 25 | 12
#0920-d264 @A: 22 19 25 15 | 04
#0921-d264 @A: 09 12 25 19 | 05
#0922-d264 @A: 06 25 01 23 | 01
#0923-d264 @A: 11 01 22 25 | 02
#0924-d264 @A: 15 25 33 17 | 11
#0925-d264 @A: 25 23 09 08 | 08
#0926-d264 @A: 25 23 32 18 | 06
#0927-d264 @A: 25 31 13 08 | 03
#0928-d264 @A: 18 15 25 31 | 09
#0929-d264 @A: 08 02 34 16 | 10
#0930-d264 @A: 34 24 02 31 | 07
#0931-d264 @A: 18 06 11 02 | 12
#0932-d264 @A: 29 02 06 05 | 04
#0933-d264 @A: 22 02 33 31 | 05
#0934-d264 @A: 02 01 24 28 | 01
#0935-d264 @A: 07 02 21 08 | 02
#0936-d264 @A: 32 15 23 02 | 11
#0937-d264 @A: 28 31 02 03 | 08
#0938-d264 @A: 11 21 04 34 | 06
#0939-d264 @A: 18 04 16 27 | 03
#0940-d264 @A: 18 12 04 06 | 09
#0941-d264 @A: 17 33 08 04 | 10
#0942-d264 @A: 04 05 24 28 | 07
#0943-d264 @A: 18 20 04 01 | 12
#0944-d264 @A: 33 31 04 32 | 04
#0945-d264 @A: 20 13 31 04 | 05
#0946-d264 @A: 19 33 34 03 | 01
#0947-d264 @A: 16 05 34 23 | 02
#0948-d264 @A: 06 05 34 01 | 11
#0949-d264 @A: 34 07 31 06 | 08
#0950-d264 @A: 32 17 34 22 | 06
#0951-d264 @A: 29 09 34 24 | 03
#0952-d264 @A: 15 24 34 13 | 09
#0953-d264 @A: 05 34 28 08 | 10
#0954-d264 @A: 31 03 34 08 | 07
#0955-d264 @A: 23 16 19 27 | 12
#0956-d264 @A: 11 19 17 20 | 04
#0957-d264 @A: 03 17 19 12 | 05
#0958-d264 @A: 31 17 19 13 | 01
#0959-d264 @A: 24 19 27 28 | 02
#0960-d264 @A: 19 23 31 07 | 11
#0961-d264 @A: 13 19 01 28 | 08
#0962-d264 @A: 03 13 19 21 | 06
#0963-d264 @A: 06 16 03 24 | 03
#0964-d264 @A: 07 15 12 16 | 09
#0965-d264 @A: 16 29 08 28 | 10
#0966-d264 @A: 21 33 29 16 | 07
#0967-d264 @A: 13 06 11 21 | 12
#0968-d264 @A: 13 29 06 12 | 04
#0969-d264 @A: 18 06 08 07 | 05
#0970-d264 @A: 33 06 08 32 | 01
#0971-d264 @A: 11 31 07 28 | 02
#0972-d264 @A: 11 01 09 21 | 11
#0973-d264 @A: 20 17 28 12 | 08
#0974-d264 @A: 33 28 17 07 | 06
#0975-d264 @A: 01 08 17 13 | 03
#0976-d264 @A: 03 08 15 17 | 09
#0977-d264 @A: 03 15 21 24 | 10
#0978-d264 @A: 27 32 21 03 | 07
#0979-d264 @A: 13 12 21 05 | 12
#0980-d264 @A: 28 05 23 07 | 04
#0981-d264 @A: 07 23 33 18 | 05
#0982-d264 @A: 03 09 20 33 | 01
#0983-d264 @A: 33 31 21 13 | 02
#0984-d264 @A: 33 21 08 18 | 11
#0985-d264 @A: 35 29 14 02 | 08
#0986-d264 @A: 08 30 35 02 | 06
#0987-d264 @A: 23 30 34 35 | 03
#0988-d264 @A: 31 10 35 34 | 09
#0989-d264 @A: 24 35 10 01 | 10
#0990-d264 @A: 32 25 35 16 | 07
#0991-d264 @A: 03 20 25 35 | 12
#0992-d264 @A: 02 35 21 09 | 04
#0993-d264 @A: 12 35 19 04 | 05
#0994-d264 @A: 22 16 08 35 | 01
#0995-d264 @A: 06 03 11 35 | 02
#0996-d264 @A: 35 24 11 09 | 11
#0997-d264 @A: 33 28 35 24 | 08
#0998-d264 @A: 35 29 07 21 | 06
#0999-d264 @A: 18 35 01 29 | 03
#1000-d264 @A: 23 08 07 35 | 09
#1001-d264 @A: 31 35 15 23 | 10
#1002-d264 @A: 10 21 14 17 | 07
#1003-d264 @A: 10 15 27 14 | 12
#1004-d264 @A: 25 14 22 12 | 04
#1005-d264 @A: 09 14 20 25 | 05
#1006-d264 @A: 31 21 14 02 | 01
#1007-d264 @A: 14 04 06 08 | 02
#1008-d264 @A: 07 14 04 27 | 11
#1009-d264 @A: 06 14 29 28 | 08
#1010-d264 @A: 14 29 22 11 | 06
#1011-d264 @A: 32 14 24 17 | 03
#1012-d264 @A: 01 17 05 14 | 09
#1013-d264 @A: 14 33 24 08 | 10
#1014-d264 @A: 14 13 29 05 | 07
#1015-d264 @A: 14 13 18 08 | 12
#1016-d264 @A: 10 25 26 20 | 04
#1017-d264 @A: 13 10 26 15 | 05
#1018-d264 @A: 25 26 27 23 | 01
#1019-d264 @A: 26 19 02 08 | 02
#1020-d264 @A: 26 02 15 17 | 11
#1021-d264 @A: 27 26 28 02 | 08
#1022-d264 @A: 26 34 12 16 | 06
#1023-d264 @A: 26 06 20 12 | 03
#1024-d264 @A: 26 29 24 05 | 09
#1025-d264 @A: 09 12 26 28 | 10
#1026-d264 @A: 26 18 13 01 | 07
#1027-d264 @A: 26 03 21 28 | 12
#1028-d264 @A: 21 20 31 26 | 04
#1029-d264 @A: 10 06 30 20 | 05
#1030-d264 @A: 30 25 20 04 | 01
#1031-d264 @A: 23 02 06 30 | 02
#1032-d264 @A: 09 04 30 11 | 11
#1033-d264 @A: 32 06 30 34 | 08
#1034-d264 @A: 07 19 05 30 | 06
#1035-d264 @A: 07 30 06 11 | 03
#1036-d264 @A: 22 17 30 11 | 09
#1037-d264 @A: 27 22 30 07 | 10
#1038-d264 @A: 22 23 05 30 | 07
#1039-d264 @A: 18 24 27 30 | 12
#1040-d264 @A: 29 09 28 30 | 04
#1041-d264 @A: 30 01 28 08 | 05
#1042-d264 @A: 07 19 25 10 | 01
#1043-d264 @A: 28 10 23 02 | 02
#1044-d264 @A: 10 04 27 20 | 11
#1045-d264 @A: 10 19 15 34 | 08
#1046-d264 @A: 19 24 09 10 | 06
#1047-d264 @A: 01 19 10 21 | 03
#1048-d264 @A: 05 29 10 22 | 09
#1049-d264 @A: 12 10 08 21 | 10
#1050-d264 @A: 27 02 01 25 | 07
#1051-d264 @A: 19 06 13 25 | 12
#1052-d264 @A: 11 19 31 25 | 04
#1053-d264 @A: 08 17 25 22 | 05
#1054-d264 @A: 25 21 05 17 | 01
#1055-d264 @A: 25 20 17 29 | 02
#1056-d264 @A: 25 09 31 07 | 11
#1057-d264 @A: 15 25 28 21 | 08
#1058-d264 @A: 04 19 02 23 | 06
#1059-d264 @A: 04 18 17 02 | 03
#1060-d264 @A: 02 24 07 19 | 09
#1061-d264 @A: 27 03 02 06 | 10
#1062-d264 @A: 02 11 17 29 | 07
#1063-d264 @A: 02 31 05 22 | 12
#1064-d264 @A: 20 17 31 02 | 04
#1065-d264 @A: 02 27 13 29 | 05
#1066-d264 @A: 01 13 21 02 | 01
#1067-d264 @A: 02 33 20 18 | 02
#1068-d264 @A: 17 04 03 34 | 11
#1069-d264 @A: 07 16 04 19 | 08
#1070-d264 @A: 21 27 04 15 | 06
#1071-d264 @A: 28 04 01 23 | 03
#1072-d264 @A: 13 23 32 04 | 09
#1073-d264 @A: 15 34 16 27 | 10
#1074-d264 @A: 34 11 13 27 | 07
#1075-d264 @A: 33 01 09 34 | 12
#1076-d264 @A: 20 18 32 34 | 04
#1077-d264 @A: 32 16 24 19 | 05
#1078-d264 @A: 18 29 19 16 | 01
#1079-d264 @A: 19 29 15 13 | 02
#1080-d264 @A: 19 07 18 09 | 11
#1081-d264 @A: 19 09 21 23 | 08
#1082-d264 @A: 32 08 19 21 | 06
#1083-d264 @A: 20 16 06 05 | 03
#1084-d264 @A: 06 23 33 16 | 09
#1085-d264 @A: 09 16 05 11 | 10
#1086-d264 @A: 17 16 05 32 | 07
#1087-d264 @A: 16 29 24 15 | 12
#1088-d264 @A: 16 03 12 29 | 04
#1089-d264 @A: 08 12 16 13 | 05
#1090-d264 @A: 16 28 18 12 | 01
#1091-d264 @A: 23 29 16 20 | 02
#1092-d264 @A: 09 16 15 28 | 11
#1093-d264 @A: 16 31 23 01 | 08
#1094-d264 @A: 16 20 13 21 | 06
#1095-d264 @A: 24 11 32 06 | 03
#1096-d264 @A: 12 06 28 31 | 09
#1097-d264 @A: 06 29 32 31 | 10
#1098-d264 @A: 08 29 06 03 | 07
#1099-d264 @A: 08 06 15 13 | 12
#1100-d264 @A: 15 23 06 28 | 04
#1101-d264 @A: 21 11 24 05 | 05
#1102-d264 @A: 03 23 29 11 | 01
#1103-d264 @A: 08 22 21 24 | 02
#1104-d264 @A: 08 22 18 12 | 11
#1105-d264 @A: 01 09 18 22 | 08
#1106-d264 @A: 03 22 23 13 | 06
#1107-d264 @A: 18 01 17 21 | 03
#1108-d264 @A: 03 33 32 17 | 09
#1109-d264 @A: 24 05 31 12 | 10
#1110-d264 @A: 29 03 24 07 | 07
#1111-d264 @A: 32 24 21 01 | 12
#1112-d264 @A: 29 28 27 05 | 04
#1113-d264 @A: 21 09 27 08 | 05
#1114-d264 @A: 01 27 18 03 | 01
#1115-d264 @A: 33 12 05 03 | 02
#1116-d264 @A: 05 01 15 31 | 11
#1117-d264 @A: 08 18 05 15 | 08
#1118-d264 @A: 12 32 33 18 | 06
#1119-d264 @A: 23 21 12 33 | 03
#1120-d264 @A: 14 12 35 24 | 09
#1121-d264 @A: 29 33 14 35 | 10
#1122-d264 @A: 26 16 35 11 | 07
#1123-d264 @A: 35 26 03 23 | 12
#1124-d264 @A: 01 35 30 25 | 04
#1125-d264 @A: 35 28 30 16 | 05
#1126-d264 @A: 30 12 35 22 | 01
#1127-d264 @A: 22 35 25 18 | 02
#1128-d264 @A: 11 35 31 02 | 11
#1129-d264 @A: 05 18 35 02 | 08
#1130-d264 @A: 23 01 02 35 | 06
#1131-d264 @A: 04 06 31 35 | 03
#1132-d264 @A: 19 11 07 35 | 09
#1133-d264 @A: 05 19 35 13 | 10
#1134-d264 @A: 15 16 18 35 | 07
#1135-d264 @A: 35 24 03 22 | 12
#1136-d264 @A: 12 32 13 35 | 04
#1137-d264 @A: 09 29 23 35 | 05
#1138-d264 @A: 20 33 35 07 | 01
#1139-d264 @A: 09 20 31 35 | 02
#1140-d264 @A: 26 14 05 23 | 11
#1141-d264 @A: 30 02 14 03 | 08
#1142-d264 @A: 10 04 14 12 | 06
#1143-d264 @A: 16 03 25 14 | 03
#1144-d264 @A: 12 19 02 14 | 09
#1145-d264 @A: 22 04 14 21 | 10
#1146-d264 @A: 34 15 14 17 | 07
#1147-d264 @A: 34 28 27 14 | 12
#1148-d264 @A: 13 34 14 33 | 04
#1149-d264 @A: 16 14 19 21 | 05
#1150-d264 @A: 06 15 14 18 | 01
#1151-d264 @A: 14 31 17 27 | 02
#1152-d264 @A: 17 19 30 26 | 11
#1153-d264 @A: 11 10 26 19 | 08
#1154-d264 @A: 07 26 10 17 | 06
#1155-d264 @A: 10 24 26 18 | 03
#1156-d264 @A: 05 26 10 09 | 09
#1157-d264 @A: 15 25 34 26 | 10
#1158-d264 @A: 26 31 27 22 | 07
#1159-d264 @A: 08 23 26 24 | 12
#1160-d264 @A: 26 33 09 13 | 04
#1161-d264 @A: 02 30 07 10 | 05
#1162-d264 @A: 16 10 30 12 | 01
#1163-d264 @A: 10 15 29 30 | 02
#1164-d264 @A: 02 11 15 30 | 11
#1165-d264 @A: 04 30 27 28 | 08
#1166-d264 @A: 30 24 34 07 | 06
#1167-d264 @A: 21 16 30 05 | 03
#1168-d264 @A: 30 24 23 11 | 09
#1169-d264 @A: 30 24 28 17 | 10
#1170-d264 @A: 12 17 30 21 | 07
#1171-d264 @A: 01 30 05 09 | 12
#1172-d264 @A: 29 09 30 33 | 04
#1173-d264 @A: 18 07 30 21 | 05
#1174-d264 @A: 09 18 20 30 | 01
#1175-d264 @A: 23 30 33 03 | 02
#1176-d264 @A: 09 11 10 02 | 11
#1177-d264 @A: 27 18 02 10 | 08
#1178-d264 @A: 13 10 02 33 | 06
#1179-d264 @A: 10 13 34 16 | 03
#1180-d264 @A: 23 19 17 10 | 09
#1181-d264 @A: 16 03 10 33 | 10
#1182-d264 @A: 03 10 23 31 | 07
#1183-d264 @A: 25 22 32 04 | 12
#1184-d264 @A: 08 19 24 25 | 04
#1185-d264 @A: 29 25 19 33 | 05
#1186-d264 @A: 25 27 31 16 | 01
#1187-d264 @A: 15 25 06 05 | 02
#1188-d264 @A: 24 01 25 07 | 11
#1189-d264 @A: 13 12 07 25 | 08
#1190-d264 @A: 03 12 25 31 | 06
#1191-d264 @A: 03 25 21 08 | 03
#1192-d264 @A: 08 25 18 20 | 09
#1193-d264 @A: 04 06 02 20 | 10
#1194-d264 @A: 02 03 04 22 | 07
#1195-d264 @A: 02 04 09 31 | 12
#1196-d264 @A: 02 23 34 20 | 04
#1197-d264 @A: 08 22 06 02 | 05
#1198-d264 @A: 12 07 06 02 | 01
#1199-d264 @A: 32 02 09 33 | 02
#1200-d264 @A: 09 08 02 20 | 11
#1201-d264 @A: 34 08 19 04 | 08
#1202-d264 @A: 27 04 34 31 | 06
#1203-d264 @A: 09 04 19 13 | 03
#1204-d264 @A: 33 28 04 19 | 09
#1205-d264 @A: 29 16 04 05 | 10
#1206-d264 @A: 13 04 22 01 | 07
#1207-d264 @A: 04 15 18 07 | 12
#1208-d264 @A: 34 19 31 20 | 04
#1209-d264 @A: 31 16 34 17 | 05
#1210-d264 @A: 34 21 17 06 | 01
#1211-d264 @A: 08 27 34 32 | 02
#1212-d264 @A: 34 12 20 15 | 11
#1213-d264 @A: 09 08 07 34 | 08
#1214-d264 @A: 21 07 13 34 | 06
#1215-d264 @A: 23 15 34 03 | 03
#1216-d264 @A: 19 16 06 31 | 09
#1217-d264 @A: 05 16 19 08 | 10
#1218-d264 @A: 19 06 24 29 | 07
#1219-d264 @A: 19 15 27 11 | 12
#1220-d264 @A: 22 28 19 12 | 04
#1221-d264 @A: 29 19 31 22 | 05
#1222-d264 @A: 21 27 07 19 | 01
#1223-d264 @A: 29 28 21 19 | 02
#1224-d264 @A: 18 16 22 06 | 11
#1225-d264 @A: 07 29 17 16 | 08
#1226-d264 @A: 31 08 16 07 | 06
#1227-d264 @A: 08 18 16 01 | 03
#1228-d264 @A: 16 13 23 18 | 09
#1229-d264 @A: 16 03 20 15 | 10
#1230-d264 @A: 16 33 08 20 | 07
#1231-d264 @A: 22 06 12 09 | 12
#1232-d264 @A: 17 20 13 06 | 04
#1233-d264 @A: 24 06 18 01 | 05
#1234-d264 @A: 06 20 24 21 | 01
#1235-d264 @A: 27 28 06 08 | 02
#1236-d264 @A: 06 33 31 12 | 11
#1237-d264 @A: 07 23 13 06 | 08
#1238-d264 @A: 11 17 24 31 | 06
#1239-d264 @A: 05 33 11 24 | 03
#1240-d264 @A: 20 27 01 11 | 09
#1241-d264 @A: 11 13 29 07 | 10
#1242-d264 @A: 32 11 08 18 | 07
#1243-d264 @A: 03 11 13 20 | 12
#1244-d264 @A: 11 15 23 21 | 04
#1245-d264 @A: 20 27 18 22 | 05
#1246-d264 @A: 21 22 01 23 | 01
#1247-d264 @A: 27 24 17 07 | 02
#1248-d264 @A: 17 15 23 27 | 11
#1249-d264 @A: 33 17 29 31 | 08
#1250-d264 @A: 09 03 17 20 | 06
#1251-d264 @A: 03 01 17 31 | 03
#1252-d264 @A: 23 17 32 31 | 09
#1253-d264 @A: 27 24 33 32 | 10
#1254-d264 @A: 20 24 12 09 | 07
#1255-d264 @A: 24 15 20 31 | 12
#1256-d264 @A: 03 24 21 33 | 04
#1257-d264 @A: 05 09 27 07 | 05
#1258-d264 @A: 32 07 23 27 | 01
#1259-d264 @A: 01 28 15 27 | 02
#1260-d264 @A: 08 27 13 33 | 11
#1261-d264 @A: 27 15 08 31 | 08
#1262-d264 @A: 05 32 20 21 | 06
#1263-d264 @A: 28 05 15 33 | 03
#1264-d264 @A: 01 23 33 12 | 09
#1265-d264 @A: 26 14 31 35 | 10
#1266-d264 @A: 26 35 30 29 | 07
#1267-d264 @A: 22 21 26 35 | 12
#1268-d264 @A: 13 27 26 35 | 04
#1269-d264 @A: 11 35 30 18 | 05
#1270-d264 @A: 15 30 35 17 | 01
#1271-d264 @A: 11 35 10 33 | 02
#1272-d264 @A: 34 13 02 35 | 11
#1273-d264 @A: 32 22 02 35 | 08
#1274-d264 @A: 04 29 22 35 | 06
#1275-d264 @A: 35 34 03 16 | 03
#1276-d264 @A: 35 06 24 34 | 09
#1277-d264 @A: 07 35 22 34 | 10
#1278-d264 @A: 16 31 24 35 | 07
#1279-d264 @A: 35 32 06 23 | 12
#1280-d264 @A: 27 32 11 35 | 04
#1281-d264 @A: 11 28 21 35 | 05
#1282-d264 @A: 03 17 05 35 | 01
#1283-d264 @A: 05 24 07 35 | 02
#1284-d264 @A: 13 03 35 08 | 11
#1285-d264 @A: 21 26 14 33 | 08
#1286-d264 @A: 11 30 25 14 | 06
#1287-d264 @A: 03 24 14 10 | 03
#1288-d264 @A: 14 02 12 33 | 09
#1289-d264 @A: 03 14 01 04 | 10
#1290-d264 @A: 21 03 14 34 | 07
#1291-d264 @A: 19 33 18 14 | 12
#1292-d264 @A: 20 14 17 22 | 04
#1293-d264 @A: 14 27 12 29 | 05
#1294-d264 @A: 23 15 29 14 | 01
#1295-d264 @A: 18 32 14 07 | 02
#1296-d264 @A: 13 03 32 14 | 11
#1297-d264 @A: 13 31 14 23 | 08
#1298-d264 @A: 26 02 30 18 | 06
#1299-d264 @A: 26 19 33 30 | 03
#1300-d264 @A: 16 26 23 30 | 09
#1301-d264 @A: 29 26 25 22 | 10
#1302-d264 @A: 26 02 12 24 | 07
#1303-d264 @A: 04 20 16 26 | 12
#1304-d264 @A: 26 05 08 04 | 04
#1305-d264 @A: 22 20 34 26 | 05
#1306-d264 @A: 26 01 27 34 | 01
#1307-d264 @A: 06 26 05 32 | 02
#1308-d264 @A: 26 22 08 01 | 11
#1309-d264 @A: 17 05 18 26 | 08
#1310-d264 @A: 33 26 20 24 | 06
#1311-d264 @A: 29 08 09 26 | 03
#1312-d264 @A: 03 31 26 07 | 09
#1313-d264 @A: 10 19 30 04 | 10
#1314-d264 @A: 10 30 05 13 | 07
#1315-d264 @A: 30 04 23 17 | 12
#1316-d264 @A: 28 06 19 30 | 04
#1317-d264 @A: 19 30 21 11 | 05
#1318-d264 @A: 19 27 01 30 | 01
#1319-d264 @A: 22 16 30 20 | 02
#1320-d264 @A: 30 29 27 16 | 11
#1321-d264 @A: 29 32 30 11 | 08
#1322-d264 @A: 30 08 20 17 | 06
#1323-d264 @A: 20 30 07 15 | 03
#1324-d264 @A: 09 30 13 32 | 09
#1325-d264 @A: 01 31 30 18 | 10
#1326-d264 @A: 15 03 28 30 | 07
#1327-d264 @A: 34 25 01 10 | 12
#1328-d264 @A: 25 09 10 16 | 04
#1329-d264 @A: 34 10 02 22 | 05
#1330-d264 @A: 11 08 10 34 | 01
#1331-d264 @A: 34 10 29 07 | 02
#1332-d264 @A: 10 22 24 06 | 11
#1333-d264 @A: 29 11 24 10 | 08
#1334-d264 @A: 28 31 22 10 | 06
#1335-d264 @A: 07 10 08 24 | 03
#1336-d264 @A: 20 07 12 10 | 09
#1337-d264 @A: 10 09 12 03 | 10
#1338-d264 @A: 32 21 10 31 | 07
#1339-d264 @A: 18 21 10 23 | 12
#1340-d264 @A: 25 08 11 02 | 04
#1341-d264 @A: 20 02 25 28 | 05
#1342-d264 @A: 25 17 09 04 | 01
#1343-d264 @A: 27 12 04 25 | 02
#1344-d264 @A: 34 25 16 24 | 11
#1345-d264 @A: 25 05 34 09 | 08
#1346-d264 @A: 25 16 20 11 | 06
#1347-d264 @A: 25 29 03 13 | 03
#1348-d264 @A: 25 33 31 07 | 09
#1349-d264 @A: 21 25 31 01 | 10
#1350-d264 @A: 02 21 16 04 | 07
#1351-d264 @A: 21 02 06 19 | 12
#1352-d264 @A: 02 16 09 18 | 04
#1353-d264 @A: 13 03 02 16 | 05
#1354-d264 @A: 20 24 11 02 | 01
#1355-d264 @A: 11 28 05 02 | 02
#1356-d264 @A: 23 24 22 02 | 11
#1357-d264 @A: 01 31 02 07 | 08
#1358-d264 @A: 13 02 23 09 | 06
#1359-d264 @A: 01 32 20 02 | 03
#1360-d264 @A: 03 18 02 23 | 09
#1361-d264 @A: 04 34 29 01 | 10
#1362-d264 @A: 22 04 11 19 | 07
#1363-d264 @A: 04 18 19 03 | 12
#1364-d264 @A: 04 11 03 24 | 04
#1365-d264 @A: 04 24 13 07 | 05
#1366-d264 @A: 34 17 19 07 | 01
#1367-d264 @A: 24 03 19 34 | 02
#1368-d264 @A: 19 34 27 09 | 11
#1369-d264 @A: 11 34 17 28 | 08
#1370-d264 @A: 21 34 33 05 | 06
#1371-d264 @A: 29 13 08 34 | 03
#1372-d264 @A: 29 15 18 34 | 09
#1373-d264 @A: 34 09 31 21 | 10
#1374-d264 @A: 15 28 31 34 | 07
#1375-d264 @A: 34 18 23 08 | 12
#1376-d264 @A: 09 06 19 17 | 04
#1377-d264 @A: 32 22 19 05 | 05
#1378-d264 @A: 17 19 28 05 | 01
#1379-d264 @A: 21 12 19 31 | 02
#1380-d264 @A: 09 32 19 03 | 11
#1381-d264 @A: 19 21 33 20 | 08
#1382-d264 @A: 16 06 12 21 | 06
#1383-d264 @A: 17 16 13 11 | 03
#1384-d264 @A: 21 11 08 16 | 09
#1385-d264 @A: 16 24 22 13 | 10
#1386-d264 @A: 27 16 28 03 | 07
#1387-d264 @A: 12 16 01 09 | 12
#1388-d264 @A: 09 27 11 06 | 04
#1389-d264 @A: 03 06 23 12 | 05
#1390-d264 @A: 06 20 29 15 | 01
#1391-d264 @A: 08 06 01 09 | 02
#1392-d264 @A: 21 23 08 06 | 11
#1393-d264 @A: 21 32 12 11 | 08
#1394-d264 @A: 07 09 15 11 | 06
#1395-d264 @A: 11 01 32 13 | 03
#1396-d264 @A: 28 01 11 03 | 09
#1397-d264 @A: 12 17 22 24 | 10
#1398-d264 @A: 33 13 22 17 | 07
#1399-d264 @A: 29 01 22 12 | 12
#1400-d264 @A: 01 07 33 22 | 04
#1401-d264 @A: 23 09 17 05 | 05
#1402-d264 @A: 31 17 12 15 | 01
#1403-d264 @A: 08 17 23 12 | 02
#1404-d264 @A: 18 17 09 15 | 11
#1405-d264 @A: 17 28 03 23 | 08
#1406-d264 @A: 24 32 12 03 | 06
#1407-d264 @A: 13 07 24 33 | 03
#1408-d264 @A: 18 32 24 15 | 09
#1409-d264 @A: 23 24 20 32 | 10
#1410-d264 @A: 27 09 12 13 | 07
#1411-d264 @A: 21 27 13 23 | 12
#1412-d264 @A: 03 33 27 28 | 04
#1413-d264 @A: 05 03 29 20 | 05
#1414-d264 @A: 15 12 33 07 | 01
#1415-d264 @A: 07 09 03 33 | 02
#1416-d264 @A: 09 33 08 15 | 11
#1417-d264 @A: 14 35 03 07 | 08
#1418-d264 @A: 30 07 04 35 | 06
#1419-d264 @A: 05 32 30 35 | 03
#1420-d264 @A: 21 35 25 04 | 09
#1421-d264 @A: 12 06 35 25 | 10
#1422-d264 @A: 25 35 08 27 | 07
#1423-d264 @A: 02 35 20 27 | 12
#1424-d264 @A: 15 35 02 07 | 04
#1425-d264 @A: 35 04 17 20 | 05
#1426-d264 @A: 35 01 08 21 | 01
#1427-d264 @A: 31 13 35 21 | 02
#1428-d264 @A: 28 23 35 20 | 11
#1429-d264 @A: 14 26 07 34 | 08
#1430-d264 @A: 28 26 14 24 | 06
#1431-d264 @A: 28 25 10 14 | 03
#1432-d264 @A: 10 32 14 02 | 09
#1433-d264 @A: 25 14 13 02 | 10
#1434-d264 @A: 25 33 27 14 | 07
#1435-d264 @A: 14 04 28 02 | 12
#1436-d264 @A: 02 14 16 24 | 04
#1437-d264 @A: 22 18 02 14 | 05
#1438-d264 @A: 34 19 14 01 | 01
#1439-d264 @A: 32 27 19 14 | 02
#1440-d264 @A: 16 28 14 05 | 11
#1441-d264 @A: 22 13 14 06 | 08
#1442-d264 @A: 08 23 14 11 | 06
#1443-d264 @A: 08 27 22 14 | 03
#1444-d264 @A: 12 01 18 14 | 09
#1445-d264 @A: 01 09 13 14 | 10
#1446-d264 @A: 01 32 23 14 | 07
#1447-d264 @A: 03 01 33 14 | 12
#1448-d264 @A: 31 14 28 32 | 04
#1449-d264 @A: 28 30 26 34 | 05
#1450-d264 @A: 26 30 07 09 | 01
#1451-d264 @A: 16 26 28 25 | 02
#1452-d264 @A: 25 26 13 24 | 11
#1453-d264 @A: 25 26 05 12 | 08
#1454-d264 @A: 11 02 21 26 | 06
#1455-d264 @A: 29 26 33 02 | 03
#1456-d264 @A: 26 23 31 02 | 09
#1457-d264 @A: 13 04 26 12 | 10
#1458-d264 @A: 31 04 26 28 | 07
#1459-d264 @A: 34 06 03 26 | 12
#1460-d264 @A: 26 09 34 11 | 04
#1461-d264 @A: 08 27 26 16 | 05
#1462-d264 @A: 11 26 01 33 | 01
#1463-d264 @A: 15 07 23 26 | 02
#1464-d264 @A: 13 26 21 08 | 11
#1465-d264 @A: 25 19 30 23 | 08
#1466-d264 @A: 30 25 29 06 | 06
#1467-d264 @A: 18 13 34 30 | 03
#1468-d264 @A: 15 06 30 16 | 09
#1469-d264 @A: 05 29 17 30 | 10
#1470-d264 @A: 05 30 24 08 | 07
#1471-d264 @A: 30 07 31 32 | 12
#1472-d264 @A: 15 30 09 21 | 04
#1473-d264 @A: 30 09 31 03 | 05
#1474-d264 @A: 31 21 08 30 | 01
#1475-d264 @A: 25 17 06 10 | 02
#1476-d264 @A: 19 10 18 22 | 11
#1477-d264 @A: 10 27 32 16 | 08
#1478-d264 @A: 05 10 16 07 | 06
#1479-d264 @A: 10 13 06 18 | 03
#1480-d264 @A: 28 15 12 10 | 09
#1481-d264 @A: 32 09 18 10 | 10
#1482-d264 @A: 15 01 23 10 | 07
#1483-d264 @A: 20 32 13 10 | 12
#1484-d264 @A: 03 08 18 10 | 04
#1485-d264 @A: 23 08 20 10 | 05
#1486-d264 @A: 03 28 10 20 | 01
#1487-d264 @A: 25 02 18 19 | 02
#1488-d264 @A: 21 25 02 22 | 11
#1489-d264 @A: 25 23 05 02 | 08
#1490-d264 @A: 16 15 25 04 | 06
#1491-d264 @A: 23 29 34 25 | 03
#1492-d264 @A: 25 19 01 16 | 09
#1493-d264 @A: 21 16 29 25 | 10
#1494-d264 @A: 21 06 27 25 | 07
#1495-d264 @A: 32 25 17 11 | 12
#1496-d264 @A: 03 09 25 11 | 04
#1497-d264 @A: 23 11 28 25 | 05
#1498-d264 @A: 29 25 18 07 | 01
#1499-d264 @A: 17 19 02 01 | 02
#1500-d264 @A: 02 06 24 13 | 11
#1501-d264 @A: 09 02 24 17 | 08
#1502-d264 @A: 13 32 05 02 | 06
#1503-d264 @A: 23 02 21 12 | 03
#1504-d264 @A: 23 02 29 08 | 09
#1505-d264 @A: 02 07 09 03 | 10
#1506-d264 @A: 33 08 07 02 | 07
#1507-d264 @A: 20 02 15 13 | 12
#1508-d264 @A: 34 24 04 20 | 04
#1509-d264 @A: 05 34 18 04 | 05
#1510-d264 @A: 04 32 19 06 | 01
#1511-d264 @A: 27 04 29 19 | 02
#1512-d264 @A: 16 04 28 22 | 11
#1513-d264 @A: 06 07 04 22 | 08
#1514-d264 @A: 09 04 21 12 | 06
#1515-d264 @A: 04 12 31 23 | 03
#1516-d264 @A: 29 13 21 04 | 09
#1517-d264 @A: 20 33 04 15 | 10
#1518-d264 @A: 03 21 04 31 | 07
#1519-d264 @A: 27 22 33 34 | 12
#1520-d264 @A: 22 05 34 13 | 04
#1521-d264 @A: 17 34 23 24 | 05
#1522-d264 @A: 05 24 34 32 | 01
#1523-d264 @A: 28 29 34 03 | 02
#1524-d264 @A: 06 17 33 19 | 11
#1525-d264 @A: 12 24 19 11 | 08
#1526-d264 @A: 11 19 29 09 | 06
#1527-d264 @A: 23 05 19 33 | 03
#1528-d264 @A: 13 07 08 19 | 09
#1529-d264 @A: 19 20 23 15 | 10
#1530-d264 @A: 23 08 28 19 | 07
#1531-d264 @A: 11 29 06 16 | 12
#1532-d264 @A: 07 16 06 27 | 04
#1533-d264 @A: 16 22 15 32 | 05
#1534-d264 @A: 16 15 01 13 | 01
#1535-d264 @A: 05 24 06 09 | 02
#1536-d264 @A: 01 06 29 07 | 11
#1537-d264 @A: 06 23 09 31 | 08
#1538-d264 @A: 28 06 21 01 | 06
#1539-d264 @A: 20 28 06 18 | 03
#1540-d264 @A: 03 11 21 17 | 09
#1541-d264 @A: 13 18 11 12 | 10
#1542-d264 @A: 11 20 07 21 | 07
#1543-d264 @A: 32 11 20 31 | 12
#1544-d264 @A: 18 17 23 22 | 04
#1545-d264 @A: 09 22 07 21 | 05
#1546-d264 @A: 13 22 31 09 | 01
#1547-d264 @A: 31 29 17 21 | 02
#1548-d264 @A: 07 17 09 01 | 11
#1549-d264 @A: 29 12 24 08 | 08
#1550-d264 @A: 18 24 07 12 | 06
#1551-d264 @A: 23 29 21 24 | 03
#1552-d264 @A: 13 05 03 27 | 09
#1553-d264 @A: 27 23 01 08 | 10
#1554-d264 @A: 12 28 01 05 | 07
#1555-d264 @A: 32 28 09 05 | 12
#1556-d264 @A: 18 01 05 32 | 04
#1557-d264 @A: 03 29 18 33 | 05
#1558-d264 @A: 26 34 18 35 | 01
#1559-d264 @A: 28 35 10 05 | 02
#1560-d264 @A: 11 25 15 35 | 11
#1561-d264 @A: 04 35 28 34 | 08
#1562-d264 @A: 35 18 32 04 | 06
#1563-d264 @A: 35 34 27 05 | 03
#1564-d264 @A: 20 35 07 16 | 09
#1565-d264 @A: 27 28 22 35 | 10
#1566-d264 @A: 35 24 29 17 | 07
#1567-d264 @A: 07 35 17 13 | 12
#1568-d264 @A: 24 15 27 35 | 04
#1569-d264 @A: 20 29 35 32 | 05
#1570-d264 @A: 03 15 35 29 | 01
#1571-d264 @A: 09 01 35 03 | 02
#1572-d264 @A: 31 03 35 32 | 11
#1573-d264 @A: 35 20 13 18 | 08
#1574-d264 @A: 05 14 31 30 | 06
#1575-d264 @A: 32 21 14 30 | 03
#1576-d264 @A: 10 01 14 16 | 09
#1577-d264 @A: 29 25 24 14 | 10
#1578-d264 @A: 23 21 25 14 | 07
#1579-d264 @A: 13 14 34 04 | 12
#1580-d264 @A: 14 34 29 16 | 04
#1581-d264 @A: 11 32 14 34 | 05
#1582-d264 @A: 22 14 24 19 | 01
#1583-d264 @A: 14 16 08 09 | 02
#1584-d264 @A: 06 23 14 20 | 11
#1585-d264 @A: 14 33 09 22 | 08
#1586-d264 @A: 07 29 09 14 | 06
#1587-d264 @A: 32 14 29 08 | 03
#1588-d264 @A: 14 01 20 31 | 09
#1589-d264 @A: 28 14 08 03 | 10
#1590-d264 @A: 26 34 17 08 | 07
#1591-d264 @A: 33 06 26 18 | 12
#1592-d264 @A: 07 08 12 26 | 04
#1593-d264 @A: 26 32 13 07 | 05
#1594-d264 @A: 21 18 26 09 | 01
#1595-d264 @A: 30 10 33 17 | 02
#1596-d264 @A: 16 30 08 25 | 11
#1597-d264 @A: 03 24 25 30 | 08
#1598-d264 @A: 19 32 30 02 | 06
#1599-d264 @A: 02 16 31 30 | 03
#1600-d264 @A: 02 30 24 29 | 09
#1601-d264 @A: 08 13 04 30 | 10
#1602-d264 @A: 12 19 34 30 | 07
#1603-d264 @A: 09 06 30 33 | 12
#1604-d264 @A: 05 11 30 12 | 04
#1605-d264 @A: 09 27 23 30 | 05
#1606-d264 @A: 27 31 30 33 | 01
#1607-d264 @A: 30 23 20 13 | 02
#1608-d264 @A: 25 02 10 31 | 11
#1609-d264 @A: 25 10 06 33 | 08
#1610-d264 @A: 12 05 10 02 | 06
#1611-d264 @A: 03 04 16 10 | 03
#1612-d264 @A: 08 10 16 06 | 09
#1613-d264 @A: 18 16 10 11 | 10
#1614-d264 @A: 10 07 32 06 | 07
#1615-d264 @A: 11 10 13 23 | 12
#1616-d264 @A: 13 10 12 17 | 04
#1617-d264 @A: 01 10 09 27 | 05
#1618-d264 @A: 07 15 10 21 | 01
#1619-d264 @A: 13 21 28 10 | 02
#1620-d264 @A: 10 08 28 33 | 11
#1621-d264 @A: 04 07 34 25 | 08
#1622-d264 @A: 25 19 28 04 | 06
#1623-d264 @A: 19 21 25 34 | 03
#1624-d264 @A: 24 25 05 27 | 09
#1625-d264 @A: 25 33 08 12 | 10
#1626-d264 @A: 12 21 20 25 | 07
#1627-d264 @A: 08 25 15 07 | 12
#1628-d264 @A: 24 02 15 04 | 04
#1629-d264 @A: 02 04 03 33 | 05
#1630-d264 @A: 02 34 07 27 | 01
#1631-d264 @A: 05 34 02 21 | 02
#1632-d264 @A: 34 02 01 18 | 11
#1633-d264 @A: 17 27 02 21 | 08
#1634-d264 @A: 31 04 05 19 | 06
#1635-d264 @A: 11 16 31 04 | 03
#1636-d264 @A: 04 06 28 17 | 09
#1637-d264 @A: 01 04 27 06 | 10
#1638-d264 @A: 13 27 17 04 | 07
#1639-d264 @A: 33 24 04 29 | 12
#1640-d264 @A: 09 04 23 18 | 04
#1641-d264 @A: 23 03 04 08 | 05
#1642-d264 @A: 28 33 34 16 | 01
#1643-d264 @A: 22 15 11 34 | 02
#1644-d264 @A: 01 34 24 11 | 11
#1645-d264 @A: 34 11 05 07 | 08
#1646-d264 @A: 31 32 13 34 | 06
#1647-d264 @A: 19 05 01 11 | 03
#1648-d264 @A: 08 17 27 19 | 09
#1649-d264 @A: 23 13 19 12 | 10
#1650-d264 @A: 03 28 07 19 | 07
#1651-d264 @A: 19 08 15 09 | 12
#1652-d264 @A: 31 28 18 19 | 04
#1653-d264 @A: 16 17 23 06 | 05
#1654-d264 @A: 32 06 16 01 | 01
#1655-d264 @A: 13 33 16 11 | 02
#1656-d264 @A: 24 05 16 18 | 11
#1657-d264 @A: 16 31 12 32 | 08
#1658-d264 @A: 18 03 07 16 | 06
#1659-d264 @A: 13 06 05 33 | 03
#1660-d264 @A: 03 06 05 28 | 09
#1661-d264 @A: 12 08 06 32 | 10
#1662-d264 @A: 07 03 06 21 | 07
#1663-d264 @A: 31 11 22 21 | 12
#1664-d264 @A: 20 12 29 11 | 04
#1665-d264 @A: 09 11 18 28 | 05
#1666-d264 @A: 33 11 28 18 | 01
#1667-d264 @A: 29 24 22 27 | 02
#1668-d264 @A: 32 22 23 12 | 11
#1669-d264 @A: 18 13 22 29 | 08
#1670-d264 @A: 28 22 23 29 | 06
#1671-d264 @A: 15 20 01 22 | 03
#1672-d264 @A: 20 31 03 22 | 09
#1673-d264 @A: 23 17 13 29 | 10
#1674-d264 @A: 20 07 18 17 | 07
#1675-d264 @A: 17 33 21 01 | 12
#1676-d264 @A: 32 29 24 28 | 04
#1677-d264 @A: 24 13 29 31 | 05
#1678-d264 @A: 24 21 07 31 | 01
#1679-d264 @A: 03 24 08 09 | 02
#1680-d264 @A: 05 20 27 15 | 11
#1681-d264 @A: 03 15 12 27 | 08
#1682-d264 @A: 21 20 29 27 | 06
#1683-d264 @A: 31 27 13 01 | 03
#1684-d264 @A: 18 01 33 27 | 09
#1685-d264 @A: 03 23 27 20 | 10
#1686-d264 @A: 05 15 07 03 | 07
#1687-d264 @A: 09 08 05 31 | 12
#1688-d264 @A: 28 15 13 05 | 04
#1689-d264 @A: 32 15 33 21 | 05
