#0001-d311 @A: 33 32 34 06 | 09
#0002-d311 @A: 17 33 08 07 | 10
#0003-d311 @A: 08 05 18 33 | 03
#0004-d311 @A: 01 33 03 08 | 12
#0005-d311 @A: 21 33 12 02 | 01
#0006-d311 @A: 33 13 02 25 | 04
#0007-d311 @A: 33 05 02 07 | 02
#0008-d311 @A: 33 26 14 07 | 07
#0009-d311 @A: 07 24 11 33 | 05
#0010-d311 @A: 33 11 26 18 | 11
#0011-d311 @A: 33 18 01 30 | 08
#0012-d311 @A: 04 26 33 10 | 06
#0013-d311 @A: 01 09 33 02 | 09
#0014-d311 @A: 04 33 34 02 | 10
#0015-d311 @A: 33 24 04 01 | 03
#0016-d311 @A: 19 33 14 01 | 12
#0017-d311 @A: 34 33 29 31 | 01
#0018-d311 @A: 33 34 03 17 | 04
#0019-d311 @A: 34 11 15 33 | 02
#0020-d311 @A: 13 17 01 33 | 07
#0021-d311 @A: 33 29 13 15 | 05
#0022-d311 @A: 06 23 08 31 | 11
#0023-d311 @A: 08 06 02 19 | 08
#0024-d311 @A: 03 12 06 25 | 06
#0025-d311 @A: 23 17 12 06 | 09
#0026-d311 @A: 19 07 25 06 | 10
#0027-d311 @A: 06 05 07 35 | 03
#0028-d311 @A: 06 07 20 01 | 12
#0029-d311 @A: 32 30 07 06 | 01
#0030-d311 @A: 19 06 27 22 | 04
#0031-d311 @A: 10 32 27 06 | 02
#0032-d311 @A: 21 16 06 20 | 07
#0033-d311 @A: 15 30 09 06 | 05
#0034-d311 @A: 06 09 17 32 | 11
#0035-d311 @A: 04 31 06 15 | 08
#0036-d311 @A: 35 06 24 34 | 06
#0037-d311 @A: 13 14 06 10 | 09
#0038-d311 @A: 06 19 35 14 | 10
#0039-d311 @A: 03 35 06 11 | 03
#0040-d311 @A: 01 12 08 16 | 12
#0041-d311 @A: 03 14 25 08 | 01
#0042-d311 @A: 09 04 08 18 | 04
#0043-d311 @A: 26 08 01 23 | 02
#0044-d311 @A: 29 04 20 08 | 07
#0045-d311 @A: 15 09 13 08 | 05
#0046-d311 @A: 34 08 29 14 | 11
#0047-d311 @A: 19 16 08 32 | 08
#0048-d311 @A: 25 12 16 07 | 06
#0049-d311 @A: 20 05 12 11 | 09
#0050-d311 @A: 23 28 24 12 | 10
#0051-d311 @A: 12 19 26 27 | 03
#0052-d311 @A: 03 12 17 30 | 12
#0053-d311 @A: 15 17 12 14 | 01
#0054-d311 @A: 34 12 35 13 | 04
#0055-d311 @A: 07 25 15 18 | 02
#0056-d311 @A: 05 27 34 25 | 07
#0057-d311 @A: 05 03 25 19 | 05
#0058-d311 @A: 25 09 18 28 | 11
#0059-d311 @A: 18 25 30 21 | 08
#0060-d311 @A: 14 26 25 23 | 06
#0061-d311 @A: 14 27 25 16 | 09
#0062-d311 @A: 22 16 24 25 | 10
#0063-d311 @A: 14 25 30 09 | 03
#0064-d311 @A: 25 11 35 31 | 12
#0065-d311 @A: 23 21 07 30 | 01
#0066-d311 @A: 02 27 15 07 | 04
#0067-d311 @A: 30 01 27 07 | 02
#0068-d311 @A: 27 14 07 17 | 07
#0069-d311 @A: 07 04 16 22 | 05
#0070-d311 @A: 04 13 14 07 | 11
#0071-d311 @A: 07 17 28 34 | 08
#0072-d311 @A: 32 13 20 05 | 06
#0073-d311 @A: 22 02 21 05 | 09
#0074-d311 @A: 05 32 04 24 | 10
#0075-d311 @A: 05 31 01 17 | 03
#0076-d311 @A: 31 19 05 16 | 12
#0077-d311 @A: 29 05 31 15 | 01
#0078-d311 @A: 19 05 01 11 | 04
#0079-d311 @A: 21 23 02 18 | 02
#0080-d311 @A: 20 18 26 17 | 07
#0081-d311 @A: 13 30 26 18 | 05
#0082-d311 @A: 18 32 15 04 | 11
#0083-d311 @A: 19 18 34 21 | 08
#0084-d311 @A: 31 32 18 29 | 06
#0085-d311 @A: 21 16 18 01 | 09
#0086-d311 @A: 18 35 32 03 | 10
#0087-d311 @A: 11 23 27 21 | 03
#0088-d311 @A: 31 20 13 23 | 12
#0089-d311 @A: 13 24 23 26 | 01
#0090-d311 @A: 24 04 21 23 | 04
#0091-d311 @A: 23 16 02 24 | 02
#0092-d311 @A: 04 27 26 32 | 07
#0093-d311 @A: 24 03 27 32 | 05
#0094-d311 @A: 27 28 35 34 | 11
#0095-d311 @A: 27 16 31 32 | 08
#0096-d311 @A: 16 13 27 11 | 06
#0097-d311 @A: 01 27 28 11 | 09
#0098-d311 @A: 30 20 22 14 | 10
#0099-d311 @A: 20 16 24 04 | 03
#0100-d311 @A: 34 14 20 01 | 12
#0101-d311 @A: 20 13 01 29 | 01
#0102-d311 @A: 30 26 02 03 | 04
#0103-d311 @A: 26 15 10 31 | 02
#0104-d311 @A: 22 02 24 32 | 07
#0105-d311 @A: 22 28 14 15 | 05
#0106-d311 @A: 21 29 31 22 | 11
#0107-d311 @A: 22 11 28 35 | 08
#0108-d311 @A: 22 19 32 10 | 06
#0109-d311 @A: 14 02 04 09 | 09
#0110-d311 @A: 09 04 24 30 | 10
#0111-d311 @A: 11 09 14 31 | 03
#0112-d311 @A: 10 14 09 15 | 12
#0113-d311 @A: 09 28 34 15 | 01
#0114-d311 @A: 09 28 35 31 | 04
#0115-d311 @A: 15 03 09 32 | 02
#0116-d311 @A: 04 28 03 30 | 07
#0117-d311 @A: 19 17 04 11 | 05
#0118-d311 @A: 14 10 02 31 | 11
#0119-d311 @A: 31 16 17 02 | 08
#0120-d311 @A: 29 01 28 02 | 06
#0121-d311 @A: 15 30 24 14 | 09
#0122-d311 @A: 14 13 30 31 | 10
#0123-d311 @A: 34 16 30 13 | 03
#0124-d311 @A: 30 15 31 01 | 12
#0125-d311 @A: 01 30 13 10 | 01
#0126-d311 @A: 30 32 01 19 | 04
#0127-d311 @A: 31 21 24 15 | 02
#0128-d311 @A: 14 03 32 29 | 07
#0129-d311 @A: 08 13 33 27 | 05
#0130-d311 @A: 22 08 20 33 | 11
#0131-d311 @A: 23 33 11 25 | 08
#0132-d311 @A: 07 33 09 10 | 06
#0133-d311 @A: 21 33 07 01 | 09
#0134-d311 @A: 14 20 05 33 | 10
#0135-d311 @A: 09 16 33 05 | 03
#0136-d311 @A: 05 24 33 10 | 12
#0137-d311 @A: 33 23 27 16 | 01
#0138-d311 @A: 33 26 02 23 | 04
#0139-d311 @A: 33 30 10 27 | 02
#0140-d311 @A: 33 27 35 24 | 07
#0141-d311 @A: 20 02 11 33 | 05
#0142-d311 @A: 21 31 33 20 | 11
#0143-d311 @A: 22 33 01 26 | 08
#0144-d311 @A: 15 22 33 04 | 06
#0145-d311 @A: 04 09 33 11 | 09
#0146-d311 @A: 33 09 24 28 | 10
#0147-d311 @A: 30 11 33 14 | 03
#0148-d311 @A: 19 33 34 35 | 12
#0149-d311 @A: 13 08 22 06 | 01
#0150-d311 @A: 06 28 30 25 | 04
#0151-d311 @A: 18 06 07 11 | 02
#0152-d311 @A: 14 06 05 27 | 07
#0153-d311 @A: 06 28 24 05 | 05
#0154-d311 @A: 06 18 03 20 | 11
#0155-d311 @A: 23 20 34 06 | 08
#0156-d311 @A: 26 27 31 06 | 06
#0157-d311 @A: 27 03 06 01 | 09
#0158-d311 @A: 06 15 20 17 | 10
#0159-d311 @A: 09 26 35 06 | 03
#0160-d311 @A: 30 24 26 06 | 12
#0161-d311 @A: 04 06 11 30 | 01
#0162-d311 @A: 06 04 32 03 | 04
#0163-d311 @A: 14 30 06 34 | 02
#0164-d311 @A: 13 06 11 21 | 07
#0165-d311 @A: 15 10 35 06 | 05
#0166-d311 @A: 29 06 21 15 | 11
#0167-d311 @A: 16 08 25 23 | 08
#0168-d311 @A: 31 25 32 08 | 06
#0169-d311 @A: 10 08 07 18 | 09
#0170-d311 @A: 08 07 20 19 | 10
#0171-d311 @A: 08 05 16 20 | 03
#0172-d311 @A: 13 05 24 08 | 12
#0173-d311 @A: 01 34 08 18 | 01
#0174-d311 @A: 27 19 21 08 | 04
#0175-d311 @A: 32 08 24 09 | 02
#0176-d311 @A: 08 24 04 10 | 07
#0177-d311 @A: 08 32 02 21 | 05
#0178-d311 @A: 14 08 19 17 | 11
#0179-d311 @A: 17 03 13 08 | 08
#0180-d311 @A: 28 08 32 11 | 06
#0181-d311 @A: 15 10 19 08 | 09
#0182-d311 @A: 04 32 12 25 | 10
#0183-d311 @A: 12 11 23 07 | 03
#0184-d311 @A: 20 15 07 12 | 12
#0185-d311 @A: 12 26 07 34 | 01
#0186-d311 @A: 05 12 16 27 | 04
#0187-d311 @A: 18 09 12 10 | 02
#0188-d311 @A: 23 31 02 12 | 07
#0189-d311 @A: 23 10 35 12 | 05
#0190-d311 @A: 27 20 35 12 | 11
#0191-d311 @A: 24 31 12 27 | 08
#0192-d311 @A: 26 02 14 12 | 06
#0193-d311 @A: 32 12 14 22 | 09
#0194-d311 @A: 12 01 22 15 | 10
#0195-d311 @A: 09 32 12 29 | 03
#0196-d311 @A: 12 15 04 21 | 12
#0197-d311 @A: 31 14 12 19 | 01
#0198-d311 @A: 10 12 34 01 | 04
#0199-d311 @A: 16 12 31 11 | 02
#0200-d311 @A: 12 19 11 03 | 07
#0201-d311 @A: 32 25 07 26 | 05
#0202-d311 @A: 34 07 25 30 | 11
#0203-d311 @A: 05 22 17 25 | 08
#0204-d311 @A: 04 22 25 18 | 06
#0205-d311 @A: 27 17 25 02 | 09
#0206-d311 @A: 27 13 25 29 | 10
#0207-d311 @A: 10 20 22 25 | 03
#0208-d311 @A: 09 15 35 25 | 12
#0209-d311 @A: 25 02 24 28 | 01
#0210-d311 @A: 03 16 25 34 | 04
#0211-d311 @A: 31 13 25 10 | 02
#0212-d311 @A: 14 05 07 28 | 07
#0213-d311 @A: 01 07 23 10 | 05
#0214-d311 @A: 22 27 11 07 | 11
#0215-d311 @A: 04 10 07 20 | 08
#0216-d311 @A: 31 02 07 13 | 06
#0217-d311 @A: 10 07 16 03 | 09
#0218-d311 @A: 10 21 15 07 | 10
#0219-d311 @A: 27 28 05 20 | 03
#0220-d311 @A: 09 15 05 26 | 12
#0221-d311 @A: 04 05 26 16 | 01
#0222-d311 @A: 02 26 05 35 | 04
#0223-d311 @A: 03 02 09 05 | 02
#0224-d311 @A: 05 34 30 35 | 07
#0225-d311 @A: 15 32 31 05 | 05
#0226-d311 @A: 23 27 15 18 | 11
#0227-d311 @A: 28 23 18 26 | 08
#0228-d311 @A: 18 27 28 04 | 06
#0229-d311 @A: 19 09 20 18 | 09
#0230-d311 @A: 02 14 18 20 | 10
#0231-d311 @A: 24 18 22 30 | 03
#0232-d311 @A: 32 10 24 18 | 12
#0233-d311 @A: 14 18 29 17 | 01
#0234-d311 @A: 29 18 21 03 | 04
#0235-d311 @A: 24 34 23 27 | 02
#0236-d311 @A: 09 16 23 04 | 07
#0237-d311 @A: 01 23 09 17 | 05
#0238-d311 @A: 23 01 14 35 | 11
#0239-d311 @A: 34 23 31 32 | 08
#0240-d311 @A: 35 31 29 23 | 06
#0241-d311 @A: 32 17 23 13 | 09
#0242-d311 @A: 23 15 32 11 | 10
#0243-d311 @A: 27 21 20 14 | 03
#0244-d311 @A: 22 30 27 28 | 12
#0245-d311 @A: 15 09 01 27 | 01
#0246-d311 @A: 34 27 21 15 | 04
#0247-d311 @A: 13 27 17 21 | 02
#0248-d311 @A: 27 21 32 29 | 07
#0249-d311 @A: 26 01 02 20 | 05
#0250-d311 @A: 17 16 20 29 | 11
#0251-d311 @A: 20 13 32 16 | 08
#0252-d311 @A: 29 20 21 35 | 06
#0253-d311 @A: 21 28 01 20 | 09
#0254-d311 @A: 04 13 26 22 | 10
#0255-d311 @A: 32 26 19 09 | 03
#0256-d311 @A: 04 14 30 26 | 12
#0257-d311 @A: 26 02 13 10 | 01
#0258-d311 @A: 26 13 34 32 | 04
#0259-d311 @A: 26 13 15 17 | 02
#0260-d311 @A: 01 26 28 32 | 07
#0261-d311 @A: 17 09 16 22 | 05
#0262-d311 @A: 14 22 31 04 | 11
#0263-d311 @A: 30 32 17 22 | 08
#0264-d311 @A: 10 24 22 21 | 06
#0265-d311 @A: 14 11 17 22 | 09
#0266-d311 @A: 11 19 31 22 | 10
#0267-d311 @A: 19 22 10 17 | 03
#0268-d311 @A: 22 28 13 10 | 12
#0269-d311 @A: 19 13 22 01 | 01
#0270-d311 @A: 22 10 15 16 | 04
#0271-d311 @A: 01 22 11 10 | 02
#0272-d311 @A: 02 24 13 09 | 07
#0273-d311 @A: 29 09 31 17 | 05
#0274-d311 @A: 03 09 17 28 | 11
#0275-d311 @A: 21 10 31 04 | 08
#0276-d311 @A: 11 04 01 13 | 06
#0277-d311 @A: 28 15 04 01 | 09
#0278-d311 @A: 32 35 02 31 | 10
#0279-d311 @A: 02 01 15 17 | 03
#0280-d311 @A: 28 02 10 16 | 12
#0281-d311 @A: 17 28 16 30 | 01
#0282-d311 @A: 29 17 30 15 | 04
#0283-d311 @A: 10 30 17 11 | 02
#0284-d311 @A: 34 15 29 24 | 07
#0285-d311 @A: 31 24 19 03 | 05
#0286-d311 @A: 32 28 31 14 | 11
#0287-d311 @A: 03 32 13 14 | 08
#0288-d311 @A: 03 31 10 32 | 06
#0289-d311 @A: 29 15 32 10 | 09
#0290-d311 @A: 06 33 01 31 | 10
#0291-d311 @A: 08 33 29 09 | 03
#0292-d311 @A: 33 04 08 14 | 12
#0293-d311 @A: 01 33 25 12 | 01
#0294-d311 @A: 31 33 25 30 | 04
#0295-d311 @A: 18 33 29 07 | 02
#0296-d311 @A: 05 30 33 21 | 07
#0297-d311 @A: 33 18 16 10 | 05
#0298-d311 @A: 33 14 23 15 | 11
#0299-d311 @A: 23 21 29 33 | 08
#0300-d311 @A: 20 04 33 27 | 06
#0301-d311 @A: 16 33 35 14 | 09
#0302-d311 @A: 14 03 33 10 | 10
#0303-d311 @A: 31 10 11 33 | 03
#0304-d311 @A: 32 35 16 33 | 12
#0305-d311 @A: 15 06 08 07 | 01
#0306-d311 @A: 06 07 22 12 | 04
#0307-d311 @A: 05 12 01 06 | 02
#0308-d311 @A: 06 11 12 24 | 07
#0309-d311 @A: 29 09 06 18 | 05
#0310-d311 @A: 06 24 16 18 | 11
#0311-d311 @A: 20 35 06 30 | 08
#0312-d311 @A: 20 19 24 06 | 06
#0313-d311 @A: 34 26 06 19 | 09
#0314-d311 @A: 09 28 01 06 | 10
#0315-d311 @A: 30 13 06 02 | 03
#0316-d311 @A: 21 02 24 06 | 12
#0317-d311 @A: 10 12 05 08 | 01
#0318-d311 @A: 23 12 19 08 | 04
#0319-d311 @A: 17 08 31 12 | 02
#0320-d311 @A: 05 31 08 07 | 07
#0321-d311 @A: 29 18 08 27 | 05
#0322-d311 @A: 32 23 04 08 | 11
#0323-d311 @A: 20 14 32 08 | 08
#0324-d311 @A: 10 08 32 26 | 06
#0325-d311 @A: 22 28 08 02 | 09
#0326-d311 @A: 34 08 24 02 | 10
#0327-d311 @A: 11 08 16 17 | 03
#0328-d311 @A: 35 08 17 32 | 12
#0329-d311 @A: 29 13 28 08 | 01
#0330-d311 @A: 08 15 35 29 | 04
#0331-d311 @A: 21 08 10 03 | 02
#0332-d311 @A: 14 20 25 12 | 07
#0333-d311 @A: 12 21 07 18 | 05
#0334-d311 @A: 28 07 30 12 | 11
#0335-d311 @A: 12 19 18 30 | 08
#0336-d311 @A: 34 12 22 16 | 06
#0337-d311 @A: 31 30 12 09 | 09
#0338-d311 @A: 12 09 24 03 | 10
#0339-d311 @A: 02 12 19 04 | 03
#0340-d311 @A: 31 12 15 34 | 12
#0341-d311 @A: 13 31 12 03 | 01
#0342-d311 @A: 18 23 17 25 | 04
#0343-d311 @A: 23 24 01 25 | 02
#0344-d311 @A: 27 26 25 01 | 07
#0345-d311 @A: 11 25 30 26 | 05
#0346-d311 @A: 21 25 14 31 | 11
#0347-d311 @A: 13 34 19 25 | 08
#0348-d311 @A: 25 28 31 29 | 06
#0349-d311 @A: 28 21 25 10 | 09
#0350-d311 @A: 20 24 07 35 | 10
#0351-d311 @A: 10 02 07 22 | 03
#0352-d311 @A: 32 04 07 28 | 12
#0353-d311 @A: 15 19 07 14 | 01
#0354-d311 @A: 14 01 07 11 | 04
#0355-d311 @A: 31 17 11 07 | 02
#0356-d311 @A: 31 11 32 07 | 07
#0357-d311 @A: 15 03 07 17 | 05
#0358-d311 @A: 07 11 21 03 | 11
#0359-d311 @A: 02 05 28 18 | 08
#0360-d311 @A: 09 05 04 31 | 06
#0361-d311 @A: 16 05 02 30 | 09
#0362-d311 @A: 03 29 14 05 | 10
#0363-d311 @A: 11 34 10 05 | 03
#0364-d311 @A: 30 27 34 18 | 12
#0365-d311 @A: 17 27 18 35 | 01
#0366-d311 @A: 32 27 19 18 | 04
#0367-d311 @A: 17 09 15 18 | 02
#0368-d311 @A: 18 16 15 31 | 07
#0369-d311 @A: 16 29 19 18 | 05
#0370-d311 @A: 28 32 18 21 | 11
#0371-d311 @A: 15 10 29 18 | 08
#0372-d311 @A: 23 28 20 30 | 06
#0373-d311 @A: 23 03 20 24 | 09
#0374-d311 @A: 26 22 21 23 | 10
#0375-d311 @A: 30 23 09 29 | 03
#0376-d311 @A: 23 21 31 01 | 12
#0377-d311 @A: 23 13 15 21 | 01
#0378-d311 @A: 26 27 14 24 | 04
#0379-d311 @A: 34 22 27 17 | 02
#0380-d311 @A: 02 30 19 27 | 07
#0381-d311 @A: 28 02 27 32 | 05
#0382-d311 @A: 35 14 03 27 | 11
#0383-d311 @A: 27 19 29 34 | 08
#0384-d311 @A: 27 31 15 35 | 06
#0385-d311 @A: 09 20 26 10 | 09
#0386-d311 @A: 09 28 20 16 | 10
#0387-d311 @A: 30 19 01 20 | 03
#0388-d311 @A: 17 03 20 01 | 12
#0389-d311 @A: 15 01 20 16 | 01
#0390-d311 @A: 20 32 15 21 | 04
#0391-d311 @A: 22 19 09 26 | 02
#0392-d311 @A: 11 32 26 14 | 07
#0393-d311 @A: 16 34 11 26 | 05
#0394-d311 @A: 21 34 28 26 | 11
#0395-d311 @A: 13 22 21 30 | 08
#0396-d311 @A: 13 34 11 22 | 06
#0397-d311 @A: 32 15 31 22 | 09
#0398-d311 @A: 03 28 22 29 | 10
#0399-d311 @A: 32 16 34 09 | 03
#0400-d311 @A: 34 09 35 10 | 12
#0401-d311 @A: 01 35 03 09 | 01
#0402-d311 @A: 14 28 04 11 | 04
#0403-d311 @A: 32 04 14 21 | 02
#0404-d311 @A: 04 34 03 35 | 07
#0405-d311 @A: 11 04 29 34 | 05
#0406-d311 @A: 04 03 29 31 | 11
#0407-d311 @A: 10 28 04 17 | 08
#0408-d311 @A: 24 14 02 11 | 06
#0409-d311 @A: 14 35 13 02 | 09
#0410-d311 @A: 02 34 31 01 | 10
#0411-d311 @A: 02 34 16 19 | 03
#0412-d311 @A: 02 17 32 03 | 12
#0413-d311 @A: 01 02 21 10 | 01
#0414-d311 @A: 29 30 14 10 | 04
#0415-d311 @A: 01 30 17 34 | 02
#0416-d311 @A: 03 30 31 16 | 07
#0417-d311 @A: 30 13 15 03 | 05
#0418-d311 @A: 30 10 32 13 | 11
#0419-d311 @A: 10 16 30 19 | 08
#0420-d311 @A: 24 14 13 19 | 06
#0421-d311 @A: 28 31 24 01 | 09
#0422-d311 @A: 24 11 32 17 | 10
#0423-d311 @A: 11 29 03 24 | 03
#0424-d311 @A: 32 16 10 14 | 12
#0425-d311 @A: 29 28 32 16 | 01
#0426-d311 @A: 06 35 12 33 | 04
#0427-d311 @A: 25 06 33 10 | 02
#0428-d311 @A: 06 33 15 27 | 07
#0429-d311 @A: 33 21 22 06 | 05
#0430-d311 @A: 33 06 14 02 | 11
#0431-d311 @A: 13 33 07 12 | 08
#0432-d311 @A: 33 12 18 31 | 06
#0433-d311 @A: 25 18 33 03 | 09
#0434-d311 @A: 27 25 33 21 | 10
#0435-d311 @A: 07 16 20 33 | 03
#0436-d311 @A: 32 10 07 33 | 12
#0437-d311 @A: 18 33 14 27 | 01
#0438-d311 @A: 27 17 32 33 | 04
#0439-d311 @A: 02 19 32 33 | 02
#0440-d311 @A: 31 14 17 33 | 07
#0441-d311 @A: 33 21 31 32 | 05
#0442-d311 @A: 33 17 29 32 | 11
#0443-d311 @A: 01 29 33 10 | 08
#0444-d311 @A: 12 10 04 06 | 06
#0445-d311 @A: 25 32 06 11 | 09
#0446-d311 @A: 21 06 07 17 | 10
#0447-d311 @A: 19 06 18 05 | 03
#0448-d311 @A: 01 18 13 06 | 12
#0449-d311 @A: 06 14 23 24 | 01
#0450-d311 @A: 01 06 04 26 | 04
#0451-d311 @A: 32 28 22 06 | 02
#0452-d311 @A: 03 06 22 15 | 07
#0453-d311 @A: 35 29 06 28 | 05
#0454-d311 @A: 28 21 06 19 | 11
#0455-d311 @A: 12 08 09 25 | 08
#0456-d311 @A: 11 08 35 12 | 06
#0457-d311 @A: 25 08 22 27 | 09
#0458-d311 @A: 22 08 26 07 | 10
#0459-d311 @A: 05 08 22 29 | 03
#0460-d311 @A: 02 05 14 08 | 12
#0461-d311 @A: 30 08 05 19 | 01
#0462-d311 @A: 27 30 08 14 | 04
#0463-d311 @A: 02 08 20 31 | 02
#0464-d311 @A: 08 20 30 15 | 07
#0465-d311 @A: 08 19 09 24 | 05
#0466-d311 @A: 08 04 13 19 | 11
#0467-d311 @A: 30 08 24 32 | 08
#0468-d311 @A: 16 31 08 35 | 06
#0469-d311 @A: 01 21 08 15 | 09
#0470-d311 @A: 25 29 23 12 | 10
#0471-d311 @A: 21 24 12 05 | 03
#0472-d311 @A: 18 20 32 12 | 12
#0473-d311 @A: 04 18 03 12 | 01
#0474-d311 @A: 12 23 34 21 | 04
#0475-d311 @A: 29 12 27 22 | 02
#0476-d311 @A: 12 20 30 34 | 07
#0477-d311 @A: 12 24 32 31 | 05
#0478-d311 @A: 19 17 12 34 | 11
#0479-d311 @A: 12 11 13 10 | 08
#0480-d311 @A: 25 07 26 04 | 06
#0481-d311 @A: 25 19 31 18 | 09
#0482-d311 @A: 10 11 25 18 | 10
#0483-d311 @A: 23 25 02 19 | 03
#0484-d311 @A: 25 30 23 03 | 12
#0485-d311 @A: 32 27 09 25 | 01
#0486-d311 @A: 25 16 20 30 | 04
#0487-d311 @A: 26 24 25 03 | 02
#0488-d311 @A: 35 10 26 25 | 07
#0489-d311 @A: 16 25 04 19 | 05
#0490-d311 @A: 11 28 25 17 | 11
#0491-d311 @A: 25 15 19 17 | 08
#0492-d311 @A: 25 21 17 29 | 06
#0493-d311 @A: 10 03 25 29 | 09
#0494-d311 @A: 05 18 34 07 | 10
#0495-d311 @A: 30 05 13 07 | 03
#0496-d311 @A: 18 23 07 31 | 12
#0497-d311 @A: 34 03 07 23 | 01
#0498-d311 @A: 26 35 07 27 | 04
#0499-d311 @A: 26 07 02 19 | 02
#0500-d311 @A: 31 21 07 26 | 07
#0501-d311 @A: 07 19 04 30 | 05
#0502-d311 @A: 13 29 07 11 | 11
#0503-d311 @A: 35 07 01 32 | 08
#0504-d311 @A: 31 05 24 18 | 06
#0505-d311 @A: 23 21 05 03 | 09
#0506-d311 @A: 05 02 24 01 | 10
#0507-d311 @A: 05 16 28 03 | 03
#0508-d311 @A: 18 09 23 14 | 12
#0509-d311 @A: 22 09 18 27 | 01
#0510-d311 @A: 27 18 02 13 | 04
#0511-d311 @A: 02 22 18 01 | 02
#0512-d311 @A: 22 18 15 34 | 07
#0513-d311 @A: 28 21 18 22 | 05
#0514-d311 @A: 18 09 35 13 | 11
#0515-d311 @A: 30 18 04 35 | 08
#0516-d311 @A: 18 35 31 02 | 06
#0517-d311 @A: 14 03 11 18 | 09
#0518-d311 @A: 35 29 34 18 | 10
#0519-d311 @A: 19 18 17 01 | 03
#0520-d311 @A: 18 21 10 13 | 12
#0521-d311 @A: 18 11 35 21 | 01
#0522-d311 @A: 13 02 23 22 | 04
#0523-d311 @A: 30 14 02 23 | 02
#0524-d311 @A: 15 23 16 30 | 07
#0525-d311 @A: 13 14 23 29 | 05
#0526-d311 @A: 01 16 23 13 | 11
#0527-d311 @A: 28 23 29 15 | 08
#0528-d311 @A: 27 28 14 10 | 06
#0529-d311 @A: 10 13 27 03 | 09
#0530-d311 @A: 27 10 29 21 | 10
#0531-d311 @A: 14 26 29 20 | 03
#0532-d311 @A: 19 28 17 20 | 12
#0533-d311 @A: 20 13 35 28 | 01
#0534-d311 @A: 26 22 35 29 | 04
#0535-d311 @A: 14 17 09 26 | 02
#0536-d311 @A: 24 01 19 26 | 07
#0537-d311 @A: 26 15 14 16 | 05
#0538-d311 @A: 01 29 04 22 | 11
#0539-d311 @A: 29 17 13 22 | 08
#0540-d311 @A: 32 09 35 04 | 06
#0541-d311 @A: 34 09 21 17 | 09
#0542-d311 @A: 13 31 09 01 | 10
#0543-d311 @A: 09 29 03 13 | 03
#0544-d311 @A: 16 29 35 09 | 12
#0545-d311 @A: 29 10 09 28 | 01
#0546-d311 @A: 35 04 02 24 | 04
#0547-d311 @A: 17 02 10 35 | 02
#0548-d311 @A: 10 11 03 02 | 07
#0549-d311 @A: 32 30 35 15 | 05
#0550-d311 @A: 29 03 30 35 | 11
#0551-d311 @A: 28 30 15 11 | 08
#0552-d311 @A: 14 35 24 29 | 06
#0553-d311 @A: 19 16 24 17 | 09
#0554-d311 @A: 19 35 24 28 | 10
#0555-d311 @A: 15 24 03 35 | 03
#0556-d311 @A: 28 18 33 06 | 12
#0557-d311 @A: 33 09 13 06 | 01
#0558-d311 @A: 33 34 12 08 | 04
#0559-d311 @A: 08 33 10 23 | 02
#0560-d311 @A: 33 05 15 12 | 07
#0561-d311 @A: 24 16 12 33 | 05
#0562-d311 @A: 25 33 29 26 | 11
#0563-d311 @A: 33 23 34 22 | 08
#0564-d311 @A: 04 33 23 17 | 06
#0565-d311 @A: 33 28 23 13 | 09
#0566-d311 @A: 28 32 33 23 | 10
#0567-d311 @A: 33 03 27 09 | 03
#0568-d311 @A: 19 33 17 27 | 12
#0569-d311 @A: 17 30 20 33 | 01
#0570-d311 @A: 26 13 35 33 | 04
#0571-d311 @A: 35 33 09 22 | 02
#0572-d311 @A: 21 34 16 33 | 07
#0573-d311 @A: 28 34 01 33 | 05
#0574-d311 @A: 19 11 33 13 | 11
#0575-d311 @A: 34 08 25 06 | 08
#0576-d311 @A: 06 16 12 32 | 06
#0577-d311 @A: 02 01 06 25 | 09
#0578-d311 @A: 15 25 24 06 | 10
#0579-d311 @A: 06 10 30 07 | 03
#0580-d311 @A: 03 06 29 07 | 12
#0581-d311 @A: 20 05 02 06 | 01
#0582-d311 @A: 22 31 06 05 | 04
#0583-d311 @A: 10 09 05 06 | 02
#0584-d311 @A: 18 04 06 34 | 07
#0585-d311 @A: 18 31 06 30 | 05
#0586-d311 @A: 13 06 27 23 | 11
#0587-d311 @A: 06 23 01 29 | 08
#0588-d311 @A: 23 11 10 06 | 06
#0589-d311 @A: 03 06 02 31 | 09
#0590-d311 @A: 31 06 14 29 | 10
#0591-d311 @A: 21 35 06 31 | 03
#0592-d311 @A: 13 16 06 03 | 12
#0593-d311 @A: 35 28 08 25 | 01
#0594-d311 @A: 04 11 07 08 | 04
#0595-d311 @A: 26 17 05 08 | 02
#0596-d311 @A: 08 05 03 11 | 07
#0597-d311 @A: 08 22 31 18 | 05
#0598-d311 @A: 16 08 18 30 | 11
#0599-d311 @A: 19 11 18 08 | 08
#0600-d311 @A: 14 20 08 23 | 06
#0601-d311 @A: 08 23 09 21 | 09
#0602-d311 @A: 08 20 26 35 | 10
#0603-d311 @A: 01 14 08 22 | 03
#0604-d311 @A: 29 08 17 10 | 12
#0605-d311 @A: 08 03 35 19 | 01
#0606-d311 @A: 21 12 26 25 | 04
#0607-d311 @A: 05 17 12 07 | 02
#0608-d311 @A: 32 21 12 23 | 07
#0609-d311 @A: 12 02 20 17 | 05
#0610-d311 @A: 12 34 24 04 | 11
#0611-d311 @A: 02 35 29 12 | 08
#0612-d311 @A: 12 01 13 14 | 06
#0613-d311 @A: 12 14 28 35 | 09
#0614-d311 @A: 12 03 32 01 | 10
#0615-d311 @A: 07 01 25 28 | 03
#0616-d311 @A: 05 28 15 25 | 12
#0617-d311 @A: 18 02 25 16 | 01
#0618-d311 @A: 32 17 18 25 | 04
#0619-d311 @A: 35 23 25 20 | 02
#0620-d311 @A: 23 31 34 25 | 07
#0621-d311 @A: 20 25 27 19 | 05
#0622-d311 @A: 25 35 14 04 | 11
#0623-d311 @A: 14 10 25 34 | 08
#0624-d311 @A: 11 25 14 13 | 06
#0625-d311 @A: 17 34 25 35 | 09
#0626-d311 @A: 25 15 21 03 | 10
#0627-d311 @A: 18 19 07 27 | 03
#0628-d311 @A: 07 13 24 18 | 12
#0629-d311 @A: 09 07 31 20 | 01
#0630-d311 @A: 07 11 26 09 | 04
#0631-d311 @A: 07 13 26 03 | 02
#0632-d311 @A: 02 29 07 17 | 07
#0633-d311 @A: 14 16 07 34 | 05
#0634-d311 @A: 07 28 31 15 | 11
#0635-d311 @A: 29 19 28 07 | 08
#0636-d311 @A: 10 28 11 07 | 06
#0637-d311 @A: 29 32 19 07 | 09
#0638-d311 @A: 20 05 18 29 | 10
#0639-d311 @A: 05 04 10 18 | 03
#0640-d311 @A: 01 05 22 23 | 12
#0641-d311 @A: 31 30 05 23 | 01
#0642-d311 @A: 27 26 05 29 | 04
#0643-d311 @A: 05 22 27 35 | 02
#0644-d311 @A: 11 30 05 27 | 07
#0645-d311 @A: 30 01 05 26 | 05
#0646-d311 @A: 15 05 04 24 | 11
#0647-d311 @A: 05 34 28 29 | 08
#0648-d311 @A: 16 05 21 13 | 06
#0649-d311 @A: 05 10 28 19 | 09
#0650-d311 @A: 32 28 03 05 | 10
#0651-d311 @A: 18 27 26 16 | 03
#0652-d311 @A: 18 10 01 27 | 12
#0653-d311 @A: 18 02 04 29 | 01
#0654-d311 @A: 13 04 18 16 | 04
#0655-d311 @A: 32 34 02 18 | 02
#0656-d311 @A: 34 02 23 17 | 07
#0657-d311 @A: 03 23 10 15 | 05
#0658-d311 @A: 20 27 15 24 | 11
#0659-d311 @A: 26 27 15 22 | 08
#0660-d311 @A: 27 04 19 24 | 06
#0661-d311 @A: 14 27 29 11 | 09
#0662-d311 @A: 28 31 27 13 | 10
#0663-d311 @A: 01 19 31 27 | 03
#0664-d311 @A: 31 11 03 27 | 12
#0665-d311 @A: 01 16 27 17 | 01
#0666-d311 @A: 29 16 27 15 | 04
#0667-d311 @A: 34 22 26 20 | 02
#0668-d311 @A: 20 31 14 28 | 07
#0669-d311 @A: 15 19 20 34 | 05
#0670-d311 @A: 03 21 20 34 | 11
#0671-d311 @A: 10 11 21 20 | 08
#0672-d311 @A: 13 14 26 28 | 06
#0673-d311 @A: 14 03 26 01 | 09
#0674-d311 @A: 19 26 31 17 | 10
#0675-d311 @A: 31 03 35 26 | 03
#0676-d311 @A: 26 16 21 17 | 12
#0677-d311 @A: 19 16 35 26 | 01
#0678-d311 @A: 19 03 28 26 | 04
#0679-d311 @A: 26 21 11 15 | 02
#0680-d311 @A: 02 31 22 09 | 07
#0681-d311 @A: 22 30 02 15 | 05
#0682-d311 @A: 22 34 14 21 | 11
#0683-d311 @A: 31 35 22 34 | 08
#0684-d311 @A: 21 22 16 11 | 06
#0685-d311 @A: 02 28 09 19 | 09
#0686-d311 @A: 34 09 14 13 | 10
#0687-d311 @A: 14 29 09 01 | 03
#0688-d311 @A: 17 09 10 13 | 12
#0689-d311 @A: 28 13 09 21 | 01
#0690-d311 @A: 14 21 19 04 | 04
#0691-d311 @A: 13 21 04 03 | 02
#0692-d311 @A: 02 14 15 34 | 07
#0693-d311 @A: 02 28 03 14 | 05
#0694-d311 @A: 10 32 02 35 | 11
#0695-d311 @A: 11 19 02 15 | 08
#0696-d311 @A: 24 30 29 13 | 06
#0697-d311 @A: 28 30 01 14 | 09
#0698-d311 @A: 03 32 30 21 | 10
#0699-d311 @A: 24 34 17 10 | 03
#0700-d311 @A: 32 01 21 17 | 12
#0701-d311 @A: 32 13 28 35 | 01
#0702-d311 @A: 29 11 35 32 | 04
#0703-d311 @A: 03 06 33 30 | 02
#0704-d311 @A: 06 33 29 24 | 07
#0705-d311 @A: 19 08 28 33 | 05
#0706-d311 @A: 12 09 33 14 | 11
#0707-d311 @A: 32 25 33 22 | 08
#0708-d311 @A: 07 27 33 34 | 06
#0709-d311 @A: 33 07 22 28 | 09
#0710-d311 @A: 35 33 23 05 | 10
#0711-d311 @A: 33 31 28 05 | 03
#0712-d311 @A: 33 27 26 28 | 12
#0713-d311 @A: 02 33 29 27 | 01
#0714-d311 @A: 13 24 20 33 | 04
#0715-d311 @A: 02 19 10 33 | 02
#0716-d311 @A: 24 14 33 34 | 07
#0717-d311 @A: 21 06 05 08 | 05
#0718-d311 @A: 08 18 17 06 | 11
#0719-d311 @A: 12 18 02 06 | 08
#0720-d311 @A: 30 06 21 12 | 06
#0721-d311 @A: 28 12 06 15 | 09
#0722-d311 @A: 25 26 17 06 | 10
#0723-d311 @A: 17 30 05 06 | 03
#0724-d311 @A: 21 27 18 06 | 12
#0725-d311 @A: 23 16 06 22 | 01
#0726-d311 @A: 22 09 34 06 | 04
#0727-d311 @A: 24 22 06 01 | 02
#0728-d311 @A: 13 19 31 06 | 07
#0729-d311 @A: 08 05 01 25 | 05
#0730-d311 @A: 08 10 02 25 | 11
#0731-d311 @A: 34 08 23 05 | 08
#0732-d311 @A: 05 32 34 08 | 06
#0733-d311 @A: 17 23 08 22 | 09
#0734-d311 @A: 08 27 03 34 | 10
#0735-d311 @A: 03 04 08 22 | 03
#0736-d311 @A: 08 30 34 22 | 12
#0737-d311 @A: 14 28 09 08 | 01
#0738-d311 @A: 21 02 30 08 | 04
#0739-d311 @A: 08 31 30 10 | 02
#0740-d311 @A: 15 31 08 14 | 07
#0741-d311 @A: 16 14 13 08 | 05
#0742-d311 @A: 16 28 08 15 | 11
#0743-d311 @A: 11 08 21 29 | 08
#0744-d311 @A: 12 07 31 04 | 06
#0745-d311 @A: 26 05 03 12 | 09
#0746-d311 @A: 05 29 12 19 | 10
#0747-d311 @A: 16 14 12 18 | 03
#0748-d311 @A: 20 12 24 29 | 12
#0749-d311 @A: 35 01 12 31 | 01
#0750-d311 @A: 31 10 29 12 | 04
#0751-d311 @A: 11 01 12 17 | 02
#0752-d311 @A: 13 28 12 16 | 07
#0753-d311 @A: 13 19 12 15 | 05
#0754-d311 @A: 05 11 07 25 | 11
#0755-d311 @A: 05 25 13 26 | 08
#0756-d311 @A: 05 25 02 29 | 06
#0757-d311 @A: 18 25 24 29 | 09
#0758-d311 @A: 23 28 27 25 | 10
#0759-d311 @A: 15 11 25 27 | 03
#0760-d311 @A: 25 22 35 03 | 12
#0761-d311 @A: 01 25 16 09 | 01
#0762-d311 @A: 19 11 25 09 | 04
#0763-d311 @A: 02 14 25 32 | 02
#0764-d311 @A: 24 25 13 32 | 07
#0765-d311 @A: 29 25 01 34 | 05
#0766-d311 @A: 16 11 29 25 | 11
#0767-d311 @A: 15 32 19 25 | 08
#0768-d311 @A: 15 22 07 05 | 06
#0769-d311 @A: 18 20 07 28 | 09
#0770-d311 @A: 22 14 23 07 | 10
#0771-d311 @A: 23 19 09 07 | 03
#0772-d311 @A: 20 30 07 11 | 12
#0773-d311 @A: 32 20 07 17 | 01
#0774-d311 @A: 11 16 07 02 | 04
#0775-d311 @A: 35 07 30 16 | 02
#0776-d311 @A: 07 34 31 10 | 07
#0777-d311 @A: 07 13 16 17 | 05
#0778-d311 @A: 07 19 01 16 | 11
#0779-d311 @A: 05 21 26 18 | 08
#0780-d311 @A: 03 20 05 31 | 06
#0781-d311 @A: 31 26 14 05 | 09
#0782-d311 @A: 19 05 24 22 | 10
#0783-d311 @A: 04 21 11 05 | 03
#0784-d311 @A: 01 05 15 14 | 12
#0785-d311 @A: 05 29 10 16 | 01
#0786-d311 @A: 11 30 18 23 | 04
#0787-d311 @A: 34 23 13 18 | 02
#0788-d311 @A: 04 18 20 15 | 07
#0789-d311 @A: 18 26 19 04 | 05
#0790-d311 @A: 03 17 18 10 | 11
#0791-d311 @A: 23 04 31 27 | 08
#0792-d311 @A: 32 02 23 26 | 06
#0793-d311 @A: 23 35 17 26 | 09
#0794-d311 @A: 10 02 23 09 | 10
#0795-d311 @A: 14 17 10 23 | 03
#0796-d311 @A: 34 01 19 23 | 12
#0797-d311 @A: 03 16 23 17 | 01
#0798-d311 @A: 21 23 16 10 | 04
#0799-d311 @A: 19 23 35 21 | 02
#0800-d311 @A: 03 23 01 28 | 07
#0801-d311 @A: 26 27 20 11 | 05
#0802-d311 @A: 34 20 27 10 | 11
#0803-d311 @A: 27 35 04 11 | 08
#0804-d311 @A: 30 31 29 27 | 06
#0805-d311 @A: 27 17 31 10 | 09
#0806-d311 @A: 27 16 21 31 | 10
#0807-d311 @A: 20 13 16 26 | 03
#0808-d311 @A: 20 35 22 04 | 12
#0809-d311 @A: 31 04 20 34 | 01
#0810-d311 @A: 17 20 31 35 | 04
#0811-d311 @A: 20 13 11 03 | 02
#0812-d311 @A: 17 26 22 30 | 07
#0813-d311 @A: 01 34 15 26 | 05
#0814-d311 @A: 29 01 31 26 | 11
#0815-d311 @A: 26 21 01 13 | 08
#0816-d311 @A: 15 26 28 35 | 06
#0817-d311 @A: 22 24 15 09 | 09
#0818-d311 @A: 34 28 19 22 | 10
#0819-d311 @A: 34 29 10 22 | 03
#0820-d311 @A: 22 15 17 35 | 12
#0821-d311 @A: 35 04 19 09 | 01
#0822-d311 @A: 09 10 30 21 | 04
#0823-d311 @A: 31 09 10 24 | 02
#0824-d311 @A: 13 09 31 32 | 07
#0825-d311 @A: 11 17 35 09 | 05
#0826-d311 @A: 09 29 21 19 | 11
#0827-d311 @A: 10 09 01 19 | 08
#0828-d311 @A: 02 04 30 31 | 06
#0829-d311 @A: 03 17 24 04 | 09
#0830-d311 @A: 10 04 34 19 | 10
#0831-d311 @A: 16 04 01 31 | 03
#0832-d311 @A: 02 32 30 16 | 12
#0833-d311 @A: 02 29 34 03 | 01
#0834-d311 @A: 02 19 31 21 | 04
#0835-d311 @A: 13 02 03 01 | 02
#0836-d311 @A: 16 02 35 15 | 07
#0837-d311 @A: 01 32 02 29 | 05
#0838-d311 @A: 35 17 30 14 | 11
#0839-d311 @A: 29 16 30 01 | 08
#0840-d311 @A: 32 14 01 24 | 06
#0841-d311 @A: 34 13 24 03 | 09
#0842-d311 @A: 32 24 34 15 | 10
#0843-d311 @A: 24 19 21 11 | 03
#0844-d311 @A: 32 14 17 19 | 12
#0845-d311 @A: 02 33 16 08 | 01
#0846-d311 @A: 20 33 25 34 | 04
#0847-d311 @A: 33 25 24 19 | 02
#0848-d311 @A: 33 03 07 04 | 07
#0849-d311 @A: 33 23 19 18 | 05
#0850-d311 @A: 21 04 18 33 | 11
#0851-d311 @A: 31 22 33 27 | 08
#0852-d311 @A: 34 30 26 33 | 06
#0853-d311 @A: 19 29 22 33 | 09
#0854-d311 @A: 21 33 14 13 | 10
#0855-d311 @A: 28 06 27 08 | 03
#0856-d311 @A: 09 08 16 06 | 12
#0857-d311 @A: 14 18 06 25 | 01
#0858-d311 @A: 26 23 05 06 | 04
#0859-d311 @A: 11 05 29 06 | 02
#0860-d311 @A: 06 10 18 22 | 07
#0861-d311 @A: 04 06 24 13 | 05
#0862-d311 @A: 06 29 10 02 | 11
#0863-d311 @A: 07 08 29 12 | 08
#0864-d311 @A: 08 26 12 15 | 06
#0865-d311 @A: 26 25 19 08 | 09
#0866-d311 @A: 08 18 07 32 | 10
#0867-d311 @A: 08 35 07 02 | 03
#0868-d311 @A: 01 13 08 07 | 12
#0869-d311 @A: 08 05 15 27 | 01
#0870-d311 @A: 04 08 05 28 | 04
#0871-d311 @A: 24 15 08 18 | 02
#0872-d311 @A: 27 23 35 08 | 07
#0873-d311 @A: 21 26 14 08 | 05
#0874-d311 @A: 04 17 30 08 | 11
#0875-d311 @A: 31 08 21 13 | 08
#0876-d311 @A: 10 13 35 08 | 06
#0877-d311 @A: 08 03 16 29 | 09
#0878-d311 @A: 24 07 12 19 | 10
#0879-d311 @A: 14 07 10 12 | 03
#0880-d311 @A: 05 28 12 22 | 12
#0881-d311 @A: 34 12 18 11 | 01
#0882-d311 @A: 23 14 12 27 | 04
#0883-d311 @A: 23 04 12 13 | 02
#0884-d311 @A: 27 13 30 12 | 07
#0885-d311 @A: 15 12 10 27 | 05
#0886-d311 @A: 26 12 01 09 | 11
#0887-d311 @A: 32 11 12 30 | 08
#0888-d311 @A: 35 12 17 16 | 06
#0889-d311 @A: 16 15 12 03 | 09
#0890-d311 @A: 01 12 03 29 | 10
#0891-d311 @A: 25 07 09 03 | 03
#0892-d311 @A: 30 24 27 25 | 12
#0893-d311 @A: 03 20 02 25 | 01
#0894-d311 @A: 25 20 24 31 | 04
#0895-d311 @A: 25 02 26 09 | 02
#0896-d311 @A: 25 09 22 21 | 07
#0897-d311 @A: 02 25 22 34 | 05
#0898-d311 @A: 22 25 30 19 | 11
#0899-d311 @A: 34 04 15 25 | 08
#0900-d311 @A: 01 14 25 17 | 06
#0901-d311 @A: 28 32 25 34 | 09
#0902-d311 @A: 31 03 25 17 | 10
#0903-d311 @A: 25 17 16 10 | 03
#0904-d311 @A: 25 16 21 35 | 12
#0905-d311 @A: 32 25 29 21 | 01
#0906-d311 @A: 05 23 16 07 | 04
#0907-d311 @A: 05 24 03 07 | 02
#0908-d311 @A: 07 15 26 23 | 07
#0909-d311 @A: 24 27 07 21 | 05
#0910-d311 @A: 07 21 22 20 | 11
#0911-d311 @A: 22 34 24 07 | 08
#0912-d311 @A: 19 17 35 07 | 06
#0913-d311 @A: 32 01 18 05 | 09
#0914-d311 @A: 04 14 05 23 | 10
#0915-d311 @A: 26 24 05 34 | 03
#0916-d311 @A: 05 22 03 30 | 12
#0917-d311 @A: 05 09 19 17 | 01
#0918-d311 @A: 09 11 05 32 | 04
#0919-d311 @A: 05 02 13 19 | 02
#0920-d311 @A: 14 10 21 05 | 07
#0921-d311 @A: 05 11 31 13 | 05
#0922-d311 @A: 21 35 05 28 | 11
#0923-d311 @A: 20 18 24 34 | 08
#0924-d311 @A: 18 26 35 24 | 06
#0925-d311 @A: 22 19 18 14 | 09
#0926-d311 @A: 18 09 30 03 | 10
#0927-d311 @A: 21 24 18 09 | 03
#0928-d311 @A: 10 09 18 32 | 12
#0929-d311 @A: 18 14 34 28 | 01
#0930-d311 @A: 31 18 10 28 | 04
#0931-d311 @A: 18 13 15 11 | 02
#0932-d311 @A: 35 01 28 18 | 07
#0933-d311 @A: 23 01 32 27 | 05
#0934-d311 @A: 23 10 26 30 | 11
#0935-d311 @A: 23 09 35 24 | 08
#0936-d311 @A: 23 03 04 02 | 06
#0937-d311 @A: 23 28 14 21 | 09
#0938-d311 @A: 17 23 15 31 | 10
#0939-d311 @A: 28 16 23 31 | 03
#0940-d311 @A: 23 15 01 11 | 12
#0941-d311 @A: 27 30 20 03 | 01
#0942-d311 @A: 04 09 27 29 | 04
#0943-d311 @A: 14 27 04 01 | 02
#0944-d311 @A: 35 19 13 27 | 07
#0945-d311 @A: 29 27 35 01 | 05
#0946-d311 @A: 15 19 27 03 | 11
#0947-d311 @A: 26 20 31 30 | 08
#0948-d311 @A: 24 21 26 20 | 06
#0949-d311 @A: 22 19 20 02 | 09
#0950-d311 @A: 17 04 20 09 | 10
#0951-d311 @A: 20 02 35 09 | 03
#0952-d311 @A: 13 20 30 09 | 12
#0953-d311 @A: 09 24 20 14 | 01
#0954-d311 @A: 28 09 32 20 | 04
#0955-d311 @A: 13 02 04 20 | 02
#0956-d311 @A: 02 20 15 21 | 07
#0957-d311 @A: 13 17 20 14 | 05
#0958-d311 @A: 31 15 20 11 | 11
#0959-d311 @A: 19 13 20 21 | 08
#0960-d311 @A: 24 26 29 09 | 06
#0961-d311 @A: 04 15 02 26 | 09
#0962-d311 @A: 04 24 26 31 | 10
#0963-d311 @A: 19 26 15 30 | 03
#0964-d311 @A: 03 22 11 32 | 12
#0965-d311 @A: 15 21 09 16 | 01
#0966-d311 @A: 16 32 21 09 | 04
#0967-d311 @A: 11 03 09 15 | 02
#0968-d311 @A: 31 32 04 19 | 07
#0969-d311 @A: 29 04 13 10 | 05
#0970-d311 @A: 28 02 13 15 | 11
#0971-d311 @A: 02 35 01 19 | 08
#0972-d311 @A: 30 19 24 34 | 06
#0973-d311 @A: 24 10 30 03 | 09
#0974-d311 @A: 30 19 14 03 | 10
#0975-d311 @A: 15 21 35 30 | 03
#0976-d311 @A: 01 21 24 34 | 12
#0977-d311 @A: 15 17 28 32 | 01
#0978-d311 @A: 25 33 15 08 | 04
#0979-d311 @A: 33 30 35 08 | 02
#0980-d311 @A: 33 08 24 21 | 07
#0981-d311 @A: 10 22 33 12 | 05
#0982-d311 @A: 01 05 27 33 | 11
#0983-d311 @A: 33 26 19 05 | 08
#0984-d311 @A: 33 22 05 11 | 06
#0985-d311 @A: 33 13 05 03 | 09
#0986-d311 @A: 24 32 33 20 | 10
#0987-d311 @A: 10 20 28 33 | 03
#0988-d311 @A: 24 15 33 26 | 12
#0989-d311 @A: 32 33 30 04 | 01
#0990-d311 @A: 30 28 33 02 | 04
#0991-d311 @A: 01 11 32 33 | 02
#0992-d311 @A: 04 35 08 06 | 07
#0993-d311 @A: 12 34 27 06 | 05
#0994-d311 @A: 07 06 04 27 | 11
#0995-d311 @A: 07 06 24 31 | 08
#0996-d311 @A: 28 13 07 06 | 06
#0997-d311 @A: 05 04 06 03 | 09
#0998-d311 @A: 26 18 06 15 | 10
#0999-d311 @A: 06 23 02 15 | 03
#1000-d311 @A: 24 10 06 27 | 12
#1001-d311 @A: 22 28 06 20 | 01
#1002-d311 @A: 06 26 14 22 | 04
#1003-d311 @A: 06 29 30 22 | 02
#1004-d311 @A: 16 04 06 02 | 07
#1005-d311 @A: 02 06 15 32 | 05
#1006-d311 @A: 34 31 17 06 | 11
#1007-d311 @A: 34 06 15 16 | 08
#1008-d311 @A: 06 28 03 34 | 06
#1009-d311 @A: 06 11 19 16 | 09
#1010-d311 @A: 12 30 24 08 | 10
#1011-d311 @A: 28 07 23 08 | 03
#1012-d311 @A: 07 24 08 14 | 12
#1013-d311 @A: 14 35 18 08 | 01
#1014-d311 @A: 09 08 20 01 | 04
#1015-d311 @A: 24 20 28 08 | 02
#1016-d311 @A: 04 26 34 08 | 07
#1017-d311 @A: 13 08 32 22 | 05
#1018-d311 @A: 08 16 21 04 | 11
#1019-d311 @A: 15 08 02 03 | 08
#1020-d311 @A: 14 08 10 11 | 06
#1021-d311 @A: 31 19 34 08 | 09
#1022-d311 @A: 10 28 01 08 | 10
#1023-d311 @A: 31 05 25 12 | 03
#1024-d311 @A: 25 27 18 12 | 12
#1025-d311 @A: 03 07 12 27 | 01
#1026-d311 @A: 12 07 02 01 | 04
#1027-d311 @A: 12 04 05 35 | 02
#1028-d311 @A: 13 12 20 18 | 07
#1029-d311 @A: 20 12 23 22 | 05
#1030-d311 @A: 26 23 16 12 | 11
#1031-d311 @A: 23 01 12 30 | 08
#1032-d311 @A: 12 02 28 27 | 06
#1033-d311 @A: 30 12 26 35 | 09
#1034-d311 @A: 12 14 11 21 | 10
#1035-d311 @A: 17 34 12 32 | 03
#1036-d311 @A: 28 17 29 12 | 12
#1037-d311 @A: 32 19 35 12 | 01
#1038-d311 @A: 12 21 03 35 | 04
#1039-d311 @A: 03 10 12 28 | 02
#1040-d311 @A: 25 07 22 29 | 07
#1041-d311 @A: 25 07 24 10 | 05
#1042-d311 @A: 05 25 35 18 | 11
#1043-d311 @A: 27 10 25 09 | 08
#1044-d311 @A: 20 09 29 25 | 06
#1045-d311 @A: 14 25 19 28 | 09
#1046-d311 @A: 25 35 01 13 | 10
#1047-d311 @A: 01 15 10 25 | 03
#1048-d311 @A: 05 29 07 09 | 12
#1049-d311 @A: 16 09 07 18 | 01
#1050-d311 @A: 18 07 04 17 | 04
#1051-d311 @A: 20 02 07 23 | 02
#1052-d311 @A: 07 09 28 27 | 07
#1053-d311 @A: 07 27 34 32 | 05
#1054-d311 @A: 28 26 07 24 | 11
#1055-d311 @A: 09 07 01 24 | 08
#1056-d311 @A: 24 16 32 07 | 06
#1057-d311 @A: 07 29 35 10 | 09
#1058-d311 @A: 15 20 05 23 | 10
#1059-d311 @A: 05 23 11 02 | 03
#1060-d311 @A: 05 27 17 24 | 12
#1061-d311 @A: 30 20 05 24 | 01
#1062-d311 @A: 05 09 14 22 | 04
#1063-d311 @A: 05 24 09 11 | 02
#1064-d311 @A: 30 29 32 05 | 07
#1065-d311 @A: 05 16 14 17 | 05
#1066-d311 @A: 05 17 34 13 | 11
#1067-d311 @A: 03 34 15 05 | 08
#1068-d311 @A: 17 16 05 32 | 06
#1069-d311 @A: 15 17 05 21 | 09
#1070-d311 @A: 21 32 05 10 | 10
#1071-d311 @A: 23 18 16 20 | 03
#1072-d311 @A: 04 18 23 01 | 12
#1073-d311 @A: 11 27 18 24 | 01
#1074-d311 @A: 18 02 09 11 | 04
#1075-d311 @A: 18 02 17 30 | 02
#1076-d311 @A: 14 01 18 31 | 07
#1077-d311 @A: 31 17 21 18 | 05
#1078-d311 @A: 13 19 18 03 | 11
#1079-d311 @A: 18 28 16 11 | 08
#1080-d311 @A: 32 11 18 16 | 06
#1081-d311 @A: 22 16 23 32 | 09
#1082-d311 @A: 31 03 14 23 | 10
#1083-d311 @A: 34 28 23 10 | 03
#1084-d311 @A: 13 19 23 17 | 12
#1085-d311 @A: 19 28 11 23 | 01
#1086-d311 @A: 22 21 04 27 | 04
#1087-d311 @A: 15 30 27 04 | 02
#1088-d311 @A: 27 02 21 35 | 07
#1089-d311 @A: 14 27 34 31 | 05
#1090-d311 @A: 14 27 15 13 | 11
#1091-d311 @A: 27 32 13 15 | 08
#1092-d311 @A: 20 32 22 35 | 06
#1093-d311 @A: 10 24 20 02 | 09
#1094-d311 @A: 14 16 11 20 | 10
#1095-d311 @A: 34 20 35 16 | 03
#1096-d311 @A: 16 03 19 20 | 12
#1097-d311 @A: 09 16 30 26 | 01
#1098-d311 @A: 26 29 21 02 | 04
#1099-d311 @A: 26 24 35 32 | 02
#1100-d311 @A: 10 26 03 34 | 07
#1101-d311 @A: 26 15 29 03 | 05
#1102-d311 @A: 11 26 32 21 | 11
#1103-d311 @A: 04 24 22 28 | 08
#1104-d311 @A: 03 22 14 13 | 06
#1105-d311 @A: 14 16 22 29 | 09
#1106-d311 @A: 01 22 34 03 | 10
#1107-d311 @A: 22 01 21 35 | 03
#1108-d311 @A: 03 16 14 09 | 12
#1109-d311 @A: 19 09 31 15 | 01
#1110-d311 @A: 16 04 14 10 | 04
#1111-d311 @A: 34 28 13 04 | 02
#1112-d311 @A: 35 29 17 04 | 07
#1113-d311 @A: 28 16 35 04 | 05
#1114-d311 @A: 01 32 16 04 | 11
#1115-d311 @A: 16 11 04 03 | 08
#1116-d311 @A: 15 04 19 29 | 06
#1117-d311 @A: 11 31 02 29 | 09
#1118-d311 @A: 02 13 32 11 | 10
#1119-d311 @A: 21 16 14 30 | 03
#1120-d311 @A: 30 28 34 31 | 12
#1121-d311 @A: 15 30 10 34 | 01
#1122-d311 @A: 30 29 34 21 | 04
#1123-d311 @A: 34 30 03 11 | 02
#1124-d311 @A: 19 35 31 30 | 07
#1125-d311 @A: 35 28 30 10 | 05
#1126-d311 @A: 24 14 28 17 | 11
#1127-d311 @A: 21 29 24 16 | 08
#1128-d311 @A: 32 35 34 21 | 06
#1129-d311 @A: 20 26 33 06 | 09
#1130-d311 @A: 28 04 12 33 | 10
#1131-d311 @A: 04 05 25 33 | 03
#1132-d311 @A: 32 26 05 33 | 12
#1133-d311 @A: 09 32 33 14 | 01
#1134-d311 @A: 04 16 29 33 | 04
#1135-d311 @A: 33 29 14 28 | 02
#1136-d311 @A: 10 33 13 34 | 07
#1137-d311 @A: 03 31 15 33 | 05
#1138-d311 @A: 11 16 33 01 | 11
#1139-d311 @A: 01 15 33 35 | 08
#1140-d311 @A: 33 11 03 28 | 06
#1141-d311 @A: 14 06 12 08 | 09
#1142-d311 @A: 06 03 24 08 | 10
#1143-d311 @A: 29 06 32 08 | 03
#1144-d311 @A: 12 31 06 20 | 12
#1145-d311 @A: 19 06 09 12 | 01
#1146-d311 @A: 35 25 06 27 | 04
#1147-d311 @A: 31 25 09 06 | 02
#1148-d311 @A: 06 35 23 32 | 07
#1149-d311 @A: 10 06 26 28 | 05
#1150-d311 @A: 04 17 06 22 | 11
#1151-d311 @A: 02 35 06 22 | 08
#1152-d311 @A: 06 14 28 16 | 06
#1153-d311 @A: 11 06 15 14 | 09
#1154-d311 @A: 01 21 06 14 | 10
#1155-d311 @A: 06 29 34 13 | 03
#1156-d311 @A: 01 34 11 06 | 12
#1157-d311 @A: 06 10 34 21 | 01
#1158-d311 @A: 11 31 28 06 | 04
#1159-d311 @A: 03 06 19 10 | 02
#1160-d311 @A: 12 27 04 08 | 07
#1161-d311 @A: 08 22 12 21 | 05
#1162-d311 @A: 18 08 25 13 | 11
#1163-d311 @A: 07 08 16 27 | 08
#1164-d311 @A: 03 08 18 23 | 06
#1165-d311 @A: 02 26 08 18 | 09
#1166-d311 @A: 23 08 29 02 | 10
#1167-d311 @A: 23 11 24 08 | 03
#1168-d311 @A: 27 20 17 08 | 12
#1169-d311 @A: 30 26 28 08 | 01
#1170-d311 @A: 08 09 22 10 | 04
#1171-d311 @A: 08 22 16 19 | 02
#1172-d311 @A: 09 08 11 30 | 07
#1173-d311 @A: 02 01 08 04 | 05
#1174-d311 @A: 08 15 17 34 | 11
#1175-d311 @A: 10 16 34 08 | 08
#1176-d311 @A: 08 35 17 01 | 06
#1177-d311 @A: 25 12 02 11 | 09
#1178-d311 @A: 25 15 12 30 | 10
#1179-d311 @A: 12 25 34 28 | 03
#1180-d311 @A: 25 19 12 10 | 12
#1181-d311 @A: 17 09 12 27 | 01
#1182-d311 @A: 12 22 26 31 | 04
#1183-d311 @A: 26 17 32 12 | 02
#1184-d311 @A: 04 09 12 22 | 07
#1185-d311 @A: 22 14 12 24 | 05
#1186-d311 @A: 12 16 30 04 | 11
#1187-d311 @A: 17 24 13 12 | 08
#1188-d311 @A: 28 12 31 21 | 06
#1189-d311 @A: 19 16 12 21 | 09
#1190-d311 @A: 11 12 15 29 | 10
#1191-d311 @A: 07 25 23 13 | 03
#1192-d311 @A: 07 25 17 20 | 12
#1193-d311 @A: 18 20 01 25 | 01
#1194-d311 @A: 18 25 26 34 | 04
#1195-d311 @A: 15 22 23 25 | 02
#1196-d311 @A: 03 25 27 04 | 07
#1197-d311 @A: 25 32 20 01 | 05
#1198-d311 @A: 25 21 04 02 | 11
#1199-d311 @A: 25 13 17 30 | 08
#1200-d311 @A: 10 07 05 27 | 06
#1201-d311 @A: 26 07 18 01 | 09
#1202-d311 @A: 14 07 30 18 | 10
#1203-d311 @A: 20 07 34 29 | 03
#1204-d311 @A: 28 07 02 04 | 12
#1205-d311 @A: 29 24 04 07 | 01
#1206-d311 @A: 24 07 30 02 | 04
#1207-d311 @A: 07 21 35 13 | 02
#1208-d311 @A: 35 03 28 07 | 07
#1209-d311 @A: 21 05 27 09 | 05
#1210-d311 @A: 31 27 05 02 | 11
#1211-d311 @A: 05 10 20 17 | 08
#1212-d311 @A: 35 01 20 05 | 06
#1213-d311 @A: 22 10 05 26 | 09
#1214-d311 @A: 22 04 05 34 | 10
#1215-d311 @A: 14 11 35 05 | 03
#1216-d311 @A: 17 05 03 35 | 12
#1217-d311 @A: 05 29 35 13 | 01
#1218-d311 @A: 15 05 19 35 | 04
#1219-d311 @A: 23 18 24 10 | 02
#1220-d311 @A: 22 26 18 03 | 07
#1221-d311 @A: 18 10 26 14 | 05
#1222-d311 @A: 18 21 14 15 | 11
#1223-d311 @A: 23 20 11 04 | 08
#1224-d311 @A: 23 20 32 19 | 06
#1225-d311 @A: 22 35 30 23 | 09
#1226-d311 @A: 32 23 30 09 | 10
#1227-d311 @A: 11 23 13 09 | 03
#1228-d311 @A: 23 02 35 28 | 12
#1229-d311 @A: 23 11 29 17 | 01
#1230-d311 @A: 17 27 04 26 | 04
#1231-d311 @A: 27 13 24 22 | 02
#1232-d311 @A: 22 27 16 03 | 07
#1233-d311 @A: 34 11 27 09 | 05
#1234-d311 @A: 02 03 27 24 | 11
#1235-d311 @A: 27 28 15 17 | 08
#1236-d311 @A: 11 32 27 19 | 06
#1237-d311 @A: 20 31 22 16 | 09
#1238-d311 @A: 02 20 29 30 | 10
#1239-d311 @A: 11 29 20 28 | 03
#1240-d311 @A: 26 28 04 09 | 12
#1241-d311 @A: 16 26 32 15 | 01
#1242-d311 @A: 26 19 10 21 | 04
#1243-d311 @A: 01 09 22 32 | 02
#1244-d311 @A: 13 15 31 22 | 07
#1245-d311 @A: 10 31 03 22 | 05
#1246-d311 @A: 17 21 03 22 | 11
#1247-d311 @A: 34 09 04 01 | 08
#1248-d311 @A: 09 02 15 29 | 06
#1249-d311 @A: 31 03 09 21 | 09
#1250-d311 @A: 21 04 28 29 | 10
#1251-d311 @A: 13 02 16 29 | 03
#1252-d311 @A: 03 02 21 16 | 12
#1253-d311 @A: 30 14 34 32 | 01
#1254-d311 @A: 21 30 19 17 | 04
#1255-d311 @A: 21 01 03 30 | 02
#1256-d311 @A: 01 14 10 24 | 07
#1257-d311 @A: 03 21 24 14 | 05
#1258-d311 @A: 35 13 24 31 | 11
#1259-d311 @A: 10 35 11 24 | 08
#1260-d311 @A: 05 33 06 34 | 06
#1261-d311 @A: 19 06 04 33 | 09
#1262-d311 @A: 12 33 15 32 | 10
#1263-d311 @A: 25 14 22 33 | 03
#1264-d311 @A: 13 32 33 18 | 12
#1265-d311 @A: 20 01 23 33 | 01
#1266-d311 @A: 09 33 31 23 | 04
#1267-d311 @A: 24 23 30 33 | 02
#1268-d311 @A: 09 26 21 33 | 07
#1269-d311 @A: 16 33 30 22 | 05
#1270-d311 @A: 09 30 33 19 | 11
#1271-d311 @A: 13 33 04 30 | 08
#1272-d311 @A: 33 31 04 35 | 06
#1273-d311 @A: 31 24 02 33 | 09
#1274-d311 @A: 02 33 03 35 | 10
#1275-d311 @A: 33 31 13 16 | 03
#1276-d311 @A: 33 10 15 17 | 12
#1277-d311 @A: 11 35 29 33 | 01
#1278-d311 @A: 03 21 19 33 | 04
#1279-d311 @A: 20 10 06 08 | 02
#1280-d311 @A: 06 08 01 30 | 07
#1281-d311 @A: 06 16 12 29 | 05
#1282-d311 @A: 05 16 06 25 | 11
#1283-d311 @A: 04 25 06 29 | 08
#1284-d311 @A: 16 06 26 07 | 06
#1285-d311 @A: 06 07 02 34 | 09
#1286-d311 @A: 06 35 23 18 | 10
#1287-d311 @A: 06 30 23 19 | 03
#1288-d311 @A: 27 06 20 29 | 12
#1289-d311 @A: 06 27 02 09 | 01
#1290-d311 @A: 27 06 16 30 | 04
#1291-d311 @A: 17 27 11 06 | 02
#1292-d311 @A: 11 06 09 20 | 07
#1293-d311 @A: 10 16 06 31 | 05
#1294-d311 @A: 19 17 29 06 | 11
#1295-d311 @A: 18 28 12 08 | 08
#1296-d311 @A: 08 04 31 25 | 06
#1297-d311 @A: 08 25 17 24 | 09
#1298-d311 @A: 23 08 30 13 | 10
#1299-d311 @A: 10 08 27 26 | 03
#1300-d311 @A: 08 27 09 31 | 12
#1301-d311 @A: 27 11 08 02 | 01
#1302-d311 @A: 27 01 08 24 | 04
#1303-d311 @A: 08 20 13 34 | 02
#1304-d311 @A: 26 08 09 03 | 07
#1305-d311 @A: 16 08 26 24 | 05
#1306-d311 @A: 21 08 34 35 | 11
#1307-d311 @A: 11 28 08 34 | 08
#1308-d311 @A: 35 12 09 07 | 06
#1309-d311 @A: 09 05 12 13 | 09
#1310-d311 @A: 32 12 02 05 | 10
#1311-d311 @A: 30 05 12 14 | 03
#1312-d311 @A: 12 29 26 18 | 12
#1313-d311 @A: 12 21 27 01 | 01
#1314-d311 @A: 11 26 04 12 | 04
#1315-d311 @A: 29 04 14 12 | 02
#1316-d311 @A: 21 12 13 29 | 07
#1317-d311 @A: 12 32 28 10 | 05
#1318-d311 @A: 25 27 07 31 | 11
#1319-d311 @A: 23 04 25 10 | 08
#1320-d311 @A: 31 26 25 16 | 06
#1321-d311 @A: 28 32 30 25 | 09
#1322-d311 @A: 25 13 24 21 | 10
#1323-d311 @A: 25 34 11 21 | 03
#1324-d311 @A: 13 16 15 25 | 12
#1325-d311 @A: 03 32 25 16 | 01
#1326-d311 @A: 19 01 21 25 | 04
#1327-d311 @A: 25 11 01 03 | 02
#1328-d311 @A: 18 02 03 07 | 07
#1329-d311 @A: 24 17 07 23 | 05
#1330-d311 @A: 23 03 07 32 | 11
#1331-d311 @A: 26 10 17 07 | 08
#1332-d311 @A: 07 17 22 01 | 06
#1333-d311 @A: 22 07 19 03 | 09
#1334-d311 @A: 09 32 07 02 | 10
#1335-d311 @A: 07 17 09 30 | 03
#1336-d311 @A: 34 04 21 07 | 12
#1337-d311 @A: 16 15 24 07 | 01
#1338-d311 @A: 35 14 07 31 | 04
#1339-d311 @A: 07 34 01 35 | 02
#1340-d311 @A: 28 16 21 07 | 07
#1341-d311 @A: 11 07 15 35 | 05
#1342-d311 @A: 27 18 05 03 | 11
#1343-d311 @A: 18 11 05 17 | 08
#1344-d311 @A: 29 24 05 23 | 06
#1345-d311 @A: 27 05 32 22 | 09
#1346-d311 @A: 27 05 13 04 | 10
#1347-d311 @A: 20 34 05 09 | 03
#1348-d311 @A: 11 28 26 05 | 12
#1349-d311 @A: 05 29 30 04 | 01
#1350-d311 @A: 05 35 24 16 | 04
#1351-d311 @A: 34 05 14 19 | 02
#1352-d311 @A: 05 31 10 35 | 07
#1353-d311 @A: 21 05 01 29 | 05
#1354-d311 @A: 20 30 18 10 | 11
#1355-d311 @A: 26 31 18 09 | 08
#1356-d311 @A: 30 32 22 18 | 06
#1357-d311 @A: 04 31 11 18 | 09
#1358-d311 @A: 24 03 28 18 | 10
#1359-d311 @A: 03 34 31 18 | 03
#1360-d311 @A: 17 18 16 34 | 12
#1361-d311 @A: 18 31 29 13 | 01
#1362-d311 @A: 27 09 20 23 | 04
#1363-d311 @A: 23 26 27 03 | 02
#1364-d311 @A: 22 23 10 27 | 07
#1365-d311 @A: 01 27 23 02 | 05
#1366-d311 @A: 29 20 23 10 | 11
#1367-d311 @A: 23 09 22 28 | 08
#1368-d311 @A: 19 24 23 15 | 06
#1369-d311 @A: 16 34 23 29 | 09
#1370-d311 @A: 23 35 34 15 | 10
#1371-d311 @A: 23 16 11 35 | 03
#1372-d311 @A: 26 09 13 27 | 12
#1373-d311 @A: 27 09 19 14 | 01
#1374-d311 @A: 02 04 10 27 | 04
#1375-d311 @A: 29 27 28 24 | 02
#1376-d311 @A: 27 14 35 32 | 07
#1377-d311 @A: 29 27 17 03 | 05
#1378-d311 @A: 19 27 28 16 | 11
#1379-d311 @A: 19 10 11 27 | 08
#1380-d311 @A: 04 26 20 03 | 06
#1381-d311 @A: 17 22 24 20 | 09
#1382-d311 @A: 22 15 20 29 | 10
#1383-d311 @A: 30 21 20 04 | 03
#1384-d311 @A: 28 15 03 20 | 12
#1385-d311 @A: 16 26 22 02 | 01
#1386-d311 @A: 24 17 26 02 | 04
#1387-d311 @A: 28 31 02 26 | 02
#1388-d311 @A: 30 32 31 26 | 07
#1389-d311 @A: 03 11 26 17 | 05
#1390-d311 @A: 01 26 35 11 | 11
#1391-d311 @A: 22 11 09 29 | 08
#1392-d311 @A: 22 35 14 10 | 06
#1393-d311 @A: 28 31 22 17 | 09
#1394-d311 @A: 02 09 34 30 | 10
#1395-d311 @A: 16 09 34 31 | 03
#1396-d311 @A: 34 04 17 14 | 12
#1397-d311 @A: 04 19 28 31 | 01
#1398-d311 @A: 17 04 16 15 | 04
#1399-d311 @A: 32 04 29 13 | 02
#1400-d311 @A: 01 04 35 10 | 07
#1401-d311 @A: 19 03 04 01 | 05
#1402-d311 @A: 35 30 11 13 | 11
#1403-d311 @A: 13 28 30 19 | 08
#1404-d311 @A: 29 24 01 17 | 06
#1405-d311 @A: 15 28 10 24 | 09
#1406-d311 @A: 28 32 24 19 | 10
#1407-d311 @A: 19 10 24 29 | 03
#1408-d311 @A: 17 32 31 01 | 12
#1409-d311 @A: 19 21 13 32 | 01
#1410-d311 @A: 33 06 07 23 | 04
#1411-d311 @A: 16 33 06 17 | 02
#1412-d311 @A: 03 33 08 32 | 07
#1413-d311 @A: 12 11 33 27 | 05
#1414-d311 @A: 26 17 33 12 | 11
#1415-d311 @A: 29 30 12 33 | 08
#1416-d311 @A: 25 35 07 33 | 06
#1417-d311 @A: 28 33 16 25 | 09
#1418-d311 @A: 30 15 07 33 | 10
#1419-d311 @A: 07 31 19 33 | 03
#1420-d311 @A: 18 33 22 13 | 12
#1421-d311 @A: 15 02 33 18 | 01
#1422-d311 @A: 16 33 03 26 | 04
#1423-d311 @A: 02 33 17 22 | 02
#1424-d311 @A: 33 35 17 28 | 07
#1425-d311 @A: 33 15 16 19 | 05
#1426-d311 @A: 35 10 21 33 | 11
#1427-d311 @A: 26 06 29 08 | 08
#1428-d311 @A: 13 12 26 06 | 06
#1429-d311 @A: 21 23 06 25 | 09
#1430-d311 @A: 25 22 06 11 | 10
#1431-d311 @A: 32 14 05 06 | 03
#1432-d311 @A: 06 15 13 05 | 12
#1433-d311 @A: 32 26 18 06 | 01
#1434-d311 @A: 06 26 11 02 | 04
#1435-d311 @A: 21 06 26 03 | 02
#1436-d311 @A: 04 06 09 21 | 07
#1437-d311 @A: 24 17 06 09 | 05
#1438-d311 @A: 17 14 06 03 | 11
#1439-d311 @A: 35 17 13 06 | 08
#1440-d311 @A: 10 17 06 01 | 06
#1441-d311 @A: 32 06 13 01 | 09
#1442-d311 @A: 08 32 27 12 | 10
#1443-d311 @A: 07 25 21 08 | 03
#1444-d311 @A: 25 08 30 29 | 12
#1445-d311 @A: 03 07 08 30 | 01
#1446-d311 @A: 05 35 09 08 | 04
#1447-d311 @A: 08 04 23 15 | 02
#1448-d311 @A: 24 08 22 35 | 07
#1449-d311 @A: 11 15 08 22 | 05
#1450-d311 @A: 09 17 02 08 | 11
#1451-d311 @A: 08 29 31 24 | 08
#1452-d311 @A: 28 31 03 08 | 06
#1453-d311 @A: 21 28 08 17 | 09
#1454-d311 @A: 08 01 19 29 | 10
#1455-d311 @A: 18 12 23 05 | 03
#1456-d311 @A: 12 05 34 02 | 12
#1457-d311 @A: 20 09 21 12 | 01
#1458-d311 @A: 20 01 04 12 | 04
#1459-d311 @A: 26 12 10 24 | 02
#1460-d311 @A: 12 02 22 03 | 07
#1461-d311 @A: 11 30 22 12 | 05
#1462-d311 @A: 19 22 12 35 | 11
#1463-d311 @A: 10 02 12 30 | 08
#1464-d311 @A: 12 21 17 10 | 06
#1465-d311 @A: 19 01 28 12 | 09
#1466-d311 @A: 25 07 14 02 | 10
#1467-d311 @A: 10 05 30 25 | 03
#1468-d311 @A: 14 05 25 24 | 12
#1469-d311 @A: 10 25 23 32 | 01
#1470-d311 @A: 04 28 25 20 | 04
#1471-d311 @A: 22 01 25 31 | 02
#1472-d311 @A: 24 34 09 25 | 07
#1473-d311 @A: 24 11 25 04 | 05
#1474-d311 @A: 29 15 14 25 | 11
#1475-d311 @A: 32 23 05 07 | 08
#1476-d311 @A: 05 01 04 07 | 06
#1477-d311 @A: 07 22 35 18 | 09
#1478-d311 @A: 07 27 29 23 | 10
#1479-d311 @A: 07 23 04 35 | 03
#1480-d311 @A: 27 20 13 07 | 12
#1481-d311 @A: 22 07 13 09 | 01
#1482-d311 @A: 22 07 32 21 | 04
#1483-d311 @A: 19 34 11 07 | 02
#1484-d311 @A: 07 16 31 29 | 07
#1485-d311 @A: 31 01 07 03 | 05
#1486-d311 @A: 05 22 16 18 | 11
#1487-d311 @A: 18 01 05 09 | 08
#1488-d311 @A: 13 22 05 20 | 06
#1489-d311 @A: 30 28 09 05 | 09
#1490-d311 @A: 05 04 17 02 | 10
#1491-d311 @A: 02 10 15 05 | 03
#1492-d311 @A: 16 15 05 11 | 12
#1493-d311 @A: 03 01 10 05 | 01
#1494-d311 @A: 18 14 32 23 | 04
#1495-d311 @A: 31 27 20 18 | 02
#1496-d311 @A: 11 18 22 20 | 07
#1497-d311 @A: 14 04 24 18 | 05
#1498-d311 @A: 34 18 10 02 | 11
#1499-d311 @A: 19 35 18 10 | 08
#1500-d311 @A: 15 18 28 19 | 06
#1501-d311 @A: 20 19 26 23 | 09
#1502-d311 @A: 26 34 23 09 | 10
#1503-d311 @A: 29 04 26 23 | 03
#1504-d311 @A: 26 11 31 23 | 12
#1505-d311 @A: 04 22 23 19 | 01
#1506-d311 @A: 23 22 11 03 | 04
#1507-d311 @A: 32 23 29 24 | 02
#1508-d311 @A: 34 23 11 14 | 07
#1509-d311 @A: 19 31 23 10 | 05
#1510-d311 @A: 03 35 23 13 | 11
#1511-d311 @A: 23 03 29 19 | 08
#1512-d311 @A: 20 01 27 22 | 06
#1513-d311 @A: 26 27 21 30 | 09
#1514-d311 @A: 27 09 35 30 | 10
#1515-d311 @A: 01 13 34 27 | 03
#1516-d311 @A: 32 20 26 03 | 12
#1517-d311 @A: 28 34 02 20 | 01
#1518-d311 @A: 01 20 11 24 | 04
#1519-d311 @A: 14 10 19 20 | 02
#1520-d311 @A: 20 11 34 17 | 07
#1521-d311 @A: 20 34 29 32 | 05
#1522-d311 @A: 01 10 31 20 | 11
#1523-d311 @A: 19 20 35 11 | 08
#1524-d311 @A: 03 10 35 20 | 06
#1525-d311 @A: 11 32 20 10 | 09
#1526-d311 @A: 26 29 32 22 | 10
#1527-d311 @A: 26 04 21 35 | 03
#1528-d311 @A: 19 11 14 26 | 12
#1529-d311 @A: 19 26 29 13 | 01
#1530-d311 @A: 28 16 29 26 | 04
#1531-d311 @A: 10 26 01 16 | 02
#1532-d311 @A: 11 26 10 29 | 07
#1533-d311 @A: 09 22 01 30 | 05
#1534-d311 @A: 29 24 02 22 | 11
#1535-d311 @A: 09 19 13 16 | 08
#1536-d311 @A: 04 13 35 15 | 06
#1537-d311 @A: 04 11 10 15 | 09
#1538-d311 @A: 30 02 11 01 | 10
#1539-d311 @A: 17 21 02 14 | 03
#1540-d311 @A: 02 14 29 19 | 12
#1541-d311 @A: 21 28 02 11 | 01
#1542-d311 @A: 24 30 17 31 | 04
#1543-d311 @A: 35 01 24 30 | 02
#1544-d311 @A: 24 21 30 28 | 07
#1545-d311 @A: 16 31 14 24 | 05
#1546-d311 @A: 24 31 34 11 | 11
#1547-d311 @A: 34 28 16 24 | 08
#1548-d311 @A: 15 24 17 11 | 06
#1549-d311 @A: 24 13 15 01 | 09
#1550-d311 @A: 11 33 06 08 | 10
#1551-d311 @A: 26 33 08 31 | 03
#1552-d311 @A: 23 12 03 33 | 12
#1553-d311 @A: 33 20 12 19 | 01
#1554-d311 @A: 25 33 09 17 | 04
#1555-d311 @A: 33 29 17 05 | 02
#1556-d311 @A: 33 18 20 35 | 07
#1557-d311 @A: 09 33 18 34 | 05
#1558-d311 @A: 18 24 17 33 | 11
#1559-d311 @A: 20 33 15 09 | 08
#1560-d311 @A: 03 29 20 33 | 06
#1561-d311 @A: 03 33 22 24 | 09
#1562-d311 @A: 33 17 21 11 | 10
#1563-d311 @A: 33 28 21 15 | 03
#1564-d311 @A: 20 25 06 13 | 12
#1565-d311 @A: 07 09 06 14 | 01
#1566-d311 @A: 32 06 19 05 | 04
#1567-d311 @A: 03 23 09 06 | 02
#1568-d311 @A: 06 04 23 28 | 07
#1569-d311 @A: 04 06 20 14 | 05
#1570-d311 @A: 06 20 32 31 | 11
#1571-d311 @A: 17 02 28 06 | 08
#1572-d311 @A: 21 06 32 24 | 06
#1573-d311 @A: 35 16 01 06 | 09
#1574-d311 @A: 01 06 19 15 | 10
#1575-d311 @A: 20 08 03 12 | 03
#1576-d311 @A: 08 02 12 13 | 12
#1577-d311 @A: 25 20 11 08 | 01
#1578-d311 @A: 09 08 34 07 | 04
#1579-d311 @A: 18 20 21 08 | 02
#1580-d311 @A: 08 26 13 11 | 07
#1581-d311 @A: 01 11 08 31 | 05
#1582-d311 @A: 15 01 32 08 | 11
#1583-d311 @A: 22 25 12 13 | 08
#1584-d311 @A: 04 25 12 17 | 06
#1585-d311 @A: 24 35 12 25 | 09
#1586-d311 @A: 07 32 12 13 | 10
#1587-d311 @A: 22 17 18 12 | 03
#1588-d311 @A: 12 01 18 24 | 12
#1589-d311 @A: 35 18 15 12 | 01
#1590-d311 @A: 15 23 12 09 | 04
#1591-d311 @A: 28 12 26 20 | 02
#1592-d311 @A: 10 12 16 20 | 07
#1593-d311 @A: 12 16 09 02 | 05
#1594-d311 @A: 29 12 34 09 | 11
#1595-d311 @A: 12 09 28 11 | 08
#1596-d311 @A: 12 24 02 15 | 06
#1597-d311 @A: 03 12 14 34 | 09
#1598-d311 @A: 09 25 23 05 | 10
#1599-d311 @A: 05 20 25 21 | 03
#1600-d311 @A: 05 35 25 32 | 12
#1601-d311 @A: 20 25 15 26 | 01
#1602-d311 @A: 22 25 28 26 | 04
#1603-d311 @A: 09 04 13 25 | 02
#1604-d311 @A: 01 04 30 25 | 07
#1605-d311 @A: 02 30 25 35 | 05
#1606-d311 @A: 02 25 15 31 | 11
#1607-d311 @A: 28 25 13 03 | 08
#1608-d311 @A: 29 19 25 35 | 06
#1609-d311 @A: 20 07 05 26 | 09
#1610-d311 @A: 21 07 19 05 | 10
#1611-d311 @A: 03 07 20 14 | 03
#1612-d311 @A: 26 29 30 07 | 12
#1613-d311 @A: 31 30 07 22 | 01
#1614-d311 @A: 09 07 15 04 | 04
#1615-d311 @A: 07 02 09 21 | 02
#1616-d311 @A: 15 07 14 32 | 07
#1617-d311 @A: 07 21 14 29 | 05
#1618-d311 @A: 07 15 13 34 | 11
#1619-d311 @A: 10 13 19 07 | 08
#1620-d311 @A: 07 01 15 29 | 06
#1621-d311 @A: 05 15 30 18 | 09
#1622-d311 @A: 14 13 18 05 | 10
#1623-d311 @A: 05 19 23 27 | 03
#1624-d311 @A: 17 23 05 28 | 12
#1625-d311 @A: 13 23 05 10 | 01
#1626-d311 @A: 04 19 05 20 | 04
#1627-d311 @A: 21 34 31 05 | 02
#1628-d311 @A: 34 01 16 05 | 07
#1629-d311 @A: 01 13 05 28 | 05
#1630-d311 @A: 18 29 22 23 | 11
#1631-d311 @A: 18 24 02 19 | 08
#1632-d311 @A: 30 28 18 29 | 06
#1633-d311 @A: 17 28 13 18 | 09
#1634-d311 @A: 35 03 16 18 | 10
#1635-d311 @A: 03 15 18 01 | 03
#1636-d311 @A: 01 11 29 18 | 12
#1637-d311 @A: 17 23 30 27 | 01
#1638-d311 @A: 20 23 21 17 | 04
#1639-d311 @A: 31 23 22 24 | 02
#1640-d311 @A: 23 04 34 30 | 07
#1641-d311 @A: 23 14 16 19 | 05
#1642-d311 @A: 16 20 27 02 | 11
#1643-d311 @A: 30 27 20 32 | 08
#1644-d311 @A: 02 34 27 26 | 06
#1645-d311 @A: 27 22 02 14 | 09
#1646-d311 @A: 16 24 09 27 | 10
#1647-d311 @A: 34 16 04 27 | 03
#1648-d311 @A: 10 16 35 27 | 12
#1649-d311 @A: 28 21 27 03 | 01
#1650-d311 @A: 03 22 09 20 | 04
#1651-d311 @A: 32 02 20 04 | 02
#1652-d311 @A: 35 20 14 15 | 07
#1653-d311 @A: 20 29 31 19 | 05
#1654-d311 @A: 20 13 15 10 | 11
#1655-d311 @A: 22 26 24 11 | 08
#1656-d311 @A: 35 14 26 34 | 06
#1657-d311 @A: 26 31 13 34 | 09
#1658-d311 @A: 34 17 26 29 | 10
#1659-d311 @A: 26 17 01 28 | 03
#1660-d311 @A: 02 11 04 22 | 12
#1661-d311 @A: 22 10 04 30 | 01
#1662-d311 @A: 32 04 22 34 | 04
#1663-d311 @A: 35 13 22 16 | 02
#1664-d311 @A: 22 16 28 01 | 07
#1665-d311 @A: 15 19 21 22 | 05
#1666-d311 @A: 10 03 09 04 | 11
#1667-d311 @A: 35 14 09 21 | 08
#1668-d311 @A: 34 09 19 03 | 06
#1669-d311 @A: 10 09 11 16 | 09
#1670-d311 @A: 11 01 09 21 | 10
#1671-d311 @A: 04 14 03 15 | 03
#1672-d311 @A: 11 34 04 32 | 12
#1673-d311 @A: 17 13 04 31 | 01
#1674-d311 @A: 21 01 17 04 | 04
#1675-d311 @A: 10 32 17 04 | 02
#1676-d311 @A: 16 14 01 02 | 07
#1677-d311 @A: 13 02 21 34 | 05
#1678-d311 @A: 34 11 02 35 | 11
#1679-d311 @A: 02 17 11 13 | 08
#1680-d311 @A: 02 17 19 03 | 06
#1681-d311 @A: 11 24 16 30 | 09
#1682-d311 @A: 21 11 31 30 | 10
#1683-d311 @A: 30 29 19 11 | 03
#1684-d311 @A: 21 17 35 24 | 12
#1685-d311 @A: 10 16 24 13 | 01
#1686-d311 @A: 13 28 24 11 | 04
#1687-d311 @A: 16 03 01 24 | 02
#1688-d311 @A: 34 32 10 01 | 07
#1689-d311 @A: 32 03 34 19 | 05
