#0001-d283 @A: 17 11 19 01 | 10
#0002-d283 @A: 26 32 19 01 | 12
#0003-d283 @A: 14 01 19 24 | 11
#0004-d283 @A: 07 26 13 19 | 03
#0005-d283 @A: 19 25 18 07 | 02
#0006-d283 @A: 32 28 19 30 | 09
#0007-d283 @A: 35 19 02 30 | 01
#0008-d283 @A: 35 31 19 15 | 05
#0009-d283 @A: 11 19 14 31 | 04
#0010-d283 @A: 31 04 19 09 | 07
#0011-d283 @A: 31 19 16 25 | 08
#0012-d283 @A: 06 10 19 07 | 06
#0013-d283 @A: 08 19 26 14 | 10
#0014-d283 @A: 19 26 33 06 | 12
#0015-d283 @A: 32 19 09 07 | 11
#0016-d283 @A: 21 23 19 04 | 03
#0017-d283 @A: 25 22 03 19 | 02
#0018-d283 @A: 08 19 03 06 | 09
#0019-d283 @A: 33 01 13 17 | 01
#0020-d283 @A: 07 18 01 34 | 05
#0021-d283 @A: 34 26 01 09 | 04
#0022-d283 @A: 01 25 04 34 | 07
#0023-d283 @A: 33 05 01 34 | 08
#0024-d283 @A: 01 17 10 22 | 06
#0025-d283 @A: 31 27 15 01 | 10
#0026-d283 @A: 31 08 32 01 | 12
#0027-d283 @A: 21 01 22 26 | 11
#0028-d283 @A: 02 04 32 01 | 03
#0029-d283 @A: 35 24 06 01 | 02
#0030-d283 @A: 05 01 35 28 | 09
#0031-d283 @A: 13 26 18 03 | 01
#0032-d283 @A: 24 13 12 18 | 05
#0033-d283 @A: 13 31 08 02 | 04
#0034-d283 @A: 12 13 15 28 | 07
#0035-d283 @A: 06 14 10 13 | 08
#0036-d283 @A: 26 09 13 14 | 06
#0037-d283 @A: 24 32 13 20 | 10
#0038-d283 @A: 02 21 25 13 | 12
#0039-d283 @A: 05 13 08 11 | 11
#0040-d283 @A: 11 20 13 29 | 03
#0041-d283 @A: 05 13 27 09 | 02
#0042-d283 @A: 33 18 31 34 | 09
#0043-d283 @A: 24 17 14 18 | 01
#0044-d283 @A: 22 04 18 17 | 05
#0045-d283 @A: 31 18 25 14 | 04
#0046-d283 @A: 31 11 20 18 | 07
#0047-d283 @A: 18 15 11 33 | 08
#0048-d283 @A: 25 10 18 08 | 06
#0049-d283 @A: 25 04 18 12 | 10
#0050-d283 @A: 06 23 18 02 | 12
#0051-d283 @A: 06 18 25 28 | 11
#0052-d283 @A: 05 16 18 27 | 03
#0053-d283 @A: 30 34 06 10 | 02
#0054-d283 @A: 28 12 30 17 | 09
#0055-d283 @A: 06 35 30 31 | 01
#0056-d283 @A: 10 23 30 14 | 05
#0057-d283 @A: 04 02 30 10 | 04
#0058-d283 @A: 26 03 12 30 | 07
#0059-d283 @A: 02 29 30 12 | 08
#0060-d283 @A: 09 30 28 11 | 06
#0061-d283 @A: 05 33 30 28 | 10
#0062-d283 @A: 16 08 24 30 | 12
#0063-d283 @A: 09 25 30 08 | 11
#0064-d283 @A: 29 26 34 31 | 03
#0065-d283 @A: 26 15 12 34 | 02
#0066-d283 @A: 04 34 33 15 | 09
#0067-d283 @A: 34 03 32 24 | 01
#0068-d283 @A: 34 16 07 21 | 05
#0069-d283 @A: 23 07 33 34 | 04
#0070-d283 @A: 11 33 34 21 | 07
#0071-d283 @A: 03 05 08 34 | 08
#0072-d283 @A: 34 16 25 03 | 06
#0073-d283 @A: 31 17 28 26 | 10
#0074-d283 @A: 10 27 07 17 | 12
#0075-d283 @A: 17 24 10 21 | 11
#0076-d283 @A: 32 22 06 17 | 03
#0077-d283 @A: 17 08 25 12 | 02
#0078-d283 @A: 27 16 02 17 | 09
#0079-d283 @A: 17 24 05 11 | 01
#0080-d283 @A: 17 08 23 06 | 05
#0081-d283 @A: 09 35 20 17 | 04
#0082-d283 @A: 17 25 09 03 | 07
#0083-d283 @A: 29 15 32 31 | 08
#0084-d283 @A: 31 33 12 15 | 06
#0085-d283 @A: 31 21 29 10 | 10
#0086-d283 @A: 12 31 23 11 | 12
#0087-d283 @A: 11 28 31 27 | 11
#0088-d283 @A: 31 20 08 24 | 03
#0089-d283 @A: 20 31 27 33 | 02
#0090-d283 @A: 31 03 23 27 | 09
#0091-d283 @A: 11 10 02 15 | 01
#0092-d283 @A: 07 21 15 35 | 05
#0093-d283 @A: 15 14 16 21 | 04
#0094-d283 @A: 03 06 22 15 | 07
#0095-d283 @A: 15 05 22 25 | 08
#0096-d283 @A: 32 10 33 04 | 06
#0097-d283 @A: 09 21 22 10 | 10
#0098-d283 @A: 35 09 10 06 | 12
#0099-d283 @A: 16 10 28 08 | 11
#0100-d283 @A: 26 21 23 12 | 03
#0101-d283 @A: 24 23 16 26 | 02
#0102-d283 @A: 32 20 02 07 | 09
#0103-d283 @A: 12 04 03 32 | 01
#0104-d283 @A: 09 05 29 32 | 05
#0105-d283 @A: 32 33 09 24 | 04
#0106-d283 @A: 09 25 32 16 | 07
#0107-d283 @A: 07 02 08 14 | 08
#0108-d283 @A: 20 14 28 07 | 06
#0109-d283 @A: 23 04 05 07 | 10
#0110-d283 @A: 11 07 20 24 | 12
#0111-d283 @A: 07 05 08 27 | 11
#0112-d283 @A: 07 28 03 29 | 03
#0113-d283 @A: 14 23 27 21 | 02
#0114-d283 @A: 06 11 16 14 | 09
#0115-d283 @A: 29 14 24 33 | 01
#0116-d283 @A: 16 23 14 33 | 05
#0117-d283 @A: 20 14 03 08 | 04
#0118-d283 @A: 14 08 03 23 | 07
#0119-d283 @A: 21 06 12 04 | 08
#0120-d283 @A: 29 03 21 04 | 06
#0121-d283 @A: 11 27 21 03 | 10
#0122-d283 @A: 20 09 21 24 | 12
#0123-d283 @A: 27 21 25 09 | 11
#0124-d283 @A: 28 22 35 12 | 03
#0125-d283 @A: 05 12 09 08 | 02
#0126-d283 @A: 11 35 02 04 | 09
#0127-d283 @A: 25 23 24 04 | 01
#0128-d283 @A: 09 02 23 22 | 05
#0129-d283 @A: 02 05 20 08 | 04
#0130-d283 @A: 28 02 16 33 | 07
#0131-d283 @A: 03 16 02 09 | 08
#0132-d283 @A: 06 29 22 23 | 06
#0133-d283 @A: 09 23 06 05 | 10
#0134-d283 @A: 15 19 01 34 | 12
#0135-d283 @A: 19 29 31 01 | 11
#0136-d283 @A: 12 16 19 13 | 03
#0137-d283 @A: 22 18 19 14 | 02
#0138-d283 @A: 19 17 09 10 | 09
#0139-d283 @A: 31 27 19 26 | 01
#0140-d283 @A: 24 19 31 07 | 05
#0141-d283 @A: 24 02 19 26 | 04
#0142-d283 @A: 21 25 32 19 | 07
#0143-d283 @A: 03 19 02 07 | 08
#0144-d283 @A: 12 19 21 11 | 06
#0145-d283 @A: 09 19 35 22 | 10
#0146-d283 @A: 28 05 19 23 | 12
#0147-d283 @A: 20 03 29 19 | 11
#0148-d283 @A: 01 13 21 27 | 03
#0149-d283 @A: 20 07 30 01 | 02
#0150-d283 @A: 01 23 34 04 | 09
#0151-d283 @A: 34 01 02 06 | 01
#0152-d283 @A: 17 03 01 21 | 05
#0153-d283 @A: 09 31 24 01 | 04
#0154-d283 @A: 06 10 01 32 | 07
#0155-d283 @A: 27 14 32 01 | 08
#0156-d283 @A: 02 07 09 01 | 06
#0157-d283 @A: 23 08 12 01 | 10
#0158-d283 @A: 01 11 33 25 | 12
#0159-d283 @A: 05 24 27 01 | 11
#0160-d283 @A: 27 09 16 01 | 03
#0161-d283 @A: 08 13 18 32 | 02
#0162-d283 @A: 17 13 30 09 | 09
#0163-d283 @A: 13 22 03 30 | 01
#0164-d283 @A: 32 07 13 34 | 05
#0165-d283 @A: 14 13 34 11 | 04
#0166-d283 @A: 34 13 21 20 | 07
#0167-d283 @A: 13 12 34 27 | 08
#0168-d283 @A: 17 16 26 13 | 06
#0169-d283 @A: 17 13 05 32 | 10
#0170-d283 @A: 14 13 27 17 | 12
#0171-d283 @A: 13 10 15 27 | 11
#0172-d283 @A: 15 13 33 14 | 03
#0173-d283 @A: 03 32 13 14 | 02
#0174-d283 @A: 32 23 25 13 | 09
#0175-d283 @A: 22 07 13 09 | 01
#0176-d283 @A: 05 21 04 13 | 05
#0177-d283 @A: 16 35 13 23 | 04
#0178-d283 @A: 09 08 33 13 | 07
#0179-d283 @A: 30 06 18 17 | 08
#0180-d283 @A: 21 03 31 18 | 06
#0181-d283 @A: 18 09 31 02 | 10
#0182-d283 @A: 15 32 16 18 | 12
#0183-d283 @A: 25 18 26 16 | 11
#0184-d283 @A: 28 22 18 21 | 03
#0185-d283 @A: 08 12 02 18 | 02
#0186-d283 @A: 02 05 18 24 | 09
#0187-d283 @A: 20 06 18 16 | 01
#0188-d283 @A: 18 27 06 09 | 05
#0189-d283 @A: 27 18 35 23 | 04
#0190-d283 @A: 30 24 32 17 | 07
#0191-d283 @A: 17 35 03 30 | 08
#0192-d283 @A: 31 09 30 26 | 06
#0193-d283 @A: 30 02 06 26 | 10
#0194-d283 @A: 23 09 30 26 | 12
#0195-d283 @A: 04 30 09 21 | 11
#0196-d283 @A: 11 21 08 30 | 03
#0197-d283 @A: 30 08 06 12 | 02
#0198-d283 @A: 22 24 30 20 | 09
#0199-d283 @A: 30 28 33 23 | 01
#0200-d283 @A: 28 30 25 03 | 05
#0201-d283 @A: 34 22 04 31 | 04
#0202-d283 @A: 34 03 22 26 | 07
#0203-d283 @A: 07 24 14 34 | 08
#0204-d283 @A: 05 09 34 07 | 06
#0205-d283 @A: 34 14 23 12 | 10
#0206-d283 @A: 14 04 05 34 | 12
#0207-d283 @A: 04 21 34 35 | 11
#0208-d283 @A: 06 22 34 27 | 03
#0209-d283 @A: 20 05 06 34 | 02
#0210-d283 @A: 24 27 33 34 | 09
#0211-d283 @A: 34 27 28 25 | 01
#0212-d283 @A: 17 05 15 29 | 05
#0213-d283 @A: 10 17 32 28 | 04
#0214-d283 @A: 17 20 10 04 | 07
#0215-d283 @A: 05 25 17 26 | 08
#0216-d283 @A: 26 17 23 24 | 06
#0217-d283 @A: 27 17 32 12 | 10
#0218-d283 @A: 14 29 17 04 | 12
#0219-d283 @A: 20 25 11 17 | 11
#0220-d283 @A: 08 17 05 33 | 03
#0221-d283 @A: 17 24 28 27 | 02
#0222-d283 @A: 17 29 25 35 | 09
#0223-d283 @A: 15 04 31 20 | 01
#0224-d283 @A: 15 23 22 31 | 05
#0225-d283 @A: 12 31 24 10 | 04
#0226-d283 @A: 26 31 02 11 | 07
#0227-d283 @A: 32 27 02 31 | 08
#0228-d283 @A: 12 27 31 06 | 06
#0229-d283 @A: 31 05 35 09 | 10
#0230-d283 @A: 09 16 31 33 | 12
#0231-d283 @A: 24 06 15 26 | 11
#0232-d283 @A: 28 15 26 25 | 03
#0233-d283 @A: 11 15 32 14 | 02
#0234-d283 @A: 22 12 15 04 | 09
#0235-d283 @A: 08 16 04 15 | 01
#0236-d283 @A: 15 22 27 09 | 05
#0237-d283 @A: 11 28 15 16 | 04
#0238-d283 @A: 24 08 15 33 | 07
#0239-d283 @A: 29 03 09 15 | 08
#0240-d283 @A: 25 15 08 03 | 06
#0241-d283 @A: 26 10 23 04 | 10
#0242-d283 @A: 26 22 33 10 | 12
#0243-d283 @A: 33 21 10 07 | 11
#0244-d283 @A: 10 28 14 21 | 03
#0245-d283 @A: 14 10 02 16 | 02
#0246-d283 @A: 21 16 11 10 | 09
#0247-d283 @A: 10 28 20 22 | 01
#0248-d283 @A: 06 04 32 26 | 05
#0249-d283 @A: 27 07 21 26 | 04
#0250-d283 @A: 16 14 26 29 | 07
#0251-d283 @A: 20 06 26 08 | 08
#0252-d283 @A: 28 20 26 29 | 06
#0253-d283 @A: 25 26 20 23 | 10
#0254-d283 @A: 07 12 32 16 | 12
#0255-d283 @A: 35 32 23 14 | 11
#0256-d283 @A: 11 16 32 20 | 03
#0257-d283 @A: 32 08 11 09 | 02
#0258-d283 @A: 27 08 32 29 | 09
#0259-d283 @A: 32 20 25 28 | 01
#0260-d283 @A: 20 23 32 33 | 05
#0261-d283 @A: 14 05 07 16 | 04
#0262-d283 @A: 07 08 12 04 | 07
#0263-d283 @A: 24 35 07 09 | 08
#0264-d283 @A: 07 35 33 08 | 06
#0265-d283 @A: 12 02 14 24 | 10
#0266-d283 @A: 08 12 28 14 | 12
#0267-d283 @A: 24 29 11 21 | 11
#0268-d283 @A: 25 33 21 06 | 03
#0269-d283 @A: 20 12 27 11 | 02
#0270-d283 @A: 28 12 16 24 | 09
#0271-d283 @A: 08 29 24 12 | 01
#0272-d283 @A: 02 06 05 04 | 05
#0273-d283 @A: 24 02 28 04 | 04
#0274-d283 @A: 04 11 28 33 | 07
#0275-d283 @A: 24 20 27 04 | 08
#0276-d283 @A: 27 25 04 29 | 06
#0277-d283 @A: 33 23 04 03 | 10
#0278-d283 @A: 24 29 02 20 | 12
#0279-d283 @A: 08 02 09 24 | 11
#0280-d283 @A: 35 02 25 28 | 03
#0281-d283 @A: 11 23 09 25 | 02
#0282-d283 @A: 23 11 35 03 | 09
#0283-d283 @A: 01 20 19 13 | 01
#0284-d283 @A: 30 01 25 19 | 05
#0285-d283 @A: 19 18 13 11 | 04
#0286-d283 @A: 34 13 19 05 | 07
#0287-d283 @A: 10 24 13 19 | 08
#0288-d283 @A: 07 22 19 30 | 06
#0289-d283 @A: 20 19 34 02 | 10
#0290-d283 @A: 17 33 04 19 | 12
#0291-d283 @A: 19 32 31 20 | 11
#0292-d283 @A: 27 02 10 19 | 03
#0293-d283 @A: 04 32 19 11 | 02
#0294-d283 @A: 14 19 09 12 | 09
#0295-d283 @A: 19 27 22 16 | 01
#0296-d283 @A: 19 27 33 25 | 05
#0297-d283 @A: 30 13 11 01 | 04
#0298-d283 @A: 13 01 03 02 | 07
#0299-d283 @A: 14 01 18 35 | 08
#0300-d283 @A: 20 01 34 31 | 06
#0301-d283 @A: 14 22 34 01 | 10
#0302-d283 @A: 07 01 17 06 | 12
#0303-d283 @A: 23 01 17 35 | 11
#0304-d283 @A: 15 27 01 23 | 03
#0305-d283 @A: 35 01 26 02 | 02
#0306-d283 @A: 01 16 33 26 | 09
#0307-d283 @A: 04 14 01 08 | 01
#0308-d283 @A: 01 05 14 23 | 05
#0309-d283 @A: 12 03 01 06 | 04
#0310-d283 @A: 01 29 05 12 | 07
#0311-d283 @A: 03 22 01 05 | 08
#0312-d283 @A: 18 15 35 13 | 06
#0313-d283 @A: 34 17 06 13 | 10
#0314-d283 @A: 31 34 13 23 | 12
#0315-d283 @A: 34 24 13 09 | 11
#0316-d283 @A: 21 13 31 14 | 03
#0317-d283 @A: 27 31 13 22 | 02
#0318-d283 @A: 29 13 26 02 | 09
#0319-d283 @A: 32 13 33 22 | 01
#0320-d283 @A: 12 33 23 13 | 05
#0321-d283 @A: 24 05 03 13 | 04
#0322-d283 @A: 28 27 08 13 | 07
#0323-d283 @A: 27 13 35 03 | 08
#0324-d283 @A: 20 13 33 28 | 06
#0325-d283 @A: 21 30 18 05 | 10
#0326-d283 @A: 34 18 20 15 | 12
#0327-d283 @A: 16 10 17 18 | 11
#0328-d283 @A: 31 18 24 26 | 03
#0329-d283 @A: 22 15 18 10 | 02
#0330-d283 @A: 04 10 24 18 | 09
#0331-d283 @A: 32 20 21 18 | 01
#0332-d283 @A: 18 25 32 02 | 05
#0333-d283 @A: 18 32 05 23 | 04
#0334-d283 @A: 14 02 18 03 | 07
#0335-d283 @A: 02 18 11 21 | 08
#0336-d283 @A: 22 03 18 11 | 06
#0337-d283 @A: 24 22 18 09 | 10
#0338-d283 @A: 33 18 35 16 | 12
#0339-d283 @A: 09 29 35 18 | 11
#0340-d283 @A: 30 09 29 34 | 03
#0341-d283 @A: 27 30 23 17 | 02
#0342-d283 @A: 28 30 02 31 | 09
#0343-d283 @A: 25 30 20 31 | 01
#0344-d283 @A: 30 29 26 21 | 05
#0345-d283 @A: 06 24 30 25 | 04
#0346-d283 @A: 30 33 09 35 | 07
#0347-d283 @A: 03 30 09 20 | 08
#0348-d283 @A: 10 24 34 26 | 06
#0349-d283 @A: 34 26 28 11 | 10
#0350-d283 @A: 12 25 07 34 | 12
#0351-d283 @A: 07 04 06 34 | 11
#0352-d283 @A: 34 08 14 21 | 03
#0353-d283 @A: 33 34 12 14 | 02
#0354-d283 @A: 34 02 16 23 | 09
#0355-d283 @A: 34 09 06 03 | 01
#0356-d283 @A: 27 23 34 09 | 05
#0357-d283 @A: 24 17 22 31 | 04
#0358-d283 @A: 17 23 31 09 | 07
#0359-d283 @A: 15 17 22 21 | 08
#0360-d283 @A: 12 10 06 17 | 06
#0361-d283 @A: 17 09 04 32 | 10
#0362-d283 @A: 07 21 17 11 | 12
#0363-d283 @A: 17 21 08 02 | 11
#0364-d283 @A: 22 17 35 11 | 03
#0365-d283 @A: 05 17 16 22 | 02
#0366-d283 @A: 33 17 11 06 | 09
#0367-d283 @A: 25 16 17 28 | 01
#0368-d283 @A: 11 10 04 31 | 05
#0369-d283 @A: 02 31 20 10 | 04
#0370-d283 @A: 31 35 14 26 | 07
#0371-d283 @A: 04 03 31 14 | 08
#0372-d283 @A: 08 14 05 31 | 06
#0373-d283 @A: 29 09 27 31 | 10
#0374-d283 @A: 35 23 15 26 | 12
#0375-d283 @A: 27 07 04 15 | 11
#0376-d283 @A: 15 12 16 02 | 03
#0377-d283 @A: 35 15 16 22 | 02
#0378-d283 @A: 15 33 06 09 | 09
#0379-d283 @A: 32 10 21 05 | 01
#0380-d283 @A: 02 24 07 10 | 05
#0381-d283 @A: 10 03 07 16 | 04
#0382-d283 @A: 24 10 08 22 | 07
#0383-d283 @A: 22 10 25 29 | 08
#0384-d283 @A: 11 27 10 29 | 06
#0385-d283 @A: 06 16 33 10 | 10
#0386-d283 @A: 04 26 22 07 | 12
#0387-d283 @A: 26 07 06 16 | 11
#0388-d283 @A: 22 14 26 02 | 03
#0389-d283 @A: 12 04 28 26 | 02
#0390-d283 @A: 20 26 16 22 | 09
#0391-d283 @A: 26 25 22 35 | 01
#0392-d283 @A: 06 35 28 26 | 05
#0393-d283 @A: 16 28 05 26 | 04
#0394-d283 @A: 05 35 29 26 | 07
#0395-d283 @A: 24 27 26 29 | 08
#0396-d283 @A: 09 26 08 16 | 06
#0397-d283 @A: 33 21 32 27 | 10
#0398-d283 @A: 09 27 20 32 | 12
#0399-d283 @A: 28 08 32 03 | 11
#0400-d283 @A: 32 08 33 20 | 03
#0401-d283 @A: 25 35 32 33 | 02
#0402-d283 @A: 14 23 07 09 | 09
#0403-d283 @A: 28 05 07 24 | 01
#0404-d283 @A: 22 27 14 33 | 05
#0405-d283 @A: 14 09 22 28 | 04
#0406-d283 @A: 14 06 23 24 | 07
#0407-d283 @A: 14 28 03 24 | 08
#0408-d283 @A: 29 28 14 25 | 06
#0409-d283 @A: 33 35 28 14 | 10
#0410-d283 @A: 20 28 21 11 | 12
#0411-d283 @A: 06 35 21 29 | 11
#0412-d283 @A: 21 25 28 24 | 03
#0413-d283 @A: 03 21 33 24 | 02
#0414-d283 @A: 12 22 11 08 | 09
#0415-d283 @A: 05 22 12 33 | 01
#0416-d283 @A: 11 24 33 12 | 05
#0417-d283 @A: 27 12 23 06 | 04
#0418-d283 @A: 20 05 24 12 | 07
#0419-d283 @A: 03 12 33 16 | 08
#0420-d283 @A: 27 23 12 25 | 06
#0421-d283 @A: 22 24 06 04 | 10
#0422-d283 @A: 16 04 24 11 | 12
#0423-d283 @A: 04 20 03 11 | 11
#0424-d283 @A: 33 27 11 23 | 03
#0425-d283 @A: 21 19 35 01 | 02
#0426-d283 @A: 01 28 02 19 | 09
#0427-d283 @A: 19 06 32 13 | 01
#0428-d283 @A: 13 22 19 21 | 05
#0429-d283 @A: 19 09 13 03 | 04
#0430-d283 @A: 20 18 19 10 | 07
#0431-d283 @A: 19 32 05 18 | 08
#0432-d283 @A: 19 02 16 18 | 06
#0433-d283 @A: 29 19 34 07 | 10
#0434-d283 @A: 19 15 21 05 | 12
#0435-d283 @A: 08 15 19 22 | 11
#0436-d283 @A: 28 19 15 33 | 03
#0437-d283 @A: 19 26 10 21 | 02
#0438-d283 @A: 19 16 23 27 | 09
#0439-d283 @A: 09 19 20 23 | 01
#0440-d283 @A: 25 01 13 26 | 05
#0441-d283 @A: 30 01 03 18 | 04
#0442-d283 @A: 18 01 10 11 | 07
#0443-d283 @A: 01 30 32 05 | 08
#0444-d283 @A: 34 27 01 17 | 06
#0445-d283 @A: 17 26 01 12 | 10
#0446-d283 @A: 28 01 17 20 | 12
#0447-d283 @A: 35 04 15 01 | 11
#0448-d283 @A: 01 25 23 10 | 03
#0449-d283 @A: 01 14 20 26 | 02
#0450-d283 @A: 01 21 09 32 | 09
#0451-d283 @A: 29 23 07 01 | 01
#0452-d283 @A: 01 12 21 16 | 05
#0453-d283 @A: 28 24 01 11 | 04
#0454-d283 @A: 20 11 01 09 | 07
#0455-d283 @A: 24 01 20 33 | 08
#0456-d283 @A: 16 01 35 20 | 06
#0457-d283 @A: 18 13 14 30 | 10
#0458-d283 @A: 29 18 31 13 | 12
#0459-d283 @A: 13 24 30 31 | 11
#0460-d283 @A: 04 13 35 17 | 03
#0461-d283 @A: 31 11 09 13 | 02
#0462-d283 @A: 22 26 13 15 | 09
#0463-d283 @A: 10 13 33 35 | 01
#0464-d283 @A: 06 13 26 12 | 05
#0465-d283 @A: 13 23 22 26 | 04
#0466-d283 @A: 12 07 13 29 | 07
#0467-d283 @A: 14 02 13 23 | 08
#0468-d283 @A: 14 22 13 29 | 06
#0469-d283 @A: 02 13 11 12 | 10
#0470-d283 @A: 13 28 06 02 | 12
#0471-d283 @A: 13 35 11 06 | 11
#0472-d283 @A: 13 16 27 06 | 03
#0473-d283 @A: 20 29 13 23 | 02
#0474-d283 @A: 03 25 33 13 | 09
#0475-d283 @A: 30 18 26 22 | 01
#0476-d283 @A: 17 18 21 27 | 05
#0477-d283 @A: 02 17 33 18 | 04
#0478-d283 @A: 15 14 08 18 | 07
#0479-d283 @A: 21 18 24 15 | 08
#0480-d283 @A: 26 18 27 10 | 06
#0481-d283 @A: 18 10 28 07 | 10
#0482-d283 @A: 10 12 29 18 | 12
#0483-d283 @A: 21 26 09 18 | 11
#0484-d283 @A: 18 26 12 05 | 03
#0485-d283 @A: 23 18 05 11 | 02
#0486-d283 @A: 18 03 06 24 | 09
#0487-d283 @A: 25 20 24 18 | 01
#0488-d283 @A: 34 03 30 14 | 05
#0489-d283 @A: 15 30 14 17 | 04
#0490-d283 @A: 12 32 30 14 | 07
#0491-d283 @A: 30 07 12 11 | 08
#0492-d283 @A: 09 07 06 30 | 06
#0493-d283 @A: 14 04 22 30 | 10
#0494-d283 @A: 02 21 30 20 | 12
#0495-d283 @A: 30 12 23 22 | 11
#0496-d283 @A: 16 23 03 30 | 03
#0497-d283 @A: 34 10 14 29 | 02
#0498-d283 @A: 28 34 04 32 | 09
#0499-d283 @A: 34 22 08 23 | 01
#0500-d283 @A: 34 28 22 33 | 05
#0501-d283 @A: 16 28 06 34 | 04
#0502-d283 @A: 17 31 03 10 | 07
#0503-d283 @A: 33 31 17 32 | 08
#0504-d283 @A: 31 17 25 21 | 06
#0505-d283 @A: 17 15 06 04 | 10
#0506-d283 @A: 24 17 26 07 | 12
#0507-d283 @A: 21 26 35 17 | 11
#0508-d283 @A: 26 09 27 17 | 03
#0509-d283 @A: 21 16 17 32 | 02
#0510-d283 @A: 32 29 17 20 | 09
#0511-d283 @A: 12 17 16 04 | 01
#0512-d283 @A: 31 23 10 35 | 05
#0513-d283 @A: 33 29 07 31 | 04
#0514-d283 @A: 24 16 31 21 | 07
#0515-d283 @A: 11 06 03 31 | 08
#0516-d283 @A: 25 31 29 06 | 06
#0517-d283 @A: 31 23 29 33 | 10
#0518-d283 @A: 33 28 31 03 | 12
#0519-d283 @A: 15 12 10 09 | 11
#0520-d283 @A: 21 26 15 20 | 03
#0521-d283 @A: 15 07 33 32 | 02
#0522-d283 @A: 15 02 32 24 | 09
#0523-d283 @A: 33 15 02 21 | 01
#0524-d283 @A: 06 16 15 29 | 05
#0525-d283 @A: 10 21 23 32 | 04
#0526-d283 @A: 10 12 32 11 | 07
#0527-d283 @A: 21 10 35 02 | 08
#0528-d283 @A: 10 23 03 02 | 06
#0529-d283 @A: 06 10 25 05 | 10
#0530-d283 @A: 23 08 24 10 | 12
#0531-d283 @A: 03 24 25 10 | 11
#0532-d283 @A: 16 27 10 25 | 03
#0533-d283 @A: 10 09 29 20 | 02
#0534-d283 @A: 12 07 35 26 | 09
#0535-d283 @A: 23 26 14 29 | 01
#0536-d283 @A: 26 11 23 28 | 05
#0537-d283 @A: 26 09 06 25 | 04
#0538-d283 @A: 03 26 20 24 | 07
#0539-d283 @A: 35 26 20 27 | 08
#0540-d283 @A: 26 25 27 03 | 06
#0541-d283 @A: 33 09 29 26 | 10
#0542-d283 @A: 12 32 05 02 | 12
#0543-d283 @A: 11 32 03 25 | 11
#0544-d283 @A: 05 20 32 03 | 03
#0545-d283 @A: 23 11 07 21 | 02
#0546-d283 @A: 33 07 04 24 | 09
#0547-d283 @A: 20 07 09 25 | 01
#0548-d283 @A: 12 14 11 04 | 05
#0549-d283 @A: 24 14 25 05 | 04
#0550-d283 @A: 16 14 20 25 | 07
#0551-d283 @A: 20 33 14 09 | 08
#0552-d283 @A: 20 29 21 22 | 06
#0553-d283 @A: 33 21 35 22 | 10
#0554-d283 @A: 21 28 23 24 | 12
#0555-d283 @A: 05 12 03 23 | 11
#0556-d283 @A: 20 12 35 08 | 03
#0557-d283 @A: 33 04 29 02 | 02
#0558-d283 @A: 22 33 16 04 | 09
#0559-d283 @A: 04 28 09 16 | 01
#0560-d283 @A: 29 04 20 08 | 05
#0561-d283 @A: 22 09 02 25 | 04
#0562-d283 @A: 02 25 11 05 | 07
#0563-d283 @A: 11 09 33 02 | 08
#0564-d283 @A: 02 29 09 06 | 06
#0565-d283 @A: 28 20 03 02 | 10
#0566-d283 @A: 09 23 33 05 | 12
#0567-d283 @A: 28 08 25 23 | 11
#0568-d283 @A: 15 25 13 19 | 03
#0569-d283 @A: 13 29 19 35 | 02
#0570-d283 @A: 19 15 30 20 | 09
#0571-d283 @A: 34 26 16 19 | 01
#0572-d283 @A: 19 35 06 34 | 05
#0573-d283 @A: 19 34 09 33 | 04
#0574-d283 @A: 22 17 26 19 | 07
#0575-d283 @A: 25 10 19 04 | 08
#0576-d283 @A: 02 23 19 26 | 06
#0577-d283 @A: 19 03 26 28 | 10
#0578-d283 @A: 24 32 27 19 | 12
#0579-d283 @A: 04 16 19 07 | 11
#0580-d283 @A: 04 19 22 20 | 03
#0581-d283 @A: 22 11 02 19 | 02
#0582-d283 @A: 27 29 19 05 | 09
#0583-d283 @A: 30 27 01 10 | 01
#0584-d283 @A: 23 01 20 30 | 05
#0585-d283 @A: 04 17 01 05 | 04
#0586-d283 @A: 02 01 31 16 | 07
#0587-d283 @A: 07 15 01 16 | 08
#0588-d283 @A: 15 14 03 01 | 06
#0589-d283 @A: 08 12 01 15 | 10
#0590-d283 @A: 35 01 07 10 | 12
#0591-d283 @A: 05 11 01 06 | 11
#0592-d283 @A: 20 29 06 01 | 03
#0593-d283 @A: 24 16 01 03 | 02
#0594-d283 @A: 01 29 27 28 | 09
#0595-d283 @A: 18 13 02 04 | 01
#0596-d283 @A: 21 13 06 30 | 05
#0597-d283 @A: 12 25 30 13 | 04
#0598-d283 @A: 13 06 23 30 | 07
#0599-d283 @A: 24 13 17 02 | 08
#0600-d283 @A: 13 16 04 31 | 06
#0601-d283 @A: 05 26 10 13 | 10
#0602-d283 @A: 03 10 11 13 | 12
#0603-d283 @A: 02 13 07 27 | 11
#0604-d283 @A: 22 06 13 08 | 03
#0605-d283 @A: 13 11 25 16 | 02
#0606-d283 @A: 13 08 29 16 | 09
#0607-d283 @A: 17 35 28 18 | 01
#0608-d283 @A: 31 23 18 26 | 05
#0609-d283 @A: 11 04 26 18 | 04
#0610-d283 @A: 18 29 20 14 | 07
#0611-d283 @A: 04 23 20 18 | 08
#0612-d283 @A: 18 08 20 28 | 06
#0613-d283 @A: 17 20 30 34 | 10
#0614-d283 @A: 30 24 34 15 | 12
#0615-d283 @A: 26 17 30 33 | 11
#0616-d283 @A: 05 31 15 30 | 03
#0617-d283 @A: 30 07 31 21 | 02
#0618-d283 @A: 32 09 10 30 | 09
#0619-d283 @A: 30 14 25 10 | 01
#0620-d283 @A: 08 28 30 22 | 05
#0621-d283 @A: 20 30 33 11 | 04
#0622-d283 @A: 27 30 20 06 | 07
#0623-d283 @A: 16 05 25 30 | 08
#0624-d283 @A: 16 33 30 27 | 06
#0625-d283 @A: 08 30 23 35 | 10
#0626-d283 @A: 34 17 28 14 | 12
#0627-d283 @A: 33 34 17 35 | 11
#0628-d283 @A: 14 16 34 31 | 03
#0629-d283 @A: 15 09 34 25 | 02
#0630-d283 @A: 10 32 34 27 | 09
#0631-d283 @A: 22 24 34 21 | 01
#0632-d283 @A: 11 34 16 22 | 05
#0633-d283 @A: 11 29 05 34 | 04
#0634-d283 @A: 09 34 35 16 | 07
#0635-d283 @A: 28 15 17 02 | 08
#0636-d283 @A: 14 26 17 11 | 06
#0637-d283 @A: 07 17 04 03 | 10
#0638-d283 @A: 20 06 17 24 | 12
#0639-d283 @A: 16 06 17 35 | 11
#0640-d283 @A: 16 17 24 33 | 03
#0641-d283 @A: 33 25 17 23 | 02
#0642-d283 @A: 21 15 09 31 | 09
#0643-d283 @A: 11 15 24 31 | 01
#0644-d283 @A: 20 31 07 26 | 05
#0645-d283 @A: 31 04 25 26 | 04
#0646-d283 @A: 31 24 04 32 | 07
#0647-d283 @A: 14 31 24 27 | 08
#0648-d283 @A: 27 04 31 21 | 06
#0649-d283 @A: 02 21 31 22 | 10
#0650-d283 @A: 33 31 08 22 | 12
#0651-d283 @A: 28 35 31 16 | 11
#0652-d283 @A: 28 25 08 31 | 03
#0653-d283 @A: 15 07 10 25 | 02
#0654-d283 @A: 14 04 23 15 | 09
#0655-d283 @A: 15 23 06 11 | 01
#0656-d283 @A: 14 08 10 09 | 05
#0657-d283 @A: 02 29 10 28 | 04
#0658-d283 @A: 10 33 03 29 | 07
#0659-d283 @A: 10 35 03 08 | 08
#0660-d283 @A: 28 07 08 26 | 06
#0661-d283 @A: 16 21 26 02 | 10
#0662-d283 @A: 25 26 12 02 | 12
#0663-d283 @A: 03 05 26 09 | 11
#0664-d283 @A: 33 25 20 26 | 03
#0665-d283 @A: 04 05 32 07 | 02
#0666-d283 @A: 35 09 32 02 | 09
#0667-d283 @A: 32 22 27 11 | 01
#0668-d283 @A: 23 32 11 24 | 05
#0669-d283 @A: 24 28 32 35 | 04
#0670-d283 @A: 04 21 07 25 | 07
#0671-d283 @A: 07 08 29 22 | 08
#0672-d283 @A: 07 23 25 35 | 06
#0673-d283 @A: 14 11 21 09 | 10
#0674-d283 @A: 06 14 25 02 | 12
#0675-d283 @A: 14 08 29 11 | 11
#0676-d283 @A: 24 06 14 09 | 03
#0677-d283 @A: 14 08 33 16 | 02
#0678-d283 @A: 09 03 27 14 | 09
#0679-d283 @A: 35 28 08 21 | 01
#0680-d283 @A: 06 25 22 12 | 05
#0681-d283 @A: 22 29 03 12 | 04
#0682-d283 @A: 28 29 09 12 | 07
#0683-d283 @A: 04 27 02 09 | 08
#0684-d283 @A: 11 25 08 04 | 06
#0685-d283 @A: 04 35 06 27 | 10
#0686-d283 @A: 28 04 08 05 | 12
#0687-d283 @A: 25 35 16 04 | 11
#0688-d283 @A: 35 04 09 23 | 03
#0689-d283 @A: 22 06 02 16 | 02
#0690-d283 @A: 05 28 09 02 | 09
#0691-d283 @A: 08 27 03 02 | 01
#0692-d283 @A: 05 08 23 29 | 05
#0693-d283 @A: 23 35 24 33 | 04
#0694-d283 @A: 12 19 01 22 | 07
#0695-d283 @A: 11 23 01 19 | 08
#0696-d283 @A: 06 19 09 01 | 06
#0697-d283 @A: 19 31 13 17 | 10
#0698-d283 @A: 18 29 21 19 | 12
#0699-d283 @A: 32 34 22 19 | 11
#0700-d283 @A: 34 14 25 19 | 03
#0701-d283 @A: 24 19 23 31 | 02
#0702-d283 @A: 11 07 19 15 | 09
#0703-d283 @A: 06 14 19 15 | 01
#0704-d283 @A: 15 29 24 19 | 05
#0705-d283 @A: 19 15 23 29 | 04
#0706-d283 @A: 10 05 35 19 | 07
#0707-d283 @A: 19 10 23 05 | 08
#0708-d283 @A: 07 19 28 35 | 06
#0709-d283 @A: 21 14 19 20 | 10
#0710-d283 @A: 29 19 14 02 | 12
#0711-d283 @A: 21 19 09 02 | 11
#0712-d283 @A: 19 06 02 12 | 03
#0713-d283 @A: 12 35 25 19 | 02
#0714-d283 @A: 03 11 05 19 | 09
#0715-d283 @A: 06 20 19 25 | 01
#0716-d283 @A: 08 05 19 25 | 05
#0717-d283 @A: 27 09 08 19 | 04
#0718-d283 @A: 04 13 09 01 | 07
#0719-d283 @A: 23 28 01 13 | 08
#0720-d283 @A: 32 01 24 18 | 06
#0721-d283 @A: 20 02 01 18 | 10
#0722-d283 @A: 30 33 15 01 | 12
#0723-d283 @A: 26 30 01 24 | 11
#0724-d283 @A: 32 34 16 01 | 03
#0725-d283 @A: 33 10 01 31 | 02
#0726-d283 @A: 21 15 29 01 | 09
#0727-d283 @A: 27 26 04 01 | 01
#0728-d283 @A: 03 07 08 01 | 05
#0729-d283 @A: 23 02 01 33 | 04
#0730-d283 @A: 05 09 01 25 | 07
#0731-d283 @A: 27 08 25 01 | 08
#0732-d283 @A: 05 13 18 06 | 06
#0733-d283 @A: 13 18 09 16 | 10
#0734-d283 @A: 30 33 13 34 | 12
#0735-d283 @A: 02 05 13 30 | 11
#0736-d283 @A: 02 22 34 13 | 03
#0737-d283 @A: 17 22 13 12 | 02
#0738-d283 @A: 21 13 23 15 | 09
#0739-d283 @A: 13 32 27 26 | 01
#0740-d283 @A: 24 26 11 13 | 05
#0741-d283 @A: 32 29 13 04 | 04
#0742-d283 @A: 16 32 02 13 | 07
#0743-d283 @A: 13 07 23 24 | 08
#0744-d283 @A: 22 13 28 11 | 06
#0745-d283 @A: 27 24 13 25 | 10
#0746-d283 @A: 12 30 18 20 | 12
#0747-d283 @A: 18 10 03 34 | 11
#0748-d283 @A: 18 14 27 34 | 03
#0749-d283 @A: 34 09 12 18 | 02
#0750-d283 @A: 18 11 17 12 | 09
#0751-d283 @A: 28 18 31 32 | 01
#0752-d283 @A: 07 31 05 18 | 05
#0753-d283 @A: 15 29 02 18 | 04
#0754-d283 @A: 15 23 18 33 | 07
#0755-d283 @A: 11 18 14 28 | 08
#0756-d283 @A: 22 27 18 29 | 06
#0757-d283 @A: 03 20 18 35 | 10
#0758-d283 @A: 14 31 30 29 | 12
#0759-d283 @A: 10 08 20 30 | 11
#0760-d283 @A: 26 16 30 04 | 03
#0761-d283 @A: 04 32 30 20 | 02
#0762-d283 @A: 14 11 30 02 | 09
#0763-d283 @A: 04 05 24 30 | 01
#0764-d283 @A: 24 30 02 33 | 05
#0765-d283 @A: 30 24 11 35 | 04
#0766-d283 @A: 23 11 30 29 | 07
#0767-d283 @A: 15 34 16 17 | 08
#0768-d283 @A: 32 34 31 09 | 06
#0769-d283 @A: 21 31 05 34 | 10
#0770-d283 @A: 31 24 34 02 | 12
#0771-d283 @A: 34 22 15 07 | 11
#0772-d283 @A: 12 34 08 10 | 03
#0773-d283 @A: 34 29 12 21 | 02
#0774-d283 @A: 27 34 11 09 | 09
#0775-d283 @A: 35 24 34 25 | 01
#0776-d283 @A: 08 34 33 25 | 05
#0777-d283 @A: 23 28 34 35 | 04
#0778-d283 @A: 20 34 03 33 | 07
#0779-d283 @A: 08 17 26 15 | 08
#0780-d283 @A: 07 15 09 17 | 06
#0781-d283 @A: 26 17 04 02 | 10
#0782-d283 @A: 17 07 32 25 | 12
#0783-d283 @A: 07 22 17 14 | 11
#0784-d283 @A: 07 12 33 17 | 03
#0785-d283 @A: 05 35 14 17 | 02
#0786-d283 @A: 12 35 17 24 | 09
#0787-d283 @A: 33 25 17 22 | 01
#0788-d283 @A: 14 22 31 15 | 05
#0789-d283 @A: 10 31 25 09 | 04
#0790-d283 @A: 07 11 31 08 | 07
#0791-d283 @A: 12 02 35 31 | 08
#0792-d283 @A: 31 04 28 29 | 06
#0793-d283 @A: 09 31 06 22 | 10
#0794-d283 @A: 33 11 35 31 | 12
#0795-d283 @A: 24 31 03 35 | 11
#0796-d283 @A: 35 08 29 31 | 03
#0797-d283 @A: 10 14 26 15 | 02
#0798-d283 @A: 26 33 15 05 | 09
#0799-d283 @A: 15 28 32 21 | 01
#0800-d283 @A: 12 15 07 24 | 05
#0801-d283 @A: 15 25 14 12 | 04
#0802-d283 @A: 21 11 15 04 | 07
#0803-d283 @A: 27 29 12 15 | 08
#0804-d283 @A: 15 35 08 02 | 06
#0805-d283 @A: 33 27 35 15 | 10
#0806-d283 @A: 14 04 10 27 | 12
#0807-d283 @A: 23 10 12 29 | 11
#0808-d283 @A: 06 28 10 04 | 03
#0809-d283 @A: 10 06 08 27 | 02
#0810-d283 @A: 05 08 10 29 | 09
#0811-d283 @A: 32 26 24 16 | 01
#0812-d283 @A: 24 33 26 35 | 05
#0813-d283 @A: 03 35 16 26 | 04
#0814-d283 @A: 26 08 33 23 | 07
#0815-d283 @A: 35 32 07 14 | 08
#0816-d283 @A: 05 11 28 32 | 06
#0817-d283 @A: 21 22 07 06 | 10
#0818-d283 @A: 28 12 02 07 | 12
#0819-d283 @A: 33 25 02 07 | 11
#0820-d283 @A: 22 07 16 28 | 03
#0821-d283 @A: 28 07 25 11 | 02
#0822-d283 @A: 06 07 33 28 | 09
#0823-d283 @A: 25 03 06 07 | 01
#0824-d283 @A: 08 07 16 25 | 05
#0825-d283 @A: 07 20 23 03 | 04
#0826-d283 @A: 06 29 27 14 | 07
#0827-d283 @A: 21 08 03 22 | 08
#0828-d283 @A: 11 20 21 23 | 06
#0829-d283 @A: 06 23 35 21 | 10
#0830-d283 @A: 21 16 29 27 | 12
#0831-d283 @A: 20 16 03 21 | 11
#0832-d283 @A: 04 20 12 09 | 03
#0833-d283 @A: 05 12 16 06 | 02
#0834-d283 @A: 03 12 25 20 | 09
#0835-d283 @A: 25 03 04 02 | 01
#0836-d283 @A: 06 03 16 04 | 05
#0837-d283 @A: 02 29 05 22 | 04
#0838-d283 @A: 20 06 11 02 | 07
#0839-d283 @A: 25 20 27 02 | 08
#0840-d283 @A: 35 23 02 29 | 06
#0841-d283 @A: 29 24 27 23 | 10
#0842-d283 @A: 28 23 29 16 | 12
#0843-d283 @A: 28 23 27 20 | 11
#0844-d283 @A: 19 01 08 10 | 03
#0845-d283 @A: 01 19 04 03 | 02
#0846-d283 @A: 08 19 13 30 | 09
#0847-d283 @A: 28 19 14 13 | 01
#0848-d283 @A: 23 03 19 13 | 05
#0849-d283 @A: 33 30 19 10 | 04
#0850-d283 @A: 31 19 28 34 | 07
#0851-d283 @A: 19 04 34 08 | 08
#0852-d283 @A: 34 23 19 25 | 06
#0853-d283 @A: 12 20 19 26 | 10
#0854-d283 @A: 12 19 07 05 | 12
#0855-d283 @A: 22 05 19 06 | 11
#0856-d283 @A: 19 11 28 06 | 03
#0857-d283 @A: 19 24 11 25 | 02
#0858-d283 @A: 33 23 06 19 | 09
#0859-d283 @A: 24 19 35 20 | 01
#0860-d283 @A: 09 16 19 20 | 05
#0861-d283 @A: 01 06 15 13 | 04
#0862-d283 @A: 12 35 13 01 | 07
#0863-d283 @A: 01 09 18 17 | 08
#0864-d283 @A: 01 34 10 21 | 06
#0865-d283 @A: 35 31 17 01 | 10
#0866-d283 @A: 15 17 01 32 | 12
#0867-d283 @A: 25 31 07 01 | 11
#0868-d283 @A: 01 31 28 14 | 03
#0869-d283 @A: 11 01 21 31 | 02
#0870-d283 @A: 01 10 02 25 | 09
#0871-d283 @A: 21 05 01 07 | 01
#0872-d283 @A: 07 04 28 01 | 05
#0873-d283 @A: 11 27 02 01 | 04
#0874-d283 @A: 01 24 25 22 | 07
#0875-d283 @A: 29 01 22 16 | 08
#0876-d283 @A: 09 23 24 01 | 06
#0877-d283 @A: 03 01 25 35 | 10
#0878-d283 @A: 25 13 17 18 | 12
#0879-d283 @A: 33 13 26 31 | 11
#0880-d283 @A: 08 21 13 15 | 03
#0881-d283 @A: 32 13 25 10 | 02
#0882-d283 @A: 13 10 04 22 | 09
#0883-d283 @A: 25 07 13 14 | 01
#0884-d283 @A: 13 07 21 03 | 05
#0885-d283 @A: 13 08 07 20 | 04
#0886-d283 @A: 35 24 13 21 | 07
#0887-d283 @A: 25 04 06 13 | 08
#0888-d283 @A: 33 11 27 13 | 06
#0889-d283 @A: 27 23 13 05 | 10
#0890-d283 @A: 16 30 18 34 | 12
#0891-d283 @A: 33 30 32 18 | 11
#0892-d283 @A: 35 18 30 25 | 03
#0893-d283 @A: 18 26 08 34 | 02
#0894-d283 @A: 25 18 22 34 | 09
#0895-d283 @A: 18 12 23 17 | 01
#0896-d283 @A: 35 10 32 18 | 05
#0897-d283 @A: 02 10 06 18 | 04
#0898-d283 @A: 18 26 33 14 | 07
#0899-d283 @A: 22 02 07 18 | 08
#0900-d283 @A: 07 18 23 22 | 06
#0901-d283 @A: 11 16 07 18 | 10
#0902-d283 @A: 18 06 11 08 | 12
#0903-d283 @A: 25 18 11 09 | 11
#0904-d283 @A: 29 06 18 33 | 03
#0905-d283 @A: 28 09 18 03 | 02
#0906-d283 @A: 12 34 30 22 | 09
#0907-d283 @A: 11 30 10 17 | 01
#0908-d283 @A: 10 24 30 28 | 05
#0909-d283 @A: 30 33 12 21 | 04
#0910-d283 @A: 16 30 35 21 | 07
#0911-d283 @A: 22 30 25 11 | 08
#0912-d283 @A: 30 22 33 06 | 06
#0913-d283 @A: 34 15 23 17 | 10
#0914-d283 @A: 04 24 17 34 | 12
#0915-d283 @A: 28 15 10 34 | 11
#0916-d283 @A: 15 34 14 35 | 03
#0917-d283 @A: 15 21 34 27 | 02
#0918-d283 @A: 11 15 03 34 | 09
#0919-d283 @A: 10 02 33 34 | 01
#0920-d283 @A: 26 25 34 21 | 05
#0921-d283 @A: 02 26 34 27 | 04
#0922-d283 @A: 25 34 05 32 | 07
#0923-d283 @A: 27 05 34 35 | 08
#0924-d283 @A: 16 33 34 29 | 06
#0925-d283 @A: 34 27 20 08 | 10
#0926-d283 @A: 17 08 31 04 | 12
#0927-d283 @A: 11 17 08 03 | 11
#0928-d283 @A: 17 09 28 33 | 03
#0929-d283 @A: 16 15 31 26 | 02
#0930-d283 @A: 31 04 02 07 | 09
#0931-d283 @A: 31 12 25 11 | 01
#0932-d283 @A: 31 02 29 03 | 05
#0933-d283 @A: 11 05 31 16 | 04
#0934-d283 @A: 20 16 23 31 | 07
#0935-d283 @A: 26 15 35 32 | 08
#0936-d283 @A: 29 15 26 04 | 06
#0937-d283 @A: 15 26 02 03 | 10
#0938-d283 @A: 15 27 05 32 | 12
#0939-d283 @A: 15 07 14 29 | 11
#0940-d283 @A: 23 16 07 15 | 03
#0941-d283 @A: 15 28 14 04 | 02
#0942-d283 @A: 02 14 15 27 | 09
#0943-d283 @A: 15 21 12 03 | 01
#0944-d283 @A: 28 15 02 23 | 05
#0945-d283 @A: 15 11 27 08 | 04
#0946-d283 @A: 15 27 28 06 | 07
#0947-d283 @A: 15 09 24 16 | 08
#0948-d283 @A: 28 15 29 08 | 06
#0949-d283 @A: 35 20 29 15 | 10
#0950-d283 @A: 28 03 35 15 | 12
#0951-d283 @A: 10 07 26 09 | 11
#0952-d283 @A: 08 10 26 02 | 03
#0953-d283 @A: 10 27 21 20 | 02
#0954-d283 @A: 23 10 27 22 | 09
#0955-d283 @A: 16 06 10 23 | 01
#0956-d283 @A: 03 10 06 20 | 05
#0957-d283 @A: 05 10 16 09 | 04
#0958-d283 @A: 32 21 26 03 | 07
#0959-d283 @A: 16 11 26 27 | 08
#0960-d283 @A: 06 26 27 05 | 06
#0961-d283 @A: 14 28 02 32 | 10
#0962-d283 @A: 06 12 29 32 | 12
#0963-d283 @A: 23 27 02 32 | 11
#0964-d283 @A: 08 22 16 32 | 03
#0965-d283 @A: 27 35 16 32 | 02
#0966-d283 @A: 29 35 32 03 | 09
#0967-d283 @A: 20 05 07 22 | 01
#0968-d283 @A: 22 24 03 07 | 05
#0969-d283 @A: 27 07 25 22 | 04
#0970-d283 @A: 24 06 07 08 | 07
#0971-d283 @A: 05 33 03 07 | 08
#0972-d283 @A: 20 06 14 22 | 06
#0973-d283 @A: 16 14 23 11 | 10
#0974-d283 @A: 35 24 16 14 | 12
#0975-d283 @A: 14 16 28 27 | 11
#0976-d283 @A: 21 22 23 33 | 03
#0977-d283 @A: 03 06 21 28 | 02
#0978-d283 @A: 25 29 21 05 | 09
#0979-d283 @A: 21 20 35 05 | 01
#0980-d283 @A: 27 08 24 21 | 05
#0981-d283 @A: 11 16 35 12 | 04
#0982-d283 @A: 12 20 23 24 | 07
#0983-d283 @A: 27 16 12 08 | 08
#0984-d283 @A: 28 23 09 12 | 06
#0985-d283 @A: 35 22 04 03 | 10
#0986-d283 @A: 05 33 35 04 | 12
#0987-d283 @A: 04 05 20 25 | 11
#0988-d283 @A: 04 03 33 09 | 03
#0989-d283 @A: 16 29 11 02 | 02
#0990-d283 @A: 27 05 33 02 | 09
#0991-d283 @A: 02 13 19 33 | 01
#0992-d283 @A: 09 30 19 18 | 05
#0993-d283 @A: 17 34 19 12 | 04
#0994-d283 @A: 19 12 10 28 | 07
#0995-d283 @A: 19 14 32 33 | 08
#0996-d283 @A: 21 19 08 07 | 06
#0997-d283 @A: 19 14 35 04 | 10
#0998-d283 @A: 29 19 04 12 | 12
#0999-d283 @A: 19 33 05 20 | 11
#1000-d283 @A: 29 19 08 33 | 03
#1001-d283 @A: 25 28 09 19 | 02
#1002-d283 @A: 01 34 08 13 | 09
#1003-d283 @A: 01 13 24 07 | 01
#1004-d283 @A: 31 12 18 01 | 05
#1005-d283 @A: 01 05 15 18 | 04
#1006-d283 @A: 30 17 16 01 | 07
#1007-d283 @A: 31 01 22 30 | 08
#1008-d283 @A: 04 29 01 30 | 06
#1009-d283 @A: 01 11 34 12 | 10
#1010-d283 @A: 03 34 28 01 | 12
#1011-d283 @A: 25 01 17 14 | 11
#1012-d283 @A: 01 29 02 17 | 03
#1013-d283 @A: 17 23 22 01 | 02
#1014-d283 @A: 31 23 32 01 | 09
#1015-d283 @A: 06 04 31 01 | 01
#1016-d283 @A: 01 15 26 11 | 05
#1017-d283 @A: 09 01 28 15 | 04
#1018-d283 @A: 15 20 25 01 | 07
#1019-d283 @A: 26 23 01 06 | 08
#1020-d283 @A: 32 01 07 22 | 06
#1021-d283 @A: 20 08 22 01 | 10
#1022-d283 @A: 16 25 01 06 | 12
#1023-d283 @A: 30 04 28 13 | 11
#1024-d283 @A: 31 34 25 13 | 03
#1025-d283 @A: 13 15 29 34 | 02
#1026-d283 @A: 34 16 13 10 | 09
#1027-d283 @A: 17 07 13 28 | 01
#1028-d283 @A: 13 12 32 31 | 05
#1029-d283 @A: 07 05 15 13 | 04
#1030-d283 @A: 13 10 09 02 | 07
#1031-d283 @A: 11 04 07 13 | 08
#1032-d283 @A: 04 02 23 13 | 06
#1033-d283 @A: 25 08 13 35 | 10
#1034-d283 @A: 18 24 07 30 | 12
#1035-d283 @A: 18 30 11 29 | 11
#1036-d283 @A: 32 18 34 11 | 03
#1037-d283 @A: 18 17 31 15 | 02
#1038-d283 @A: 18 20 17 26 | 09
#1039-d283 @A: 07 17 18 29 | 01
#1040-d283 @A: 25 15 18 27 | 05
#1041-d283 @A: 32 18 29 26 | 04
#1042-d283 @A: 12 16 18 14 | 07
#1043-d283 @A: 28 18 23 14 | 08
#1044-d283 @A: 18 05 33 25 | 06
#1045-d283 @A: 18 28 24 33 | 10
#1046-d283 @A: 16 18 03 08 | 12
#1047-d283 @A: 03 27 18 33 | 11
#1048-d283 @A: 23 34 30 32 | 03
#1049-d283 @A: 30 25 02 34 | 02
#1050-d283 @A: 31 27 17 30 | 09
#1051-d283 @A: 25 04 17 30 | 01
#1052-d283 @A: 08 17 30 29 | 05
#1053-d283 @A: 04 30 33 31 | 04
#1054-d283 @A: 30 25 15 21 | 07
#1055-d283 @A: 15 04 03 30 | 08
#1056-d283 @A: 15 11 30 06 | 06
#1057-d283 @A: 07 26 30 25 | 10
#1058-d283 @A: 07 27 03 30 | 12
#1059-d283 @A: 22 30 27 21 | 11
#1060-d283 @A: 05 30 09 22 | 03
#1061-d283 @A: 35 08 05 30 | 02
#1062-d283 @A: 25 29 30 33 | 09
#1063-d283 @A: 10 34 17 25 | 01
#1064-d283 @A: 17 08 34 07 | 05
#1065-d283 @A: 02 17 03 34 | 04
#1066-d283 @A: 17 29 34 22 | 07
#1067-d283 @A: 06 34 31 15 | 08
#1068-d283 @A: 34 31 10 35 | 06
#1069-d283 @A: 12 31 03 34 | 10
#1070-d283 @A: 32 34 08 15 | 12
#1071-d283 @A: 34 20 04 26 | 11
#1072-d283 @A: 23 26 34 05 | 03
#1073-d283 @A: 14 34 20 32 | 02
#1074-d283 @A: 34 02 09 14 | 09
#1075-d283 @A: 29 21 23 34 | 01
#1076-d283 @A: 16 04 27 34 | 05
#1077-d283 @A: 34 09 22 20 | 04
#1078-d283 @A: 11 34 24 08 | 07
#1079-d283 @A: 23 34 20 06 | 08
#1080-d283 @A: 17 02 10 05 | 06
#1081-d283 @A: 11 02 17 32 | 10
#1082-d283 @A: 17 03 12 14 | 12
#1083-d283 @A: 28 21 17 04 | 11
#1084-d283 @A: 08 17 22 09 | 03
#1085-d283 @A: 06 17 05 09 | 02
#1086-d283 @A: 17 08 06 28 | 09
#1087-d283 @A: 17 29 24 09 | 01
#1088-d283 @A: 17 03 16 29 | 05
#1089-d283 @A: 08 17 35 27 | 04
#1090-d283 @A: 10 31 15 08 | 07
#1091-d283 @A: 25 31 14 23 | 08
#1092-d283 @A: 12 28 21 31 | 06
#1093-d283 @A: 10 21 15 06 | 10
#1094-d283 @A: 05 10 04 15 | 12
#1095-d283 @A: 14 09 15 05 | 11
#1096-d283 @A: 15 05 20 28 | 03
#1097-d283 @A: 15 16 27 20 | 02
#1098-d283 @A: 20 23 15 08 | 09
#1099-d283 @A: 10 09 24 11 | 01
#1100-d283 @A: 24 27 10 35 | 05
#1101-d283 @A: 28 23 33 10 | 04
#1102-d283 @A: 22 28 32 26 | 07
#1103-d283 @A: 05 21 14 26 | 08
#1104-d283 @A: 12 27 26 14 | 06
#1105-d283 @A: 09 11 22 26 | 10
#1106-d283 @A: 09 26 28 24 | 12
#1107-d283 @A: 28 07 23 32 | 11
#1108-d283 @A: 04 32 22 21 | 03
#1109-d283 @A: 21 02 32 06 | 02
#1110-d283 @A: 33 12 32 28 | 09
#1111-d283 @A: 32 25 08 06 | 01
#1112-d283 @A: 32 29 28 16 | 05
#1113-d283 @A: 29 23 32 09 | 04
#1114-d283 @A: 07 21 20 12 | 07
#1115-d283 @A: 23 12 07 02 | 08
#1116-d283 @A: 07 06 20 35 | 06
#1117-d283 @A: 24 29 07 25 | 10
#1118-d283 @A: 07 20 33 16 | 12
#1119-d283 @A: 22 14 11 24 | 11
#1120-d283 @A: 11 05 33 14 | 03
#1121-d283 @A: 06 14 05 28 | 02
#1122-d283 @A: 14 06 33 03 | 09
#1123-d283 @A: 29 14 03 05 | 01
#1124-d283 @A: 16 25 22 21 | 05
#1125-d283 @A: 23 16 21 09 | 04
#1126-d283 @A: 16 04 23 12 | 07
#1127-d283 @A: 12 28 20 06 | 08
#1128-d283 @A: 12 35 33 06 | 06
#1129-d283 @A: 12 25 27 05 | 10
#1130-d283 @A: 12 03 05 35 | 12
#1131-d283 @A: 09 12 25 33 | 11
#1132-d283 @A: 16 04 02 20 | 03
#1133-d283 @A: 04 22 29 09 | 02
#1134-d283 @A: 04 06 08 09 | 09
#1135-d283 @A: 33 20 04 06 | 01
#1136-d283 @A: 04 16 05 29 | 05
#1137-d283 @A: 04 24 09 25 | 04
#1138-d283 @A: 08 27 33 04 | 07
#1139-d283 @A: 04 08 23 27 | 08
#1140-d283 @A: 28 04 03 27 | 06
#1141-d283 @A: 35 02 24 22 | 10
#1142-d283 @A: 22 02 28 27 | 12
#1143-d283 @A: 11 02 23 08 | 11
#1144-d283 @A: 27 35 02 29 | 03
#1145-d283 @A: 24 03 22 23 | 02
#1146-d283 @A: 27 13 04 19 | 09
#1147-d283 @A: 34 24 19 18 | 01
#1148-d283 @A: 06 31 18 19 | 05
#1149-d283 @A: 27 19 30 34 | 04
#1150-d283 @A: 07 23 19 30 | 07
#1151-d283 @A: 10 34 11 19 | 08
#1152-d283 @A: 03 19 34 21 | 06
#1153-d283 @A: 17 15 27 19 | 10
#1154-d283 @A: 06 29 17 19 | 12
#1155-d283 @A: 10 22 31 19 | 11
#1156-d283 @A: 19 33 31 21 | 03
#1157-d283 @A: 02 05 31 19 | 02
#1158-d283 @A: 15 19 16 10 | 09
#1159-d283 @A: 02 04 19 15 | 01
#1160-d283 @A: 19 26 04 05 | 05
#1161-d283 @A: 19 29 25 26 | 04
#1162-d283 @A: 19 02 32 08 | 07
#1163-d283 @A: 06 19 21 27 | 08
#1164-d283 @A: 08 11 19 20 | 06
#1165-d283 @A: 06 24 16 19 | 10
#1166-d283 @A: 19 16 35 08 | 12
#1167-d283 @A: 13 05 31 01 | 11
#1168-d283 @A: 23 18 16 01 | 03
#1169-d283 @A: 24 08 17 01 | 02
#1170-d283 @A: 01 03 31 26 | 09
#1171-d283 @A: 01 28 10 26 | 01
#1172-d283 @A: 03 01 09 10 | 05
#1173-d283 @A: 25 01 32 29 | 04
#1174-d283 @A: 01 07 11 14 | 07
#1175-d283 @A: 02 21 24 01 | 08
#1176-d283 @A: 09 33 22 01 | 06
#1177-d283 @A: 16 11 01 08 | 10
#1178-d283 @A: 27 06 01 33 | 12
#1179-d283 @A: 13 18 27 20 | 11
#1180-d283 @A: 30 26 20 13 | 03
#1181-d283 @A: 29 13 27 30 | 02
#1182-d283 @A: 13 26 34 35 | 09
#1183-d283 @A: 21 17 29 13 | 01
#1184-d283 @A: 03 13 17 20 | 05
#1185-d283 @A: 15 13 03 31 | 04
#1186-d283 @A: 12 13 20 10 | 07
#1187-d283 @A: 21 32 13 11 | 08
#1188-d283 @A: 16 07 35 13 | 06
#1189-d283 @A: 14 13 02 35 | 10
#1190-d283 @A: 08 13 14 24 | 12
#1191-d283 @A: 09 21 13 12 | 11
#1192-d283 @A: 13 33 16 21 | 03
#1193-d283 @A: 08 12 03 13 | 02
#1194-d283 @A: 03 06 13 29 | 09
#1195-d283 @A: 05 13 16 20 | 01
#1196-d283 @A: 08 13 23 09 | 05
#1197-d283 @A: 18 30 08 04 | 04
#1198-d283 @A: 30 27 18 02 | 07
#1199-d283 @A: 24 18 23 34 | 08
#1200-d283 @A: 22 18 16 31 | 06
#1201-d283 @A: 31 18 27 08 | 10
#1202-d283 @A: 18 12 32 22 | 12
#1203-d283 @A: 18 04 32 27 | 11
#1204-d283 @A: 18 12 03 07 | 03
#1205-d283 @A: 18 09 07 08 | 02
#1206-d283 @A: 14 06 18 04 | 09
#1207-d283 @A: 04 18 21 16 | 01
#1208-d283 @A: 22 05 18 08 | 05
#1209-d283 @A: 28 05 29 18 | 04
#1210-d283 @A: 35 24 18 08 | 07
#1211-d283 @A: 03 09 23 18 | 08
#1212-d283 @A: 34 21 32 30 | 06
#1213-d283 @A: 17 07 05 30 | 10
#1214-d283 @A: 22 02 17 30 | 12
#1215-d283 @A: 30 15 35 12 | 11
#1216-d283 @A: 15 09 02 30 | 03
#1217-d283 @A: 15 25 30 23 | 02
#1218-d283 @A: 26 10 30 35 | 09
#1219-d283 @A: 28 26 30 14 | 01
#1220-d283 @A: 30 33 14 07 | 05
#1221-d283 @A: 24 14 30 21 | 04
#1222-d283 @A: 30 35 14 20 | 07
#1223-d283 @A: 30 27 12 04 | 08
#1224-d283 @A: 29 23 30 04 | 06
#1225-d283 @A: 02 30 24 23 | 10
#1226-d283 @A: 30 05 06 03 | 12
#1227-d283 @A: 28 30 29 06 | 11
#1228-d283 @A: 26 17 34 32 | 03
#1229-d283 @A: 31 07 34 27 | 02
#1230-d283 @A: 09 34 04 10 | 09
#1231-d283 @A: 34 05 22 10 | 01
#1232-d283 @A: 23 34 11 10 | 05
#1233-d283 @A: 34 26 33 07 | 04
#1234-d283 @A: 02 29 34 32 | 07
#1235-d283 @A: 12 34 02 04 | 08
#1236-d283 @A: 06 34 24 12 | 06
#1237-d283 @A: 16 34 20 12 | 10
#1238-d283 @A: 08 22 34 35 | 12
#1239-d283 @A: 11 35 20 34 | 11
#1240-d283 @A: 24 34 05 16 | 03
#1241-d283 @A: 06 17 31 02 | 02
#1242-d283 @A: 31 17 05 20 | 09
#1243-d283 @A: 10 17 26 29 | 01
#1244-d283 @A: 05 12 21 17 | 05
#1245-d283 @A: 17 23 02 21 | 04
#1246-d283 @A: 15 28 07 31 | 07
#1247-d283 @A: 32 31 26 05 | 08
#1248-d283 @A: 09 07 12 31 | 06
#1249-d283 @A: 31 08 21 23 | 10
#1250-d283 @A: 06 05 31 33 | 12
#1251-d283 @A: 15 04 25 32 | 11
#1252-d283 @A: 07 03 20 15 | 03
#1253-d283 @A: 15 11 29 25 | 02
#1254-d283 @A: 15 35 11 09 | 09
#1255-d283 @A: 23 05 15 24 | 01
#1256-d283 @A: 10 26 20 32 | 05
#1257-d283 @A: 03 10 26 04 | 04
#1258-d283 @A: 22 07 10 12 | 07
#1259-d283 @A: 10 24 16 20 | 08
#1260-d283 @A: 14 26 25 32 | 06
#1261-d283 @A: 26 23 03 32 | 10
#1262-d283 @A: 05 26 11 20 | 12
#1263-d283 @A: 26 03 11 33 | 11
#1264-d283 @A: 02 21 29 07 | 03
#1265-d283 @A: 11 07 22 33 | 02
#1266-d283 @A: 05 29 07 06 | 09
#1267-d283 @A: 07 06 08 23 | 01
#1268-d283 @A: 07 16 09 29 | 05
#1269-d283 @A: 03 25 21 14 | 04
#1270-d283 @A: 12 29 35 14 | 07
#1271-d283 @A: 14 25 08 22 | 08
#1272-d283 @A: 20 14 05 27 | 06
#1273-d283 @A: 25 14 09 35 | 10
#1274-d283 @A: 02 21 12 27 | 12
#1275-d283 @A: 21 16 06 09 | 11
#1276-d283 @A: 33 05 09 21 | 03
#1277-d283 @A: 05 25 21 23 | 02
#1278-d283 @A: 12 24 22 27 | 09
#1279-d283 @A: 12 11 06 09 | 01
#1280-d283 @A: 20 28 04 35 | 05
#1281-d283 @A: 02 11 08 28 | 04
#1282-d283 @A: 02 24 06 27 | 07
#1283-d283 @A: 02 06 03 35 | 08
#1284-d283 @A: 23 03 28 22 | 06
#1285-d283 @A: 05 16 01 19 | 10
#1286-d283 @A: 08 19 18 17 | 12
#1287-d283 @A: 18 35 26 19 | 11
#1288-d283 @A: 19 12 18 33 | 03
#1289-d283 @A: 19 30 17 21 | 02
#1290-d283 @A: 26 11 19 30 | 09
#1291-d283 @A: 32 35 19 17 | 01
#1292-d283 @A: 19 07 17 20 | 05
#1293-d283 @A: 16 17 14 19 | 04
#1294-d283 @A: 19 17 25 02 | 07
#1295-d283 @A: 19 24 17 03 | 08
#1296-d283 @A: 12 08 31 19 | 06
#1297-d283 @A: 09 26 15 19 | 10
#1298-d283 @A: 19 07 27 14 | 12
#1299-d283 @A: 19 04 24 21 | 11
#1300-d283 @A: 19 24 22 33 | 03
#1301-d283 @A: 29 19 11 09 | 02
#1302-d283 @A: 35 03 19 33 | 09
#1303-d283 @A: 01 13 10 29 | 01
#1304-d283 @A: 35 30 34 01 | 05
#1305-d283 @A: 02 01 22 15 | 04
#1306-d283 @A: 10 01 12 14 | 07
#1307-d283 @A: 04 10 01 16 | 08
#1308-d283 @A: 32 20 12 01 | 06
#1309-d283 @A: 03 01 32 33 | 10
#1310-d283 @A: 27 12 01 07 | 12
#1311-d283 @A: 14 01 02 05 | 11
#1312-d283 @A: 01 29 14 09 | 03
#1313-d283 @A: 03 21 23 01 | 02
#1314-d283 @A: 04 22 01 11 | 09
#1315-d283 @A: 28 01 22 06 | 01
#1316-d283 @A: 28 01 08 33 | 05
#1317-d283 @A: 13 33 18 07 | 04
#1318-d283 @A: 10 13 07 30 | 07
#1319-d283 @A: 15 11 17 13 | 08
#1320-d283 @A: 31 28 13 10 | 06
#1321-d283 @A: 13 32 15 09 | 10
#1322-d283 @A: 24 04 15 13 | 12
#1323-d283 @A: 13 26 04 08 | 11
#1324-d283 @A: 05 13 12 14 | 03
#1325-d283 @A: 13 25 22 20 | 02
#1326-d283 @A: 13 06 24 33 | 09
#1327-d283 @A: 20 13 06 09 | 01
#1328-d283 @A: 28 03 13 16 | 05
#1329-d283 @A: 31 18 10 30 | 04
#1330-d283 @A: 18 05 17 34 | 07
#1331-d283 @A: 34 18 21 06 | 08
#1332-d283 @A: 18 34 35 02 | 06
#1333-d283 @A: 26 15 18 07 | 10
#1334-d283 @A: 15 18 09 04 | 12
#1335-d283 @A: 09 18 10 33 | 11
#1336-d283 @A: 20 04 18 07 | 03
#1337-d283 @A: 21 18 35 12 | 02
#1338-d283 @A: 33 18 08 21 | 09
#1339-d283 @A: 04 05 03 18 | 01
#1340-d283 @A: 27 18 24 11 | 05
#1341-d283 @A: 23 18 25 29 | 04
#1342-d283 @A: 34 31 30 08 | 07
#1343-d283 @A: 34 28 07 30 | 08
#1344-d283 @A: 34 30 04 11 | 06
#1345-d283 @A: 30 12 31 16 | 10
#1346-d283 @A: 30 15 29 10 | 12
#1347-d283 @A: 12 30 05 10 | 11
#1348-d283 @A: 26 32 30 08 | 03
#1349-d283 @A: 29 30 32 07 | 02
#1350-d283 @A: 02 32 30 03 | 09
#1351-d283 @A: 30 09 14 16 | 01
#1352-d283 @A: 08 27 14 30 | 05
#1353-d283 @A: 30 29 22 35 | 04
#1354-d283 @A: 27 30 11 05 | 07
#1355-d283 @A: 29 30 24 03 | 08
#1356-d283 @A: 30 35 28 27 | 06
#1357-d283 @A: 03 33 08 30 | 10
#1358-d283 @A: 21 09 34 17 | 12
#1359-d283 @A: 02 34 15 05 | 11
#1360-d283 @A: 15 23 03 34 | 03
#1361-d283 @A: 10 34 20 07 | 02
#1362-d283 @A: 34 06 14 26 | 09
#1363-d283 @A: 32 34 35 12 | 01
#1364-d283 @A: 07 11 02 34 | 05
#1365-d283 @A: 02 34 16 08 | 04
#1366-d283 @A: 34 25 29 20 | 07
#1367-d283 @A: 28 08 09 34 | 08
#1368-d283 @A: 16 31 17 07 | 06
#1369-d283 @A: 09 31 14 17 | 10
#1370-d283 @A: 17 31 29 12 | 12
#1371-d283 @A: 17 15 12 20 | 11
#1372-d283 @A: 17 03 15 33 | 03
#1373-d283 @A: 32 08 17 14 | 02
#1374-d283 @A: 02 14 17 20 | 09
#1375-d283 @A: 31 15 25 02 | 01
#1376-d283 @A: 10 06 31 26 | 05
#1377-d283 @A: 31 26 21 08 | 04
#1378-d283 @A: 07 31 32 03 | 07
#1379-d283 @A: 32 21 31 35 | 08
#1380-d283 @A: 07 31 23 04 | 06
#1381-d283 @A: 12 20 31 14 | 10
#1382-d283 @A: 21 06 20 31 | 12
#1383-d283 @A: 31 25 23 02 | 11
#1384-d283 @A: 31 22 11 29 | 03
#1385-d283 @A: 20 31 22 03 | 02
#1386-d283 @A: 29 24 31 05 | 09
#1387-d283 @A: 25 31 03 05 | 01
#1388-d283 @A: 20 31 29 16 | 05
#1389-d283 @A: 25 27 35 31 | 04
#1390-d283 @A: 09 28 31 20 | 07
#1391-d283 @A: 15 10 03 32 | 08
#1392-d283 @A: 20 33 15 10 | 06
#1393-d283 @A: 12 15 11 05 | 10
#1394-d283 @A: 15 22 33 29 | 12
#1395-d283 @A: 11 10 26 25 | 11
#1396-d283 @A: 32 07 10 08 | 03
#1397-d283 @A: 04 08 10 21 | 02
#1398-d283 @A: 33 10 27 12 | 09
#1399-d283 @A: 22 06 11 10 | 01
#1400-d283 @A: 09 10 28 27 | 05
#1401-d283 @A: 33 21 26 04 | 04
#1402-d283 @A: 26 21 06 11 | 07
#1403-d283 @A: 05 24 26 22 | 08
#1404-d283 @A: 27 26 08 22 | 06
#1405-d283 @A: 27 32 07 28 | 10
#1406-d283 @A: 29 32 21 14 | 12
#1407-d283 @A: 14 04 16 32 | 11
#1408-d283 @A: 14 32 22 05 | 03
#1409-d283 @A: 06 23 04 32 | 02
#1410-d283 @A: 35 20 22 32 | 09
#1411-d283 @A: 06 35 05 32 | 01
#1412-d283 @A: 03 32 06 27 | 05
#1413-d283 @A: 16 05 33 32 | 04
#1414-d283 @A: 23 16 32 08 | 07
#1415-d283 @A: 09 21 07 28 | 08
#1416-d283 @A: 07 27 06 11 | 06
#1417-d283 @A: 29 35 07 11 | 10
#1418-d283 @A: 14 04 02 21 | 12
#1419-d283 @A: 03 16 14 22 | 11
#1420-d283 @A: 14 27 25 11 | 03
#1421-d283 @A: 21 11 35 25 | 02
#1422-d283 @A: 21 28 05 27 | 09
#1423-d283 @A: 21 33 28 29 | 01
#1424-d283 @A: 12 28 03 11 | 05
#1425-d283 @A: 24 03 09 12 | 04
#1426-d283 @A: 35 09 12 27 | 07
#1427-d283 @A: 22 04 27 05 | 08
#1428-d283 @A: 25 22 28 04 | 06
#1429-d283 @A: 03 11 02 24 | 10
#1430-d283 @A: 35 16 02 05 | 12
#1431-d283 @A: 35 33 02 20 | 11
#1432-d283 @A: 22 35 23 05 | 03
#1433-d283 @A: 25 23 06 03 | 02
#1434-d283 @A: 18 27 19 01 | 09
#1435-d283 @A: 19 07 33 01 | 01
#1436-d283 @A: 08 18 19 23 | 05
#1437-d283 @A: 31 30 03 19 | 04
#1438-d283 @A: 30 24 19 12 | 07
#1439-d283 @A: 30 29 19 16 | 08
#1440-d283 @A: 23 32 19 17 | 06
#1441-d283 @A: 28 17 19 05 | 10
#1442-d283 @A: 12 32 19 15 | 12
#1443-d283 @A: 03 32 19 16 | 11
#1444-d283 @A: 16 11 33 19 | 03
#1445-d283 @A: 05 09 19 24 | 02
#1446-d283 @A: 01 32 28 13 | 09
#1447-d283 @A: 18 01 25 21 | 01
#1448-d283 @A: 18 01 16 28 | 05
#1449-d283 @A: 08 18 01 29 | 04
#1450-d283 @A: 14 30 01 06 | 07
#1451-d283 @A: 01 12 30 09 | 08
#1452-d283 @A: 08 30 01 02 | 06
#1453-d283 @A: 26 29 01 07 | 10
#1454-d283 @A: 05 01 08 26 | 12
#1455-d283 @A: 32 11 35 01 | 11
#1456-d283 @A: 21 14 33 01 | 03
#1457-d283 @A: 12 01 24 04 | 02
#1458-d283 @A: 29 01 03 11 | 09
#1459-d283 @A: 35 29 01 33 | 01
#1460-d283 @A: 09 01 35 08 | 05
#1461-d283 @A: 10 21 18 13 | 04
#1462-d283 @A: 13 18 10 23 | 07
#1463-d283 @A: 15 13 16 30 | 08
#1464-d283 @A: 04 34 13 03 | 06
#1465-d283 @A: 17 11 23 13 | 10
#1466-d283 @A: 28 21 26 13 | 12
#1467-d283 @A: 13 04 20 14 | 11
#1468-d283 @A: 12 04 33 13 | 03
#1469-d283 @A: 05 22 13 35 | 02
#1470-d283 @A: 13 24 22 16 | 09
#1471-d283 @A: 24 13 28 29 | 01
#1472-d283 @A: 13 35 09 28 | 05
#1473-d283 @A: 23 21 30 18 | 04
#1474-d283 @A: 34 18 04 29 | 07
#1475-d283 @A: 35 31 04 18 | 08
#1476-d283 @A: 15 06 12 18 | 06
#1477-d283 @A: 05 14 18 10 | 10
#1478-d283 @A: 02 26 28 18 | 12
#1479-d283 @A: 07 18 06 32 | 11
#1480-d283 @A: 21 18 14 07 | 03
#1481-d283 @A: 35 07 27 18 | 02
#1482-d283 @A: 27 12 28 18 | 09
#1483-d283 @A: 22 35 18 06 | 01
#1484-d283 @A: 16 18 29 24 | 05
#1485-d283 @A: 30 15 27 26 | 04
#1486-d283 @A: 03 30 10 21 | 07
#1487-d283 @A: 30 10 16 22 | 08
#1488-d283 @A: 16 32 06 30 | 06
#1489-d283 @A: 35 30 07 04 | 10
#1490-d283 @A: 16 07 30 02 | 12
#1491-d283 @A: 03 16 30 11 | 11
#1492-d283 @A: 30 27 09 24 | 03
#1493-d283 @A: 20 16 30 28 | 02
#1494-d283 @A: 32 06 34 33 | 09
#1495-d283 @A: 35 34 07 03 | 01
#1496-d283 @A: 05 12 34 28 | 05
#1497-d283 @A: 11 06 34 25 | 04
#1498-d283 @A: 34 28 24 20 | 07
#1499-d283 @A: 17 35 15 10 | 08
#1500-d283 @A: 15 17 25 24 | 06
#1501-d283 @A: 06 03 26 17 | 10
#1502-d283 @A: 17 21 14 06 | 12
#1503-d283 @A: 23 14 20 17 | 11
#1504-d283 @A: 17 04 27 11 | 03
#1505-d283 @A: 04 23 28 17 | 02
#1506-d283 @A: 27 22 20 17 | 09
#1507-d283 @A: 27 03 17 05 | 01
#1508-d283 @A: 20 17 08 16 | 05
#1509-d283 @A: 27 33 29 17 | 04
#1510-d283 @A: 03 29 23 17 | 07
#1511-d283 @A: 31 10 32 16 | 08
#1512-d283 @A: 10 07 31 14 | 06
#1513-d283 @A: 10 27 05 31 | 10
#1514-d283 @A: 22 07 35 31 | 12
#1515-d283 @A: 04 05 31 12 | 11
#1516-d283 @A: 31 22 28 05 | 03
#1517-d283 @A: 28 31 06 24 | 02
#1518-d283 @A: 06 16 08 31 | 09
#1519-d283 @A: 23 06 28 31 | 01
#1520-d283 @A: 27 03 31 16 | 05
#1521-d283 @A: 09 23 10 15 | 04
#1522-d283 @A: 12 15 32 23 | 07
#1523-d283 @A: 06 07 15 02 | 08
#1524-d283 @A: 05 06 15 08 | 06
#1525-d283 @A: 15 35 25 06 | 10
#1526-d283 @A: 15 24 35 05 | 12
#1527-d283 @A: 24 03 15 27 | 11
#1528-d283 @A: 25 15 16 33 | 03
#1529-d283 @A: 14 24 32 10 | 02
#1530-d283 @A: 22 02 32 10 | 09
#1531-d283 @A: 07 29 04 10 | 01
#1532-d283 @A: 07 10 05 11 | 05
#1533-d283 @A: 11 14 10 20 | 04
#1534-d283 @A: 25 21 10 12 | 07
#1535-d283 @A: 02 12 03 10 | 08
#1536-d283 @A: 03 10 27 22 | 06
#1537-d283 @A: 06 24 10 29 | 10
#1538-d283 @A: 35 20 23 10 | 12
#1539-d283 @A: 26 32 07 11 | 11
#1540-d283 @A: 02 26 33 32 | 03
#1541-d283 @A: 24 26 12 21 | 02
#1542-d283 @A: 12 26 11 29 | 09
#1543-d283 @A: 35 04 09 26 | 01
#1544-d283 @A: 22 06 29 26 | 05
#1545-d283 @A: 11 35 08 26 | 04
#1546-d283 @A: 27 28 33 26 | 07
#1547-d283 @A: 29 26 03 08 | 08
#1548-d283 @A: 21 32 24 07 | 06
#1549-d283 @A: 32 12 21 08 | 10
#1550-d283 @A: 25 32 12 24 | 12
#1551-d283 @A: 09 32 03 22 | 11
#1552-d283 @A: 24 11 06 32 | 03
#1553-d283 @A: 33 32 11 29 | 02
#1554-d283 @A: 09 11 03 07 | 09
#1555-d283 @A: 29 27 20 07 | 01
#1556-d283 @A: 21 12 14 22 | 05
#1557-d283 @A: 14 27 21 35 | 04
#1558-d283 @A: 14 25 04 33 | 07
#1559-d283 @A: 14 35 08 06 | 08
#1560-d283 @A: 02 05 03 21 | 06
#1561-d283 @A: 05 22 11 21 | 10
#1562-d283 @A: 21 08 16 05 | 12
#1563-d283 @A: 29 21 09 08 | 11
#1564-d283 @A: 21 25 08 20 | 03
#1565-d283 @A: 09 21 03 35 | 02
#1566-d283 @A: 29 16 25 12 | 09
#1567-d283 @A: 12 33 29 20 | 01
#1568-d283 @A: 11 04 22 23 | 05
#1569-d283 @A: 04 06 29 11 | 04
#1570-d283 @A: 04 24 35 29 | 07
#1571-d283 @A: 20 02 23 05 | 08
#1572-d283 @A: 16 02 25 24 | 06
#1573-d283 @A: 29 25 02 08 | 10
#1574-d283 @A: 16 22 25 23 | 12
#1575-d283 @A: 19 15 03 18 | 11
#1576-d283 @A: 18 04 19 28 | 03
#1577-d283 @A: 30 19 14 05 | 02
#1578-d283 @A: 19 06 30 04 | 09
#1579-d283 @A: 19 29 32 10 | 01
#1580-d283 @A: 03 19 14 10 | 05
#1581-d283 @A: 14 22 19 23 | 04
#1582-d283 @A: 21 16 28 19 | 07
#1583-d283 @A: 19 27 03 12 | 08
#1584-d283 @A: 12 35 19 23 | 06
#1585-d283 @A: 22 29 19 28 | 10
#1586-d283 @A: 11 35 19 27 | 12
#1587-d283 @A: 28 19 24 08 | 11
#1588-d283 @A: 20 19 27 28 | 03
#1589-d283 @A: 22 18 13 01 | 02
#1590-d283 @A: 14 16 13 01 | 09
#1591-d283 @A: 26 01 18 06 | 01
#1592-d283 @A: 01 04 18 33 | 05
#1593-d283 @A: 28 30 21 01 | 04
#1594-d283 @A: 29 24 34 01 | 07
#1595-d283 @A: 15 01 24 10 | 08
#1596-d283 @A: 05 20 01 10 | 06
#1597-d283 @A: 01 04 20 21 | 10
#1598-d283 @A: 06 21 08 01 | 12
#1599-d283 @A: 01 02 33 12 | 11
#1600-d283 @A: 01 28 12 25 | 03
#1601-d283 @A: 22 27 01 35 | 02
#1602-d283 @A: 01 03 27 20 | 09
#1603-d283 @A: 18 13 28 34 | 01
#1604-d283 @A: 13 30 35 32 | 05
#1605-d283 @A: 08 13 10 17 | 04
#1606-d283 @A: 06 13 07 31 | 07
#1607-d283 @A: 35 31 20 13 | 08
#1608-d283 @A: 15 02 13 20 | 06
#1609-d283 @A: 29 13 05 33 | 10
#1610-d283 @A: 28 13 25 05 | 12
#1611-d283 @A: 09 13 29 25 | 11
#1612-d283 @A: 18 28 30 15 | 03
#1613-d283 @A: 32 18 03 17 | 02
#1614-d283 @A: 18 14 32 09 | 09
#1615-d283 @A: 20 18 22 33 | 01
#1616-d283 @A: 18 05 11 35 | 05
#1617-d283 @A: 05 18 09 20 | 04
#1618-d283 @A: 03 25 18 29 | 07
#1619-d283 @A: 26 30 34 05 | 08
#1620-d283 @A: 30 11 31 32 | 06
#1621-d283 @A: 05 23 31 30 | 10
#1622-d283 @A: 30 22 32 15 | 12
#1623-d283 @A: 07 08 15 30 | 11
#1624-d283 @A: 27 30 25 32 | 03
#1625-d283 @A: 29 30 05 20 | 02
#1626-d283 @A: 11 31 17 34 | 09
#1627-d283 @A: 21 34 28 02 | 01
#1628-d283 @A: 34 06 29 08 | 05
#1629-d283 @A: 03 29 27 34 | 04
#1630-d283 @A: 28 35 29 34 | 07
#1631-d283 @A: 10 23 07 17 | 08
#1632-d283 @A: 33 14 10 17 | 06
#1633-d283 @A: 07 35 02 17 | 10
#1634-d283 @A: 33 17 20 21 | 12
#1635-d283 @A: 09 12 17 02 | 11
#1636-d283 @A: 03 17 28 22 | 03
#1637-d283 @A: 09 11 17 16 | 02
#1638-d283 @A: 17 29 28 11 | 09
#1639-d283 @A: 27 17 06 25 | 01
#1640-d283 @A: 16 05 23 17 | 05
#1641-d283 @A: 31 12 22 26 | 04
#1642-d283 @A: 14 31 32 06 | 07
#1643-d283 @A: 31 25 22 32 | 08
#1644-d283 @A: 02 33 31 14 | 06
#1645-d283 @A: 33 31 24 25 | 10
#1646-d283 @A: 08 09 03 31 | 12
#1647-d283 @A: 32 15 06 20 | 11
#1648-d283 @A: 14 15 24 20 | 03
#1649-d283 @A: 22 15 20 11 | 02
#1650-d283 @A: 15 28 22 24 | 09
#1651-d283 @A: 16 03 15 05 | 01
#1652-d283 @A: 20 15 08 09 | 05
#1653-d283 @A: 12 16 26 10 | 04
#1654-d283 @A: 35 14 22 10 | 07
#1655-d283 @A: 10 35 12 04 | 08
#1656-d283 @A: 33 08 10 11 | 06
#1657-d283 @A: 11 28 10 35 | 10
#1658-d283 @A: 33 05 10 24 | 12
#1659-d283 @A: 10 05 03 28 | 11
#1660-d283 @A: 10 29 16 35 | 03
#1661-d283 @A: 28 25 10 33 | 02
#1662-d283 @A: 25 10 20 35 | 09
#1663-d283 @A: 32 09 26 12 | 01
#1664-d283 @A: 14 07 26 03 | 05
#1665-d283 @A: 02 05 07 26 | 04
#1666-d283 @A: 27 07 26 23 | 07
#1667-d283 @A: 26 14 04 24 | 08
#1668-d283 @A: 33 12 26 08 | 06
#1669-d283 @A: 09 02 20 26 | 10
#1670-d283 @A: 25 08 24 26 | 12
#1671-d283 @A: 08 32 04 35 | 11
#1672-d283 @A: 24 32 22 29 | 03
#1673-d283 @A: 23 22 20 32 | 02
#1674-d283 @A: 32 06 28 09 | 09
#1675-d283 @A: 08 32 24 05 | 01
#1676-d283 @A: 14 12 06 07 | 05
#1677-d283 @A: 07 04 09 14 | 04
#1678-d283 @A: 25 07 05 35 | 07
#1679-d283 @A: 07 27 16 24 | 08
#1680-d283 @A: 07 27 33 09 | 06
#1681-d283 @A: 03 14 11 35 | 10
#1682-d283 @A: 06 05 24 21 | 12
#1683-d283 @A: 22 20 12 02 | 11
#1684-d283 @A: 12 09 22 16 | 03
#1685-d283 @A: 02 08 22 04 | 02
#1686-d283 @A: 05 11 09 04 | 09
#1687-d283 @A: 08 04 03 24 | 01
#1688-d283 @A: 33 22 03 02 | 05
#1689-d283 @A: 08 02 33 06 | 04
