#0001-d288 @A: 32 26 35 02 | 09
#0002-d288 @A: 17 35 14 06 | 08
#0003-d288 @A: 21 16 23 35 | 03
#0004-d288 @A: 04 35 18 27 | 12
#0005-d288 @A: 27 35 25 20 | 11
#0006-d288 @A: 35 13 11 23 | 06
#0007-d288 @A: 35 23 02 34 | 01
#0008-d288 @A: 35 29 23 22 | 07
#0009-d288 @A: 12 26 19 35 | 10
#0010-d288 @A: 35 01 25 12 | 05
#0011-d288 @A: 35 14 11 26 | 02
#0012-d288 @A: 04 15 35 11 | 04
#0013-d288 @A: 07 34 35 26 | 09
#0014-d288 @A: 13 28 35 06 | 08
#0015-d288 @A: 35 10 03 01 | 03
#0016-d288 @A: 26 32 17 01 | 12
#0017-d288 @A: 32 26 04 16 | 11
#0018-d288 @A: 30 32 16 18 | 06
#0019-d288 @A: 32 29 30 31 | 01
#0020-d288 @A: 20 23 07 32 | 07
#0021-d288 @A: 32 21 02 12 | 10
#0022-d288 @A: 01 32 11 34 | 05
#0023-d288 @A: 22 18 15 32 | 02
#0024-d288 @A: 07 30 08 32 | 04
#0025-d288 @A: 32 18 06 03 | 09
#0026-d288 @A: 25 20 32 06 | 08
#0027-d288 @A: 10 03 22 32 | 03
#0028-d288 @A: 20 32 33 03 | 12
#0029-d288 @A: 32 28 25 09 | 11
#0030-d288 @A: 17 16 33 26 | 06
#0031-d288 @A: 16 19 17 09 | 01
#0032-d288 @A: 31 17 05 20 | 07
#0033-d288 @A: 19 31 17 08 | 10
#0034-d288 @A: 10 13 17 31 | 05
#0035-d288 @A: 12 24 14 17 | 02
#0036-d288 @A: 17 07 11 13 | 04
#0037-d288 @A: 17 25 02 07 | 09
#0038-d288 @A: 01 17 34 02 | 08
#0039-d288 @A: 06 24 17 20 | 03
#0040-d288 @A: 10 21 17 24 | 12
#0041-d288 @A: 04 19 25 17 | 11
#0042-d288 @A: 13 04 09 17 | 06
#0043-d288 @A: 22 17 10 20 | 01
#0044-d288 @A: 30 13 21 17 | 07
#0045-d288 @A: 34 17 21 13 | 10
#0046-d288 @A: 30 09 22 17 | 05
#0047-d288 @A: 30 17 01 33 | 02
#0048-d288 @A: 31 03 16 02 | 04
#0049-d288 @A: 33 02 23 16 | 09
#0050-d288 @A: 16 23 20 15 | 08
#0051-d288 @A: 02 11 16 28 | 03
#0052-d288 @A: 03 16 18 26 | 12
#0053-d288 @A: 25 26 01 16 | 11
#0054-d288 @A: 15 02 16 04 | 06
#0055-d288 @A: 09 18 15 16 | 01
#0056-d288 @A: 07 24 33 16 | 07
#0057-d288 @A: 14 08 28 16 | 10
#0058-d288 @A: 21 14 16 30 | 05
#0059-d288 @A: 01 20 34 16 | 02
#0060-d288 @A: 23 30 27 26 | 04
#0061-d288 @A: 08 27 23 22 | 09
#0062-d288 @A: 12 08 25 27 | 08
#0063-d288 @A: 26 27 28 11 | 03
#0064-d288 @A: 14 11 33 27 | 12
#0065-d288 @A: 18 11 07 27 | 11
#0066-d288 @A: 09 27 21 11 | 06
#0067-d288 @A: 27 22 26 24 | 01
#0068-d288 @A: 27 15 02 20 | 07
#0069-d288 @A: 15 07 25 27 | 10
#0070-d288 @A: 03 27 30 09 | 05
#0071-d288 @A: 09 13 27 33 | 02
#0072-d288 @A: 31 12 23 03 | 04
#0073-d288 @A: 31 15 23 21 | 09
#0074-d288 @A: 23 33 07 31 | 08
#0075-d288 @A: 12 31 06 18 | 03
#0076-d288 @A: 31 19 05 14 | 12
#0077-d288 @A: 31 26 34 29 | 11
#0078-d288 @A: 33 28 15 31 | 06
#0079-d288 @A: 13 31 06 09 | 01
#0080-d288 @A: 28 09 31 03 | 07
#0081-d288 @A: 01 33 31 25 | 10
#0082-d288 @A: 23 34 15 11 | 05
#0083-d288 @A: 08 04 23 11 | 02
#0084-d288 @A: 23 26 13 19 | 04
#0085-d288 @A: 28 10 23 08 | 09
#0086-d288 @A: 19 25 23 07 | 08
#0087-d288 @A: 01 23 30 06 | 03
#0088-d288 @A: 28 21 19 23 | 12
#0089-d288 @A: 05 12 06 24 | 11
#0090-d288 @A: 20 11 12 14 | 06
#0091-d288 @A: 06 02 01 12 | 01
#0092-d288 @A: 01 24 12 34 | 07
#0093-d288 @A: 08 04 12 19 | 10
#0094-d288 @A: 06 12 29 22 | 05
#0095-d288 @A: 13 12 28 29 | 02
#0096-d288 @A: 19 13 20 12 | 04
#0097-d288 @A: 12 30 33 22 | 09
#0098-d288 @A: 33 05 11 02 | 08
#0099-d288 @A: 11 08 13 05 | 03
#0100-d288 @A: 24 15 20 05 | 12
#0101-d288 @A: 07 05 04 15 | 11
#0102-d288 @A: 24 19 05 07 | 06
#0103-d288 @A: 08 05 03 29 | 01
#0104-d288 @A: 04 03 05 34 | 07
#0105-d288 @A: 21 29 04 05 | 10
#0106-d288 @A: 05 19 25 09 | 05
#0107-d288 @A: 03 01 11 26 | 02
#0108-d288 @A: 14 11 25 03 | 04
#0109-d288 @A: 21 06 10 11 | 09
#0110-d288 @A: 20 11 21 29 | 08
#0111-d288 @A: 11 10 19 28 | 03
#0112-d288 @A: 15 26 08 28 | 12
#0113-d288 @A: 07 25 26 14 | 11
#0114-d288 @A: 03 06 26 13 | 06
#0115-d288 @A: 28 10 26 30 | 01
#0116-d288 @A: 21 25 13 26 | 07
#0117-d288 @A: 33 26 01 19 | 10
#0118-d288 @A: 28 24 02 34 | 05
#0119-d288 @A: 33 06 13 02 | 02
#0120-d288 @A: 34 02 30 09 | 04
#0121-d288 @A: 07 30 15 01 | 09
#0122-d288 @A: 15 03 20 28 | 08
#0123-d288 @A: 30 15 19 13 | 03
#0124-d288 @A: 28 24 33 03 | 12
#0125-d288 @A: 04 33 30 24 | 11
#0126-d288 @A: 24 29 09 19 | 06
#0127-d288 @A: 33 18 20 14 | 01
#0128-d288 @A: 14 06 33 21 | 07
#0129-d288 @A: 04 10 29 14 | 10
#0130-d288 @A: 25 14 21 29 | 05
#0131-d288 @A: 14 29 09 28 | 02
#0132-d288 @A: 14 25 19 20 | 04
#0133-d288 @A: 09 33 08 01 | 09
#0134-d288 @A: 10 18 07 22 | 08
#0135-d288 @A: 18 20 30 07 | 03
#0136-d288 @A: 18 25 29 20 | 12
#0137-d288 @A: 18 10 13 01 | 11
#0138-d288 @A: 28 25 01 18 | 06
#0139-d288 @A: 30 21 18 19 | 01
#0140-d288 @A: 07 06 25 04 | 07
#0141-d288 @A: 13 03 07 30 | 10
#0142-d288 @A: 07 10 19 04 | 05
#0143-d288 @A: 09 29 07 21 | 02
#0144-d288 @A: 19 21 33 07 | 04
#0145-d288 @A: 03 28 34 33 | 09
#0146-d288 @A: 34 01 04 33 | 08
#0147-d288 @A: 25 20 34 22 | 03
#0148-d288 @A: 03 23 32 35 | 12
#0149-d288 @A: 32 08 35 06 | 11
#0150-d288 @A: 01 17 35 05 | 06
#0151-d288 @A: 35 16 18 22 | 01
#0152-d288 @A: 27 23 14 35 | 07
#0153-d288 @A: 10 35 27 08 | 10
#0154-d288 @A: 05 24 04 35 | 05
#0155-d288 @A: 33 26 35 22 | 02
#0156-d288 @A: 04 22 35 03 | 04
#0157-d288 @A: 35 20 29 19 | 09
#0158-d288 @A: 21 25 35 28 | 08
#0159-d288 @A: 16 17 32 06 | 03
#0160-d288 @A: 32 17 28 08 | 12
#0161-d288 @A: 03 11 16 32 | 11
#0162-d288 @A: 31 14 32 11 | 06
#0163-d288 @A: 05 23 02 32 | 01
#0164-d288 @A: 32 05 24 33 | 07
#0165-d288 @A: 20 14 32 05 | 10
#0166-d288 @A: 32 11 26 22 | 05
#0167-d288 @A: 04 01 32 25 | 02
#0168-d288 @A: 29 19 32 10 | 04
#0169-d288 @A: 30 10 09 32 | 09
#0170-d288 @A: 28 01 33 32 | 08
#0171-d288 @A: 17 06 27 33 | 03
#0172-d288 @A: 22 15 23 17 | 12
#0173-d288 @A: 04 17 12 15 | 11
#0174-d288 @A: 21 12 17 07 | 06
#0175-d288 @A: 19 05 17 11 | 01
#0176-d288 @A: 15 29 05 17 | 07
#0177-d288 @A: 11 33 03 17 | 10
#0178-d288 @A: 08 04 26 17 | 05
#0179-d288 @A: 33 02 24 17 | 02
#0180-d288 @A: 18 07 34 17 | 04
#0181-d288 @A: 29 17 33 10 | 09
#0182-d288 @A: 09 29 17 25 | 08
#0183-d288 @A: 22 17 29 01 | 03
#0184-d288 @A: 27 22 05 16 | 12
#0185-d288 @A: 12 16 02 22 | 11
#0186-d288 @A: 01 12 16 24 | 06
#0187-d288 @A: 16 03 12 09 | 01
#0188-d288 @A: 16 30 03 05 | 07
#0189-d288 @A: 16 11 22 15 | 10
#0190-d288 @A: 24 16 29 11 | 05
#0191-d288 @A: 13 30 11 16 | 02
#0192-d288 @A: 16 02 08 06 | 04
#0193-d288 @A: 24 14 15 16 | 09
#0194-d288 @A: 07 06 16 15 | 08
#0195-d288 @A: 13 21 15 16 | 03
#0196-d288 @A: 18 29 16 33 | 12
#0197-d288 @A: 28 06 04 16 | 11
#0198-d288 @A: 04 16 21 03 | 06
#0199-d288 @A: 25 19 29 16 | 01
#0200-d288 @A: 22 33 16 13 | 07
#0201-d288 @A: 31 21 12 27 | 10
#0202-d288 @A: 34 19 23 27 | 05
#0203-d288 @A: 05 20 11 27 | 02
#0204-d288 @A: 02 13 27 11 | 04
#0205-d288 @A: 27 21 26 02 | 09
#0206-d288 @A: 26 01 15 27 | 08
#0207-d288 @A: 02 08 24 27 | 03
#0208-d288 @A: 08 18 27 19 | 12
#0209-d288 @A: 27 10 18 29 | 11
#0210-d288 @A: 01 04 10 27 | 06
#0211-d288 @A: 29 25 27 01 | 01
#0212-d288 @A: 25 09 22 27 | 07
#0213-d288 @A: 02 12 31 13 | 10
#0214-d288 @A: 19 31 15 12 | 05
#0215-d288 @A: 08 31 12 33 | 02
#0216-d288 @A: 31 05 18 30 | 04
#0217-d288 @A: 33 31 34 05 | 09
#0218-d288 @A: 20 31 24 11 | 08
#0219-d288 @A: 30 31 07 11 | 03
#0220-d288 @A: 26 30 15 31 | 12
#0221-d288 @A: 02 04 31 30 | 11
#0222-d288 @A: 01 29 02 31 | 06
#0223-d288 @A: 24 18 31 29 | 01
#0224-d288 @A: 06 14 10 31 | 07
#0225-d288 @A: 09 31 25 08 | 10
#0226-d288 @A: 30 31 06 22 | 05
#0227-d288 @A: 31 10 03 21 | 02
#0228-d288 @A: 12 23 33 11 | 04
#0229-d288 @A: 21 12 23 18 | 09
#0230-d288 @A: 09 11 18 23 | 08
#0231-d288 @A: 26 04 23 33 | 03
#0232-d288 @A: 28 07 23 15 | 12
#0233-d288 @A: 23 28 29 24 | 11
#0234-d288 @A: 33 22 23 06 | 06
#0235-d288 @A: 12 26 05 25 | 01
#0236-d288 @A: 10 12 22 04 | 07
#0237-d288 @A: 12 30 13 25 | 10
#0238-d288 @A: 13 09 12 22 | 05
#0239-d288 @A: 22 05 06 10 | 02
#0240-d288 @A: 28 13 05 03 | 04
#0241-d288 @A: 30 19 28 05 | 09
#0242-d288 @A: 20 09 28 05 | 08
#0243-d288 @A: 26 25 11 08 | 03
#0244-d288 @A: 02 24 10 11 | 12
#0245-d288 @A: 08 03 02 11 | 11
#0246-d288 @A: 24 21 13 11 | 06
#0247-d288 @A: 08 34 11 20 | 01
#0248-d288 @A: 11 10 30 29 | 07
#0249-d288 @A: 26 01 02 24 | 10
#0250-d288 @A: 24 15 26 33 | 05
#0251-d288 @A: 26 09 33 10 | 02
#0252-d288 @A: 30 21 26 34 | 04
#0253-d288 @A: 14 15 02 10 | 09
#0254-d288 @A: 02 15 29 18 | 08
#0255-d288 @A: 34 19 07 02 | 03
#0256-d288 @A: 02 03 29 22 | 12
#0257-d288 @A: 19 02 13 09 | 11
#0258-d288 @A: 15 09 24 22 | 06
#0259-d288 @A: 22 13 14 15 | 01
#0260-d288 @A: 01 06 15 19 | 07
#0261-d288 @A: 20 04 15 29 | 10
#0262-d288 @A: 09 15 28 04 | 05
#0263-d288 @A: 14 24 03 13 | 02
#0264-d288 @A: 07 24 10 08 | 04
#0265-d288 @A: 24 03 29 30 | 09
#0266-d288 @A: 01 10 29 24 | 08
#0267-d288 @A: 14 20 03 10 | 03
#0268-d288 @A: 14 28 03 01 | 12
#0269-d288 @A: 14 13 25 04 | 11
#0270-d288 @A: 28 04 14 20 | 06
#0271-d288 @A: 10 33 30 14 | 01
#0272-d288 @A: 08 18 13 09 | 07
#0273-d288 @A: 22 03 33 08 | 10
#0274-d288 @A: 08 13 19 28 | 05
#0275-d288 @A: 18 13 20 06 | 02
#0276-d288 @A: 18 09 01 29 | 04
#0277-d288 @A: 25 22 18 13 | 09
#0278-d288 @A: 07 29 01 03 | 08
#0279-d288 @A: 09 07 22 33 | 03
#0280-d288 @A: 35 09 17 32 | 12
#0281-d288 @A: 27 32 01 35 | 11
#0282-d288 @A: 32 21 35 11 | 06
#0283-d288 @A: 07 35 32 22 | 01
#0284-d288 @A: 35 03 34 32 | 07
#0285-d288 @A: 35 17 11 10 | 10
#0286-d288 @A: 35 17 25 08 | 05
#0287-d288 @A: 07 35 27 28 | 02
#0288-d288 @A: 05 25 11 35 | 04
#0289-d288 @A: 18 11 35 01 | 09
#0290-d288 @A: 28 35 11 29 | 08
#0291-d288 @A: 02 35 15 13 | 03
#0292-d288 @A: 35 15 19 24 | 12
#0293-d288 @A: 06 35 25 19 | 11
#0294-d288 @A: 30 35 03 25 | 06
#0295-d288 @A: 21 32 31 17 | 01
#0296-d288 @A: 13 18 32 17 | 07
#0297-d288 @A: 32 27 13 08 | 10
#0298-d288 @A: 32 06 31 24 | 05
#0299-d288 @A: 23 14 32 33 | 02
#0300-d288 @A: 10 05 32 11 | 04
#0301-d288 @A: 05 09 32 01 | 09
#0302-d288 @A: 29 21 32 26 | 08
#0303-d288 @A: 21 04 14 32 | 03
#0304-d288 @A: 06 32 04 22 | 12
#0305-d288 @A: 32 03 13 09 | 11
#0306-d288 @A: 01 13 32 29 | 06
#0307-d288 @A: 13 34 10 32 | 01
#0308-d288 @A: 07 16 17 18 | 07
#0309-d288 @A: 27 12 10 17 | 10
#0310-d288 @A: 01 27 08 17 | 05
#0311-d288 @A: 17 29 07 27 | 02
#0312-d288 @A: 17 14 31 09 | 04
#0313-d288 @A: 26 25 17 23 | 09
#0314-d288 @A: 17 18 06 11 | 08
#0315-d288 @A: 26 21 18 17 | 03
#0316-d288 @A: 17 03 22 06 | 12
#0317-d288 @A: 17 30 04 10 | 11
#0318-d288 @A: 34 19 29 17 | 06
#0319-d288 @A: 17 01 20 13 | 01
#0320-d288 @A: 16 31 27 25 | 07
#0321-d288 @A: 28 16 01 27 | 10
#0322-d288 @A: 31 24 16 19 | 05
#0323-d288 @A: 16 06 31 01 | 02
#0324-d288 @A: 16 10 34 31 | 04
#0325-d288 @A: 16 33 14 12 | 09
#0326-d288 @A: 26 15 16 05 | 08
#0327-d288 @A: 05 04 08 16 | 03
#0328-d288 @A: 22 08 16 19 | 12
#0329-d288 @A: 29 16 21 06 | 11
#0330-d288 @A: 06 08 31 27 | 06
#0331-d288 @A: 31 18 27 03 | 01
#0332-d288 @A: 27 29 34 12 | 07
#0333-d288 @A: 24 34 11 27 | 10
#0334-d288 @A: 27 02 33 07 | 05
#0335-d288 @A: 01 19 02 27 | 02
#0336-d288 @A: 31 23 30 28 | 04
#0337-d288 @A: 31 12 10 07 | 09
#0338-d288 @A: 24 09 31 02 | 08
#0339-d288 @A: 08 30 31 24 | 03
#0340-d288 @A: 31 08 24 34 | 12
#0341-d288 @A: 22 31 14 07 | 11
#0342-d288 @A: 22 25 04 31 | 06
#0343-d288 @A: 11 23 05 28 | 01
#0344-d288 @A: 26 23 15 10 | 07
#0345-d288 @A: 03 23 26 24 | 10
#0346-d288 @A: 23 26 10 34 | 05
#0347-d288 @A: 03 23 18 19 | 02
#0348-d288 @A: 03 13 25 23 | 04
#0349-d288 @A: 23 20 22 03 | 09
#0350-d288 @A: 03 09 01 23 | 08
#0351-d288 @A: 29 19 23 33 | 03
#0352-d288 @A: 23 10 19 22 | 12
#0353-d288 @A: 10 12 03 05 | 11
#0354-d288 @A: 24 11 12 15 | 06
#0355-d288 @A: 33 15 12 02 | 01
#0356-d288 @A: 15 12 18 07 | 07
#0357-d288 @A: 21 12 14 34 | 10
#0358-d288 @A: 06 12 13 04 | 05
#0359-d288 @A: 04 12 30 29 | 02
#0360-d288 @A: 19 12 09 30 | 04
#0361-d288 @A: 08 06 05 18 | 09
#0362-d288 @A: 05 25 08 07 | 08
#0363-d288 @A: 21 25 18 05 | 03
#0364-d288 @A: 22 07 34 05 | 12
#0365-d288 @A: 04 13 05 30 | 11
#0366-d288 @A: 29 28 10 05 | 06
#0367-d288 @A: 22 05 09 29 | 01
#0368-d288 @A: 15 13 11 26 | 07
#0369-d288 @A: 02 21 15 11 | 10
#0370-d288 @A: 07 11 02 06 | 05
#0371-d288 @A: 15 11 33 25 | 02
#0372-d288 @A: 18 19 11 24 | 04
#0373-d288 @A: 18 11 14 21 | 09
#0374-d288 @A: 20 06 01 11 | 08
#0375-d288 @A: 22 09 06 11 | 03
#0376-d288 @A: 30 22 34 11 | 12
#0377-d288 @A: 34 02 26 33 | 11
#0378-d288 @A: 25 26 04 15 | 06
#0379-d288 @A: 26 24 25 20 | 01
#0380-d288 @A: 07 26 09 13 | 07
#0381-d288 @A: 26 22 25 29 | 10
#0382-d288 @A: 29 26 20 28 | 05
#0383-d288 @A: 09 01 26 30 | 02
#0384-d288 @A: 06 24 02 29 | 04
#0385-d288 @A: 02 10 34 03 | 09
#0386-d288 @A: 02 22 13 04 | 08
#0387-d288 @A: 15 09 08 14 | 03
#0388-d288 @A: 29 18 34 15 | 12
#0389-d288 @A: 06 03 30 15 | 11
#0390-d288 @A: 09 29 06 15 | 06
#0391-d288 @A: 30 29 15 33 | 01
#0392-d288 @A: 15 33 22 20 | 07
#0393-d288 @A: 04 24 01 07 | 10
#0394-d288 @A: 01 22 14 10 | 05
#0395-d288 @A: 08 29 28 33 | 02
#0396-d288 @A: 10 21 08 20 | 04
#0397-d288 @A: 33 08 13 10 | 09
#0398-d288 @A: 01 20 08 25 | 08
#0399-d288 @A: 18 13 19 07 | 03
#0400-d288 @A: 18 01 21 03 | 12
#0401-d288 @A: 01 34 10 18 | 11
#0402-d288 @A: 20 21 09 18 | 06
#0403-d288 @A: 28 06 07 10 | 01
#0404-d288 @A: 07 13 06 34 | 07
#0405-d288 @A: 07 04 13 20 | 10
#0406-d288 @A: 19 07 20 28 | 05
#0407-d288 @A: 07 19 01 09 | 02
#0408-d288 @A: 34 29 06 28 | 04
#0409-d288 @A: 32 35 28 14 | 09
#0410-d288 @A: 26 35 28 16 | 08
#0411-d288 @A: 01 35 15 16 | 03
#0412-d288 @A: 19 31 35 27 | 12
#0413-d288 @A: 12 27 35 33 | 11
#0414-d288 @A: 27 35 26 03 | 06
#0415-d288 @A: 15 34 27 35 | 01
#0416-d288 @A: 12 31 35 22 | 07
#0417-d288 @A: 35 23 28 02 | 10
#0418-d288 @A: 30 18 35 23 | 05
#0419-d288 @A: 05 13 35 26 | 02
#0420-d288 @A: 35 05 02 08 | 04
#0421-d288 @A: 29 35 14 05 | 09
#0422-d288 @A: 33 11 35 24 | 08
#0423-d288 @A: 11 35 07 19 | 03
#0424-d288 @A: 35 29 18 26 | 12
#0425-d288 @A: 21 07 35 02 | 11
#0426-d288 @A: 07 35 20 24 | 06
#0427-d288 @A: 34 06 35 24 | 01
#0428-d288 @A: 14 35 22 25 | 07
#0429-d288 @A: 35 09 18 06 | 10
#0430-d288 @A: 35 04 09 01 | 05
#0431-d288 @A: 29 35 10 13 | 02
#0432-d288 @A: 35 22 29 34 | 04
#0433-d288 @A: 22 19 35 09 | 09
#0434-d288 @A: 17 15 32 10 | 08
#0435-d288 @A: 13 16 23 32 | 03
#0436-d288 @A: 16 09 07 32 | 12
#0437-d288 @A: 22 32 16 25 | 11
#0438-d288 @A: 25 16 32 34 | 06
#0439-d288 @A: 10 26 27 32 | 01
#0440-d288 @A: 27 07 21 32 | 07
#0441-d288 @A: 32 01 18 31 | 10
#0442-d288 @A: 32 10 21 23 | 05
#0443-d288 @A: 23 32 34 28 | 02
#0444-d288 @A: 33 32 12 26 | 04
#0445-d288 @A: 24 32 12 22 | 09
#0446-d288 @A: 32 07 12 25 | 08
#0447-d288 @A: 32 08 21 05 | 03
#0448-d288 @A: 05 32 28 18 | 12
#0449-d288 @A: 05 19 32 34 | 11
#0450-d288 @A: 02 11 04 32 | 06
#0451-d288 @A: 32 25 18 11 | 01
#0452-d288 @A: 07 26 32 28 | 07
#0453-d288 @A: 32 18 02 07 | 10
#0454-d288 @A: 32 29 14 15 | 05
#0455-d288 @A: 32 15 21 33 | 02
#0456-d288 @A: 20 13 32 24 | 04
#0457-d288 @A: 32 04 08 33 | 09
#0458-d288 @A: 29 20 32 08 | 08
#0459-d288 @A: 07 30 32 34 | 03
#0460-d288 @A: 13 19 32 25 | 12
#0461-d288 @A: 27 17 16 24 | 11
#0462-d288 @A: 17 23 01 16 | 06
#0463-d288 @A: 13 17 23 27 | 01
#0464-d288 @A: 17 31 33 18 | 07
#0465-d288 @A: 06 17 08 23 | 10
#0466-d288 @A: 12 11 17 22 | 05
#0467-d288 @A: 12 02 08 17 | 02
#0468-d288 @A: 05 13 02 17 | 04
#0469-d288 @A: 11 30 17 28 | 09
#0470-d288 @A: 22 26 17 14 | 08
#0471-d288 @A: 17 18 15 03 | 03
#0472-d288 @A: 15 17 19 07 | 12
#0473-d288 @A: 03 25 01 17 | 11
#0474-d288 @A: 16 29 31 23 | 06
#0475-d288 @A: 31 04 16 14 | 01
#0476-d288 @A: 08 13 16 31 | 07
#0477-d288 @A: 08 11 20 16 | 10
#0478-d288 @A: 07 02 01 16 | 05
#0479-d288 @A: 19 16 28 15 | 02
#0480-d288 @A: 18 16 25 14 | 04
#0481-d288 @A: 14 07 16 03 | 09
#0482-d288 @A: 06 09 30 16 | 08
#0483-d288 @A: 20 30 04 16 | 03
#0484-d288 @A: 29 30 16 01 | 12
#0485-d288 @A: 16 10 01 09 | 11
#0486-d288 @A: 28 09 16 33 | 06
#0487-d288 @A: 27 19 23 12 | 01
#0488-d288 @A: 28 04 27 12 | 07
#0489-d288 @A: 25 27 18 26 | 10
#0490-d288 @A: 03 27 24 07 | 05
#0491-d288 @A: 27 06 22 21 | 02
#0492-d288 @A: 27 25 03 33 | 04
#0493-d288 @A: 27 21 28 29 | 09
#0494-d288 @A: 01 21 27 13 | 08
#0495-d288 @A: 31 05 25 23 | 03
#0496-d288 @A: 06 15 05 31 | 12
#0497-d288 @A: 33 02 10 31 | 11
#0498-d288 @A: 21 31 14 24 | 06
#0499-d288 @A: 34 09 04 31 | 01
#0500-d288 @A: 31 25 20 30 | 07
#0501-d288 @A: 13 23 12 24 | 10
#0502-d288 @A: 22 23 05 07 | 05
#0503-d288 @A: 23 05 01 10 | 02
#0504-d288 @A: 23 10 14 11 | 04
#0505-d288 @A: 30 23 15 08 | 09
#0506-d288 @A: 24 23 34 09 | 08
#0507-d288 @A: 14 23 29 08 | 03
#0508-d288 @A: 23 07 34 14 | 12
#0509-d288 @A: 23 09 14 30 | 11
#0510-d288 @A: 25 23 08 18 | 06
#0511-d288 @A: 08 23 21 01 | 01
#0512-d288 @A: 25 23 20 33 | 07
#0513-d288 @A: 13 11 01 12 | 10
#0514-d288 @A: 14 02 28 12 | 05
#0515-d288 @A: 19 12 03 22 | 02
#0516-d288 @A: 10 21 12 09 | 04
#0517-d288 @A: 11 04 05 14 | 09
#0518-d288 @A: 11 05 07 03 | 08
#0519-d288 @A: 34 28 26 05 | 03
#0520-d288 @A: 05 18 01 02 | 12
#0521-d288 @A: 10 05 30 21 | 11
#0522-d288 @A: 09 05 21 13 | 06
#0523-d288 @A: 34 09 05 21 | 01
#0524-d288 @A: 05 28 22 33 | 07
#0525-d288 @A: 02 09 11 26 | 10
#0526-d288 @A: 07 11 15 10 | 05
#0527-d288 @A: 18 11 28 08 | 02
#0528-d288 @A: 21 30 11 03 | 04
#0529-d288 @A: 11 25 34 04 | 09
#0530-d288 @A: 25 11 28 20 | 08
#0531-d288 @A: 11 30 33 20 | 03
#0532-d288 @A: 15 26 06 18 | 12
#0533-d288 @A: 19 06 26 21 | 11
#0534-d288 @A: 22 03 34 26 | 06
#0535-d288 @A: 19 26 04 29 | 01
#0536-d288 @A: 21 02 06 25 | 07
#0537-d288 @A: 10 03 02 04 | 10
#0538-d288 @A: 02 29 13 20 | 05
#0539-d288 @A: 34 08 07 15 | 02
#0540-d288 @A: 15 10 33 06 | 04
#0541-d288 @A: 15 03 10 09 | 09
#0542-d288 @A: 22 29 15 10 | 08
#0543-d288 @A: 19 34 14 24 | 03
#0544-d288 @A: 24 25 33 06 | 12
#0545-d288 @A: 29 22 04 24 | 11
#0546-d288 @A: 30 20 10 24 | 06
#0547-d288 @A: 24 19 22 25 | 01
#0548-d288 @A: 30 34 14 06 | 07
#0549-d288 @A: 08 04 13 03 | 10
#0550-d288 @A: 19 08 21 25 | 05
#0551-d288 @A: 18 21 07 06 | 02
#0552-d288 @A: 07 25 09 18 | 04
#0553-d288 @A: 28 06 33 18 | 09
#0554-d288 @A: 04 33 18 25 | 08
#0555-d288 @A: 18 19 04 28 | 03
#0556-d288 @A: 18 10 19 09 | 12
#0557-d288 @A: 34 30 33 18 | 11
#0558-d288 @A: 32 35 31 05 | 06
#0559-d288 @A: 17 35 21 27 | 01
#0560-d288 @A: 35 02 17 04 | 07
#0561-d288 @A: 27 16 13 35 | 10
#0562-d288 @A: 10 35 31 16 | 05
#0563-d288 @A: 31 30 35 13 | 02
#0564-d288 @A: 23 35 25 24 | 04
#0565-d288 @A: 35 33 23 10 | 09
#0566-d288 @A: 12 34 35 10 | 08
#0567-d288 @A: 35 02 20 11 | 03
#0568-d288 @A: 02 35 01 14 | 12
#0569-d288 @A: 08 29 15 35 | 11
#0570-d288 @A: 28 08 35 34 | 06
#0571-d288 @A: 35 28 03 19 | 01
#0572-d288 @A: 10 35 09 28 | 07
#0573-d288 @A: 13 35 01 22 | 10
#0574-d288 @A: 32 07 33 17 | 05
#0575-d288 @A: 33 27 32 16 | 02
#0576-d288 @A: 06 27 12 32 | 04
#0577-d288 @A: 22 14 27 32 | 09
#0578-d288 @A: 27 34 32 09 | 08
#0579-d288 @A: 04 31 32 07 | 03
#0580-d288 @A: 22 31 33 32 | 12
#0581-d288 @A: 32 12 05 19 | 11
#0582-d288 @A: 15 32 12 01 | 06
#0583-d288 @A: 32 18 04 12 | 01
#0584-d288 @A: 26 03 05 32 | 07
#0585-d288 @A: 11 32 08 24 | 10
#0586-d288 @A: 13 02 32 14 | 05
#0587-d288 @A: 21 24 18 32 | 02
#0588-d288 @A: 34 33 32 14 | 04
#0589-d288 @A: 21 32 08 34 | 09
#0590-d288 @A: 32 06 19 28 | 08
#0591-d288 @A: 09 32 04 20 | 03
#0592-d288 @A: 21 32 19 01 | 12
#0593-d288 @A: 31 22 16 17 | 11
#0594-d288 @A: 05 28 16 17 | 06
#0595-d288 @A: 27 17 04 14 | 01
#0596-d288 @A: 17 12 01 31 | 07
#0597-d288 @A: 09 23 33 17 | 10
#0598-d288 @A: 17 12 26 30 | 05
#0599-d288 @A: 26 17 19 02 | 02
#0600-d288 @A: 13 15 06 17 | 04
#0601-d288 @A: 08 17 13 14 | 09
#0602-d288 @A: 08 17 30 34 | 08
#0603-d288 @A: 06 28 17 29 | 03
#0604-d288 @A: 33 17 28 19 | 12
#0605-d288 @A: 17 13 28 22 | 11
#0606-d288 @A: 12 11 27 16 | 06
#0607-d288 @A: 07 27 19 16 | 01
#0608-d288 @A: 31 21 16 26 | 07
#0609-d288 @A: 16 06 23 18 | 10
#0610-d288 @A: 12 26 16 10 | 05
#0611-d288 @A: 12 28 18 16 | 02
#0612-d288 @A: 13 05 16 18 | 04
#0613-d288 @A: 02 16 20 26 | 09
#0614-d288 @A: 26 24 30 16 | 08
#0615-d288 @A: 09 02 14 16 | 03
#0616-d288 @A: 03 33 06 16 | 12
#0617-d288 @A: 16 03 19 10 | 11
#0618-d288 @A: 22 09 16 21 | 06
#0619-d288 @A: 31 10 27 05 | 01
#0620-d288 @A: 02 31 34 27 | 07
#0621-d288 @A: 20 27 31 13 | 10
#0622-d288 @A: 27 28 08 05 | 05
#0623-d288 @A: 04 03 05 27 | 02
#0624-d288 @A: 13 34 27 26 | 04
#0625-d288 @A: 02 18 09 27 | 09
#0626-d288 @A: 27 08 15 03 | 08
#0627-d288 @A: 24 25 13 27 | 03
#0628-d288 @A: 09 24 28 27 | 12
#0629-d288 @A: 09 06 27 10 | 11
#0630-d288 @A: 06 29 31 11 | 06
#0631-d288 @A: 11 31 34 03 | 01
#0632-d288 @A: 04 31 24 26 | 07
#0633-d288 @A: 08 28 02 31 | 10
#0634-d288 @A: 04 21 31 20 | 05
#0635-d288 @A: 33 13 31 04 | 02
#0636-d288 @A: 10 31 28 01 | 04
#0637-d288 @A: 31 34 19 13 | 09
#0638-d288 @A: 19 11 15 23 | 08
#0639-d288 @A: 11 07 23 29 | 03
#0640-d288 @A: 02 08 19 23 | 12
#0641-d288 @A: 23 21 07 14 | 11
#0642-d288 @A: 25 23 06 29 | 06
#0643-d288 @A: 02 04 12 24 | 01
#0644-d288 @A: 21 29 12 24 | 07
#0645-d288 @A: 34 03 08 12 | 10
#0646-d288 @A: 20 18 12 22 | 05
#0647-d288 @A: 12 33 19 25 | 02
#0648-d288 @A: 30 12 34 20 | 04
#0649-d288 @A: 02 05 22 14 | 09
#0650-d288 @A: 19 18 05 15 | 08
#0651-d288 @A: 09 24 10 05 | 03
#0652-d288 @A: 14 08 05 33 | 12
#0653-d288 @A: 14 03 05 18 | 11
#0654-d288 @A: 07 05 30 14 | 06
#0655-d288 @A: 20 25 04 05 | 01
#0656-d288 @A: 33 05 19 10 | 07
#0657-d288 @A: 01 30 05 25 | 10
#0658-d288 @A: 15 20 11 18 | 05
#0659-d288 @A: 24 25 07 11 | 02
#0660-d288 @A: 24 03 09 11 | 04
#0661-d288 @A: 11 13 28 04 | 09
#0662-d288 @A: 28 33 21 11 | 08
#0663-d288 @A: 02 14 33 26 | 03
#0664-d288 @A: 26 10 02 25 | 12
#0665-d288 @A: 14 15 26 19 | 11
#0666-d288 @A: 26 21 22 15 | 06
#0667-d288 @A: 26 10 14 08 | 01
#0668-d288 @A: 18 30 14 26 | 07
#0669-d288 @A: 01 07 08 26 | 10
#0670-d288 @A: 13 29 26 33 | 05
#0671-d288 @A: 02 06 20 10 | 02
#0672-d288 @A: 02 03 20 30 | 04
#0673-d288 @A: 13 03 21 02 | 09
#0674-d288 @A: 02 04 21 01 | 08
#0675-d288 @A: 20 06 21 15 | 03
#0676-d288 @A: 22 01 15 03 | 12
#0677-d288 @A: 19 15 29 21 | 11
#0678-d288 @A: 15 01 34 28 | 06
#0679-d288 @A: 24 21 01 06 | 01
#0680-d288 @A: 06 24 22 13 | 07
#0681-d288 @A: 14 19 07 08 | 10
#0682-d288 @A: 14 30 01 04 | 05
#0683-d288 @A: 14 30 13 29 | 02
#0684-d288 @A: 22 34 14 10 | 04
#0685-d288 @A: 09 14 10 13 | 09
#0686-d288 @A: 30 14 22 20 | 08
#0687-d288 @A: 10 19 08 06 | 03
#0688-d288 @A: 29 08 09 10 | 12
#0689-d288 @A: 34 29 08 33 | 11
#0690-d288 @A: 08 34 19 01 | 06
#0691-d288 @A: 19 20 18 01 | 01
#0692-d288 @A: 18 19 22 33 | 07
#0693-d288 @A: 03 34 07 21 | 10
#0694-d288 @A: 07 28 04 33 | 05
#0695-d288 @A: 25 29 07 28 | 02
#0696-d288 @A: 09 20 10 07 | 04
#0697-d288 @A: 20 21 01 07 | 09
#0698-d288 @A: 10 34 20 19 | 08
#0699-d288 @A: 33 35 32 18 | 03
#0700-d288 @A: 35 04 32 13 | 12
#0701-d288 @A: 17 03 16 35 | 11
#0702-d288 @A: 20 17 35 28 | 06
#0703-d288 @A: 13 17 35 33 | 01
#0704-d288 @A: 06 35 27 15 | 07
#0705-d288 @A: 27 24 29 35 | 10
#0706-d288 @A: 20 15 35 31 | 05
#0707-d288 @A: 23 07 35 01 | 02
#0708-d288 @A: 06 11 12 35 | 04
#0709-d288 @A: 35 05 06 21 | 09
#0710-d288 @A: 35 19 10 02 | 08
#0711-d288 @A: 35 14 08 03 | 03
#0712-d288 @A: 35 14 10 18 | 12
#0713-d288 @A: 01 35 33 06 | 11
#0714-d288 @A: 04 34 30 35 | 06
#0715-d288 @A: 01 29 21 35 | 01
#0716-d288 @A: 17 02 22 32 | 07
#0717-d288 @A: 32 24 17 25 | 10
#0718-d288 @A: 17 32 19 14 | 05
#0719-d288 @A: 27 32 04 24 | 02
#0720-d288 @A: 32 12 28 23 | 04
#0721-d288 @A: 32 11 06 23 | 09
#0722-d288 @A: 26 32 23 08 | 08
#0723-d288 @A: 23 32 04 15 | 03
#0724-d288 @A: 32 34 12 02 | 12
#0725-d288 @A: 32 15 11 28 | 11
#0726-d288 @A: 30 26 32 25 | 06
#0727-d288 @A: 32 09 08 02 | 01
#0728-d288 @A: 10 14 32 07 | 07
#0729-d288 @A: 29 04 03 32 | 10
#0730-d288 @A: 16 17 11 34 | 05
#0731-d288 @A: 27 17 25 05 | 02
#0732-d288 @A: 17 22 27 18 | 04
#0733-d288 @A: 17 34 04 27 | 09
#0734-d288 @A: 07 17 06 31 | 08
#0735-d288 @A: 02 17 23 29 | 03
#0736-d288 @A: 05 17 34 14 | 12
#0737-d288 @A: 26 29 17 11 | 11
#0738-d288 @A: 24 08 29 17 | 06
#0739-d288 @A: 07 34 24 17 | 01
#0740-d288 @A: 18 29 14 17 | 07
#0741-d288 @A: 29 21 17 03 | 10
#0742-d288 @A: 17 19 01 10 | 05
#0743-d288 @A: 19 17 21 22 | 02
#0744-d288 @A: 16 09 27 08 | 04
#0745-d288 @A: 27 18 16 21 | 09
#0746-d288 @A: 03 27 16 20 | 08
#0747-d288 @A: 16 09 05 31 | 03
#0748-d288 @A: 22 16 23 28 | 12
#0749-d288 @A: 21 01 11 16 | 11
#0750-d288 @A: 29 08 26 16 | 06
#0751-d288 @A: 16 02 29 34 | 01
#0752-d288 @A: 08 21 07 16 | 07
#0753-d288 @A: 09 25 04 16 | 10
#0754-d288 @A: 04 16 13 19 | 05
#0755-d288 @A: 09 16 13 29 | 02
#0756-d288 @A: 16 20 01 33 | 04
#0757-d288 @A: 03 23 11 27 | 09
#0758-d288 @A: 12 27 15 14 | 08
#0759-d288 @A: 07 05 13 27 | 03
#0760-d288 @A: 27 24 30 15 | 12
#0761-d288 @A: 08 30 27 14 | 11
#0762-d288 @A: 27 06 30 04 | 06
#0763-d288 @A: 03 19 27 29 | 01
#0764-d288 @A: 13 22 03 27 | 07
#0765-d288 @A: 22 20 04 27 | 10
#0766-d288 @A: 13 10 27 19 | 05
#0767-d288 @A: 02 31 23 26 | 02
#0768-d288 @A: 13 31 05 01 | 04
#0769-d288 @A: 19 26 07 31 | 09
#0770-d288 @A: 15 07 31 03 | 08
#0771-d288 @A: 31 29 15 13 | 03
#0772-d288 @A: 24 31 07 13 | 12
#0773-d288 @A: 31 22 09 10 | 11
#0774-d288 @A: 23 26 22 12 | 06
#0775-d288 @A: 29 09 23 12 | 01
#0776-d288 @A: 01 29 26 23 | 07
#0777-d288 @A: 02 21 23 24 | 10
#0778-d288 @A: 04 23 02 06 | 05
#0779-d288 @A: 07 23 24 09 | 02
#0780-d288 @A: 06 19 09 23 | 04
#0781-d288 @A: 33 23 21 03 | 09
#0782-d288 @A: 21 04 34 23 | 08
#0783-d288 @A: 23 34 29 25 | 03
#0784-d288 @A: 01 22 25 23 | 12
#0785-d288 @A: 01 28 20 23 | 11
#0786-d288 @A: 02 20 05 12 | 06
#0787-d288 @A: 26 15 09 12 | 01
#0788-d288 @A: 08 13 15 12 | 07
#0789-d288 @A: 12 22 14 08 | 10
#0790-d288 @A: 03 12 20 06 | 05
#0791-d288 @A: 12 03 30 28 | 02
#0792-d288 @A: 28 01 12 19 | 04
#0793-d288 @A: 19 34 12 33 | 09
#0794-d288 @A: 21 12 28 20 | 08
#0795-d288 @A: 13 21 12 33 | 03
#0796-d288 @A: 26 05 11 24 | 12
#0797-d288 @A: 02 05 10 07 | 11
#0798-d288 @A: 22 24 18 05 | 06
#0799-d288 @A: 01 06 29 05 | 01
#0800-d288 @A: 05 19 03 21 | 07
#0801-d288 @A: 29 34 10 05 | 10
#0802-d288 @A: 25 10 13 05 | 05
#0803-d288 @A: 18 30 02 11 | 02
#0804-d288 @A: 14 19 11 09 | 04
#0805-d288 @A: 18 11 22 04 | 09
#0806-d288 @A: 21 10 11 34 | 08
#0807-d288 @A: 19 01 11 25 | 03
#0808-d288 @A: 04 26 18 02 | 12
#0809-d288 @A: 20 03 08 26 | 11
#0810-d288 @A: 06 10 26 29 | 06
#0811-d288 @A: 26 13 04 01 | 01
#0812-d288 @A: 20 26 21 33 | 07
#0813-d288 @A: 02 28 15 24 | 10
#0814-d288 @A: 22 02 34 15 | 05
#0815-d288 @A: 30 19 02 14 | 02
#0816-d288 @A: 01 02 08 10 | 04
#0817-d288 @A: 09 34 06 02 | 09
#0818-d288 @A: 25 09 02 03 | 08
#0819-d288 @A: 30 29 02 25 | 03
#0820-d288 @A: 25 02 21 34 | 12
#0821-d288 @A: 24 07 21 15 | 11
#0822-d288 @A: 10 15 30 18 | 06
#0823-d288 @A: 19 03 04 15 | 01
#0824-d288 @A: 15 04 21 34 | 07
#0825-d288 @A: 18 24 30 01 | 10
#0826-d288 @A: 01 24 19 03 | 05
#0827-d288 @A: 29 24 20 33 | 02
#0828-d288 @A: 09 14 25 33 | 04
#0829-d288 @A: 13 20 21 14 | 09
#0830-d288 @A: 18 08 34 25 | 08
#0831-d288 @A: 19 08 04 34 | 03
#0832-d288 @A: 04 22 09 08 | 12
#0833-d288 @A: 08 20 22 13 | 11
#0834-d288 @A: 04 07 29 18 | 06
#0835-d288 @A: 30 18 22 03 | 01
#0836-d288 @A: 18 03 33 09 | 07
#0837-d288 @A: 18 29 21 22 | 10
#0838-d288 @A: 28 18 20 10 | 05
#0839-d288 @A: 20 07 29 06 | 02
#0840-d288 @A: 21 10 07 13 | 04
#0841-d288 @A: 34 22 33 06 | 09
#0842-d288 @A: 31 23 35 08 | 08
#0843-d288 @A: 35 09 31 07 | 03
#0844-d288 @A: 35 05 19 23 | 12
#0845-d288 @A: 04 35 23 20 | 11
#0846-d288 @A: 03 15 05 35 | 06
#0847-d288 @A: 35 26 20 01 | 01
#0848-d288 @A: 35 02 30 24 | 07
#0849-d288 @A: 35 25 18 15 | 10
#0850-d288 @A: 29 04 06 35 | 05
#0851-d288 @A: 22 06 35 20 | 02
#0852-d288 @A: 35 09 03 21 | 04
#0853-d288 @A: 09 30 29 35 | 09
#0854-d288 @A: 33 35 20 09 | 08
#0855-d288 @A: 32 12 29 17 | 03
#0856-d288 @A: 21 20 32 16 | 12
#0857-d288 @A: 28 31 27 32 | 11
#0858-d288 @A: 32 27 11 19 | 06
#0859-d288 @A: 13 10 32 12 | 01
#0860-d288 @A: 18 19 26 32 | 07
#0861-d288 @A: 02 30 33 32 | 10
#0862-d288 @A: 24 32 29 07 | 05
#0863-d288 @A: 01 08 32 22 | 02
#0864-d288 @A: 06 32 09 21 | 04
#0865-d288 @A: 32 30 22 21 | 09
#0866-d288 @A: 16 17 12 20 | 08
#0867-d288 @A: 17 21 16 02 | 03
#0868-d288 @A: 12 34 31 17 | 12
#0869-d288 @A: 17 03 24 31 | 11
#0870-d288 @A: 07 20 17 26 | 06
#0871-d288 @A: 34 17 06 26 | 01
#0872-d288 @A: 14 03 17 02 | 07
#0873-d288 @A: 17 30 06 02 | 10
#0874-d288 @A: 02 10 17 09 | 05
#0875-d288 @A: 28 15 25 17 | 02
#0876-d288 @A: 17 20 34 09 | 04
#0877-d288 @A: 17 01 21 28 | 09
#0878-d288 @A: 27 04 16 23 | 08
#0879-d288 @A: 29 14 16 27 | 03
#0880-d288 @A: 07 31 16 28 | 12
#0881-d288 @A: 24 16 23 10 | 11
#0882-d288 @A: 16 12 06 25 | 06
#0883-d288 @A: 26 11 16 19 | 01
#0884-d288 @A: 18 16 19 02 | 07
#0885-d288 @A: 16 14 06 22 | 10
#0886-d288 @A: 34 29 03 16 | 05
#0887-d288 @A: 33 04 10 16 | 02
#0888-d288 @A: 30 16 28 25 | 04
#0889-d288 @A: 33 31 27 24 | 09
#0890-d288 @A: 05 27 12 29 | 08
#0891-d288 @A: 27 20 24 12 | 03
#0892-d288 @A: 27 01 12 09 | 12
#0893-d288 @A: 05 06 02 27 | 11
#0894-d288 @A: 14 01 05 27 | 06
#0895-d288 @A: 26 14 27 20 | 01
#0896-d288 @A: 27 06 24 18 | 07
#0897-d288 @A: 19 24 21 27 | 10
#0898-d288 @A: 14 18 27 13 | 05
#0899-d288 @A: 34 18 20 27 | 02
#0900-d288 @A: 06 13 29 27 | 04
#0901-d288 @A: 09 19 04 27 | 09
#0902-d288 @A: 31 12 25 24 | 08
#0903-d288 @A: 31 26 08 05 | 03
#0904-d288 @A: 29 05 07 31 | 12
#0905-d288 @A: 33 26 31 06 | 11
#0906-d288 @A: 03 31 26 22 | 06
#0907-d288 @A: 07 31 02 20 | 01
#0908-d288 @A: 01 08 31 15 | 07
#0909-d288 @A: 31 34 06 21 | 10
#0910-d288 @A: 01 04 31 03 | 05
#0911-d288 @A: 28 31 29 19 | 02
#0912-d288 @A: 31 29 33 21 | 04
#0913-d288 @A: 31 10 30 19 | 09
#0914-d288 @A: 22 31 28 34 | 08
#0915-d288 @A: 31 30 09 33 | 03
#0916-d288 @A: 10 12 06 23 | 12
#0917-d288 @A: 12 13 34 23 | 11
#0918-d288 @A: 21 23 05 26 | 06
#0919-d288 @A: 23 05 30 33 | 01
#0920-d288 @A: 23 18 26 07 | 07
#0921-d288 @A: 02 13 23 18 | 10
#0922-d288 @A: 14 23 03 15 | 05
#0923-d288 @A: 18 14 22 23 | 02
#0924-d288 @A: 01 23 33 13 | 04
#0925-d288 @A: 34 30 23 01 | 09
#0926-d288 @A: 12 11 21 05 | 08
#0927-d288 @A: 12 18 09 05 | 03
#0928-d288 @A: 11 03 12 18 | 12
#0929-d288 @A: 08 06 26 12 | 11
#0930-d288 @A: 26 12 01 18 | 06
#0931-d288 @A: 30 12 24 07 | 01
#0932-d288 @A: 25 10 14 12 | 07
#0933-d288 @A: 08 07 28 12 | 10
#0934-d288 @A: 04 03 12 33 | 05
#0935-d288 @A: 12 04 34 22 | 02
#0936-d288 @A: 30 10 12 01 | 04
#0937-d288 @A: 20 26 05 18 | 09
#0938-d288 @A: 05 10 04 26 | 08
#0939-d288 @A: 15 02 05 30 | 03
#0940-d288 @A: 15 10 05 08 | 12
#0941-d288 @A: 06 09 05 03 | 11
#0942-d288 @A: 05 06 25 28 | 06
#0943-d288 @A: 20 30 06 05 | 01
#0944-d288 @A: 20 03 01 05 | 07
#0945-d288 @A: 26 18 34 11 | 10
#0946-d288 @A: 14 15 30 11 | 05
#0947-d288 @A: 11 06 14 13 | 02
#0948-d288 @A: 20 11 22 07 | 04
#0949-d288 @A: 28 11 22 03 | 09
#0950-d288 @A: 25 04 30 11 | 08
#0951-d288 @A: 22 11 25 21 | 03
#0952-d288 @A: 13 19 22 11 | 12
#0953-d288 @A: 01 28 11 09 | 11
#0954-d288 @A: 24 06 26 07 | 06
#0955-d288 @A: 22 08 18 26 | 01
#0956-d288 @A: 25 28 26 33 | 07
#0957-d288 @A: 09 26 28 19 | 10
#0958-d288 @A: 26 20 22 09 | 05
#0959-d288 @A: 04 02 08 20 | 02
#0960-d288 @A: 20 28 33 02 | 04
#0961-d288 @A: 09 21 02 30 | 09
#0962-d288 @A: 01 02 09 22 | 08
#0963-d288 @A: 08 15 04 24 | 03
#0964-d288 @A: 07 15 14 20 | 12
#0965-d288 @A: 15 25 06 22 | 11
#0966-d288 @A: 15 29 28 01 | 06
#0967-d288 @A: 15 10 13 28 | 01
#0968-d288 @A: 21 25 01 15 | 07
#0969-d288 @A: 20 09 19 15 | 10
#0970-d288 @A: 24 03 08 18 | 05
#0971-d288 @A: 10 24 04 13 | 02
#0972-d288 @A: 24 09 21 33 | 04
#0973-d288 @A: 14 09 22 03 | 09
#0974-d288 @A: 34 29 14 01 | 08
#0975-d288 @A: 01 04 08 06 | 03
#0976-d288 @A: 08 13 21 29 | 12
#0977-d288 @A: 03 06 18 34 | 11
#0978-d288 @A: 29 30 28 18 | 06
#0979-d288 @A: 22 18 28 09 | 01
#0980-d288 @A: 33 03 10 07 | 07
#0981-d288 @A: 07 25 30 22 | 10
#0982-d288 @A: 01 07 22 28 | 05
#0983-d288 @A: 34 25 06 01 | 02
#0984-d288 @A: 34 29 20 21 | 04
#0985-d288 @A: 34 30 28 10 | 09
#0986-d288 @A: 19 22 34 09 | 08
#0987-d288 @A: 01 21 22 34 | 03
#0988-d288 @A: 30 15 35 32 | 12
#0989-d288 @A: 32 35 24 10 | 11
#0990-d288 @A: 30 17 35 07 | 06
#0991-d288 @A: 05 16 33 35 | 01
#0992-d288 @A: 14 35 20 16 | 07
#0993-d288 @A: 27 35 30 11 | 10
#0994-d288 @A: 27 22 02 35 | 05
#0995-d288 @A: 06 02 31 35 | 02
#0996-d288 @A: 35 31 24 01 | 04
#0997-d288 @A: 33 31 35 14 | 09
#0998-d288 @A: 35 31 18 21 | 08
#0999-d288 @A: 09 35 02 12 | 03
#1000-d288 @A: 24 12 03 35 | 12
#1001-d288 @A: 30 35 12 14 | 11
#1002-d288 @A: 05 35 10 20 | 06
#1003-d288 @A: 21 26 35 24 | 01
#1004-d288 @A: 35 03 18 02 | 07
#1005-d288 @A: 09 14 24 35 | 10
#1006-d288 @A: 35 28 24 18 | 05
#1007-d288 @A: 35 14 18 34 | 02
#1008-d288 @A: 18 20 08 35 | 04
#1009-d288 @A: 04 10 35 25 | 09
#1010-d288 @A: 21 35 22 10 | 08
#1011-d288 @A: 35 20 30 21 | 03
#1012-d288 @A: 28 35 30 33 | 12
#1013-d288 @A: 23 32 30 17 | 11
#1014-d288 @A: 17 05 32 04 | 06
#1015-d288 @A: 31 16 32 15 | 01
#1016-d288 @A: 11 30 32 12 | 07
#1017-d288 @A: 15 05 32 25 | 10
#1018-d288 @A: 14 26 32 06 | 05
#1019-d288 @A: 34 32 04 26 | 02
#1020-d288 @A: 32 01 02 20 | 04
#1021-d288 @A: 30 24 32 14 | 09
#1022-d288 @A: 25 32 08 14 | 08
#1023-d288 @A: 33 10 32 25 | 03
#1024-d288 @A: 32 33 19 09 | 12
#1025-d288 @A: 08 10 16 17 | 11
#1026-d288 @A: 31 30 27 17 | 06
#1027-d288 @A: 28 17 26 31 | 01
#1028-d288 @A: 07 05 17 09 | 07
#1029-d288 @A: 11 04 24 17 | 10
#1030-d288 @A: 24 17 15 01 | 05
#1031-d288 @A: 17 10 15 34 | 02
#1032-d288 @A: 07 03 17 08 | 04
#1033-d288 @A: 21 08 17 33 | 09
#1034-d288 @A: 22 25 17 33 | 08
#1035-d288 @A: 16 33 11 31 | 03
#1036-d288 @A: 23 16 34 08 | 12
#1037-d288 @A: 16 15 29 12 | 11
#1038-d288 @A: 12 13 07 16 | 06
#1039-d288 @A: 12 16 19 21 | 01
#1040-d288 @A: 11 05 06 16 | 07
#1041-d288 @A: 24 02 16 13 | 10
#1042-d288 @A: 08 16 33 15 | 05
#1043-d288 @A: 25 15 16 03 | 02
#1044-d288 @A: 16 06 20 19 | 04
#1045-d288 @A: 10 22 16 30 | 09
#1046-d288 @A: 20 28 13 16 | 08
#1047-d288 @A: 23 28 27 33 | 03
#1048-d288 @A: 10 27 11 22 | 12
#1049-d288 @A: 25 04 02 27 | 11
#1050-d288 @A: 30 10 07 27 | 06
#1051-d288 @A: 27 03 20 34 | 01
#1052-d288 @A: 21 27 33 30 | 07
#1053-d288 @A: 13 27 30 28 | 10
#1054-d288 @A: 31 23 13 14 | 05
#1055-d288 @A: 23 20 06 31 | 02
#1056-d288 @A: 21 11 31 08 | 04
#1057-d288 @A: 01 26 31 14 | 09
#1058-d288 @A: 15 25 14 31 | 08
#1059-d288 @A: 20 34 31 14 | 03
#1060-d288 @A: 04 31 08 10 | 12
#1061-d288 @A: 31 25 10 29 | 11
#1062-d288 @A: 11 23 24 30 | 06
#1063-d288 @A: 15 33 18 23 | 01
#1064-d288 @A: 10 09 23 04 | 07
#1065-d288 @A: 10 20 13 23 | 10
#1066-d288 @A: 05 12 34 06 | 05
#1067-d288 @A: 12 33 24 18 | 02
#1068-d288 @A: 08 03 01 12 | 04
#1069-d288 @A: 12 25 03 29 | 09
#1070-d288 @A: 25 28 12 22 | 08
#1071-d288 @A: 30 09 05 11 | 03
#1072-d288 @A: 05 26 28 02 | 12
#1073-d288 @A: 05 30 26 29 | 11
#1074-d288 @A: 26 01 05 22 | 06
#1075-d288 @A: 05 02 04 09 | 01
#1076-d288 @A: 05 04 06 33 | 07
#1077-d288 @A: 22 05 21 20 | 10
#1078-d288 @A: 08 14 11 01 | 05
#1079-d288 @A: 19 33 11 06 | 02
#1080-d288 @A: 29 01 11 04 | 04
#1081-d288 @A: 10 04 11 20 | 09
#1082-d288 @A: 33 04 09 11 | 08
#1083-d288 @A: 29 25 13 11 | 03
#1084-d288 @A: 02 13 26 08 | 12
#1085-d288 @A: 06 28 01 26 | 11
#1086-d288 @A: 19 15 02 22 | 06
#1087-d288 @A: 07 24 22 02 | 01
#1088-d288 @A: 18 02 08 33 | 07
#1089-d288 @A: 02 03 19 06 | 10
#1090-d288 @A: 10 29 21 02 | 05
#1091-d288 @A: 20 21 02 19 | 02
#1092-d288 @A: 04 14 06 15 | 04
#1093-d288 @A: 08 22 15 07 | 09
#1094-d288 @A: 13 15 03 33 | 08
#1095-d288 @A: 22 15 30 04 | 03
#1096-d288 @A: 09 01 13 15 | 12
#1097-d288 @A: 01 14 33 24 | 11
#1098-d288 @A: 10 24 06 03 | 06
#1099-d288 @A: 24 03 34 25 | 01
#1100-d288 @A: 20 21 03 24 | 07
#1101-d288 @A: 25 24 28 10 | 10
#1102-d288 @A: 21 33 34 24 | 05
#1103-d288 @A: 09 24 13 30 | 02
#1104-d288 @A: 07 33 29 14 | 04
#1105-d288 @A: 06 09 14 20 | 09
#1106-d288 @A: 03 14 34 09 | 08
#1107-d288 @A: 22 04 14 33 | 03
#1108-d288 @A: 14 29 22 19 | 12
#1109-d288 @A: 25 13 34 14 | 11
#1110-d288 @A: 30 03 10 08 | 06
#1111-d288 @A: 34 10 09 08 | 01
#1112-d288 @A: 30 20 09 08 | 07
#1113-d288 @A: 18 04 20 03 | 10
#1114-d288 @A: 18 34 21 19 | 05
#1115-d288 @A: 33 30 07 06 | 02
#1116-d288 @A: 07 03 21 22 | 04
#1117-d288 @A: 07 30 04 21 | 09
#1118-d288 @A: 07 29 34 09 | 08
#1119-d288 @A: 10 07 01 25 | 03
#1120-d288 @A: 19 16 35 32 | 12
#1121-d288 @A: 20 32 12 35 | 11
#1122-d288 @A: 32 29 35 25 | 06
#1123-d288 @A: 35 31 17 29 | 01
#1124-d288 @A: 12 35 23 17 | 07
#1125-d288 @A: 35 17 26 15 | 10
#1126-d288 @A: 34 17 35 33 | 05
#1127-d288 @A: 12 35 16 04 | 02
#1128-d288 @A: 11 35 16 09 | 04
#1129-d288 @A: 16 29 35 02 | 09
#1130-d288 @A: 24 06 16 35 | 08
#1131-d288 @A: 10 12 15 35 | 03
#1132-d288 @A: 21 12 08 35 | 12
#1133-d288 @A: 12 18 35 13 | 11
#1134-d288 @A: 05 07 18 35 | 06
#1135-d288 @A: 35 30 05 22 | 01
#1136-d288 @A: 08 26 09 35 | 07
#1137-d288 @A: 07 26 10 35 | 10
#1138-d288 @A: 25 33 35 02 | 05
#1139-d288 @A: 04 14 19 35 | 02
#1140-d288 @A: 35 10 06 30 | 04
#1141-d288 @A: 35 03 20 13 | 09
#1142-d288 @A: 21 04 35 33 | 08
#1143-d288 @A: 34 19 35 25 | 03
#1144-d288 @A: 19 35 13 21 | 12
#1145-d288 @A: 35 01 19 30 | 11
#1146-d288 @A: 35 13 09 34 | 06
#1147-d288 @A: 32 20 17 11 | 01
#1148-d288 @A: 17 34 22 32 | 07
#1149-d288 @A: 24 16 28 32 | 10
#1150-d288 @A: 23 27 25 32 | 05
#1151-d288 @A: 03 32 08 31 | 02
#1152-d288 @A: 18 31 34 32 | 04
#1153-d288 @A: 23 01 32 24 | 09
#1154-d288 @A: 09 32 22 23 | 08
#1155-d288 @A: 01 11 32 07 | 03
#1156-d288 @A: 02 32 15 06 | 12
#1157-d288 @A: 03 21 32 25 | 11
#1158-d288 @A: 17 27 26 09 | 06
#1159-d288 @A: 02 17 28 27 | 01
#1160-d288 @A: 20 23 14 17 | 07
#1161-d288 @A: 05 33 12 17 | 10
#1162-d288 @A: 17 09 28 12 | 05
#1163-d288 @A: 05 06 17 26 | 02
#1164-d288 @A: 01 02 11 17 | 04
#1165-d288 @A: 03 26 10 17 | 09
#1166-d288 @A: 17 15 33 14 | 08
#1167-d288 @A: 17 15 20 08 | 03
#1168-d288 @A: 21 17 15 09 | 12
#1169-d288 @A: 25 10 17 06 | 11
#1170-d288 @A: 03 17 30 19 | 06
#1171-d288 @A: 17 30 20 29 | 01
#1172-d288 @A: 20 17 21 25 | 07
#1173-d288 @A: 18 16 31 20 | 10
#1174-d288 @A: 07 16 23 30 | 05
#1175-d288 @A: 16 30 34 05 | 02
#1176-d288 @A: 11 18 16 10 | 04
#1177-d288 @A: 26 16 13 14 | 09
#1178-d288 @A: 16 15 06 34 | 08
#1179-d288 @A: 09 16 34 18 | 03
#1180-d288 @A: 29 22 20 16 | 12
#1181-d288 @A: 21 10 16 28 | 11
#1182-d288 @A: 13 16 33 34 | 06
#1183-d288 @A: 27 14 31 02 | 01
#1184-d288 @A: 05 23 24 27 | 07
#1185-d288 @A: 23 07 06 27 | 10
#1186-d288 @A: 19 26 27 05 | 05
#1187-d288 @A: 27 34 05 01 | 02
#1188-d288 @A: 26 04 27 07 | 04
#1189-d288 @A: 15 13 04 27 | 09
#1190-d288 @A: 07 09 14 27 | 08
#1191-d288 @A: 07 27 20 08 | 03
#1192-d288 @A: 03 28 10 27 | 12
#1193-d288 @A: 21 25 10 27 | 11
#1194-d288 @A: 01 22 27 33 | 06
#1195-d288 @A: 12 14 29 31 | 01
#1196-d288 @A: 05 22 31 11 | 07
#1197-d288 @A: 18 31 13 11 | 10
#1198-d288 @A: 34 31 30 15 | 05
#1199-d288 @A: 20 08 14 31 | 02
#1200-d288 @A: 29 22 08 31 | 04
#1201-d288 @A: 31 06 25 03 | 09
#1202-d288 @A: 20 03 31 29 | 08
#1203-d288 @A: 20 19 33 31 | 03
#1204-d288 @A: 31 28 20 22 | 12
#1205-d288 @A: 31 22 13 21 | 11
#1206-d288 @A: 14 12 23 01 | 06
#1207-d288 @A: 05 15 23 13 | 01
#1208-d288 @A: 23 05 09 08 | 07
#1209-d288 @A: 25 04 28 23 | 10
#1210-d288 @A: 23 22 21 04 | 05
#1211-d288 @A: 10 23 30 25 | 02
#1212-d288 @A: 30 19 23 20 | 04
#1213-d288 @A: 07 05 01 12 | 09
#1214-d288 @A: 12 04 11 26 | 08
#1215-d288 @A: 12 10 18 02 | 03
#1216-d288 @A: 18 15 12 34 | 12
#1217-d288 @A: 03 15 21 12 | 11
#1218-d288 @A: 09 04 12 14 | 06
#1219-d288 @A: 12 09 33 06 | 01
#1220-d288 @A: 20 29 12 10 | 07
#1221-d288 @A: 18 05 29 11 | 10
#1222-d288 @A: 08 34 02 05 | 05
#1223-d288 @A: 33 15 09 05 | 02
#1224-d288 @A: 24 18 34 05 | 04
#1225-d288 @A: 05 20 19 08 | 09
#1226-d288 @A: 22 05 19 04 | 08
#1227-d288 @A: 04 28 05 01 | 03
#1228-d288 @A: 11 02 29 14 | 12
#1229-d288 @A: 11 06 15 08 | 11
#1230-d288 @A: 11 29 03 15 | 06
#1231-d288 @A: 28 06 24 11 | 01
#1232-d288 @A: 11 33 08 07 | 07
#1233-d288 @A: 30 11 19 08 | 10
#1234-d288 @A: 07 11 34 33 | 05
#1235-d288 @A: 15 26 02 03 | 02
#1236-d288 @A: 02 30 26 07 | 04
#1237-d288 @A: 19 34 26 15 | 09
#1238-d288 @A: 10 18 24 26 | 08
#1239-d288 @A: 20 34 24 26 | 03
#1240-d288 @A: 22 26 10 13 | 12
#1241-d288 @A: 09 26 34 01 | 11
#1242-d288 @A: 14 04 02 07 | 06
#1243-d288 @A: 02 08 22 30 | 01
#1244-d288 @A: 02 20 25 22 | 07
#1245-d288 @A: 15 34 13 24 | 10
#1246-d288 @A: 14 15 03 34 | 05
#1247-d288 @A: 21 15 10 04 | 02
#1248-d288 @A: 19 14 24 28 | 04
#1249-d288 @A: 24 04 06 09 | 09
#1250-d288 @A: 19 06 24 30 | 08
#1251-d288 @A: 19 04 20 24 | 03
#1252-d288 @A: 19 13 33 24 | 12
#1253-d288 @A: 24 22 30 28 | 11
#1254-d288 @A: 24 28 13 01 | 06
#1255-d288 @A: 14 01 06 25 | 01
#1256-d288 @A: 04 28 14 34 | 07
#1257-d288 @A: 01 20 29 14 | 10
#1258-d288 @A: 21 01 09 14 | 05
#1259-d288 @A: 13 33 14 28 | 02
#1260-d288 @A: 03 08 06 21 | 04
#1261-d288 @A: 25 08 03 28 | 09
#1262-d288 @A: 04 30 08 28 | 08
#1263-d288 @A: 19 01 08 29 | 03
#1264-d288 @A: 08 22 25 10 | 12
#1265-d288 @A: 06 04 10 18 | 11
#1266-d288 @A: 06 30 25 18 | 06
#1267-d288 @A: 04 03 07 09 | 01
#1268-d288 @A: 07 22 13 29 | 07
#1269-d288 @A: 07 33 25 13 | 10
#1270-d288 @A: 01 13 34 03 | 05
#1271-d288 @A: 22 35 17 24 | 02
#1272-d288 @A: 30 16 08 35 | 04
#1273-d288 @A: 27 09 05 35 | 09
#1274-d288 @A: 03 31 11 35 | 08
#1275-d288 @A: 35 31 25 26 | 03
#1276-d288 @A: 35 05 12 28 | 12
#1277-d288 @A: 04 35 26 30 | 11
#1278-d288 @A: 08 24 13 35 | 06
#1279-d288 @A: 35 33 03 29 | 01
#1280-d288 @A: 13 25 09 35 | 07
#1281-d288 @A: 05 29 16 32 | 10
#1282-d288 @A: 02 29 27 32 | 05
#1283-d288 @A: 09 27 15 32 | 02
#1284-d288 @A: 31 09 32 12 | 04
#1285-d288 @A: 25 31 02 32 | 09
#1286-d288 @A: 10 32 31 20 | 08
#1287-d288 @A: 18 32 29 23 | 03
#1288-d288 @A: 14 03 12 32 | 12
#1289-d288 @A: 11 32 09 29 | 11
#1290-d288 @A: 24 03 15 32 | 06
#1291-d288 @A: 19 32 15 08 | 01
#1292-d288 @A: 15 07 13 32 | 07
#1293-d288 @A: 20 32 15 34 | 10
#1294-d288 @A: 18 14 32 09 | 05
#1295-d288 @A: 18 32 10 08 | 02
#1296-d288 @A: 29 06 33 32 | 04
#1297-d288 @A: 06 32 13 30 | 09
#1298-d288 @A: 22 19 32 20 | 08
#1299-d288 @A: 28 20 32 30 | 03
#1300-d288 @A: 11 25 17 31 | 12
#1301-d288 @A: 24 23 19 17 | 11
#1302-d288 @A: 28 17 18 23 | 06
#1303-d288 @A: 03 23 17 34 | 01
#1304-d288 @A: 20 17 18 02 | 07
#1305-d288 @A: 17 07 28 24 | 10
#1306-d288 @A: 14 10 17 28 | 05
#1307-d288 @A: 17 25 14 30 | 02
#1308-d288 @A: 22 17 07 04 | 04
#1309-d288 @A: 06 01 09 17 | 09
#1310-d288 @A: 33 20 04 17 | 08
#1311-d288 @A: 16 05 10 14 | 03
#1312-d288 @A: 05 20 16 07 | 12
#1313-d288 @A: 05 16 19 01 | 11
#1314-d288 @A: 16 26 07 22 | 06
#1315-d288 @A: 24 04 18 16 | 01
#1316-d288 @A: 16 01 08 18 | 07
#1317-d288 @A: 10 29 16 07 | 10
#1318-d288 @A: 16 28 03 29 | 05
#1319-d288 @A: 13 01 16 03 | 02
#1320-d288 @A: 31 29 27 26 | 04
#1321-d288 @A: 22 31 27 15 | 09
#1322-d288 @A: 29 15 27 23 | 08
#1323-d288 @A: 23 27 01 18 | 03
#1324-d288 @A: 02 12 03 27 | 12
#1325-d288 @A: 07 27 22 12 | 11
#1326-d288 @A: 15 05 21 27 | 06
#1327-d288 @A: 27 24 01 11 | 01
#1328-d288 @A: 33 08 26 27 | 07
#1329-d288 @A: 33 19 15 27 | 10
#1330-d288 @A: 19 06 14 27 | 05
#1331-d288 @A: 27 14 21 03 | 02
#1332-d288 @A: 08 27 34 06 | 04
#1333-d288 @A: 27 08 21 04 | 09
#1334-d288 @A: 27 33 20 10 | 08
#1335-d288 @A: 21 28 27 34 | 03
#1336-d288 @A: 34 05 31 23 | 12
#1337-d288 @A: 24 23 31 22 | 11
#1338-d288 @A: 31 12 11 28 | 06
#1339-d288 @A: 05 31 03 33 | 01
#1340-d288 @A: 31 15 24 10 | 07
#1341-d288 @A: 15 04 18 31 | 10
#1342-d288 @A: 31 30 14 03 | 05
#1343-d288 @A: 31 21 07 25 | 02
#1344-d288 @A: 34 31 07 25 | 04
#1345-d288 @A: 28 06 31 21 | 09
#1346-d288 @A: 31 25 28 13 | 08
#1347-d288 @A: 21 31 09 19 | 03
#1348-d288 @A: 15 25 23 12 | 12
#1349-d288 @A: 06 14 23 05 | 11
#1350-d288 @A: 05 29 23 20 | 06
#1351-d288 @A: 23 02 11 22 | 01
#1352-d288 @A: 01 15 02 23 | 07
#1353-d288 @A: 23 14 02 25 | 10
#1354-d288 @A: 07 23 03 02 | 05
#1355-d288 @A: 13 23 08 07 | 02
#1356-d288 @A: 23 28 06 03 | 04
#1357-d288 @A: 20 34 23 33 | 09
#1358-d288 @A: 23 13 30 22 | 08
#1359-d288 @A: 02 19 12 07 | 03
#1360-d288 @A: 14 18 12 19 | 12
#1361-d288 @A: 12 29 18 08 | 11
#1362-d288 @A: 34 01 07 12 | 06
#1363-d288 @A: 12 21 30 06 | 01
#1364-d288 @A: 12 21 04 25 | 07
#1365-d288 @A: 01 20 12 04 | 10
#1366-d288 @A: 33 12 29 01 | 05
#1367-d288 @A: 25 09 12 34 | 02
#1368-d288 @A: 12 22 21 01 | 04
#1369-d288 @A: 01 15 05 11 | 09
#1370-d288 @A: 05 29 19 02 | 08
#1371-d288 @A: 15 14 05 28 | 03
#1372-d288 @A: 24 05 14 25 | 12
#1373-d288 @A: 19 05 13 06 | 11
#1374-d288 @A: 05 13 20 33 | 06
#1375-d288 @A: 30 11 26 06 | 01
#1376-d288 @A: 11 07 28 14 | 07
#1377-d288 @A: 34 19 11 06 | 10
#1378-d288 @A: 11 19 21 04 | 05
#1379-d288 @A: 29 11 22 33 | 02
#1380-d288 @A: 06 26 22 02 | 04
#1381-d288 @A: 08 24 26 19 | 09
#1382-d288 @A: 14 03 04 26 | 08
#1383-d288 @A: 26 20 06 04 | 03
#1384-d288 @A: 26 19 03 25 | 12
#1385-d288 @A: 22 28 26 04 | 11
#1386-d288 @A: 24 18 25 02 | 06
#1387-d288 @A: 19 33 02 04 | 01
#1388-d288 @A: 09 33 29 02 | 07
#1389-d288 @A: 02 10 28 22 | 10
#1390-d288 @A: 02 25 28 19 | 05
#1391-d288 @A: 25 24 15 29 | 02
#1392-d288 @A: 19 25 15 10 | 04
#1393-d288 @A: 20 25 15 13 | 09
#1394-d288 @A: 08 20 28 24 | 08
#1395-d288 @A: 21 08 24 22 | 03
#1396-d288 @A: 25 03 24 04 | 12
#1397-d288 @A: 04 10 24 34 | 11
#1398-d288 @A: 29 03 14 06 | 06
#1399-d288 @A: 21 10 19 14 | 01
#1400-d288 @A: 06 08 30 29 | 07
#1401-d288 @A: 28 09 21 08 | 10
#1402-d288 @A: 33 18 01 07 | 05
#1403-d288 @A: 10 21 33 18 | 02
#1404-d288 @A: 34 28 13 18 | 04
#1405-d288 @A: 19 30 07 29 | 09
#1406-d288 @A: 28 34 20 07 | 08
#1407-d288 @A: 09 07 28 30 | 03
#1408-d288 @A: 13 34 29 04 | 12
#1409-d288 @A: 16 25 07 35 | 11
#1410-d288 @A: 35 16 21 34 | 06
#1411-d288 @A: 15 35 09 23 | 01
#1412-d288 @A: 07 35 12 29 | 07
#1413-d288 @A: 20 05 35 34 | 10
#1414-d288 @A: 22 11 35 08 | 05
#1415-d288 @A: 15 21 14 35 | 02
#1416-d288 @A: 19 35 08 33 | 04
#1417-d288 @A: 28 35 01 08 | 09
#1418-d288 @A: 07 06 03 35 | 08
#1419-d288 @A: 03 27 17 32 | 03
#1420-d288 @A: 27 32 30 05 | 12
#1421-d288 @A: 26 13 32 31 | 11
#1422-d288 @A: 06 32 05 07 | 06
#1423-d288 @A: 05 32 13 22 | 01
#1424-d288 @A: 32 33 11 13 | 07
#1425-d288 @A: 32 02 19 24 | 10
#1426-d288 @A: 34 24 29 32 | 05
#1427-d288 @A: 28 04 32 10 | 02
#1428-d288 @A: 28 21 32 13 | 04
#1429-d288 @A: 16 17 15 30 | 09
#1430-d288 @A: 29 17 04 16 | 08
#1431-d288 @A: 27 20 17 19 | 03
#1432-d288 @A: 10 23 17 07 | 12
#1433-d288 @A: 25 18 17 12 | 11
#1434-d288 @A: 12 17 13 03 | 06
#1435-d288 @A: 24 17 30 05 | 01
#1436-d288 @A: 05 08 17 22 | 07
#1437-d288 @A: 18 17 05 10 | 10
#1438-d288 @A: 17 11 09 08 | 05
#1439-d288 @A: 24 18 17 09 | 02
#1440-d288 @A: 18 30 17 08 | 04
#1441-d288 @A: 21 06 17 04 | 09
#1442-d288 @A: 13 29 19 17 | 08
#1443-d288 @A: 06 27 26 16 | 03
#1444-d288 @A: 16 02 30 27 | 12
#1445-d288 @A: 14 16 27 34 | 11
#1446-d288 @A: 11 25 23 16 | 06
#1447-d288 @A: 16 09 26 23 | 01
#1448-d288 @A: 16 03 08 23 | 07
#1449-d288 @A: 16 26 12 34 | 10
#1450-d288 @A: 21 24 05 16 | 05
#1451-d288 @A: 04 11 16 07 | 02
#1452-d288 @A: 24 25 08 16 | 04
#1453-d288 @A: 22 24 03 16 | 09
#1454-d288 @A: 16 09 20 24 | 08
#1455-d288 @A: 25 21 33 16 | 03
#1456-d288 @A: 27 23 31 09 | 12
#1457-d288 @A: 27 04 31 11 | 11
#1458-d288 @A: 31 01 07 27 | 06
#1459-d288 @A: 27 13 12 26 | 01
#1460-d288 @A: 27 12 30 18 | 07
#1461-d288 @A: 05 33 27 18 | 10
#1462-d288 @A: 11 27 08 29 | 05
#1463-d288 @A: 11 06 25 27 | 02
#1464-d288 @A: 10 34 27 07 | 04
#1465-d288 @A: 27 06 28 20 | 09
#1466-d288 @A: 33 27 29 04 | 08
#1467-d288 @A: 20 09 29 27 | 03
#1468-d288 @A: 27 25 34 33 | 12
#1469-d288 @A: 22 30 27 34 | 11
#1470-d288 @A: 01 31 23 11 | 06
#1471-d288 @A: 05 04 12 31 | 01
#1472-d288 @A: 05 31 02 21 | 07
#1473-d288 @A: 28 24 31 05 | 10
#1474-d288 @A: 31 11 10 26 | 05
#1475-d288 @A: 31 26 09 18 | 02
#1476-d288 @A: 18 07 08 31 | 04
#1477-d288 @A: 02 23 30 12 | 09
#1478-d288 @A: 08 20 23 12 | 08
#1479-d288 @A: 07 12 04 23 | 03
#1480-d288 @A: 23 18 05 04 | 12
#1481-d288 @A: 33 08 24 23 | 11
#1482-d288 @A: 23 18 34 22 | 06
#1483-d288 @A: 23 30 04 03 | 01
#1484-d288 @A: 01 04 23 19 | 07
#1485-d288 @A: 25 09 23 21 | 10
#1486-d288 @A: 05 22 12 15 | 05
#1487-d288 @A: 14 05 12 13 | 02
#1488-d288 @A: 12 29 11 19 | 04
#1489-d288 @A: 34 28 12 11 | 09
#1490-d288 @A: 26 24 28 12 | 08
#1491-d288 @A: 03 12 26 07 | 03
#1492-d288 @A: 28 15 06 12 | 12
#1493-d288 @A: 12 10 24 19 | 11
#1494-d288 @A: 07 06 14 12 | 06
#1495-d288 @A: 33 20 12 07 | 01
#1496-d288 @A: 09 12 25 20 | 07
#1497-d288 @A: 11 05 34 13 | 10
#1498-d288 @A: 26 14 09 05 | 05
#1499-d288 @A: 05 24 03 02 | 02
#1500-d288 @A: 05 15 34 25 | 04
#1501-d288 @A: 05 01 24 08 | 09
#1502-d288 @A: 21 28 07 05 | 08
#1503-d288 @A: 25 03 22 05 | 03
#1504-d288 @A: 14 02 34 11 | 12
#1505-d288 @A: 11 22 24 14 | 11
#1506-d288 @A: 11 06 04 03 | 06
#1507-d288 @A: 25 09 11 10 | 01
#1508-d288 @A: 20 13 09 11 | 07
#1509-d288 @A: 11 30 22 01 | 10
#1510-d288 @A: 09 34 28 11 | 05
#1511-d288 @A: 26 13 28 18 | 02
#1512-d288 @A: 09 06 26 25 | 04
#1513-d288 @A: 09 26 03 29 | 09
#1514-d288 @A: 21 03 28 26 | 08
#1515-d288 @A: 03 26 33 30 | 03
#1516-d288 @A: 26 09 21 04 | 12
#1517-d288 @A: 21 26 01 10 | 11
#1518-d288 @A: 19 26 22 30 | 06
#1519-d288 @A: 20 13 26 30 | 01
#1520-d288 @A: 15 02 25 08 | 07
#1521-d288 @A: 02 29 07 08 | 10
#1522-d288 @A: 02 04 34 18 | 05
#1523-d288 @A: 18 21 28 02 | 02
#1524-d288 @A: 02 06 28 09 | 04
#1525-d288 @A: 02 33 03 01 | 09
#1526-d288 @A: 10 13 30 02 | 08
#1527-d288 @A: 20 02 13 34 | 03
#1528-d288 @A: 28 01 02 30 | 12
#1529-d288 @A: 15 18 21 08 | 11
#1530-d288 @A: 15 01 33 04 | 06
#1531-d288 @A: 15 30 09 25 | 01
#1532-d288 @A: 21 28 15 30 | 07
#1533-d288 @A: 08 14 06 24 | 10
#1534-d288 @A: 34 30 24 25 | 05
#1535-d288 @A: 01 25 09 24 | 02
#1536-d288 @A: 04 08 18 14 | 04
#1537-d288 @A: 06 28 14 30 | 09
#1538-d288 @A: 33 14 19 03 | 08
#1539-d288 @A: 22 28 06 08 | 03
#1540-d288 @A: 08 25 33 30 | 12
#1541-d288 @A: 19 29 06 18 | 11
#1542-d288 @A: 13 18 03 29 | 06
#1543-d288 @A: 25 03 10 18 | 01
#1544-d288 @A: 09 04 30 18 | 07
#1545-d288 @A: 18 33 13 30 | 10
#1546-d288 @A: 07 19 22 06 | 05
#1547-d288 @A: 13 07 01 06 | 02
#1548-d288 @A: 07 25 20 03 | 04
#1549-d288 @A: 34 06 20 04 | 09
#1550-d288 @A: 33 34 06 10 | 08
#1551-d288 @A: 29 34 13 30 | 03
#1552-d288 @A: 19 18 17 35 | 12
#1553-d288 @A: 35 31 04 28 | 11
#1554-d288 @A: 34 35 01 31 | 06
#1555-d288 @A: 35 26 23 06 | 01
#1556-d288 @A: 34 11 29 35 | 07
#1557-d288 @A: 07 33 15 35 | 10
#1558-d288 @A: 22 28 15 35 | 05
#1559-d288 @A: 14 35 13 07 | 02
#1560-d288 @A: 04 08 07 35 | 04
#1561-d288 @A: 08 32 12 16 | 09
#1562-d288 @A: 32 10 16 02 | 08
#1563-d288 @A: 32 16 14 01 | 03
#1564-d288 @A: 27 32 18 20 | 12
#1565-d288 @A: 23 31 19 32 | 11
#1566-d288 @A: 34 23 32 06 | 06
#1567-d288 @A: 15 32 26 20 | 01
#1568-d288 @A: 24 09 26 32 | 07
#1569-d288 @A: 02 03 32 28 | 10
#1570-d288 @A: 03 07 32 19 | 05
#1571-d288 @A: 10 01 32 06 | 02
#1572-d288 @A: 03 01 32 30 | 04
#1573-d288 @A: 32 30 04 19 | 09
#1574-d288 @A: 22 28 32 29 | 08
#1575-d288 @A: 17 14 11 16 | 03
#1576-d288 @A: 16 13 17 25 | 12
#1577-d288 @A: 27 17 15 11 | 11
#1578-d288 @A: 23 17 31 04 | 06
#1579-d288 @A: 15 17 31 02 | 01
#1580-d288 @A: 03 23 17 05 | 07
#1581-d288 @A: 11 21 17 23 | 10
#1582-d288 @A: 17 06 19 12 | 05
#1583-d288 @A: 17 21 05 14 | 02
#1584-d288 @A: 13 26 17 24 | 04
#1585-d288 @A: 07 17 01 14 | 09
#1586-d288 @A: 01 18 04 17 | 08
#1587-d288 @A: 28 04 17 03 | 03
#1588-d288 @A: 09 03 17 20 | 12
#1589-d288 @A: 34 28 25 17 | 11
#1590-d288 @A: 16 27 15 10 | 06
#1591-d288 @A: 31 12 30 16 | 01
#1592-d288 @A: 05 12 16 23 | 07
#1593-d288 @A: 19 23 16 14 | 10
#1594-d288 @A: 16 05 25 02 | 05
#1595-d288 @A: 24 16 34 22 | 02
#1596-d288 @A: 07 34 04 16 | 04
#1597-d288 @A: 06 10 13 16 | 09
#1598-d288 @A: 04 22 16 01 | 08
#1599-d288 @A: 10 16 25 20 | 03
#1600-d288 @A: 16 34 19 28 | 12
#1601-d288 @A: 19 30 16 33 | 11
#1602-d288 @A: 02 10 27 23 | 06
#1603-d288 @A: 21 20 23 27 | 01
#1604-d288 @A: 15 18 28 27 | 07
#1605-d288 @A: 10 24 14 27 | 10
#1606-d288 @A: 14 27 25 28 | 05
#1607-d288 @A: 27 06 03 01 | 02
#1608-d288 @A: 29 22 27 30 | 04
#1609-d288 @A: 27 25 19 30 | 09
#1610-d288 @A: 28 22 27 19 | 08
#1611-d288 @A: 01 20 30 27 | 03
#1612-d288 @A: 18 23 31 10 | 12
#1613-d288 @A: 31 26 12 20 | 11
#1614-d288 @A: 19 11 31 02 | 06
#1615-d288 @A: 11 09 15 31 | 01
#1616-d288 @A: 22 02 18 31 | 07
#1617-d288 @A: 14 28 18 31 | 10
#1618-d288 @A: 18 25 19 31 | 05
#1619-d288 @A: 06 19 31 04 | 02
#1620-d288 @A: 13 03 19 31 | 04
#1621-d288 @A: 04 09 31 29 | 09
#1622-d288 @A: 22 19 31 01 | 08
#1623-d288 @A: 01 09 20 31 | 03
#1624-d288 @A: 21 30 01 31 | 12
#1625-d288 @A: 23 26 11 20 | 11
#1626-d288 @A: 14 26 23 28 | 06
#1627-d288 @A: 09 23 20 02 | 01
#1628-d288 @A: 24 06 23 15 | 07
#1629-d288 @A: 04 23 14 24 | 10
#1630-d288 @A: 18 24 20 23 | 05
#1631-d288 @A: 13 23 06 21 | 02
#1632-d288 @A: 29 10 03 23 | 04
#1633-d288 @A: 13 29 04 23 | 09
#1634-d288 @A: 30 21 23 29 | 08
#1635-d288 @A: 13 23 28 09 | 03
#1636-d288 @A: 05 08 30 12 | 12
#1637-d288 @A: 02 11 25 12 | 11
#1638-d288 @A: 10 12 11 08 | 06
#1639-d288 @A: 12 09 07 11 | 01
#1640-d288 @A: 12 02 29 26 | 07
#1641-d288 @A: 26 12 14 21 | 10
#1642-d288 @A: 15 20 30 12 | 05
#1643-d288 @A: 12 09 08 24 | 02
#1644-d288 @A: 10 33 28 12 | 04
#1645-d288 @A: 33 26 05 07 | 09
#1646-d288 @A: 13 24 05 29 | 08
#1647-d288 @A: 33 25 05 29 | 03
#1648-d288 @A: 01 05 33 21 | 12
#1649-d288 @A: 33 18 26 11 | 11
#1650-d288 @A: 07 26 11 21 | 06
#1651-d288 @A: 13 03 11 10 | 01
#1652-d288 @A: 20 19 03 11 | 07
#1653-d288 @A: 10 11 33 01 | 10
#1654-d288 @A: 29 15 26 07 | 05
#1655-d288 @A: 24 29 26 14 | 02
#1656-d288 @A: 34 08 14 26 | 04
#1657-d288 @A: 21 26 08 30 | 09
#1658-d288 @A: 34 10 25 26 | 08
#1659-d288 @A: 20 19 10 26 | 03
#1660-d288 @A: 02 09 07 15 | 12
#1661-d288 @A: 20 14 02 24 | 11
#1662-d288 @A: 14 02 08 21 | 06
#1663-d288 @A: 18 02 14 06 | 01
#1664-d288 @A: 13 07 28 02 | 07
#1665-d288 @A: 02 04 28 29 | 10
#1666-d288 @A: 25 01 13 02 | 05
#1667-d288 @A: 33 21 02 22 | 02
#1668-d288 @A: 24 15 18 13 | 04
#1669-d288 @A: 14 01 15 18 | 09
#1670-d288 @A: 15 01 10 20 | 08
#1671-d288 @A: 15 33 09 34 | 03
#1672-d288 @A: 14 24 07 18 | 12
#1673-d288 @A: 24 21 04 28 | 11
#1674-d288 @A: 33 10 24 22 | 06
#1675-d288 @A: 24 30 25 21 | 01
#1676-d288 @A: 24 22 01 20 | 07
#1677-d288 @A: 13 01 14 19 | 10
#1678-d288 @A: 22 21 14 28 | 05
#1679-d288 @A: 06 09 07 08 | 02
#1680-d288 @A: 06 13 25 08 | 04
#1681-d288 @A: 06 20 08 33 | 09
#1682-d288 @A: 08 03 19 09 | 08
#1683-d288 @A: 29 25 08 04 | 03
#1684-d288 @A: 13 08 34 22 | 12
#1685-d288 @A: 01 13 30 08 | 11
#1686-d288 @A: 07 28 18 03 | 06
#1687-d288 @A: 18 06 01 22 | 01
#1688-d288 @A: 21 18 13 04 | 07
#1689-d288 @A: 30 03 34 19 | 10
