#0001-d299 @A: 14 08 22 01 | 06
#0002-d299 @A: 22 33 09 08 | 10
#0003-d299 @A: 21 01 22 28 | 03
#0004-d299 @A: 15 30 21 22 | 09
#0005-d299 @A: 22 24 12 05 | 11
#0006-d299 @A: 35 27 22 30 | 08
#0007-d299 @A: 35 22 09 34 | 02
#0008-d299 @A: 24 22 14 10 | 12
#0009-d299 @A: 05 22 14 30 | 01
#0010-d299 @A: 31 07 27 22 | 07
#0011-d299 @A: 23 07 03 22 | 05
#0012-d299 @A: 06 22 32 07 | 04
#0013-d299 @A: 07 22 24 20 | 06
#0014-d299 @A: 07 08 10 04 | 10
#0015-d299 @A: 34 09 08 04 | 03
#0016-d299 @A: 25 34 15 08 | 09
#0017-d299 @A: 26 25 08 16 | 11
#0018-d299 @A: 19 35 07 08 | 08
#0019-d299 @A: 35 03 05 08 | 02
#0020-d299 @A: 08 19 01 29 | 12
#0021-d299 @A: 30 27 08 19 | 01
#0022-d299 @A: 05 18 08 24 | 07
#0023-d299 @A: 14 08 06 27 | 05
#0024-d299 @A: 08 13 11 15 | 04
#0025-d299 @A: 34 29 23 08 | 06
#0026-d299 @A: 28 26 33 08 | 10
#0027-d299 @A: 07 03 08 09 | 03
#0028-d299 @A: 08 24 30 07 | 09
#0029-d299 @A: 21 11 04 02 | 11
#0030-d299 @A: 04 02 28 14 | 08
#0031-d299 @A: 12 29 19 04 | 02
#0032-d299 @A: 12 03 01 04 | 12
#0033-d299 @A: 12 26 05 04 | 01
#0034-d299 @A: 04 14 27 35 | 07
#0035-d299 @A: 04 35 05 30 | 05
#0036-d299 @A: 11 01 04 09 | 04
#0037-d299 @A: 26 28 04 10 | 06
#0038-d299 @A: 03 10 20 04 | 10
#0039-d299 @A: 04 30 13 29 | 03
#0040-d299 @A: 04 24 13 32 | 09
#0041-d299 @A: 04 15 16 06 | 11
#0042-d299 @A: 24 04 20 31 | 08
#0043-d299 @A: 29 21 14 25 | 02
#0044-d299 @A: 31 12 21 14 | 12
#0045-d299 @A: 35 21 31 10 | 01
#0046-d299 @A: 21 01 18 07 | 07
#0047-d299 @A: 10 09 01 21 | 05
#0048-d299 @A: 30 21 27 05 | 04
#0049-d299 @A: 34 06 21 15 | 06
#0050-d299 @A: 21 26 23 09 | 10
#0051-d299 @A: 06 20 21 23 | 03
#0052-d299 @A: 21 29 30 33 | 09
#0053-d299 @A: 26 29 07 21 | 11
#0054-d299 @A: 28 21 30 26 | 08
#0055-d299 @A: 20 32 21 26 | 02
#0056-d299 @A: 02 15 25 14 | 12
#0057-d299 @A: 12 02 34 24 | 01
#0058-d299 @A: 09 01 02 35 | 07
#0059-d299 @A: 02 15 35 13 | 05
#0060-d299 @A: 02 19 18 16 | 04
#0061-d299 @A: 02 30 19 17 | 06
#0062-d299 @A: 11 02 15 18 | 10
#0063-d299 @A: 05 18 34 02 | 03
#0064-d299 @A: 03 02 23 18 | 09
#0065-d299 @A: 17 02 01 24 | 11
#0066-d299 @A: 02 28 11 06 | 08
#0067-d299 @A: 27 02 20 10 | 02
#0068-d299 @A: 23 07 02 10 | 12
#0069-d299 @A: 20 02 23 33 | 01
#0070-d299 @A: 02 16 29 15 | 07
#0071-d299 @A: 02 15 20 32 | 05
#0072-d299 @A: 34 25 26 12 | 04
#0073-d299 @A: 35 19 33 25 | 06
#0074-d299 @A: 14 35 09 25 | 10
#0075-d299 @A: 18 26 01 25 | 03
#0076-d299 @A: 33 25 14 20 | 09
#0077-d299 @A: 17 09 25 13 | 11
#0078-d299 @A: 27 15 11 25 | 08
#0079-d299 @A: 25 29 03 23 | 02
#0080-d299 @A: 25 23 32 20 | 12
#0081-d299 @A: 01 35 32 12 | 01
#0082-d299 @A: 18 20 12 11 | 07
#0083-d299 @A: 12 01 24 13 | 05
#0084-d299 @A: 12 14 03 10 | 04
#0085-d299 @A: 34 12 14 09 | 06
#0086-d299 @A: 17 27 20 12 | 10
#0087-d299 @A: 05 12 27 09 | 03
#0088-d299 @A: 23 07 06 12 | 09
#0089-d299 @A: 06 24 12 29 | 11
#0090-d299 @A: 31 03 12 16 | 08
#0091-d299 @A: 19 16 14 35 | 02
#0092-d299 @A: 07 18 13 35 | 12
#0093-d299 @A: 11 06 27 35 | 01
#0094-d299 @A: 09 23 35 33 | 07
#0095-d299 @A: 32 26 33 35 | 05
#0096-d299 @A: 18 15 19 09 | 04
#0097-d299 @A: 14 19 20 17 | 06
#0098-d299 @A: 26 14 19 05 | 10
#0099-d299 @A: 19 16 27 07 | 03
#0100-d299 @A: 34 19 30 03 | 09
#0101-d299 @A: 24 19 16 29 | 11
#0102-d299 @A: 31 26 07 19 | 08
#0103-d299 @A: 18 17 03 31 | 02
#0104-d299 @A: 15 07 18 23 | 12
#0105-d299 @A: 29 30 18 20 | 01
#0106-d299 @A: 13 31 32 18 | 07
#0107-d299 @A: 18 16 20 31 | 05
#0108-d299 @A: 06 05 09 01 | 04
#0109-d299 @A: 30 01 24 26 | 06
#0110-d299 @A: 03 01 28 31 | 10
#0111-d299 @A: 14 13 17 34 | 03
#0112-d299 @A: 06 14 05 17 | 09
#0113-d299 @A: 05 14 32 11 | 11
#0114-d299 @A: 10 14 34 23 | 08
#0115-d299 @A: 33 14 15 34 | 02
#0116-d299 @A: 14 15 06 23 | 12
#0117-d299 @A: 20 14 03 13 | 01
#0118-d299 @A: 14 09 03 24 | 07
#0119-d299 @A: 32 10 17 09 | 05
#0120-d299 @A: 31 09 29 17 | 04
#0121-d299 @A: 17 28 24 13 | 06
#0122-d299 @A: 06 03 17 20 | 10
#0123-d299 @A: 32 17 31 16 | 03
#0124-d299 @A: 32 13 33 11 | 09
#0125-d299 @A: 07 33 16 11 | 11
#0126-d299 @A: 15 20 03 11 | 08
#0127-d299 @A: 27 07 10 05 | 02
#0128-d299 @A: 10 09 30 16 | 12
#0129-d299 @A: 10 16 32 20 | 01
#0130-d299 @A: 23 05 06 27 | 07
#0131-d299 @A: 15 27 06 26 | 05
#0132-d299 @A: 23 34 26 33 | 04
#0133-d299 @A: 24 34 13 06 | 06
#0134-d299 @A: 28 32 06 34 | 10
#0135-d299 @A: 13 16 23 05 | 03
#0136-d299 @A: 05 23 31 20 | 09
#0137-d299 @A: 29 05 16 03 | 11
#0138-d299 @A: 30 24 05 16 | 08
#0139-d299 @A: 31 26 15 23 | 02
#0140-d299 @A: 16 15 30 13 | 12
#0141-d299 @A: 31 08 22 34 | 01
#0142-d299 @A: 15 22 29 08 | 07
#0143-d299 @A: 04 30 02 22 | 05
#0144-d299 @A: 04 17 22 01 | 04
#0145-d299 @A: 04 14 33 22 | 06
#0146-d299 @A: 31 19 21 22 | 10
#0147-d299 @A: 26 02 27 22 | 03
#0148-d299 @A: 02 03 16 22 | 09
#0149-d299 @A: 32 25 35 22 | 11
#0150-d299 @A: 01 22 23 12 | 08
#0151-d299 @A: 22 10 13 19 | 02
#0152-d299 @A: 24 22 18 34 | 12
#0153-d299 @A: 14 26 22 07 | 01
#0154-d299 @A: 24 26 22 29 | 07
#0155-d299 @A: 22 20 30 16 | 05
#0156-d299 @A: 08 21 31 02 | 04
#0157-d299 @A: 25 10 18 08 | 06
#0158-d299 @A: 05 08 33 25 | 10
#0159-d299 @A: 08 12 32 06 | 03
#0160-d299 @A: 28 12 15 08 | 09
#0161-d299 @A: 08 11 19 31 | 11
#0162-d299 @A: 18 08 34 03 | 08
#0163-d299 @A: 05 08 01 28 | 02
#0164-d299 @A: 17 08 14 23 | 12
#0165-d299 @A: 32 17 34 08 | 01
#0166-d299 @A: 31 08 29 16 | 07
#0167-d299 @A: 08 06 33 16 | 05
#0168-d299 @A: 13 08 26 07 | 04
#0169-d299 @A: 28 13 08 32 | 06
#0170-d299 @A: 09 08 26 15 | 10
#0171-d299 @A: 12 04 25 33 | 03
#0172-d299 @A: 31 04 34 25 | 09
#0173-d299 @A: 04 31 06 12 | 11
#0174-d299 @A: 35 09 29 04 | 08
#0175-d299 @A: 33 04 18 11 | 02
#0176-d299 @A: 18 28 04 20 | 12
#0177-d299 @A: 16 27 04 17 | 01
#0178-d299 @A: 06 04 34 11 | 07
#0179-d299 @A: 29 04 27 05 | 05
#0180-d299 @A: 15 03 28 04 | 04
#0181-d299 @A: 28 07 31 04 | 06
#0182-d299 @A: 02 26 17 21 | 10
#0183-d299 @A: 21 19 25 06 | 03
#0184-d299 @A: 35 21 12 19 | 09
#0185-d299 @A: 06 12 01 21 | 11
#0186-d299 @A: 12 21 23 34 | 08
#0187-d299 @A: 21 05 20 12 | 02
#0188-d299 @A: 30 35 07 21 | 12
#0189-d299 @A: 21 10 26 19 | 01
#0190-d299 @A: 21 18 32 17 | 07
#0191-d299 @A: 21 34 18 26 | 05
#0192-d299 @A: 27 01 21 13 | 04
#0193-d299 @A: 34 21 24 27 | 06
#0194-d299 @A: 21 13 29 28 | 10
#0195-d299 @A: 06 21 09 13 | 03
#0196-d299 @A: 21 24 06 26 | 09
#0197-d299 @A: 19 02 01 07 | 11
#0198-d299 @A: 19 31 34 02 | 08
#0199-d299 @A: 14 09 18 02 | 02
#0200-d299 @A: 16 17 14 02 | 12
#0201-d299 @A: 34 17 02 28 | 01
#0202-d299 @A: 29 02 05 11 | 07
#0203-d299 @A: 02 29 10 30 | 05
#0204-d299 @A: 02 26 34 13 | 04
#0205-d299 @A: 16 06 13 02 | 06
#0206-d299 @A: 20 02 16 24 | 10
#0207-d299 @A: 02 09 20 28 | 03
#0208-d299 @A: 18 25 35 28 | 09
#0209-d299 @A: 25 03 11 35 | 11
#0210-d299 @A: 05 13 19 25 | 08
#0211-d299 @A: 25 18 20 05 | 02
#0212-d299 @A: 32 14 25 34 | 12
#0213-d299 @A: 05 09 25 11 | 01
#0214-d299 @A: 16 25 15 10 | 07
#0215-d299 @A: 05 27 25 34 | 05
#0216-d299 @A: 33 25 26 27 | 04
#0217-d299 @A: 28 25 30 23 | 06
#0218-d299 @A: 25 28 26 24 | 10
#0219-d299 @A: 25 32 07 24 | 03
#0220-d299 @A: 18 31 12 35 | 09
#0221-d299 @A: 01 12 30 19 | 11
#0222-d299 @A: 05 19 12 32 | 08
#0223-d299 @A: 12 07 33 24 | 02
#0224-d299 @A: 03 13 12 15 | 12
#0225-d299 @A: 18 35 24 09 | 01
#0226-d299 @A: 33 35 03 30 | 07
#0227-d299 @A: 33 19 01 26 | 05
#0228-d299 @A: 17 19 34 07 | 04
#0229-d299 @A: 28 05 30 19 | 06
#0230-d299 @A: 07 09 19 23 | 10
#0231-d299 @A: 19 09 16 31 | 03
#0232-d299 @A: 18 01 14 06 | 09
#0233-d299 @A: 10 14 18 13 | 11
#0234-d299 @A: 18 14 15 10 | 08
#0235-d299 @A: 17 20 10 18 | 02
#0236-d299 @A: 17 18 34 16 | 12
#0237-d299 @A: 06 29 11 18 | 01
#0238-d299 @A: 26 09 18 29 | 07
#0239-d299 @A: 30 15 18 26 | 05
#0240-d299 @A: 32 24 20 18 | 04
#0241-d299 @A: 31 11 17 01 | 06
#0242-d299 @A: 15 11 16 01 | 10
#0243-d299 @A: 27 26 10 01 | 03
#0244-d299 @A: 01 34 10 20 | 09
#0245-d299 @A: 07 03 01 29 | 11
#0246-d299 @A: 30 29 28 01 | 08
#0247-d299 @A: 01 33 07 13 | 02
#0248-d299 @A: 09 01 33 24 | 12
#0249-d299 @A: 34 03 11 14 | 01
#0250-d299 @A: 13 11 14 23 | 07
#0251-d299 @A: 27 14 33 16 | 05
#0252-d299 @A: 23 03 14 30 | 04
#0253-d299 @A: 29 32 13 14 | 06
#0254-d299 @A: 06 07 14 09 | 10
#0255-d299 @A: 28 24 20 14 | 03
#0256-d299 @A: 11 17 33 27 | 09
#0257-d299 @A: 17 09 15 11 | 11
#0258-d299 @A: 17 15 33 30 | 08
#0259-d299 @A: 32 13 17 26 | 02
#0260-d299 @A: 11 28 29 31 | 12
#0261-d299 @A: 11 03 07 32 | 01
#0262-d299 @A: 06 11 24 03 | 07
#0263-d299 @A: 16 23 06 10 | 05
#0264-d299 @A: 07 31 29 10 | 04
#0265-d299 @A: 10 06 29 32 | 06
#0266-d299 @A: 03 09 33 10 | 10
#0267-d299 @A: 13 20 09 10 | 03
#0268-d299 @A: 23 27 20 13 | 09
#0269-d299 @A: 29 13 34 09 | 11
#0270-d299 @A: 34 03 26 29 | 08
#0271-d299 @A: 05 24 23 09 | 02
#0272-d299 @A: 05 20 13 07 | 12
#0273-d299 @A: 16 05 26 06 | 01
#0274-d299 @A: 05 07 16 28 | 07
#0275-d299 @A: 31 24 33 15 | 05
#0276-d299 @A: 22 16 08 35 | 04
#0277-d299 @A: 30 22 18 08 | 06
#0278-d299 @A: 22 35 04 12 | 10
#0279-d299 @A: 10 04 22 23 | 03
#0280-d299 @A: 27 03 04 22 | 09
#0281-d299 @A: 21 22 12 30 | 11
#0282-d299 @A: 33 22 35 21 | 08
#0283-d299 @A: 11 23 22 21 | 02
#0284-d299 @A: 25 05 22 06 | 12
#0285-d299 @A: 22 15 14 12 | 01
#0286-d299 @A: 35 13 22 05 | 07
#0287-d299 @A: 03 22 18 19 | 05
#0288-d299 @A: 11 22 18 31 | 04
#0289-d299 @A: 22 11 30 01 | 06
#0290-d299 @A: 17 34 03 22 | 10
#0291-d299 @A: 16 34 27 22 | 03
#0292-d299 @A: 29 05 22 23 | 09
#0293-d299 @A: 07 29 28 22 | 11
#0294-d299 @A: 08 29 02 04 | 08
#0295-d299 @A: 08 30 25 04 | 02
#0296-d299 @A: 04 13 35 08 | 12
#0297-d299 @A: 25 21 17 08 | 01
#0298-d299 @A: 35 02 23 08 | 07
#0299-d299 @A: 06 02 08 17 | 05
#0300-d299 @A: 08 02 33 11 | 04
#0301-d299 @A: 12 18 23 08 | 06
#0302-d299 @A: 12 01 27 08 | 10
#0303-d299 @A: 30 08 14 35 | 03
#0304-d299 @A: 08 13 05 11 | 09
#0305-d299 @A: 31 08 15 10 | 11
#0306-d299 @A: 08 09 23 20 | 08
#0307-d299 @A: 08 33 07 20 | 02
#0308-d299 @A: 03 08 26 31 | 12
#0309-d299 @A: 27 21 04 26 | 01
#0310-d299 @A: 01 28 04 25 | 07
#0311-d299 @A: 13 19 04 17 | 05
#0312-d299 @A: 15 10 19 04 | 04
#0313-d299 @A: 34 26 04 19 | 06
#0314-d299 @A: 06 19 04 05 | 10
#0315-d299 @A: 24 18 14 04 | 03
#0316-d299 @A: 29 04 34 17 | 09
#0317-d299 @A: 31 33 04 16 | 11
#0318-d299 @A: 25 13 21 12 | 08
#0319-d299 @A: 27 19 33 21 | 02
#0320-d299 @A: 14 33 21 17 | 12
#0321-d299 @A: 21 11 09 14 | 01
#0322-d299 @A: 21 14 06 10 | 07
#0323-d299 @A: 21 17 23 15 | 05
#0324-d299 @A: 15 13 29 21 | 04
#0325-d299 @A: 21 28 16 09 | 06
#0326-d299 @A: 19 11 12 02 | 10
#0327-d299 @A: 12 02 14 26 | 03
#0328-d299 @A: 35 02 05 32 | 09
#0329-d299 @A: 35 28 33 02 | 11
#0330-d299 @A: 02 10 24 19 | 08
#0331-d299 @A: 16 02 10 01 | 02
#0332-d299 @A: 06 14 34 02 | 12
#0333-d299 @A: 11 34 02 23 | 01
#0334-d299 @A: 10 02 34 09 | 07
#0335-d299 @A: 02 15 05 26 | 05
#0336-d299 @A: 29 02 24 23 | 04
#0337-d299 @A: 29 13 07 02 | 06
#0338-d299 @A: 20 13 32 02 | 10
#0339-d299 @A: 02 26 31 16 | 03
#0340-d299 @A: 07 02 03 20 | 09
#0341-d299 @A: 24 25 18 12 | 11
#0342-d299 @A: 16 25 01 35 | 08
#0343-d299 @A: 27 31 25 35 | 02
#0344-d299 @A: 34 25 06 01 | 12
#0345-d299 @A: 01 13 25 15 | 01
#0346-d299 @A: 13 25 11 34 | 07
#0347-d299 @A: 10 26 23 25 | 05
#0348-d299 @A: 03 05 25 15 | 04
#0349-d299 @A: 33 25 30 16 | 06
#0350-d299 @A: 24 25 03 31 | 10
#0351-d299 @A: 13 06 12 35 | 03
#0352-d299 @A: 26 12 19 24 | 09
#0353-d299 @A: 16 18 01 12 | 11
#0354-d299 @A: 29 05 12 14 | 08
#0355-d299 @A: 31 27 12 11 | 02
#0356-d299 @A: 32 12 34 10 | 12
#0357-d299 @A: 28 03 12 33 | 01
#0358-d299 @A: 30 32 33 12 | 07
#0359-d299 @A: 12 15 33 30 | 05
#0360-d299 @A: 13 12 07 31 | 04
#0361-d299 @A: 20 15 12 24 | 06
#0362-d299 @A: 15 35 23 19 | 10
#0363-d299 @A: 18 35 16 10 | 03
#0364-d299 @A: 27 23 35 01 | 09
#0365-d299 @A: 01 29 05 35 | 11
#0366-d299 @A: 35 28 14 10 | 08
#0367-d299 @A: 14 05 07 35 | 02
#0368-d299 @A: 30 15 10 35 | 12
#0369-d299 @A: 06 35 31 23 | 01
#0370-d299 @A: 32 35 07 29 | 07
#0371-d299 @A: 16 13 35 26 | 05
#0372-d299 @A: 09 16 07 35 | 04
#0373-d299 @A: 14 07 13 19 | 06
#0374-d299 @A: 28 19 03 23 | 10
#0375-d299 @A: 23 19 16 20 | 03
#0376-d299 @A: 28 19 29 09 | 09
#0377-d299 @A: 31 03 13 19 | 11
#0378-d299 @A: 19 26 03 09 | 08
#0379-d299 @A: 30 15 19 06 | 02
#0380-d299 @A: 01 34 15 18 | 12
#0381-d299 @A: 29 18 23 33 | 01
#0382-d299 @A: 24 18 16 23 | 07
#0383-d299 @A: 18 06 23 32 | 05
#0384-d299 @A: 16 18 07 29 | 04
#0385-d299 @A: 01 11 13 10 | 06
#0386-d299 @A: 01 27 11 07 | 10
#0387-d299 @A: 29 09 01 23 | 03
#0388-d299 @A: 06 03 23 01 | 09
#0389-d299 @A: 07 01 32 20 | 11
#0390-d299 @A: 06 28 01 07 | 08
#0391-d299 @A: 27 14 10 30 | 02
#0392-d299 @A: 07 20 14 10 | 12
#0393-d299 @A: 09 28 05 14 | 01
#0394-d299 @A: 07 29 23 14 | 07
#0395-d299 @A: 14 23 16 26 | 05
#0396-d299 @A: 15 29 14 26 | 04
#0397-d299 @A: 32 14 28 26 | 06
#0398-d299 @A: 10 24 17 34 | 10
#0399-d299 @A: 20 17 24 05 | 03
#0400-d299 @A: 11 05 34 10 | 09
#0401-d299 @A: 05 27 11 26 | 11
#0402-d299 @A: 31 32 11 26 | 08
#0403-d299 @A: 31 11 15 30 | 02
#0404-d299 @A: 11 24 09 28 | 12
#0405-d299 @A: 24 10 28 29 | 01
#0406-d299 @A: 06 03 10 31 | 07
#0407-d299 @A: 15 34 03 27 | 05
#0408-d299 @A: 33 27 07 15 | 04
#0409-d299 @A: 32 33 27 06 | 06
#0410-d299 @A: 13 30 27 09 | 10
#0411-d299 @A: 13 31 27 28 | 03
#0412-d299 @A: 06 20 27 16 | 09
#0413-d299 @A: 05 13 34 33 | 11
#0414-d299 @A: 06 34 05 03 | 08
#0415-d299 @A: 06 33 20 34 | 02
#0416-d299 @A: 13 28 34 20 | 12
#0417-d299 @A: 34 30 31 26 | 01
#0418-d299 @A: 30 05 31 07 | 07
#0419-d299 @A: 06 07 32 15 | 05
#0420-d299 @A: 22 11 02 13 | 04
#0421-d299 @A: 22 28 14 12 | 06
#0422-d299 @A: 12 03 22 11 | 10
#0423-d299 @A: 19 29 17 22 | 03
#0424-d299 @A: 22 18 01 10 | 09
#0425-d299 @A: 18 16 22 14 | 11
#0426-d299 @A: 13 28 18 22 | 08
#0427-d299 @A: 31 01 32 22 | 02
#0428-d299 @A: 11 22 14 20 | 12
#0429-d299 @A: 34 22 28 11 | 01
#0430-d299 @A: 28 22 27 15 | 07
#0431-d299 @A: 23 34 06 22 | 05
#0432-d299 @A: 33 22 29 32 | 04
#0433-d299 @A: 24 22 32 09 | 06
#0434-d299 @A: 21 08 33 01 | 10
#0435-d299 @A: 08 11 21 28 | 03
#0436-d299 @A: 08 02 01 26 | 09
#0437-d299 @A: 08 34 02 16 | 11
#0438-d299 @A: 08 01 09 25 | 08
#0439-d299 @A: 08 25 27 29 | 02
#0440-d299 @A: 18 08 11 27 | 12
#0441-d299 @A: 14 07 08 11 | 01
#0442-d299 @A: 17 08 15 16 | 07
#0443-d299 @A: 06 09 29 08 | 05
#0444-d299 @A: 32 25 04 21 | 04
#0445-d299 @A: 21 33 04 13 | 06
#0446-d299 @A: 21 03 04 09 | 10
#0447-d299 @A: 27 04 24 02 | 03
#0448-d299 @A: 04 34 28 12 | 09
#0449-d299 @A: 04 07 23 35 | 11
#0450-d299 @A: 04 18 06 27 | 08
#0451-d299 @A: 34 30 04 01 | 02
#0452-d299 @A: 04 14 34 16 | 12
#0453-d299 @A: 27 13 04 11 | 01
#0454-d299 @A: 27 20 04 15 | 07
#0455-d299 @A: 06 03 04 13 | 05
#0456-d299 @A: 09 04 30 20 | 04
#0457-d299 @A: 20 02 14 21 | 06
#0458-d299 @A: 24 21 28 02 | 10
#0459-d299 @A: 01 21 25 30 | 03
#0460-d299 @A: 03 12 21 18 | 09
#0461-d299 @A: 35 17 13 21 | 11
#0462-d299 @A: 21 29 03 17 | 08
#0463-d299 @A: 10 21 23 32 | 02
#0464-d299 @A: 13 23 30 21 | 12
#0465-d299 @A: 02 29 25 34 | 01
#0466-d299 @A: 02 01 12 20 | 07
#0467-d299 @A: 16 02 12 30 | 05
#0468-d299 @A: 03 27 02 35 | 04
#0469-d299 @A: 02 35 20 34 | 06
#0470-d299 @A: 24 35 06 02 | 10
#0471-d299 @A: 17 31 07 02 | 03
#0472-d299 @A: 10 11 26 02 | 09
#0473-d299 @A: 15 27 02 23 | 11
#0474-d299 @A: 02 20 26 05 | 08
#0475-d299 @A: 29 02 28 26 | 02
#0476-d299 @A: 02 16 32 33 | 12
#0477-d299 @A: 02 03 32 06 | 01
#0478-d299 @A: 28 07 02 32 | 07
#0479-d299 @A: 24 09 30 02 | 05
#0480-d299 @A: 25 12 31 05 | 04
#0481-d299 @A: 25 19 27 01 | 06
#0482-d299 @A: 19 20 34 25 | 10
#0483-d299 @A: 18 25 07 14 | 03
#0484-d299 @A: 07 25 05 01 | 09
#0485-d299 @A: 27 25 10 16 | 11
#0486-d299 @A: 25 03 07 34 | 08
#0487-d299 @A: 30 23 25 15 | 02
#0488-d299 @A: 35 12 26 23 | 12
#0489-d299 @A: 05 34 01 12 | 01
#0490-d299 @A: 01 26 15 12 | 07
#0491-d299 @A: 23 11 17 12 | 05
#0492-d299 @A: 12 11 10 33 | 04
#0493-d299 @A: 06 05 11 12 | 06
#0494-d299 @A: 07 29 34 12 | 10
#0495-d299 @A: 33 09 13 12 | 03
#0496-d299 @A: 03 19 01 35 | 09
#0497-d299 @A: 35 01 11 28 | 11
#0498-d299 @A: 29 35 17 30 | 08
#0499-d299 @A: 35 10 05 23 | 02
#0500-d299 @A: 35 15 05 24 | 12
#0501-d299 @A: 23 29 16 35 | 01
#0502-d299 @A: 26 35 20 24 | 07
#0503-d299 @A: 35 06 03 16 | 05
#0504-d299 @A: 35 06 20 07 | 04
#0505-d299 @A: 27 19 18 09 | 06
#0506-d299 @A: 17 15 19 03 | 10
#0507-d299 @A: 15 19 34 11 | 03
#0508-d299 @A: 13 09 19 11 | 09
#0509-d299 @A: 27 10 19 31 | 11
#0510-d299 @A: 27 19 03 05 | 08
#0511-d299 @A: 15 26 19 13 | 02
#0512-d299 @A: 24 18 01 29 | 12
#0513-d299 @A: 26 14 11 18 | 01
#0514-d299 @A: 30 10 34 18 | 07
#0515-d299 @A: 10 07 06 18 | 05
#0516-d299 @A: 27 34 28 18 | 04
#0517-d299 @A: 26 07 18 28 | 06
#0518-d299 @A: 28 18 24 06 | 10
#0519-d299 @A: 27 14 09 01 | 03
#0520-d299 @A: 17 33 01 03 | 09
#0521-d299 @A: 07 01 17 15 | 11
#0522-d299 @A: 15 01 32 29 | 08
#0523-d299 @A: 31 16 01 30 | 02
#0524-d299 @A: 01 16 06 32 | 12
#0525-d299 @A: 05 13 14 27 | 01
#0526-d299 @A: 13 26 30 14 | 07
#0527-d299 @A: 15 14 16 09 | 05
#0528-d299 @A: 17 27 10 06 | 04
#0529-d299 @A: 15 17 29 10 | 06
#0530-d299 @A: 26 17 31 23 | 10
#0531-d299 @A: 03 17 26 07 | 03
#0532-d299 @A: 11 27 10 23 | 09
#0533-d299 @A: 10 09 29 11 | 11
#0534-d299 @A: 16 11 28 27 | 08
#0535-d299 @A: 20 24 11 34 | 02
#0536-d299 @A: 24 05 11 33 | 12
#0537-d299 @A: 29 23 11 26 | 01
#0538-d299 @A: 06 33 11 23 | 07
#0539-d299 @A: 32 20 11 28 | 05
#0540-d299 @A: 23 10 24 03 | 04
#0541-d299 @A: 31 10 30 23 | 06
#0542-d299 @A: 20 23 15 10 | 10
#0543-d299 @A: 13 24 10 15 | 03
#0544-d299 @A: 24 26 32 10 | 09
#0545-d299 @A: 27 23 07 26 | 11
#0546-d299 @A: 33 27 20 28 | 08
#0547-d299 @A: 27 03 26 32 | 02
#0548-d299 @A: 20 34 16 05 | 12
#0549-d299 @A: 32 29 34 20 | 01
#0550-d299 @A: 29 06 31 34 | 07
#0551-d299 @A: 29 31 26 05 | 05
#0552-d299 @A: 05 30 06 13 | 04
#0553-d299 @A: 26 05 30 09 | 06
#0554-d299 @A: 07 29 15 20 | 10
#0555-d299 @A: 28 29 15 31 | 03
#0556-d299 @A: 22 08 24 02 | 09
#0557-d299 @A: 29 21 22 04 | 11
#0558-d299 @A: 19 22 06 02 | 08
#0559-d299 @A: 02 23 17 22 | 02
#0560-d299 @A: 25 14 23 22 | 12
#0561-d299 @A: 22 20 09 25 | 01
#0562-d299 @A: 01 27 22 06 | 07
#0563-d299 @A: 17 14 22 09 | 05
#0564-d299 @A: 20 26 23 22 | 04
#0565-d299 @A: 29 22 16 09 | 06
#0566-d299 @A: 07 15 22 03 | 10
#0567-d299 @A: 20 04 12 08 | 03
#0568-d299 @A: 20 34 08 21 | 09
#0569-d299 @A: 03 15 08 21 | 11
#0570-d299 @A: 08 02 27 09 | 08
#0571-d299 @A: 35 25 06 08 | 02
#0572-d299 @A: 11 25 08 23 | 12
#0573-d299 @A: 12 19 08 14 | 01
#0574-d299 @A: 12 08 24 11 | 07
#0575-d299 @A: 16 08 12 05 | 05
#0576-d299 @A: 08 34 33 35 | 04
#0577-d299 @A: 10 08 16 19 | 06
#0578-d299 @A: 08 32 18 01 | 10
#0579-d299 @A: 05 14 34 08 | 03
#0580-d299 @A: 07 08 27 17 | 09
#0581-d299 @A: 31 17 08 30 | 11
#0582-d299 @A: 11 16 09 08 | 08
#0583-d299 @A: 27 16 08 13 | 02
#0584-d299 @A: 08 05 07 29 | 12
#0585-d299 @A: 09 30 08 28 | 01
#0586-d299 @A: 12 04 24 21 | 07
#0587-d299 @A: 16 21 04 35 | 05
#0588-d299 @A: 12 09 04 02 | 04
#0589-d299 @A: 12 15 04 29 | 06
#0590-d299 @A: 35 04 10 11 | 10
#0591-d299 @A: 10 30 04 19 | 03
#0592-d299 @A: 27 33 04 01 | 09
#0593-d299 @A: 23 20 04 14 | 11
#0594-d299 @A: 04 23 11 16 | 08
#0595-d299 @A: 32 29 04 23 | 02
#0596-d299 @A: 07 04 03 33 | 12
#0597-d299 @A: 04 16 20 13 | 01
#0598-d299 @A: 24 04 28 30 | 07
#0599-d299 @A: 32 06 20 04 | 05
#0600-d299 @A: 12 21 02 33 | 04
#0601-d299 @A: 02 21 10 13 | 06
#0602-d299 @A: 02 16 21 29 | 10
#0603-d299 @A: 20 25 21 35 | 03
#0604-d299 @A: 33 10 25 21 | 09
#0605-d299 @A: 21 09 27 25 | 11
#0606-d299 @A: 21 05 28 25 | 08
#0607-d299 @A: 12 21 17 16 | 02
#0608-d299 @A: 21 10 07 12 | 12
#0609-d299 @A: 21 12 29 27 | 01
#0610-d299 @A: 21 35 26 01 | 07
#0611-d299 @A: 11 35 24 21 | 05
#0612-d299 @A: 19 18 21 23 | 04
#0613-d299 @A: 01 05 21 32 | 06
#0614-d299 @A: 27 21 28 10 | 10
#0615-d299 @A: 06 03 21 33 | 03
#0616-d299 @A: 02 35 25 30 | 09
#0617-d299 @A: 25 02 26 19 | 11
#0618-d299 @A: 25 02 09 16 | 08
#0619-d299 @A: 35 13 19 02 | 02
#0620-d299 @A: 02 16 35 11 | 12
#0621-d299 @A: 02 03 34 01 | 01
#0622-d299 @A: 14 31 05 02 | 07
#0623-d299 @A: 03 02 10 28 | 05
#0624-d299 @A: 02 34 27 07 | 04
#0625-d299 @A: 02 29 03 31 | 06
#0626-d299 @A: 33 13 31 02 | 10
#0627-d299 @A: 25 29 12 35 | 03
#0628-d299 @A: 12 20 28 25 | 09
#0629-d299 @A: 17 07 35 25 | 11
#0630-d299 @A: 17 23 25 19 | 08
#0631-d299 @A: 19 25 28 11 | 02
#0632-d299 @A: 09 34 18 25 | 12
#0633-d299 @A: 10 24 01 25 | 01
#0634-d299 @A: 05 16 25 14 | 07
#0635-d299 @A: 29 17 25 05 | 05
#0636-d299 @A: 20 27 25 11 | 04
#0637-d299 @A: 25 33 23 07 | 06
#0638-d299 @A: 30 13 25 31 | 10
#0639-d299 @A: 09 03 25 28 | 03
#0640-d299 @A: 09 11 12 35 | 09
#0641-d299 @A: 33 27 12 18 | 11
#0642-d299 @A: 17 12 01 26 | 08
#0643-d299 @A: 12 26 27 28 | 02
#0644-d299 @A: 23 29 12 28 | 12
#0645-d299 @A: 23 03 12 13 | 01
#0646-d299 @A: 23 12 09 30 | 07
#0647-d299 @A: 12 30 13 20 | 05
#0648-d299 @A: 17 01 35 06 | 04
#0649-d299 @A: 01 10 35 30 | 06
#0650-d299 @A: 35 34 13 27 | 10
#0651-d299 @A: 24 35 31 13 | 03
#0652-d299 @A: 30 28 16 35 | 09
#0653-d299 @A: 19 17 18 24 | 11
#0654-d299 @A: 18 10 33 19 | 08
#0655-d299 @A: 19 27 14 15 | 02
#0656-d299 @A: 29 13 27 19 | 12
#0657-d299 @A: 19 32 23 26 | 01
#0658-d299 @A: 19 33 07 32 | 07
#0659-d299 @A: 19 32 06 13 | 05
#0660-d299 @A: 19 03 06 07 | 04
#0661-d299 @A: 18 20 34 14 | 06
#0662-d299 @A: 20 27 18 07 | 10
#0663-d299 @A: 13 18 33 24 | 03
#0664-d299 @A: 33 18 16 26 | 09
#0665-d299 @A: 06 18 33 31 | 11
#0666-d299 @A: 32 18 30 03 | 08
#0667-d299 @A: 29 14 17 01 | 02
#0668-d299 @A: 14 32 01 23 | 12
#0669-d299 @A: 01 11 26 34 | 01
#0670-d299 @A: 01 27 16 29 | 07
#0671-d299 @A: 01 07 30 23 | 05
#0672-d299 @A: 01 15 20 30 | 04
#0673-d299 @A: 30 28 34 14 | 06
#0674-d299 @A: 14 23 31 09 | 10
#0675-d299 @A: 20 14 29 16 | 03
#0676-d299 @A: 31 14 29 24 | 09
#0677-d299 @A: 11 05 30 17 | 11
#0678-d299 @A: 17 05 32 27 | 08
#0679-d299 @A: 34 17 13 15 | 02
#0680-d299 @A: 03 32 23 17 | 12
#0681-d299 @A: 29 33 07 17 | 01
#0682-d299 @A: 29 32 17 24 | 07
#0683-d299 @A: 09 20 07 17 | 05
#0684-d299 @A: 17 24 09 06 | 04
#0685-d299 @A: 03 33 11 29 | 06
#0686-d299 @A: 26 11 24 13 | 10
#0687-d299 @A: 11 20 09 06 | 03
#0688-d299 @A: 34 10 16 31 | 09
#0689-d299 @A: 31 10 05 13 | 11
#0690-d299 @A: 10 29 15 06 | 08
#0691-d299 @A: 32 33 31 10 | 02
#0692-d299 @A: 03 10 13 30 | 12
#0693-d299 @A: 07 24 09 10 | 01
#0694-d299 @A: 27 28 23 32 | 07
#0695-d299 @A: 26 34 05 32 | 05
#0696-d299 @A: 31 34 33 03 | 04
#0697-d299 @A: 28 34 16 26 | 06
#0698-d299 @A: 07 34 30 20 | 10
#0699-d299 @A: 15 23 09 05 | 03
#0700-d299 @A: 29 05 24 13 | 09
#0701-d299 @A: 29 05 15 30 | 11
#0702-d299 @A: 06 05 32 31 | 08
#0703-d299 @A: 13 15 28 23 | 02
#0704-d299 @A: 15 32 31 23 | 12
#0705-d299 @A: 13 09 15 33 | 01
#0706-d299 @A: 08 03 22 13 | 07
#0707-d299 @A: 20 05 22 04 | 05
#0708-d299 @A: 17 21 22 24 | 04
#0709-d299 @A: 35 02 22 31 | 06
#0710-d299 @A: 28 22 05 02 | 10
#0711-d299 @A: 35 28 22 19 | 03
#0712-d299 @A: 30 22 19 23 | 09
#0713-d299 @A: 16 26 22 19 | 11
#0714-d299 @A: 17 22 18 33 | 08
#0715-d299 @A: 10 22 15 34 | 02
#0716-d299 @A: 22 13 23 33 | 12
#0717-d299 @A: 28 22 09 23 | 01
#0718-d299 @A: 30 33 31 22 | 07
#0719-d299 @A: 16 22 07 13 | 05
#0720-d299 @A: 24 01 08 04 | 04
#0721-d299 @A: 26 14 08 21 | 06
#0722-d299 @A: 25 28 08 02 | 10
#0723-d299 @A: 20 25 08 13 | 03
#0724-d299 @A: 17 33 12 08 | 09
#0725-d299 @A: 31 10 08 12 | 11
#0726-d299 @A: 18 17 28 08 | 08
#0727-d299 @A: 20 08 03 01 | 02
#0728-d299 @A: 08 15 20 05 | 12
#0729-d299 @A: 29 13 08 33 | 01
#0730-d299 @A: 09 13 08 24 | 07
#0731-d299 @A: 25 04 20 02 | 05
#0732-d299 @A: 02 07 16 04 | 04
#0733-d299 @A: 18 34 04 23 | 06
#0734-d299 @A: 04 26 01 29 | 10
#0735-d299 @A: 04 06 14 26 | 03
#0736-d299 @A: 04 17 23 09 | 09
#0737-d299 @A: 17 26 15 04 | 11
#0738-d299 @A: 30 04 33 23 | 08
#0739-d299 @A: 03 29 24 04 | 02
#0740-d299 @A: 25 34 16 21 | 12
#0741-d299 @A: 35 23 21 03 | 01
#0742-d299 @A: 19 21 01 17 | 07
#0743-d299 @A: 18 09 20 21 | 05
#0744-d299 @A: 21 20 30 10 | 04
#0745-d299 @A: 33 26 21 31 | 06
#0746-d299 @A: 16 33 20 21 | 10
#0747-d299 @A: 32 24 21 33 | 03
#0748-d299 @A: 20 13 21 24 | 09
#0749-d299 @A: 28 03 20 21 | 11
#0750-d299 @A: 25 02 14 10 | 08
#0751-d299 @A: 11 02 25 31 | 02
#0752-d299 @A: 12 29 02 18 | 12
#0753-d299 @A: 19 33 02 29 | 01
#0754-d299 @A: 01 18 02 28 | 07
#0755-d299 @A: 01 05 02 33 | 05
#0756-d299 @A: 09 17 02 33 | 04
#0757-d299 @A: 02 30 27 33 | 06
#0758-d299 @A: 02 34 16 15 | 10
#0759-d299 @A: 06 02 23 26 | 03
#0760-d299 @A: 13 03 24 02 | 09
#0761-d299 @A: 23 35 34 25 | 11
#0762-d299 @A: 29 25 31 19 | 08
#0763-d299 @A: 13 18 23 25 | 02
#0764-d299 @A: 06 25 03 27 | 12
#0765-d299 @A: 26 25 06 32 | 01
#0766-d299 @A: 25 16 32 28 | 07
#0767-d299 @A: 20 30 24 25 | 05
#0768-d299 @A: 14 30 12 11 | 04
#0769-d299 @A: 12 14 07 27 | 06
#0770-d299 @A: 14 12 16 06 | 10
#0771-d299 @A: 34 27 12 03 | 03
#0772-d299 @A: 29 32 12 16 | 09
#0773-d299 @A: 26 16 09 12 | 11
#0774-d299 @A: 23 35 19 11 | 08
#0775-d299 @A: 35 19 29 26 | 02
#0776-d299 @A: 18 35 27 26 | 12
#0777-d299 @A: 17 23 28 35 | 01
#0778-d299 @A: 11 35 05 20 | 07
#0779-d299 @A: 07 34 35 10 | 05
#0780-d299 @A: 06 33 10 35 | 04
#0781-d299 @A: 35 26 10 03 | 06
#0782-d299 @A: 16 05 35 31 | 10
#0783-d299 @A: 07 35 31 15 | 03
#0784-d299 @A: 20 31 35 32 | 09
#0785-d299 @A: 01 28 14 19 | 11
#0786-d299 @A: 01 20 13 19 | 08
#0787-d299 @A: 29 19 11 14 | 02
#0788-d299 @A: 14 24 34 19 | 12
#0789-d299 @A: 14 33 19 06 | 01
#0790-d299 @A: 10 19 28 17 | 07
#0791-d299 @A: 19 17 27 26 | 05
#0792-d299 @A: 33 05 17 19 | 04
#0793-d299 @A: 07 19 05 11 | 06
#0794-d299 @A: 23 06 29 19 | 10
#0795-d299 @A: 19 29 07 30 | 03
#0796-d299 @A: 33 13 19 30 | 09
#0797-d299 @A: 07 19 28 20 | 11
#0798-d299 @A: 31 32 28 19 | 08
#0799-d299 @A: 01 18 30 05 | 02
#0800-d299 @A: 11 18 10 32 | 12
#0801-d299 @A: 18 28 10 05 | 01
#0802-d299 @A: 32 28 29 18 | 07
#0803-d299 @A: 18 33 03 15 | 05
#0804-d299 @A: 18 26 06 03 | 04
#0805-d299 @A: 16 13 28 01 | 06
#0806-d299 @A: 16 01 09 20 | 10
#0807-d299 @A: 15 01 06 24 | 03
#0808-d299 @A: 14 26 17 10 | 09
#0809-d299 @A: 14 10 11 16 | 11
#0810-d299 @A: 14 24 26 27 | 08
#0811-d299 @A: 29 26 17 06 | 02
#0812-d299 @A: 17 31 24 33 | 12
#0813-d299 @A: 03 30 17 24 | 01
#0814-d299 @A: 11 07 28 10 | 07
#0815-d299 @A: 32 30 11 27 | 05
#0816-d299 @A: 11 13 20 29 | 04
#0817-d299 @A: 24 29 11 07 | 06
#0818-d299 @A: 33 26 11 15 | 10
#0819-d299 @A: 16 10 03 07 | 03
#0820-d299 @A: 30 10 28 32 | 09
#0821-d299 @A: 31 09 28 10 | 11
#0822-d299 @A: 06 09 34 27 | 08
#0823-d299 @A: 27 03 09 23 | 02
#0824-d299 @A: 29 27 31 32 | 12
#0825-d299 @A: 13 26 27 06 | 01
#0826-d299 @A: 07 28 27 09 | 07
#0827-d299 @A: 29 28 05 34 | 05
#0828-d299 @A: 16 29 33 34 | 04
#0829-d299 @A: 07 24 34 16 | 06
#0830-d299 @A: 15 09 34 28 | 10
#0831-d299 @A: 23 05 03 33 | 03
#0832-d299 @A: 03 32 20 05 | 09
#0833-d299 @A: 05 28 32 24 | 11
#0834-d299 @A: 15 16 33 23 | 08
#0835-d299 @A: 24 15 23 03 | 02
#0836-d299 @A: 24 09 29 15 | 12
#0837-d299 @A: 09 20 13 15 | 01
#0838-d299 @A: 29 12 22 08 | 07
#0839-d299 @A: 22 08 32 05 | 05
#0840-d299 @A: 24 19 04 22 | 04
#0841-d299 @A: 31 09 22 04 | 06
#0842-d299 @A: 22 21 27 20 | 10
#0843-d299 @A: 22 15 17 02 | 03
#0844-d299 @A: 25 16 17 22 | 09
#0845-d299 @A: 01 35 22 07 | 11
#0846-d299 @A: 06 22 14 35 | 08
#0847-d299 @A: 35 29 22 11 | 02
#0848-d299 @A: 35 03 24 22 | 12
#0849-d299 @A: 32 27 22 18 | 01
#0850-d299 @A: 18 05 07 22 | 07
#0851-d299 @A: 18 13 22 15 | 05
#0852-d299 @A: 33 20 01 22 | 04
#0853-d299 @A: 05 10 09 22 | 06
#0854-d299 @A: 22 33 10 07 | 10
#0855-d299 @A: 28 22 27 24 | 03
#0856-d299 @A: 24 22 33 06 | 09
#0857-d299 @A: 08 15 04 32 | 11
#0858-d299 @A: 24 21 08 10 | 08
#0859-d299 @A: 21 08 30 16 | 02
#0860-d299 @A: 02 08 13 14 | 12
#0861-d299 @A: 08 25 32 31 | 01
#0862-d299 @A: 08 19 17 03 | 07
#0863-d299 @A: 07 08 19 15 | 05
#0864-d299 @A: 08 33 14 18 | 04
#0865-d299 @A: 17 16 08 01 | 06
#0866-d299 @A: 07 08 01 34 | 10
#0867-d299 @A: 30 34 11 08 | 03
#0868-d299 @A: 03 27 10 08 | 09
#0869-d299 @A: 08 06 10 34 | 11
#0870-d299 @A: 08 31 27 33 | 08
#0871-d299 @A: 28 08 07 23 | 02
#0872-d299 @A: 21 04 31 01 | 12
#0873-d299 @A: 21 30 14 04 | 01
#0874-d299 @A: 04 20 21 17 | 07
#0875-d299 @A: 06 01 04 02 | 05
#0876-d299 @A: 04 15 33 02 | 04
#0877-d299 @A: 11 04 25 29 | 06
#0878-d299 @A: 27 04 07 25 | 10
#0879-d299 @A: 16 04 10 12 | 03
#0880-d299 @A: 04 27 12 23 | 09
#0881-d299 @A: 35 18 32 04 | 11
#0882-d299 @A: 34 04 03 35 | 08
#0883-d299 @A: 35 04 06 28 | 02
#0884-d299 @A: 07 04 14 01 | 12
#0885-d299 @A: 15 05 04 34 | 01
#0886-d299 @A: 33 32 04 05 | 07
#0887-d299 @A: 28 04 13 23 | 05
#0888-d299 @A: 24 04 23 06 | 04
#0889-d299 @A: 15 13 07 04 | 06
#0890-d299 @A: 07 21 11 25 | 10
#0891-d299 @A: 26 21 25 15 | 03
#0892-d299 @A: 21 03 19 14 | 09
#0893-d299 @A: 19 21 09 34 | 11
#0894-d299 @A: 24 18 21 30 | 08
#0895-d299 @A: 29 01 34 21 | 02
#0896-d299 @A: 21 10 17 11 | 12
#0897-d299 @A: 17 27 21 31 | 01
#0898-d299 @A: 11 16 21 06 | 07
#0899-d299 @A: 28 07 15 21 | 05
#0900-d299 @A: 15 16 24 21 | 04
#0901-d299 @A: 18 25 02 33 | 06
#0902-d299 @A: 19 02 09 05 | 10
#0903-d299 @A: 24 18 11 02 | 03
#0904-d299 @A: 18 02 10 31 | 09
#0905-d299 @A: 30 06 18 02 | 11
#0906-d299 @A: 01 15 09 02 | 08
#0907-d299 @A: 07 30 02 11 | 02
#0908-d299 @A: 02 05 10 06 | 12
#0909-d299 @A: 13 23 02 09 | 01
#0910-d299 @A: 09 12 25 10 | 07
#0911-d299 @A: 16 25 23 12 | 05
#0912-d299 @A: 18 16 25 11 | 04
#0913-d299 @A: 28 14 27 25 | 06
#0914-d299 @A: 07 25 09 29 | 10
#0915-d299 @A: 28 25 06 29 | 03
#0916-d299 @A: 20 25 07 26 | 09
#0917-d299 @A: 09 12 19 17 | 11
#0918-d299 @A: 13 16 12 19 | 08
#0919-d299 @A: 12 10 18 26 | 02
#0920-d299 @A: 31 12 33 01 | 12
#0921-d299 @A: 10 12 29 17 | 01
#0922-d299 @A: 10 30 05 12 | 07
#0923-d299 @A: 15 12 32 34 | 05
#0924-d299 @A: 12 23 24 20 | 04
#0925-d299 @A: 29 12 09 03 | 06
#0926-d299 @A: 26 12 32 07 | 10
#0927-d299 @A: 24 32 12 03 | 03
#0928-d299 @A: 15 12 16 31 | 09
#0929-d299 @A: 09 06 28 12 | 11
#0930-d299 @A: 35 19 18 30 | 08
#0931-d299 @A: 35 19 32 17 | 02
#0932-d299 @A: 35 09 19 10 | 12
#0933-d299 @A: 20 19 35 27 | 01
#0934-d299 @A: 18 01 33 35 | 07
#0935-d299 @A: 17 09 35 27 | 05
#0936-d299 @A: 35 27 28 05 | 04
#0937-d299 @A: 33 35 07 27 | 06
#0938-d299 @A: 31 33 29 35 | 10
#0939-d299 @A: 33 13 20 35 | 03
#0940-d299 @A: 35 32 03 28 | 09
#0941-d299 @A: 20 35 09 03 | 11
#0942-d299 @A: 15 16 20 35 | 08
#0943-d299 @A: 18 19 11 01 | 02
#0944-d299 @A: 32 19 01 24 | 12
#0945-d299 @A: 11 10 19 03 | 01
#0946-d299 @A: 11 19 26 06 | 07
#0947-d299 @A: 10 05 20 19 | 05
#0948-d299 @A: 28 24 33 19 | 04
#0949-d299 @A: 31 24 30 19 | 06
#0950-d299 @A: 20 01 23 18 | 10
#0951-d299 @A: 27 14 29 18 | 03
#0952-d299 @A: 18 23 27 17 | 09
#0953-d299 @A: 03 18 11 05 | 11
#0954-d299 @A: 23 11 28 18 | 08
#0955-d299 @A: 20 03 18 33 | 02
#0956-d299 @A: 13 20 18 26 | 12
#0957-d299 @A: 18 26 31 24 | 01
#0958-d299 @A: 28 16 18 03 | 07
#0959-d299 @A: 15 06 18 28 | 05
#0960-d299 @A: 03 14 26 01 | 04
#0961-d299 @A: 05 11 01 23 | 06
#0962-d299 @A: 01 27 32 34 | 10
#0963-d299 @A: 13 23 01 26 | 03
#0964-d299 @A: 01 24 23 28 | 09
#0965-d299 @A: 06 29 01 13 | 11
#0966-d299 @A: 09 32 26 01 | 08
#0967-d299 @A: 26 01 20 28 | 02
#0968-d299 @A: 17 28 11 14 | 12
#0969-d299 @A: 28 11 15 14 | 01
#0970-d299 @A: 15 05 07 14 | 07
#0971-d299 @A: 13 31 06 14 | 05
#0972-d299 @A: 31 14 30 32 | 04
#0973-d299 @A: 15 14 20 06 | 06
#0974-d299 @A: 17 13 11 03 | 10
#0975-d299 @A: 05 15 27 17 | 03
#0976-d299 @A: 17 26 30 33 | 09
#0977-d299 @A: 06 17 28 33 | 11
#0978-d299 @A: 28 30 20 17 | 08
#0979-d299 @A: 26 11 33 09 | 02
#0980-d299 @A: 33 11 31 20 | 12
#0981-d299 @A: 03 20 30 11 | 01
#0982-d299 @A: 10 27 33 34 | 07
#0983-d299 @A: 29 23 13 10 | 05
#0984-d299 @A: 28 23 10 20 | 04
#0985-d299 @A: 33 27 24 23 | 06
#0986-d299 @A: 26 27 31 09 | 10
#0987-d299 @A: 23 28 31 34 | 03
#0988-d299 @A: 13 03 34 16 | 09
#0989-d299 @A: 31 34 20 09 | 11
#0990-d299 @A: 31 20 34 15 | 08
#0991-d299 @A: 05 06 29 33 | 02
#0992-d299 @A: 04 22 08 06 | 12
#0993-d299 @A: 08 22 21 07 | 01
#0994-d299 @A: 22 11 08 26 | 07
#0995-d299 @A: 07 04 22 34 | 05
#0996-d299 @A: 22 21 16 10 | 04
#0997-d299 @A: 21 05 22 03 | 06
#0998-d299 @A: 22 12 02 10 | 10
#0999-d299 @A: 12 22 07 19 | 03
#1000-d299 @A: 18 12 09 22 | 09
#1001-d299 @A: 22 34 12 20 | 11
#1002-d299 @A: 12 33 16 22 | 08
#1003-d299 @A: 12 22 32 13 | 02
#1004-d299 @A: 22 05 15 01 | 12
#1005-d299 @A: 14 22 29 34 | 01
#1006-d299 @A: 22 11 10 06 | 07
#1007-d299 @A: 31 13 22 29 | 05
#1008-d299 @A: 22 24 13 30 | 04
#1009-d299 @A: 06 16 31 22 | 06
#1010-d299 @A: 04 11 08 03 | 10
#1011-d299 @A: 29 08 21 18 | 03
#1012-d299 @A: 05 21 06 08 | 09
#1013-d299 @A: 12 34 13 08 | 11
#1014-d299 @A: 26 12 30 08 | 08
#1015-d299 @A: 19 09 32 08 | 02
#1016-d299 @A: 01 10 23 08 | 12
#1017-d299 @A: 11 08 29 17 | 01
#1018-d299 @A: 08 09 17 05 | 07
#1019-d299 @A: 33 30 08 10 | 05
#1020-d299 @A: 32 08 24 27 | 04
#1021-d299 @A: 23 13 31 08 | 06
#1022-d299 @A: 23 30 06 08 | 10
#1023-d299 @A: 30 03 29 08 | 03
#1024-d299 @A: 08 28 06 03 | 09
#1025-d299 @A: 04 05 21 34 | 11
#1026-d299 @A: 35 26 04 02 | 08
#1027-d299 @A: 04 02 03 19 | 02
#1028-d299 @A: 12 04 30 18 | 12
#1029-d299 @A: 04 01 35 20 | 01
#1030-d299 @A: 20 19 11 04 | 07
#1031-d299 @A: 15 01 04 23 | 05
#1032-d299 @A: 10 04 31 17 | 04
#1033-d299 @A: 07 04 05 17 | 06
#1034-d299 @A: 09 10 04 27 | 10
#1035-d299 @A: 20 34 04 27 | 03
#1036-d299 @A: 09 07 13 04 | 09
#1037-d299 @A: 26 16 32 04 | 11
#1038-d299 @A: 21 25 18 31 | 08
#1039-d299 @A: 11 12 21 26 | 02
#1040-d299 @A: 21 12 15 27 | 12
#1041-d299 @A: 21 01 20 11 | 01
#1042-d299 @A: 01 21 24 03 | 07
#1043-d299 @A: 28 17 21 07 | 05
#1044-d299 @A: 17 09 30 21 | 04
#1045-d299 @A: 03 21 10 34 | 06
#1046-d299 @A: 31 34 13 21 | 10
#1047-d299 @A: 05 21 15 33 | 03
#1048-d299 @A: 09 29 21 24 | 09
#1049-d299 @A: 12 06 02 25 | 11
#1050-d299 @A: 25 02 01 13 | 08
#1051-d299 @A: 25 02 23 27 | 02
#1052-d299 @A: 02 07 35 12 | 12
#1053-d299 @A: 02 14 23 19 | 01
#1054-d299 @A: 32 26 02 18 | 07
#1055-d299 @A: 14 11 02 27 | 05
#1056-d299 @A: 17 11 20 02 | 04
#1057-d299 @A: 02 05 17 03 | 06
#1058-d299 @A: 16 23 02 28 | 10
#1059-d299 @A: 06 29 20 02 | 03
#1060-d299 @A: 03 25 12 19 | 09
#1061-d299 @A: 31 19 15 25 | 11
#1062-d299 @A: 15 18 25 29 | 08
#1063-d299 @A: 11 26 17 25 | 02
#1064-d299 @A: 25 10 32 05 | 12
#1065-d299 @A: 10 25 20 29 | 01
#1066-d299 @A: 06 23 25 09 | 07
#1067-d299 @A: 25 30 29 26 | 05
#1068-d299 @A: 20 16 03 25 | 04
#1069-d299 @A: 16 25 07 31 | 06
#1070-d299 @A: 25 30 06 07 | 10
#1071-d299 @A: 32 25 15 28 | 03
#1072-d299 @A: 30 34 35 12 | 09
#1073-d299 @A: 12 28 18 19 | 11
#1074-d299 @A: 27 06 12 19 | 08
#1075-d299 @A: 33 12 19 34 | 02
#1076-d299 @A: 12 07 17 18 | 12
#1077-d299 @A: 18 05 13 12 | 01
#1078-d299 @A: 07 12 09 01 | 07
#1079-d299 @A: 23 33 14 12 | 05
#1080-d299 @A: 15 06 12 11 | 04
#1081-d299 @A: 24 12 27 30 | 06
#1082-d299 @A: 32 12 23 31 | 10
#1083-d299 @A: 35 34 19 06 | 03
#1084-d299 @A: 15 28 35 18 | 09
#1085-d299 @A: 13 35 01 14 | 11
#1086-d299 @A: 31 17 14 35 | 08
#1087-d299 @A: 26 35 34 14 | 02
#1088-d299 @A: 34 05 17 35 | 12
#1089-d299 @A: 16 17 35 20 | 01
#1090-d299 @A: 13 35 30 11 | 07
#1091-d299 @A: 29 35 20 28 | 05
#1092-d299 @A: 15 33 32 35 | 04
#1093-d299 @A: 28 35 31 26 | 06
#1094-d299 @A: 24 28 07 35 | 10
#1095-d299 @A: 32 19 34 11 | 03
#1096-d299 @A: 17 13 18 29 | 09
#1097-d299 @A: 07 11 34 18 | 11
#1098-d299 @A: 18 30 11 09 | 08
#1099-d299 @A: 09 03 18 13 | 02
#1100-d299 @A: 07 18 03 24 | 12
#1101-d299 @A: 14 11 24 01 | 01
#1102-d299 @A: 01 33 34 14 | 07
#1103-d299 @A: 01 14 05 20 | 05
#1104-d299 @A: 01 33 29 10 | 04
#1105-d299 @A: 01 20 29 31 | 06
#1106-d299 @A: 01 32 33 28 | 10
#1107-d299 @A: 13 01 09 31 | 03
#1108-d299 @A: 01 26 15 03 | 09
#1109-d299 @A: 17 14 32 15 | 11
#1110-d299 @A: 32 14 27 20 | 08
#1111-d299 @A: 29 14 06 03 | 02
#1112-d299 @A: 33 31 14 07 | 12
#1113-d299 @A: 14 13 16 09 | 01
#1114-d299 @A: 09 26 20 14 | 07
#1115-d299 @A: 30 20 14 06 | 05
#1116-d299 @A: 10 05 16 17 | 04
#1117-d299 @A: 20 29 17 23 | 06
#1118-d299 @A: 11 29 30 16 | 10
#1119-d299 @A: 30 11 06 31 | 03
#1120-d299 @A: 16 10 33 28 | 09
#1121-d299 @A: 15 28 10 33 | 11
#1122-d299 @A: 26 15 32 10 | 08
#1123-d299 @A: 31 27 16 23 | 02
#1124-d299 @A: 07 27 24 13 | 12
#1125-d299 @A: 32 16 27 09 | 01
#1126-d299 @A: 24 09 27 20 | 07
#1127-d299 @A: 24 34 31 05 | 05
#1128-d299 @A: 20 34 23 03 | 04
#1129-d299 @A: 24 26 34 15 | 06
#1130-d299 @A: 28 03 24 34 | 10
#1131-d299 @A: 07 15 30 34 | 03
#1132-d299 @A: 26 23 05 28 | 09
#1133-d299 @A: 05 26 33 07 | 11
#1134-d299 @A: 05 28 31 33 | 08
#1135-d299 @A: 32 13 05 09 | 02
#1136-d299 @A: 05 13 06 15 | 12
#1137-d299 @A: 15 26 20 28 | 01
#1138-d299 @A: 17 20 22 08 | 07
#1139-d299 @A: 10 22 25 31 | 05
#1140-d299 @A: 33 25 22 28 | 04
#1141-d299 @A: 25 15 24 22 | 06
#1142-d299 @A: 12 06 22 17 | 10
#1143-d299 @A: 22 03 31 14 | 03
#1144-d299 @A: 11 22 07 17 | 09
#1145-d299 @A: 27 13 17 22 | 11
#1146-d299 @A: 32 10 03 22 | 08
#1147-d299 @A: 26 22 13 09 | 02
#1148-d299 @A: 06 22 13 20 | 12
#1149-d299 @A: 26 22 30 32 | 01
#1150-d299 @A: 03 09 06 22 | 07
#1151-d299 @A: 04 23 08 21 | 05
#1152-d299 @A: 04 08 32 14 | 04
#1153-d299 @A: 12 08 35 28 | 06
#1154-d299 @A: 08 35 18 20 | 10
#1155-d299 @A: 06 13 18 08 | 03
#1156-d299 @A: 01 30 13 08 | 09
#1157-d299 @A: 08 14 29 28 | 11
#1158-d299 @A: 10 17 13 08 | 08
#1159-d299 @A: 08 26 34 27 | 02
#1160-d299 @A: 20 27 05 08 | 12
#1161-d299 @A: 08 30 15 27 | 01
#1162-d299 @A: 32 08 33 23 | 07
#1163-d299 @A: 08 26 29 32 | 05
#1164-d299 @A: 03 08 24 33 | 04
#1165-d299 @A: 08 31 24 28 | 06
#1166-d299 @A: 21 19 28 04 | 10
#1167-d299 @A: 18 10 21 04 | 03
#1168-d299 @A: 18 17 04 02 | 09
#1169-d299 @A: 33 04 10 02 | 11
#1170-d299 @A: 04 16 25 19 | 08
#1171-d299 @A: 04 32 12 17 | 02
#1172-d299 @A: 07 04 18 19 | 12
#1173-d299 @A: 04 01 18 13 | 01
#1174-d299 @A: 04 18 29 31 | 07
#1175-d299 @A: 04 17 28 03 | 05
#1176-d299 @A: 05 28 11 04 | 04
#1177-d299 @A: 34 13 04 10 | 06
#1178-d299 @A: 29 28 04 33 | 10
#1179-d299 @A: 04 07 29 20 | 03
#1180-d299 @A: 29 16 06 04 | 09
#1181-d299 @A: 15 04 09 30 | 11
#1182-d299 @A: 21 23 24 25 | 08
#1183-d299 @A: 29 21 35 06 | 02
#1184-d299 @A: 05 16 19 21 | 12
#1185-d299 @A: 21 18 16 27 | 01
#1186-d299 @A: 14 16 21 01 | 07
#1187-d299 @A: 15 21 14 13 | 05
#1188-d299 @A: 21 05 31 11 | 04
#1189-d299 @A: 29 21 11 32 | 06
#1190-d299 @A: 05 10 21 29 | 10
#1191-d299 @A: 21 31 29 23 | 03
#1192-d299 @A: 07 23 16 21 | 09
#1193-d299 @A: 20 21 07 31 | 11
#1194-d299 @A: 02 17 25 32 | 08
#1195-d299 @A: 02 07 12 15 | 02
#1196-d299 @A: 02 28 31 12 | 12
#1197-d299 @A: 27 28 19 02 | 01
#1198-d299 @A: 32 11 02 01 | 07
#1199-d299 @A: 30 02 23 32 | 05
#1200-d299 @A: 29 09 02 32 | 04
#1201-d299 @A: 33 06 07 02 | 06
#1202-d299 @A: 07 02 26 09 | 10
#1203-d299 @A: 03 02 31 15 | 03
#1204-d299 @A: 25 18 06 17 | 09
#1205-d299 @A: 25 20 01 17 | 11
#1206-d299 @A: 25 11 33 01 | 08
#1207-d299 @A: 01 25 31 23 | 02
#1208-d299 @A: 32 01 29 25 | 12
#1209-d299 @A: 28 17 31 25 | 01
#1210-d299 @A: 33 29 25 24 | 07
#1211-d299 @A: 03 13 26 25 | 05
#1212-d299 @A: 28 07 25 13 | 04
#1213-d299 @A: 15 09 07 25 | 06
#1214-d299 @A: 25 06 20 31 | 10
#1215-d299 @A: 24 12 35 10 | 03
#1216-d299 @A: 15 12 09 35 | 09
#1217-d299 @A: 12 18 32 14 | 11
#1218-d299 @A: 11 01 12 29 | 08
#1219-d299 @A: 16 12 34 11 | 02
#1220-d299 @A: 07 12 05 03 | 12
#1221-d299 @A: 30 12 31 29 | 01
#1222-d299 @A: 16 20 07 12 | 07
#1223-d299 @A: 35 33 14 11 | 05
#1224-d299 @A: 24 23 35 14 | 04
#1225-d299 @A: 13 35 32 23 | 06
#1226-d299 @A: 35 24 33 16 | 10
#1227-d299 @A: 06 35 15 03 | 03
#1228-d299 @A: 18 13 34 19 | 09
#1229-d299 @A: 27 19 34 23 | 11
#1230-d299 @A: 19 33 15 29 | 08
#1231-d299 @A: 33 03 19 16 | 02
#1232-d299 @A: 20 33 19 09 | 12
#1233-d299 @A: 30 20 26 19 | 01
#1234-d299 @A: 06 16 28 19 | 07
#1235-d299 @A: 18 30 14 17 | 05
#1236-d299 @A: 05 23 18 14 | 04
#1237-d299 @A: 18 27 24 10 | 06
#1238-d299 @A: 09 10 18 23 | 10
#1239-d299 @A: 05 31 18 27 | 03
#1240-d299 @A: 18 31 05 15 | 09
#1241-d299 @A: 18 30 33 07 | 11
#1242-d299 @A: 32 09 07 18 | 08
#1243-d299 @A: 01 10 15 27 | 02
#1244-d299 @A: 01 03 10 05 | 12
#1245-d299 @A: 05 27 01 24 | 01
#1246-d299 @A: 20 27 01 30 | 07
#1247-d299 @A: 33 23 16 01 | 05
#1248-d299 @A: 06 01 26 31 | 04
#1249-d299 @A: 30 01 03 09 | 06
#1250-d299 @A: 07 01 24 31 | 10
#1251-d299 @A: 06 01 20 24 | 03
#1252-d299 @A: 14 09 30 29 | 09
#1253-d299 @A: 07 03 28 14 | 11
#1254-d299 @A: 23 33 17 10 | 08
#1255-d299 @A: 17 13 16 33 | 02
#1256-d299 @A: 17 32 20 33 | 12
#1257-d299 @A: 16 24 26 17 | 01
#1258-d299 @A: 17 03 09 16 | 07
#1259-d299 @A: 06 17 07 16 | 05
#1260-d299 @A: 11 20 16 26 | 04
#1261-d299 @A: 24 20 10 33 | 06
#1262-d299 @A: 07 32 10 13 | 10
#1263-d299 @A: 26 10 20 31 | 03
#1264-d299 @A: 06 24 30 10 | 09
#1265-d299 @A: 27 09 29 33 | 11
#1266-d299 @A: 03 27 24 16 | 08
#1267-d299 @A: 27 06 28 30 | 02
#1268-d299 @A: 05 30 23 34 | 12
#1269-d299 @A: 13 34 32 30 | 01
#1270-d299 @A: 06 26 34 07 | 07
#1271-d299 @A: 05 28 03 13 | 05
#1272-d299 @A: 20 06 05 28 | 04
#1273-d299 @A: 16 15 03 32 | 06
#1274-d299 @A: 04 22 18 26 | 10
#1275-d299 @A: 32 22 04 11 | 03
#1276-d299 @A: 34 21 22 32 | 09
#1277-d299 @A: 01 29 02 22 | 11
#1278-d299 @A: 02 33 22 34 | 08
#1279-d299 @A: 29 25 18 22 | 02
#1280-d299 @A: 25 30 22 34 | 12
#1281-d299 @A: 10 22 20 35 | 01
#1282-d299 @A: 01 19 09 22 | 07
#1283-d299 @A: 11 22 19 33 | 05
#1284-d299 @A: 22 19 32 20 | 04
#1285-d299 @A: 13 22 01 34 | 06
#1286-d299 @A: 10 30 22 17 | 10
#1287-d299 @A: 17 32 28 22 | 03
#1288-d299 @A: 22 11 15 23 | 09
#1289-d299 @A: 22 34 10 26 | 11
#1290-d299 @A: 27 05 22 33 | 08
#1291-d299 @A: 23 32 22 16 | 02
#1292-d299 @A: 22 03 20 29 | 12
#1293-d299 @A: 22 29 06 30 | 01
#1294-d299 @A: 28 22 30 03 | 07
#1295-d299 @A: 19 33 08 04 | 05
#1296-d299 @A: 09 08 21 12 | 04
#1297-d299 @A: 02 18 07 08 | 06
#1298-d299 @A: 08 02 30 05 | 10
#1299-d299 @A: 06 02 15 08 | 03
#1300-d299 @A: 03 14 08 25 | 09
#1301-d299 @A: 34 28 19 08 | 11
#1302-d299 @A: 24 06 08 19 | 08
#1303-d299 @A: 01 08 06 11 | 02
#1304-d299 @A: 33 08 15 01 | 12
#1305-d299 @A: 09 08 14 10 | 01
#1306-d299 @A: 14 08 20 31 | 07
#1307-d299 @A: 23 24 08 26 | 05
#1308-d299 @A: 26 20 08 06 | 04
#1309-d299 @A: 07 06 08 31 | 06
#1310-d299 @A: 31 23 02 04 | 10
#1311-d299 @A: 25 03 04 18 | 03
#1312-d299 @A: 04 25 10 06 | 09
#1313-d299 @A: 09 25 26 04 | 11
#1314-d299 @A: 12 14 04 13 | 08
#1315-d299 @A: 35 04 31 19 | 02
#1316-d299 @A: 05 01 04 16 | 12
#1317-d299 @A: 05 24 10 04 | 01
#1318-d299 @A: 06 09 04 33 | 07
#1319-d299 @A: 26 04 31 13 | 05
#1320-d299 @A: 32 31 04 03 | 04
#1321-d299 @A: 07 32 30 04 | 06
#1322-d299 @A: 35 02 21 18 | 10
#1323-d299 @A: 21 32 02 19 | 03
#1324-d299 @A: 01 21 02 23 | 09
#1325-d299 @A: 01 35 21 15 | 11
#1326-d299 @A: 28 21 34 35 | 08
#1327-d299 @A: 30 21 11 19 | 02
#1328-d299 @A: 29 19 20 21 | 12
#1329-d299 @A: 21 19 15 20 | 01
#1330-d299 @A: 21 14 18 28 | 07
#1331-d299 @A: 27 21 23 14 | 05
#1332-d299 @A: 14 21 24 05 | 04
#1333-d299 @A: 34 17 21 06 | 06
#1334-d299 @A: 27 32 21 07 | 10
#1335-d299 @A: 21 28 23 33 | 03
#1336-d299 @A: 31 03 30 21 | 09
#1337-d299 @A: 30 21 32 06 | 11
#1338-d299 @A: 32 21 09 31 | 08
#1339-d299 @A: 15 21 09 31 | 02
#1340-d299 @A: 31 21 28 06 | 12
#1341-d299 @A: 05 02 24 25 | 01
#1342-d299 @A: 35 17 10 02 | 07
#1343-d299 @A: 27 13 02 18 | 05
#1344-d299 @A: 33 14 02 03 | 04
#1345-d299 @A: 27 02 29 17 | 06
#1346-d299 @A: 11 03 09 02 | 10
#1347-d299 @A: 28 30 02 13 | 03
#1348-d299 @A: 15 30 28 02 | 09
#1349-d299 @A: 20 30 31 02 | 11
#1350-d299 @A: 10 35 25 13 | 08
#1351-d299 @A: 32 18 19 25 | 02
#1352-d299 @A: 03 17 10 25 | 12
#1353-d299 @A: 33 25 17 34 | 01
#1354-d299 @A: 20 25 17 15 | 07
#1355-d299 @A: 28 34 25 10 | 05
#1356-d299 @A: 25 30 05 03 | 04
#1357-d299 @A: 06 33 13 25 | 06
#1358-d299 @A: 25 06 33 15 | 10
#1359-d299 @A: 12 35 20 14 | 03
#1360-d299 @A: 12 33 05 35 | 09
#1361-d299 @A: 12 23 19 10 | 11
#1362-d299 @A: 33 06 12 26 | 08
#1363-d299 @A: 12 28 30 07 | 02
#1364-d299 @A: 19 24 05 35 | 12
#1365-d299 @A: 03 35 18 14 | 01
#1366-d299 @A: 35 23 30 20 | 07
#1367-d299 @A: 29 03 13 35 | 05
#1368-d299 @A: 26 35 30 06 | 04
#1369-d299 @A: 24 35 30 32 | 06
#1370-d299 @A: 09 35 32 06 | 10
#1371-d299 @A: 19 18 05 29 | 03
#1372-d299 @A: 19 01 16 34 | 09
#1373-d299 @A: 19 11 17 16 | 11
#1374-d299 @A: 10 19 29 34 | 08
#1375-d299 @A: 33 23 31 19 | 02
#1376-d299 @A: 19 03 32 29 | 12
#1377-d299 @A: 28 26 19 13 | 01
#1378-d299 @A: 10 18 29 03 | 07
#1379-d299 @A: 18 15 16 27 | 05
#1380-d299 @A: 16 30 18 13 | 04
#1381-d299 @A: 06 16 18 09 | 06
#1382-d299 @A: 10 01 07 17 | 10
#1383-d299 @A: 28 27 17 01 | 03
#1384-d299 @A: 17 05 01 13 | 09
#1385-d299 @A: 03 16 11 01 | 11
#1386-d299 @A: 13 03 32 01 | 08
#1387-d299 @A: 31 34 14 27 | 02
#1388-d299 @A: 14 28 23 06 | 12
#1389-d299 @A: 09 14 33 32 | 01
#1390-d299 @A: 09 17 34 11 | 07
#1391-d299 @A: 30 27 17 34 | 05
#1392-d299 @A: 28 29 17 16 | 04
#1393-d299 @A: 17 30 13 07 | 06
#1394-d299 @A: 09 17 28 26 | 10
#1395-d299 @A: 27 11 34 29 | 03
#1396-d299 @A: 30 11 24 23 | 09
#1397-d299 @A: 09 11 23 32 | 11
#1398-d299 @A: 33 11 30 28 | 08
#1399-d299 @A: 31 11 16 13 | 02
#1400-d299 @A: 03 11 28 26 | 12
#1401-d299 @A: 32 16 24 11 | 01
#1402-d299 @A: 28 13 06 10 | 07
#1403-d299 @A: 07 26 30 10 | 05
#1404-d299 @A: 30 27 03 07 | 04
#1405-d299 @A: 28 34 07 33 | 06
#1406-d299 @A: 33 34 30 09 | 10
#1407-d299 @A: 24 09 26 34 | 03
#1408-d299 @A: 16 34 30 06 | 09
#1409-d299 @A: 09 20 05 29 | 11
#1410-d299 @A: 33 05 20 30 | 08
#1411-d299 @A: 15 28 05 16 | 02
#1412-d299 @A: 07 26 15 16 | 12
#1413-d299 @A: 22 08 27 23 | 01
#1414-d299 @A: 22 13 25 04 | 07
#1415-d299 @A: 16 22 04 28 | 05
#1416-d299 @A: 09 22 02 21 | 04
#1417-d299 @A: 25 26 21 22 | 06
#1418-d299 @A: 21 14 13 22 | 10
#1419-d299 @A: 02 22 07 25 | 03
#1420-d299 @A: 18 22 20 02 | 09
#1421-d299 @A: 22 12 27 25 | 11
#1422-d299 @A: 22 35 17 26 | 08
#1423-d299 @A: 15 35 22 26 | 02
#1424-d299 @A: 22 27 14 19 | 12
#1425-d299 @A: 26 01 05 22 | 01
#1426-d299 @A: 27 09 11 22 | 07
#1427-d299 @A: 26 03 33 22 | 05
#1428-d299 @A: 15 09 22 06 | 04
#1429-d299 @A: 08 27 04 28 | 06
#1430-d299 @A: 32 10 02 08 | 10
#1431-d299 @A: 25 12 07 08 | 03
#1432-d299 @A: 24 34 25 08 | 09
#1433-d299 @A: 23 15 12 08 | 11
#1434-d299 @A: 17 35 24 08 | 08
#1435-d299 @A: 32 11 35 08 | 02
#1436-d299 @A: 08 18 19 26 | 12
#1437-d299 @A: 23 19 05 08 | 01
#1438-d299 @A: 24 18 15 08 | 07
#1439-d299 @A: 24 16 14 08 | 05
#1440-d299 @A: 11 20 10 08 | 04
#1441-d299 @A: 32 20 30 08 | 06
#1442-d299 @A: 04 21 18 15 | 10
#1443-d299 @A: 04 21 07 06 | 03
#1444-d299 @A: 04 02 34 32 | 09
#1445-d299 @A: 04 24 25 35 | 11
#1446-d299 @A: 04 35 25 15 | 08
#1447-d299 @A: 05 04 25 23 | 02
#1448-d299 @A: 33 04 17 35 | 12
#1449-d299 @A: 05 09 04 18 | 01
#1450-d299 @A: 10 32 01 04 | 07
#1451-d299 @A: 04 14 29 10 | 05
#1452-d299 @A: 15 24 04 14 | 04
#1453-d299 @A: 17 24 04 11 | 06
#1454-d299 @A: 04 03 23 26 | 10
#1455-d299 @A: 24 07 26 04 | 03
#1456-d299 @A: 16 04 30 03 | 09
#1457-d299 @A: 16 04 24 09 | 11
#1458-d299 @A: 21 02 10 15 | 08
#1459-d299 @A: 27 06 02 21 | 02
#1460-d299 @A: 30 02 34 21 | 12
#1461-d299 @A: 02 21 07 05 | 01
#1462-d299 @A: 21 28 12 32 | 07
#1463-d299 @A: 19 07 21 24 | 05
#1464-d299 @A: 18 33 21 05 | 04
#1465-d299 @A: 21 07 34 14 | 06
#1466-d299 @A: 23 17 21 05 | 10
#1467-d299 @A: 11 03 27 21 | 03
#1468-d299 @A: 09 07 33 21 | 09
#1469-d299 @A: 03 21 16 26 | 11
#1470-d299 @A: 02 32 27 12 | 08
#1471-d299 @A: 15 02 19 24 | 02
#1472-d299 @A: 02 30 01 14 | 12
#1473-d299 @A: 26 03 30 02 | 01
#1474-d299 @A: 32 24 02 31 | 07
#1475-d299 @A: 25 19 12 15 | 05
#1476-d299 @A: 25 12 17 30 | 04
#1477-d299 @A: 11 25 32 12 | 06
#1478-d299 @A: 14 25 30 19 | 10
#1479-d299 @A: 25 27 18 30 | 03
#1480-d299 @A: 30 25 11 10 | 09
#1481-d299 @A: 29 13 25 16 | 11
#1482-d299 @A: 32 03 33 25 | 08
#1483-d299 @A: 30 32 25 09 | 02
#1484-d299 @A: 03 12 35 17 | 12
#1485-d299 @A: 35 12 27 16 | 01
#1486-d299 @A: 01 28 10 12 | 07
#1487-d299 @A: 34 12 17 31 | 05
#1488-d299 @A: 12 28 05 17 | 04
#1489-d299 @A: 27 13 12 10 | 06
#1490-d299 @A: 12 10 15 05 | 10
#1491-d299 @A: 06 12 20 10 | 03
#1492-d299 @A: 29 26 12 13 | 09
#1493-d299 @A: 12 03 26 20 | 11
#1494-d299 @A: 12 09 32 20 | 08
#1495-d299 @A: 31 24 12 09 | 02
#1496-d299 @A: 11 17 35 18 | 12
#1497-d299 @A: 29 18 35 34 | 01
#1498-d299 @A: 35 18 06 05 | 07
#1499-d299 @A: 34 35 24 01 | 05
#1500-d299 @A: 15 17 35 34 | 04
#1501-d299 @A: 15 11 35 24 | 06
#1502-d299 @A: 32 35 27 10 | 10
#1503-d299 @A: 35 24 29 27 | 03
#1504-d299 @A: 34 16 35 32 | 09
#1505-d299 @A: 06 19 20 18 | 11
#1506-d299 @A: 19 10 06 01 | 08
#1507-d299 @A: 32 10 19 14 | 02
#1508-d299 @A: 31 19 06 17 | 12
#1509-d299 @A: 19 27 24 11 | 01
#1510-d299 @A: 05 32 19 15 | 07
#1511-d299 @A: 23 13 24 19 | 05
#1512-d299 @A: 19 16 32 30 | 04
#1513-d299 @A: 03 18 01 27 | 06
#1514-d299 @A: 18 01 34 31 | 10
#1515-d299 @A: 18 32 34 33 | 03
#1516-d299 @A: 32 16 18 05 | 09
#1517-d299 @A: 28 33 09 18 | 11
#1518-d299 @A: 01 30 17 32 | 08
#1519-d299 @A: 09 01 28 34 | 02
#1520-d299 @A: 16 01 26 07 | 12
#1521-d299 @A: 14 33 26 29 | 01
#1522-d299 @A: 13 14 33 28 | 07
#1523-d299 @A: 14 16 32 03 | 05
#1524-d299 @A: 07 14 30 16 | 04
#1525-d299 @A: 14 32 24 06 | 06
#1526-d299 @A: 17 23 30 16 | 10
#1527-d299 @A: 20 13 17 31 | 03
#1528-d299 @A: 17 06 15 31 | 09
#1529-d299 @A: 10 11 15 07 | 11
#1530-d299 @A: 23 03 31 11 | 08
#1531-d299 @A: 11 23 07 20 | 02
#1532-d299 @A: 09 11 07 31 | 12
#1533-d299 @A: 16 26 10 29 | 01
#1534-d299 @A: 30 29 23 27 | 07
#1535-d299 @A: 06 29 07 27 | 05
#1536-d299 @A: 13 15 31 27 | 04
#1537-d299 @A: 07 24 15 27 | 06
#1538-d299 @A: 31 24 27 06 | 10
#1539-d299 @A: 09 34 05 07 | 03
#1540-d299 @A: 24 29 34 30 | 09
#1541-d299 @A: 32 34 03 09 | 11
#1542-d299 @A: 31 32 07 34 | 08
#1543-d299 @A: 33 05 09 16 | 02
#1544-d299 @A: 05 03 31 09 | 12
#1545-d299 @A: 19 25 08 22 | 01
#1546-d299 @A: 10 22 28 08 | 07
#1547-d299 @A: 31 22 04 15 | 05
#1548-d299 @A: 18 22 21 06 | 04
#1549-d299 @A: 32 14 22 02 | 06
#1550-d299 @A: 22 25 01 03 | 10
#1551-d299 @A: 22 25 11 24 | 03
#1552-d299 @A: 26 22 12 31 | 09
#1553-d299 @A: 35 23 18 22 | 11
#1554-d299 @A: 22 34 05 19 | 08
#1555-d299 @A: 22 19 16 15 | 02
#1556-d299 @A: 22 01 16 24 | 12
#1557-d299 @A: 05 22 17 31 | 01
#1558-d299 @A: 11 16 05 22 | 07
#1559-d299 @A: 27 29 22 10 | 05
#1560-d299 @A: 22 24 23 31 | 04
#1561-d299 @A: 15 33 20 22 | 06
#1562-d299 @A: 32 15 22 13 | 10
#1563-d299 @A: 28 26 22 06 | 03
#1564-d299 @A: 22 30 07 09 | 09
#1565-d299 @A: 22 28 20 31 | 11
#1566-d299 @A: 18 08 16 04 | 08
#1567-d299 @A: 04 26 17 08 | 02
#1568-d299 @A: 05 04 08 31 | 12
#1569-d299 @A: 08 21 35 27 | 01
#1570-d299 @A: 08 13 21 19 | 07
#1571-d299 @A: 21 03 32 08 | 05
#1572-d299 @A: 03 02 12 08 | 04
#1573-d299 @A: 20 19 02 08 | 06
#1574-d299 @A: 01 08 35 31 | 10
#1575-d299 @A: 35 14 08 15 | 03
#1576-d299 @A: 10 08 29 35 | 09
#1577-d299 @A: 35 26 09 08 | 11
#1578-d299 @A: 18 09 31 08 | 08
#1579-d299 @A: 08 10 26 05 | 02
#1580-d299 @A: 03 23 16 08 | 12
#1581-d299 @A: 08 24 20 29 | 01
#1582-d299 @A: 16 07 32 08 | 07
#1583-d299 @A: 20 28 08 16 | 05
#1584-d299 @A: 02 13 04 05 | 04
#1585-d299 @A: 14 25 04 17 | 06
#1586-d299 @A: 04 12 07 11 | 10
#1587-d299 @A: 23 04 19 01 | 03
#1588-d299 @A: 09 04 14 19 | 09
#1589-d299 @A: 32 27 19 04 | 11
#1590-d299 @A: 14 31 11 04 | 08
#1591-d299 @A: 14 03 05 04 | 02
#1592-d299 @A: 04 06 17 30 | 12
#1593-d299 @A: 11 15 05 04 | 01
#1594-d299 @A: 26 11 30 04 | 07
#1595-d299 @A: 30 04 31 27 | 05
#1596-d299 @A: 24 34 04 33 | 04
#1597-d299 @A: 04 20 26 33 | 06
#1598-d299 @A: 09 32 28 04 | 10
#1599-d299 @A: 02 03 25 21 | 03
#1600-d299 @A: 14 35 21 32 | 09
#1601-d299 @A: 09 21 05 35 | 11
#1602-d299 @A: 11 13 21 18 | 08
#1603-d299 @A: 21 11 33 34 | 02
#1604-d299 @A: 11 15 32 21 | 12
#1605-d299 @A: 05 21 13 26 | 01
#1606-d299 @A: 03 13 07 21 | 07
#1607-d299 @A: 32 21 16 13 | 05
#1608-d299 @A: 24 16 21 31 | 04
#1609-d299 @A: 13 12 02 17 | 06
#1610-d299 @A: 23 05 12 02 | 10
#1611-d299 @A: 02 14 35 29 | 03
#1612-d299 @A: 02 27 31 01 | 09
#1613-d299 @A: 24 14 02 07 | 11
#1614-d299 @A: 16 05 27 02 | 08
#1615-d299 @A: 24 02 26 33 | 02
#1616-d299 @A: 09 02 06 31 | 12
#1617-d299 @A: 01 14 12 25 | 01
#1618-d299 @A: 05 26 25 35 | 07
#1619-d299 @A: 10 19 25 07 | 05
#1620-d299 @A: 19 09 24 25 | 04
#1621-d299 @A: 06 11 25 14 | 06
#1622-d299 @A: 24 14 25 13 | 10
#1623-d299 @A: 14 25 26 31 | 03
#1624-d299 @A: 24 25 17 27 | 09
#1625-d299 @A: 27 32 13 25 | 11
#1626-d299 @A: 09 31 25 33 | 08
#1627-d299 @A: 16 25 24 06 | 02
#1628-d299 @A: 31 12 20 19 | 12
#1629-d299 @A: 12 17 15 18 | 01
#1630-d299 @A: 06 34 12 18 | 07
#1631-d299 @A: 14 24 12 17 | 05
#1632-d299 @A: 28 12 11 13 | 04
#1633-d299 @A: 20 33 12 29 | 06
#1634-d299 @A: 30 03 06 12 | 10
#1635-d299 @A: 16 24 28 12 | 03
#1636-d299 @A: 11 31 35 34 | 09
#1637-d299 @A: 07 11 35 26 | 11
#1638-d299 @A: 27 35 29 15 | 08
#1639-d299 @A: 35 13 09 28 | 02
#1640-d299 @A: 07 03 35 31 | 12
#1641-d299 @A: 35 09 30 31 | 01
#1642-d299 @A: 18 19 31 14 | 07
#1643-d299 @A: 19 05 01 31 | 05
#1644-d299 @A: 01 28 19 15 | 04
#1645-d299 @A: 24 20 03 19 | 06
#1646-d299 @A: 09 19 06 30 | 10
#1647-d299 @A: 18 09 01 17 | 03
#1648-d299 @A: 05 17 26 18 | 09
#1649-d299 @A: 30 23 26 18 | 11
#1650-d299 @A: 07 31 18 23 | 08
#1651-d299 @A: 31 18 30 28 | 02
#1652-d299 @A: 32 20 15 18 | 12
#1653-d299 @A: 10 14 31 01 | 01
#1654-d299 @A: 31 14 15 01 | 07
#1655-d299 @A: 17 34 23 01 | 05
#1656-d299 @A: 33 01 06 30 | 04
#1657-d299 @A: 14 17 03 27 | 06
#1658-d299 @A: 32 07 14 17 | 10
#1659-d299 @A: 14 10 05 33 | 03
#1660-d299 @A: 14 30 24 33 | 09
#1661-d299 @A: 15 14 03 30 | 11
#1662-d299 @A: 28 14 16 31 | 08
#1663-d299 @A: 32 06 17 11 | 02
#1664-d299 @A: 26 20 34 17 | 12
#1665-d299 @A: 06 13 17 23 | 01
#1666-d299 @A: 24 07 23 17 | 07
#1667-d299 @A: 28 17 15 24 | 05
#1668-d299 @A: 31 11 24 10 | 04
#1669-d299 @A: 11 03 15 29 | 06
#1670-d299 @A: 11 06 07 13 | 10
#1671-d299 @A: 13 26 10 33 | 03
#1672-d299 @A: 13 24 10 16 | 09
#1673-d299 @A: 10 09 06 26 | 11
#1674-d299 @A: 15 03 10 09 | 08
#1675-d299 @A: 26 29 27 20 | 02
#1676-d299 @A: 29 28 03 27 | 12
#1677-d299 @A: 13 03 27 33 | 01
#1678-d299 @A: 27 26 16 30 | 07
#1679-d299 @A: 03 31 20 27 | 05
#1680-d299 @A: 09 27 32 15 | 04
#1681-d299 @A: 15 29 23 34 | 06
#1682-d299 @A: 13 07 34 23 | 10
#1683-d299 @A: 34 23 16 09 | 03
#1684-d299 @A: 24 23 34 32 | 09
#1685-d299 @A: 05 23 32 07 | 11
#1686-d299 @A: 29 32 30 05 | 08
#1687-d299 @A: 24 05 03 26 | 02
#1688-d299 @A: 24 07 06 05 | 12
#1689-d299 @A: 30 15 32 24 | 01
