#0001-d139 @A: 28 23 35 21 | 12
#0002-d139 @A: 20 28 16 14 | 11
#0003-d139 @A: 14 13 21 28 | 02
#0004-d139 @A: 07 30 16 28 | 03
#0005-d139 @A: 23 28 07 03 | 10
#0006-d139 @A: 28 16 15 21 | 08
#0007-d139 @A: 28 16 06 24 | 05
#0008-d139 @A: 28 26 22 12 | 09
#0009-d139 @A: 10 24 23 28 | 01
#0010-d139 @A: 28 10 19 11 | 06
#0011-d139 @A: 31 13 05 28 | 07
#0012-d139 @A: 20 29 34 28 | 04
#0013-d139 @A: 09 28 29 22 | 12
#0014-d139 @A: 11 24 28 03 | 11
#0015-d139 @A: 28 20 11 04 | 02
#0016-d139 @A: 24 28 22 20 | 03
#0017-d139 @A: 28 13 04 09 | 10
#0018-d139 @A: 28 34 13 22 | 08
#0019-d139 @A: 35 02 11 14 | 05
#0020-d139 @A: 10 14 08 35 | 09
#0021-d139 @A: 35 19 14 18 | 01
#0022-d139 @A: 02 07 03 35 | 06
#0023-d139 @A: 23 10 04 35 | 07
#0024-d139 @A: 11 23 15 35 | 04
#0025-d139 @A: 35 29 23 19 | 12
#0026-d139 @A: 23 09 35 06 | 11
#0027-d139 @A: 18 10 32 35 | 02
#0028-d139 @A: 06 15 35 05 | 03
#0029-d139 @A: 35 34 25 19 | 10
#0030-d139 @A: 22 06 35 25 | 08
#0031-d139 @A: 08 35 31 03 | 05
#0032-d139 @A: 35 20 03 29 | 09
#0033-d139 @A: 22 35 08 04 | 01
#0034-d139 @A: 07 14 17 32 | 06
#0035-d139 @A: 07 27 14 19 | 07
#0036-d139 @A: 14 04 07 10 | 04
#0037-d139 @A: 17 25 03 14 | 12
#0038-d139 @A: 14 18 21 17 | 11
#0039-d139 @A: 12 32 14 18 | 02
#0040-d139 @A: 08 23 14 27 | 03
#0041-d139 @A: 14 29 34 27 | 10
#0042-d139 @A: 29 02 14 30 | 08
#0043-d139 @A: 29 15 14 26 | 05
#0044-d139 @A: 31 03 14 04 | 09
#0045-d139 @A: 29 14 20 04 | 01
#0046-d139 @A: 25 14 24 21 | 06
#0047-d139 @A: 21 16 07 26 | 07
#0048-d139 @A: 34 10 12 07 | 04
#0049-d139 @A: 33 02 15 07 | 12
#0050-d139 @A: 07 27 22 05 | 11
#0051-d139 @A: 02 07 09 11 | 02
#0052-d139 @A: 05 07 10 32 | 03
#0053-d139 @A: 26 32 03 07 | 10
#0054-d139 @A: 13 01 19 07 | 08
#0055-d139 @A: 07 31 22 24 | 05
#0056-d139 @A: 07 20 21 08 | 09
#0057-d139 @A: 11 07 30 24 | 01
#0058-d139 @A: 22 07 18 34 | 06
#0059-d139 @A: 04 17 23 16 | 07
#0060-d139 @A: 02 20 17 16 | 04
#0061-d139 @A: 17 33 23 20 | 12
#0062-d139 @A: 05 02 17 23 | 11
#0063-d139 @A: 08 17 23 06 | 02
#0064-d139 @A: 17 09 31 27 | 03
#0065-d139 @A: 17 06 01 21 | 10
#0066-d139 @A: 17 29 20 18 | 08
#0067-d139 @A: 22 08 20 17 | 05
#0068-d139 @A: 34 21 17 30 | 09
#0069-d139 @A: 13 08 17 18 | 01
#0070-d139 @A: 05 16 19 12 | 06
#0071-d139 @A: 15 16 18 23 | 07
#0072-d139 @A: 32 16 23 09 | 04
#0073-d139 @A: 27 10 18 16 | 12
#0074-d139 @A: 16 27 05 26 | 11
#0075-d139 @A: 25 29 16 27 | 02
#0076-d139 @A: 32 24 10 16 | 03
#0077-d139 @A: 25 01 32 16 | 10
#0078-d139 @A: 29 19 16 22 | 08
#0079-d139 @A: 16 25 06 09 | 05
#0080-d139 @A: 18 16 29 05 | 09
#0081-d139 @A: 13 20 18 16 | 01
#0082-d139 @A: 24 30 16 08 | 06
#0083-d139 @A: 16 04 24 18 | 07
#0084-d139 @A: 16 18 08 11 | 04
#0085-d139 @A: 27 15 25 12 | 12
#0086-d139 @A: 12 24 21 10 | 11
#0087-d139 @A: 11 22 31 12 | 02
#0088-d139 @A: 29 12 03 22 | 03
#0089-d139 @A: 03 12 09 13 | 10
#0090-d139 @A: 34 12 18 20 | 08
#0091-d139 @A: 23 09 02 33 | 05
#0092-d139 @A: 06 23 11 33 | 09
#0093-d139 @A: 20 18 23 27 | 01
#0094-d139 @A: 03 10 32 23 | 06
#0095-d139 @A: 10 06 18 23 | 07
#0096-d139 @A: 15 05 23 01 | 04
#0097-d139 @A: 13 23 31 15 | 12
#0098-d139 @A: 26 19 23 18 | 11
#0099-d139 @A: 25 23 34 18 | 02
#0100-d139 @A: 25 22 23 21 | 03
#0101-d139 @A: 33 27 10 34 | 10
#0102-d139 @A: 33 27 03 19 | 08
#0103-d139 @A: 32 29 10 33 | 05
#0104-d139 @A: 18 15 26 33 | 09
#0105-d139 @A: 30 33 13 20 | 01
#0106-d139 @A: 05 30 33 09 | 06
#0107-d139 @A: 02 01 09 27 | 07
#0108-d139 @A: 27 11 29 02 | 04
#0109-d139 @A: 29 01 10 27 | 12
#0110-d139 @A: 20 15 27 29 | 11
#0111-d139 @A: 26 18 27 32 | 02
#0112-d139 @A: 05 27 04 32 | 03
#0113-d139 @A: 04 26 27 19 | 10
#0114-d139 @A: 01 13 27 26 | 08
#0115-d139 @A: 27 06 25 34 | 05
#0116-d139 @A: 27 30 04 31 | 09
#0117-d139 @A: 29 27 04 22 | 01
#0118-d139 @A: 21 13 09 27 | 06
#0119-d139 @A: 34 22 27 21 | 07
#0120-d139 @A: 27 08 25 22 | 04
#0121-d139 @A: 10 32 11 02 | 12
#0122-d139 @A: 02 01 05 10 | 11
#0123-d139 @A: 31 04 18 02 | 02
#0124-d139 @A: 18 08 22 02 | 03
#0125-d139 @A: 02 25 22 04 | 10
#0126-d139 @A: 21 32 10 19 | 08
#0127-d139 @A: 21 03 10 01 | 05
#0128-d139 @A: 10 05 24 18 | 09
#0129-d139 @A: 10 11 22 13 | 01
#0130-d139 @A: 19 01 15 24 | 06
#0131-d139 @A: 24 34 15 25 | 07
#0132-d139 @A: 03 32 18 21 | 04
#0133-d139 @A: 24 32 20 18 | 12
#0134-d139 @A: 18 32 05 34 | 11
#0135-d139 @A: 21 29 30 19 | 02
#0136-d139 @A: 11 19 29 13 | 03
#0137-d139 @A: 19 05 09 03 | 10
#0138-d139 @A: 20 19 08 18 | 08
#0139-d139 @A: 19 18 05 11 | 05
#0140-d139 @A: 24 06 31 01 | 09
#0141-d139 @A: 20 01 13 34 | 01
#0142-d139 @A: 04 09 18 01 | 06
#0143-d139 @A: 11 34 01 24 | 07
#0144-d139 @A: 21 22 26 06 | 04
#0145-d139 @A: 05 21 31 26 | 12
#0146-d139 @A: 34 04 26 30 | 11
#0147-d139 @A: 26 05 30 11 | 02
#0148-d139 @A: 11 18 21 26 | 03
#0149-d139 @A: 24 06 29 03 | 10
#0150-d139 @A: 06 20 22 18 | 08
#0151-d139 @A: 34 05 06 09 | 05
#0152-d139 @A: 21 13 06 25 | 09
#0153-d139 @A: 25 34 29 13 | 01
#0154-d139 @A: 24 28 14 35 | 06
#0155-d139 @A: 29 28 35 12 | 07
#0156-d139 @A: 14 17 28 04 | 04
#0157-d139 @A: 32 14 28 08 | 12
#0158-d139 @A: 14 18 28 26 | 11
#0159-d139 @A: 25 28 34 14 | 02
#0160-d139 @A: 28 12 27 05 | 03
#0161-d139 @A: 19 22 23 28 | 10
#0162-d139 @A: 32 28 33 03 | 08
#0163-d139 @A: 20 27 13 28 | 05
#0164-d139 @A: 27 20 25 28 | 09
#0165-d139 @A: 26 20 28 02 | 01
#0166-d139 @A: 34 02 28 08 | 06
#0167-d139 @A: 28 11 30 29 | 07
#0168-d139 @A: 28 24 30 13 | 04
#0169-d139 @A: 24 09 05 28 | 12
#0170-d139 @A: 14 07 35 31 | 11
#0171-d139 @A: 22 17 33 35 | 02
#0172-d139 @A: 27 17 35 18 | 03
#0173-d139 @A: 15 35 17 24 | 10
#0174-d139 @A: 35 17 19 08 | 08
#0175-d139 @A: 35 08 24 12 | 05
#0176-d139 @A: 23 35 08 32 | 09
#0177-d139 @A: 06 35 02 13 | 01
#0178-d139 @A: 10 06 35 26 | 06
#0179-d139 @A: 35 15 32 29 | 07
#0180-d139 @A: 32 04 35 26 | 04
#0181-d139 @A: 32 20 35 06 | 12
#0182-d139 @A: 01 35 04 25 | 11
#0183-d139 @A: 29 18 35 06 | 02
#0184-d139 @A: 35 31 04 24 | 03
#0185-d139 @A: 20 30 18 35 | 10
#0186-d139 @A: 05 25 30 35 | 08
#0187-d139 @A: 33 07 14 13 | 05
#0188-d139 @A: 23 25 14 16 | 09
#0189-d139 @A: 14 12 26 13 | 01
#0190-d139 @A: 33 23 34 14 | 06
#0191-d139 @A: 14 29 05 23 | 07
#0192-d139 @A: 33 14 27 18 | 04
#0193-d139 @A: 27 05 06 14 | 12
#0194-d139 @A: 04 02 26 14 | 11
#0195-d139 @A: 06 32 13 14 | 02
#0196-d139 @A: 14 25 06 32 | 03
#0197-d139 @A: 16 05 01 07 | 10
#0198-d139 @A: 16 25 30 07 | 08
#0199-d139 @A: 12 09 27 07 | 05
#0200-d139 @A: 15 21 12 07 | 09
#0201-d139 @A: 22 07 06 12 | 01
#0202-d139 @A: 23 07 15 20 | 06
#0203-d139 @A: 07 10 09 33 | 07
#0204-d139 @A: 07 29 33 22 | 04
#0205-d139 @A: 31 07 10 01 | 12
#0206-d139 @A: 18 07 10 26 | 11
#0207-d139 @A: 07 08 29 32 | 02
#0208-d139 @A: 07 29 34 31 | 03
#0209-d139 @A: 30 05 07 31 | 10
#0210-d139 @A: 07 18 29 30 | 08
#0211-d139 @A: 25 17 18 12 | 05
#0212-d139 @A: 17 01 13 33 | 09
#0213-d139 @A: 03 17 33 29 | 01
#0214-d139 @A: 17 27 10 05 | 06
#0215-d139 @A: 02 17 09 26 | 07
#0216-d139 @A: 17 02 03 06 | 04
#0217-d139 @A: 29 17 32 06 | 12
#0218-d139 @A: 17 32 24 13 | 11
#0219-d139 @A: 25 30 06 17 | 02
#0220-d139 @A: 24 30 17 31 | 03
#0221-d139 @A: 03 17 24 18 | 10
#0222-d139 @A: 05 17 13 22 | 08
#0223-d139 @A: 10 02 16 12 | 05
#0224-d139 @A: 05 16 10 23 | 09
#0225-d139 @A: 23 31 26 16 | 01
#0226-d139 @A: 16 33 04 10 | 06
#0227-d139 @A: 26 16 02 24 | 07
#0228-d139 @A: 06 16 18 02 | 04
#0229-d139 @A: 16 06 29 15 | 12
#0230-d139 @A: 16 20 26 32 | 11
#0231-d139 @A: 24 03 16 25 | 02
#0232-d139 @A: 21 08 16 13 | 03
#0233-d139 @A: 04 08 16 05 | 10
#0234-d139 @A: 34 23 27 12 | 08
#0235-d139 @A: 12 26 04 23 | 05
#0236-d139 @A: 06 12 23 03 | 09
#0237-d139 @A: 06 15 12 13 | 01
#0238-d139 @A: 19 03 12 32 | 06
#0239-d139 @A: 32 12 24 25 | 07
#0240-d139 @A: 18 12 09 06 | 04
#0241-d139 @A: 20 05 12 03 | 12
#0242-d139 @A: 21 12 34 09 | 11
#0243-d139 @A: 26 25 23 15 | 02
#0244-d139 @A: 06 25 11 23 | 03
#0245-d139 @A: 23 21 20 30 | 10
#0246-d139 @A: 24 23 21 09 | 08
#0247-d139 @A: 05 23 09 22 | 05
#0248-d139 @A: 13 11 23 18 | 09
#0249-d139 @A: 33 02 27 32 | 01
#0250-d139 @A: 18 10 20 33 | 06
#0251-d139 @A: 19 13 33 15 | 07
#0252-d139 @A: 32 01 11 33 | 04
#0253-d139 @A: 29 33 08 09 | 12
#0254-d139 @A: 03 09 33 21 | 11
#0255-d139 @A: 34 27 26 02 | 02
#0256-d139 @A: 13 27 32 31 | 03
#0257-d139 @A: 30 03 27 21 | 10
#0258-d139 @A: 24 03 34 27 | 08
#0259-d139 @A: 27 04 20 21 | 05
#0260-d139 @A: 04 13 27 34 | 09
#0261-d139 @A: 10 02 09 30 | 01
#0262-d139 @A: 02 19 25 01 | 06
#0263-d139 @A: 06 24 02 05 | 07
#0264-d139 @A: 02 34 29 22 | 04
#0265-d139 @A: 04 02 11 30 | 12
#0266-d139 @A: 10 20 32 31 | 11
#0267-d139 @A: 08 10 03 05 | 02
#0268-d139 @A: 20 30 10 04 | 03
#0269-d139 @A: 13 10 30 08 | 10
#0270-d139 @A: 32 05 15 26 | 08
#0271-d139 @A: 04 32 15 06 | 05
#0272-d139 @A: 03 31 19 15 | 09
#0273-d139 @A: 20 03 21 15 | 01
#0274-d139 @A: 03 08 15 22 | 06
#0275-d139 @A: 21 15 30 11 | 07
#0276-d139 @A: 21 15 08 34 | 04
#0277-d139 @A: 32 25 19 18 | 12
#0278-d139 @A: 13 32 03 04 | 11
#0279-d139 @A: 20 19 29 31 | 02
#0280-d139 @A: 21 03 13 19 | 03
#0281-d139 @A: 09 19 04 20 | 10
#0282-d139 @A: 20 19 22 05 | 08
#0283-d139 @A: 04 30 19 18 | 05
#0284-d139 @A: 22 01 13 03 | 09
#0285-d139 @A: 30 09 08 01 | 01
#0286-d139 @A: 34 05 30 01 | 06
#0287-d139 @A: 08 31 11 26 | 07
#0288-d139 @A: 03 26 21 29 | 04
#0289-d139 @A: 26 09 34 03 | 12
#0290-d139 @A: 08 26 04 20 | 11
#0291-d139 @A: 06 34 30 29 | 02
#0292-d139 @A: 30 18 21 25 | 03
#0293-d139 @A: 08 25 21 09 | 10
#0294-d139 @A: 28 35 13 19 | 08
#0295-d139 @A: 14 29 28 07 | 05
#0296-d139 @A: 08 17 28 10 | 09
#0297-d139 @A: 33 28 18 12 | 01
#0298-d139 @A: 28 01 24 02 | 06
#0299-d139 @A: 06 04 10 28 | 07
#0300-d139 @A: 10 09 34 28 | 04
#0301-d139 @A: 05 28 32 01 | 12
#0302-d139 @A: 28 06 32 21 | 11
#0303-d139 @A: 19 05 06 28 | 02
#0304-d139 @A: 13 28 01 25 | 03
#0305-d139 @A: 29 05 28 21 | 10
#0306-d139 @A: 04 24 29 28 | 08
#0307-d139 @A: 22 28 03 25 | 05
#0308-d139 @A: 08 20 25 28 | 09
#0309-d139 @A: 35 14 09 32 | 01
#0310-d139 @A: 07 35 17 34 | 06
#0311-d139 @A: 15 35 07 16 | 07
#0312-d139 @A: 12 07 35 05 | 04
#0313-d139 @A: 35 25 07 09 | 12
#0314-d139 @A: 25 35 12 13 | 11
#0315-d139 @A: 35 32 27 01 | 02
#0316-d139 @A: 18 01 35 15 | 03
#0317-d139 @A: 19 35 03 04 | 10
#0318-d139 @A: 35 20 21 01 | 08
#0319-d139 @A: 34 20 35 31 | 05
#0320-d139 @A: 11 35 34 13 | 09
#0321-d139 @A: 14 11 07 12 | 01
#0322-d139 @A: 30 14 01 07 | 06
#0323-d139 @A: 14 11 17 01 | 07
#0324-d139 @A: 14 10 16 15 | 04
#0325-d139 @A: 23 24 14 13 | 12
#0326-d139 @A: 33 15 20 14 | 11
#0327-d139 @A: 19 14 25 33 | 02
#0328-d139 @A: 33 01 08 14 | 03
#0329-d139 @A: 27 11 14 10 | 10
#0330-d139 @A: 09 14 22 19 | 08
#0331-d139 @A: 25 14 22 01 | 05
#0332-d139 @A: 13 14 29 03 | 09
#0333-d139 @A: 14 34 03 21 | 01
#0334-d139 @A: 21 08 30 14 | 06
#0335-d139 @A: 05 14 11 21 | 07
#0336-d139 @A: 25 04 14 05 | 04
#0337-d139 @A: 29 21 17 07 | 12
#0338-d139 @A: 22 16 23 07 | 11
#0339-d139 @A: 02 23 25 07 | 02
#0340-d139 @A: 10 02 07 21 | 03
#0341-d139 @A: 07 19 05 02 | 10
#0342-d139 @A: 07 10 06 11 | 08
#0343-d139 @A: 21 24 07 32 | 05
#0344-d139 @A: 07 06 04 01 | 09
#0345-d139 @A: 07 24 26 25 | 01
#0346-d139 @A: 07 09 03 24 | 06
#0347-d139 @A: 07 25 11 21 | 07
#0348-d139 @A: 17 21 33 27 | 04
#0349-d139 @A: 32 19 30 17 | 12
#0350-d139 @A: 17 19 06 24 | 11
#0351-d139 @A: 25 01 17 31 | 02
#0352-d139 @A: 30 03 11 17 | 03
#0353-d139 @A: 17 24 08 09 | 10
#0354-d139 @A: 32 08 12 16 | 08
#0355-d139 @A: 33 27 16 08 | 05
#0356-d139 @A: 26 22 33 16 | 09
#0357-d139 @A: 20 06 16 33 | 01
#0358-d139 @A: 11 16 33 05 | 06
#0359-d139 @A: 16 20 31 27 | 07
#0360-d139 @A: 16 15 02 22 | 04
#0361-d139 @A: 16 11 02 19 | 12
#0362-d139 @A: 02 25 20 16 | 11
#0363-d139 @A: 19 26 16 13 | 02
#0364-d139 @A: 24 16 31 05 | 03
#0365-d139 @A: 03 09 08 16 | 10
#0366-d139 @A: 34 16 05 03 | 08
#0367-d139 @A: 20 04 16 34 | 05
#0368-d139 @A: 22 12 10 23 | 09
#0369-d139 @A: 05 33 15 12 | 01
#0370-d139 @A: 12 33 06 08 | 06
#0371-d139 @A: 12 02 32 29 | 07
#0372-d139 @A: 15 26 12 34 | 04
#0373-d139 @A: 22 12 19 24 | 12
#0374-d139 @A: 22 12 04 20 | 11
#0375-d139 @A: 34 21 12 25 | 02
#0376-d139 @A: 12 08 22 05 | 03
#0377-d139 @A: 27 19 21 23 | 10
#0378-d139 @A: 30 32 18 23 | 08
#0379-d139 @A: 23 03 18 01 | 05
#0380-d139 @A: 21 31 23 29 | 09
#0381-d139 @A: 31 23 24 34 | 01
#0382-d139 @A: 29 20 09 23 | 06
#0383-d139 @A: 18 08 23 29 | 07
#0384-d139 @A: 13 20 05 23 | 04
#0385-d139 @A: 04 21 23 13 | 12
#0386-d139 @A: 02 33 24 19 | 11
#0387-d139 @A: 33 10 01 25 | 02
#0388-d139 @A: 26 11 33 10 | 03
#0389-d139 @A: 06 03 33 15 | 10
#0390-d139 @A: 18 33 09 24 | 08
#0391-d139 @A: 33 13 08 34 | 05
#0392-d139 @A: 04 27 15 10 | 09
#0393-d139 @A: 21 29 18 27 | 01
#0394-d139 @A: 08 27 22 11 | 06
#0395-d139 @A: 02 08 04 15 | 07
#0396-d139 @A: 06 19 02 09 | 04
#0397-d139 @A: 20 02 18 03 | 12
#0398-d139 @A: 10 19 15 30 | 11
#0399-d139 @A: 15 10 18 08 | 02
#0400-d139 @A: 24 10 34 20 | 03
#0401-d139 @A: 15 29 19 25 | 10
#0402-d139 @A: 15 22 06 11 | 08
#0403-d139 @A: 34 05 15 29 | 05
#0404-d139 @A: 09 15 05 21 | 09
#0405-d139 @A: 15 09 22 24 | 01
#0406-d139 @A: 18 13 19 32 | 06
#0407-d139 @A: 06 32 01 30 | 07
#0408-d139 @A: 32 29 09 25 | 04
#0409-d139 @A: 32 34 25 04 | 12
#0410-d139 @A: 03 26 19 01 | 11
#0411-d139 @A: 06 34 19 20 | 02
#0412-d139 @A: 04 19 21 05 | 03
#0413-d139 @A: 01 09 34 22 | 10
#0414-d139 @A: 08 21 05 01 | 08
#0415-d139 @A: 03 20 06 26 | 05
#0416-d139 @A: 05 18 26 06 | 09
#0417-d139 @A: 31 26 30 03 | 01
#0418-d139 @A: 26 08 29 22 | 06
#0419-d139 @A: 09 20 26 21 | 07
#0420-d139 @A: 26 11 09 13 | 04
#0421-d139 @A: 26 34 22 05 | 12
#0422-d139 @A: 18 06 21 13 | 11
#0423-d139 @A: 13 24 06 22 | 02
#0424-d139 @A: 35 34 26 28 | 03
#0425-d139 @A: 17 07 28 05 | 10
#0426-d139 @A: 04 28 07 12 | 08
#0427-d139 @A: 33 07 34 28 | 05
#0428-d139 @A: 02 28 07 13 | 09
#0429-d139 @A: 28 10 20 07 | 01
#0430-d139 @A: 28 22 27 17 | 06
#0431-d139 @A: 28 32 17 20 | 07
#0432-d139 @A: 28 01 12 16 | 04
#0433-d139 @A: 23 04 28 01 | 12
#0434-d139 @A: 29 28 33 15 | 11
#0435-d139 @A: 06 18 27 28 | 02
#0436-d139 @A: 21 11 02 28 | 03
#0437-d139 @A: 28 32 25 31 | 10
#0438-d139 @A: 18 13 28 29 | 08
#0439-d139 @A: 18 20 21 28 | 05
#0440-d139 @A: 29 14 17 35 | 09
#0441-d139 @A: 35 04 14 16 | 01
#0442-d139 @A: 35 01 13 14 | 06
#0443-d139 @A: 07 33 35 20 | 07
#0444-d139 @A: 35 27 16 19 | 04
#0445-d139 @A: 26 35 16 25 | 12
#0446-d139 @A: 35 12 19 34 | 11
#0447-d139 @A: 35 12 30 04 | 02
#0448-d139 @A: 10 35 25 23 | 03
#0449-d139 @A: 18 25 33 35 | 10
#0450-d139 @A: 11 27 25 35 | 08
#0451-d139 @A: 35 25 03 02 | 05
#0452-d139 @A: 05 10 35 19 | 09
#0453-d139 @A: 35 29 11 22 | 01
#0454-d139 @A: 35 34 18 24 | 06
#0455-d139 @A: 17 09 14 33 | 07
#0456-d139 @A: 12 03 16 14 | 04
#0457-d139 @A: 19 14 16 24 | 12
#0458-d139 @A: 16 14 30 05 | 11
#0459-d139 @A: 12 14 24 34 | 02
#0460-d139 @A: 03 14 23 15 | 03
#0461-d139 @A: 33 22 14 32 | 10
#0462-d139 @A: 27 32 03 14 | 08
#0463-d139 @A: 01 05 14 19 | 05
#0464-d139 @A: 14 22 29 18 | 09
#0465-d139 @A: 13 18 14 34 | 01
#0466-d139 @A: 11 04 13 14 | 06
#0467-d139 @A: 22 08 14 24 | 07
#0468-d139 @A: 07 12 02 24 | 04
#0469-d139 @A: 07 13 08 12 | 12
#0470-d139 @A: 10 23 08 07 | 11
#0471-d139 @A: 23 32 11 07 | 02
#0472-d139 @A: 07 10 15 03 | 03
#0473-d139 @A: 07 22 04 19 | 10
#0474-d139 @A: 06 20 30 07 | 08
#0475-d139 @A: 29 07 20 13 | 05
#0476-d139 @A: 03 07 08 11 | 09
#0477-d139 @A: 10 16 25 17 | 01
#0478-d139 @A: 32 17 16 34 | 06
#0479-d139 @A: 18 17 23 12 | 07
#0480-d139 @A: 23 17 24 11 | 04
#0481-d139 @A: 17 08 32 02 | 12
#0482-d139 @A: 02 17 21 19 | 11
#0483-d139 @A: 17 25 02 05 | 02
#0484-d139 @A: 22 32 17 15 | 03
#0485-d139 @A: 29 17 01 15 | 10
#0486-d139 @A: 19 05 17 26 | 08
#0487-d139 @A: 19 13 17 09 | 05
#0488-d139 @A: 31 13 21 17 | 09
#0489-d139 @A: 17 30 13 29 | 01
#0490-d139 @A: 05 29 17 08 | 06
#0491-d139 @A: 20 04 17 13 | 07
#0492-d139 @A: 25 17 09 34 | 04
#0493-d139 @A: 12 04 15 16 | 12
#0494-d139 @A: 12 26 30 16 | 11
#0495-d139 @A: 33 03 23 16 | 02
#0496-d139 @A: 10 16 06 21 | 03
#0497-d139 @A: 16 04 06 09 | 10
#0498-d139 @A: 13 30 11 16 | 08
#0499-d139 @A: 34 11 09 16 | 05
#0500-d139 @A: 24 16 11 21 | 09
#0501-d139 @A: 12 26 03 33 | 01
#0502-d139 @A: 12 27 08 10 | 06
#0503-d139 @A: 27 24 12 26 | 07
#0504-d139 @A: 19 02 13 12 | 04
#0505-d139 @A: 20 12 11 02 | 12
#0506-d139 @A: 24 12 32 06 | 11
#0507-d139 @A: 12 19 26 08 | 02
#0508-d139 @A: 25 08 26 12 | 03
#0509-d139 @A: 29 12 20 30 | 10
#0510-d139 @A: 12 08 03 04 | 08
#0511-d139 @A: 12 30 22 09 | 05
#0512-d139 @A: 12 09 04 24 | 09
#0513-d139 @A: 12 09 08 11 | 01
#0514-d139 @A: 22 11 25 12 | 06
#0515-d139 @A: 23 02 01 31 | 07
#0516-d139 @A: 13 23 19 10 | 04
#0517-d139 @A: 23 06 21 34 | 12
#0518-d139 @A: 23 20 22 03 | 11
#0519-d139 @A: 23 21 11 03 | 02
#0520-d139 @A: 23 25 03 08 | 03
#0521-d139 @A: 23 13 34 30 | 10
#0522-d139 @A: 05 01 33 27 | 08
#0523-d139 @A: 33 27 06 29 | 05
#0524-d139 @A: 15 32 21 33 | 09
#0525-d139 @A: 09 15 25 33 | 01
#0526-d139 @A: 25 32 33 26 | 06
#0527-d139 @A: 33 31 34 03 | 07
#0528-d139 @A: 29 33 18 04 | 04
#0529-d139 @A: 20 24 33 08 | 12
#0530-d139 @A: 24 02 27 10 | 11
#0531-d139 @A: 02 06 27 04 | 02
#0532-d139 @A: 19 27 10 20 | 03
#0533-d139 @A: 15 06 30 27 | 10
#0534-d139 @A: 18 01 27 22 | 08
#0535-d139 @A: 27 30 11 34 | 05
#0536-d139 @A: 19 02 10 34 | 09
#0537-d139 @A: 31 15 02 26 | 01
#0538-d139 @A: 02 20 06 15 | 06
#0539-d139 @A: 32 02 01 18 | 07
#0540-d139 @A: 24 20 29 02 | 04
#0541-d139 @A: 11 02 05 03 | 12
#0542-d139 @A: 30 34 24 02 | 11
#0543-d139 @A: 19 31 10 26 | 02
#0544-d139 @A: 10 11 30 01 | 03
#0545-d139 @A: 13 06 05 10 | 10
#0546-d139 @A: 30 25 10 29 | 08
#0547-d139 @A: 22 10 21 29 | 05
#0548-d139 @A: 18 34 10 03 | 09
#0549-d139 @A: 24 22 25 10 | 01
#0550-d139 @A: 11 08 15 29 | 06
#0551-d139 @A: 31 32 22 18 | 07
#0552-d139 @A: 03 32 09 29 | 04
#0553-d139 @A: 22 13 31 19 | 12
#0554-d139 @A: 03 34 08 19 | 11
#0555-d139 @A: 11 19 03 22 | 02
#0556-d139 @A: 21 19 22 08 | 03
#0557-d139 @A: 26 09 25 01 | 10
#0558-d139 @A: 13 31 08 01 | 08
#0559-d139 @A: 01 29 03 05 | 05
#0560-d139 @A: 31 05 25 06 | 09
#0561-d139 @A: 20 11 06 29 | 01
#0562-d139 @A: 06 25 24 20 | 06
#0563-d139 @A: 06 05 30 04 | 07
#0564-d139 @A: 07 28 15 11 | 04
#0565-d139 @A: 28 25 17 15 | 12
#0566-d139 @A: 27 28 29 16 | 11
#0567-d139 @A: 31 23 28 27 | 02
#0568-d139 @A: 23 30 15 28 | 03
#0569-d139 @A: 05 26 23 28 | 10
#0570-d139 @A: 25 23 30 28 | 08
#0571-d139 @A: 33 28 21 25 | 05
#0572-d139 @A: 08 28 01 27 | 09
#0573-d139 @A: 03 28 02 22 | 01
#0574-d139 @A: 23 14 35 20 | 06
#0575-d139 @A: 35 27 29 07 | 07
#0576-d139 @A: 07 30 10 35 | 04
#0577-d139 @A: 24 17 25 35 | 12
#0578-d139 @A: 33 35 34 32 | 11
#0579-d139 @A: 05 32 35 21 | 02
#0580-d139 @A: 09 21 35 31 | 03
#0581-d139 @A: 35 18 13 31 | 10
#0582-d139 @A: 31 35 22 05 | 08
#0583-d139 @A: 35 20 05 11 | 05
#0584-d139 @A: 18 05 09 35 | 09
#0585-d139 @A: 11 35 04 18 | 01
#0586-d139 @A: 08 07 16 14 | 06
#0587-d139 @A: 14 15 07 22 | 07
#0588-d139 @A: 26 17 14 08 | 04
#0589-d139 @A: 14 16 11 23 | 12
#0590-d139 @A: 16 02 13 14 | 11
#0591-d139 @A: 14 18 01 16 | 02
#0592-d139 @A: 16 31 14 06 | 03
#0593-d139 @A: 26 23 09 14 | 10
#0594-d139 @A: 02 27 14 20 | 08
#0595-d139 @A: 14 10 06 09 | 05
#0596-d139 @A: 14 06 01 29 | 09
#0597-d139 @A: 06 25 26 14 | 01
#0598-d139 @A: 09 07 16 17 | 06
#0599-d139 @A: 20 17 19 07 | 07
#0600-d139 @A: 07 16 03 19 | 04
#0601-d139 @A: 01 29 07 12 | 12
#0602-d139 @A: 07 13 23 26 | 11
#0603-d139 @A: 05 07 06 23 | 02
#0604-d139 @A: 29 07 24 23 | 03
#0605-d139 @A: 06 03 27 07 | 10
#0606-d139 @A: 10 07 24 19 | 08
#0607-d139 @A: 06 31 15 07 | 05
#0608-d139 @A: 31 15 07 25 | 09
#0609-d139 @A: 13 07 18 15 | 01
#0610-d139 @A: 20 34 26 07 | 06
#0611-d139 @A: 04 31 20 07 | 07
#0612-d139 @A: 11 06 16 17 | 04
#0613-d139 @A: 12 17 27 29 | 12
#0614-d139 @A: 17 12 31 06 | 11
#0615-d139 @A: 12 04 17 21 | 02
#0616-d139 @A: 15 23 17 19 | 03
#0617-d139 @A: 23 17 26 22 | 10
#0618-d139 @A: 34 17 19 27 | 08
#0619-d139 @A: 26 15 17 13 | 05
#0620-d139 @A: 01 19 22 17 | 09
#0621-d139 @A: 17 29 31 11 | 01
#0622-d139 @A: 17 21 08 03 | 06
#0623-d139 @A: 17 04 22 34 | 07
#0624-d139 @A: 09 33 16 12 | 04
#0625-d139 @A: 06 16 12 34 | 12
#0626-d139 @A: 33 02 16 01 | 11
#0627-d139 @A: 16 31 15 33 | 02
#0628-d139 @A: 15 16 27 24 | 03
#0629-d139 @A: 16 06 27 22 | 10
#0630-d139 @A: 08 16 26 10 | 08
#0631-d139 @A: 10 16 22 03 | 05
#0632-d139 @A: 09 19 15 16 | 09
#0633-d139 @A: 16 25 04 31 | 01
#0634-d139 @A: 04 29 30 16 | 06
#0635-d139 @A: 34 22 24 16 | 07
#0636-d139 @A: 12 23 19 11 | 04
#0637-d139 @A: 21 27 12 02 | 12
#0638-d139 @A: 12 06 10 29 | 11
#0639-d139 @A: 12 08 31 34 | 02
#0640-d139 @A: 06 23 24 27 | 03
#0641-d139 @A: 26 23 02 11 | 10
#0642-d139 @A: 22 21 15 23 | 08
#0643-d139 @A: 23 26 32 34 | 05
#0644-d139 @A: 05 34 04 23 | 09
#0645-d139 @A: 33 02 20 22 | 01
#0646-d139 @A: 33 24 15 34 | 06
#0647-d139 @A: 09 33 19 32 | 07
#0648-d139 @A: 32 06 33 18 | 04
#0649-d139 @A: 04 09 33 26 | 12
#0650-d139 @A: 33 21 04 08 | 11
#0651-d139 @A: 05 33 24 04 | 02
#0652-d139 @A: 25 24 04 33 | 03
#0653-d139 @A: 27 02 22 31 | 10
#0654-d139 @A: 27 10 32 30 | 08
#0655-d139 @A: 27 32 08 19 | 05
#0656-d139 @A: 29 09 27 19 | 09
#0657-d139 @A: 11 31 21 27 | 01
#0658-d139 @A: 11 27 03 20 | 06
#0659-d139 @A: 09 27 04 08 | 07
#0660-d139 @A: 34 02 10 25 | 04
#0661-d139 @A: 26 30 32 02 | 12
#0662-d139 @A: 21 31 03 02 | 11
#0663-d139 @A: 02 09 31 24 | 02
#0664-d139 @A: 20 08 02 09 | 03
#0665-d139 @A: 02 05 34 20 | 10
#0666-d139 @A: 09 04 05 02 | 08
#0667-d139 @A: 34 04 21 02 | 05
#0668-d139 @A: 13 32 10 25 | 09
#0669-d139 @A: 01 04 10 19 | 01
#0670-d139 @A: 10 25 24 31 | 06
#0671-d139 @A: 10 11 34 29 | 07
#0672-d139 @A: 03 04 10 11 | 04
#0673-d139 @A: 22 10 30 05 | 12
#0674-d139 @A: 10 18 21 04 | 11
#0675-d139 @A: 19 06 21 15 | 02
#0676-d139 @A: 19 05 15 08 | 03
#0677-d139 @A: 13 03 24 15 | 10
#0678-d139 @A: 09 04 15 11 | 08
#0679-d139 @A: 24 21 15 18 | 05
#0680-d139 @A: 11 32 26 22 | 09
#0681-d139 @A: 31 32 05 08 | 01
#0682-d139 @A: 29 32 11 18 | 06
#0683-d139 @A: 29 34 13 32 | 07
#0684-d139 @A: 32 34 22 03 | 04
#0685-d139 @A: 08 32 11 21 | 12
#0686-d139 @A: 29 19 25 24 | 11
#0687-d139 @A: 11 31 03 01 | 02
#0688-d139 @A: 31 01 05 09 | 03
#0689-d139 @A: 29 09 01 13 | 10
#0690-d139 @A: 26 34 29 24 | 08
#0691-d139 @A: 05 26 04 03 | 05
#0692-d139 @A: 04 06 25 29 | 09
#0693-d139 @A: 03 21 05 06 | 01
#0694-d139 @A: 06 18 04 34 | 06
#0695-d139 @A: 08 13 06 11 | 07
#0696-d139 @A: 25 34 31 08 | 04
#0697-d139 @A: 28 35 02 10 | 12
#0698-d139 @A: 09 35 28 20 | 11
#0699-d139 @A: 15 28 14 02 | 02
#0700-d139 @A: 31 14 28 19 | 03
#0701-d139 @A: 22 06 14 28 | 10
#0702-d139 @A: 07 04 28 25 | 08
#0703-d139 @A: 17 23 34 28 | 05
#0704-d139 @A: 17 33 28 24 | 09
#0705-d139 @A: 16 10 28 31 | 01
#0706-d139 @A: 16 04 28 26 | 06
#0707-d139 @A: 28 12 32 09 | 07
#0708-d139 @A: 21 28 30 33 | 04
#0709-d139 @A: 28 11 26 27 | 12
#0710-d139 @A: 29 28 26 10 | 11
#0711-d139 @A: 28 20 15 01 | 02
#0712-d139 @A: 34 15 06 28 | 03
#0713-d139 @A: 01 34 28 18 | 10
#0714-d139 @A: 03 28 09 30 | 08
#0715-d139 @A: 05 11 08 28 | 05
#0716-d139 @A: 21 14 27 35 | 09
#0717-d139 @A: 35 08 07 09 | 01
#0718-d139 @A: 16 35 18 12 | 06
#0719-d139 @A: 26 35 11 16 | 07
#0720-d139 @A: 35 03 16 06 | 04
#0721-d139 @A: 35 15 09 33 | 12
#0722-d139 @A: 33 35 21 19 | 11
#0723-d139 @A: 27 35 13 15 | 02
#0724-d139 @A: 27 35 26 09 | 03
#0725-d139 @A: 35 11 06 27 | 10
#0726-d139 @A: 20 04 35 02 | 08
#0727-d139 @A: 35 31 30 11 | 05
#0728-d139 @A: 29 30 35 08 | 09
#0729-d139 @A: 34 29 21 35 | 01
#0730-d139 @A: 13 24 09 35 | 06
#0731-d139 @A: 35 05 13 04 | 07
#0732-d139 @A: 07 25 27 14 | 04
#0733-d139 @A: 07 14 05 09 | 12
#0734-d139 @A: 14 17 06 20 | 11
#0735-d139 @A: 04 12 14 27 | 02
#0736-d139 @A: 12 25 29 14 | 03
#0737-d139 @A: 31 33 14 02 | 10
#0738-d139 @A: 24 01 27 14 | 08
#0739-d139 @A: 10 31 22 14 | 05
#0740-d139 @A: 31 32 14 21 | 09
#0741-d139 @A: 32 30 14 04 | 01
#0742-d139 @A: 20 31 13 14 | 06
#0743-d139 @A: 11 09 14 29 | 07
#0744-d139 @A: 14 09 34 08 | 04
#0745-d139 @A: 27 17 07 23 | 12
#0746-d139 @A: 02 31 07 17 | 11
#0747-d139 @A: 17 07 01 24 | 02
#0748-d139 @A: 16 07 27 34 | 03
#0749-d139 @A: 33 07 27 31 | 10
#0750-d139 @A: 33 05 26 07 | 08
#0751-d139 @A: 07 02 26 29 | 05
#0752-d139 @A: 05 15 04 07 | 09
#0753-d139 @A: 09 26 07 19 | 01
#0754-d139 @A: 03 21 07 22 | 06
#0755-d139 @A: 07 22 08 30 | 07
#0756-d139 @A: 11 21 07 34 | 04
#0757-d139 @A: 07 24 13 34 | 12
#0758-d139 @A: 16 29 26 17 | 11
#0759-d139 @A: 16 05 17 21 | 02
#0760-d139 @A: 17 12 22 02 | 03
#0761-d139 @A: 10 33 31 17 | 10
#0762-d139 @A: 20 17 27 01 | 08
#0763-d139 @A: 06 17 26 27 | 05
#0764-d139 @A: 02 17 01 34 | 09
#0765-d139 @A: 17 15 10 21 | 01
#0766-d139 @A: 10 01 32 17 | 06
#0767-d139 @A: 09 34 17 29 | 07
#0768-d139 @A: 20 34 17 03 | 04
#0769-d139 @A: 20 21 17 24 | 12
#0770-d139 @A: 17 11 34 08 | 11
#0771-d139 @A: 34 33 25 16 | 02
#0772-d139 @A: 22 32 01 16 | 03
#0773-d139 @A: 30 16 01 03 | 10
#0774-d139 @A: 20 27 12 06 | 08
#0775-d139 @A: 34 02 12 03 | 05
#0776-d139 @A: 09 19 12 10 | 09
#0777-d139 @A: 03 10 12 31 | 01
#0778-d139 @A: 12 20 01 19 | 06
#0779-d139 @A: 01 12 26 09 | 07
#0780-d139 @A: 12 29 13 31 | 04
#0781-d139 @A: 33 27 23 04 | 12
#0782-d139 @A: 22 01 33 23 | 11
#0783-d139 @A: 23 33 30 29 | 02
#0784-d139 @A: 10 15 34 23 | 03
#0785-d139 @A: 01 26 20 23 | 10
#0786-d139 @A: 09 25 23 24 | 08
#0787-d139 @A: 34 23 08 22 | 05
#0788-d139 @A: 02 13 33 10 | 09
#0789-d139 @A: 10 33 30 06 | 01
#0790-d139 @A: 05 32 33 20 | 06
#0791-d139 @A: 19 06 33 22 | 07
#0792-d139 @A: 33 01 26 31 | 04
#0793-d139 @A: 06 33 04 13 | 12
#0794-d139 @A: 25 06 33 08 | 11
#0795-d139 @A: 13 31 09 33 | 02
#0796-d139 @A: 33 03 11 13 | 03
#0797-d139 @A: 13 21 33 24 | 10
#0798-d139 @A: 27 31 25 18 | 08
#0799-d139 @A: 08 27 31 24 | 05
#0800-d139 @A: 20 27 08 34 | 09
#0801-d139 @A: 27 30 18 13 | 01
#0802-d139 @A: 27 21 24 05 | 06
#0803-d139 @A: 04 24 02 03 | 07
#0804-d139 @A: 08 30 05 02 | 04
#0805-d139 @A: 21 08 24 02 | 12
#0806-d139 @A: 31 05 10 34 | 11
#0807-d139 @A: 15 01 06 25 | 02
#0808-d139 @A: 15 30 18 09 | 03
#0809-d139 @A: 22 04 09 32 | 10
#0810-d139 @A: 01 06 18 19 | 08
#0811-d139 @A: 31 24 21 19 | 05
#0812-d139 @A: 11 20 19 21 | 09
#0813-d139 @A: 13 24 19 20 | 01
#0814-d139 @A: 25 08 30 19 | 06
#0815-d139 @A: 19 13 04 08 | 07
#0816-d139 @A: 05 13 19 34 | 04
#0817-d139 @A: 29 31 04 01 | 12
#0818-d139 @A: 34 31 01 21 | 11
#0819-d139 @A: 22 11 01 05 | 02
#0820-d139 @A: 26 06 13 29 | 03
#0821-d139 @A: 34 13 31 26 | 10
#0822-d139 @A: 13 20 26 22 | 08
#0823-d139 @A: 29 06 09 21 | 05
#0824-d139 @A: 06 03 13 34 | 09
#0825-d139 @A: 06 08 20 05 | 01
#0826-d139 @A: 06 30 11 09 | 06
#0827-d139 @A: 25 21 03 31 | 07
#0828-d139 @A: 05 11 25 29 | 04
#0829-d139 @A: 04 21 25 20 | 12
#0830-d139 @A: 18 07 35 28 | 11
#0831-d139 @A: 29 28 25 35 | 02
#0832-d139 @A: 03 35 28 05 | 03
#0833-d139 @A: 03 14 28 10 | 10
#0834-d139 @A: 05 14 34 28 | 08
#0835-d139 @A: 28 19 21 07 | 05
#0836-d139 @A: 19 12 28 17 | 09
#0837-d139 @A: 10 28 12 13 | 01
#0838-d139 @A: 28 12 20 08 | 06
#0839-d139 @A: 28 06 30 02 | 07
#0840-d139 @A: 28 06 02 25 | 04
#0841-d139 @A: 31 20 28 03 | 12
#0842-d139 @A: 31 28 34 11 | 11
#0843-d139 @A: 34 04 28 03 | 02
#0844-d139 @A: 28 04 21 22 | 03
#0845-d139 @A: 12 35 22 14 | 10
#0846-d139 @A: 05 26 14 35 | 08
#0847-d139 @A: 35 19 11 07 | 05
#0848-d139 @A: 35 04 21 07 | 09
#0849-d139 @A: 35 17 06 04 | 01
#0850-d139 @A: 16 02 05 35 | 06
#0851-d139 @A: 29 01 35 16 | 07
#0852-d139 @A: 35 20 16 22 | 04
#0853-d139 @A: 12 23 13 35 | 12
#0854-d139 @A: 33 35 12 10 | 11
#0855-d139 @A: 35 22 27 23 | 02
#0856-d139 @A: 33 30 35 27 | 03
#0857-d139 @A: 24 27 20 35 | 10
#0858-d139 @A: 35 20 15 19 | 08
#0859-d139 @A: 30 06 35 19 | 05
#0860-d139 @A: 04 09 29 35 | 09
#0861-d139 @A: 05 24 35 29 | 01
#0862-d139 @A: 07 20 14 03 | 06
#0863-d139 @A: 10 13 17 14 | 07
#0864-d139 @A: 02 23 14 22 | 04
#0865-d139 @A: 33 19 14 04 | 12
#0866-d139 @A: 05 14 02 32 | 11
#0867-d139 @A: 24 30 14 10 | 02
#0868-d139 @A: 14 34 19 15 | 03
#0869-d139 @A: 15 14 25 30 | 10
#0870-d139 @A: 03 14 11 26 | 08
#0871-d139 @A: 29 21 14 24 | 05
#0872-d139 @A: 20 14 24 09 | 09
#0873-d139 @A: 22 34 14 11 | 01
#0874-d139 @A: 07 17 22 10 | 06
#0875-d139 @A: 25 07 19 17 | 07
#0876-d139 @A: 16 24 33 07 | 04
#0877-d139 @A: 07 04 32 33 | 12
#0878-d139 @A: 20 01 02 07 | 11
#0879-d139 @A: 29 07 09 15 | 02
#0880-d139 @A: 01 32 07 09 | 03
#0881-d139 @A: 32 08 25 07 | 10
#0882-d139 @A: 11 07 01 26 | 08
#0883-d139 @A: 18 03 05 07 | 05
#0884-d139 @A: 08 07 34 05 | 09
#0885-d139 @A: 25 07 05 34 | 01
#0886-d139 @A: 19 17 10 16 | 06
#0887-d139 @A: 26 11 12 17 | 07
#0888-d139 @A: 23 01 17 09 | 04
#0889-d139 @A: 17 10 04 02 | 12
#0890-d139 @A: 06 17 10 34 | 11
#0891-d139 @A: 31 08 17 04 | 02
#0892-d139 @A: 29 17 25 21 | 03
#0893-d139 @A: 13 17 04 25 | 10
#0894-d139 @A: 24 05 17 34 | 08
#0895-d139 @A: 25 12 33 16 | 05
#0896-d139 @A: 34 16 33 29 | 09
#0897-d139 @A: 02 27 16 30 | 01
#0898-d139 @A: 08 16 29 02 | 06
#0899-d139 @A: 34 10 16 30 | 07
#0900-d139 @A: 16 19 25 21 | 04
#0901-d139 @A: 16 18 09 26 | 12
#0902-d139 @A: 34 16 21 18 | 11
#0903-d139 @A: 23 12 08 02 | 02
#0904-d139 @A: 30 12 23 31 | 03
#0905-d139 @A: 33 13 27 12 | 10
#0906-d139 @A: 12 34 33 22 | 08
#0907-d139 @A: 15 27 12 18 | 05
#0908-d139 @A: 12 21 32 26 | 09
#0909-d139 @A: 13 30 01 12 | 01
#0910-d139 @A: 03 12 18 11 | 06
#0911-d139 @A: 12 30 18 08 | 07
#0912-d139 @A: 19 04 23 02 | 04
#0913-d139 @A: 31 10 23 11 | 12
#0914-d139 @A: 06 23 15 26 | 11
#0915-d139 @A: 23 22 04 31 | 02
#0916-d139 @A: 22 23 18 24 | 03
#0917-d139 @A: 11 15 33 27 | 10
#0918-d139 @A: 25 27 05 33 | 08
#0919-d139 @A: 03 02 30 33 | 05
#0920-d139 @A: 25 13 33 02 | 09
#0921-d139 @A: 03 08 33 18 | 01
#0922-d139 @A: 22 27 10 26 | 06
#0923-d139 @A: 06 01 27 34 | 07
#0924-d139 @A: 01 25 27 21 | 04
#0925-d139 @A: 31 29 27 03 | 12
#0926-d139 @A: 18 04 27 03 | 11
#0927-d139 @A: 27 30 24 09 | 02
#0928-d139 @A: 09 02 18 29 | 03
#0929-d139 @A: 15 10 26 20 | 10
#0930-d139 @A: 25 10 08 15 | 08
#0931-d139 @A: 19 06 10 03 | 05
#0932-d139 @A: 34 01 26 10 | 09
#0933-d139 @A: 10 05 21 20 | 01
#0934-d139 @A: 10 08 11 24 | 06
#0935-d139 @A: 15 08 32 24 | 07
#0936-d139 @A: 31 15 18 11 | 04
#0937-d139 @A: 18 29 03 15 | 12
#0938-d139 @A: 04 08 01 32 | 11
#0939-d139 @A: 31 03 24 32 | 02
#0940-d139 @A: 32 30 21 22 | 03
#0941-d139 @A: 25 32 22 09 | 10
#0942-d139 @A: 05 19 24 30 | 08
#0943-d139 @A: 30 34 22 19 | 05
#0944-d139 @A: 25 09 05 19 | 09
#0945-d139 @A: 22 20 31 01 | 01
#0946-d139 @A: 22 29 30 01 | 06
#0947-d139 @A: 03 01 24 08 | 07
#0948-d139 @A: 18 11 20 01 | 04
#0949-d139 @A: 18 05 13 01 | 12
#0950-d139 @A: 13 01 24 04 | 11
#0951-d139 @A: 24 06 26 09 | 02
#0952-d139 @A: 26 29 31 25 | 03
#0953-d139 @A: 18 31 26 20 | 10
#0954-d139 @A: 26 04 29 11 | 08
#0955-d139 @A: 18 03 13 26 | 05
#0956-d139 @A: 11 26 25 30 | 09
#0957-d139 @A: 05 09 26 08 | 01
#0958-d139 @A: 26 13 24 08 | 06
#0959-d139 @A: 08 06 18 31 | 07
#0960-d139 @A: 22 31 34 06 | 04
#0961-d139 @A: 06 18 03 30 | 12
#0962-d139 @A: 04 06 11 21 | 11
#0963-d139 @A: 09 14 01 28 | 02
#0964-d139 @A: 16 18 17 28 | 03
#0965-d139 @A: 16 28 08 23 | 10
#0966-d139 @A: 09 28 16 02 | 08
#0967-d139 @A: 22 05 16 28 | 05
#0968-d139 @A: 25 28 11 16 | 09
#0969-d139 @A: 28 09 23 11 | 01
#0970-d139 @A: 33 01 10 28 | 06
#0971-d139 @A: 20 33 19 28 | 07
#0972-d139 @A: 31 04 28 33 | 04
#0973-d139 @A: 27 15 28 03 | 12
#0974-d139 @A: 32 28 18 15 | 11
#0975-d139 @A: 03 18 28 19 | 02
#0976-d139 @A: 01 21 26 28 | 03
#0977-d139 @A: 04 05 18 28 | 10
#0978-d139 @A: 24 28 18 08 | 08
#0979-d139 @A: 23 07 35 01 | 05
#0980-d139 @A: 35 13 17 16 | 09
#0981-d139 @A: 02 30 35 17 | 01
#0982-d139 @A: 03 17 32 35 | 06
#0983-d139 @A: 35 12 02 01 | 07
#0984-d139 @A: 35 15 03 12 | 04
#0985-d139 @A: 35 26 20 12 | 12
#0986-d139 @A: 12 21 35 06 | 11
#0987-d139 @A: 02 23 34 35 | 02
#0988-d139 @A: 04 01 35 33 | 03
#0989-d139 @A: 27 35 10 03 | 10
#0990-d139 @A: 34 27 35 05 | 08
#0991-d139 @A: 10 13 29 35 | 05
#0992-d139 @A: 15 35 25 21 | 09
#0993-d139 @A: 22 35 32 19 | 01
#0994-d139 @A: 26 24 19 35 | 06
#0995-d139 @A: 06 01 22 35 | 07
#0996-d139 @A: 35 34 03 01 | 04
#0997-d139 @A: 31 29 35 26 | 12
#0998-d139 @A: 35 22 13 21 | 11
#0999-d139 @A: 14 24 07 18 | 02
#1000-d139 @A: 17 15 14 27 | 03
#1001-d139 @A: 14 23 04 06 | 10
#1002-d139 @A: 05 33 10 14 | 08
#1003-d139 @A: 02 14 18 10 | 05
#1004-d139 @A: 31 14 25 02 | 09
#1005-d139 @A: 10 14 19 29 | 01
#1006-d139 @A: 31 15 14 05 | 06
#1007-d139 @A: 15 09 13 14 | 07
#1008-d139 @A: 11 14 06 19 | 04
#1009-d139 @A: 01 04 34 14 | 12
#1010-d139 @A: 11 20 14 08 | 11
#1011-d139 @A: 21 04 14 09 | 02
#1012-d139 @A: 06 18 07 17 | 03
#1013-d139 @A: 04 16 07 02 | 10
#1014-d139 @A: 16 10 29 07 | 08
#1015-d139 @A: 13 07 16 06 | 05
#1016-d139 @A: 07 16 31 11 | 09
#1017-d139 @A: 07 02 30 23 | 01
#1018-d139 @A: 20 27 32 07 | 06
#1019-d139 @A: 32 22 02 07 | 07
#1020-d139 @A: 08 02 06 07 | 04
#1021-d139 @A: 19 08 31 07 | 12
#1022-d139 @A: 08 18 01 07 | 11
#1023-d139 @A: 25 03 07 06 | 02
#1024-d139 @A: 13 30 07 04 | 03
#1025-d139 @A: 04 07 09 34 | 10
#1026-d139 @A: 22 13 09 07 | 08
#1027-d139 @A: 18 07 13 25 | 05
#1028-d139 @A: 07 05 21 13 | 09
#1029-d139 @A: 16 12 24 17 | 01
#1030-d139 @A: 31 17 16 01 | 06
#1031-d139 @A: 23 10 17 29 | 07
#1032-d139 @A: 17 11 33 25 | 04
#1033-d139 @A: 24 04 17 27 | 12
#1034-d139 @A: 11 15 02 17 | 11
#1035-d139 @A: 11 18 10 17 | 02
#1036-d139 @A: 31 26 32 17 | 03
#1037-d139 @A: 24 22 29 17 | 10
#1038-d139 @A: 09 17 04 30 | 08
#1039-d139 @A: 09 17 18 22 | 05
#1040-d139 @A: 22 08 17 25 | 09
#1041-d139 @A: 27 11 16 12 | 01
#1042-d139 @A: 16 20 23 19 | 06
#1043-d139 @A: 32 21 27 16 | 07
#1044-d139 @A: 16 15 25 22 | 04
#1045-d139 @A: 08 22 16 31 | 12
#1046-d139 @A: 16 29 03 11 | 11
#1047-d139 @A: 03 16 04 21 | 02
#1048-d139 @A: 12 33 19 31 | 03
#1049-d139 @A: 24 12 01 33 | 10
#1050-d139 @A: 29 15 12 19 | 08
#1051-d139 @A: 32 01 12 34 | 05
#1052-d139 @A: 12 18 31 24 | 09
#1053-d139 @A: 09 12 25 20 | 01
#1054-d139 @A: 24 13 05 12 | 06
#1055-d139 @A: 12 11 05 34 | 07
#1056-d139 @A: 26 24 33 23 | 04
#1057-d139 @A: 10 26 30 23 | 12
#1058-d139 @A: 15 23 04 29 | 11
#1059-d139 @A: 23 32 25 11 | 02
#1060-d139 @A: 03 31 05 23 | 03
#1061-d139 @A: 30 22 11 23 | 10
#1062-d139 @A: 04 08 11 23 | 08
#1063-d139 @A: 20 33 26 27 | 05
#1064-d139 @A: 30 15 33 01 | 09
#1065-d139 @A: 08 31 30 33 | 01
#1066-d139 @A: 20 30 33 25 | 06
#1067-d139 @A: 04 33 30 22 | 07
#1068-d139 @A: 22 18 13 33 | 04
#1069-d139 @A: 05 15 02 27 | 12
#1070-d139 @A: 25 27 10 19 | 11
#1071-d139 @A: 27 19 15 22 | 02
#1072-d139 @A: 11 19 27 01 | 03
#1073-d139 @A: 03 27 09 22 | 10
#1074-d139 @A: 27 05 09 20 | 08
#1075-d139 @A: 18 09 11 27 | 05
#1076-d139 @A: 03 02 09 15 | 09
#1077-d139 @A: 25 02 18 15 | 01
#1078-d139 @A: 19 26 22 02 | 06
#1079-d139 @A: 21 29 02 01 | 07
#1080-d139 @A: 31 02 29 05 | 04
#1081-d139 @A: 09 02 13 34 | 12
#1082-d139 @A: 32 06 08 10 | 11
#1083-d139 @A: 31 29 18 10 | 02
#1084-d139 @A: 03 29 30 10 | 03
#1085-d139 @A: 10 18 09 13 | 10
#1086-d139 @A: 10 09 08 21 | 08
#1087-d139 @A: 15 32 20 09 | 05
#1088-d139 @A: 25 05 15 32 | 09
#1089-d139 @A: 15 20 26 25 | 01
#1090-d139 @A: 15 29 21 13 | 06
#1091-d139 @A: 15 25 03 04 | 07
#1092-d139 @A: 08 20 15 30 | 04
#1093-d139 @A: 13 25 15 11 | 12
#1094-d139 @A: 26 29 01 32 | 11
#1095-d139 @A: 31 11 32 04 | 02
#1096-d139 @A: 08 03 20 32 | 03
#1097-d139 @A: 11 20 32 30 | 10
#1098-d139 @A: 29 34 19 18 | 08
#1099-d139 @A: 18 01 31 30 | 05
#1100-d139 @A: 03 18 01 25 | 09
#1101-d139 @A: 11 09 21 01 | 01
#1102-d139 @A: 06 13 20 09 | 06
#1103-d139 @A: 06 24 21 30 | 07
#1104-d139 @A: 06 22 09 08 | 04
#1105-d139 @A: 25 30 31 34 | 12
#1106-d139 @A: 15 28 35 22 | 11
#1107-d139 @A: 32 28 30 35 | 02
#1108-d139 @A: 11 33 28 14 | 03
#1109-d139 @A: 31 07 32 28 | 10
#1110-d139 @A: 28 06 09 07 | 08
#1111-d139 @A: 28 17 13 06 | 05
#1112-d139 @A: 28 25 12 10 | 09
#1113-d139 @A: 30 28 34 12 | 01
#1114-d139 @A: 10 28 27 21 | 06
#1115-d139 @A: 32 28 04 02 | 07
#1116-d139 @A: 22 10 28 32 | 04
#1117-d139 @A: 13 28 08 15 | 12
#1118-d139 @A: 19 26 28 25 | 11
#1119-d139 @A: 19 09 08 28 | 02
#1120-d139 @A: 11 01 28 13 | 03
#1121-d139 @A: 26 28 24 31 | 10
#1122-d139 @A: 30 28 31 22 | 08
#1123-d139 @A: 30 28 04 08 | 05
#1124-d139 @A: 06 35 34 14 | 09
#1125-d139 @A: 35 14 25 08 | 01
#1126-d139 @A: 32 07 35 13 | 06
#1127-d139 @A: 17 35 20 10 | 07
#1128-d139 @A: 05 35 17 01 | 04
#1129-d139 @A: 21 30 35 16 | 12
#1130-d139 @A: 32 11 12 35 | 11
#1131-d139 @A: 03 23 26 35 | 02
#1132-d139 @A: 30 23 05 35 | 03
#1133-d139 @A: 05 33 35 08 | 10
#1134-d139 @A: 11 24 33 35 | 08
#1135-d139 @A: 35 21 02 15 | 05
#1136-d139 @A: 02 32 24 35 | 09
#1137-d139 @A: 02 31 19 35 | 01
#1138-d139 @A: 18 26 35 02 | 06
#1139-d139 @A: 01 10 24 35 | 07
#1140-d139 @A: 35 15 04 34 | 04
#1141-d139 @A: 35 03 30 13 | 12
#1142-d139 @A: 14 03 19 17 | 11
#1143-d139 @A: 31 14 34 17 | 02
#1144-d139 @A: 09 14 02 12 | 03
#1145-d139 @A: 20 10 12 14 | 10
#1146-d139 @A: 15 12 08 14 | 08
#1147-d139 @A: 21 19 14 12 | 05
#1148-d139 @A: 06 30 12 14 | 09
#1149-d139 @A: 14 13 19 30 | 01
#1150-d139 @A: 09 30 14 31 | 06
#1151-d139 @A: 03 18 09 14 | 07
#1152-d139 @A: 07 08 33 17 | 04
#1153-d139 @A: 11 07 17 13 | 12
#1154-d139 @A: 07 32 16 18 | 11
#1155-d139 @A: 07 18 19 12 | 02
#1156-d139 @A: 07 33 30 19 | 03
#1157-d139 @A: 06 07 33 21 | 10
#1158-d139 @A: 22 33 25 07 | 08
#1159-d139 @A: 01 07 34 15 | 05
#1160-d139 @A: 24 26 07 15 | 09
#1161-d139 @A: 03 31 07 13 | 01
#1162-d139 @A: 21 07 30 09 | 06
#1163-d139 @A: 12 17 32 33 | 07
#1164-d139 @A: 17 26 33 34 | 04
#1165-d139 @A: 02 27 13 17 | 12
#1166-d139 @A: 22 17 30 06 | 11
#1167-d139 @A: 17 11 20 09 | 02
#1168-d139 @A: 22 16 13 12 | 03
#1169-d139 @A: 34 16 23 01 | 10
#1170-d139 @A: 15 16 32 30 | 08
#1171-d139 @A: 05 20 15 16 | 05
#1172-d139 @A: 06 01 16 26 | 09
#1173-d139 @A: 16 09 31 29 | 01
#1174-d139 @A: 16 20 21 29 | 06
#1175-d139 @A: 12 15 23 09 | 07
#1176-d139 @A: 20 24 23 12 | 04
#1177-d139 @A: 25 23 05 12 | 12
#1178-d139 @A: 27 22 12 32 | 11
#1179-d139 @A: 12 19 30 27 | 02
#1180-d139 @A: 26 12 06 02 | 03
#1181-d139 @A: 25 02 12 30 | 10
#1182-d139 @A: 10 11 12 15 | 08
#1183-d139 @A: 12 10 18 01 | 05
#1184-d139 @A: 05 10 12 26 | 09
#1185-d139 @A: 31 15 12 32 | 01
#1186-d139 @A: 12 15 22 01 | 06
#1187-d139 @A: 11 12 04 01 | 07
#1188-d139 @A: 12 04 31 05 | 04
#1189-d139 @A: 12 09 05 29 | 12
#1190-d139 @A: 03 04 12 25 | 11
#1191-d139 @A: 12 22 21 18 | 02
#1192-d139 @A: 08 33 15 23 | 03
#1193-d139 @A: 23 27 15 32 | 10
#1194-d139 @A: 02 13 23 32 | 08
#1195-d139 @A: 01 23 24 32 | 05
#1196-d139 @A: 06 23 32 22 | 09
#1197-d139 @A: 23 31 19 06 | 01
#1198-d139 @A: 23 09 04 03 | 06
#1199-d139 @A: 23 05 08 24 | 07
#1200-d139 @A: 26 21 02 33 | 04
#1201-d139 @A: 33 15 22 10 | 12
#1202-d139 @A: 26 08 33 32 | 11
#1203-d139 @A: 06 01 33 09 | 02
#1204-d139 @A: 33 31 21 22 | 03
#1205-d139 @A: 33 22 03 05 | 10
#1206-d139 @A: 27 09 32 06 | 08
#1207-d139 @A: 03 26 27 08 | 05
#1208-d139 @A: 30 05 29 27 | 09
#1209-d139 @A: 27 20 30 22 | 01
#1210-d139 @A: 27 25 24 13 | 06
#1211-d139 @A: 01 02 30 19 | 07
#1212-d139 @A: 29 02 19 03 | 04
#1213-d139 @A: 13 05 02 26 | 12
#1214-d139 @A: 30 02 20 31 | 11
#1215-d139 @A: 13 11 31 02 | 02
#1216-d139 @A: 21 05 02 22 | 03
#1217-d139 @A: 01 10 22 08 | 10
#1218-d139 @A: 10 09 20 22 | 08
#1219-d139 @A: 22 10 24 04 | 05
#1220-d139 @A: 15 32 03 01 | 09
#1221-d139 @A: 19 11 26 15 | 01
#1222-d139 @A: 31 34 15 30 | 06
#1223-d139 @A: 20 15 13 11 | 07
#1224-d139 @A: 22 20 34 15 | 04
#1225-d139 @A: 05 24 15 11 | 12
#1226-d139 @A: 32 22 29 20 | 11
#1227-d139 @A: 21 32 29 04 | 02
#1228-d139 @A: 05 03 32 30 | 03
#1229-d139 @A: 32 20 34 21 | 10
#1230-d139 @A: 19 29 08 24 | 08
#1231-d139 @A: 30 08 19 11 | 05
#1232-d139 @A: 24 29 18 01 | 09
#1233-d139 @A: 20 03 09 01 | 01
#1234-d139 @A: 01 20 34 25 | 06
#1235-d139 @A: 26 30 06 08 | 07
#1236-d139 @A: 09 31 26 22 | 04
#1237-d139 @A: 20 29 26 05 | 12
#1238-d139 @A: 11 20 24 26 | 11
#1239-d139 @A: 05 26 13 25 | 02
#1240-d139 @A: 08 29 04 06 | 03
#1241-d139 @A: 11 18 24 06 | 10
#1242-d139 @A: 25 20 05 22 | 08
#1243-d139 @A: 07 08 26 28 | 05
#1244-d139 @A: 01 17 30 28 | 09
#1245-d139 @A: 13 28 03 16 | 01
#1246-d139 @A: 12 28 02 31 | 06
#1247-d139 @A: 28 21 12 03 | 07
#1248-d139 @A: 23 13 28 33 | 04
#1249-d139 @A: 33 09 27 28 | 12
#1250-d139 @A: 05 02 28 33 | 11
#1251-d139 @A: 19 02 27 28 | 02
#1252-d139 @A: 28 27 34 32 | 03
#1253-d139 @A: 15 04 28 19 | 10
#1254-d139 @A: 29 31 28 06 | 08
#1255-d139 @A: 31 17 23 35 | 05
#1256-d139 @A: 16 32 31 35 | 09
#1257-d139 @A: 02 27 35 08 | 01
#1258-d139 @A: 35 02 09 22 | 06
#1259-d139 @A: 10 35 15 31 | 07
#1260-d139 @A: 08 26 15 35 | 04
#1261-d139 @A: 32 25 20 35 | 12
#1262-d139 @A: 01 35 26 30 | 11
#1263-d139 @A: 11 03 09 35 | 02
#1264-d139 @A: 09 34 35 30 | 03
#1265-d139 @A: 07 02 14 34 | 10
#1266-d139 @A: 06 26 14 07 | 08
#1267-d139 @A: 16 14 17 22 | 05
#1268-d139 @A: 05 14 12 17 | 09
#1269-d139 @A: 02 24 17 14 | 01
#1270-d139 @A: 14 23 31 18 | 06
#1271-d139 @A: 14 27 13 22 | 07
#1272-d139 @A: 03 02 01 14 | 04
#1273-d139 @A: 14 06 02 21 | 12
#1274-d139 @A: 10 32 14 34 | 11
#1275-d139 @A: 25 14 10 11 | 02
#1276-d139 @A: 18 06 14 15 | 03
#1277-d139 @A: 01 32 14 20 | 10
#1278-d139 @A: 14 26 24 32 | 08
#1279-d139 @A: 26 22 01 14 | 05
#1280-d139 @A: 06 08 03 14 | 09
#1281-d139 @A: 05 18 14 20 | 01
#1282-d139 @A: 14 20 18 25 | 06
#1283-d139 @A: 11 18 14 30 | 07
#1284-d139 @A: 14 09 25 13 | 04
#1285-d139 @A: 08 14 04 18 | 12
#1286-d139 @A: 04 22 14 05 | 11
#1287-d139 @A: 03 17 12 07 | 02
#1288-d139 @A: 17 07 15 30 | 03
#1289-d139 @A: 12 33 07 23 | 10
#1290-d139 @A: 23 07 19 34 | 08
#1291-d139 @A: 23 31 09 07 | 05
#1292-d139 @A: 18 07 11 33 | 09
#1293-d139 @A: 08 15 07 27 | 01
#1294-d139 @A: 21 07 27 01 | 06
#1295-d139 @A: 20 25 10 07 | 07
#1296-d139 @A: 15 07 32 19 | 04
#1297-d139 @A: 06 29 07 19 | 12
#1298-d139 @A: 07 03 29 04 | 11
#1299-d139 @A: 07 05 24 20 | 02
#1300-d139 @A: 04 08 07 24 | 03
#1301-d139 @A: 27 17 16 03 | 10
#1302-d139 @A: 17 08 15 16 | 08
#1303-d139 @A: 17 23 21 32 | 05
#1304-d139 @A: 25 20 23 17 | 09
#1305-d139 @A: 15 04 33 17 | 01
#1306-d139 @A: 06 05 17 33 | 06
#1307-d139 @A: 17 27 11 32 | 07
#1308-d139 @A: 32 27 25 17 | 04
#1309-d139 @A: 17 08 27 30 | 12
#1310-d139 @A: 17 10 03 09 | 11
#1311-d139 @A: 17 03 05 15 | 02
#1312-d139 @A: 04 32 18 17 | 03
#1313-d139 @A: 18 19 31 17 | 10
#1314-d139 @A: 03 17 01 04 | 08
#1315-d139 @A: 31 05 20 17 | 05
#1316-d139 @A: 18 05 17 30 | 09
#1317-d139 @A: 05 17 11 04 | 01
#1318-d139 @A: 16 21 12 31 | 06
#1319-d139 @A: 23 13 27 16 | 07
#1320-d139 @A: 30 23 16 06 | 04
#1321-d139 @A: 18 33 19 16 | 12
#1322-d139 @A: 34 02 31 16 | 11
#1323-d139 @A: 15 16 01 11 | 02
#1324-d139 @A: 13 16 15 34 | 03
#1325-d139 @A: 04 32 19 16 | 10
#1326-d139 @A: 16 01 19 21 | 08
#1327-d139 @A: 20 16 01 08 | 05
#1328-d139 @A: 16 05 09 13 | 09
#1329-d139 @A: 32 12 05 23 | 01
#1330-d139 @A: 12 01 03 27 | 06
#1331-d139 @A: 19 06 12 04 | 07
#1332-d139 @A: 12 19 25 06 | 04
#1333-d139 @A: 31 12 20 09 | 12
#1334-d139 @A: 13 21 12 11 | 11
#1335-d139 @A: 23 31 25 33 | 02
#1336-d139 @A: 27 02 23 03 | 03
#1337-d139 @A: 27 23 30 01 | 10
#1338-d139 @A: 29 26 23 27 | 08
#1339-d139 @A: 11 23 05 27 | 05
#1340-d139 @A: 24 19 23 03 | 09
#1341-d139 @A: 23 01 25 29 | 01
#1342-d139 @A: 29 23 22 13 | 06
#1343-d139 @A: 30 08 03 23 | 07
#1344-d139 @A: 33 27 22 24 | 04
#1345-d139 @A: 19 08 33 10 | 12
#1346-d139 @A: 33 10 24 03 | 11
#1347-d139 @A: 21 33 01 18 | 02
#1348-d139 @A: 20 33 31 11 | 03
#1349-d139 @A: 13 29 33 05 | 10
#1350-d139 @A: 09 34 33 20 | 08
#1351-d139 @A: 33 09 11 22 | 05
#1352-d139 @A: 05 33 21 34 | 09
#1353-d139 @A: 33 11 04 34 | 01
#1354-d139 @A: 27 34 15 09 | 06
#1355-d139 @A: 29 32 27 24 | 07
#1356-d139 @A: 27 29 13 08 | 04
#1357-d139 @A: 04 30 25 27 | 12
#1358-d139 @A: 24 11 27 13 | 11
#1359-d139 @A: 01 15 13 02 | 02
#1360-d139 @A: 19 20 02 32 | 03
#1361-d139 @A: 06 32 31 02 | 10
#1362-d139 @A: 29 02 08 25 | 08
#1363-d139 @A: 03 08 13 02 | 05
#1364-d139 @A: 13 18 02 24 | 09
#1365-d139 @A: 02 34 18 11 | 01
#1366-d139 @A: 32 13 15 10 | 06
#1367-d139 @A: 10 01 09 15 | 07
#1368-d139 @A: 18 22 19 10 | 04
#1369-d139 @A: 03 26 10 25 | 12
#1370-d139 @A: 10 26 13 04 | 11
#1371-d139 @A: 18 10 06 25 | 02
#1372-d139 @A: 20 08 10 29 | 03
#1373-d139 @A: 29 09 24 10 | 10
#1374-d139 @A: 04 09 10 25 | 08
#1375-d139 @A: 11 09 10 05 | 05
#1376-d139 @A: 04 01 26 15 | 09
#1377-d139 @A: 15 08 06 01 | 01
#1378-d139 @A: 22 29 31 15 | 06
#1379-d139 @A: 15 03 04 30 | 07
#1380-d139 @A: 13 22 15 04 | 04
#1381-d139 @A: 01 31 32 19 | 12
#1382-d139 @A: 29 05 19 32 | 11
#1383-d139 @A: 32 21 13 01 | 02
#1384-d139 @A: 32 13 09 30 | 03
#1385-d139 @A: 30 34 32 08 | 10
#1386-d139 @A: 18 09 32 08 | 08
#1387-d139 @A: 19 31 09 11 | 05
#1388-d139 @A: 19 34 31 04 | 09
#1389-d139 @A: 03 19 30 20 | 01
#1390-d139 @A: 09 19 21 18 | 06
#1391-d139 @A: 19 11 04 24 | 07
#1392-d139 @A: 24 30 20 01 | 04
#1393-d139 @A: 21 30 04 01 | 12
#1394-d139 @A: 01 24 30 25 | 11
#1395-d139 @A: 11 01 25 18 | 02
#1396-d139 @A: 34 06 26 11 | 03
#1397-d139 @A: 03 22 24 26 | 10
#1398-d139 @A: 26 04 22 18 | 08
#1399-d139 @A: 26 04 25 18 | 05
#1400-d139 @A: 08 18 34 26 | 09
#1401-d139 @A: 26 21 24 04 | 01
#1402-d139 @A: 31 09 03 06 | 06
#1403-d139 @A: 06 21 31 20 | 07
#1404-d139 @A: 31 11 05 06 | 04
#1405-d139 @A: 20 31 13 25 | 12
#1406-d139 @A: 25 29 22 18 | 11
#1407-d139 @A: 08 04 11 25 | 02
#1408-d139 @A: 27 35 28 04 | 03
#1409-d139 @A: 28 31 01 35 | 10
#1410-d139 @A: 35 06 08 28 | 08
#1411-d139 @A: 24 28 07 27 | 05
#1412-d139 @A: 02 29 17 28 | 09
#1413-d139 @A: 17 15 31 28 | 01
#1414-d139 @A: 26 17 28 03 | 06
#1415-d139 @A: 17 21 09 28 | 07
#1416-d139 @A: 16 32 11 28 | 04
#1417-d139 @A: 28 34 16 19 | 12
#1418-d139 @A: 24 15 12 28 | 11
#1419-d139 @A: 02 23 18 28 | 02
#1420-d139 @A: 28 32 29 23 | 03
#1421-d139 @A: 20 06 28 23 | 10
#1422-d139 @A: 22 33 08 28 | 08
#1423-d139 @A: 05 28 10 15 | 05
#1424-d139 @A: 28 30 10 18 | 09
#1425-d139 @A: 28 09 15 26 | 01
#1426-d139 @A: 29 01 19 28 | 06
#1427-d139 @A: 28 09 31 18 | 07
#1428-d139 @A: 28 21 31 08 | 04
#1429-d139 @A: 20 28 05 30 | 12
#1430-d139 @A: 28 25 09 18 | 11
#1431-d139 @A: 28 22 11 18 | 02
#1432-d139 @A: 24 28 25 05 | 03
#1433-d139 @A: 35 33 14 03 | 10
#1434-d139 @A: 12 35 17 09 | 08
#1435-d139 @A: 26 21 35 17 | 05
#1436-d139 @A: 08 16 34 35 | 09
#1437-d139 @A: 35 33 18 23 | 01
#1438-d139 @A: 35 33 29 02 | 06
#1439-d139 @A: 35 33 26 13 | 07
#1440-d139 @A: 11 35 08 01 | 04
#1441-d139 @A: 35 21 24 03 | 12
#1442-d139 @A: 07 23 21 14 | 11
#1443-d139 @A: 14 30 23 17 | 02
#1444-d139 @A: 16 14 34 26 | 03
#1445-d139 @A: 12 14 29 33 | 10
#1446-d139 @A: 01 31 14 12 | 08
#1447-d139 @A: 10 01 23 14 | 05
#1448-d139 @A: 30 14 26 33 | 09
#1449-d139 @A: 08 14 02 19 | 01
#1450-d139 @A: 15 21 01 14 | 06
#1451-d139 @A: 04 15 24 14 | 07
#1452-d139 @A: 20 26 14 19 | 04
#1453-d139 @A: 24 31 11 14 | 12
#1454-d139 @A: 05 03 14 24 | 11
#1455-d139 @A: 30 20 34 14 | 02
#1456-d139 @A: 16 12 20 07 | 03
#1457-d139 @A: 12 01 25 07 | 10
#1458-d139 @A: 31 07 12 26 | 08
#1459-d139 @A: 23 07 04 18 | 05
#1460-d139 @A: 07 01 33 03 | 09
#1461-d139 @A: 02 27 18 07 | 01
#1462-d139 @A: 26 27 07 30 | 06
#1463-d139 @A: 18 07 21 31 | 07
#1464-d139 @A: 20 29 25 07 | 04
#1465-d139 @A: 30 03 34 07 | 12
#1466-d139 @A: 20 09 18 07 | 11
#1467-d139 @A: 12 10 30 17 | 02
#1468-d139 @A: 13 12 34 17 | 03
#1469-d139 @A: 03 17 13 23 | 10
#1470-d139 @A: 02 33 18 17 | 08
#1471-d139 @A: 17 11 19 33 | 05
#1472-d139 @A: 09 32 05 17 | 09
#1473-d139 @A: 18 17 26 01 | 01
#1474-d139 @A: 22 17 11 21 | 06
#1475-d139 @A: 29 23 12 16 | 07
#1476-d139 @A: 21 02 16 23 | 04
#1477-d139 @A: 13 32 33 16 | 12
#1478-d139 @A: 02 16 32 03 | 11
#1479-d139 @A: 10 13 01 16 | 02
#1480-d139 @A: 20 16 11 10 | 03
#1481-d139 @A: 26 03 16 15 | 10
#1482-d139 @A: 16 05 32 06 | 08
#1483-d139 @A: 16 24 09 01 | 05
#1484-d139 @A: 03 16 31 18 | 09
#1485-d139 @A: 31 04 16 13 | 01
#1486-d139 @A: 03 24 16 20 | 06
#1487-d139 @A: 30 09 16 20 | 07
#1488-d139 @A: 13 25 08 16 | 04
#1489-d139 @A: 33 12 04 02 | 12
#1490-d139 @A: 21 20 33 12 | 11
#1491-d139 @A: 02 15 30 12 | 02
#1492-d139 @A: 12 06 01 05 | 03
#1493-d139 @A: 12 08 29 21 | 10
#1494-d139 @A: 12 04 34 29 | 08
#1495-d139 @A: 29 24 12 11 | 05
#1496-d139 @A: 03 12 30 24 | 09
#1497-d139 @A: 12 05 30 21 | 01
#1498-d139 @A: 18 13 12 04 | 06
#1499-d139 @A: 23 33 21 10 | 07
#1500-d139 @A: 23 31 33 32 | 04
#1501-d139 @A: 23 13 27 25 | 12
#1502-d139 @A: 23 29 06 02 | 11
#1503-d139 @A: 23 01 19 08 | 02
#1504-d139 @A: 13 01 23 06 | 03
#1505-d139 @A: 01 23 29 11 | 10
#1506-d139 @A: 34 29 23 03 | 08
#1507-d139 @A: 34 11 23 20 | 05
#1508-d139 @A: 30 24 04 23 | 09
#1509-d139 @A: 09 23 13 08 | 01
#1510-d139 @A: 24 33 32 30 | 06
#1511-d139 @A: 33 01 34 19 | 07
#1512-d139 @A: 26 19 33 29 | 04
#1513-d139 @A: 20 29 01 33 | 12
#1514-d139 @A: 18 05 33 31 | 11
#1515-d139 @A: 03 25 33 29 | 02
#1516-d139 @A: 33 21 29 11 | 03
#1517-d139 @A: 20 33 03 04 | 10
#1518-d139 @A: 02 26 25 27 | 08
#1519-d139 @A: 10 06 27 31 | 05
#1520-d139 @A: 26 15 27 21 | 09
#1521-d139 @A: 05 31 19 27 | 01
#1522-d139 @A: 18 19 27 24 | 06
#1523-d139 @A: 08 21 27 06 | 07
#1524-d139 @A: 03 09 27 25 | 04
#1525-d139 @A: 10 29 15 02 | 12
#1526-d139 @A: 06 10 22 02 | 11
#1527-d139 @A: 10 02 08 31 | 02
#1528-d139 @A: 32 02 15 34 | 03
#1529-d139 @A: 21 25 32 02 | 10
#1530-d139 @A: 08 01 26 02 | 08
#1531-d139 @A: 02 22 01 04 | 05
#1532-d139 @A: 13 20 02 21 | 09
#1533-d139 @A: 18 21 02 30 | 01
#1534-d139 @A: 24 22 02 11 | 06
#1535-d139 @A: 09 32 10 26 | 07
#1536-d139 @A: 10 21 31 30 | 04
#1537-d139 @A: 10 24 13 31 | 12
#1538-d139 @A: 20 10 13 03 | 11
#1539-d139 @A: 26 30 15 22 | 02
#1540-d139 @A: 15 24 30 29 | 03
#1541-d139 @A: 18 20 04 15 | 10
#1542-d139 @A: 13 15 05 30 | 08
#1543-d139 @A: 32 06 19 26 | 05
#1544-d139 @A: 19 11 34 32 | 09
#1545-d139 @A: 06 32 03 11 | 01
#1546-d139 @A: 30 31 32 29 | 06
#1547-d139 @A: 34 32 09 31 | 07
#1548-d139 @A: 11 32 13 05 | 04
#1549-d139 @A: 32 22 24 05 | 12
#1550-d139 @A: 25 31 19 22 | 11
#1551-d139 @A: 19 25 11 20 | 02
#1552-d139 @A: 24 19 09 34 | 03
#1553-d139 @A: 20 05 01 04 | 10
#1554-d139 @A: 26 30 18 24 | 08
#1555-d139 @A: 30 26 21 13 | 05
#1556-d139 @A: 30 06 13 31 | 09
#1557-d139 @A: 09 25 11 31 | 01
#1558-d139 @A: 11 25 03 34 | 06
#1559-d139 @A: 24 25 18 08 | 07
#1560-d139 @A: 11 28 17 35 | 04
#1561-d139 @A: 16 35 28 33 | 12
#1562-d139 @A: 28 14 23 12 | 11
#1563-d139 @A: 30 28 27 14 | 02
#1564-d139 @A: 22 28 01 07 | 03
#1565-d139 @A: 11 12 06 28 | 10
#1566-d139 @A: 33 26 28 06 | 08
#1567-d139 @A: 19 32 28 24 | 05
#1568-d139 @A: 26 13 28 32 | 09
#1569-d139 @A: 19 26 30 28 | 01
#1570-d139 @A: 01 03 28 06 | 06
#1571-d139 @A: 28 03 29 08 | 07
#1572-d139 @A: 24 21 34 28 | 04
#1573-d139 @A: 35 30 14 15 | 12
#1574-d139 @A: 07 22 35 26 | 11
#1575-d139 @A: 35 07 06 24 | 02
#1576-d139 @A: 23 16 24 35 | 03
#1577-d139 @A: 35 16 10 09 | 10
#1578-d139 @A: 31 27 35 12 | 08
#1579-d139 @A: 25 31 35 12 | 05
#1580-d139 @A: 06 35 33 31 | 09
#1581-d139 @A: 10 21 11 35 | 01
#1582-d139 @A: 34 10 35 22 | 06
#1583-d139 @A: 19 35 01 09 | 07
#1584-d139 @A: 03 35 18 22 | 04
#1585-d139 @A: 13 35 08 20 | 12
#1586-d139 @A: 22 35 24 30 | 11
#1587-d139 @A: 35 18 21 08 | 02
#1588-d139 @A: 16 14 21 33 | 03
#1589-d139 @A: 27 16 14 09 | 10
#1590-d139 @A: 29 32 16 14 | 08
#1591-d139 @A: 32 14 23 19 | 05
#1592-d139 @A: 06 14 24 33 | 09
#1593-d139 @A: 27 31 26 14 | 01
#1594-d139 @A: 21 14 26 10 | 06
#1595-d139 @A: 15 11 32 14 | 07
#1596-d139 @A: 14 31 08 29 | 04
#1597-d139 @A: 03 14 22 30 | 12
#1598-d139 @A: 20 22 21 14 | 11
#1599-d139 @A: 05 08 14 13 | 02
#1600-d139 @A: 04 26 07 17 | 03
#1601-d139 @A: 12 30 07 32 | 10
#1602-d139 @A: 07 10 27 13 | 08
#1603-d139 @A: 07 04 11 27 | 05
#1604-d139 @A: 06 07 34 32 | 09
#1605-d139 @A: 05 11 07 29 | 01
#1606-d139 @A: 07 20 11 22 | 06
#1607-d139 @A: 33 30 17 16 | 07
#1608-d139 @A: 17 12 15 20 | 04
#1609-d139 @A: 12 08 01 17 | 12
#1610-d139 @A: 26 17 24 10 | 11
#1611-d139 @A: 06 09 17 15 | 02
#1612-d139 @A: 17 18 34 15 | 03
#1613-d139 @A: 29 19 04 17 | 10
#1614-d139 @A: 26 20 30 17 | 08
#1615-d139 @A: 21 17 25 26 | 05
#1616-d139 @A: 22 03 17 31 | 09
#1617-d139 @A: 01 16 04 27 | 01
#1618-d139 @A: 06 16 08 19 | 06
#1619-d139 @A: 19 30 31 16 | 07
#1620-d139 @A: 16 13 24 29 | 04
#1621-d139 @A: 16 18 30 22 | 12
#1622-d139 @A: 21 16 22 09 | 11
#1623-d139 @A: 05 16 18 25 | 02
#1624-d139 @A: 11 16 04 22 | 03
#1625-d139 @A: 21 23 01 12 | 10
#1626-d139 @A: 11 30 12 33 | 08
#1627-d139 @A: 05 18 12 02 | 05
#1628-d139 @A: 32 04 12 10 | 09
#1629-d139 @A: 12 20 13 32 | 01
#1630-d139 @A: 12 29 18 26 | 06
#1631-d139 @A: 19 33 05 23 | 07
#1632-d139 @A: 27 10 09 23 | 04
#1633-d139 @A: 10 23 02 20 | 12
#1634-d139 @A: 24 02 15 23 | 11
#1635-d139 @A: 20 23 32 04 | 02
#1636-d139 @A: 09 19 30 23 | 03
#1637-d139 @A: 04 19 25 23 | 10
#1638-d139 @A: 21 26 23 08 | 08
#1639-d139 @A: 31 20 08 23 | 05
#1640-d139 @A: 18 09 34 23 | 09
#1641-d139 @A: 23 05 18 21 | 01
#1642-d139 @A: 06 33 34 02 | 06
#1643-d139 @A: 11 08 02 33 | 07
#1644-d139 @A: 24 33 31 29 | 04
#1645-d139 @A: 34 33 18 30 | 12
#1646-d139 @A: 15 27 01 31 | 11
#1647-d139 @A: 27 13 06 19 | 02
#1648-d139 @A: 18 27 34 31 | 03
#1649-d139 @A: 27 05 13 03 | 10
#1650-d139 @A: 05 27 08 18 | 08
#1651-d139 @A: 26 02 10 03 | 05
#1652-d139 @A: 19 18 02 15 | 09
#1653-d139 @A: 09 21 32 02 | 01
#1654-d139 @A: 11 02 06 01 | 06
#1655-d139 @A: 04 29 13 02 | 07
#1656-d139 @A: 30 02 09 25 | 04
#1657-d139 @A: 13 22 02 30 | 12
#1658-d139 @A: 25 02 11 24 | 11
#1659-d139 @A: 15 10 06 24 | 02
#1660-d139 @A: 01 10 06 20 | 03
#1661-d139 @A: 10 09 04 31 | 10
#1662-d139 @A: 10 04 05 29 | 08
#1663-d139 @A: 25 05 21 10 | 05
#1664-d139 @A: 21 13 34 10 | 09
#1665-d139 @A: 04 08 10 34 | 01
#1666-d139 @A: 31 15 24 20 | 06
#1667-d139 @A: 31 09 08 15 | 07
#1668-d139 @A: 31 15 21 04 | 04
#1669-d139 @A: 11 03 15 34 | 12
#1670-d139 @A: 18 05 15 22 | 11
#1671-d139 @A: 25 30 03 32 | 02
#1672-d139 @A: 11 32 09 24 | 03
#1673-d139 @A: 32 24 04 34 | 10
#1674-d139 @A: 32 08 22 13 | 08
#1675-d139 @A: 21 34 26 19 | 05
#1676-d139 @A: 25 19 03 13 | 09
#1677-d139 @A: 05 01 24 26 | 01
#1678-d139 @A: 29 08 01 34 | 06
#1679-d139 @A: 01 24 21 22 | 07
#1680-d139 @A: 01 08 25 05 | 04
#1681-d139 @A: 04 26 06 31 | 12
#1682-d139 @A: 26 09 30 29 | 11
#1683-d139 @A: 34 26 25 22 | 02
#1684-d139 @A: 06 05 29 22 | 03
#1685-d139 @A: 03 06 22 04 | 10
#1686-d139 @A: 06 24 20 04 | 08
#1687-d139 @A: 24 08 06 34 | 05
#1688-d139 @A: 25 20 05 03 | 09
#1689-d139 @A: 25 13 30 22 | 01
