#0001-d237 @A: 25 18 31 01 | 09
#0002-d237 @A: 18 25 16 14 | 01
#0003-d237 @A: 20 09 23 25 | 12
#0004-d237 @A: 07 29 17 25 | 06
#0005-d237 @A: 25 29 12 10 | 04
#0006-d237 @A: 25 04 03 10 | 02
#0007-d237 @A: 34 25 11 30 | 10
#0008-d237 @A: 25 17 14 08 | 08
#0009-d237 @A: 17 25 22 26 | 05
#0010-d237 @A: 31 03 26 25 | 11
#0011-d237 @A: 26 06 01 25 | 07
#0012-d237 @A: 09 26 32 25 | 03
#0013-d237 @A: 13 27 31 25 | 09
#0014-d237 @A: 21 25 27 12 | 01
#0015-d237 @A: 35 20 18 16 | 12
#0016-d237 @A: 26 35 18 04 | 06
#0017-d237 @A: 32 23 08 18 | 04
#0018-d237 @A: 18 23 15 16 | 02
#0019-d237 @A: 26 02 12 18 | 10
#0020-d237 @A: 18 30 15 31 | 08
#0021-d237 @A: 20 18 06 08 | 05
#0022-d237 @A: 13 20 18 33 | 11
#0023-d237 @A: 18 15 05 29 | 07
#0024-d237 @A: 12 18 17 29 | 03
#0025-d237 @A: 21 20 18 03 | 09
#0026-d237 @A: 16 06 18 03 | 01
#0027-d237 @A: 18 06 21 26 | 12
#0028-d237 @A: 11 13 18 09 | 06
#0029-d237 @A: 21 18 12 11 | 04
#0030-d237 @A: 22 04 35 23 | 02
#0031-d237 @A: 23 35 26 05 | 10
#0032-d237 @A: 35 14 02 33 | 08
#0033-d237 @A: 29 35 15 02 | 05
#0034-d237 @A: 02 17 32 35 | 11
#0035-d237 @A: 06 35 33 34 | 07
#0036-d237 @A: 35 08 13 30 | 03
#0037-d237 @A: 22 35 03 15 | 09
#0038-d237 @A: 03 33 35 32 | 01
#0039-d237 @A: 06 35 12 29 | 12
#0040-d237 @A: 17 29 24 35 | 06
#0041-d237 @A: 04 27 35 06 | 04
#0042-d237 @A: 19 01 05 35 | 02
#0043-d237 @A: 35 13 01 16 | 10
#0044-d237 @A: 35 21 31 27 | 08
#0045-d237 @A: 30 15 23 07 | 05
#0046-d237 @A: 23 07 22 09 | 11
#0047-d237 @A: 24 23 07 29 | 07
#0048-d237 @A: 23 03 10 01 | 03
#0049-d237 @A: 23 02 16 08 | 09
#0050-d237 @A: 22 28 23 02 | 01
#0051-d237 @A: 02 20 23 24 | 12
#0052-d237 @A: 02 06 17 23 | 06
#0053-d237 @A: 23 30 17 21 | 04
#0054-d237 @A: 23 05 24 08 | 02
#0055-d237 @A: 23 31 27 29 | 10
#0056-d237 @A: 03 15 23 09 | 08
#0057-d237 @A: 23 06 27 26 | 05
#0058-d237 @A: 23 01 17 26 | 11
#0059-d237 @A: 14 21 23 19 | 07
#0060-d237 @A: 15 24 23 21 | 03
#0061-d237 @A: 11 23 17 13 | 09
#0062-d237 @A: 11 04 23 28 | 01
#0063-d237 @A: 07 09 26 02 | 12
#0064-d237 @A: 15 07 34 26 | 06
#0065-d237 @A: 28 19 07 34 | 04
#0066-d237 @A: 07 24 15 08 | 02
#0067-d237 @A: 22 03 12 07 | 10
#0068-d237 @A: 32 07 06 29 | 08
#0069-d237 @A: 06 01 07 27 | 05
#0070-d237 @A: 05 12 17 07 | 11
#0071-d237 @A: 01 07 09 21 | 07
#0072-d237 @A: 32 07 16 04 | 03
#0073-d237 @A: 14 01 07 04 | 09
#0074-d237 @A: 14 21 07 15 | 01
#0075-d237 @A: 04 26 02 10 | 12
#0076-d237 @A: 21 11 02 10 | 06
#0077-d237 @A: 14 03 34 10 | 04
#0078-d237 @A: 34 24 10 26 | 02
#0079-d237 @A: 21 30 05 10 | 10
#0080-d237 @A: 13 10 33 08 | 08
#0081-d237 @A: 10 33 19 14 | 05
#0082-d237 @A: 14 15 10 06 | 11
#0083-d237 @A: 10 09 32 16 | 07
#0084-d237 @A: 14 32 10 12 | 03
#0085-d237 @A: 15 11 12 10 | 09
#0086-d237 @A: 15 31 27 10 | 01
#0087-d237 @A: 02 22 34 15 | 12
#0088-d237 @A: 34 21 02 33 | 06
#0089-d237 @A: 02 12 06 34 | 04
#0090-d237 @A: 14 02 03 06 | 02
#0091-d237 @A: 15 05 02 17 | 10
#0092-d237 @A: 02 16 13 26 | 08
#0093-d237 @A: 09 02 19 21 | 05
#0094-d237 @A: 01 02 32 21 | 11
#0095-d237 @A: 04 02 13 14 | 07
#0096-d237 @A: 21 16 24 02 | 03
#0097-d237 @A: 02 12 19 11 | 09
#0098-d237 @A: 34 21 30 06 | 01
#0099-d237 @A: 30 17 34 09 | 12
#0100-d237 @A: 34 08 24 06 | 06
#0101-d237 @A: 14 13 08 34 | 04
#0102-d237 @A: 34 29 09 11 | 02
#0103-d237 @A: 13 05 03 34 | 10
#0104-d237 @A: 12 05 15 34 | 08
#0105-d237 @A: 27 34 01 16 | 05
#0106-d237 @A: 24 28 34 27 | 11
#0107-d237 @A: 13 12 31 34 | 07
#0108-d237 @A: 30 17 31 08 | 03
#0109-d237 @A: 30 05 17 20 | 09
#0110-d237 @A: 20 13 26 30 | 01
#0111-d237 @A: 26 11 27 30 | 12
#0112-d237 @A: 27 30 13 32 | 06
#0113-d237 @A: 01 19 30 11 | 04
#0114-d237 @A: 08 22 27 26 | 02
#0115-d237 @A: 26 08 24 29 | 10
#0116-d237 @A: 20 28 08 32 | 08
#0117-d237 @A: 26 15 08 12 | 05
#0118-d237 @A: 13 09 08 17 | 11
#0119-d237 @A: 15 08 14 04 | 07
#0120-d237 @A: 24 08 13 11 | 03
#0121-d237 @A: 17 29 22 13 | 09
#0122-d237 @A: 16 03 22 26 | 01
#0123-d237 @A: 32 12 22 06 | 12
#0124-d237 @A: 27 22 32 11 | 06
#0125-d237 @A: 01 22 14 13 | 04
#0126-d237 @A: 19 22 04 13 | 02
#0127-d237 @A: 33 14 29 05 | 10
#0128-d237 @A: 16 05 33 20 | 08
#0129-d237 @A: 11 15 33 24 | 05
#0130-d237 @A: 27 16 17 33 | 11
#0131-d237 @A: 06 29 03 28 | 07
#0132-d237 @A: 19 29 21 26 | 03
#0133-d237 @A: 27 29 24 01 | 09
#0134-d237 @A: 15 24 14 29 | 01
#0135-d237 @A: 19 24 29 12 | 12
#0136-d237 @A: 16 28 29 21 | 06
#0137-d237 @A: 20 11 12 06 | 04
#0138-d237 @A: 24 20 04 15 | 02
#0139-d237 @A: 20 16 13 15 | 10
#0140-d237 @A: 20 15 21 11 | 08
#0141-d237 @A: 12 03 09 28 | 05
#0142-d237 @A: 15 28 32 03 | 11
#0143-d237 @A: 12 16 03 13 | 07
#0144-d237 @A: 21 24 32 06 | 03
#0145-d237 @A: 06 13 19 17 | 09
#0146-d237 @A: 15 04 05 13 | 01
#0147-d237 @A: 17 05 31 11 | 12
#0148-d237 @A: 09 17 26 31 | 06
#0149-d237 @A: 26 19 32 14 | 04
#0150-d237 @A: 21 31 32 26 | 02
#0151-d237 @A: 17 01 09 12 | 10
#0152-d237 @A: 25 23 16 26 | 08
#0153-d237 @A: 25 30 28 07 | 05
#0154-d237 @A: 11 25 02 33 | 11
#0155-d237 @A: 20 16 25 02 | 07
#0156-d237 @A: 16 25 30 08 | 03
#0157-d237 @A: 27 22 25 20 | 09
#0158-d237 @A: 06 22 28 25 | 01
#0159-d237 @A: 21 22 25 01 | 12
#0160-d237 @A: 31 20 25 06 | 06
#0161-d237 @A: 09 17 20 25 | 04
#0162-d237 @A: 24 05 25 03 | 02
#0163-d237 @A: 15 16 03 25 | 10
#0164-d237 @A: 12 05 06 25 | 08
#0165-d237 @A: 13 06 25 04 | 05
#0166-d237 @A: 25 01 21 17 | 11
#0167-d237 @A: 18 10 35 27 | 07
#0168-d237 @A: 18 12 35 08 | 03
#0169-d237 @A: 23 18 06 34 | 09
#0170-d237 @A: 18 14 30 23 | 01
#0171-d237 @A: 18 11 20 23 | 12
#0172-d237 @A: 18 06 31 07 | 06
#0173-d237 @A: 02 33 18 30 | 04
#0174-d237 @A: 22 06 18 02 | 02
#0175-d237 @A: 34 08 21 18 | 10
#0176-d237 @A: 11 30 05 18 | 08
#0177-d237 @A: 19 30 18 28 | 05
#0178-d237 @A: 18 12 29 22 | 11
#0179-d237 @A: 18 03 17 04 | 07
#0180-d237 @A: 06 01 18 04 | 03
#0181-d237 @A: 18 14 32 01 | 09
#0182-d237 @A: 01 24 11 18 | 01
#0183-d237 @A: 18 16 31 13 | 12
#0184-d237 @A: 28 18 04 13 | 06
#0185-d237 @A: 15 23 10 35 | 04
#0186-d237 @A: 02 19 23 35 | 02
#0187-d237 @A: 35 07 30 16 | 10
#0188-d237 @A: 33 35 10 29 | 08
#0189-d237 @A: 27 02 35 08 | 05
#0190-d237 @A: 34 22 35 21 | 11
#0191-d237 @A: 19 35 08 33 | 07
#0192-d237 @A: 35 12 26 22 | 03
#0193-d237 @A: 35 16 26 33 | 09
#0194-d237 @A: 29 09 35 31 | 01
#0195-d237 @A: 03 35 11 24 | 12
#0196-d237 @A: 15 26 01 35 | 06
#0197-d237 @A: 35 16 14 28 | 04
#0198-d237 @A: 15 16 35 04 | 02
#0199-d237 @A: 15 11 23 02 | 10
#0200-d237 @A: 23 30 09 08 | 08
#0201-d237 @A: 30 06 01 23 | 05
#0202-d237 @A: 23 08 13 22 | 11
#0203-d237 @A: 03 28 23 33 | 07
#0204-d237 @A: 11 23 29 13 | 03
#0205-d237 @A: 26 20 23 04 | 09
#0206-d237 @A: 13 09 12 23 | 01
#0207-d237 @A: 04 12 19 23 | 12
#0208-d237 @A: 07 10 29 15 | 06
#0209-d237 @A: 30 07 26 31 | 04
#0210-d237 @A: 07 08 19 20 | 02
#0211-d237 @A: 33 07 28 05 | 10
#0212-d237 @A: 29 01 07 31 | 08
#0213-d237 @A: 03 07 24 20 | 05
#0214-d237 @A: 24 32 11 07 | 11
#0215-d237 @A: 07 16 14 19 | 07
#0216-d237 @A: 27 04 07 21 | 03
#0217-d237 @A: 16 10 30 02 | 09
#0218-d237 @A: 10 33 22 02 | 01
#0219-d237 @A: 11 34 08 10 | 12
#0220-d237 @A: 20 28 10 33 | 06
#0221-d237 @A: 06 10 33 11 | 04
#0222-d237 @A: 10 29 26 32 | 02
#0223-d237 @A: 06 03 12 10 | 10
#0224-d237 @A: 05 13 10 16 | 08
#0225-d237 @A: 10 27 12 01 | 05
#0226-d237 @A: 14 27 04 10 | 11
#0227-d237 @A: 28 13 10 27 | 07
#0228-d237 @A: 02 26 34 01 | 03
#0229-d237 @A: 11 02 22 03 | 09
#0230-d237 @A: 02 14 24 32 | 01
#0231-d237 @A: 27 02 04 32 | 12
#0232-d237 @A: 34 05 22 19 | 06
#0233-d237 @A: 03 27 34 17 | 04
#0234-d237 @A: 34 21 32 11 | 02
#0235-d237 @A: 17 34 12 21 | 10
#0236-d237 @A: 26 30 32 08 | 08
#0237-d237 @A: 04 30 22 26 | 05
#0238-d237 @A: 30 24 26 33 | 11
#0239-d237 @A: 32 12 19 30 | 07
#0240-d237 @A: 30 28 12 11 | 03
#0241-d237 @A: 22 08 16 06 | 09
#0242-d237 @A: 14 08 33 03 | 01
#0243-d237 @A: 26 17 08 04 | 12
#0244-d237 @A: 08 32 21 27 | 06
#0245-d237 @A: 15 11 08 32 | 04
#0246-d237 @A: 19 14 08 01 | 02
#0247-d237 @A: 03 33 04 22 | 10
#0248-d237 @A: 05 01 33 22 | 08
#0249-d237 @A: 33 16 22 24 | 05
#0250-d237 @A: 09 01 12 22 | 11
#0251-d237 @A: 22 13 32 16 | 07
#0252-d237 @A: 29 06 16 33 | 03
#0253-d237 @A: 20 33 03 12 | 09
#0254-d237 @A: 09 14 33 20 | 01
#0255-d237 @A: 33 24 19 06 | 12
#0256-d237 @A: 11 26 33 31 | 06
#0257-d237 @A: 33 01 32 24 | 04
#0258-d237 @A: 28 16 33 32 | 02
#0259-d237 @A: 33 21 27 28 | 10
#0260-d237 @A: 06 15 26 29 | 08
#0261-d237 @A: 16 09 15 29 | 05
#0262-d237 @A: 19 27 29 16 | 11
#0263-d237 @A: 20 32 05 06 | 07
#0264-d237 @A: 09 21 20 13 | 03
#0265-d237 @A: 20 16 21 27 | 09
#0266-d237 @A: 04 17 27 20 | 01
#0267-d237 @A: 11 21 03 09 | 12
#0268-d237 @A: 19 21 03 01 | 06
#0269-d237 @A: 28 24 31 03 | 04
#0270-d237 @A: 24 06 09 13 | 02
#0271-d237 @A: 06 32 16 11 | 10
#0272-d237 @A: 06 31 27 14 | 08
#0273-d237 @A: 16 06 19 12 | 05
#0274-d237 @A: 05 09 12 31 | 11
#0275-d237 @A: 09 05 11 04 | 07
#0276-d237 @A: 14 11 05 21 | 03
#0277-d237 @A: 26 14 12 09 | 09
#0278-d237 @A: 21 26 13 14 | 01
#0279-d237 @A: 26 14 27 28 | 12
#0280-d237 @A: 30 10 18 25 | 06
#0281-d237 @A: 25 29 22 35 | 04
#0282-d237 @A: 12 02 25 01 | 02
#0283-d237 @A: 17 34 25 24 | 10
#0284-d237 @A: 25 05 22 14 | 08
#0285-d237 @A: 33 31 29 25 | 05
#0286-d237 @A: 33 19 25 03 | 11
#0287-d237 @A: 05 33 25 32 | 07
#0288-d237 @A: 11 25 13 32 | 03
#0289-d237 @A: 25 16 27 11 | 09
#0290-d237 @A: 12 28 04 25 | 01
#0291-d237 @A: 07 35 32 18 | 12
#0292-d237 @A: 35 02 18 21 | 06
#0293-d237 @A: 18 33 24 23 | 04
#0294-d237 @A: 21 23 05 18 | 02
#0295-d237 @A: 17 23 18 16 | 10
#0296-d237 @A: 18 31 34 24 | 08
#0297-d237 @A: 30 26 18 09 | 05
#0298-d237 @A: 26 11 22 18 | 11
#0299-d237 @A: 17 01 18 22 | 07
#0300-d237 @A: 20 18 32 29 | 03
#0301-d237 @A: 18 26 32 13 | 09
#0302-d237 @A: 15 12 18 13 | 01
#0303-d237 @A: 28 07 22 35 | 12
#0304-d237 @A: 14 35 07 26 | 06
#0305-d237 @A: 35 03 30 27 | 04
#0306-d237 @A: 03 17 35 30 | 02
#0307-d237 @A: 08 35 01 20 | 10
#0308-d237 @A: 05 17 26 35 | 08
#0309-d237 @A: 35 11 01 32 | 05
#0310-d237 @A: 01 35 04 12 | 11
#0311-d237 @A: 11 35 04 13 | 07
#0312-d237 @A: 13 03 23 02 | 03
#0313-d237 @A: 34 24 22 23 | 09
#0314-d237 @A: 23 34 05 11 | 01
#0315-d237 @A: 23 22 21 20 | 12
#0316-d237 @A: 23 15 26 22 | 06
#0317-d237 @A: 31 33 20 23 | 04
#0318-d237 @A: 23 06 11 03 | 02
#0319-d237 @A: 24 11 27 23 | 10
#0320-d237 @A: 04 27 23 16 | 08
#0321-d237 @A: 31 15 04 23 | 05
#0322-d237 @A: 30 24 07 10 | 11
#0323-d237 @A: 10 07 33 03 | 07
#0324-d237 @A: 07 05 32 10 | 03
#0325-d237 @A: 12 31 10 07 | 09
#0326-d237 @A: 34 07 13 02 | 01
#0327-d237 @A: 07 02 08 32 | 12
#0328-d237 @A: 19 02 05 07 | 06
#0329-d237 @A: 34 07 11 01 | 04
#0330-d237 @A: 07 20 32 26 | 02
#0331-d237 @A: 27 13 20 07 | 10
#0332-d237 @A: 06 07 13 05 | 08
#0333-d237 @A: 07 28 01 13 | 05
#0334-d237 @A: 24 07 31 13 | 11
#0335-d237 @A: 04 10 06 34 | 07
#0336-d237 @A: 34 05 10 09 | 03
#0337-d237 @A: 22 17 14 10 | 09
#0338-d237 @A: 11 10 29 04 | 01
#0339-d237 @A: 09 17 27 10 | 12
#0340-d237 @A: 15 01 10 16 | 06
#0341-d237 @A: 16 31 11 10 | 04
#0342-d237 @A: 10 12 04 13 | 02
#0343-d237 @A: 13 15 10 19 | 10
#0344-d237 @A: 27 21 19 10 | 08
#0345-d237 @A: 02 03 34 19 | 05
#0346-d237 @A: 02 05 01 30 | 11
#0347-d237 @A: 02 26 08 14 | 07
#0348-d237 @A: 02 06 33 13 | 03
#0349-d237 @A: 29 04 05 02 | 09
#0350-d237 @A: 17 20 02 28 | 01
#0351-d237 @A: 24 02 12 31 | 12
#0352-d237 @A: 31 02 15 21 | 06
#0353-d237 @A: 30 34 08 27 | 04
#0354-d237 @A: 34 03 30 31 | 02
#0355-d237 @A: 34 26 09 03 | 10
#0356-d237 @A: 24 16 34 03 | 08
#0357-d237 @A: 32 09 12 34 | 05
#0358-d237 @A: 14 15 34 09 | 11
#0359-d237 @A: 01 04 34 32 | 07
#0360-d237 @A: 21 14 01 34 | 03
#0361-d237 @A: 24 21 19 34 | 09
#0362-d237 @A: 12 34 28 16 | 01
#0363-d237 @A: 31 34 27 04 | 12
#0364-d237 @A: 30 22 33 11 | 06
#0365-d237 @A: 13 30 14 33 | 04
#0366-d237 @A: 30 29 20 12 | 02
#0367-d237 @A: 06 03 04 30 | 10
#0368-d237 @A: 26 16 06 30 | 08
#0369-d237 @A: 04 30 16 14 | 05
#0370-d237 @A: 26 33 08 09 | 11
#0371-d237 @A: 08 06 29 09 | 07
#0372-d237 @A: 08 15 03 20 | 03
#0373-d237 @A: 13 05 08 20 | 09
#0374-d237 @A: 31 08 01 11 | 01
#0375-d237 @A: 28 16 08 24 | 12
#0376-d237 @A: 17 15 21 08 | 06
#0377-d237 @A: 29 06 11 22 | 04
#0378-d237 @A: 26 29 14 22 | 02
#0379-d237 @A: 29 16 22 01 | 10
#0380-d237 @A: 04 28 22 24 | 08
#0381-d237 @A: 27 16 22 31 | 05
#0382-d237 @A: 27 21 17 22 | 11
#0383-d237 @A: 21 19 22 28 | 07
#0384-d237 @A: 20 29 11 33 | 03
#0385-d237 @A: 03 29 33 24 | 09
#0386-d237 @A: 03 33 21 13 | 01
#0387-d237 @A: 33 11 09 28 | 12
#0388-d237 @A: 32 15 33 14 | 06
#0389-d237 @A: 24 17 33 32 | 04
#0390-d237 @A: 31 33 27 32 | 02
#0391-d237 @A: 32 19 04 33 | 10
#0392-d237 @A: 01 33 27 19 | 08
#0393-d237 @A: 16 29 14 20 | 05
#0394-d237 @A: 11 32 29 12 | 11
#0395-d237 @A: 04 21 14 29 | 07
#0396-d237 @A: 24 31 11 29 | 03
#0397-d237 @A: 26 03 20 05 | 09
#0398-d237 @A: 03 17 13 20 | 01
#0399-d237 @A: 20 19 26 01 | 12
#0400-d237 @A: 20 09 27 19 | 06
#0401-d237 @A: 14 24 19 20 | 04
#0402-d237 @A: 20 31 04 13 | 02
#0403-d237 @A: 28 04 20 27 | 10
#0404-d237 @A: 04 09 03 27 | 08
#0405-d237 @A: 03 01 11 17 | 05
#0406-d237 @A: 14 03 21 31 | 11
#0407-d237 @A: 11 28 03 14 | 07
#0408-d237 @A: 31 17 03 16 | 03
#0409-d237 @A: 15 27 11 03 | 09
#0410-d237 @A: 06 16 14 01 | 01
#0411-d237 @A: 04 17 06 14 | 12
#0412-d237 @A: 05 26 28 16 | 06
#0413-d237 @A: 05 09 19 15 | 04
#0414-d237 @A: 12 32 05 01 | 02
#0415-d237 @A: 05 15 11 28 | 10
#0416-d237 @A: 17 31 32 19 | 08
#0417-d237 @A: 32 11 17 04 | 05
#0418-d237 @A: 32 23 35 25 | 11
#0419-d237 @A: 19 25 35 30 | 07
#0420-d237 @A: 27 23 02 25 | 03
#0421-d237 @A: 25 30 23 04 | 09
#0422-d237 @A: 25 19 29 23 | 01
#0423-d237 @A: 05 25 02 21 | 12
#0424-d237 @A: 34 31 05 25 | 06
#0425-d237 @A: 24 21 25 09 | 04
#0426-d237 @A: 09 25 12 15 | 02
#0427-d237 @A: 19 04 25 09 | 10
#0428-d237 @A: 01 27 04 25 | 08
#0429-d237 @A: 31 19 25 15 | 05
#0430-d237 @A: 35 24 29 18 | 11
#0431-d237 @A: 18 32 06 10 | 07
#0432-d237 @A: 18 05 10 17 | 03
#0433-d237 @A: 30 22 32 18 | 09
#0434-d237 @A: 18 17 30 13 | 01
#0435-d237 @A: 05 13 18 22 | 12
#0436-d237 @A: 26 18 05 33 | 06
#0437-d237 @A: 18 33 11 32 | 04
#0438-d237 @A: 13 06 18 29 | 02
#0439-d237 @A: 01 09 15 18 | 10
#0440-d237 @A: 18 04 12 32 | 08
#0441-d237 @A: 21 01 13 18 | 05
#0442-d237 @A: 31 17 18 24 | 11
#0443-d237 @A: 07 21 35 10 | 07
#0444-d237 @A: 35 31 02 07 | 03
#0445-d237 @A: 34 35 26 27 | 09
#0446-d237 @A: 35 31 32 34 | 01
#0447-d237 @A: 35 22 27 05 | 12
#0448-d237 @A: 09 35 20 12 | 06
#0449-d237 @A: 16 19 32 35 | 04
#0450-d237 @A: 01 24 21 35 | 02
#0451-d237 @A: 35 27 19 11 | 10
#0452-d237 @A: 15 21 35 28 | 08
#0453-d237 @A: 27 23 10 22 | 05
#0454-d237 @A: 34 30 02 23 | 11
#0455-d237 @A: 30 21 23 32 | 07
#0456-d237 @A: 08 01 26 23 | 03
#0457-d237 @A: 23 08 21 31 | 09
#0458-d237 @A: 22 14 23 06 | 01
#0459-d237 @A: 04 06 23 29 | 12
#0460-d237 @A: 05 17 28 23 | 06
#0461-d237 @A: 32 17 14 23 | 04
#0462-d237 @A: 24 33 02 07 | 02
#0463-d237 @A: 07 22 31 34 | 10
#0464-d237 @A: 07 33 34 32 | 08
#0465-d237 @A: 03 29 07 34 | 05
#0466-d237 @A: 12 07 20 34 | 11
#0467-d237 @A: 30 01 07 32 | 07
#0468-d237 @A: 08 31 07 33 | 03
#0469-d237 @A: 04 33 07 26 | 09
#0470-d237 @A: 19 33 13 07 | 01
#0471-d237 @A: 20 28 11 07 | 12
#0472-d237 @A: 06 07 21 03 | 06
#0473-d237 @A: 05 31 03 07 | 04
#0474-d237 @A: 07 24 28 09 | 02
#0475-d237 @A: 24 08 22 10 | 10
#0476-d237 @A: 10 21 22 29 | 08
#0477-d237 @A: 05 10 33 15 | 05
#0478-d237 @A: 24 10 04 33 | 11
#0479-d237 @A: 24 20 29 10 | 07
#0480-d237 @A: 10 05 29 01 | 03
#0481-d237 @A: 10 05 11 03 | 09
#0482-d237 @A: 03 10 26 15 | 01
#0483-d237 @A: 21 32 03 10 | 12
#0484-d237 @A: 28 31 10 09 | 06
#0485-d237 @A: 24 16 10 14 | 04
#0486-d237 @A: 19 10 12 28 | 02
#0487-d237 @A: 34 14 28 02 | 10
#0488-d237 @A: 30 02 09 03 | 08
#0489-d237 @A: 08 21 02 20 | 05
#0490-d237 @A: 01 08 06 02 | 11
#0491-d237 @A: 29 02 21 06 | 07
#0492-d237 @A: 06 04 02 20 | 03
#0493-d237 @A: 03 02 05 15 | 09
#0494-d237 @A: 02 16 19 15 | 01
#0495-d237 @A: 21 02 13 12 | 12
#0496-d237 @A: 17 19 02 21 | 06
#0497-d237 @A: 34 19 26 30 | 04
#0498-d237 @A: 08 34 01 22 | 02
#0499-d237 @A: 34 29 04 33 | 10
#0500-d237 @A: 34 29 27 32 | 08
#0501-d237 @A: 20 24 13 34 | 05
#0502-d237 @A: 13 34 01 06 | 11
#0503-d237 @A: 34 15 01 24 | 07
#0504-d237 @A: 34 12 24 14 | 03
#0505-d237 @A: 30 22 17 11 | 09
#0506-d237 @A: 30 15 33 03 | 01
#0507-d237 @A: 19 30 33 05 | 12
#0508-d237 @A: 29 03 30 11 | 06
#0509-d237 @A: 20 06 19 30 | 04
#0510-d237 @A: 31 30 09 13 | 02
#0511-d237 @A: 17 32 30 01 | 10
#0512-d237 @A: 24 14 11 30 | 08
#0513-d237 @A: 30 15 14 28 | 05
#0514-d237 @A: 21 11 30 13 | 11
#0515-d237 @A: 27 15 12 30 | 07
#0516-d237 @A: 22 31 29 08 | 03
#0517-d237 @A: 12 05 08 29 | 09
#0518-d237 @A: 11 06 08 05 | 01
#0519-d237 @A: 21 13 08 06 | 12
#0520-d237 @A: 31 32 08 24 | 06
#0521-d237 @A: 08 04 24 19 | 04
#0522-d237 @A: 08 04 21 12 | 02
#0523-d237 @A: 33 29 22 32 | 10
#0524-d237 @A: 03 20 14 22 | 08
#0525-d237 @A: 09 20 22 26 | 05
#0526-d237 @A: 05 22 31 11 | 11
#0527-d237 @A: 22 14 24 09 | 07
#0528-d237 @A: 22 28 16 09 | 03
#0529-d237 @A: 19 22 31 01 | 09
#0530-d237 @A: 22 12 24 13 | 01
#0531-d237 @A: 19 24 27 22 | 12
#0532-d237 @A: 19 28 17 22 | 06
#0533-d237 @A: 17 15 33 29 | 04
#0534-d237 @A: 09 04 33 31 | 02
#0535-d237 @A: 17 28 09 33 | 10
#0536-d237 @A: 27 14 24 33 | 08
#0537-d237 @A: 33 14 04 28 | 05
#0538-d237 @A: 12 33 17 31 | 11
#0539-d237 @A: 29 20 15 28 | 07
#0540-d237 @A: 29 17 32 03 | 03
#0541-d237 @A: 32 04 31 29 | 09
#0542-d237 @A: 19 29 14 11 | 01
#0543-d237 @A: 16 31 12 29 | 12
#0544-d237 @A: 17 19 29 11 | 06
#0545-d237 @A: 29 17 04 28 | 04
#0546-d237 @A: 32 19 13 20 | 02
#0547-d237 @A: 27 12 20 32 | 10
#0548-d237 @A: 20 32 11 04 | 08
#0549-d237 @A: 15 14 20 01 | 05
#0550-d237 @A: 20 01 24 31 | 11
#0551-d237 @A: 28 31 21 20 | 07
#0552-d237 @A: 03 32 09 14 | 03
#0553-d237 @A: 14 01 24 03 | 09
#0554-d237 @A: 03 19 12 14 | 01
#0555-d237 @A: 12 15 03 21 | 12
#0556-d237 @A: 11 04 31 03 | 06
#0557-d237 @A: 28 14 24 06 | 04
#0558-d237 @A: 24 28 17 06 | 02
#0559-d237 @A: 06 28 12 21 | 10
#0560-d237 @A: 26 01 14 05 | 08
#0561-d237 @A: 19 05 04 26 | 05
#0562-d237 @A: 05 21 16 09 | 11
#0563-d237 @A: 24 13 28 05 | 07
#0564-d237 @A: 05 19 16 11 | 03
#0565-d237 @A: 31 21 05 04 | 09
#0566-d237 @A: 26 28 32 01 | 01
#0567-d237 @A: 32 04 26 24 | 12
#0568-d237 @A: 04 26 01 11 | 06
#0569-d237 @A: 02 25 18 32 | 04
#0570-d237 @A: 11 03 25 18 | 02
#0571-d237 @A: 25 23 11 22 | 10
#0572-d237 @A: 12 25 03 23 | 08
#0573-d237 @A: 10 25 07 13 | 05
#0574-d237 @A: 26 10 28 25 | 11
#0575-d237 @A: 25 09 22 02 | 07
#0576-d237 @A: 22 30 25 31 | 03
#0577-d237 @A: 20 01 25 30 | 09
#0578-d237 @A: 08 25 15 06 | 01
#0579-d237 @A: 04 22 25 15 | 12
#0580-d237 @A: 25 26 33 27 | 06
#0581-d237 @A: 29 20 13 25 | 04
#0582-d237 @A: 25 29 15 11 | 02
#0583-d237 @A: 25 13 01 03 | 10
#0584-d237 @A: 17 14 15 25 | 08
#0585-d237 @A: 24 28 11 25 | 05
#0586-d237 @A: 25 16 31 28 | 11
#0587-d237 @A: 19 22 18 35 | 07
#0588-d237 @A: 33 18 14 07 | 03
#0589-d237 @A: 18 26 07 27 | 09
#0590-d237 @A: 18 02 10 13 | 01
#0591-d237 @A: 14 21 10 18 | 12
#0592-d237 @A: 20 34 18 15 | 06
#0593-d237 @A: 27 22 14 18 | 04
#0594-d237 @A: 09 31 18 21 | 02
#0595-d237 @A: 18 15 11 14 | 10
#0596-d237 @A: 18 16 04 24 | 08
#0597-d237 @A: 04 18 19 11 | 05
#0598-d237 @A: 08 03 23 35 | 11
#0599-d237 @A: 35 14 23 01 | 07
#0600-d237 @A: 23 28 13 35 | 03
#0601-d237 @A: 07 35 11 33 | 09
#0602-d237 @A: 01 02 10 35 | 01
#0603-d237 @A: 02 28 04 35 | 12
#0604-d237 @A: 35 20 31 22 | 06
#0605-d237 @A: 17 09 35 22 | 04
#0606-d237 @A: 20 04 35 33 | 02
#0607-d237 @A: 03 35 21 16 | 10
#0608-d237 @A: 35 28 12 32 | 08
#0609-d237 @A: 07 06 28 23 | 05
#0610-d237 @A: 23 30 28 10 | 11
#0611-d237 @A: 10 26 23 11 | 07
#0612-d237 @A: 17 10 23 24 | 03
#0613-d237 @A: 20 23 27 30 | 09
#0614-d237 @A: 22 19 23 16 | 01
#0615-d237 @A: 23 01 29 33 | 12
#0616-d237 @A: 09 29 17 23 | 06
#0617-d237 @A: 29 16 32 23 | 04
#0618-d237 @A: 23 05 06 19 | 02
#0619-d237 @A: 23 15 19 01 | 10
#0620-d237 @A: 13 16 23 14 | 08
#0621-d237 @A: 23 24 28 19 | 05
#0622-d237 @A: 19 23 17 12 | 11
#0623-d237 @A: 17 04 23 31 | 07
#0624-d237 @A: 01 10 08 07 | 03
#0625-d237 @A: 07 12 08 30 | 09
#0626-d237 @A: 30 07 19 03 | 01
#0627-d237 @A: 17 22 07 31 | 12
#0628-d237 @A: 07 12 33 29 | 06
#0629-d237 @A: 07 05 20 09 | 04
#0630-d237 @A: 07 24 26 17 | 02
#0631-d237 @A: 09 15 27 07 | 10
#0632-d237 @A: 07 27 16 24 | 08
#0633-d237 @A: 08 10 02 19 | 05
#0634-d237 @A: 03 13 30 10 | 11
#0635-d237 @A: 29 10 28 08 | 07
#0636-d237 @A: 09 14 10 08 | 03
#0637-d237 @A: 20 22 10 01 | 09
#0638-d237 @A: 22 10 13 26 | 01
#0639-d237 @A: 12 10 26 33 | 12
#0640-d237 @A: 01 10 21 33 | 06
#0641-d237 @A: 29 19 06 10 | 04
#0642-d237 @A: 17 10 06 20 | 02
#0643-d237 @A: 10 20 26 31 | 10
#0644-d237 @A: 10 21 09 15 | 08
#0645-d237 @A: 19 04 10 16 | 05
#0646-d237 @A: 31 20 02 34 | 11
#0647-d237 @A: 02 30 22 27 | 07
#0648-d237 @A: 28 02 30 06 | 03
#0649-d237 @A: 02 12 30 14 | 09
#0650-d237 @A: 32 22 02 20 | 01
#0651-d237 @A: 26 33 32 02 | 12
#0652-d237 @A: 17 03 02 26 | 06
#0653-d237 @A: 06 02 05 16 | 04
#0654-d237 @A: 05 02 32 13 | 02
#0655-d237 @A: 15 27 01 02 | 10
#0656-d237 @A: 17 02 12 04 | 08
#0657-d237 @A: 05 34 28 30 | 05
#0658-d237 @A: 16 34 08 33 | 11
#0659-d237 @A: 32 34 05 08 | 07
#0660-d237 @A: 34 04 05 20 | 03
#0661-d237 @A: 19 29 30 08 | 09
#0662-d237 @A: 28 30 21 08 | 01
#0663-d237 @A: 03 22 30 28 | 12
#0664-d237 @A: 30 17 15 26 | 06
#0665-d237 @A: 16 24 31 30 | 04
#0666-d237 @A: 19 06 08 03 | 02
#0667-d237 @A: 27 09 24 08 | 10
#0668-d237 @A: 08 27 01 13 | 08
#0669-d237 @A: 08 11 17 28 | 05
#0670-d237 @A: 13 21 15 22 | 11
#0671-d237 @A: 09 16 33 27 | 07
#0672-d237 @A: 01 11 14 33 | 03
#0673-d237 @A: 21 16 33 14 | 09
#0674-d237 @A: 19 21 33 11 | 01
#0675-d237 @A: 28 17 33 21 | 12
#0676-d237 @A: 29 03 19 05 | 06
#0677-d237 @A: 15 03 31 29 | 04
#0678-d237 @A: 09 04 29 24 | 02
#0679-d237 @A: 29 19 09 13 | 10
#0680-d237 @A: 15 32 29 19 | 08
#0681-d237 @A: 24 26 06 20 | 05
#0682-d237 @A: 14 26 03 04 | 11
#0683-d237 @A: 13 15 03 14 | 07
#0684-d237 @A: 16 31 09 06 | 03
#0685-d237 @A: 06 32 13 28 | 09
#0686-d237 @A: 17 01 13 06 | 01
#0687-d237 @A: 11 14 06 04 | 12
#0688-d237 @A: 24 06 15 16 | 06
#0689-d237 @A: 28 11 06 27 | 04
#0690-d237 @A: 09 27 26 05 | 02
#0691-d237 @A: 21 28 05 01 | 10
#0692-d237 @A: 05 12 14 16 | 08
#0693-d237 @A: 05 27 14 15 | 05
#0694-d237 @A: 11 12 05 24 | 11
#0695-d237 @A: 05 27 04 24 | 07
#0696-d237 @A: 12 31 26 01 | 03
#0697-d237 @A: 26 27 01 21 | 09
#0698-d237 @A: 01 19 17 04 | 01
#0699-d237 @A: 21 24 17 11 | 12
#0700-d237 @A: 25 13 23 18 | 06
#0701-d237 @A: 19 07 18 25 | 04
#0702-d237 @A: 09 06 25 18 | 02
#0703-d237 @A: 15 18 26 25 | 10
#0704-d237 @A: 08 35 25 24 | 08
#0705-d237 @A: 09 03 25 35 | 05
#0706-d237 @A: 25 21 35 26 | 11
#0707-d237 @A: 31 25 35 04 | 07
#0708-d237 @A: 04 17 25 35 | 03
#0709-d237 @A: 28 08 23 25 | 09
#0710-d237 @A: 33 25 23 14 | 01
#0711-d237 @A: 25 15 14 02 | 12
#0712-d237 @A: 25 04 02 24 | 06
#0713-d237 @A: 06 34 27 25 | 04
#0714-d237 @A: 03 22 08 25 | 02
#0715-d237 @A: 08 25 12 33 | 10
#0716-d237 @A: 08 04 20 25 | 08
#0717-d237 @A: 25 11 06 17 | 05
#0718-d237 @A: 09 25 14 01 | 11
#0719-d237 @A: 25 31 09 11 | 07
#0720-d237 @A: 32 01 25 15 | 03
#0721-d237 @A: 28 19 01 25 | 09
#0722-d237 @A: 25 31 24 14 | 01
#0723-d237 @A: 23 35 09 18 | 12
#0724-d237 @A: 31 35 18 05 | 06
#0725-d237 @A: 31 18 02 23 | 04
#0726-d237 @A: 18 07 20 01 | 02
#0727-d237 @A: 33 18 16 10 | 10
#0728-d237 @A: 10 15 18 04 | 08
#0729-d237 @A: 04 03 02 18 | 05
#0730-d237 @A: 05 18 01 34 | 11
#0731-d237 @A: 34 18 26 16 | 07
#0732-d237 @A: 08 24 30 18 | 03
#0733-d237 @A: 14 28 08 18 | 09
#0734-d237 @A: 03 18 01 27 | 01
#0735-d237 @A: 15 18 24 32 | 12
#0736-d237 @A: 18 31 32 28 | 06
#0737-d237 @A: 24 28 21 18 | 04
#0738-d237 @A: 27 11 31 18 | 02
#0739-d237 @A: 07 35 34 24 | 10
#0740-d237 @A: 29 35 07 08 | 08
#0741-d237 @A: 35 09 07 04 | 05
#0742-d237 @A: 13 35 07 12 | 11
#0743-d237 @A: 17 10 34 35 | 07
#0744-d237 @A: 09 06 35 02 | 03
#0745-d237 @A: 35 08 06 28 | 09
#0746-d237 @A: 13 35 22 33 | 01
#0747-d237 @A: 22 06 01 35 | 12
#0748-d237 @A: 20 17 26 35 | 06
#0749-d237 @A: 35 20 24 27 | 04
#0750-d237 @A: 35 03 31 06 | 02
#0751-d237 @A: 15 12 24 35 | 10
#0752-d237 @A: 07 23 03 14 | 08
#0753-d237 @A: 13 23 10 20 | 05
#0754-d237 @A: 06 23 10 31 | 11
#0755-d237 @A: 16 30 23 33 | 07
#0756-d237 @A: 22 23 12 33 | 03
#0757-d237 @A: 05 23 13 33 | 09
#0758-d237 @A: 03 32 26 23 | 01
#0759-d237 @A: 16 01 23 28 | 12
#0760-d237 @A: 14 10 22 07 | 06
#0761-d237 @A: 07 33 17 10 | 04
#0762-d237 @A: 13 07 17 02 | 02
#0763-d237 @A: 06 07 16 34 | 10
#0764-d237 @A: 14 17 07 34 | 08
#0765-d237 @A: 30 09 07 33 | 05
#0766-d237 @A: 07 05 22 16 | 11
#0767-d237 @A: 07 29 20 21 | 07
#0768-d237 @A: 26 29 16 07 | 03
#0769-d237 @A: 07 09 06 17 | 09
#0770-d237 @A: 14 07 24 05 | 01
#0771-d237 @A: 32 31 15 07 | 12
#0772-d237 @A: 14 27 07 11 | 06
#0773-d237 @A: 31 28 04 07 | 04
#0774-d237 @A: 15 20 10 02 | 02
#0775-d237 @A: 24 02 10 05 | 10
#0776-d237 @A: 02 12 10 09 | 08
#0777-d237 @A: 10 12 22 34 | 05
#0778-d237 @A: 10 30 09 29 | 11
#0779-d237 @A: 05 10 31 08 | 07
#0780-d237 @A: 01 10 06 24 | 03
#0781-d237 @A: 32 28 11 10 | 09
#0782-d237 @A: 11 10 17 15 | 01
#0783-d237 @A: 02 30 11 08 | 12
#0784-d237 @A: 02 19 30 24 | 06
#0785-d237 @A: 02 29 08 13 | 04
#0786-d237 @A: 02 29 22 24 | 02
#0787-d237 @A: 33 09 01 02 | 10
#0788-d237 @A: 02 26 29 11 | 08
#0789-d237 @A: 05 20 12 02 | 05
#0790-d237 @A: 02 26 27 03 | 11
#0791-d237 @A: 06 02 27 19 | 07
#0792-d237 @A: 32 02 19 28 | 03
#0793-d237 @A: 29 34 15 30 | 09
#0794-d237 @A: 12 03 34 08 | 01
#0795-d237 @A: 26 29 05 34 | 12
#0796-d237 @A: 34 12 21 29 | 06
#0797-d237 @A: 17 19 34 26 | 04
#0798-d237 @A: 31 34 09 01 | 02
#0799-d237 @A: 09 27 34 21 | 10
#0800-d237 @A: 12 19 01 34 | 08
#0801-d237 @A: 30 33 17 06 | 05
#0802-d237 @A: 30 04 09 01 | 11
#0803-d237 @A: 30 32 15 16 | 07
#0804-d237 @A: 24 30 13 04 | 03
#0805-d237 @A: 21 19 30 16 | 09
#0806-d237 @A: 30 04 12 31 | 01
#0807-d237 @A: 29 08 14 32 | 12
#0808-d237 @A: 08 13 09 04 | 06
#0809-d237 @A: 16 01 08 21 | 04
#0810-d237 @A: 08 17 24 27 | 02
#0811-d237 @A: 22 16 15 14 | 10
#0812-d237 @A: 04 16 11 22 | 08
#0813-d237 @A: 04 27 12 22 | 05
#0814-d237 @A: 27 03 33 06 | 11
#0815-d237 @A: 29 26 03 12 | 07
#0816-d237 @A: 01 03 09 29 | 03
#0817-d237 @A: 27 29 12 09 | 09
#0818-d237 @A: 32 29 01 13 | 01
#0819-d237 @A: 31 29 13 21 | 12
#0820-d237 @A: 29 19 28 31 | 06
#0821-d237 @A: 27 01 20 11 | 04
#0822-d237 @A: 11 16 24 20 | 02
#0823-d237 @A: 27 03 13 24 | 10
#0824-d237 @A: 04 03 16 28 | 08
#0825-d237 @A: 11 26 32 05 | 05
#0826-d237 @A: 05 32 17 09 | 11
#0827-d237 @A: 19 17 05 24 | 07
#0828-d237 @A: 15 16 21 26 | 03
#0829-d237 @A: 13 26 28 19 | 09
#0830-d237 @A: 25 02 35 34 | 01
#0831-d237 @A: 25 20 15 35 | 12
#0832-d237 @A: 05 35 25 13 | 06
#0833-d237 @A: 07 25 31 23 | 04
#0834-d237 @A: 06 07 25 24 | 02
#0835-d237 @A: 25 05 07 01 | 10
#0836-d237 @A: 20 10 25 19 | 08
#0837-d237 @A: 05 27 10 25 | 05
#0838-d237 @A: 25 10 11 01 | 11
#0839-d237 @A: 25 22 34 13 | 07
#0840-d237 @A: 25 11 08 14 | 03
#0841-d237 @A: 33 16 25 04 | 09
#0842-d237 @A: 25 20 26 12 | 01
#0843-d237 @A: 32 27 28 25 | 12
#0844-d237 @A: 34 07 09 18 | 06
#0845-d237 @A: 07 18 13 08 | 04
#0846-d237 @A: 07 28 18 29 | 02
#0847-d237 @A: 18 12 07 05 | 10
#0848-d237 @A: 28 07 18 17 | 08
#0849-d237 @A: 34 28 18 10 | 05
#0850-d237 @A: 18 10 12 24 | 11
#0851-d237 @A: 24 02 27 18 | 07
#0852-d237 @A: 28 20 18 22 | 03
#0853-d237 @A: 03 18 09 22 | 09
#0854-d237 @A: 31 33 18 03 | 01
#0855-d237 @A: 33 06 28 18 | 12
#0856-d237 @A: 20 18 27 05 | 06
#0857-d237 @A: 17 18 14 20 | 04
#0858-d237 @A: 24 18 05 06 | 02
#0859-d237 @A: 14 06 18 12 | 10
#0860-d237 @A: 18 19 21 32 | 08
#0861-d237 @A: 08 17 35 23 | 05
#0862-d237 @A: 27 35 33 23 | 11
#0863-d237 @A: 05 07 35 15 | 07
#0864-d237 @A: 10 35 19 34 | 03
#0865-d237 @A: 35 16 10 08 | 09
#0866-d237 @A: 10 28 03 35 | 01
#0867-d237 @A: 20 35 13 02 | 12
#0868-d237 @A: 02 35 12 03 | 06
#0869-d237 @A: 20 03 34 35 | 04
#0870-d237 @A: 05 34 16 35 | 02
#0871-d237 @A: 35 31 30 33 | 10
#0872-d237 @A: 30 28 35 26 | 08
#0873-d237 @A: 29 35 28 27 | 05
#0874-d237 @A: 05 28 35 20 | 11
#0875-d237 @A: 35 12 21 14 | 07
#0876-d237 @A: 19 24 35 13 | 03
#0877-d237 @A: 10 07 16 23 | 09
#0878-d237 @A: 33 07 21 23 | 01
#0879-d237 @A: 23 07 11 19 | 12
#0880-d237 @A: 15 34 23 33 | 06
#0881-d237 @A: 34 20 23 19 | 04
#0882-d237 @A: 30 23 05 31 | 02
#0883-d237 @A: 27 03 21 23 | 10
#0884-d237 @A: 14 07 29 02 | 08
#0885-d237 @A: 07 06 02 15 | 05
#0886-d237 @A: 11 07 02 04 | 11
#0887-d237 @A: 22 07 08 11 | 07
#0888-d237 @A: 32 03 27 07 | 03
#0889-d237 @A: 28 14 12 07 | 09
#0890-d237 @A: 04 16 07 17 | 01
#0891-d237 @A: 21 15 17 07 | 12
#0892-d237 @A: 34 02 32 10 | 06
#0893-d237 @A: 10 19 03 22 | 04
#0894-d237 @A: 21 10 17 29 | 02
#0895-d237 @A: 26 10 27 16 | 10
#0896-d237 @A: 13 01 10 09 | 08
#0897-d237 @A: 10 17 13 31 | 05
#0898-d237 @A: 09 24 34 02 | 11
#0899-d237 @A: 31 02 29 30 | 07
#0900-d237 @A: 02 05 26 22 | 03
#0901-d237 @A: 13 22 02 31 | 09
#0902-d237 @A: 33 02 28 12 | 01
#0903-d237 @A: 20 03 02 01 | 12
#0904-d237 @A: 27 02 09 31 | 06
#0905-d237 @A: 34 11 33 03 | 04
#0906-d237 @A: 09 34 33 19 | 02
#0907-d237 @A: 20 34 14 27 | 10
#0908-d237 @A: 06 11 34 26 | 08
#0909-d237 @A: 26 34 04 12 | 05
#0910-d237 @A: 04 28 34 09 | 11
#0911-d237 @A: 13 34 17 04 | 07
#0912-d237 @A: 29 24 30 06 | 03
#0913-d237 @A: 30 06 13 12 | 09
#0914-d237 @A: 09 24 15 30 | 01
#0915-d237 @A: 30 21 01 31 | 12
#0916-d237 @A: 05 08 04 22 | 06
#0917-d237 @A: 08 20 33 24 | 04
#0918-d237 @A: 08 16 04 29 | 02
#0919-d237 @A: 08 03 09 31 | 10
#0920-d237 @A: 08 06 26 04 | 08
#0921-d237 @A: 08 09 19 12 | 05
#0922-d237 @A: 08 24 01 12 | 11
#0923-d237 @A: 12 08 14 27 | 07
#0924-d237 @A: 08 16 27 15 | 03
#0925-d237 @A: 33 26 22 21 | 09
#0926-d237 @A: 20 13 22 06 | 01
#0927-d237 @A: 21 22 05 03 | 12
#0928-d237 @A: 06 05 15 22 | 06
#0929-d237 @A: 22 01 28 27 | 04
#0930-d237 @A: 33 14 06 26 | 02
#0931-d237 @A: 33 06 12 01 | 10
#0932-d237 @A: 33 12 32 21 | 08
#0933-d237 @A: 24 21 33 31 | 05
#0934-d237 @A: 13 12 27 33 | 11
#0935-d237 @A: 26 20 29 27 | 07
#0936-d237 @A: 27 15 20 06 | 03
#0937-d237 @A: 20 31 09 15 | 09
#0938-d237 @A: 16 20 01 32 | 01
#0939-d237 @A: 20 01 17 24 | 12
#0940-d237 @A: 21 20 01 04 | 06
#0941-d237 @A: 20 28 14 13 | 04
#0942-d237 @A: 12 20 21 24 | 02
#0943-d237 @A: 20 21 17 16 | 10
#0944-d237 @A: 28 19 16 20 | 08
#0945-d237 @A: 13 04 32 03 | 05
#0946-d237 @A: 03 11 12 01 | 11
#0947-d237 @A: 15 03 24 19 | 07
#0948-d237 @A: 19 13 31 03 | 03
#0949-d237 @A: 15 09 11 06 | 09
#0950-d237 @A: 17 06 31 15 | 01
#0951-d237 @A: 21 06 31 19 | 12
#0952-d237 @A: 06 19 28 04 | 06
#0953-d237 @A: 05 32 21 15 | 04
#0954-d237 @A: 13 05 19 12 | 02
#0955-d237 @A: 17 05 13 27 | 10
#0956-d237 @A: 09 24 11 26 | 08
#0957-d237 @A: 12 26 32 16 | 05
#0958-d237 @A: 32 26 27 17 | 11
#0959-d237 @A: 19 16 24 26 | 07
#0960-d237 @A: 15 26 28 04 | 03
#0961-d237 @A: 14 17 12 27 | 09
#0962-d237 @A: 13 15 17 28 | 01
#0963-d237 @A: 18 25 12 34 | 12
#0964-d237 @A: 04 18 05 25 | 06
#0965-d237 @A: 18 32 17 25 | 04
#0966-d237 @A: 16 35 25 06 | 02
#0967-d237 @A: 23 05 15 25 | 10
#0968-d237 @A: 25 27 17 23 | 08
#0969-d237 @A: 25 02 07 03 | 05
#0970-d237 @A: 33 07 15 25 | 11
#0971-d237 @A: 14 25 07 20 | 07
#0972-d237 @A: 25 08 10 32 | 03
#0973-d237 @A: 25 21 31 10 | 09
#0974-d237 @A: 29 28 25 02 | 01
#0975-d237 @A: 24 25 34 29 | 12
#0976-d237 @A: 25 29 30 32 | 06
#0977-d237 @A: 09 25 27 30 | 04
#0978-d237 @A: 25 30 17 12 | 02
#0979-d237 @A: 19 08 25 05 | 10
#0980-d237 @A: 25 12 22 19 | 08
#0981-d237 @A: 05 25 29 16 | 05
#0982-d237 @A: 04 25 26 29 | 11
#0983-d237 @A: 25 19 11 06 | 07
#0984-d237 @A: 28 25 05 09 | 03
#0985-d237 @A: 32 25 14 04 | 09
#0986-d237 @A: 21 25 32 16 | 01
#0987-d237 @A: 13 16 17 25 | 12
#0988-d237 @A: 19 13 25 21 | 06
#0989-d237 @A: 33 35 18 15 | 04
#0990-d237 @A: 18 13 35 03 | 02
#0991-d237 @A: 18 23 26 28 | 10
#0992-d237 @A: 02 20 19 18 | 08
#0993-d237 @A: 08 31 18 04 | 05
#0994-d237 @A: 21 18 16 22 | 11
#0995-d237 @A: 18 04 27 29 | 07
#0996-d237 @A: 28 18 05 03 | 03
#0997-d237 @A: 21 18 26 17 | 09
#0998-d237 @A: 28 18 11 16 | 01
#0999-d237 @A: 18 27 15 21 | 12
#1000-d237 @A: 31 24 10 35 | 06
#1001-d237 @A: 26 35 02 24 | 04
#1002-d237 @A: 04 35 30 34 | 02
#1003-d237 @A: 08 34 35 15 | 10
#1004-d237 @A: 35 13 34 09 | 08
#1005-d237 @A: 09 22 30 35 | 05
#1006-d237 @A: 35 31 26 08 | 11
#1007-d237 @A: 35 05 12 33 | 07
#1008-d237 @A: 14 20 06 35 | 03
#1009-d237 @A: 11 20 35 26 | 09
#1010-d237 @A: 26 35 32 06 | 01
#1011-d237 @A: 35 06 21 17 | 12
#1012-d237 @A: 14 35 27 32 | 06
#1013-d237 @A: 15 35 19 14 | 04
#1014-d237 @A: 31 27 35 17 | 02
#1015-d237 @A: 23 08 34 07 | 10
#1016-d237 @A: 07 23 32 12 | 08
#1017-d237 @A: 06 02 32 23 | 05
#1018-d237 @A: 28 32 34 23 | 11
#1019-d237 @A: 30 23 13 19 | 07
#1020-d237 @A: 33 08 11 23 | 03
#1021-d237 @A: 23 19 27 08 | 09
#1022-d237 @A: 16 23 03 05 | 01
#1023-d237 @A: 32 04 23 09 | 12
#1024-d237 @A: 11 23 09 01 | 06
#1025-d237 @A: 09 23 24 31 | 04
#1026-d237 @A: 24 23 16 12 | 02
#1027-d237 @A: 27 07 10 34 | 10
#1028-d237 @A: 17 07 30 19 | 08
#1029-d237 @A: 08 07 16 09 | 05
#1030-d237 @A: 22 07 06 04 | 11
#1031-d237 @A: 20 06 07 33 | 07
#1032-d237 @A: 07 06 26 12 | 03
#1033-d237 @A: 11 07 09 12 | 09
#1034-d237 @A: 13 14 07 32 | 01
#1035-d237 @A: 11 31 07 21 | 12
#1036-d237 @A: 27 10 29 02 | 06
#1037-d237 @A: 22 10 30 06 | 04
#1038-d237 @A: 27 30 10 33 | 02
#1039-d237 @A: 04 10 30 32 | 10
#1040-d237 @A: 10 06 08 27 | 08
#1041-d237 @A: 28 05 22 10 | 05
#1042-d237 @A: 03 12 17 10 | 11
#1043-d237 @A: 26 06 10 05 | 07
#1044-d237 @A: 24 10 32 27 | 03
#1045-d237 @A: 10 31 13 32 | 09
#1046-d237 @A: 14 28 01 10 | 01
#1047-d237 @A: 10 13 11 14 | 12
#1048-d237 @A: 10 24 13 21 | 06
#1049-d237 @A: 24 15 10 28 | 04
#1050-d237 @A: 21 12 10 16 | 02
#1051-d237 @A: 15 02 08 33 | 10
#1052-d237 @A: 02 05 28 08 | 08
#1053-d237 @A: 01 02 22 04 | 05
#1054-d237 @A: 33 27 02 20 | 11
#1055-d237 @A: 20 09 02 29 | 07
#1056-d237 @A: 13 02 19 01 | 03
#1057-d237 @A: 02 12 16 04 | 09
#1058-d237 @A: 11 28 02 31 | 01
#1059-d237 @A: 20 34 30 09 | 12
#1060-d237 @A: 24 34 30 32 | 06
#1061-d237 @A: 34 28 22 29 | 04
#1062-d237 @A: 05 24 33 34 | 02
#1063-d237 @A: 06 34 29 31 | 10
#1064-d237 @A: 29 17 34 05 | 08
#1065-d237 @A: 06 32 17 34 | 05
#1066-d237 @A: 13 32 34 15 | 11
#1067-d237 @A: 04 34 24 11 | 07
#1068-d237 @A: 08 03 01 30 | 03
#1069-d237 @A: 22 24 01 30 | 09
#1070-d237 @A: 22 30 14 21 | 01
#1071-d237 @A: 30 21 03 26 | 12
#1072-d237 @A: 14 19 30 09 | 06
#1073-d237 @A: 09 30 12 21 | 04
#1074-d237 @A: 30 21 24 27 | 02
#1075-d237 @A: 30 27 28 31 | 10
#1076-d237 @A: 22 08 28 33 | 08
#1077-d237 @A: 22 08 21 09 | 05
#1078-d237 @A: 08 33 17 03 | 11
#1079-d237 @A: 32 33 08 06 | 07
#1080-d237 @A: 28 01 08 04 | 03
#1081-d237 @A: 14 08 21 24 | 09
#1082-d237 @A: 31 08 12 28 | 01
#1083-d237 @A: 29 22 20 04 | 12
#1084-d237 @A: 03 17 22 06 | 06
#1085-d237 @A: 17 32 15 22 | 04
#1086-d237 @A: 14 12 11 22 | 02
#1087-d237 @A: 17 24 22 16 | 10
#1088-d237 @A: 22 12 15 28 | 08
#1089-d237 @A: 26 28 33 29 | 05
#1090-d237 @A: 20 33 26 15 | 11
#1091-d237 @A: 13 33 01 04 | 07
#1092-d237 @A: 13 31 28 33 | 03
#1093-d237 @A: 15 33 27 04 | 09
#1094-d237 @A: 20 29 17 31 | 01
#1095-d237 @A: 29 21 32 09 | 12
#1096-d237 @A: 15 01 21 29 | 06
#1097-d237 @A: 13 16 29 24 | 04
#1098-d237 @A: 28 29 13 12 | 02
#1099-d237 @A: 06 03 20 09 | 10
#1100-d237 @A: 04 19 03 20 | 08
#1101-d237 @A: 17 09 21 03 | 05
#1102-d237 @A: 03 19 32 11 | 11
#1103-d237 @A: 01 04 03 15 | 07
#1104-d237 @A: 03 27 16 14 | 03
#1105-d237 @A: 06 09 14 21 | 09
#1106-d237 @A: 01 11 21 06 | 01
#1107-d237 @A: 14 06 13 19 | 12
#1108-d237 @A: 06 31 13 11 | 06
#1109-d237 @A: 15 06 31 12 | 04
#1110-d237 @A: 31 05 26 13 | 02
#1111-d237 @A: 31 27 05 01 | 10
#1112-d237 @A: 32 27 26 15 | 08
#1113-d237 @A: 26 13 27 04 | 05
#1114-d237 @A: 12 27 26 19 | 11
#1115-d237 @A: 17 15 09 04 | 07
#1116-d237 @A: 22 18 25 33 | 03
#1117-d237 @A: 20 25 18 24 | 09
#1118-d237 @A: 01 33 35 25 | 01
#1119-d237 @A: 16 12 07 25 | 12
#1120-d237 @A: 17 10 25 19 | 06
#1121-d237 @A: 17 25 02 33 | 04
#1122-d237 @A: 25 19 26 02 | 02
#1123-d237 @A: 34 25 08 09 | 10
#1124-d237 @A: 20 34 32 25 | 08
#1125-d237 @A: 33 25 30 06 | 05
#1126-d237 @A: 25 15 30 21 | 11
#1127-d237 @A: 24 33 25 13 | 07
#1128-d237 @A: 14 29 25 06 | 03
#1129-d237 @A: 20 25 28 03 | 09
#1130-d237 @A: 16 09 13 25 | 01
#1131-d237 @A: 12 13 14 25 | 12
#1132-d237 @A: 25 19 14 27 | 06
#1133-d237 @A: 14 25 28 21 | 04
#1134-d237 @A: 13 15 25 28 | 02
#1135-d237 @A: 31 28 17 25 | 10
#1136-d237 @A: 04 21 11 25 | 08
#1137-d237 @A: 15 18 17 35 | 05
#1138-d237 @A: 18 22 23 01 | 11
#1139-d237 @A: 07 18 22 24 | 07
#1140-d237 @A: 34 18 13 30 | 03
#1141-d237 @A: 34 03 32 18 | 09
#1142-d237 @A: 18 16 30 29 | 01
#1143-d237 @A: 18 03 30 12 | 12
#1144-d237 @A: 15 22 08 18 | 06
#1145-d237 @A: 33 01 08 18 | 04
#1146-d237 @A: 19 17 08 18 | 02
#1147-d237 @A: 26 20 18 14 | 10
#1148-d237 @A: 09 18 12 16 | 08
#1149-d237 @A: 16 01 18 19 | 05
#1150-d237 @A: 01 18 12 28 | 11
#1151-d237 @A: 07 35 20 23 | 07
#1152-d237 @A: 04 05 35 10 | 03
#1153-d237 @A: 10 09 35 26 | 09
#1154-d237 @A: 01 35 29 34 | 01
#1155-d237 @A: 11 34 35 28 | 12
#1156-d237 @A: 20 35 30 21 | 06
#1157-d237 @A: 08 14 35 22 | 04
#1158-d237 @A: 29 35 32 05 | 02
#1159-d237 @A: 13 26 35 29 | 10
#1160-d237 @A: 21 35 05 06 | 08
#1161-d237 @A: 09 35 15 32 | 05
#1162-d237 @A: 17 13 35 14 | 11
#1163-d237 @A: 12 16 27 35 | 07
#1164-d237 @A: 11 15 31 35 | 03
#1165-d237 @A: 05 27 07 23 | 09
#1166-d237 @A: 14 10 23 02 | 01
#1167-d237 @A: 32 23 33 10 | 12
#1168-d237 @A: 23 09 05 02 | 06
#1169-d237 @A: 34 23 29 14 | 04
#1170-d237 @A: 23 26 34 31 | 02
#1171-d237 @A: 09 34 16 23 | 10
#1172-d237 @A: 23 09 26 29 | 08
#1173-d237 @A: 16 06 23 20 | 05
#1174-d237 @A: 12 20 23 28 | 11
#1175-d237 @A: 23 24 26 14 | 07
#1176-d237 @A: 23 32 24 13 | 03
#1177-d237 @A: 31 23 01 13 | 09
#1178-d237 @A: 27 23 15 28 | 01
#1179-d237 @A: 06 07 10 09 | 12
#1180-d237 @A: 34 21 07 05 | 06
#1181-d237 @A: 22 07 13 30 | 04
#1182-d237 @A: 03 04 07 08 | 02
#1183-d237 @A: 22 19 29 07 | 10
#1184-d237 @A: 01 07 16 33 | 08
#1185-d237 @A: 11 07 03 16 | 05
#1186-d237 @A: 21 24 26 07 | 11
#1187-d237 @A: 14 31 09 07 | 07
#1188-d237 @A: 17 07 27 11 | 03
#1189-d237 @A: 15 07 04 19 | 09
#1190-d237 @A: 01 10 30 34 | 01
#1191-d237 @A: 08 20 12 10 | 12
#1192-d237 @A: 10 31 14 29 | 06
#1193-d237 @A: 10 20 06 21 | 04
#1194-d237 @A: 01 04 10 31 | 02
#1195-d237 @A: 01 10 17 28 | 10
#1196-d237 @A: 02 27 34 05 | 08
#1197-d237 @A: 12 22 08 02 | 05
#1198-d237 @A: 24 22 17 02 | 11
#1199-d237 @A: 16 02 03 33 | 07
#1200-d237 @A: 21 03 02 28 | 03
#1201-d237 @A: 24 06 11 02 | 09
#1202-d237 @A: 09 02 16 14 | 01
#1203-d237 @A: 02 01 16 11 | 12
#1204-d237 @A: 17 16 02 14 | 06
#1205-d237 @A: 28 27 02 16 | 04
#1206-d237 @A: 19 04 31 02 | 02
#1207-d237 @A: 16 30 34 22 | 10
#1208-d237 @A: 34 08 28 26 | 08
#1209-d237 @A: 27 03 34 22 | 05
#1210-d237 @A: 34 32 26 22 | 11
#1211-d237 @A: 06 20 34 28 | 07
#1212-d237 @A: 34 03 15 06 | 03
#1213-d237 @A: 14 06 05 34 | 09
#1214-d237 @A: 32 06 19 34 | 01
#1215-d237 @A: 19 14 34 04 | 12
#1216-d237 @A: 16 13 04 34 | 06
#1217-d237 @A: 16 31 34 21 | 04
#1218-d237 @A: 21 13 28 34 | 02
#1219-d237 @A: 27 19 34 15 | 10
#1220-d237 @A: 30 33 08 04 | 08
#1221-d237 @A: 22 15 30 19 | 05
#1222-d237 @A: 30 33 21 29 | 11
#1223-d237 @A: 30 29 26 01 | 07
#1224-d237 @A: 16 11 30 09 | 03
#1225-d237 @A: 04 30 27 19 | 09
#1226-d237 @A: 33 08 21 05 | 01
#1227-d237 @A: 20 31 27 08 | 12
#1228-d237 @A: 08 03 26 11 | 06
#1229-d237 @A: 13 03 28 08 | 04
#1230-d237 @A: 08 17 06 12 | 02
#1231-d237 @A: 15 01 08 05 | 10
#1232-d237 @A: 16 31 14 08 | 08
#1233-d237 @A: 16 11 12 08 | 05
#1234-d237 @A: 04 08 27 11 | 11
#1235-d237 @A: 22 33 19 20 | 07
#1236-d237 @A: 09 33 22 15 | 03
#1237-d237 @A: 09 29 22 05 | 09
#1238-d237 @A: 01 03 22 32 | 01
#1239-d237 @A: 06 26 19 22 | 12
#1240-d237 @A: 22 27 06 21 | 06
#1241-d237 @A: 11 19 22 09 | 04
#1242-d237 @A: 31 22 15 24 | 02
#1243-d237 @A: 11 21 22 24 | 10
#1244-d237 @A: 12 21 31 22 | 08
#1245-d237 @A: 17 33 11 20 | 05
#1246-d237 @A: 05 09 03 33 | 11
#1247-d237 @A: 33 24 12 09 | 07
#1248-d237 @A: 15 01 31 33 | 03
#1249-d237 @A: 31 05 20 29 | 09
#1250-d237 @A: 28 24 29 32 | 01
#1251-d237 @A: 11 01 28 29 | 12
#1252-d237 @A: 11 03 20 13 | 06
#1253-d237 @A: 20 09 32 24 | 04
#1254-d237 @A: 20 32 17 16 | 02
#1255-d237 @A: 19 12 15 20 | 10
#1256-d237 @A: 01 05 03 06 | 08
#1257-d237 @A: 03 16 19 09 | 05
#1258-d237 @A: 32 03 17 28 | 11
#1259-d237 @A: 06 28 09 26 | 07
#1260-d237 @A: 06 27 09 32 | 03
#1261-d237 @A: 09 06 01 19 | 09
#1262-d237 @A: 06 27 13 16 | 01
#1263-d237 @A: 16 04 06 21 | 12
#1264-d237 @A: 05 24 26 15 | 06
#1265-d237 @A: 05 01 09 24 | 04
#1266-d237 @A: 05 32 24 16 | 02
#1267-d237 @A: 05 04 28 32 | 10
#1268-d237 @A: 04 26 16 31 | 08
#1269-d237 @A: 11 26 13 12 | 05
#1270-d237 @A: 04 17 24 09 | 11
#1271-d237 @A: 17 31 14 21 | 07
#1272-d237 @A: 16 15 12 17 | 03
#1273-d237 @A: 28 25 18 35 | 09
#1274-d237 @A: 10 25 14 35 | 01
#1275-d237 @A: 34 25 04 07 | 12
#1276-d237 @A: 29 07 09 25 | 06
#1277-d237 @A: 10 34 15 25 | 04
#1278-d237 @A: 02 25 13 30 | 02
#1279-d237 @A: 34 33 25 28 | 10
#1280-d237 @A: 25 26 14 34 | 08
#1281-d237 @A: 16 25 19 34 | 05
#1282-d237 @A: 03 25 14 30 | 11
#1283-d237 @A: 19 25 24 32 | 07
#1284-d237 @A: 34 14 35 18 | 03
#1285-d237 @A: 11 18 06 35 | 09
#1286-d237 @A: 03 23 19 18 | 01
#1287-d237 @A: 07 18 11 10 | 12
#1288-d237 @A: 16 02 07 18 | 06
#1289-d237 @A: 18 30 07 21 | 04
#1290-d237 @A: 22 10 18 31 | 02
#1291-d237 @A: 09 18 08 02 | 10
#1292-d237 @A: 18 01 02 29 | 08
#1293-d237 @A: 27 33 18 34 | 05
#1294-d237 @A: 33 18 34 17 | 11
#1295-d237 @A: 29 34 19 18 | 07
#1296-d237 @A: 18 04 30 20 | 03
#1297-d237 @A: 06 30 18 27 | 09
#1298-d237 @A: 18 08 29 11 | 01
#1299-d237 @A: 08 05 18 16 | 12
#1300-d237 @A: 12 20 18 31 | 06
#1301-d237 @A: 27 18 17 06 | 04
#1302-d237 @A: 19 06 15 18 | 02
#1303-d237 @A: 09 19 18 24 | 10
#1304-d237 @A: 32 18 27 16 | 08
#1305-d237 @A: 18 14 31 19 | 05
#1306-d237 @A: 18 13 19 27 | 11
#1307-d237 @A: 23 30 11 35 | 07
#1308-d237 @A: 35 29 23 21 | 03
#1309-d237 @A: 03 01 07 35 | 09
#1310-d237 @A: 35 11 02 05 | 01
#1311-d237 @A: 35 06 15 30 | 12
#1312-d237 @A: 05 35 30 24 | 06
#1313-d237 @A: 08 09 35 05 | 04
#1314-d237 @A: 08 35 04 32 | 02
#1315-d237 @A: 35 22 32 24 | 10
#1316-d237 @A: 33 09 21 35 | 08
#1317-d237 @A: 28 35 33 24 | 05
#1318-d237 @A: 19 33 17 35 | 11
#1319-d237 @A: 26 03 35 19 | 07
#1320-d237 @A: 35 28 19 09 | 03
#1321-d237 @A: 21 35 32 13 | 09
#1322-d237 @A: 35 13 27 15 | 01
#1323-d237 @A: 17 23 03 07 | 12
#1324-d237 @A: 07 23 13 26 | 06
#1325-d237 @A: 05 23 12 10 | 04
#1326-d237 @A: 22 17 23 34 | 02
#1327-d237 @A: 34 27 13 23 | 10
#1328-d237 @A: 30 22 23 29 | 08
#1329-d237 @A: 23 14 08 20 | 05
#1330-d237 @A: 23 03 22 31 | 11
#1331-d237 @A: 32 22 23 05 | 07
#1332-d237 @A: 23 26 33 19 | 03
#1333-d237 @A: 23 17 20 15 | 09
#1334-d237 @A: 14 23 05 04 | 01
#1335-d237 @A: 19 31 23 32 | 12
#1336-d237 @A: 24 01 23 04 | 06
#1337-d237 @A: 15 14 23 12 | 04
#1338-d237 @A: 31 23 14 28 | 02
#1339-d237 @A: 07 21 02 22 | 10
#1340-d237 @A: 30 27 29 07 | 08
#1341-d237 @A: 08 07 17 20 | 05
#1342-d237 @A: 14 08 07 06 | 11
#1343-d237 @A: 26 07 05 08 | 07
#1344-d237 @A: 33 27 07 22 | 03
#1345-d237 @A: 20 07 22 15 | 09
#1346-d237 @A: 13 07 09 03 | 01
#1347-d237 @A: 19 24 01 07 | 12
#1348-d237 @A: 19 31 27 07 | 06
#1349-d237 @A: 10 17 30 02 | 04
#1350-d237 @A: 10 34 33 31 | 02
#1351-d237 @A: 34 10 13 29 | 10
#1352-d237 @A: 10 30 19 31 | 08
#1353-d237 @A: 17 10 04 30 | 05
#1354-d237 @A: 17 32 10 08 | 11
#1355-d237 @A: 10 22 09 04 | 07
#1356-d237 @A: 22 32 15 10 | 03
#1357-d237 @A: 03 27 10 20 | 09
#1358-d237 @A: 10 03 24 09 | 01
#1359-d237 @A: 06 28 16 10 | 12
#1360-d237 @A: 10 11 09 27 | 06
#1361-d237 @A: 11 24 19 10 | 04
#1362-d237 @A: 34 02 16 29 | 02
#1363-d237 @A: 04 21 30 02 | 10
#1364-d237 @A: 08 17 02 29 | 08
#1365-d237 @A: 02 24 08 03 | 05
#1366-d237 @A: 33 19 29 02 | 11
#1367-d237 @A: 26 02 20 28 | 07
#1368-d237 @A: 09 28 13 02 | 03
#1369-d237 @A: 01 28 02 24 | 09
#1370-d237 @A: 20 34 29 08 | 01
#1371-d237 @A: 17 11 08 34 | 12
#1372-d237 @A: 22 11 20 34 | 06
#1373-d237 @A: 34 13 33 26 | 04
#1374-d237 @A: 20 21 26 34 | 02
#1375-d237 @A: 34 03 28 01 | 10
#1376-d237 @A: 16 14 34 32 | 08
#1377-d237 @A: 34 17 15 01 | 05
#1378-d237 @A: 17 28 34 16 | 11
#1379-d237 @A: 27 11 12 34 | 07
#1380-d237 @A: 12 30 22 05 | 03
#1381-d237 @A: 04 29 30 28 | 09
#1382-d237 @A: 20 03 16 30 | 01
#1383-d237 @A: 30 20 15 05 | 12
#1384-d237 @A: 31 20 14 30 | 06
#1385-d237 @A: 05 32 30 03 | 04
#1386-d237 @A: 09 06 30 05 | 02
#1387-d237 @A: 15 30 01 13 | 10
#1388-d237 @A: 17 30 24 14 | 08
#1389-d237 @A: 08 19 32 22 | 05
#1390-d237 @A: 08 29 33 27 | 11
#1391-d237 @A: 21 08 03 29 | 07
#1392-d237 @A: 20 26 16 08 | 03
#1393-d237 @A: 16 32 08 03 | 09
#1394-d237 @A: 01 08 17 16 | 01
#1395-d237 @A: 15 08 21 19 | 12
#1396-d237 @A: 31 22 28 26 | 06
#1397-d237 @A: 09 22 31 32 | 04
#1398-d237 @A: 22 01 15 11 | 02
#1399-d237 @A: 31 04 22 14 | 10
#1400-d237 @A: 01 05 33 17 | 08
#1401-d237 @A: 33 14 31 12 | 05
#1402-d237 @A: 33 16 12 15 | 11
#1403-d237 @A: 01 20 29 06 | 07
#1404-d237 @A: 29 24 05 21 | 03
#1405-d237 @A: 17 29 01 27 | 09
#1406-d237 @A: 27 29 14 13 | 01
#1407-d237 @A: 20 03 31 32 | 12
#1408-d237 @A: 09 28 20 01 | 06
#1409-d237 @A: 09 16 04 20 | 04
#1410-d237 @A: 20 01 12 13 | 02
#1411-d237 @A: 06 26 03 13 | 10
#1412-d237 @A: 03 12 04 05 | 08
#1413-d237 @A: 04 03 24 21 | 05
#1414-d237 @A: 16 06 17 05 | 11
#1415-d237 @A: 06 09 04 12 | 07
#1416-d237 @A: 12 27 06 24 | 03
#1417-d237 @A: 31 32 05 14 | 09
#1418-d237 @A: 27 19 05 32 | 01
#1419-d237 @A: 05 27 12 28 | 12
#1420-d237 @A: 05 21 17 04 | 06
#1421-d237 @A: 13 01 26 24 | 04
#1422-d237 @A: 17 28 14 26 | 02
#1423-d237 @A: 12 28 24 26 | 10
#1424-d237 @A: 19 26 11 15 | 08
#1425-d237 @A: 17 09 11 14 | 05
#1426-d237 @A: 19 09 16 17 | 11
#1427-d237 @A: 21 13 32 17 | 07
#1428-d237 @A: 17 14 31 01 | 03
#1429-d237 @A: 25 27 07 35 | 09
#1430-d237 @A: 35 25 11 12 | 01
#1431-d237 @A: 34 25 01 23 | 12
#1432-d237 @A: 21 25 23 06 | 06
#1433-d237 @A: 32 25 22 07 | 04
#1434-d237 @A: 11 26 25 07 | 02
#1435-d237 @A: 10 06 25 02 | 10
#1436-d237 @A: 10 16 22 25 | 08
#1437-d237 @A: 33 25 09 10 | 05
#1438-d237 @A: 31 25 08 02 | 11
#1439-d237 @A: 30 25 24 12 | 07
#1440-d237 @A: 25 29 08 01 | 03
#1441-d237 @A: 26 13 25 08 | 09
#1442-d237 @A: 20 33 25 21 | 01
#1443-d237 @A: 03 29 27 25 | 12
#1444-d237 @A: 11 05 25 20 | 06
#1445-d237 @A: 03 06 25 32 | 04
#1446-d237 @A: 12 32 31 25 | 02
#1447-d237 @A: 16 01 25 24 | 10
#1448-d237 @A: 25 15 24 27 | 08
#1449-d237 @A: 18 30 01 35 | 05
#1450-d237 @A: 18 23 04 07 | 11
#1451-d237 @A: 10 23 29 18 | 07
#1452-d237 @A: 23 27 12 18 | 03
#1453-d237 @A: 10 18 03 08 | 09
#1454-d237 @A: 10 01 18 26 | 01
#1455-d237 @A: 17 09 18 02 | 12
#1456-d237 @A: 18 15 28 02 | 06
#1457-d237 @A: 17 02 18 11 | 04
#1458-d237 @A: 34 04 18 22 | 02
#1459-d237 @A: 33 18 09 29 | 10
#1460-d237 @A: 19 12 33 18 | 08
#1461-d237 @A: 04 33 21 18 | 05
#1462-d237 @A: 18 24 03 26 | 11
#1463-d237 @A: 09 05 18 32 | 07
#1464-d237 @A: 09 18 14 04 | 03
#1465-d237 @A: 27 09 28 18 | 09
#1466-d237 @A: 35 23 24 06 | 01
#1467-d237 @A: 11 08 35 21 | 12
#1468-d237 @A: 16 11 35 29 | 06
#1469-d237 @A: 03 14 05 35 | 04
#1470-d237 @A: 01 35 27 09 | 02
#1471-d237 @A: 28 01 31 35 | 10
#1472-d237 @A: 14 35 13 31 | 08
#1473-d237 @A: 31 19 35 12 | 05
#1474-d237 @A: 23 02 01 07 | 11
#1475-d237 @A: 34 23 10 21 | 07
#1476-d237 @A: 10 04 08 23 | 03
#1477-d237 @A: 09 19 23 10 | 09
#1478-d237 @A: 03 23 34 04 | 01
#1479-d237 @A: 23 24 03 30 | 12
#1480-d237 @A: 29 23 15 08 | 06
#1481-d237 @A: 33 14 23 17 | 04
#1482-d237 @A: 23 03 29 20 | 02
#1483-d237 @A: 23 32 20 15 | 10
#1484-d237 @A: 09 14 27 23 | 08
#1485-d237 @A: 23 01 21 12 | 05
#1486-d237 @A: 04 23 13 21 | 11
#1487-d237 @A: 30 02 07 20 | 07
#1488-d237 @A: 07 30 06 11 | 03
#1489-d237 @A: 30 07 05 04 | 09
#1490-d237 @A: 27 08 28 07 | 01
#1491-d237 @A: 05 11 29 07 | 12
#1492-d237 @A: 31 20 07 16 | 06
#1493-d237 @A: 07 03 28 26 | 04
#1494-d237 @A: 12 07 32 17 | 02
#1495-d237 @A: 15 12 07 01 | 10
#1496-d237 @A: 04 07 24 12 | 08
#1497-d237 @A: 13 07 21 16 | 05
#1498-d237 @A: 28 16 15 07 | 11
#1499-d237 @A: 10 31 03 02 | 07
#1500-d237 @A: 08 10 30 15 | 03
#1501-d237 @A: 11 10 30 20 | 09
#1502-d237 @A: 26 30 14 10 | 01
#1503-d237 @A: 26 08 21 10 | 12
#1504-d237 @A: 16 03 29 10 | 06
#1505-d237 @A: 05 14 20 10 | 04
#1506-d237 @A: 26 17 16 10 | 02
#1507-d237 @A: 28 04 21 10 | 10
#1508-d237 @A: 34 31 02 17 | 08
#1509-d237 @A: 14 22 19 02 | 05
#1510-d237 @A: 02 33 31 05 | 11
#1511-d237 @A: 09 02 15 04 | 07
#1512-d237 @A: 16 02 32 31 | 03
#1513-d237 @A: 12 15 02 32 | 09
#1514-d237 @A: 11 02 27 13 | 01
#1515-d237 @A: 06 09 34 22 | 12
#1516-d237 @A: 34 20 33 01 | 06
#1517-d237 @A: 20 34 17 19 | 04
#1518-d237 @A: 11 31 14 34 | 02
#1519-d237 @A: 15 11 16 34 | 10
#1520-d237 @A: 19 11 34 13 | 08
#1521-d237 @A: 15 34 28 31 | 05
#1522-d237 @A: 08 20 30 22 | 11
#1523-d237 @A: 08 30 31 06 | 07
#1524-d237 @A: 06 14 32 30 | 03
#1525-d237 @A: 30 32 31 11 | 09
#1526-d237 @A: 14 27 30 01 | 01
#1527-d237 @A: 16 01 12 30 | 12
#1528-d237 @A: 28 13 16 30 | 06
#1529-d237 @A: 08 17 22 05 | 04
#1530-d237 @A: 08 03 27 05 | 02
#1531-d237 @A: 09 28 08 15 | 10
#1532-d237 @A: 12 13 08 32 | 08
#1533-d237 @A: 11 19 08 28 | 05
#1534-d237 @A: 33 31 06 22 | 11
#1535-d237 @A: 04 33 17 22 | 07
#1536-d237 @A: 15 22 29 27 | 03
#1537-d237 @A: 05 22 20 24 | 09
#1538-d237 @A: 22 16 20 12 | 01
#1539-d237 @A: 20 22 12 17 | 12
#1540-d237 @A: 03 06 24 22 | 06
#1541-d237 @A: 22 28 11 13 | 04
#1542-d237 @A: 15 29 13 33 | 02
#1543-d237 @A: 33 06 15 21 | 10
#1544-d237 @A: 17 13 33 26 | 08
#1545-d237 @A: 13 33 09 32 | 05
#1546-d237 @A: 11 12 33 04 | 11
#1547-d237 @A: 33 28 15 19 | 07
#1548-d237 @A: 06 29 27 05 | 03
#1549-d237 @A: 29 17 26 06 | 09
#1550-d237 @A: 28 29 09 14 | 01
#1551-d237 @A: 12 20 04 14 | 12
#1552-d237 @A: 20 19 11 31 | 06
#1553-d237 @A: 32 24 03 12 | 04
#1554-d237 @A: 16 31 01 03 | 02
#1555-d237 @A: 24 17 15 03 | 10
#1556-d237 @A: 27 03 19 28 | 08
#1557-d237 @A: 04 15 06 32 | 05
#1558-d237 @A: 06 15 01 28 | 11
#1559-d237 @A: 24 31 06 04 | 07
#1560-d237 @A: 01 11 05 13 | 03
#1561-d237 @A: 05 28 14 19 | 09
#1562-d237 @A: 31 19 24 05 | 01
#1563-d237 @A: 27 21 13 05 | 12
#1564-d237 @A: 26 31 14 15 | 06
#1565-d237 @A: 26 27 24 31 | 04
#1566-d237 @A: 28 21 26 11 | 02
#1567-d237 @A: 08 27 25 18 | 10
#1568-d237 @A: 21 18 25 29 | 08
#1569-d237 @A: 10 23 25 24 | 05
#1570-d237 @A: 07 08 25 21 | 11
#1571-d237 @A: 25 03 34 21 | 07
#1572-d237 @A: 25 05 30 26 | 03
#1573-d237 @A: 26 25 22 24 | 09
#1574-d237 @A: 03 05 25 17 | 01
#1575-d237 @A: 18 07 03 15 | 12
#1576-d237 @A: 10 09 18 20 | 06
#1577-d237 @A: 19 18 10 05 | 04
#1578-d237 @A: 18 11 34 02 | 02
#1579-d237 @A: 05 14 18 02 | 10
#1580-d237 @A: 08 26 19 18 | 08
#1581-d237 @A: 03 18 14 29 | 05
#1582-d237 @A: 29 18 31 26 | 11
#1583-d237 @A: 18 24 13 14 | 07
#1584-d237 @A: 12 35 23 34 | 03
#1585-d237 @A: 23 35 16 31 | 09
#1586-d237 @A: 06 35 07 19 | 01
#1587-d237 @A: 35 07 17 01 | 12
#1588-d237 @A: 12 10 30 35 | 06
#1589-d237 @A: 35 22 11 10 | 04
#1590-d237 @A: 32 35 20 10 | 02
#1591-d237 @A: 35 06 13 10 | 10
#1592-d237 @A: 02 30 32 35 | 08
#1593-d237 @A: 22 35 16 02 | 05
#1594-d237 @A: 30 29 35 14 | 11
#1595-d237 @A: 29 19 35 20 | 07
#1596-d237 @A: 04 35 03 29 | 03
#1597-d237 @A: 09 11 14 35 | 09
#1598-d237 @A: 16 35 24 09 | 01
#1599-d237 @A: 04 14 35 24 | 12
#1600-d237 @A: 11 35 16 17 | 06
#1601-d237 @A: 17 28 12 35 | 04
#1602-d237 @A: 04 19 35 21 | 02
#1603-d237 @A: 04 02 23 33 | 10
#1604-d237 @A: 02 12 29 23 | 08
#1605-d237 @A: 02 23 21 26 | 05
#1606-d237 @A: 12 26 23 30 | 11
#1607-d237 @A: 23 12 08 06 | 07
#1608-d237 @A: 23 06 09 33 | 03
#1609-d237 @A: 28 23 05 29 | 09
#1610-d237 @A: 23 05 20 01 | 01
#1611-d237 @A: 06 13 23 15 | 12
#1612-d237 @A: 21 23 28 09 | 06
#1613-d237 @A: 32 27 01 23 | 04
#1614-d237 @A: 23 14 32 11 | 02
#1615-d237 @A: 16 11 21 23 | 10
#1616-d237 @A: 23 11 12 31 | 08
#1617-d237 @A: 02 10 07 28 | 05
#1618-d237 @A: 04 10 07 20 | 11
#1619-d237 @A: 10 19 26 07 | 07
#1620-d237 @A: 07 02 12 27 | 03
#1621-d237 @A: 07 14 34 30 | 09
#1622-d237 @A: 22 07 26 01 | 01
#1623-d237 @A: 04 07 13 29 | 12
#1624-d237 @A: 09 19 07 32 | 06
#1625-d237 @A: 28 32 07 21 | 04
#1626-d237 @A: 07 13 11 15 | 02
#1627-d237 @A: 12 21 19 07 | 10
#1628-d237 @A: 34 10 20 16 | 08
#1629-d237 @A: 01 19 10 32 | 05
#1630-d237 @A: 02 34 04 08 | 11
#1631-d237 @A: 15 30 02 26 | 07
#1632-d237 @A: 32 03 02 29 | 03
#1633-d237 @A: 11 20 02 14 | 09
#1634-d237 @A: 31 02 06 26 | 01
#1635-d237 @A: 09 11 32 02 | 12
#1636-d237 @A: 01 02 31 14 | 06
#1637-d237 @A: 01 02 27 17 | 04
#1638-d237 @A: 14 27 21 02 | 02
#1639-d237 @A: 24 13 02 15 | 10
#1640-d237 @A: 30 12 34 33 | 08
#1641-d237 @A: 34 08 19 31 | 05
#1642-d237 @A: 22 33 34 14 | 11
#1643-d237 @A: 21 15 04 34 | 07
#1644-d237 @A: 05 30 14 08 | 03
#1645-d237 @A: 33 32 20 30 | 09
#1646-d237 @A: 28 30 01 33 | 01
#1647-d237 @A: 30 13 05 29 | 12
#1648-d237 @A: 16 17 30 29 | 06
#1649-d237 @A: 30 24 28 20 | 04
#1650-d237 @A: 05 30 16 27 | 02
#1651-d237 @A: 32 09 30 28 | 10
#1652-d237 @A: 30 28 17 27 | 08
#1653-d237 @A: 11 15 30 04 | 05
#1654-d237 @A: 20 09 11 08 | 11
#1655-d237 @A: 08 32 09 01 | 07
#1656-d237 @A: 19 08 13 16 | 03
#1657-d237 @A: 13 15 08 31 | 09
#1658-d237 @A: 29 03 13 22 | 01
#1659-d237 @A: 22 13 09 27 | 12
#1660-d237 @A: 14 28 22 32 | 06
#1661-d237 @A: 22 21 04 32 | 04
#1662-d237 @A: 26 01 03 33 | 02
#1663-d237 @A: 33 04 06 05 | 10
#1664-d237 @A: 27 11 33 05 | 08
#1665-d237 @A: 11 13 16 33 | 05
#1666-d237 @A: 33 16 31 19 | 11
#1667-d237 @A: 29 14 05 17 | 07
#1668-d237 @A: 29 12 14 01 | 03
#1669-d237 @A: 04 01 19 29 | 09
#1670-d237 @A: 15 04 12 29 | 01
#1671-d237 @A: 21 27 11 29 | 12
#1672-d237 @A: 19 21 05 20 | 06
#1673-d237 @A: 21 20 14 32 | 04
#1674-d237 @A: 19 03 17 14 | 02
#1675-d237 @A: 12 31 27 03 | 10
#1676-d237 @A: 31 28 05 06 | 08
#1677-d237 @A: 06 01 31 32 | 05
#1678-d237 @A: 21 12 05 26 | 11
#1679-d237 @A: 05 14 09 13 | 07
#1680-d237 @A: 01 05 16 04 | 03
#1681-d237 @A: 05 16 15 31 | 09
#1682-d237 @A: 09 01 26 16 | 01
#1683-d237 @A: 26 15 13 09 | 12
#1684-d237 @A: 19 09 31 26 | 06
#1685-d237 @A: 04 21 26 09 | 04
#1686-d237 @A: 14 26 16 11 | 02
#1687-d237 @A: 17 12 11 26 | 10
#1688-d237 @A: 24 17 13 12 | 08
#1689-d237 @A: 19 15 27 17 | 05
