#0001-d242 @A: 14 13 20 01 | 03
#0002-d242 @A: 20 26 12 06 | 06
#0003-d242 @A: 18 12 20 23 | 01
#0004-d242 @A: 08 20 12 15 | 07
#0005-d242 @A: 24 29 20 16 | 11
#0006-d242 @A: 29 20 15 22 | 05
#0007-d242 @A: 20 04 02 08 | 02
#0008-d242 @A: 28 20 13 06 | 04
#0009-d242 @A: 07 10 08 20 | 10
#0010-d242 @A: 33 15 20 17 | 12
#0011-d242 @A: 35 15 11 20 | 09
#0012-d242 @A: 04 20 33 09 | 08
#0013-d242 @A: 05 25 35 14 | 03
#0014-d242 @A: 25 29 34 24 | 06
#0015-d242 @A: 30 29 25 04 | 01
#0016-d242 @A: 23 25 07 02 | 07
#0017-d242 @A: 34 26 02 25 | 11
#0018-d242 @A: 19 25 02 03 | 05
#0019-d242 @A: 27 19 24 25 | 02
#0020-d242 @A: 22 25 17 33 | 04
#0021-d242 @A: 27 25 10 16 | 10
#0022-d242 @A: 10 25 21 33 | 12
#0023-d242 @A: 25 19 08 30 | 09
#0024-d242 @A: 04 11 08 25 | 08
#0025-d242 @A: 31 30 25 11 | 03
#0026-d242 @A: 24 14 34 05 | 06
#0027-d242 @A: 13 05 14 32 | 01
#0028-d242 @A: 17 19 29 14 | 07
#0029-d242 @A: 30 21 14 02 | 11
#0030-d242 @A: 19 14 31 24 | 05
#0031-d242 @A: 14 23 17 09 | 02
#0032-d242 @A: 28 14 10 27 | 04
#0033-d242 @A: 14 27 04 01 | 10
#0034-d242 @A: 03 14 15 21 | 12
#0035-d242 @A: 04 16 11 14 | 09
#0036-d242 @A: 22 09 14 18 | 08
#0037-d242 @A: 13 29 05 12 | 03
#0038-d242 @A: 02 08 12 05 | 06
#0039-d242 @A: 05 30 06 17 | 01
#0040-d242 @A: 03 07 05 31 | 07
#0041-d242 @A: 05 24 27 18 | 11
#0042-d242 @A: 23 05 11 34 | 05
#0043-d242 @A: 13 05 01 10 | 02
#0044-d242 @A: 35 04 09 05 | 04
#0045-d242 @A: 30 08 26 05 | 10
#0046-d242 @A: 31 05 19 13 | 12
#0047-d242 @A: 24 12 08 29 | 09
#0048-d242 @A: 34 12 17 04 | 08
#0049-d242 @A: 34 11 21 12 | 03
#0050-d242 @A: 13 26 16 12 | 06
#0051-d242 @A: 03 04 12 16 | 01
#0052-d242 @A: 09 12 30 32 | 07
#0053-d242 @A: 19 22 03 12 | 11
#0054-d242 @A: 23 02 29 17 | 05
#0055-d242 @A: 02 29 10 18 | 02
#0056-d242 @A: 09 24 29 23 | 04
#0057-d242 @A: 21 04 29 23 | 10
#0058-d242 @A: 29 10 22 34 | 12
#0059-d242 @A: 01 10 29 03 | 09
#0060-d242 @A: 01 34 29 04 | 08
#0061-d242 @A: 01 33 29 18 | 03
#0062-d242 @A: 18 09 28 29 | 06
#0063-d242 @A: 18 19 29 04 | 01
#0064-d242 @A: 06 02 35 30 | 07
#0065-d242 @A: 17 07 02 22 | 11
#0066-d242 @A: 01 32 21 02 | 05
#0067-d242 @A: 21 02 13 09 | 02
#0068-d242 @A: 31 08 02 16 | 04
#0069-d242 @A: 18 02 31 32 | 10
#0070-d242 @A: 02 28 32 26 | 12
#0071-d242 @A: 06 07 32 34 | 09
#0072-d242 @A: 24 11 21 06 | 08
#0073-d242 @A: 32 06 28 24 | 03
#0074-d242 @A: 19 34 06 23 | 06
#0075-d242 @A: 06 28 03 10 | 01
#0076-d242 @A: 34 18 01 06 | 07
#0077-d242 @A: 30 04 33 06 | 11
#0078-d242 @A: 28 24 07 27 | 05
#0079-d242 @A: 21 26 07 17 | 02
#0080-d242 @A: 16 15 34 07 | 04
#0081-d242 @A: 01 21 13 07 | 10
#0082-d242 @A: 16 35 11 07 | 12
#0083-d242 @A: 17 11 24 23 | 09
#0084-d242 @A: 27 35 01 24 | 08
#0085-d242 @A: 30 24 27 21 | 03
#0086-d242 @A: 24 33 27 16 | 06
#0087-d242 @A: 09 24 34 11 | 01
#0088-d242 @A: 24 09 08 22 | 07
#0089-d242 @A: 03 24 22 30 | 11
#0090-d242 @A: 28 09 13 24 | 05
#0091-d242 @A: 24 19 11 28 | 02
#0092-d242 @A: 17 27 21 33 | 04
#0093-d242 @A: 08 04 17 35 | 10
#0094-d242 @A: 09 13 17 16 | 12
#0095-d242 @A: 17 16 26 31 | 09
#0096-d242 @A: 18 17 33 13 | 08
#0097-d242 @A: 03 17 30 13 | 03
#0098-d242 @A: 30 17 26 11 | 06
#0099-d242 @A: 18 17 31 09 | 01
#0100-d242 @A: 32 17 31 04 | 07
#0101-d242 @A: 23 10 04 34 | 11
#0102-d242 @A: 26 23 04 19 | 05
#0103-d242 @A: 23 22 18 26 | 02
#0104-d242 @A: 27 21 28 31 | 04
#0105-d242 @A: 27 35 13 18 | 10
#0106-d242 @A: 09 28 35 27 | 12
#0107-d242 @A: 27 26 31 33 | 09
#0108-d242 @A: 28 27 30 04 | 08
#0109-d242 @A: 30 01 10 21 | 03
#0110-d242 @A: 10 01 18 22 | 06
#0111-d242 @A: 10 08 30 32 | 01
#0112-d242 @A: 13 19 10 30 | 07
#0113-d242 @A: 09 13 18 10 | 11
#0114-d242 @A: 03 18 34 30 | 05
#0115-d242 @A: 19 01 08 31 | 02
#0116-d242 @A: 18 22 15 33 | 04
#0117-d242 @A: 33 31 15 19 | 10
#0118-d242 @A: 28 15 03 30 | 12
#0119-d242 @A: 28 15 19 13 | 09
#0120-d242 @A: 22 04 15 11 | 08
#0121-d242 @A: 26 32 31 15 | 03
#0122-d242 @A: 13 04 16 21 | 06
#0123-d242 @A: 31 19 21 11 | 01
#0124-d242 @A: 32 31 33 03 | 07
#0125-d242 @A: 03 31 30 19 | 11
#0126-d242 @A: 20 28 07 14 | 05
#0127-d242 @A: 26 14 20 03 | 02
#0128-d242 @A: 05 04 34 20 | 04
#0129-d242 @A: 12 20 31 24 | 10
#0130-d242 @A: 20 12 19 21 | 12
#0131-d242 @A: 20 29 03 28 | 09
#0132-d242 @A: 02 30 20 26 | 08
#0133-d242 @A: 33 34 20 07 | 03
#0134-d242 @A: 15 20 07 21 | 06
#0135-d242 @A: 20 24 33 19 | 01
#0136-d242 @A: 01 17 20 11 | 07
#0137-d242 @A: 23 16 20 15 | 11
#0138-d242 @A: 31 20 13 16 | 05
#0139-d242 @A: 33 31 11 20 | 02
#0140-d242 @A: 20 11 26 04 | 04
#0141-d242 @A: 28 18 20 32 | 10
#0142-d242 @A: 10 19 25 05 | 12
#0143-d242 @A: 12 31 07 25 | 09
#0144-d242 @A: 12 24 25 09 | 08
#0145-d242 @A: 18 25 29 26 | 03
#0146-d242 @A: 31 06 24 25 | 06
#0147-d242 @A: 21 06 25 13 | 01
#0148-d242 @A: 07 13 25 27 | 07
#0149-d242 @A: 25 07 34 04 | 11
#0150-d242 @A: 07 25 28 11 | 05
#0151-d242 @A: 25 17 19 21 | 02
#0152-d242 @A: 26 25 23 31 | 04
#0153-d242 @A: 10 32 25 04 | 10
#0154-d242 @A: 19 25 09 35 | 12
#0155-d242 @A: 28 25 31 16 | 09
#0156-d242 @A: 22 25 28 09 | 08
#0157-d242 @A: 27 14 24 12 | 03
#0158-d242 @A: 04 09 14 12 | 06
#0159-d242 @A: 14 24 29 13 | 01
#0160-d242 @A: 29 15 26 14 | 07
#0161-d242 @A: 02 14 23 33 | 11
#0162-d242 @A: 18 14 27 02 | 05
#0163-d242 @A: 07 14 06 26 | 02
#0164-d242 @A: 27 07 14 33 | 04
#0165-d242 @A: 24 17 33 14 | 10
#0166-d242 @A: 17 01 14 08 | 12
#0167-d242 @A: 21 14 34 28 | 09
#0168-d242 @A: 15 14 31 01 | 08
#0169-d242 @A: 29 05 02 33 | 03
#0170-d242 @A: 05 03 17 06 | 06
#0171-d242 @A: 06 05 21 32 | 01
#0172-d242 @A: 16 05 17 15 | 07
#0173-d242 @A: 05 23 09 15 | 11
#0174-d242 @A: 27 11 15 05 | 05
#0175-d242 @A: 32 05 27 22 | 02
#0176-d242 @A: 18 35 05 34 | 04
#0177-d242 @A: 05 18 01 09 | 10
#0178-d242 @A: 08 05 28 18 | 12
#0179-d242 @A: 33 02 27 12 | 09
#0180-d242 @A: 12 01 18 02 | 08
#0181-d242 @A: 17 12 32 06 | 03
#0182-d242 @A: 04 12 06 10 | 06
#0183-d242 @A: 17 12 18 10 | 01
#0184-d242 @A: 32 17 03 12 | 07
#0185-d242 @A: 13 21 12 27 | 11
#0186-d242 @A: 10 12 30 34 | 05
#0187-d242 @A: 34 12 32 15 | 02
#0188-d242 @A: 12 35 01 03 | 04
#0189-d242 @A: 19 04 35 12 | 10
#0190-d242 @A: 22 18 35 12 | 12
#0191-d242 @A: 12 33 09 16 | 09
#0192-d242 @A: 12 08 11 09 | 08
#0193-d242 @A: 18 04 08 12 | 03
#0194-d242 @A: 19 12 32 31 | 06
#0195-d242 @A: 02 34 29 32 | 01
#0196-d242 @A: 11 23 10 29 | 07
#0197-d242 @A: 34 21 18 29 | 11
#0198-d242 @A: 11 29 33 08 | 05
#0199-d242 @A: 30 29 33 13 | 02
#0200-d242 @A: 15 22 06 02 | 04
#0201-d242 @A: 24 07 02 19 | 10
#0202-d242 @A: 21 02 15 17 | 12
#0203-d242 @A: 02 10 04 15 | 09
#0204-d242 @A: 02 22 34 21 | 08
#0205-d242 @A: 18 03 15 02 | 03
#0206-d242 @A: 11 02 09 35 | 06
#0207-d242 @A: 02 11 16 28 | 01
#0208-d242 @A: 02 08 19 13 | 07
#0209-d242 @A: 18 02 08 22 | 11
#0210-d242 @A: 02 13 30 31 | 05
#0211-d242 @A: 32 11 19 02 | 02
#0212-d242 @A: 10 06 07 35 | 04
#0213-d242 @A: 06 10 33 22 | 10
#0214-d242 @A: 15 34 09 06 | 12
#0215-d242 @A: 04 19 06 22 | 09
#0216-d242 @A: 31 03 04 06 | 08
#0217-d242 @A: 24 15 33 07 | 03
#0218-d242 @A: 23 31 27 07 | 06
#0219-d242 @A: 27 34 07 19 | 01
#0220-d242 @A: 10 13 07 34 | 07
#0221-d242 @A: 07 08 35 26 | 11
#0222-d242 @A: 07 16 13 18 | 05
#0223-d242 @A: 09 07 22 16 | 02
#0224-d242 @A: 04 26 07 32 | 04
#0225-d242 @A: 07 22 11 03 | 10
#0226-d242 @A: 31 35 17 24 | 12
#0227-d242 @A: 28 17 16 24 | 09
#0228-d242 @A: 24 28 35 04 | 08
#0229-d242 @A: 24 16 31 22 | 03
#0230-d242 @A: 01 09 10 17 | 06
#0231-d242 @A: 17 10 15 30 | 01
#0232-d242 @A: 34 08 17 16 | 07
#0233-d242 @A: 01 16 17 04 | 11
#0234-d242 @A: 32 17 19 15 | 05
#0235-d242 @A: 17 26 13 19 | 02
#0236-d242 @A: 23 30 35 04 | 04
#0237-d242 @A: 23 35 26 32 | 10
#0238-d242 @A: 23 08 18 32 | 12
#0239-d242 @A: 32 23 30 31 | 09
#0240-d242 @A: 23 22 13 03 | 08
#0241-d242 @A: 34 27 28 15 | 03
#0242-d242 @A: 30 27 31 15 | 06
#0243-d242 @A: 27 16 09 08 | 01
#0244-d242 @A: 16 32 26 27 | 07
#0245-d242 @A: 27 19 03 28 | 11
#0246-d242 @A: 34 28 26 10 | 05
#0247-d242 @A: 08 35 10 11 | 02
#0248-d242 @A: 13 10 35 26 | 04
#0249-d242 @A: 26 03 10 22 | 10
#0250-d242 @A: 19 10 28 32 | 12
#0251-d242 @A: 34 19 35 31 | 09
#0252-d242 @A: 34 03 31 35 | 08
#0253-d242 @A: 33 35 01 31 | 03
#0254-d242 @A: 01 13 19 16 | 06
#0255-d242 @A: 33 13 08 01 | 01
#0256-d242 @A: 01 22 33 32 | 07
#0257-d242 @A: 35 13 31 15 | 11
#0258-d242 @A: 15 08 32 22 | 05
#0259-d242 @A: 26 09 15 18 | 02
#0260-d242 @A: 09 18 21 35 | 04
#0261-d242 @A: 16 08 11 21 | 10
#0262-d242 @A: 19 21 33 13 | 12
#0263-d242 @A: 21 33 03 11 | 09
#0264-d242 @A: 03 35 30 26 | 08
#0265-d242 @A: 16 03 28 32 | 03
#0266-d242 @A: 10 20 30 25 | 06
#0267-d242 @A: 25 35 01 20 | 01
#0268-d242 @A: 25 26 20 15 | 07
#0269-d242 @A: 20 07 26 05 | 11
#0270-d242 @A: 20 05 17 19 | 05
#0271-d242 @A: 12 20 17 16 | 02
#0272-d242 @A: 03 27 20 12 | 04
#0273-d242 @A: 31 06 34 20 | 10
#0274-d242 @A: 01 06 20 22 | 12
#0275-d242 @A: 20 17 22 10 | 09
#0276-d242 @A: 26 21 20 27 | 08
#0277-d242 @A: 34 20 11 10 | 03
#0278-d242 @A: 20 26 01 09 | 06
#0279-d242 @A: 30 20 31 35 | 01
#0280-d242 @A: 26 08 20 22 | 07
#0281-d242 @A: 20 22 18 30 | 11
#0282-d242 @A: 22 20 32 09 | 05
#0283-d242 @A: 04 31 22 20 | 02
#0284-d242 @A: 25 14 23 18 | 04
#0285-d242 @A: 26 25 21 14 | 10
#0286-d242 @A: 25 05 06 01 | 12
#0287-d242 @A: 03 25 05 13 | 09
#0288-d242 @A: 01 25 12 32 | 08
#0289-d242 @A: 28 25 29 15 | 03
#0290-d242 @A: 06 25 02 19 | 06
#0291-d242 @A: 02 25 21 04 | 01
#0292-d242 @A: 25 06 22 23 | 07
#0293-d242 @A: 06 28 27 25 | 11
#0294-d242 @A: 25 26 07 10 | 05
#0295-d242 @A: 07 25 09 03 | 02
#0296-d242 @A: 04 25 27 17 | 04
#0297-d242 @A: 25 17 15 09 | 10
#0298-d242 @A: 33 01 25 04 | 12
#0299-d242 @A: 21 03 25 31 | 09
#0300-d242 @A: 18 08 35 25 | 08
#0301-d242 @A: 28 30 35 25 | 03
#0302-d242 @A: 30 03 32 25 | 06
#0303-d242 @A: 19 11 13 25 | 01
#0304-d242 @A: 05 14 04 06 | 07
#0305-d242 @A: 23 05 22 14 | 11
#0306-d242 @A: 05 08 33 14 | 05
#0307-d242 @A: 09 14 05 11 | 02
#0308-d242 @A: 12 14 26 35 | 04
#0309-d242 @A: 29 14 10 16 | 10
#0310-d242 @A: 06 27 08 14 | 12
#0311-d242 @A: 11 21 07 14 | 09
#0312-d242 @A: 19 14 27 13 | 08
#0313-d242 @A: 35 14 04 10 | 03
#0314-d242 @A: 14 33 03 09 | 06
#0315-d242 @A: 26 19 14 09 | 01
#0316-d242 @A: 22 14 28 19 | 07
#0317-d242 @A: 33 34 05 12 | 11
#0318-d242 @A: 26 05 23 02 | 05
#0319-d242 @A: 24 05 33 10 | 02
#0320-d242 @A: 05 28 24 22 | 04
#0321-d242 @A: 32 10 05 23 | 10
#0322-d242 @A: 18 10 03 05 | 12
#0323-d242 @A: 30 21 33 05 | 09
#0324-d242 @A: 11 05 26 19 | 08
#0325-d242 @A: 12 29 11 02 | 03
#0326-d242 @A: 29 15 16 12 | 06
#0327-d242 @A: 21 12 28 29 | 01
#0328-d242 @A: 30 02 12 23 | 07
#0329-d242 @A: 23 12 16 06 | 11
#0330-d242 @A: 03 06 33 12 | 05
#0331-d242 @A: 34 12 28 07 | 02
#0332-d242 @A: 10 12 24 03 | 04
#0333-d242 @A: 18 30 12 24 | 10
#0334-d242 @A: 17 08 21 12 | 12
#0335-d242 @A: 10 13 12 32 | 09
#0336-d242 @A: 22 01 12 08 | 08
#0337-d242 @A: 33 28 13 12 | 03
#0338-d242 @A: 18 12 31 03 | 06
#0339-d242 @A: 02 28 29 24 | 01
#0340-d242 @A: 23 07 22 29 | 07
#0341-d242 @A: 29 33 21 07 | 11
#0342-d242 @A: 24 27 11 29 | 05
#0343-d242 @A: 04 29 03 34 | 02
#0344-d242 @A: 29 28 16 08 | 04
#0345-d242 @A: 03 08 29 11 | 10
#0346-d242 @A: 22 29 18 32 | 12
#0347-d242 @A: 03 29 18 19 | 09
#0348-d242 @A: 02 03 32 06 | 08
#0349-d242 @A: 11 02 07 01 | 03
#0350-d242 @A: 03 24 02 27 | 06
#0351-d242 @A: 11 02 04 23 | 01
#0352-d242 @A: 34 02 08 10 | 07
#0353-d242 @A: 11 21 02 10 | 11
#0354-d242 @A: 34 02 15 18 | 05
#0355-d242 @A: 35 33 13 02 | 02
#0356-d242 @A: 30 16 33 02 | 04
#0357-d242 @A: 09 02 08 28 | 10
#0358-d242 @A: 09 19 22 02 | 12
#0359-d242 @A: 06 07 17 13 | 09
#0360-d242 @A: 11 07 06 15 | 08
#0361-d242 @A: 24 10 06 27 | 03
#0362-d242 @A: 01 30 24 06 | 06
#0363-d242 @A: 21 23 09 06 | 01
#0364-d242 @A: 21 15 27 06 | 07
#0365-d242 @A: 01 06 03 16 | 11
#0366-d242 @A: 35 33 18 06 | 05
#0367-d242 @A: 19 06 16 31 | 02
#0368-d242 @A: 08 06 04 28 | 04
#0369-d242 @A: 06 33 32 19 | 10
#0370-d242 @A: 09 32 04 06 | 12
#0371-d242 @A: 23 07 26 24 | 09
#0372-d242 @A: 17 19 07 23 | 08
#0373-d242 @A: 11 07 08 23 | 03
#0374-d242 @A: 33 09 07 23 | 06
#0375-d242 @A: 35 13 07 19 | 01
#0376-d242 @A: 19 16 32 07 | 07
#0377-d242 @A: 28 07 08 19 | 11
#0378-d242 @A: 30 33 03 07 | 05
#0379-d242 @A: 30 23 24 10 | 02
#0380-d242 @A: 01 24 16 23 | 04
#0381-d242 @A: 34 24 32 35 | 10
#0382-d242 @A: 35 24 22 30 | 12
#0383-d242 @A: 18 11 24 35 | 09
#0384-d242 @A: 08 24 04 30 | 08
#0385-d242 @A: 18 28 31 24 | 03
#0386-d242 @A: 03 26 23 17 | 06
#0387-d242 @A: 27 18 17 22 | 01
#0388-d242 @A: 31 17 34 15 | 07
#0389-d242 @A: 17 16 35 32 | 11
#0390-d242 @A: 11 19 09 17 | 05
#0391-d242 @A: 23 15 01 26 | 02
#0392-d242 @A: 01 23 08 04 | 04
#0393-d242 @A: 16 35 09 23 | 10
#0394-d242 @A: 03 30 23 16 | 12
#0395-d242 @A: 16 23 22 32 | 09
#0396-d242 @A: 23 33 22 30 | 08
#0397-d242 @A: 23 09 19 13 | 03
#0398-d242 @A: 03 27 15 33 | 06
#0399-d242 @A: 19 10 34 09 | 01
#0400-d242 @A: 13 03 16 10 | 07
#0401-d242 @A: 04 22 10 16 | 11
#0402-d242 @A: 09 10 04 08 | 05
#0403-d242 @A: 30 10 18 26 | 02
#0404-d242 @A: 10 26 09 32 | 04
#0405-d242 @A: 28 13 34 35 | 10
#0406-d242 @A: 16 11 18 34 | 12
#0407-d242 @A: 30 34 08 33 | 09
#0408-d242 @A: 35 32 01 13 | 08
#0409-d242 @A: 19 32 09 01 | 03
#0410-d242 @A: 11 28 26 01 | 06
#0411-d242 @A: 15 30 18 21 | 01
#0412-d242 @A: 15 22 28 16 | 07
#0413-d242 @A: 15 28 32 30 | 11
#0414-d242 @A: 15 22 09 03 | 05
#0415-d242 @A: 13 26 21 32 | 02
#0416-d242 @A: 02 14 20 06 | 04
#0417-d242 @A: 20 14 18 10 | 10
#0418-d242 @A: 34 14 35 20 | 12
#0419-d242 @A: 06 18 29 20 | 09
#0420-d242 @A: 32 20 02 24 | 08
#0421-d242 @A: 20 24 13 07 | 03
#0422-d242 @A: 24 10 26 20 | 06
#0423-d242 @A: 17 28 04 20 | 01
#0424-d242 @A: 23 22 20 21 | 07
#0425-d242 @A: 21 20 35 16 | 11
#0426-d242 @A: 04 32 16 20 | 05
#0427-d242 @A: 20 11 22 16 | 02
#0428-d242 @A: 13 22 19 20 | 04
#0429-d242 @A: 25 08 14 07 | 10
#0430-d242 @A: 25 16 24 05 | 12
#0431-d242 @A: 17 25 05 08 | 09
#0432-d242 @A: 35 06 12 25 | 08
#0433-d242 @A: 25 15 33 02 | 03
#0434-d242 @A: 30 25 32 06 | 06
#0435-d242 @A: 07 24 25 30 | 01
#0436-d242 @A: 19 15 07 25 | 07
#0437-d242 @A: 25 35 17 34 | 11
#0438-d242 @A: 10 09 23 25 | 05
#0439-d242 @A: 03 04 25 27 | 02
#0440-d242 @A: 25 01 18 28 | 04
#0441-d242 @A: 35 25 26 33 | 10
#0442-d242 @A: 28 08 13 25 | 12
#0443-d242 @A: 09 25 32 13 | 09
#0444-d242 @A: 32 25 19 22 | 08
#0445-d242 @A: 26 28 19 25 | 03
#0446-d242 @A: 14 03 08 12 | 06
#0447-d242 @A: 29 09 14 01 | 01
#0448-d242 @A: 02 24 22 14 | 07
#0449-d242 @A: 01 06 14 23 | 11
#0450-d242 @A: 06 14 11 19 | 05
#0451-d242 @A: 32 23 14 07 | 02
#0452-d242 @A: 01 11 24 14 | 04
#0453-d242 @A: 32 24 14 21 | 10
#0454-d242 @A: 30 23 11 14 | 12
#0455-d242 @A: 16 14 15 27 | 09
#0456-d242 @A: 14 01 26 22 | 08
#0457-d242 @A: 15 08 14 28 | 03
#0458-d242 @A: 22 16 33 14 | 06
#0459-d242 @A: 11 13 14 33 | 01
#0460-d242 @A: 04 14 32 28 | 07
#0461-d242 @A: 14 04 03 11 | 11
#0462-d242 @A: 18 31 11 14 | 05
#0463-d242 @A: 01 05 11 12 | 02
#0464-d242 @A: 05 22 29 17 | 04
#0465-d242 @A: 05 29 28 35 | 10
#0466-d242 @A: 05 02 11 17 | 12
#0467-d242 @A: 13 05 06 35 | 09
#0468-d242 @A: 07 24 05 35 | 08
#0469-d242 @A: 05 27 07 17 | 03
#0470-d242 @A: 17 31 10 05 | 06
#0471-d242 @A: 27 35 21 05 | 01
#0472-d242 @A: 05 27 35 03 | 07
#0473-d242 @A: 08 13 05 11 | 11
#0474-d242 @A: 05 18 22 11 | 05
#0475-d242 @A: 29 12 27 18 | 02
#0476-d242 @A: 02 12 21 35 | 04
#0477-d242 @A: 06 12 21 18 | 10
#0478-d242 @A: 22 12 07 27 | 12
#0479-d242 @A: 12 07 19 01 | 09
#0480-d242 @A: 24 12 33 01 | 08
#0481-d242 @A: 13 12 23 08 | 03
#0482-d242 @A: 09 12 28 23 | 06
#0483-d242 @A: 19 27 12 15 | 01
#0484-d242 @A: 13 29 07 02 | 07
#0485-d242 @A: 29 26 02 21 | 11
#0486-d242 @A: 29 02 19 31 | 05
#0487-d242 @A: 32 23 29 06 | 02
#0488-d242 @A: 29 03 26 07 | 04
#0489-d242 @A: 17 29 09 21 | 10
#0490-d242 @A: 08 29 27 15 | 12
#0491-d242 @A: 34 16 31 29 | 09
#0492-d242 @A: 21 15 01 29 | 08
#0493-d242 @A: 16 04 29 33 | 03
#0494-d242 @A: 04 28 29 11 | 06
#0495-d242 @A: 24 02 15 11 | 01
#0496-d242 @A: 10 27 02 35 | 07
#0497-d242 @A: 31 01 02 27 | 11
#0498-d242 @A: 16 35 02 19 | 05
#0499-d242 @A: 35 28 02 31 | 02
#0500-d242 @A: 33 03 02 13 | 04
#0501-d242 @A: 04 13 02 26 | 10
#0502-d242 @A: 17 21 06 16 | 12
#0503-d242 @A: 28 06 01 16 | 09
#0504-d242 @A: 18 04 15 06 | 08
#0505-d242 @A: 35 32 08 06 | 03
#0506-d242 @A: 16 09 18 06 | 06
#0507-d242 @A: 18 22 28 06 | 01
#0508-d242 @A: 17 07 30 08 | 07
#0509-d242 @A: 23 07 21 30 | 11
#0510-d242 @A: 33 16 01 07 | 05
#0511-d242 @A: 07 19 11 04 | 02
#0512-d242 @A: 24 23 22 27 | 04
#0513-d242 @A: 34 27 24 31 | 10
#0514-d242 @A: 24 19 34 21 | 12
#0515-d242 @A: 26 24 09 35 | 09
#0516-d242 @A: 24 33 28 08 | 08
#0517-d242 @A: 24 19 22 26 | 03
#0518-d242 @A: 31 18 24 03 | 06
#0519-d242 @A: 34 21 17 13 | 01
#0520-d242 @A: 21 28 01 17 | 07
#0521-d242 @A: 17 16 22 19 | 11
#0522-d242 @A: 09 04 30 17 | 05
#0523-d242 @A: 32 17 13 22 | 02
#0524-d242 @A: 03 22 17 31 | 04
#0525-d242 @A: 15 23 27 33 | 10
#0526-d242 @A: 15 22 23 19 | 12
#0527-d242 @A: 21 09 23 03 | 09
#0528-d242 @A: 18 23 13 04 | 08
#0529-d242 @A: 23 28 32 13 | 03
#0530-d242 @A: 27 10 32 15 | 06
#0531-d242 @A: 10 22 27 21 | 01
#0532-d242 @A: 13 33 10 27 | 07
#0533-d242 @A: 08 04 33 27 | 11
#0534-d242 @A: 13 04 32 27 | 05
#0535-d242 @A: 22 27 13 28 | 02
#0536-d242 @A: 15 01 10 16 | 04
#0537-d242 @A: 35 18 10 32 | 10
#0538-d242 @A: 08 22 10 19 | 12
#0539-d242 @A: 31 10 08 26 | 09
#0540-d242 @A: 18 10 28 04 | 08
#0541-d242 @A: 34 08 26 18 | 03
#0542-d242 @A: 28 34 22 11 | 06
#0543-d242 @A: 09 35 01 30 | 01
#0544-d242 @A: 08 16 32 01 | 07
#0545-d242 @A: 33 03 01 26 | 11
#0546-d242 @A: 30 15 04 19 | 05
#0547-d242 @A: 18 13 15 32 | 02
#0548-d242 @A: 21 28 11 09 | 04
#0549-d242 @A: 28 13 35 03 | 10
#0550-d242 @A: 14 11 20 25 | 12
#0551-d242 @A: 20 25 09 05 | 09
#0552-d242 @A: 03 25 16 20 | 08
#0553-d242 @A: 15 09 20 14 | 03
#0554-d242 @A: 04 20 14 19 | 06
#0555-d242 @A: 05 20 01 31 | 01
#0556-d242 @A: 20 13 21 05 | 07
#0557-d242 @A: 34 12 20 02 | 11
#0558-d242 @A: 20 33 12 10 | 05
#0559-d242 @A: 04 29 20 27 | 02
#0560-d242 @A: 23 02 20 19 | 04
#0561-d242 @A: 20 11 06 23 | 10
#0562-d242 @A: 09 24 21 20 | 12
#0563-d242 @A: 32 21 34 20 | 09
#0564-d242 @A: 01 20 15 04 | 08
#0565-d242 @A: 35 28 26 20 | 03
#0566-d242 @A: 13 20 30 08 | 06
#0567-d242 @A: 31 02 25 14 | 01
#0568-d242 @A: 07 33 05 25 | 07
#0569-d242 @A: 05 28 25 34 | 11
#0570-d242 @A: 21 08 29 25 | 05
#0571-d242 @A: 30 25 02 22 | 02
#0572-d242 @A: 16 34 06 25 | 04
#0573-d242 @A: 21 25 15 23 | 10
#0574-d242 @A: 22 01 25 03 | 12
#0575-d242 @A: 35 16 25 15 | 09
#0576-d242 @A: 05 18 14 29 | 08
#0577-d242 @A: 09 02 10 14 | 03
#0578-d242 @A: 04 34 14 02 | 06
#0579-d242 @A: 01 14 18 07 | 01
#0580-d242 @A: 08 10 24 14 | 07
#0581-d242 @A: 34 15 14 33 | 11
#0582-d242 @A: 16 21 14 01 | 05
#0583-d242 @A: 35 18 14 16 | 02
#0584-d242 @A: 28 11 14 35 | 04
#0585-d242 @A: 14 28 13 16 | 10
#0586-d242 @A: 14 08 31 30 | 12
#0587-d242 @A: 18 19 14 32 | 09
#0588-d242 @A: 18 12 07 05 | 08
#0589-d242 @A: 12 15 05 22 | 03
#0590-d242 @A: 21 05 09 12 | 06
#0591-d242 @A: 05 34 02 09 | 01
#0592-d242 @A: 24 30 15 05 | 07
#0593-d242 @A: 34 31 05 22 | 11
#0594-d242 @A: 03 15 05 11 | 05
#0595-d242 @A: 35 19 05 08 | 02
#0596-d242 @A: 33 22 05 35 | 04
#0597-d242 @A: 04 18 33 05 | 10
#0598-d242 @A: 28 05 31 33 | 12
#0599-d242 @A: 29 12 23 03 | 09
#0600-d242 @A: 12 29 01 35 | 08
#0601-d242 @A: 04 32 12 29 | 03
#0602-d242 @A: 06 07 12 33 | 06
#0603-d242 @A: 04 23 12 27 | 01
#0604-d242 @A: 27 01 16 12 | 07
#0605-d242 @A: 12 10 21 16 | 11
#0606-d242 @A: 12 09 35 34 | 05
#0607-d242 @A: 01 15 12 09 | 02
#0608-d242 @A: 21 04 01 12 | 04
#0609-d242 @A: 04 03 15 12 | 10
#0610-d242 @A: 16 35 28 12 | 12
#0611-d242 @A: 08 35 31 12 | 09
#0612-d242 @A: 19 12 22 33 | 08
#0613-d242 @A: 06 19 24 29 | 03
#0614-d242 @A: 29 21 30 06 | 06
#0615-d242 @A: 15 07 29 31 | 01
#0616-d242 @A: 17 31 27 29 | 07
#0617-d242 @A: 29 03 33 17 | 11
#0618-d242 @A: 29 15 18 23 | 05
#0619-d242 @A: 31 23 29 08 | 02
#0620-d242 @A: 23 29 30 26 | 04
#0621-d242 @A: 27 28 29 01 | 10
#0622-d242 @A: 27 29 21 16 | 12
#0623-d242 @A: 10 01 29 31 | 09
#0624-d242 @A: 10 33 29 15 | 08
#0625-d242 @A: 29 34 30 35 | 03
#0626-d242 @A: 29 13 15 09 | 06
#0627-d242 @A: 19 29 13 32 | 01
#0628-d242 @A: 04 09 29 26 | 07
#0629-d242 @A: 11 09 29 22 | 11
#0630-d242 @A: 02 13 27 06 | 05
#0631-d242 @A: 23 27 28 02 | 02
#0632-d242 @A: 02 34 13 23 | 04
#0633-d242 @A: 02 19 01 30 | 10
#0634-d242 @A: 02 15 16 09 | 12
#0635-d242 @A: 31 03 28 02 | 09
#0636-d242 @A: 06 35 07 03 | 08
#0637-d242 @A: 23 33 17 06 | 03
#0638-d242 @A: 15 01 06 33 | 06
#0639-d242 @A: 06 04 16 35 | 01
#0640-d242 @A: 06 08 16 26 | 07
#0641-d242 @A: 22 13 06 08 | 11
#0642-d242 @A: 28 26 06 33 | 05
#0643-d242 @A: 03 06 11 13 | 02
#0644-d242 @A: 18 31 06 26 | 04
#0645-d242 @A: 32 03 07 24 | 10
#0646-d242 @A: 18 17 07 28 | 12
#0647-d242 @A: 07 27 11 26 | 09
#0648-d242 @A: 32 07 35 09 | 08
#0649-d242 @A: 04 07 35 31 | 03
#0650-d242 @A: 34 33 23 24 | 06
#0651-d242 @A: 23 31 24 15 | 01
#0652-d242 @A: 26 24 13 27 | 07
#0653-d242 @A: 30 16 24 32 | 11
#0654-d242 @A: 13 08 31 24 | 05
#0655-d242 @A: 13 24 03 08 | 02
#0656-d242 @A: 32 08 24 19 | 04
#0657-d242 @A: 10 28 17 23 | 10
#0658-d242 @A: 17 32 01 23 | 12
#0659-d242 @A: 27 34 09 17 | 09
#0660-d242 @A: 32 11 17 21 | 08
#0661-d242 @A: 30 33 35 17 | 03
#0662-d242 @A: 17 33 16 11 | 06
#0663-d242 @A: 03 16 18 17 | 01
#0664-d242 @A: 34 21 08 23 | 07
#0665-d242 @A: 03 11 35 23 | 11
#0666-d242 @A: 28 23 26 16 | 05
#0667-d242 @A: 33 23 31 13 | 02
#0668-d242 @A: 04 32 03 23 | 04
#0669-d242 @A: 19 23 28 31 | 10
#0670-d242 @A: 03 27 10 32 | 12
#0671-d242 @A: 18 27 34 32 | 09
#0672-d242 @A: 16 27 31 35 | 08
#0673-d242 @A: 10 09 34 03 | 03
#0674-d242 @A: 15 28 31 10 | 06
#0675-d242 @A: 13 08 16 10 | 01
#0676-d242 @A: 28 09 16 10 | 07
#0677-d242 @A: 10 04 31 30 | 11
#0678-d242 @A: 11 10 28 13 | 05
#0679-d242 @A: 34 33 21 26 | 02
#0680-d242 @A: 16 35 34 33 | 04
#0681-d242 @A: 34 35 04 11 | 10
#0682-d242 @A: 31 34 08 28 | 12
#0683-d242 @A: 32 34 31 33 | 09
#0684-d242 @A: 30 34 28 18 | 08
#0685-d242 @A: 11 34 30 32 | 03
#0686-d242 @A: 34 03 32 13 | 06
#0687-d242 @A: 32 34 28 09 | 01
#0688-d242 @A: 15 01 03 13 | 07
#0689-d242 @A: 35 11 01 21 | 11
#0690-d242 @A: 18 35 19 01 | 05
#0691-d242 @A: 30 31 16 01 | 02
#0692-d242 @A: 01 09 28 33 | 04
#0693-d242 @A: 01 32 26 30 | 10
#0694-d242 @A: 21 22 15 35 | 12
#0695-d242 @A: 13 21 11 15 | 09
#0696-d242 @A: 15 35 30 08 | 08
#0697-d242 @A: 32 35 04 15 | 03
#0698-d242 @A: 13 30 16 15 | 06
#0699-d242 @A: 19 32 15 03 | 01
#0700-d242 @A: 31 03 26 15 | 07
#0701-d242 @A: 33 04 21 35 | 11
#0702-d242 @A: 08 04 32 21 | 05
#0703-d242 @A: 18 21 33 32 | 02
#0704-d242 @A: 04 21 19 09 | 04
#0705-d242 @A: 19 03 33 35 | 10
#0706-d242 @A: 25 20 31 27 | 12
#0707-d242 @A: 25 20 32 08 | 09
#0708-d242 @A: 05 20 29 30 | 08
#0709-d242 @A: 24 05 11 20 | 03
#0710-d242 @A: 35 27 20 12 | 06
#0711-d242 @A: 20 09 07 02 | 01
#0712-d242 @A: 28 20 02 21 | 07
#0713-d242 @A: 03 20 07 04 | 11
#0714-d242 @A: 03 24 20 33 | 05
#0715-d242 @A: 17 20 18 26 | 02
#0716-d242 @A: 20 09 23 30 | 04
#0717-d242 @A: 34 20 15 30 | 10
#0718-d242 @A: 18 34 20 13 | 12
#0719-d242 @A: 19 20 09 16 | 09
#0720-d242 @A: 28 08 20 11 | 08
#0721-d242 @A: 33 22 20 28 | 03
#0722-d242 @A: 20 30 19 11 | 06
#0723-d242 @A: 16 25 12 14 | 01
#0724-d242 @A: 18 25 13 05 | 07
#0725-d242 @A: 30 17 12 25 | 11
#0726-d242 @A: 15 12 25 04 | 05
#0727-d242 @A: 25 22 21 12 | 02
#0728-d242 @A: 23 25 29 13 | 04
#0729-d242 @A: 25 24 02 35 | 10
#0730-d242 @A: 10 25 02 28 | 12
#0731-d242 @A: 25 11 18 02 | 09
#0732-d242 @A: 03 23 25 06 | 08
#0733-d242 @A: 10 25 06 18 | 03
#0734-d242 @A: 18 25 07 32 | 06
#0735-d242 @A: 10 11 17 25 | 01
#0736-d242 @A: 25 33 34 27 | 07
#0737-d242 @A: 25 31 21 01 | 11
#0738-d242 @A: 25 08 31 09 | 05
#0739-d242 @A: 05 19 14 07 | 02
#0740-d242 @A: 17 26 05 14 | 04
#0741-d242 @A: 15 14 13 06 | 10
#0742-d242 @A: 14 31 07 10 | 12
#0743-d242 @A: 14 13 31 34 | 09
#0744-d242 @A: 14 08 26 04 | 08
#0745-d242 @A: 30 14 09 28 | 03
#0746-d242 @A: 05 24 06 12 | 06
#0747-d242 @A: 27 12 05 30 | 01
#0748-d242 @A: 05 04 12 16 | 07
#0749-d242 @A: 29 05 19 21 | 11
#0750-d242 @A: 31 02 21 05 | 05
#0751-d242 @A: 06 05 09 22 | 02
#0752-d242 @A: 10 34 05 27 | 04
#0753-d242 @A: 05 27 01 26 | 10
#0754-d242 @A: 05 10 08 15 | 12
#0755-d242 @A: 05 26 15 33 | 09
#0756-d242 @A: 16 19 05 33 | 08
#0757-d242 @A: 03 16 05 33 | 03
#0758-d242 @A: 05 32 09 08 | 06
#0759-d242 @A: 09 05 26 31 | 01
#0760-d242 @A: 19 05 32 04 | 07
#0761-d242 @A: 02 12 10 07 | 11
#0762-d242 @A: 15 12 28 02 | 05
#0763-d242 @A: 07 08 12 16 | 02
#0764-d242 @A: 15 21 12 24 | 04
#0765-d242 @A: 24 13 12 35 | 10
#0766-d242 @A: 12 03 30 21 | 12
#0767-d242 @A: 11 18 12 13 | 09
#0768-d242 @A: 26 32 12 11 | 08
#0769-d242 @A: 07 17 01 29 | 03
#0770-d242 @A: 17 10 29 08 | 06
#0771-d242 @A: 29 18 17 16 | 01
#0772-d242 @A: 32 33 27 29 | 07
#0773-d242 @A: 29 27 19 26 | 11
#0774-d242 @A: 29 35 16 13 | 05
#0775-d242 @A: 35 08 29 09 | 02
#0776-d242 @A: 18 35 31 29 | 04
#0777-d242 @A: 02 17 19 34 | 10
#0778-d242 @A: 09 32 02 17 | 12
#0779-d242 @A: 02 21 27 19 | 09
#0780-d242 @A: 01 33 02 34 | 08
#0781-d242 @A: 15 13 02 01 | 03
#0782-d242 @A: 18 02 35 26 | 06
#0783-d242 @A: 02 30 11 08 | 01
#0784-d242 @A: 02 04 28 19 | 07
#0785-d242 @A: 06 27 07 18 | 11
#0786-d242 @A: 01 35 06 17 | 05
#0787-d242 @A: 26 15 06 10 | 02
#0788-d242 @A: 06 34 35 21 | 04
#0789-d242 @A: 08 34 11 06 | 10
#0790-d242 @A: 06 26 30 19 | 12
#0791-d242 @A: 09 06 26 13 | 09
#0792-d242 @A: 13 04 06 11 | 08
#0793-d242 @A: 06 26 03 09 | 03
#0794-d242 @A: 26 06 32 22 | 06
#0795-d242 @A: 03 07 01 23 | 01
#0796-d242 @A: 27 04 07 10 | 07
#0797-d242 @A: 07 09 27 15 | 11
#0798-d242 @A: 10 28 07 01 | 05
#0799-d242 @A: 07 32 33 10 | 02
#0800-d242 @A: 11 18 07 33 | 04
#0801-d242 @A: 18 22 07 04 | 10
#0802-d242 @A: 24 15 17 03 | 12
#0803-d242 @A: 28 34 01 24 | 09
#0804-d242 @A: 24 31 09 01 | 08
#0805-d242 @A: 24 11 26 08 | 03
#0806-d242 @A: 24 09 19 30 | 06
#0807-d242 @A: 24 09 18 32 | 01
#0808-d242 @A: 23 34 26 17 | 07
#0809-d242 @A: 23 13 17 30 | 11
#0810-d242 @A: 17 18 30 32 | 05
#0811-d242 @A: 28 17 11 03 | 02
#0812-d242 @A: 10 15 13 23 | 04
#0813-d242 @A: 08 28 22 23 | 10
#0814-d242 @A: 10 01 27 08 | 12
#0815-d242 @A: 27 22 01 15 | 09
#0816-d242 @A: 01 18 21 27 | 08
#0817-d242 @A: 33 35 27 11 | 03
#0818-d242 @A: 34 26 04 15 | 06
#0819-d242 @A: 34 19 03 08 | 01
#0820-d242 @A: 11 01 08 18 | 07
#0821-d242 @A: 33 01 26 19 | 11
#0822-d242 @A: 01 04 28 13 | 05
#0823-d242 @A: 22 01 11 19 | 02
#0824-d242 @A: 15 09 33 35 | 04
#0825-d242 @A: 19 26 35 15 | 10
#0826-d242 @A: 11 33 28 15 | 12
#0827-d242 @A: 15 11 09 30 | 09
#0828-d242 @A: 04 09 15 28 | 08
#0829-d242 @A: 08 21 35 13 | 03
#0830-d242 @A: 19 08 26 21 | 06
#0831-d242 @A: 22 21 11 33 | 01
#0832-d242 @A: 21 32 30 22 | 07
#0833-d242 @A: 05 27 28 20 | 11
#0834-d242 @A: 04 12 20 13 | 05
#0835-d242 @A: 35 23 29 20 | 02
#0836-d242 @A: 21 11 29 20 | 04
#0837-d242 @A: 20 32 29 31 | 10
#0838-d242 @A: 33 18 20 02 | 12
#0839-d242 @A: 19 07 20 06 | 09
#0840-d242 @A: 30 20 06 27 | 08
#0841-d242 @A: 32 17 20 07 | 03
#0842-d242 @A: 23 20 31 10 | 06
#0843-d242 @A: 20 15 19 10 | 01
#0844-d242 @A: 35 03 10 20 | 07
#0845-d242 @A: 01 20 19 03 | 11
#0846-d242 @A: 04 20 18 35 | 05
#0847-d242 @A: 33 25 14 06 | 02
#0848-d242 @A: 25 05 21 11 | 04
#0849-d242 @A: 25 12 10 08 | 10
#0850-d242 @A: 29 17 25 32 | 12
#0851-d242 @A: 29 10 35 25 | 09
#0852-d242 @A: 29 16 01 25 | 08
#0853-d242 @A: 25 31 29 33 | 03
#0854-d242 @A: 17 25 02 01 | 06
#0855-d242 @A: 33 11 25 24 | 01
#0856-d242 @A: 31 25 34 10 | 07
#0857-d242 @A: 08 25 01 26 | 11
#0858-d242 @A: 33 25 08 16 | 05
#0859-d242 @A: 25 18 33 19 | 02
#0860-d242 @A: 13 25 26 30 | 04
#0861-d242 @A: 04 09 25 18 | 10
#0862-d242 @A: 05 28 14 02 | 12
#0863-d242 @A: 08 12 34 14 | 09
#0864-d242 @A: 02 17 13 14 | 08
#0865-d242 @A: 35 14 09 06 | 03
#0866-d242 @A: 14 17 10 32 | 06
#0867-d242 @A: 17 21 14 04 | 01
#0868-d242 @A: 14 34 23 16 | 07
#0869-d242 @A: 14 09 21 27 | 11
#0870-d242 @A: 01 14 10 33 | 05
#0871-d242 @A: 15 11 10 14 | 02
#0872-d242 @A: 14 13 19 03 | 04
#0873-d242 @A: 22 32 14 03 | 10
#0874-d242 @A: 05 11 29 07 | 12
#0875-d242 @A: 19 05 15 06 | 09
#0876-d242 @A: 09 17 24 05 | 08
#0877-d242 @A: 05 01 17 33 | 03
#0878-d242 @A: 33 03 05 23 | 06
#0879-d242 @A: 11 04 05 10 | 01
#0880-d242 @A: 05 35 30 32 | 07
#0881-d242 @A: 35 11 31 05 | 11
#0882-d242 @A: 16 08 05 22 | 05
#0883-d242 @A: 28 04 05 26 | 02
#0884-d242 @A: 26 05 32 03 | 04
#0885-d242 @A: 17 12 02 31 | 10
#0886-d242 @A: 35 23 07 12 | 12
#0887-d242 @A: 32 07 12 21 | 09
#0888-d242 @A: 32 12 24 23 | 08
#0889-d242 @A: 26 23 21 12 | 03
#0890-d242 @A: 11 30 12 35 | 06
#0891-d242 @A: 31 12 13 09 | 01
#0892-d242 @A: 32 12 28 22 | 07
#0893-d242 @A: 15 29 02 30 | 11
#0894-d242 @A: 17 04 06 29 | 05
#0895-d242 @A: 13 06 29 10 | 02
#0896-d242 @A: 34 06 33 29 | 04
#0897-d242 @A: 07 24 18 29 | 10
#0898-d242 @A: 28 29 32 07 | 12
#0899-d242 @A: 32 15 24 29 | 09
#0900-d242 @A: 21 24 31 29 | 08
#0901-d242 @A: 29 33 24 35 | 03
#0902-d242 @A: 29 03 24 16 | 06
#0903-d242 @A: 33 29 28 23 | 01
#0904-d242 @A: 29 15 19 34 | 07
#0905-d242 @A: 29 11 13 01 | 11
#0906-d242 @A: 13 29 22 21 | 05
#0907-d242 @A: 13 29 03 21 | 02
#0908-d242 @A: 11 29 35 32 | 04
#0909-d242 @A: 29 32 09 16 | 10
#0910-d242 @A: 04 29 31 13 | 12
#0911-d242 @A: 06 18 17 02 | 09
#0912-d242 @A: 04 02 06 01 | 08
#0913-d242 @A: 32 02 27 07 | 03
#0914-d242 @A: 02 24 10 31 | 06
#0915-d242 @A: 30 24 02 34 | 01
#0916-d242 @A: 08 23 02 35 | 07
#0917-d242 @A: 02 03 34 21 | 11
#0918-d242 @A: 04 16 02 18 | 05
#0919-d242 @A: 11 02 13 22 | 02
#0920-d242 @A: 04 03 26 02 | 04
#0921-d242 @A: 06 07 24 22 | 10
#0922-d242 @A: 06 31 01 07 | 12
#0923-d242 @A: 15 06 16 24 | 09
#0924-d242 @A: 06 17 19 10 | 08
#0925-d242 @A: 28 17 15 06 | 03
#0926-d242 @A: 28 23 35 06 | 06
#0927-d242 @A: 10 30 09 06 | 01
#0928-d242 @A: 06 03 22 34 | 07
#0929-d242 @A: 22 06 35 31 | 11
#0930-d242 @A: 30 11 06 22 | 05
#0931-d242 @A: 34 08 24 07 | 02
#0932-d242 @A: 24 07 21 16 | 04
#0933-d242 @A: 11 07 31 24 | 10
#0934-d242 @A: 11 07 17 34 | 12
#0935-d242 @A: 07 03 19 17 | 09
#0936-d242 @A: 34 18 23 07 | 08
#0937-d242 @A: 13 27 03 07 | 03
#0938-d242 @A: 09 26 07 30 | 06
#0939-d242 @A: 11 07 09 13 | 01
#0940-d242 @A: 28 26 07 22 | 07
#0941-d242 @A: 27 32 24 17 | 11
#0942-d242 @A: 17 21 22 24 | 05
#0943-d242 @A: 15 24 10 09 | 02
#0944-d242 @A: 35 19 10 24 | 04
#0945-d242 @A: 24 16 34 13 | 10
#0946-d242 @A: 15 19 24 01 | 12
#0947-d242 @A: 09 03 35 24 | 09
#0948-d242 @A: 24 13 30 11 | 08
#0949-d242 @A: 24 13 19 04 | 03
#0950-d242 @A: 22 13 24 18 | 06
#0951-d242 @A: 24 04 32 11 | 01
#0952-d242 @A: 24 26 31 04 | 07
#0953-d242 @A: 10 27 26 17 | 11
#0954-d242 @A: 27 15 35 17 | 05
#0955-d242 @A: 17 08 13 27 | 02
#0956-d242 @A: 17 28 19 35 | 04
#0957-d242 @A: 09 26 28 17 | 10
#0958-d242 @A: 26 17 22 04 | 12
#0959-d242 @A: 17 11 28 31 | 09
#0960-d242 @A: 18 23 27 09 | 08
#0961-d242 @A: 18 23 03 27 | 03
#0962-d242 @A: 01 21 23 33 | 06
#0963-d242 @A: 11 23 09 32 | 01
#0964-d242 @A: 03 23 11 31 | 07
#0965-d242 @A: 03 27 01 21 | 11
#0966-d242 @A: 18 31 27 08 | 05
#0967-d242 @A: 27 19 22 31 | 02
#0968-d242 @A: 26 27 03 11 | 04
#0969-d242 @A: 30 03 10 08 | 10
#0970-d242 @A: 33 10 28 30 | 12
#0971-d242 @A: 10 33 09 11 | 09
#0972-d242 @A: 26 04 10 33 | 08
#0973-d242 @A: 22 11 26 10 | 03
#0974-d242 @A: 31 19 18 10 | 06
#0975-d242 @A: 09 16 34 26 | 01
#0976-d242 @A: 01 11 15 32 | 07
#0977-d242 @A: 01 13 18 30 | 11
#0978-d242 @A: 22 30 04 01 | 05
#0979-d242 @A: 18 16 31 15 | 02
#0980-d242 @A: 19 08 15 09 | 04
#0981-d242 @A: 21 32 35 28 | 10
#0982-d242 @A: 21 26 31 35 | 12
#0983-d242 @A: 33 28 21 16 | 09
#0984-d242 @A: 18 13 03 04 | 08
#0985-d242 @A: 28 22 18 03 | 03
#0986-d242 @A: 22 24 25 20 | 06
#0987-d242 @A: 05 14 16 20 | 01
#0988-d242 @A: 20 14 33 29 | 07
#0989-d242 @A: 20 23 14 08 | 11
#0990-d242 @A: 08 06 20 05 | 05
#0991-d242 @A: 05 20 23 33 | 02
#0992-d242 @A: 08 29 20 19 | 04
#0993-d242 @A: 17 35 20 02 | 10
#0994-d242 @A: 20 03 02 23 | 12
#0995-d242 @A: 07 01 20 23 | 09
#0996-d242 @A: 35 22 20 07 | 08
#0997-d242 @A: 20 07 30 04 | 03
#0998-d242 @A: 34 28 20 23 | 06
#0999-d242 @A: 20 26 13 23 | 01
#1000-d242 @A: 20 19 01 28 | 07
#1001-d242 @A: 33 35 08 20 | 11
#1002-d242 @A: 19 35 20 32 | 05
#1003-d242 @A: 09 18 20 11 | 02
#1004-d242 @A: 25 14 19 01 | 04
#1005-d242 @A: 14 15 25 32 | 10
#1006-d242 @A: 33 25 23 12 | 12
#1007-d242 @A: 25 06 07 09 | 09
#1008-d242 @A: 23 24 08 25 | 08
#1009-d242 @A: 24 25 32 26 | 03
#1010-d242 @A: 11 25 23 01 | 06
#1011-d242 @A: 34 03 26 25 | 01
#1012-d242 @A: 13 25 16 22 | 07
#1013-d242 @A: 16 26 25 04 | 11
#1014-d242 @A: 25 19 31 04 | 05
#1015-d242 @A: 25 22 31 18 | 02
#1016-d242 @A: 05 12 14 10 | 04
#1017-d242 @A: 05 03 24 14 | 10
#1018-d242 @A: 06 14 29 03 | 12
#1019-d242 @A: 29 14 04 07 | 09
#1020-d242 @A: 29 14 23 27 | 08
#1021-d242 @A: 29 14 34 11 | 03
#1022-d242 @A: 14 26 02 11 | 06
#1023-d242 @A: 34 06 14 10 | 01
#1024-d242 @A: 19 21 14 10 | 07
#1025-d242 @A: 08 11 14 32 | 11
#1026-d242 @A: 33 30 26 14 | 05
#1027-d242 @A: 32 09 14 33 | 02
#1028-d242 @A: 14 13 26 18 | 04
#1029-d242 @A: 12 05 35 17 | 10
#1030-d242 @A: 31 23 12 05 | 12
#1031-d242 @A: 29 01 05 32 | 09
#1032-d242 @A: 05 02 24 13 | 08
#1033-d242 @A: 05 02 04 27 | 03
#1034-d242 @A: 05 10 02 30 | 06
#1035-d242 @A: 02 05 01 03 | 01
#1036-d242 @A: 27 06 33 05 | 07
#1037-d242 @A: 13 07 23 05 | 11
#1038-d242 @A: 07 09 05 28 | 05
#1039-d242 @A: 05 17 32 34 | 02
#1040-d242 @A: 23 05 08 27 | 04
#1041-d242 @A: 27 05 16 13 | 10
#1042-d242 @A: 05 21 34 16 | 12
#1043-d242 @A: 28 05 15 01 | 09
#1044-d242 @A: 16 05 32 28 | 08
#1045-d242 @A: 04 08 05 31 | 03
#1046-d242 @A: 28 30 05 11 | 06
#1047-d242 @A: 02 09 03 12 | 01
#1048-d242 @A: 01 13 06 12 | 07
#1049-d242 @A: 15 12 06 31 | 11
#1050-d242 @A: 28 11 06 12 | 05
#1051-d242 @A: 24 10 12 28 | 02
#1052-d242 @A: 12 17 28 27 | 04
#1053-d242 @A: 01 12 26 17 | 10
#1054-d242 @A: 23 12 01 10 | 12
#1055-d242 @A: 16 12 11 31 | 09
#1056-d242 @A: 26 12 33 08 | 08
#1057-d242 @A: 04 26 30 12 | 03
#1058-d242 @A: 18 26 12 28 | 06
#1059-d242 @A: 09 29 27 06 | 01
#1060-d242 @A: 07 34 09 29 | 07
#1061-d242 @A: 29 16 07 26 | 11
#1062-d242 @A: 10 21 29 32 | 05
#1063-d242 @A: 08 29 13 18 | 02
#1064-d242 @A: 28 26 29 13 | 04
#1065-d242 @A: 03 29 09 32 | 10
#1066-d242 @A: 02 28 34 06 | 12
#1067-d242 @A: 02 33 11 06 | 09
#1068-d242 @A: 34 07 02 35 | 08
#1069-d242 @A: 09 24 02 27 | 03
#1070-d242 @A: 16 17 02 10 | 06
#1071-d242 @A: 23 02 01 09 | 01
#1072-d242 @A: 16 21 23 02 | 07
#1073-d242 @A: 02 33 22 31 | 11
#1074-d242 @A: 23 06 08 10 | 05
#1075-d242 @A: 16 06 13 33 | 02
#1076-d242 @A: 13 06 31 32 | 04
#1077-d242 @A: 28 06 19 09 | 10
#1078-d242 @A: 10 30 11 07 | 12
#1079-d242 @A: 15 35 07 01 | 09
#1080-d242 @A: 35 07 33 28 | 08
#1081-d242 @A: 08 07 09 18 | 03
#1082-d242 @A: 26 07 18 19 | 06
#1083-d242 @A: 35 24 23 21 | 01
#1084-d242 @A: 10 24 34 18 | 07
#1085-d242 @A: 11 24 10 16 | 11
#1086-d242 @A: 28 26 24 30 | 05
#1087-d242 @A: 09 27 17 03 | 02
#1088-d242 @A: 13 04 10 17 | 04
#1089-d242 @A: 11 13 35 17 | 10
#1090-d242 @A: 09 33 17 08 | 12
#1091-d242 @A: 30 31 17 19 | 09
#1092-d242 @A: 04 17 11 18 | 08
#1093-d242 @A: 27 34 30 23 | 03
#1094-d242 @A: 23 31 09 34 | 06
#1095-d242 @A: 23 16 30 08 | 01
#1096-d242 @A: 18 16 23 33 | 07
#1097-d242 @A: 04 09 23 22 | 11
#1098-d242 @A: 27 34 21 04 | 05
#1099-d242 @A: 27 08 35 34 | 02
#1100-d242 @A: 22 27 04 35 | 04
#1101-d242 @A: 27 22 30 08 | 10
#1102-d242 @A: 08 27 28 26 | 12
#1103-d242 @A: 09 27 22 33 | 09
#1104-d242 @A: 10 35 28 22 | 08
#1105-d242 @A: 10 16 31 33 | 03
#1106-d242 @A: 09 33 34 18 | 06
#1107-d242 @A: 30 09 22 34 | 01
#1108-d242 @A: 01 30 11 03 | 07
#1109-d242 @A: 26 01 31 13 | 11
#1110-d242 @A: 32 01 18 04 | 05
#1111-d242 @A: 32 18 03 01 | 02
#1112-d242 @A: 32 31 28 01 | 04
#1113-d242 @A: 26 21 28 15 | 10
#1114-d242 @A: 03 35 16 15 | 12
#1115-d242 @A: 26 16 15 11 | 09
#1116-d242 @A: 13 04 15 33 | 08
#1117-d242 @A: 15 31 09 22 | 03
#1118-d242 @A: 11 18 19 15 | 06
#1119-d242 @A: 30 21 19 35 | 01
#1120-d242 @A: 21 03 35 32 | 07
#1121-d242 @A: 21 31 09 33 | 11
#1122-d242 @A: 28 21 30 13 | 05
#1123-d242 @A: 21 19 03 04 | 02
#1124-d242 @A: 18 28 21 19 | 04
#1125-d242 @A: 33 08 32 03 | 10
#1126-d242 @A: 25 07 29 20 | 12
#1127-d242 @A: 17 27 20 14 | 09
#1128-d242 @A: 10 35 20 05 | 08
#1129-d242 @A: 05 20 22 03 | 03
#1130-d242 @A: 20 01 02 29 | 06
#1131-d242 @A: 02 11 20 27 | 01
#1132-d242 @A: 13 10 02 20 | 07
#1133-d242 @A: 07 20 31 18 | 11
#1134-d242 @A: 17 20 24 34 | 05
#1135-d242 @A: 24 20 01 18 | 02
#1136-d242 @A: 20 27 23 32 | 04
#1137-d242 @A: 20 27 22 34 | 10
#1138-d242 @A: 15 20 27 13 | 12
#1139-d242 @A: 18 19 20 27 | 09
#1140-d242 @A: 32 10 01 20 | 08
#1141-d242 @A: 34 03 20 15 | 03
#1142-d242 @A: 20 16 30 28 | 06
#1143-d242 @A: 20 03 31 08 | 01
#1144-d242 @A: 30 33 20 32 | 07
#1145-d242 @A: 31 09 20 28 | 11
#1146-d242 @A: 25 05 04 22 | 05
#1147-d242 @A: 34 25 18 12 | 02
#1148-d242 @A: 03 25 11 12 | 04
#1149-d242 @A: 11 06 25 29 | 10
#1150-d242 @A: 02 25 03 35 | 12
#1151-d242 @A: 06 26 17 25 | 09
#1152-d242 @A: 07 16 25 17 | 08
#1153-d242 @A: 18 17 25 24 | 03
#1154-d242 @A: 21 28 24 25 | 06
#1155-d242 @A: 04 25 28 23 | 01
#1156-d242 @A: 15 27 25 18 | 07
#1157-d242 @A: 10 15 25 22 | 11
#1158-d242 @A: 16 25 21 09 | 05
#1159-d242 @A: 09 11 26 25 | 02
#1160-d242 @A: 14 17 11 12 | 04
#1161-d242 @A: 12 23 14 19 | 10
#1162-d242 @A: 29 14 35 21 | 12
#1163-d242 @A: 06 14 18 24 | 09
#1164-d242 @A: 06 14 16 32 | 08
#1165-d242 @A: 07 35 14 17 | 03
#1166-d242 @A: 24 23 28 14 | 06
#1167-d242 @A: 17 14 35 03 | 01
#1168-d242 @A: 23 21 14 13 | 07
#1169-d242 @A: 28 14 23 03 | 11
#1170-d242 @A: 11 14 27 22 | 05
#1171-d242 @A: 04 33 14 31 | 02
#1172-d242 @A: 09 05 10 29 | 04
#1173-d242 @A: 08 05 34 29 | 10
#1174-d242 @A: 05 06 11 16 | 12
#1175-d242 @A: 07 16 31 05 | 09
#1176-d242 @A: 13 28 17 05 | 08
#1177-d242 @A: 35 23 01 05 | 03
#1178-d242 @A: 15 13 05 34 | 06
#1179-d242 @A: 05 19 30 22 | 01
#1180-d242 @A: 31 30 18 05 | 07
#1181-d242 @A: 22 06 12 29 | 11
#1182-d242 @A: 12 17 29 33 | 05
#1183-d242 @A: 12 08 19 06 | 02
#1184-d242 @A: 07 12 15 26 | 04
#1185-d242 @A: 26 12 09 27 | 10
#1186-d242 @A: 12 15 35 10 | 12
#1187-d242 @A: 31 34 12 01 | 09
#1188-d242 @A: 19 12 34 13 | 08
#1189-d242 @A: 28 12 04 31 | 03
#1190-d242 @A: 06 07 08 29 | 06
#1191-d242 @A: 10 30 29 27 | 01
#1192-d242 @A: 03 35 22 29 | 07
#1193-d242 @A: 26 29 22 33 | 11
#1194-d242 @A: 19 28 29 30 | 05
#1195-d242 @A: 02 06 24 26 | 02
#1196-d242 @A: 02 10 32 06 | 04
#1197-d242 @A: 17 24 04 02 | 10
#1198-d242 @A: 26 17 08 02 | 12
#1199-d242 @A: 28 02 17 33 | 09
#1200-d242 @A: 32 08 02 33 | 08
#1201-d242 @A: 33 09 26 02 | 03
#1202-d242 @A: 06 04 34 24 | 06
#1203-d242 @A: 19 06 35 27 | 01
#1204-d242 @A: 11 10 01 06 | 07
#1205-d242 @A: 31 21 06 10 | 11
#1206-d242 @A: 19 06 21 01 | 05
#1207-d242 @A: 03 21 28 06 | 02
#1208-d242 @A: 31 06 11 09 | 04
#1209-d242 @A: 24 01 32 07 | 10
#1210-d242 @A: 17 15 07 04 | 12
#1211-d242 @A: 07 17 33 31 | 09
#1212-d242 @A: 21 07 10 09 | 08
#1213-d242 @A: 07 04 01 09 | 03
#1214-d242 @A: 22 07 08 33 | 06
#1215-d242 @A: 30 13 32 07 | 01
#1216-d242 @A: 04 03 01 24 | 07
#1217-d242 @A: 08 18 24 15 | 11
#1218-d242 @A: 16 08 24 35 | 05
#1219-d242 @A: 24 22 33 04 | 02
#1220-d242 @A: 23 27 17 16 | 04
#1221-d242 @A: 30 01 34 17 | 10
#1222-d242 @A: 22 31 01 17 | 12
#1223-d242 @A: 35 22 17 09 | 09
#1224-d242 @A: 17 11 22 08 | 08
#1225-d242 @A: 17 33 32 26 | 03
#1226-d242 @A: 27 19 23 10 | 06
#1227-d242 @A: 13 27 23 01 | 01
#1228-d242 @A: 22 01 34 23 | 07
#1229-d242 @A: 28 01 30 23 | 11
#1230-d242 @A: 21 32 19 23 | 05
#1231-d242 @A: 31 04 23 16 | 02
#1232-d242 @A: 23 31 22 11 | 04
#1233-d242 @A: 28 18 27 16 | 10
#1234-d242 @A: 18 27 33 30 | 12
#1235-d242 @A: 28 33 19 27 | 09
#1236-d242 @A: 09 32 31 27 | 08
#1237-d242 @A: 15 34 21 10 | 03
#1238-d242 @A: 10 16 30 35 | 06
#1239-d242 @A: 10 31 13 22 | 01
#1240-d242 @A: 13 31 03 10 | 07
#1241-d242 @A: 09 21 34 01 | 11
#1242-d242 @A: 34 19 16 28 | 05
#1243-d242 @A: 03 11 16 34 | 02
#1244-d242 @A: 08 13 34 32 | 04
#1245-d242 @A: 08 34 04 19 | 10
#1246-d242 @A: 22 33 13 34 | 12
#1247-d242 @A: 34 33 28 03 | 09
#1248-d242 @A: 18 04 31 34 | 08
#1249-d242 @A: 26 01 16 18 | 03
#1250-d242 @A: 15 04 21 31 | 06
#1251-d242 @A: 21 16 26 30 | 01
#1252-d242 @A: 18 16 22 21 | 07
#1253-d242 @A: 11 04 30 21 | 11
#1254-d242 @A: 21 31 18 13 | 05
#1255-d242 @A: 22 04 21 28 | 02
#1256-d242 @A: 11 21 18 26 | 04
#1257-d242 @A: 03 26 35 18 | 10
#1258-d242 @A: 31 03 09 16 | 12
#1259-d242 @A: 12 22 14 20 | 09
#1260-d242 @A: 14 24 20 30 | 08
#1261-d242 @A: 20 12 05 32 | 03
#1262-d242 @A: 01 30 12 20 | 06
#1263-d242 @A: 20 13 17 29 | 01
#1264-d242 @A: 02 20 31 15 | 07
#1265-d242 @A: 20 06 24 35 | 11
#1266-d242 @A: 06 32 20 15 | 05
#1267-d242 @A: 20 15 24 28 | 02
#1268-d242 @A: 17 21 20 30 | 04
#1269-d242 @A: 03 21 20 17 | 10
#1270-d242 @A: 01 27 33 20 | 12
#1271-d242 @A: 13 35 09 20 | 09
#1272-d242 @A: 18 16 08 20 | 08
#1273-d242 @A: 24 14 04 25 | 03
#1274-d242 @A: 02 25 08 27 | 06
#1275-d242 @A: 25 23 16 19 | 01
#1276-d242 @A: 27 01 09 25 | 07
#1277-d242 @A: 08 34 22 25 | 11
#1278-d242 @A: 01 25 15 30 | 05
#1279-d242 @A: 35 25 04 13 | 02
#1280-d242 @A: 22 25 11 35 | 04
#1281-d242 @A: 11 25 16 32 | 10
#1282-d242 @A: 09 30 25 33 | 12
#1283-d242 @A: 01 14 05 30 | 09
#1284-d242 @A: 14 02 32 12 | 08
#1285-d242 @A: 12 14 06 30 | 03
#1286-d242 @A: 07 14 13 12 | 06
#1287-d242 @A: 14 32 30 29 | 01
#1288-d242 @A: 15 02 14 19 | 07
#1289-d242 @A: 14 31 06 17 | 11
#1290-d242 @A: 17 14 16 30 | 05
#1291-d242 @A: 23 26 14 10 | 02
#1292-d242 @A: 15 04 14 23 | 04
#1293-d242 @A: 26 27 14 34 | 10
#1294-d242 @A: 22 14 30 10 | 12
#1295-d242 @A: 14 31 03 01 | 09
#1296-d242 @A: 14 09 31 16 | 08
#1297-d242 @A: 08 14 09 13 | 03
#1298-d242 @A: 14 04 22 13 | 06
#1299-d242 @A: 12 05 28 19 | 01
#1300-d242 @A: 05 29 06 31 | 07
#1301-d242 @A: 30 29 05 03 | 11
#1302-d242 @A: 07 02 05 06 | 05
#1303-d242 @A: 01 05 02 16 | 02
#1304-d242 @A: 35 05 15 02 | 04
#1305-d242 @A: 07 05 22 10 | 10
#1306-d242 @A: 05 01 07 08 | 12
#1307-d242 @A: 24 31 05 32 | 09
#1308-d242 @A: 23 17 05 04 | 08
#1309-d242 @A: 21 05 23 28 | 03
#1310-d242 @A: 27 19 05 09 | 06
#1311-d242 @A: 22 02 04 12 | 01
#1312-d242 @A: 12 23 22 17 | 07
#1313-d242 @A: 12 15 23 11 | 11
#1314-d242 @A: 11 19 10 12 | 05
#1315-d242 @A: 30 12 22 13 | 02
#1316-d242 @A: 16 02 06 29 | 04
#1317-d242 @A: 22 29 27 02 | 10
#1318-d242 @A: 06 26 01 29 | 12
#1319-d242 @A: 29 07 35 27 | 09
#1320-d242 @A: 29 17 15 11 | 08
#1321-d242 @A: 08 30 29 01 | 03
#1322-d242 @A: 35 19 29 22 | 06
#1323-d242 @A: 29 30 16 22 | 01
#1324-d242 @A: 08 29 26 32 | 07
#1325-d242 @A: 09 31 30 29 | 11
#1326-d242 @A: 07 02 26 31 | 05
#1327-d242 @A: 24 23 02 18 | 02
#1328-d242 @A: 24 01 02 08 | 04
#1329-d242 @A: 33 21 02 24 | 10
#1330-d242 @A: 17 02 03 30 | 12
#1331-d242 @A: 27 15 26 02 | 09
#1332-d242 @A: 10 19 33 02 | 08
#1333-d242 @A: 11 03 10 02 | 03
#1334-d242 @A: 16 32 13 02 | 06
#1335-d242 @A: 02 22 16 26 | 01
#1336-d242 @A: 30 02 18 09 | 07
#1337-d242 @A: 18 13 28 02 | 11
#1338-d242 @A: 23 06 04 07 | 05
#1339-d242 @A: 07 21 06 28 | 02
#1340-d242 @A: 33 09 24 06 | 04
#1341-d242 @A: 06 03 19 24 | 10
#1342-d242 @A: 34 22 17 06 | 12
#1343-d242 @A: 30 08 06 18 | 09
#1344-d242 @A: 18 08 03 06 | 08
#1345-d242 @A: 18 06 19 13 | 03
#1346-d242 @A: 32 11 18 06 | 06
#1347-d242 @A: 17 24 07 10 | 01
#1348-d242 @A: 07 34 26 01 | 07
#1349-d242 @A: 21 31 34 07 | 11
#1350-d242 @A: 03 21 18 07 | 05
#1351-d242 @A: 16 03 07 08 | 02
#1352-d242 @A: 04 08 07 13 | 04
#1353-d242 @A: 28 13 07 31 | 10
#1354-d242 @A: 19 31 09 07 | 12
#1355-d242 @A: 22 32 11 07 | 09
#1356-d242 @A: 24 26 17 15 | 08
#1357-d242 @A: 01 26 21 24 | 03
#1358-d242 @A: 21 04 24 18 | 06
#1359-d242 @A: 16 24 19 18 | 01
#1360-d242 @A: 24 32 13 33 | 07
#1361-d242 @A: 18 35 23 17 | 11
#1362-d242 @A: 27 01 17 19 | 05
#1363-d242 @A: 15 17 18 01 | 02
#1364-d242 @A: 22 28 17 30 | 04
#1365-d242 @A: 10 35 33 23 | 10
#1366-d242 @A: 35 23 34 15 | 12
#1367-d242 @A: 23 01 18 31 | 09
#1368-d242 @A: 19 35 23 11 | 08
#1369-d242 @A: 11 23 13 16 | 03
#1370-d242 @A: 23 33 26 11 | 06
#1371-d242 @A: 23 19 18 30 | 01
#1372-d242 @A: 27 01 11 34 | 07
#1373-d242 @A: 30 11 27 16 | 11
#1374-d242 @A: 04 16 19 27 | 05
#1375-d242 @A: 27 08 22 03 | 02
#1376-d242 @A: 10 08 28 21 | 04
#1377-d242 @A: 35 31 10 09 | 10
#1378-d242 @A: 16 19 26 10 | 12
#1379-d242 @A: 32 04 22 34 | 09
#1380-d242 @A: 04 35 26 01 | 08
#1381-d242 @A: 01 08 09 03 | 03
#1382-d242 @A: 21 09 15 32 | 06
#1383-d242 @A: 30 26 22 15 | 01
#1384-d242 @A: 26 21 09 22 | 07
#1385-d242 @A: 16 26 19 03 | 11
#1386-d242 @A: 09 04 30 03 | 05
#1387-d242 @A: 11 18 03 09 | 02
#1388-d242 @A: 20 28 25 12 | 04
#1389-d242 @A: 02 16 25 20 | 10
#1390-d242 @A: 17 23 25 20 | 12
#1391-d242 @A: 25 20 13 33 | 09
#1392-d242 @A: 21 31 20 14 | 08
#1393-d242 @A: 20 22 05 02 | 03
#1394-d242 @A: 07 11 20 12 | 06
#1395-d242 @A: 26 20 34 29 | 01
#1396-d242 @A: 20 06 17 09 | 07
#1397-d242 @A: 06 20 21 33 | 11
#1398-d242 @A: 30 03 20 06 | 05
#1399-d242 @A: 27 09 20 10 | 02
#1400-d242 @A: 01 16 34 20 | 04
#1401-d242 @A: 34 09 20 08 | 10
#1402-d242 @A: 33 20 03 18 | 12
#1403-d242 @A: 03 20 32 11 | 09
#1404-d242 @A: 29 25 14 22 | 08
#1405-d242 @A: 25 30 14 27 | 03
#1406-d242 @A: 25 34 14 09 | 06
#1407-d242 @A: 14 03 18 25 | 01
#1408-d242 @A: 25 29 27 05 | 07
#1409-d242 @A: 19 25 12 29 | 11
#1410-d242 @A: 25 06 08 15 | 05
#1411-d242 @A: 24 28 03 25 | 02
#1412-d242 @A: 03 25 08 17 | 04
#1413-d242 @A: 17 13 31 25 | 10
#1414-d242 @A: 27 25 35 23 | 12
#1415-d242 @A: 15 25 11 34 | 09
#1416-d242 @A: 25 34 21 30 | 08
#1417-d242 @A: 32 33 25 28 | 03
#1418-d242 @A: 27 14 05 31 | 06
#1419-d242 @A: 01 14 12 28 | 01
#1420-d242 @A: 14 18 15 12 | 07
#1421-d242 @A: 14 12 33 21 | 11
#1422-d242 @A: 08 29 02 14 | 05
#1423-d242 @A: 02 16 03 14 | 02
#1424-d242 @A: 21 22 06 14 | 04
#1425-d242 @A: 24 07 09 14 | 10
#1426-d242 @A: 34 03 07 14 | 12
#1427-d242 @A: 15 07 30 14 | 09
#1428-d242 @A: 18 17 34 14 | 08
#1429-d242 @A: 15 17 14 22 | 03
#1430-d242 @A: 21 14 03 10 | 06
#1431-d242 @A: 34 32 01 14 | 01
#1432-d242 @A: 19 35 33 14 | 07
#1433-d242 @A: 35 30 14 13 | 11
#1434-d242 @A: 14 19 16 08 | 05
#1435-d242 @A: 18 14 30 04 | 02
#1436-d242 @A: 14 26 28 31 | 04
#1437-d242 @A: 34 12 03 05 | 10
#1438-d242 @A: 29 26 24 05 | 12
#1439-d242 @A: 29 23 16 05 | 09
#1440-d242 @A: 15 29 05 04 | 08
#1441-d242 @A: 19 05 18 02 | 03
#1442-d242 @A: 05 28 10 06 | 06
#1443-d242 @A: 05 34 30 07 | 01
#1444-d242 @A: 19 05 24 23 | 07
#1445-d242 @A: 01 04 05 24 | 11
#1446-d242 @A: 01 34 19 05 | 05
#1447-d242 @A: 09 05 30 16 | 02
#1448-d242 @A: 13 05 09 33 | 04
#1449-d242 @A: 05 13 04 30 | 10
#1450-d242 @A: 22 26 05 13 | 12
#1451-d242 @A: 03 09 19 05 | 09
#1452-d242 @A: 29 34 12 23 | 08
#1453-d242 @A: 09 12 02 06 | 03
#1454-d242 @A: 12 02 16 24 | 06
#1455-d242 @A: 12 07 28 03 | 01
#1456-d242 @A: 19 17 24 12 | 07
#1457-d242 @A: 22 11 24 12 | 11
#1458-d242 @A: 32 08 12 27 | 05
#1459-d242 @A: 32 16 12 18 | 02
#1460-d242 @A: 31 12 33 18 | 04
#1461-d242 @A: 02 29 07 03 | 10
#1462-d242 @A: 04 29 02 35 | 12
#1463-d242 @A: 15 06 29 35 | 09
#1464-d242 @A: 24 30 29 17 | 08
#1465-d242 @A: 29 17 34 28 | 03
#1466-d242 @A: 35 26 29 17 | 06
#1467-d242 @A: 19 01 29 23 | 01
#1468-d242 @A: 27 13 34 29 | 07
#1469-d242 @A: 11 19 16 29 | 11
#1470-d242 @A: 09 33 29 19 | 05
#1471-d242 @A: 18 11 29 30 | 02
#1472-d242 @A: 26 31 11 29 | 04
#1473-d242 @A: 23 06 31 02 | 10
#1474-d242 @A: 15 07 02 08 | 12
#1475-d242 @A: 21 18 02 07 | 09
#1476-d242 @A: 22 02 10 23 | 08
#1477-d242 @A: 02 27 34 16 | 03
#1478-d242 @A: 01 22 28 02 | 06
#1479-d242 @A: 22 32 02 35 | 01
#1480-d242 @A: 31 09 04 02 | 07
#1481-d242 @A: 24 06 23 13 | 11
#1482-d242 @A: 17 06 27 11 | 05
#1483-d242 @A: 15 27 06 03 | 02
#1484-d242 @A: 04 06 31 27 | 04
#1485-d242 @A: 09 01 08 06 | 10
#1486-d242 @A: 06 35 11 26 | 12
#1487-d242 @A: 23 07 10 16 | 09
#1488-d242 @A: 15 28 07 23 | 08
#1489-d242 @A: 30 27 07 01 | 03
#1490-d242 @A: 15 10 18 07 | 06
#1491-d242 @A: 07 15 22 13 | 01
#1492-d242 @A: 22 21 07 19 | 07
#1493-d242 @A: 08 07 32 31 | 11
#1494-d242 @A: 19 07 33 30 | 05
#1495-d242 @A: 33 26 13 07 | 02
#1496-d242 @A: 07 22 31 30 | 04
#1497-d242 @A: 23 03 34 24 | 10
#1498-d242 @A: 34 24 22 15 | 12
#1499-d242 @A: 24 26 21 03 | 09
#1500-d242 @A: 18 24 33 26 | 08
#1501-d242 @A: 17 10 35 21 | 03
#1502-d242 @A: 10 17 04 03 | 06
#1503-d242 @A: 34 01 17 03 | 01
#1504-d242 @A: 18 08 19 17 | 07
#1505-d242 @A: 08 28 32 17 | 11
#1506-d242 @A: 33 19 17 04 | 05
#1507-d242 @A: 23 10 21 18 | 02
#1508-d242 @A: 23 19 03 10 | 04
#1509-d242 @A: 11 27 18 10 | 10
#1510-d242 @A: 08 27 19 11 | 12
#1511-d242 @A: 27 09 30 13 | 09
#1512-d242 @A: 27 19 32 30 | 08
#1513-d242 @A: 13 27 11 31 | 03
#1514-d242 @A: 18 04 27 26 | 06
#1515-d242 @A: 11 27 32 28 | 01
#1516-d242 @A: 35 10 34 01 | 07
#1517-d242 @A: 32 34 10 16 | 11
#1518-d242 @A: 22 34 26 35 | 05
#1519-d242 @A: 16 04 30 34 | 02
#1520-d242 @A: 33 04 34 28 | 04
#1521-d242 @A: 04 34 09 13 | 10
#1522-d242 @A: 18 19 34 22 | 12
#1523-d242 @A: 16 22 35 01 | 09
#1524-d242 @A: 01 08 35 28 | 08
#1525-d242 @A: 11 33 30 01 | 03
#1526-d242 @A: 09 13 22 01 | 06
#1527-d242 @A: 19 15 16 21 | 01
#1528-d242 @A: 21 08 15 33 | 07
#1529-d242 @A: 18 28 35 15 | 11
#1530-d242 @A: 15 04 16 08 | 05
#1531-d242 @A: 16 33 15 32 | 02
#1532-d242 @A: 21 31 16 32 | 04
#1533-d242 @A: 04 22 03 33 | 10
#1534-d242 @A: 25 20 04 06 | 12
#1535-d242 @A: 19 34 20 25 | 09
#1536-d242 @A: 18 20 25 21 | 08
#1537-d242 @A: 14 26 20 32 | 03
#1538-d242 @A: 20 15 18 05 | 06
#1539-d242 @A: 20 29 09 12 | 01
#1540-d242 @A: 10 20 29 28 | 07
#1541-d242 @A: 16 20 06 10 | 11
#1542-d242 @A: 16 20 07 27 | 05
#1543-d242 @A: 24 04 20 23 | 02
#1544-d242 @A: 20 08 27 24 | 04
#1545-d242 @A: 17 31 08 20 | 10
#1546-d242 @A: 10 20 21 04 | 12
#1547-d242 @A: 21 20 01 08 | 09
#1548-d242 @A: 20 33 26 16 | 08
#1549-d242 @A: 20 09 13 03 | 03
#1550-d242 @A: 20 32 11 13 | 06
#1551-d242 @A: 20 31 19 26 | 01
#1552-d242 @A: 25 17 14 28 | 07
#1553-d242 @A: 25 14 10 13 | 11
#1554-d242 @A: 25 26 05 12 | 05
#1555-d242 @A: 32 25 05 02 | 02
#1556-d242 @A: 25 05 23 30 | 04
#1557-d242 @A: 05 25 15 31 | 10
#1558-d242 @A: 12 13 02 25 | 12
#1559-d242 @A: 25 27 12 11 | 09
#1560-d242 @A: 02 25 09 29 | 08
#1561-d242 @A: 03 29 15 25 | 03
#1562-d242 @A: 25 07 22 01 | 06
#1563-d242 @A: 35 25 21 07 | 01
#1564-d242 @A: 24 25 01 10 | 07
#1565-d242 @A: 15 24 13 25 | 11
#1566-d242 @A: 34 25 32 23 | 05
#1567-d242 @A: 21 32 27 25 | 02
#1568-d242 @A: 25 22 26 27 | 04
#1569-d242 @A: 03 10 33 25 | 10
#1570-d242 @A: 01 13 34 25 | 12
#1571-d242 @A: 32 25 35 31 | 09
#1572-d242 @A: 18 16 30 25 | 08
#1573-d242 @A: 21 15 05 14 | 03
#1574-d242 @A: 12 14 31 29 | 06
#1575-d242 @A: 29 14 06 28 | 01
#1576-d242 @A: 07 02 14 16 | 07
#1577-d242 @A: 35 14 02 01 | 11
#1578-d242 @A: 22 14 34 07 | 05
#1579-d242 @A: 15 24 35 14 | 02
#1580-d242 @A: 14 26 24 16 | 04
#1581-d242 @A: 14 31 23 35 | 10
#1582-d242 @A: 32 14 35 27 | 12
#1583-d242 @A: 27 30 03 14 | 09
#1584-d242 @A: 14 34 19 30 | 08
#1585-d242 @A: 14 21 08 18 | 03
#1586-d242 @A: 08 35 14 22 | 06
#1587-d242 @A: 33 18 28 14 | 01
#1588-d242 @A: 22 14 31 32 | 07
#1589-d242 @A: 23 18 06 05 | 11
#1590-d242 @A: 26 34 06 05 | 05
#1591-d242 @A: 32 05 15 07 | 02
#1592-d242 @A: 04 05 07 21 | 04
#1593-d242 @A: 21 24 08 05 | 10
#1594-d242 @A: 18 17 21 05 | 12
#1595-d242 @A: 21 05 26 10 | 09
#1596-d242 @A: 10 18 05 16 | 08
#1597-d242 @A: 01 05 21 22 | 03
#1598-d242 @A: 05 21 08 03 | 06
#1599-d242 @A: 05 16 35 26 | 01
#1600-d242 @A: 05 33 11 32 | 07
#1601-d242 @A: 04 05 03 28 | 11
#1602-d242 @A: 05 18 32 26 | 05
#1603-d242 @A: 12 07 29 30 | 02
#1604-d242 @A: 10 12 29 26 | 04
#1605-d242 @A: 02 19 12 26 | 10
#1606-d242 @A: 06 27 12 34 | 12
#1607-d242 @A: 24 12 07 04 | 09
#1608-d242 @A: 12 07 09 17 | 08
#1609-d242 @A: 26 24 12 34 | 03
#1610-d242 @A: 17 13 15 12 | 06
#1611-d242 @A: 10 12 31 27 | 01
#1612-d242 @A: 10 12 22 09 | 07
#1613-d242 @A: 34 22 12 16 | 11
#1614-d242 @A: 30 15 33 12 | 05
#1615-d242 @A: 21 12 30 31 | 02
#1616-d242 @A: 33 12 32 35 | 04
#1617-d242 @A: 12 19 16 30 | 10
#1618-d242 @A: 08 28 12 30 | 12
#1619-d242 @A: 11 12 33 04 | 09
#1620-d242 @A: 12 03 13 26 | 08
#1621-d242 @A: 09 12 19 18 | 03
#1622-d242 @A: 26 22 31 12 | 06
#1623-d242 @A: 07 10 19 29 | 01
#1624-d242 @A: 10 24 04 29 | 07
#1625-d242 @A: 24 29 01 22 | 11
#1626-d242 @A: 03 29 27 31 | 05
#1627-d242 @A: 08 29 22 04 | 02
#1628-d242 @A: 31 22 29 28 | 04
#1629-d242 @A: 02 08 06 21 | 10
#1630-d242 @A: 02 33 04 07 | 12
#1631-d242 @A: 07 30 02 28 | 09
#1632-d242 @A: 30 17 02 27 | 08
#1633-d242 @A: 15 32 02 23 | 03
#1634-d242 @A: 26 01 02 10 | 06
#1635-d242 @A: 11 31 34 02 | 01
#1636-d242 @A: 02 03 22 08 | 07
#1637-d242 @A: 02 04 32 30 | 11
#1638-d242 @A: 07 30 16 06 | 05
#1639-d242 @A: 24 08 06 17 | 02
#1640-d242 @A: 23 06 27 26 | 04
#1641-d242 @A: 30 06 15 23 | 10
#1642-d242 @A: 06 27 32 01 | 12
#1643-d242 @A: 22 16 06 27 | 09
#1644-d242 @A: 06 34 30 13 | 08
#1645-d242 @A: 26 21 04 06 | 03
#1646-d242 @A: 08 31 06 33 | 06
#1647-d242 @A: 31 28 06 30 | 01
#1648-d242 @A: 07 08 27 21 | 07
#1649-d242 @A: 15 07 10 03 | 11
#1650-d242 @A: 07 35 18 30 | 05
#1651-d242 @A: 28 04 16 07 | 02
#1652-d242 @A: 24 17 01 13 | 04
#1653-d242 @A: 15 24 27 04 | 10
#1654-d242 @A: 24 13 21 10 | 12
#1655-d242 @A: 22 32 24 10 | 09
#1656-d242 @A: 24 04 09 16 | 08
#1657-d242 @A: 30 31 24 33 | 03
#1658-d242 @A: 24 03 11 19 | 06
#1659-d242 @A: 17 15 08 23 | 01
#1660-d242 @A: 17 23 21 31 | 07
#1661-d242 @A: 33 17 10 34 | 11
#1662-d242 @A: 23 11 21 27 | 05
#1663-d242 @A: 23 03 15 08 | 02
#1664-d242 @A: 23 22 35 13 | 04
#1665-d242 @A: 08 19 23 33 | 10
#1666-d242 @A: 26 08 23 09 | 12
#1667-d242 @A: 33 23 04 32 | 09
#1668-d242 @A: 28 18 23 11 | 08
#1669-d242 @A: 16 03 27 34 | 03
#1670-d242 @A: 30 26 27 35 | 06
#1671-d242 @A: 09 11 04 27 | 01
#1672-d242 @A: 04 19 01 10 | 07
#1673-d242 @A: 18 10 08 33 | 11
#1674-d242 @A: 32 10 31 11 | 05
#1675-d242 @A: 08 34 15 01 | 02
#1676-d242 @A: 34 33 11 19 | 04
#1677-d242 @A: 30 26 31 34 | 10
#1678-d242 @A: 26 13 11 34 | 12
#1679-d242 @A: 19 34 26 32 | 09
#1680-d242 @A: 01 11 16 09 | 08
#1681-d242 @A: 01 09 03 28 | 03
#1682-d242 @A: 04 01 31 11 | 06
#1683-d242 @A: 26 15 13 08 | 01
#1684-d242 @A: 11 08 31 15 | 07
#1685-d242 @A: 03 21 22 16 | 11
#1686-d242 @A: 09 30 21 08 | 05
#1687-d242 @A: 22 21 08 31 | 02
#1688-d242 @A: 35 08 04 03 | 04
#1689-d242 @A: 26 03 28 08 | 10
