#0001-d274 @A: 20 15 32 02 | 09
#0002-d274 @A: 33 34 22 02 | 12
#0003-d274 @A: 06 02 16 19 | 06
#0004-d274 @A: 02 19 07 12 | 01
#0005-d274 @A: 27 33 09 02 | 11
#0006-d274 @A: 34 14 02 27 | 10
#0007-d274 @A: 34 02 01 28 | 03
#0008-d274 @A: 32 31 29 02 | 08
#0009-d274 @A: 02 30 11 31 | 04
#0010-d274 @A: 31 02 26 25 | 07
#0011-d274 @A: 29 04 02 17 | 05
#0012-d274 @A: 02 15 29 11 | 02
#0013-d274 @A: 02 21 26 18 | 09
#0014-d274 @A: 06 13 33 02 | 12
#0015-d274 @A: 32 24 13 02 | 06
#0016-d274 @A: 32 33 03 02 | 01
#0017-d274 @A: 27 23 02 05 | 11
#0018-d274 @A: 10 19 07 08 | 10
#0019-d274 @A: 21 06 08 10 | 03
#0020-d274 @A: 14 26 08 27 | 08
#0021-d274 @A: 18 08 01 06 | 04
#0022-d274 @A: 01 21 08 33 | 07
#0023-d274 @A: 12 08 04 25 | 05
#0024-d274 @A: 08 24 16 29 | 02
#0025-d274 @A: 32 24 12 08 | 09
#0026-d274 @A: 08 07 32 05 | 12
#0027-d274 @A: 08 03 25 28 | 06
#0028-d274 @A: 12 17 27 08 | 01
#0029-d274 @A: 34 22 20 12 | 11
#0030-d274 @A: 20 13 33 22 | 10
#0031-d274 @A: 15 22 20 07 | 03
#0032-d274 @A: 30 20 19 26 | 08
#0033-d274 @A: 20 32 19 06 | 04
#0034-d274 @A: 09 20 24 29 | 07
#0035-d274 @A: 06 35 09 20 | 05
#0036-d274 @A: 30 10 16 20 | 02
#0037-d274 @A: 31 34 20 30 | 09
#0038-d274 @A: 13 16 20 14 | 12
#0039-d274 @A: 01 31 13 20 | 06
#0040-d274 @A: 01 20 03 26 | 01
#0041-d274 @A: 01 20 24 05 | 11
#0042-d274 @A: 20 07 16 27 | 10
#0043-d274 @A: 35 21 20 29 | 03
#0044-d274 @A: 33 15 23 20 | 08
#0045-d274 @A: 20 07 12 03 | 04
#0046-d274 @A: 30 14 22 19 | 07
#0047-d274 @A: 22 21 01 34 | 05
#0048-d274 @A: 22 15 18 01 | 02
#0049-d274 @A: 22 06 21 16 | 09
#0050-d274 @A: 18 27 22 11 | 12
#0051-d274 @A: 03 17 18 22 | 06
#0052-d274 @A: 11 22 25 26 | 01
#0053-d274 @A: 23 33 07 22 | 11
#0054-d274 @A: 22 12 27 15 | 10
#0055-d274 @A: 05 19 09 14 | 03
#0056-d274 @A: 10 19 30 11 | 08
#0057-d274 @A: 11 07 34 19 | 04
#0058-d274 @A: 34 19 30 35 | 07
#0059-d274 @A: 19 25 34 23 | 05
#0060-d274 @A: 16 29 19 17 | 02
#0061-d274 @A: 06 21 19 11 | 09
#0062-d274 @A: 19 12 21 24 | 12
#0063-d274 @A: 17 19 25 12 | 06
#0064-d274 @A: 17 03 32 19 | 01
#0065-d274 @A: 24 10 09 34 | 11
#0066-d274 @A: 01 10 09 04 | 10
#0067-d274 @A: 16 06 14 09 | 03
#0068-d274 @A: 35 17 09 31 | 08
#0069-d274 @A: 06 01 09 32 | 04
#0070-d274 @A: 04 13 25 09 | 07
#0071-d274 @A: 09 11 26 35 | 05
#0072-d274 @A: 34 10 26 03 | 02
#0073-d274 @A: 14 10 13 12 | 09
#0074-d274 @A: 10 29 06 16 | 12
#0075-d274 @A: 10 27 05 11 | 06
#0076-d274 @A: 25 11 03 10 | 01
#0077-d274 @A: 30 06 32 10 | 11
#0078-d274 @A: 28 12 10 17 | 10
#0079-d274 @A: 25 32 10 15 | 03
#0080-d274 @A: 29 13 34 03 | 08
#0081-d274 @A: 05 34 29 28 | 04
#0082-d274 @A: 26 34 13 11 | 07
#0083-d274 @A: 26 12 34 30 | 05
#0084-d274 @A: 34 35 21 25 | 02
#0085-d274 @A: 34 12 24 06 | 09
#0086-d274 @A: 23 34 32 06 | 12
#0087-d274 @A: 25 28 34 27 | 06
#0088-d274 @A: 21 11 04 14 | 01
#0089-d274 @A: 12 16 14 29 | 11
#0090-d274 @A: 29 07 14 18 | 10
#0091-d274 @A: 27 25 14 33 | 03
#0092-d274 @A: 01 16 15 31 | 08
#0093-d274 @A: 17 04 26 31 | 04
#0094-d274 @A: 06 15 31 18 | 07
#0095-d274 @A: 23 18 28 31 | 05
#0096-d274 @A: 28 17 31 11 | 02
#0097-d274 @A: 05 31 33 12 | 09
#0098-d274 @A: 31 25 28 07 | 12
#0099-d274 @A: 30 07 31 03 | 06
#0100-d274 @A: 31 21 30 17 | 01
#0101-d274 @A: 29 16 01 32 | 11
#0102-d274 @A: 30 26 01 11 | 10
#0103-d274 @A: 06 03 01 28 | 03
#0104-d274 @A: 04 03 26 27 | 08
#0105-d274 @A: 06 12 04 05 | 04
#0106-d274 @A: 03 05 13 04 | 07
#0107-d274 @A: 07 04 13 17 | 05
#0108-d274 @A: 23 13 32 04 | 02
#0109-d274 @A: 26 03 11 16 | 09
#0110-d274 @A: 16 05 17 26 | 12
#0111-d274 @A: 07 06 16 30 | 06
#0112-d274 @A: 16 24 15 32 | 01
#0113-d274 @A: 03 16 33 05 | 11
#0114-d274 @A: 18 25 32 29 | 10
#0115-d274 @A: 26 17 25 29 | 03
#0116-d274 @A: 29 33 25 35 | 08
#0117-d274 @A: 29 24 03 12 | 04
#0118-d274 @A: 29 25 12 30 | 07
#0119-d274 @A: 32 23 29 03 | 05
#0120-d274 @A: 32 12 26 18 | 02
#0121-d274 @A: 18 30 25 05 | 09
#0122-d274 @A: 17 05 18 32 | 12
#0123-d274 @A: 21 15 18 07 | 06
#0124-d274 @A: 27 18 32 15 | 01
#0125-d274 @A: 11 30 21 15 | 11
#0126-d274 @A: 32 35 25 26 | 10
#0127-d274 @A: 33 26 32 07 | 03
#0128-d274 @A: 24 03 35 30 | 08
#0129-d274 @A: 13 21 35 23 | 04
#0130-d274 @A: 27 21 24 32 | 07
#0131-d274 @A: 15 33 13 21 | 05
#0132-d274 @A: 02 24 08 10 | 02
#0133-d274 @A: 22 29 06 02 | 09
#0134-d274 @A: 07 22 02 35 | 12
#0135-d274 @A: 09 19 28 02 | 06
#0136-d274 @A: 02 19 21 16 | 01
#0137-d274 @A: 16 09 12 02 | 11
#0138-d274 @A: 33 12 02 10 | 10
#0139-d274 @A: 30 13 02 10 | 03
#0140-d274 @A: 29 24 34 02 | 08
#0141-d274 @A: 06 02 03 14 | 04
#0142-d274 @A: 05 12 14 02 | 07
#0143-d274 @A: 02 35 01 05 | 05
#0144-d274 @A: 02 30 32 01 | 02
#0145-d274 @A: 02 04 25 18 | 09
#0146-d274 @A: 24 02 11 18 | 12
#0147-d274 @A: 15 02 23 07 | 06
#0148-d274 @A: 08 13 20 34 | 01
#0149-d274 @A: 16 08 20 05 | 11
#0150-d274 @A: 08 27 29 22 | 10
#0151-d274 @A: 31 08 09 18 | 03
#0152-d274 @A: 09 08 01 15 | 08
#0153-d274 @A: 10 33 16 08 | 04
#0154-d274 @A: 05 08 03 10 | 07
#0155-d274 @A: 21 08 34 04 | 05
#0156-d274 @A: 16 25 34 08 | 02
#0157-d274 @A: 34 18 24 08 | 09
#0158-d274 @A: 08 11 31 29 | 12
#0159-d274 @A: 13 16 18 08 | 06
#0160-d274 @A: 35 15 16 08 | 01
#0161-d274 @A: 08 12 16 21 | 11
#0162-d274 @A: 26 08 29 03 | 10
#0163-d274 @A: 07 08 06 12 | 03
#0164-d274 @A: 27 06 08 28 | 08
#0165-d274 @A: 24 17 25 08 | 04
#0166-d274 @A: 22 05 20 11 | 07
#0167-d274 @A: 22 20 28 23 | 05
#0168-d274 @A: 20 19 34 05 | 02
#0169-d274 @A: 25 20 09 34 | 09
#0170-d274 @A: 09 01 27 20 | 12
#0171-d274 @A: 09 05 15 20 | 06
#0172-d274 @A: 20 03 31 10 | 01
#0173-d274 @A: 01 20 07 10 | 11
#0174-d274 @A: 31 20 23 11 | 10
#0175-d274 @A: 35 01 20 12 | 03
#0176-d274 @A: 18 24 04 20 | 08
#0177-d274 @A: 05 23 04 20 | 04
#0178-d274 @A: 20 16 29 25 | 07
#0179-d274 @A: 20 11 18 15 | 05
#0180-d274 @A: 26 20 35 21 | 02
#0181-d274 @A: 20 13 27 06 | 09
#0182-d274 @A: 09 23 14 22 | 12
#0183-d274 @A: 31 22 32 09 | 06
#0184-d274 @A: 34 30 04 22 | 01
#0185-d274 @A: 22 32 18 34 | 11
#0186-d274 @A: 04 06 11 22 | 10
#0187-d274 @A: 29 16 22 18 | 03
#0188-d274 @A: 25 32 12 22 | 08
#0189-d274 @A: 23 03 30 22 | 04
#0190-d274 @A: 19 15 34 01 | 07
#0191-d274 @A: 19 34 12 29 | 05
#0192-d274 @A: 34 13 21 19 | 02
#0193-d274 @A: 33 14 19 24 | 09
#0194-d274 @A: 19 16 27 26 | 12
#0195-d274 @A: 06 33 17 19 | 06
#0196-d274 @A: 13 19 12 23 | 01
#0197-d274 @A: 28 15 05 19 | 11
#0198-d274 @A: 15 19 25 03 | 10
#0199-d274 @A: 32 10 35 09 | 03
#0200-d274 @A: 18 25 09 01 | 08
#0201-d274 @A: 35 09 04 12 | 04
#0202-d274 @A: 33 04 09 17 | 07
#0203-d274 @A: 09 16 11 25 | 05
#0204-d274 @A: 09 26 27 18 | 02
#0205-d274 @A: 35 18 30 09 | 09
#0206-d274 @A: 11 05 09 33 | 12
#0207-d274 @A: 07 09 11 23 | 06
#0208-d274 @A: 06 09 30 17 | 01
#0209-d274 @A: 24 09 23 27 | 11
#0210-d274 @A: 03 09 12 33 | 10
#0211-d274 @A: 28 15 21 09 | 03
#0212-d274 @A: 30 01 10 34 | 08
#0213-d274 @A: 04 10 34 17 | 04
#0214-d274 @A: 10 34 06 05 | 07
#0215-d274 @A: 10 27 14 31 | 05
#0216-d274 @A: 31 10 23 26 | 02
#0217-d274 @A: 10 05 16 01 | 09
#0218-d274 @A: 10 35 26 01 | 12
#0219-d274 @A: 29 33 10 18 | 06
#0220-d274 @A: 18 26 10 30 | 01
#0221-d274 @A: 07 10 26 11 | 11
#0222-d274 @A: 06 17 10 25 | 10
#0223-d274 @A: 10 05 15 12 | 03
#0224-d274 @A: 10 21 12 32 | 08
#0225-d274 @A: 28 34 31 13 | 04
#0226-d274 @A: 34 35 17 29 | 07
#0227-d274 @A: 34 26 18 28 | 05
#0228-d274 @A: 18 34 35 06 | 02
#0229-d274 @A: 17 03 34 06 | 09
#0230-d274 @A: 13 17 33 34 | 12
#0231-d274 @A: 17 07 15 34 | 06
#0232-d274 @A: 35 14 31 24 | 01
#0233-d274 @A: 14 26 28 16 | 11
#0234-d274 @A: 32 14 28 05 | 10
#0235-d274 @A: 14 28 07 23 | 03
#0236-d274 @A: 27 30 32 14 | 08
#0237-d274 @A: 04 31 11 24 | 04
#0238-d274 @A: 16 06 11 31 | 07
#0239-d274 @A: 35 11 31 32 | 05
#0240-d274 @A: 31 30 27 24 | 02
#0241-d274 @A: 31 13 15 07 | 09
#0242-d274 @A: 13 12 31 03 | 12
#0243-d274 @A: 35 17 04 01 | 06
#0244-d274 @A: 01 35 13 16 | 01
#0245-d274 @A: 07 06 01 23 | 11
#0246-d274 @A: 32 15 13 01 | 10
#0247-d274 @A: 01 27 05 17 | 03
#0248-d274 @A: 03 01 15 07 | 08
#0249-d274 @A: 29 04 16 27 | 04
#0250-d274 @A: 04 03 17 23 | 07
#0251-d274 @A: 21 16 24 18 | 05
#0252-d274 @A: 18 15 16 30 | 02
#0253-d274 @A: 23 24 05 16 | 09
#0254-d274 @A: 16 23 33 27 | 12
#0255-d274 @A: 35 29 26 18 | 06
#0256-d274 @A: 05 12 29 17 | 01
#0257-d274 @A: 35 13 32 18 | 11
#0258-d274 @A: 13 06 24 18 | 10
#0259-d274 @A: 33 05 13 18 | 03
#0260-d274 @A: 03 07 13 18 | 08
#0261-d274 @A: 23 13 18 27 | 04
#0262-d274 @A: 18 25 28 15 | 07
#0263-d274 @A: 30 33 11 23 | 05
#0264-d274 @A: 03 35 26 06 | 02
#0265-d274 @A: 23 07 26 35 | 09
#0266-d274 @A: 05 07 26 24 | 12
#0267-d274 @A: 13 26 07 12 | 06
#0268-d274 @A: 25 26 21 05 | 01
#0269-d274 @A: 26 21 32 17 | 11
#0270-d274 @A: 35 05 28 33 | 10
#0271-d274 @A: 12 35 33 15 | 03
#0272-d274 @A: 02 28 22 08 | 08
#0273-d274 @A: 08 02 13 07 | 04
#0274-d274 @A: 02 14 20 25 | 07
#0275-d274 @A: 16 02 20 01 | 05
#0276-d274 @A: 26 20 02 28 | 02
#0277-d274 @A: 22 10 03 02 | 09
#0278-d274 @A: 17 22 02 11 | 12
#0279-d274 @A: 13 02 34 35 | 06
#0280-d274 @A: 34 02 05 21 | 01
#0281-d274 @A: 14 16 02 24 | 11
#0282-d274 @A: 07 04 32 02 | 10
#0283-d274 @A: 02 26 23 06 | 03
#0284-d274 @A: 33 02 25 23 | 08
#0285-d274 @A: 28 25 17 02 | 04
#0286-d274 @A: 27 11 20 08 | 07
#0287-d274 @A: 08 31 22 24 | 05
#0288-d274 @A: 03 12 08 22 | 02
#0289-d274 @A: 13 08 19 04 | 09
#0290-d274 @A: 08 29 06 09 | 12
#0291-d274 @A: 08 24 11 09 | 06
#0292-d274 @A: 30 08 10 23 | 01
#0293-d274 @A: 08 27 21 10 | 11
#0294-d274 @A: 28 34 08 14 | 10
#0295-d274 @A: 08 31 14 05 | 03
#0296-d274 @A: 01 30 31 08 | 08
#0297-d274 @A: 31 26 08 07 | 04
#0298-d274 @A: 35 08 31 25 | 07
#0299-d274 @A: 15 08 31 32 | 05
#0300-d274 @A: 08 05 26 11 | 02
#0301-d274 @A: 11 17 35 08 | 09
#0302-d274 @A: 15 08 25 13 | 12
#0303-d274 @A: 28 08 12 30 | 06
#0304-d274 @A: 20 31 18 22 | 01
#0305-d274 @A: 35 20 26 22 | 11
#0306-d274 @A: 09 17 20 19 | 10
#0307-d274 @A: 12 20 09 14 | 03
#0308-d274 @A: 10 14 20 24 | 08
#0309-d274 @A: 24 20 10 21 | 04
#0310-d274 @A: 16 34 20 33 | 07
#0311-d274 @A: 20 31 14 28 | 05
#0312-d274 @A: 20 18 30 01 | 02
#0313-d274 @A: 26 20 04 12 | 09
#0314-d274 @A: 20 23 03 16 | 12
#0315-d274 @A: 35 29 27 20 | 06
#0316-d274 @A: 20 06 29 12 | 01
#0317-d274 @A: 28 33 07 20 | 11
#0318-d274 @A: 23 13 20 07 | 10
#0319-d274 @A: 30 07 32 20 | 03
#0320-d274 @A: 19 34 31 22 | 08
#0321-d274 @A: 34 14 10 22 | 04
#0322-d274 @A: 34 29 22 25 | 07
#0323-d274 @A: 28 22 34 03 | 05
#0324-d274 @A: 14 11 33 22 | 02
#0325-d274 @A: 13 22 11 01 | 09
#0326-d274 @A: 23 18 22 04 | 12
#0327-d274 @A: 22 04 26 28 | 06
#0328-d274 @A: 32 06 22 24 | 01
#0329-d274 @A: 22 06 15 05 | 11
#0330-d274 @A: 09 16 30 19 | 10
#0331-d274 @A: 34 19 28 10 | 03
#0332-d274 @A: 27 33 34 19 | 08
#0333-d274 @A: 14 19 03 16 | 04
#0334-d274 @A: 21 14 25 19 | 07
#0335-d274 @A: 04 19 15 31 | 05
#0336-d274 @A: 28 04 25 19 | 02
#0337-d274 @A: 35 21 19 05 | 09
#0338-d274 @A: 19 13 27 03 | 12
#0339-d274 @A: 03 21 27 19 | 06
#0340-d274 @A: 15 04 09 34 | 01
#0341-d274 @A: 11 14 09 01 | 11
#0342-d274 @A: 16 23 09 31 | 10
#0343-d274 @A: 09 26 04 30 | 03
#0344-d274 @A: 18 12 11 09 | 08
#0345-d274 @A: 09 21 33 23 | 04
#0346-d274 @A: 13 27 09 28 | 07
#0347-d274 @A: 03 25 09 17 | 05
#0348-d274 @A: 01 03 14 10 | 02
#0349-d274 @A: 31 10 12 01 | 09
#0350-d274 @A: 10 30 04 31 | 12
#0351-d274 @A: 18 05 10 31 | 06
#0352-d274 @A: 18 04 07 10 | 01
#0353-d274 @A: 24 35 04 10 | 11
#0354-d274 @A: 29 10 13 27 | 10
#0355-d274 @A: 30 24 12 10 | 03
#0356-d274 @A: 24 23 25 10 | 08
#0357-d274 @A: 28 10 13 32 | 04
#0358-d274 @A: 15 17 30 10 | 07
#0359-d274 @A: 04 12 34 14 | 05
#0360-d274 @A: 31 29 16 34 | 02
#0361-d274 @A: 32 16 04 34 | 09
#0362-d274 @A: 04 34 25 06 | 12
#0363-d274 @A: 27 34 16 06 | 06
#0364-d274 @A: 29 25 34 21 | 01
#0365-d274 @A: 11 34 27 35 | 11
#0366-d274 @A: 34 33 28 11 | 10
#0367-d274 @A: 33 06 15 34 | 03
#0368-d274 @A: 24 13 07 34 | 08
#0369-d274 @A: 05 34 25 17 | 04
#0370-d274 @A: 23 34 07 21 | 07
#0371-d274 @A: 25 03 34 30 | 05
#0372-d274 @A: 14 26 13 31 | 02
#0373-d274 @A: 21 14 15 31 | 09
#0374-d274 @A: 35 14 01 32 | 12
#0375-d274 @A: 30 14 04 18 | 06
#0376-d274 @A: 14 05 35 04 | 01
#0377-d274 @A: 28 04 13 14 | 11
#0378-d274 @A: 24 26 14 18 | 10
#0379-d274 @A: 27 15 24 14 | 03
#0380-d274 @A: 05 21 13 14 | 08
#0381-d274 @A: 23 13 14 30 | 04
#0382-d274 @A: 35 06 04 31 | 07
#0383-d274 @A: 15 03 29 31 | 05
#0384-d274 @A: 27 31 18 35 | 02
#0385-d274 @A: 03 06 31 05 | 09
#0386-d274 @A: 07 33 31 17 | 12
#0387-d274 @A: 33 28 03 31 | 06
#0388-d274 @A: 32 31 33 23 | 01
#0389-d274 @A: 28 15 31 30 | 11
#0390-d274 @A: 04 32 01 21 | 10
#0391-d274 @A: 16 06 01 26 | 03
#0392-d274 @A: 01 28 21 16 | 08
#0393-d274 @A: 11 35 01 25 | 04
#0394-d274 @A: 01 30 13 07 | 07
#0395-d274 @A: 01 15 05 30 | 05
#0396-d274 @A: 12 17 01 15 | 02
#0397-d274 @A: 30 04 17 11 | 09
#0398-d274 @A: 04 21 05 24 | 12
#0399-d274 @A: 25 04 33 03 | 06
#0400-d274 @A: 18 12 35 16 | 01
#0401-d274 @A: 06 24 16 17 | 11
#0402-d274 @A: 16 33 12 13 | 10
#0403-d274 @A: 28 03 13 16 | 03
#0404-d274 @A: 16 17 15 28 | 08
#0405-d274 @A: 21 16 23 32 | 04
#0406-d274 @A: 11 06 18 29 | 07
#0407-d274 @A: 11 30 03 29 | 05
#0408-d274 @A: 30 29 07 28 | 02
#0409-d274 @A: 18 25 07 06 | 09
#0410-d274 @A: 21 33 27 18 | 12
#0411-d274 @A: 06 35 11 23 | 06
#0412-d274 @A: 11 17 23 12 | 01
#0413-d274 @A: 03 24 26 25 | 11
#0414-d274 @A: 26 33 15 03 | 10
#0415-d274 @A: 15 26 17 32 | 03
#0416-d274 @A: 13 25 35 24 | 08
#0417-d274 @A: 35 24 32 05 | 04
#0418-d274 @A: 24 03 35 21 | 07
#0419-d274 @A: 15 17 35 24 | 05
#0420-d274 @A: 35 17 07 30 | 02
#0421-d274 @A: 09 14 08 02 | 09
#0422-d274 @A: 08 02 29 05 | 12
#0423-d274 @A: 08 32 02 26 | 06
#0424-d274 @A: 34 20 02 10 | 01
#0425-d274 @A: 20 04 33 02 | 11
#0426-d274 @A: 02 35 09 23 | 10
#0427-d274 @A: 31 02 34 06 | 03
#0428-d274 @A: 02 33 14 29 | 08
#0429-d274 @A: 31 02 18 01 | 04
#0430-d274 @A: 31 13 27 02 | 07
#0431-d274 @A: 12 25 01 02 | 05
#0432-d274 @A: 26 02 07 16 | 02
#0433-d274 @A: 12 11 26 02 | 09
#0434-d274 @A: 06 05 17 02 | 12
#0435-d274 @A: 02 03 23 24 | 06
#0436-d274 @A: 21 20 08 30 | 01
#0437-d274 @A: 09 22 08 16 | 11
#0438-d274 @A: 09 08 23 34 | 10
#0439-d274 @A: 01 08 10 11 | 03
#0440-d274 @A: 25 08 10 29 | 08
#0441-d274 @A: 34 08 17 31 | 04
#0442-d274 @A: 16 07 08 14 | 07
#0443-d274 @A: 01 26 28 08 | 05
#0444-d274 @A: 30 26 08 16 | 02
#0445-d274 @A: 32 33 08 11 | 09
#0446-d274 @A: 33 06 08 30 | 12
#0447-d274 @A: 25 06 08 05 | 06
#0448-d274 @A: 08 24 23 15 | 01
#0449-d274 @A: 08 17 28 33 | 11
#0450-d274 @A: 08 27 25 32 | 10
#0451-d274 @A: 29 22 20 19 | 03
#0452-d274 @A: 10 20 25 22 | 08
#0453-d274 @A: 22 20 16 17 | 04
#0454-d274 @A: 33 20 09 10 | 07
#0455-d274 @A: 20 09 18 23 | 05
#0456-d274 @A: 20 09 32 26 | 02
#0457-d274 @A: 18 10 12 20 | 09
#0458-d274 @A: 26 20 27 10 | 12
#0459-d274 @A: 20 23 27 34 | 06
#0460-d274 @A: 01 06 20 14 | 01
#0461-d274 @A: 29 17 14 20 | 11
#0462-d274 @A: 24 35 11 20 | 10
#0463-d274 @A: 06 20 24 30 | 03
#0464-d274 @A: 17 24 28 20 | 08
#0465-d274 @A: 12 23 20 24 | 04
#0466-d274 @A: 20 13 21 28 | 07
#0467-d274 @A: 28 03 20 30 | 05
#0468-d274 @A: 15 20 12 25 | 02
#0469-d274 @A: 05 22 16 19 | 09
#0470-d274 @A: 28 29 22 09 | 12
#0471-d274 @A: 21 22 09 05 | 06
#0472-d274 @A: 10 22 29 05 | 01
#0473-d274 @A: 18 28 10 22 | 11
#0474-d274 @A: 22 27 34 26 | 10
#0475-d274 @A: 34 06 22 07 | 03
#0476-d274 @A: 05 14 18 22 | 08
#0477-d274 @A: 14 22 28 25 | 04
#0478-d274 @A: 25 22 03 31 | 07
#0479-d274 @A: 22 17 29 01 | 05
#0480-d274 @A: 22 16 35 06 | 02
#0481-d274 @A: 22 17 33 12 | 09
#0482-d274 @A: 07 17 27 22 | 12
#0483-d274 @A: 28 32 17 22 | 06
#0484-d274 @A: 13 19 09 01 | 01
#0485-d274 @A: 19 18 04 09 | 11
#0486-d274 @A: 21 10 19 28 | 10
#0487-d274 @A: 34 18 19 16 | 03
#0488-d274 @A: 29 05 19 18 | 08
#0489-d274 @A: 18 24 03 19 | 04
#0490-d274 @A: 11 28 26 19 | 07
#0491-d274 @A: 30 03 19 06 | 05
#0492-d274 @A: 30 19 12 33 | 02
#0493-d274 @A: 17 13 19 30 | 09
#0494-d274 @A: 09 14 21 10 | 12
#0495-d274 @A: 28 09 18 14 | 06
#0496-d274 @A: 16 26 09 33 | 01
#0497-d274 @A: 29 09 13 26 | 11
#0498-d274 @A: 09 35 07 21 | 10
#0499-d274 @A: 30 09 05 23 | 03
#0500-d274 @A: 32 12 09 28 | 08
#0501-d274 @A: 09 23 03 28 | 04
#0502-d274 @A: 23 32 09 17 | 07
#0503-d274 @A: 33 11 10 31 | 05
#0504-d274 @A: 27 06 24 10 | 02
#0505-d274 @A: 21 13 10 07 | 09
#0506-d274 @A: 10 07 17 05 | 12
#0507-d274 @A: 10 28 30 05 | 06
#0508-d274 @A: 27 03 28 10 | 01
#0509-d274 @A: 31 03 14 34 | 11
#0510-d274 @A: 35 34 01 24 | 10
#0511-d274 @A: 15 34 16 11 | 03
#0512-d274 @A: 32 29 26 34 | 08
#0513-d274 @A: 34 25 13 32 | 04
#0514-d274 @A: 23 03 34 05 | 07
#0515-d274 @A: 32 28 07 34 | 05
#0516-d274 @A: 23 34 28 17 | 02
#0517-d274 @A: 27 03 12 34 | 09
#0518-d274 @A: 32 16 23 14 | 12
#0519-d274 @A: 33 30 28 14 | 06
#0520-d274 @A: 31 32 01 26 | 01
#0521-d274 @A: 05 04 31 29 | 11
#0522-d274 @A: 16 07 32 31 | 10
#0523-d274 @A: 31 29 18 30 | 03
#0524-d274 @A: 26 29 28 31 | 08
#0525-d274 @A: 23 24 29 31 | 04
#0526-d274 @A: 12 31 35 30 | 07
#0527-d274 @A: 30 23 31 06 | 05
#0528-d274 @A: 24 31 15 05 | 02
#0529-d274 @A: 25 30 31 17 | 09
#0530-d274 @A: 16 01 24 04 | 12
#0531-d274 @A: 01 25 29 04 | 06
#0532-d274 @A: 05 29 01 26 | 01
#0533-d274 @A: 11 01 24 12 | 11
#0534-d274 @A: 07 01 28 24 | 10
#0535-d274 @A: 13 28 01 33 | 03
#0536-d274 @A: 05 01 03 25 | 08
#0537-d274 @A: 30 16 04 28 | 04
#0538-d274 @A: 04 29 12 18 | 07
#0539-d274 @A: 27 06 04 23 | 05
#0540-d274 @A: 27 05 30 04 | 02
#0541-d274 @A: 28 04 27 07 | 09
#0542-d274 @A: 30 32 04 03 | 12
#0543-d274 @A: 17 27 04 25 | 06
#0544-d274 @A: 13 16 23 06 | 01
#0545-d274 @A: 30 13 05 16 | 11
#0546-d274 @A: 27 21 16 25 | 10
#0547-d274 @A: 24 15 18 29 | 03
#0548-d274 @A: 18 32 06 03 | 08
#0549-d274 @A: 27 18 33 12 | 04
#0550-d274 @A: 18 17 25 33 | 07
#0551-d274 @A: 25 33 11 06 | 05
#0552-d274 @A: 11 32 24 30 | 02
#0553-d274 @A: 21 11 32 13 | 09
#0554-d274 @A: 05 23 11 21 | 12
#0555-d274 @A: 26 27 24 35 | 06
#0556-d274 @A: 26 25 30 06 | 01
#0557-d274 @A: 30 24 26 17 | 11
#0558-d274 @A: 26 27 12 05 | 10
#0559-d274 @A: 23 30 26 27 | 03
#0560-d274 @A: 25 15 24 21 | 08
#0561-d274 @A: 21 12 07 30 | 04
#0562-d274 @A: 02 31 08 03 | 07
#0563-d274 @A: 04 02 08 01 | 05
#0564-d274 @A: 02 17 16 08 | 02
#0565-d274 @A: 24 19 02 01 | 09
#0566-d274 @A: 19 27 35 02 | 12
#0567-d274 @A: 32 02 18 09 | 06
#0568-d274 @A: 10 28 02 14 | 01
#0569-d274 @A: 02 10 04 27 | 11
#0570-d274 @A: 04 02 34 23 | 10
#0571-d274 @A: 34 16 02 05 | 03
#0572-d274 @A: 07 34 02 25 | 08
#0573-d274 @A: 05 26 02 18 | 04
#0574-d274 @A: 28 02 32 11 | 07
#0575-d274 @A: 24 12 15 02 | 05
#0576-d274 @A: 02 07 03 27 | 02
#0577-d274 @A: 17 02 27 32 | 09
#0578-d274 @A: 12 31 20 08 | 12
#0579-d274 @A: 04 20 30 08 | 06
#0580-d274 @A: 08 19 32 22 | 01
#0581-d274 @A: 34 11 08 22 | 11
#0582-d274 @A: 08 22 05 04 | 10
#0583-d274 @A: 27 19 08 09 | 03
#0584-d274 @A: 19 08 16 23 | 08
#0585-d274 @A: 10 34 08 27 | 04
#0586-d274 @A: 08 06 31 10 | 07
#0587-d274 @A: 29 30 08 34 | 05
#0588-d274 @A: 35 34 08 07 | 02
#0589-d274 @A: 14 21 08 28 | 09
#0590-d274 @A: 31 08 13 23 | 12
#0591-d274 @A: 08 29 01 23 | 06
#0592-d274 @A: 08 17 07 01 | 01
#0593-d274 @A: 16 08 04 06 | 11
#0594-d274 @A: 03 32 08 16 | 10
#0595-d274 @A: 32 13 06 08 | 03
#0596-d274 @A: 08 06 03 23 | 08
#0597-d274 @A: 05 15 21 08 | 04
#0598-d274 @A: 21 20 22 31 | 07
#0599-d274 @A: 23 19 20 01 | 05
#0600-d274 @A: 20 21 09 34 | 02
#0601-d274 @A: 04 20 09 16 | 09
#0602-d274 @A: 05 14 20 26 | 12
#0603-d274 @A: 03 20 11 32 | 06
#0604-d274 @A: 32 05 20 13 | 01
#0605-d274 @A: 27 20 32 28 | 11
#0606-d274 @A: 19 03 26 22 | 10
#0607-d274 @A: 09 34 22 17 | 03
#0608-d274 @A: 28 22 16 27 | 08
#0609-d274 @A: 22 21 26 23 | 04
#0610-d274 @A: 22 33 32 05 | 07
#0611-d274 @A: 05 22 12 07 | 05
#0612-d274 @A: 19 09 29 32 | 02
#0613-d274 @A: 06 09 11 19 | 09
#0614-d274 @A: 17 10 19 01 | 12
#0615-d274 @A: 14 12 19 31 | 06
#0616-d274 @A: 11 27 14 19 | 01
#0617-d274 @A: 29 19 31 25 | 11
#0618-d274 @A: 29 06 19 26 | 10
#0619-d274 @A: 19 17 18 11 | 03
#0620-d274 @A: 11 19 35 12 | 08
#0621-d274 @A: 19 21 26 12 | 04
#0622-d274 @A: 24 28 19 13 | 07
#0623-d274 @A: 17 15 19 27 | 05
#0624-d274 @A: 09 18 15 10 | 02
#0625-d274 @A: 07 29 09 34 | 09
#0626-d274 @A: 34 09 26 06 | 12
#0627-d274 @A: 14 30 09 31 | 06
#0628-d274 @A: 03 04 14 09 | 01
#0629-d274 @A: 14 09 26 17 | 11
#0630-d274 @A: 01 09 31 05 | 10
#0631-d274 @A: 09 16 17 01 | 03
#0632-d274 @A: 09 35 16 24 | 08
#0633-d274 @A: 12 18 09 21 | 04
#0634-d274 @A: 03 09 24 05 | 07
#0635-d274 @A: 34 31 32 10 | 05
#0636-d274 @A: 13 34 23 10 | 02
#0637-d274 @A: 14 18 10 06 | 09
#0638-d274 @A: 26 10 14 33 | 12
#0639-d274 @A: 07 04 31 34 | 06
#0640-d274 @A: 24 26 31 34 | 01
#0641-d274 @A: 34 27 04 18 | 11
#0642-d274 @A: 34 32 12 35 | 10
#0643-d274 @A: 12 15 28 34 | 03
#0644-d274 @A: 28 34 21 32 | 08
#0645-d274 @A: 31 14 16 25 | 04
#0646-d274 @A: 31 18 14 33 | 07
#0647-d274 @A: 01 27 04 14 | 05
#0648-d274 @A: 18 01 23 14 | 02
#0649-d274 @A: 01 05 33 14 | 09
#0650-d274 @A: 29 24 04 14 | 12
#0651-d274 @A: 14 29 15 13 | 06
#0652-d274 @A: 18 14 11 32 | 01
#0653-d274 @A: 18 14 17 35 | 11
#0654-d274 @A: 12 11 28 14 | 10
#0655-d274 @A: 15 28 06 14 | 03
#0656-d274 @A: 17 06 14 12 | 08
#0657-d274 @A: 03 33 13 14 | 04
#0658-d274 @A: 14 23 03 15 | 07
#0659-d274 @A: 26 31 01 21 | 05
#0660-d274 @A: 31 11 18 25 | 02
#0661-d274 @A: 26 27 31 11 | 09
#0662-d274 @A: 31 32 28 06 | 12
#0663-d274 @A: 01 04 30 06 | 06
#0664-d274 @A: 29 12 01 21 | 01
#0665-d274 @A: 01 11 21 18 | 11
#0666-d274 @A: 33 06 12 01 | 10
#0667-d274 @A: 27 06 25 01 | 03
#0668-d274 @A: 03 33 01 23 | 08
#0669-d274 @A: 01 07 27 32 | 04
#0670-d274 @A: 04 26 11 32 | 07
#0671-d274 @A: 04 21 35 28 | 05
#0672-d274 @A: 04 06 15 32 | 02
#0673-d274 @A: 27 13 33 04 | 09
#0674-d274 @A: 07 12 30 04 | 12
#0675-d274 @A: 12 03 28 04 | 06
#0676-d274 @A: 21 04 15 12 | 01
#0677-d274 @A: 13 07 29 16 | 11
#0678-d274 @A: 23 16 30 29 | 10
#0679-d274 @A: 29 21 15 16 | 03
#0680-d274 @A: 11 35 30 16 | 08
#0681-d274 @A: 25 28 06 16 | 04
#0682-d274 @A: 12 16 03 06 | 07
#0683-d274 @A: 16 27 12 24 | 05
#0684-d274 @A: 17 23 16 07 | 02
#0685-d274 @A: 05 29 07 27 | 09
#0686-d274 @A: 32 15 29 28 | 12
#0687-d274 @A: 18 33 15 07 | 06
#0688-d274 @A: 25 12 13 18 | 01
#0689-d274 @A: 15 07 06 11 | 11
#0690-d274 @A: 11 30 27 06 | 10
#0691-d274 @A: 27 33 17 11 | 03
#0692-d274 @A: 11 13 27 32 | 08
#0693-d274 @A: 05 35 26 30 | 04
#0694-d274 @A: 17 26 12 35 | 07
#0695-d274 @A: 21 26 06 24 | 05
#0696-d274 @A: 06 33 26 05 | 02
#0697-d274 @A: 26 32 23 24 | 09
#0698-d274 @A: 05 35 27 06 | 12
#0699-d274 @A: 33 35 24 23 | 06
#0700-d274 @A: 25 06 21 07 | 01
#0701-d274 @A: 17 13 15 21 | 11
#0702-d274 @A: 12 05 28 21 | 10
#0703-d274 @A: 05 17 27 21 | 03
#0704-d274 @A: 02 23 20 08 | 08
#0705-d274 @A: 20 02 29 30 | 04
#0706-d274 @A: 15 02 22 19 | 07
#0707-d274 @A: 19 17 31 02 | 05
#0708-d274 @A: 02 04 19 30 | 02
#0709-d274 @A: 26 02 03 09 | 09
#0710-d274 @A: 25 21 09 02 | 12
#0711-d274 @A: 29 10 07 02 | 06
#0712-d274 @A: 35 10 02 25 | 01
#0713-d274 @A: 02 34 18 17 | 11
#0714-d274 @A: 02 14 12 21 | 10
#0715-d274 @A: 02 31 16 33 | 03
#0716-d274 @A: 28 02 31 35 | 08
#0717-d274 @A: 35 02 01 21 | 04
#0718-d274 @A: 06 32 25 02 | 07
#0719-d274 @A: 30 33 02 24 | 05
#0720-d274 @A: 23 02 17 13 | 02
#0721-d274 @A: 28 07 02 21 | 09
#0722-d274 @A: 23 32 12 02 | 12
#0723-d274 @A: 20 22 06 08 | 06
#0724-d274 @A: 22 25 18 08 | 01
#0725-d274 @A: 31 19 08 28 | 11
#0726-d274 @A: 21 19 23 08 | 10
#0727-d274 @A: 09 08 07 04 | 03
#0728-d274 @A: 09 21 26 08 | 08
#0729-d274 @A: 15 08 05 34 | 04
#0730-d274 @A: 14 29 08 32 | 07
#0731-d274 @A: 31 16 27 08 | 05
#0732-d274 @A: 01 27 35 08 | 02
#0733-d274 @A: 08 27 04 24 | 09
#0734-d274 @A: 08 17 04 32 | 12
#0735-d274 @A: 08 13 29 35 | 06
#0736-d274 @A: 08 12 13 11 | 01
#0737-d274 @A: 13 28 08 05 | 11
#0738-d274 @A: 23 07 27 08 | 10
#0739-d274 @A: 07 20 19 14 | 03
#0740-d274 @A: 20 31 16 19 | 08
#0741-d274 @A: 35 20 19 13 | 04
#0742-d274 @A: 21 33 19 20 | 07
#0743-d274 @A: 11 09 20 28 | 05
#0744-d274 @A: 28 20 29 10 | 02
#0745-d274 @A: 34 20 14 32 | 09
#0746-d274 @A: 07 34 20 26 | 12
#0747-d274 @A: 15 14 04 20 | 06
#0748-d274 @A: 11 01 20 33 | 01
#0749-d274 @A: 35 16 20 28 | 11
#0750-d274 @A: 26 13 20 18 | 10
#0751-d274 @A: 17 07 18 20 | 03
#0752-d274 @A: 06 33 03 20 | 08
#0753-d274 @A: 20 25 07 24 | 04
#0754-d274 @A: 05 25 20 28 | 07
#0755-d274 @A: 03 17 15 20 | 05
#0756-d274 @A: 19 21 18 22 | 02
#0757-d274 @A: 04 22 09 24 | 09
#0758-d274 @A: 01 23 22 10 | 12
#0759-d274 @A: 12 10 16 22 | 06
#0760-d274 @A: 22 05 34 01 | 01
#0761-d274 @A: 14 24 22 17 | 11
#0762-d274 @A: 30 22 31 16 | 10
#0763-d274 @A: 11 12 22 31 | 03
#0764-d274 @A: 17 22 15 31 | 08
#0765-d274 @A: 22 07 01 25 | 04
#0766-d274 @A: 22 04 35 25 | 07
#0767-d274 @A: 04 22 13 21 | 05
#0768-d274 @A: 28 30 22 11 | 02
#0769-d274 @A: 22 33 21 35 | 09
#0770-d274 @A: 22 15 23 13 | 12
#0771-d274 @A: 25 23 22 05 | 06
#0772-d274 @A: 27 28 21 22 | 01
#0773-d274 @A: 19 15 09 12 | 11
#0774-d274 @A: 26 32 19 14 | 10
#0775-d274 @A: 35 14 19 15 | 03
#0776-d274 @A: 01 31 27 19 | 08
#0777-d274 @A: 11 13 19 31 | 04
#0778-d274 @A: 03 19 01 04 | 07
#0779-d274 @A: 01 19 32 11 | 05
#0780-d274 @A: 11 19 16 24 | 02
#0781-d274 @A: 29 28 19 03 | 09
#0782-d274 @A: 13 05 26 19 | 12
#0783-d274 @A: 06 25 24 19 | 06
#0784-d274 @A: 05 19 27 24 | 01
#0785-d274 @A: 15 32 19 23 | 11
#0786-d274 @A: 06 12 09 10 | 10
#0787-d274 @A: 34 33 09 14 | 03
#0788-d274 @A: 09 28 34 16 | 08
#0789-d274 @A: 13 34 18 09 | 04
#0790-d274 @A: 05 16 29 09 | 07
#0791-d274 @A: 09 06 33 28 | 05
#0792-d274 @A: 33 07 09 30 | 02
#0793-d274 @A: 09 32 07 25 | 09
#0794-d274 @A: 12 10 34 11 | 12
#0795-d274 @A: 15 21 10 34 | 06
#0796-d274 @A: 31 10 16 21 | 01
#0797-d274 @A: 10 17 31 29 | 11
#0798-d274 @A: 31 35 13 10 | 10
#0799-d274 @A: 10 18 24 16 | 03
#0800-d274 @A: 17 18 10 23 | 08
#0801-d274 @A: 13 24 10 05 | 04
#0802-d274 @A: 33 10 30 03 | 07
#0803-d274 @A: 12 32 07 10 | 05
#0804-d274 @A: 24 34 14 05 | 02
#0805-d274 @A: 31 25 34 15 | 09
#0806-d274 @A: 13 01 04 34 | 12
#0807-d274 @A: 34 04 28 35 | 06
#0808-d274 @A: 21 34 26 16 | 01
#0809-d274 @A: 17 12 16 34 | 11
#0810-d274 @A: 21 30 33 34 | 10
#0811-d274 @A: 31 15 14 11 | 03
#0812-d274 @A: 01 14 13 17 | 08
#0813-d274 @A: 01 30 14 25 | 04
#0814-d274 @A: 33 14 35 16 | 07
#0815-d274 @A: 35 29 14 28 | 05
#0816-d274 @A: 03 07 14 26 | 02
#0817-d274 @A: 14 32 13 07 | 09
#0818-d274 @A: 35 31 01 03 | 12
#0819-d274 @A: 31 28 06 21 | 06
#0820-d274 @A: 25 06 12 31 | 01
#0821-d274 @A: 32 03 31 27 | 11
#0822-d274 @A: 04 13 26 16 | 10
#0823-d274 @A: 35 04 15 27 | 03
#0824-d274 @A: 06 04 24 28 | 08
#0825-d274 @A: 05 24 33 04 | 04
#0826-d274 @A: 04 24 17 12 | 07
#0827-d274 @A: 23 15 04 28 | 05
#0828-d274 @A: 06 16 18 33 | 02
#0829-d274 @A: 13 21 26 16 | 09
#0830-d274 @A: 06 05 32 16 | 12
#0831-d274 @A: 21 16 03 33 | 06
#0832-d274 @A: 18 29 28 27 | 01
#0833-d274 @A: 18 28 29 21 | 11
#0834-d274 @A: 06 07 32 29 | 10
#0835-d274 @A: 30 27 29 17 | 03
#0836-d274 @A: 26 11 33 18 | 08
#0837-d274 @A: 13 30 18 28 | 04
#0838-d274 @A: 27 11 24 07 | 07
#0839-d274 @A: 13 11 15 03 | 05
#0840-d274 @A: 12 05 03 11 | 02
#0841-d274 @A: 32 11 15 05 | 09
#0842-d274 @A: 11 07 28 03 | 12
#0843-d274 @A: 35 07 33 06 | 06
#0844-d274 @A: 35 03 17 33 | 01
#0845-d274 @A: 27 35 33 32 | 11
#0846-d274 @A: 03 13 12 21 | 10
#0847-d274 @A: 27 18 08 02 | 03
#0848-d274 @A: 33 02 15 08 | 08
#0849-d274 @A: 32 22 14 02 | 04
#0850-d274 @A: 23 02 22 31 | 07
#0851-d274 @A: 26 02 33 19 | 05
#0852-d274 @A: 11 09 02 10 | 02
#0853-d274 @A: 02 25 09 29 | 09
#0854-d274 @A: 06 10 02 01 | 12
#0855-d274 @A: 26 02 17 10 | 06
#0856-d274 @A: 11 04 14 02 | 01
#0857-d274 @A: 13 14 02 18 | 11
#0858-d274 @A: 29 03 01 02 | 10
#0859-d274 @A: 28 02 29 16 | 03
#0860-d274 @A: 02 18 23 29 | 08
#0861-d274 @A: 02 26 29 27 | 04
#0862-d274 @A: 06 29 21 02 | 07
#0863-d274 @A: 02 11 35 33 | 05
#0864-d274 @A: 02 27 06 15 | 02
#0865-d274 @A: 25 24 05 02 | 09
#0866-d274 @A: 13 21 02 30 | 12
#0867-d274 @A: 05 30 03 02 | 06
#0868-d274 @A: 02 17 12 03 | 01
#0869-d274 @A: 15 02 21 23 | 11
#0870-d274 @A: 03 09 08 20 | 10
#0871-d274 @A: 28 18 08 20 | 03
#0872-d274 @A: 23 22 35 08 | 08
#0873-d274 @A: 08 19 05 01 | 04
#0874-d274 @A: 08 19 30 18 | 07
#0875-d274 @A: 35 03 19 08 | 05
#0876-d274 @A: 08 09 12 05 | 02
#0877-d274 @A: 08 04 31 33 | 09
#0878-d274 @A: 29 04 08 28 | 12
#0879-d274 @A: 28 08 11 16 | 06
#0880-d274 @A: 08 29 13 21 | 01
#0881-d274 @A: 29 12 15 08 | 11
#0882-d274 @A: 15 08 07 28 | 10
#0883-d274 @A: 33 18 19 20 | 03
#0884-d274 @A: 20 19 28 12 | 08
#0885-d274 @A: 20 17 01 34 | 04
#0886-d274 @A: 34 20 04 11 | 07
#0887-d274 @A: 30 11 14 20 | 05
#0888-d274 @A: 20 04 17 06 | 02
#0889-d274 @A: 25 21 20 04 | 09
#0890-d274 @A: 16 24 20 26 | 12
#0891-d274 @A: 35 20 25 18 | 06
#0892-d274 @A: 33 05 20 17 | 01
#0893-d274 @A: 20 32 12 33 | 11
#0894-d274 @A: 17 12 13 20 | 10
#0895-d274 @A: 20 03 21 15 | 03
#0896-d274 @A: 22 01 19 06 | 08
#0897-d274 @A: 19 25 22 27 | 04
#0898-d274 @A: 18 22 33 09 | 07
#0899-d274 @A: 35 09 22 27 | 05
#0900-d274 @A: 06 09 25 22 | 02
#0901-d274 @A: 10 22 07 31 | 09
#0902-d274 @A: 24 10 22 11 | 12
#0903-d274 @A: 35 34 22 15 | 06
#0904-d274 @A: 33 22 31 35 | 01
#0905-d274 @A: 25 22 24 15 | 11
#0906-d274 @A: 09 23 19 10 | 10
#0907-d274 @A: 13 19 10 16 | 03
#0908-d274 @A: 10 19 26 25 | 08
#0909-d274 @A: 19 31 06 07 | 04
#0910-d274 @A: 05 30 31 19 | 07
#0911-d274 @A: 19 35 33 01 | 05
#0912-d274 @A: 19 15 21 01 | 02
#0913-d274 @A: 35 07 19 16 | 09
#0914-d274 @A: 07 19 15 29 | 12
#0915-d274 @A: 19 18 15 26 | 06
#0916-d274 @A: 13 15 06 19 | 01
#0917-d274 @A: 15 19 30 24 | 11
#0918-d274 @A: 13 19 07 25 | 10
#0919-d274 @A: 19 17 21 30 | 03
#0920-d274 @A: 30 25 32 19 | 08
#0921-d274 @A: 09 10 30 29 | 04
#0922-d274 @A: 13 35 09 14 | 07
#0923-d274 @A: 14 09 21 32 | 05
#0924-d274 @A: 01 13 21 09 | 02
#0925-d274 @A: 27 11 09 04 | 09
#0926-d274 @A: 16 09 18 07 | 12
#0927-d274 @A: 17 21 16 09 | 06
#0928-d274 @A: 09 03 18 29 | 01
#0929-d274 @A: 11 09 30 13 | 11
#0930-d274 @A: 28 09 07 26 | 10
#0931-d274 @A: 27 06 09 03 | 03
#0932-d274 @A: 33 09 25 24 | 08
#0933-d274 @A: 12 09 24 13 | 04
#0934-d274 @A: 18 10 25 34 | 07
#0935-d274 @A: 33 10 35 34 | 05
#0936-d274 @A: 16 14 15 10 | 02
#0937-d274 @A: 14 23 10 11 | 09
#0938-d274 @A: 10 15 04 26 | 12
#0939-d274 @A: 26 10 12 29 | 06
#0940-d274 @A: 33 21 03 10 | 01
#0941-d274 @A: 23 27 15 10 | 11
#0942-d274 @A: 06 14 29 34 | 10
#0943-d274 @A: 29 34 27 01 | 03
#0944-d274 @A: 35 26 16 34 | 08
#0945-d274 @A: 30 18 34 11 | 04
#0946-d274 @A: 28 30 34 24 | 07
#0947-d274 @A: 27 05 34 32 | 05
#0948-d274 @A: 23 12 34 07 | 02
#0949-d274 @A: 34 23 30 15 | 09
#0950-d274 @A: 23 14 31 17 | 12
#0951-d274 @A: 14 05 16 11 | 06
#0952-d274 @A: 14 16 21 07 | 01
#0953-d274 @A: 14 29 26 21 | 11
#0954-d274 @A: 14 05 30 06 | 10
#0955-d274 @A: 14 05 13 27 | 03
#0956-d274 @A: 14 27 17 28 | 08
#0957-d274 @A: 12 23 27 14 | 04
#0958-d274 @A: 31 04 23 01 | 07
#0959-d274 @A: 16 13 24 31 | 05
#0960-d274 @A: 29 31 35 07 | 02
#0961-d274 @A: 05 21 03 31 | 09
#0962-d274 @A: 12 17 31 32 | 12
#0963-d274 @A: 04 18 01 32 | 06
#0964-d274 @A: 01 16 11 27 | 01
#0965-d274 @A: 11 29 01 28 | 11
#0966-d274 @A: 03 32 12 01 | 10
#0967-d274 @A: 23 01 12 30 | 03
#0968-d274 @A: 23 25 01 17 | 08
#0969-d274 @A: 25 01 23 21 | 04
#0970-d274 @A: 30 04 16 21 | 07
#0971-d274 @A: 07 29 04 26 | 05
#0972-d274 @A: 11 03 04 18 | 02
#0973-d274 @A: 25 24 32 04 | 09
#0974-d274 @A: 17 15 05 04 | 12
#0975-d274 @A: 04 17 23 21 | 06
#0976-d274 @A: 05 15 16 27 | 01
#0977-d274 @A: 15 16 23 25 | 11
#0978-d274 @A: 28 29 17 06 | 10
#0979-d274 @A: 25 06 29 03 | 03
#0980-d274 @A: 30 06 29 15 | 08
#0981-d274 @A: 07 24 29 21 | 04
#0982-d274 @A: 05 21 29 33 | 07
#0983-d274 @A: 29 17 07 03 | 05
#0984-d274 @A: 29 27 15 25 | 02
#0985-d274 @A: 23 18 12 06 | 09
#0986-d274 @A: 15 17 18 13 | 12
#0987-d274 @A: 07 18 23 32 | 06
#0988-d274 @A: 11 07 25 12 | 01
#0989-d274 @A: 17 25 15 11 | 11
#0990-d274 @A: 26 24 33 12 | 10
#0991-d274 @A: 26 27 28 33 | 03
#0992-d274 @A: 13 27 26 17 | 08
#0993-d274 @A: 12 26 23 03 | 04
#0994-d274 @A: 23 13 03 35 | 07
#0995-d274 @A: 07 05 25 35 | 05
#0996-d274 @A: 35 23 12 05 | 02
#0997-d274 @A: 30 27 35 25 | 09
#0998-d274 @A: 32 21 05 06 | 12
#0999-d274 @A: 21 30 03 25 | 06
#1000-d274 @A: 12 08 02 34 | 01
#1001-d274 @A: 22 24 02 20 | 11
#1002-d274 @A: 02 22 05 09 | 10
#1003-d274 @A: 01 22 27 02 | 03
#1004-d274 @A: 29 13 19 02 | 08
#1005-d274 @A: 02 09 30 34 | 04
#1006-d274 @A: 31 15 10 02 | 07
#1007-d274 @A: 21 02 04 10 | 05
#1008-d274 @A: 14 26 02 35 | 02
#1009-d274 @A: 02 03 18 16 | 09
#1010-d274 @A: 11 16 13 02 | 12
#1011-d274 @A: 35 02 29 12 | 06
#1012-d274 @A: 02 30 07 18 | 01
#1013-d274 @A: 06 35 24 02 | 11
#1014-d274 @A: 27 24 28 02 | 10
#1015-d274 @A: 13 03 25 02 | 03
#1016-d274 @A: 01 20 25 08 | 08
#1017-d274 @A: 08 07 29 20 | 04
#1018-d274 @A: 20 32 35 08 | 07
#1019-d274 @A: 22 21 07 08 | 05
#1020-d274 @A: 26 08 18 23 | 02
#1021-d274 @A: 18 08 35 05 | 09
#1022-d274 @A: 24 26 06 08 | 12
#1023-d274 @A: 33 08 24 13 | 06
#1024-d274 @A: 24 30 08 05 | 01
#1025-d274 @A: 08 12 23 33 | 11
#1026-d274 @A: 27 15 08 03 | 10
#1027-d274 @A: 28 06 20 34 | 03
#1028-d274 @A: 18 14 21 20 | 08
#1029-d274 @A: 20 04 31 25 | 04
#1030-d274 @A: 35 31 20 15 | 07
#1031-d274 @A: 20 01 06 21 | 05
#1032-d274 @A: 07 04 35 20 | 02
#1033-d274 @A: 16 11 12 20 | 09
#1034-d274 @A: 15 16 06 20 | 12
#1035-d274 @A: 18 27 05 20 | 06
#1036-d274 @A: 20 17 26 11 | 01
#1037-d274 @A: 21 20 23 12 | 11
#1038-d274 @A: 20 25 17 32 | 10
#1039-d274 @A: 04 17 19 22 | 03
#1040-d274 @A: 19 13 18 22 | 08
#1041-d274 @A: 26 06 22 10 | 04
#1042-d274 @A: 03 22 29 14 | 07
#1043-d274 @A: 31 22 26 05 | 05
#1044-d274 @A: 22 01 26 24 | 02
#1045-d274 @A: 07 22 11 29 | 09
#1046-d274 @A: 24 27 13 22 | 12
#1047-d274 @A: 12 22 13 30 | 06
#1048-d274 @A: 05 30 17 22 | 01
#1049-d274 @A: 19 09 03 34 | 11
#1050-d274 @A: 33 19 09 31 | 10
#1051-d274 @A: 10 04 05 19 | 03
#1052-d274 @A: 01 19 30 29 | 08
#1053-d274 @A: 01 12 19 18 | 04
#1054-d274 @A: 26 23 04 19 | 07
#1055-d274 @A: 27 23 19 29 | 05
#1056-d274 @A: 23 19 35 18 | 02
#1057-d274 @A: 07 19 27 18 | 09
#1058-d274 @A: 11 19 03 33 | 12
#1059-d274 @A: 19 33 25 05 | 06
#1060-d274 @A: 03 19 05 07 | 01
#1061-d274 @A: 28 17 07 19 | 11
#1062-d274 @A: 05 09 10 26 | 10
#1063-d274 @A: 09 27 10 17 | 03
#1064-d274 @A: 31 27 34 09 | 08
#1065-d274 @A: 04 28 09 31 | 04
#1066-d274 @A: 03 11 31 09 | 07
#1067-d274 @A: 09 31 24 21 | 05
#1068-d274 @A: 23 09 04 29 | 02
#1069-d274 @A: 16 27 09 32 | 09
#1070-d274 @A: 09 21 03 06 | 12
#1071-d274 @A: 27 09 07 15 | 06
#1072-d274 @A: 12 27 30 09 | 01
#1073-d274 @A: 10 35 14 30 | 11
#1074-d274 @A: 31 10 16 28 | 10
#1075-d274 @A: 32 01 10 33 | 03
#1076-d274 @A: 10 01 15 28 | 08
#1077-d274 @A: 25 04 16 10 | 04
#1078-d274 @A: 04 29 10 03 | 07
#1079-d274 @A: 11 28 10 04 | 05
#1080-d274 @A: 32 10 29 11 | 02
#1081-d274 @A: 23 10 29 35 | 09
#1082-d274 @A: 35 10 11 15 | 12
#1083-d274 @A: 35 28 10 07 | 06
#1084-d274 @A: 10 24 33 17 | 01
#1085-d274 @A: 16 34 14 30 | 11
#1086-d274 @A: 18 15 14 34 | 10
#1087-d274 @A: 25 35 34 14 | 03
#1088-d274 @A: 21 06 14 34 | 08
#1089-d274 @A: 11 23 34 29 | 04
#1090-d274 @A: 32 34 33 24 | 07
#1091-d274 @A: 30 34 07 27 | 05
#1092-d274 @A: 04 16 14 17 | 02
#1093-d274 @A: 13 25 14 06 | 09
#1094-d274 @A: 14 24 07 30 | 12
#1095-d274 @A: 24 14 25 12 | 06
#1096-d274 @A: 05 03 14 17 | 01
#1097-d274 @A: 05 16 35 31 | 11
#1098-d274 @A: 24 31 18 07 | 10
#1099-d274 @A: 17 03 31 24 | 03
#1100-d274 @A: 27 31 15 33 | 08
#1101-d274 @A: 31 30 32 13 | 04
#1102-d274 @A: 21 27 31 23 | 07
#1103-d274 @A: 01 26 04 33 | 05
#1104-d274 @A: 01 07 05 04 | 02
#1105-d274 @A: 01 05 11 18 | 09
#1106-d274 @A: 01 18 35 07 | 12
#1107-d274 @A: 23 01 15 35 | 06
#1108-d274 @A: 01 13 06 05 | 01
#1109-d274 @A: 23 01 24 13 | 11
#1110-d274 @A: 33 01 30 27 | 10
#1111-d274 @A: 21 17 03 01 | 03
#1112-d274 @A: 35 30 29 04 | 08
#1113-d274 @A: 27 21 29 04 | 04
#1114-d274 @A: 04 28 18 17 | 07
#1115-d274 @A: 23 21 06 04 | 05
#1116-d274 @A: 16 15 26 29 | 02
#1117-d274 @A: 18 26 16 25 | 09
#1118-d274 @A: 13 25 27 16 | 12
#1119-d274 @A: 16 07 05 28 | 06
#1120-d274 @A: 16 03 27 17 | 01
#1121-d274 @A: 12 18 05 24 | 11
#1122-d274 @A: 25 24 27 18 | 10
#1123-d274 @A: 33 28 11 21 | 03
#1124-d274 @A: 05 23 13 11 | 08
#1125-d274 @A: 28 15 27 11 | 04
#1126-d274 @A: 23 03 27 11 | 07
#1127-d274 @A: 23 33 26 17 | 05
#1128-d274 @A: 15 26 25 05 | 02
#1129-d274 @A: 12 13 35 06 | 09
#1130-d274 @A: 24 07 12 35 | 12
#1131-d274 @A: 13 17 28 35 | 06
#1132-d274 @A: 25 12 03 35 | 01
#1133-d274 @A: 23 32 35 30 | 11
#1134-d274 @A: 02 08 19 25 | 10
#1135-d274 @A: 27 20 02 12 | 03
#1136-d274 @A: 02 26 22 30 | 08
#1137-d274 @A: 02 06 04 09 | 04
#1138-d274 @A: 09 15 17 02 | 07
#1139-d274 @A: 02 10 16 23 | 05
#1140-d274 @A: 32 05 02 10 | 02
#1141-d274 @A: 15 01 14 02 | 09
#1142-d274 @A: 03 02 35 04 | 12
#1143-d274 @A: 28 02 33 18 | 06
#1144-d274 @A: 11 27 02 25 | 01
#1145-d274 @A: 30 02 06 12 | 11
#1146-d274 @A: 30 23 02 28 | 10
#1147-d274 @A: 30 25 15 02 | 03
#1148-d274 @A: 08 33 14 20 | 08
#1149-d274 @A: 10 08 15 22 | 04
#1150-d274 @A: 08 22 17 26 | 07
#1151-d274 @A: 07 30 08 22 | 05
#1152-d274 @A: 08 12 26 19 | 02
#1153-d274 @A: 09 08 35 33 | 09
#1154-d274 @A: 08 32 09 30 | 12
#1155-d274 @A: 08 13 26 10 | 06
#1156-d274 @A: 03 34 08 04 | 01
#1157-d274 @A: 08 21 31 25 | 11
#1158-d274 @A: 08 16 12 01 | 10
#1159-d274 @A: 04 08 23 11 | 03
#1160-d274 @A: 21 32 08 18 | 08
#1161-d274 @A: 03 21 08 11 | 04
#1162-d274 @A: 25 08 30 11 | 07
#1163-d274 @A: 01 20 22 32 | 05
#1164-d274 @A: 10 15 19 20 | 02
#1165-d274 @A: 04 27 19 20 | 09
#1166-d274 @A: 13 10 20 04 | 12
#1167-d274 @A: 20 10 35 05 | 06
#1168-d274 @A: 35 34 20 03 | 01
#1169-d274 @A: 20 14 18 03 | 11
#1170-d274 @A: 20 29 33 31 | 10
#1171-d274 @A: 20 32 24 31 | 03
#1172-d274 @A: 05 03 20 29 | 08
#1173-d274 @A: 17 11 21 20 | 04
#1174-d274 @A: 20 25 26 33 | 07
#1175-d274 @A: 20 25 30 13 | 05
#1176-d274 @A: 20 27 25 03 | 02
#1177-d274 @A: 35 28 19 22 | 09
#1178-d274 @A: 22 19 12 24 | 12
#1179-d274 @A: 09 11 22 15 | 06
#1180-d274 @A: 22 21 11 10 | 01
#1181-d274 @A: 24 22 23 34 | 11
#1182-d274 @A: 06 14 22 31 | 10
#1183-d274 @A: 14 07 22 04 | 03
#1184-d274 @A: 01 04 12 22 | 08
#1185-d274 @A: 22 15 04 29 | 04
#1186-d274 @A: 18 22 30 06 | 07
#1187-d274 @A: 26 32 22 13 | 05
#1188-d274 @A: 27 06 33 22 | 02
#1189-d274 @A: 22 17 06 23 | 09
#1190-d274 @A: 03 07 22 32 | 12
#1191-d274 @A: 12 25 22 21 | 06
#1192-d274 @A: 09 35 19 25 | 01
#1193-d274 @A: 14 19 10 29 | 11
#1194-d274 @A: 10 19 24 31 | 10
#1195-d274 @A: 06 10 19 35 | 03
#1196-d274 @A: 03 12 19 10 | 08
#1197-d274 @A: 19 25 18 14 | 04
#1198-d274 @A: 26 19 07 01 | 07
#1199-d274 @A: 19 04 07 33 | 05
#1200-d274 @A: 19 17 05 35 | 02
#1201-d274 @A: 27 12 19 06 | 09
#1202-d274 @A: 27 19 30 28 | 12
#1203-d274 @A: 09 01 34 12 | 06
#1204-d274 @A: 31 29 09 12 | 01
#1205-d274 @A: 29 17 09 11 | 11
#1206-d274 @A: 09 07 24 06 | 10
#1207-d274 @A: 09 24 28 15 | 03
#1208-d274 @A: 17 07 12 09 | 08
#1209-d274 @A: 15 03 30 09 | 04
#1210-d274 @A: 34 16 10 07 | 07
#1211-d274 @A: 01 05 21 10 | 05
#1212-d274 @A: 35 03 18 10 | 02
#1213-d274 @A: 21 18 10 35 | 09
#1214-d274 @A: 26 10 21 30 | 12
#1215-d274 @A: 25 10 30 07 | 06
#1216-d274 @A: 21 17 10 25 | 01
#1217-d274 @A: 14 26 34 23 | 11
#1218-d274 @A: 03 01 18 34 | 10
#1219-d274 @A: 33 23 34 18 | 03
#1220-d274 @A: 24 34 21 11 | 08
#1221-d274 @A: 27 13 34 15 | 04
#1222-d274 @A: 21 27 01 14 | 07
#1223-d274 @A: 27 18 16 14 | 05
#1224-d274 @A: 25 14 29 11 | 02
#1225-d274 @A: 05 29 23 14 | 09
#1226-d274 @A: 35 11 14 07 | 12
#1227-d274 @A: 13 24 14 11 | 06
#1228-d274 @A: 07 05 15 14 | 01
#1229-d274 @A: 17 07 25 14 | 11
#1230-d274 @A: 14 32 12 15 | 10
#1231-d274 @A: 31 01 17 06 | 03
#1232-d274 @A: 25 31 24 01 | 08
#1233-d274 @A: 31 13 18 04 | 04
#1234-d274 @A: 05 13 31 17 | 07
#1235-d274 @A: 28 31 05 27 | 05
#1236-d274 @A: 12 31 23 15 | 02
#1237-d274 @A: 04 15 11 01 | 09
#1238-d274 @A: 01 03 16 30 | 12
#1239-d274 @A: 01 29 13 18 | 06
#1240-d274 @A: 25 33 01 15 | 01
#1241-d274 @A: 12 13 27 01 | 11
#1242-d274 @A: 30 17 01 28 | 10
#1243-d274 @A: 01 25 28 32 | 03
#1244-d274 @A: 04 16 35 23 | 08
#1245-d274 @A: 06 29 04 13 | 04
#1246-d274 @A: 11 12 04 33 | 07
#1247-d274 @A: 25 11 05 04 | 05
#1248-d274 @A: 04 03 15 24 | 02
#1249-d274 @A: 33 04 28 32 | 09
#1250-d274 @A: 23 04 25 30 | 12
#1251-d274 @A: 16 11 18 23 | 06
#1252-d274 @A: 16 11 35 21 | 01
#1253-d274 @A: 17 16 35 25 | 11
#1254-d274 @A: 17 32 16 13 | 10
#1255-d274 @A: 29 06 23 33 | 03
#1256-d274 @A: 07 29 24 33 | 08
#1257-d274 @A: 13 30 33 29 | 04
#1258-d274 @A: 33 12 28 29 | 07
#1259-d274 @A: 05 32 29 30 | 05
#1260-d274 @A: 07 21 17 29 | 02
#1261-d274 @A: 25 23 07 29 | 09
#1262-d274 @A: 03 32 21 29 | 12
#1263-d274 @A: 18 06 17 27 | 06
#1264-d274 @A: 13 21 25 18 | 01
#1265-d274 @A: 18 03 27 30 | 11
#1266-d274 @A: 07 26 21 11 | 10
#1267-d274 @A: 06 05 11 28 | 03
#1268-d274 @A: 11 24 15 33 | 08
#1269-d274 @A: 05 24 17 11 | 04
#1270-d274 @A: 11 25 28 13 | 07
#1271-d274 @A: 12 30 11 15 | 05
#1272-d274 @A: 26 13 06 28 | 02
#1273-d274 @A: 27 26 06 32 | 09
#1274-d274 @A: 06 25 15 35 | 12
#1275-d274 @A: 35 15 03 05 | 06
#1276-d274 @A: 35 07 15 32 | 01
#1277-d274 @A: 12 35 21 27 | 11
#1278-d274 @A: 02 30 08 35 | 10
#1279-d274 @A: 24 21 02 08 | 03
#1280-d274 @A: 03 19 02 20 | 08
#1281-d274 @A: 02 18 06 20 | 04
#1282-d274 @A: 02 20 17 35 | 07
#1283-d274 @A: 02 21 20 32 | 05
#1284-d274 @A: 13 02 22 04 | 02
#1285-d274 @A: 09 24 02 31 | 09
#1286-d274 @A: 01 23 11 02 | 12
#1287-d274 @A: 02 35 18 15 | 06
#1288-d274 @A: 21 02 11 27 | 01
#1289-d274 @A: 07 24 02 17 | 11
#1290-d274 @A: 21 02 17 33 | 10
#1291-d274 @A: 13 15 05 02 | 03
#1292-d274 @A: 14 08 13 22 | 08
#1293-d274 @A: 08 22 01 33 | 04
#1294-d274 @A: 10 08 14 04 | 07
#1295-d274 @A: 18 32 10 08 | 05
#1296-d274 @A: 08 01 34 32 | 02
#1297-d274 @A: 08 34 26 33 | 09
#1298-d274 @A: 23 08 25 14 | 12
#1299-d274 @A: 08 04 18 15 | 06
#1300-d274 @A: 08 18 17 29 | 01
#1301-d274 @A: 17 15 08 06 | 11
#1302-d274 @A: 24 03 07 08 | 10
#1303-d274 @A: 07 25 08 33 | 03
#1304-d274 @A: 23 08 17 05 | 08
#1305-d274 @A: 08 03 30 17 | 04
#1306-d274 @A: 19 11 20 25 | 07
#1307-d274 @A: 09 20 07 31 | 05
#1308-d274 @A: 20 11 10 06 | 02
#1309-d274 @A: 20 15 24 34 | 09
#1310-d274 @A: 31 27 17 20 | 12
#1311-d274 @A: 28 01 04 20 | 06
#1312-d274 @A: 04 32 29 20 | 01
#1313-d274 @A: 18 20 32 16 | 11
#1314-d274 @A: 23 29 20 26 | 10
#1315-d274 @A: 35 20 33 30 | 03
#1316-d274 @A: 07 05 06 20 | 08
#1317-d274 @A: 20 25 23 06 | 04
#1318-d274 @A: 24 27 20 33 | 07
#1319-d274 @A: 20 05 30 12 | 05
#1320-d274 @A: 27 21 20 07 | 02
#1321-d274 @A: 03 22 09 01 | 09
#1322-d274 @A: 26 09 22 12 | 12
#1323-d274 @A: 22 35 10 17 | 06
#1324-d274 @A: 10 27 22 30 | 01
#1325-d274 @A: 14 22 21 17 | 11
#1326-d274 @A: 22 01 30 35 | 10
#1327-d274 @A: 32 22 11 16 | 03
#1328-d274 @A: 22 03 15 16 | 08
#1329-d274 @A: 33 26 22 29 | 04
#1330-d274 @A: 29 22 24 30 | 07
#1331-d274 @A: 29 22 23 12 | 05
#1332-d274 @A: 22 24 35 18 | 02
#1333-d274 @A: 24 21 22 13 | 09
#1334-d274 @A: 22 28 13 07 | 12
#1335-d274 @A: 13 22 17 25 | 06
#1336-d274 @A: 32 15 22 21 | 01
#1337-d274 @A: 19 09 21 04 | 11
#1338-d274 @A: 31 21 19 29 | 10
#1339-d274 @A: 19 23 03 31 | 03
#1340-d274 @A: 25 16 19 01 | 08
#1341-d274 @A: 19 04 32 35 | 04
#1342-d274 @A: 33 19 16 15 | 07
#1343-d274 @A: 35 24 19 29 | 05
#1344-d274 @A: 32 24 07 19 | 02
#1345-d274 @A: 28 19 33 23 | 09
#1346-d274 @A: 31 10 25 09 | 12
#1347-d274 @A: 32 34 09 11 | 06
#1348-d274 @A: 14 29 27 09 | 01
#1349-d274 @A: 15 26 31 09 | 11
#1350-d274 @A: 01 33 29 09 | 10
#1351-d274 @A: 30 01 09 24 | 03
#1352-d274 @A: 09 15 13 16 | 08
#1353-d274 @A: 21 11 09 29 | 04
#1354-d274 @A: 18 24 17 09 | 07
#1355-d274 @A: 09 13 07 05 | 05
#1356-d274 @A: 25 27 09 05 | 02
#1357-d274 @A: 09 30 21 27 | 09
#1358-d274 @A: 17 10 32 14 | 12
#1359-d274 @A: 01 27 18 10 | 06
#1360-d274 @A: 10 12 04 23 | 01
#1361-d274 @A: 16 32 26 10 | 11
#1362-d274 @A: 18 10 11 13 | 10
#1363-d274 @A: 06 10 15 03 | 03
#1364-d274 @A: 10 15 07 24 | 08
#1365-d274 @A: 05 33 23 10 | 04
#1366-d274 @A: 33 10 27 07 | 07
#1367-d274 @A: 13 03 10 17 | 05
#1368-d274 @A: 12 27 25 10 | 02
#1369-d274 @A: 12 34 18 31 | 09
#1370-d274 @A: 27 34 31 21 | 12
#1371-d274 @A: 21 18 03 34 | 06
#1372-d274 @A: 30 06 13 34 | 01
#1373-d274 @A: 34 17 27 24 | 11
#1374-d274 @A: 12 25 33 34 | 10
#1375-d274 @A: 26 14 25 04 | 03
#1376-d274 @A: 26 14 30 29 | 08
#1377-d274 @A: 26 14 11 06 | 04
#1378-d274 @A: 14 27 35 03 | 07
#1379-d274 @A: 30 14 21 35 | 05
#1380-d274 @A: 12 33 14 07 | 02
#1381-d274 @A: 03 25 32 14 | 09
#1382-d274 @A: 11 01 07 31 | 12
#1383-d274 @A: 31 18 17 16 | 06
#1384-d274 @A: 31 12 11 21 | 01
#1385-d274 @A: 30 33 31 26 | 11
#1386-d274 @A: 23 07 31 05 | 10
#1387-d274 @A: 31 32 05 25 | 03
#1388-d274 @A: 12 31 27 07 | 08
#1389-d274 @A: 01 06 35 29 | 04
#1390-d274 @A: 01 18 26 17 | 07
#1391-d274 @A: 26 15 01 27 | 05
#1392-d274 @A: 24 30 21 01 | 02
#1393-d274 @A: 23 32 05 01 | 09
#1394-d274 @A: 04 05 18 16 | 12
#1395-d274 @A: 07 04 16 11 | 06
#1396-d274 @A: 26 04 18 06 | 01
#1397-d274 @A: 04 11 13 35 | 11
#1398-d274 @A: 07 03 06 04 | 10
#1399-d274 @A: 24 04 23 07 | 03
#1400-d274 @A: 04 15 33 30 | 08
#1401-d274 @A: 35 16 29 03 | 04
#1402-d274 @A: 28 23 12 16 | 07
#1403-d274 @A: 11 26 29 24 | 05
#1404-d274 @A: 35 29 05 11 | 02
#1405-d274 @A: 23 29 13 28 | 09
#1406-d274 @A: 29 32 13 12 | 12
#1407-d274 @A: 17 15 23 29 | 06
#1408-d274 @A: 18 35 28 11 | 01
#1409-d274 @A: 05 18 03 28 | 11
#1410-d274 @A: 26 11 15 23 | 10
#1411-d274 @A: 11 33 07 13 | 03
#1412-d274 @A: 15 35 26 28 | 08
#1413-d274 @A: 23 13 26 25 | 04
#1414-d274 @A: 26 17 28 03 | 07
#1415-d274 @A: 28 30 06 35 | 05
#1416-d274 @A: 15 35 06 21 | 02
#1417-d274 @A: 28 35 12 27 | 09
#1418-d274 @A: 27 23 17 35 | 12
#1419-d274 @A: 06 30 21 32 | 06
#1420-d274 @A: 09 20 13 02 | 01
#1421-d274 @A: 05 02 31 20 | 11
#1422-d274 @A: 07 20 02 11 | 10
#1423-d274 @A: 02 25 16 22 | 03
#1424-d274 @A: 18 22 02 12 | 08
#1425-d274 @A: 22 02 03 21 | 04
#1426-d274 @A: 23 02 14 19 | 07
#1427-d274 @A: 07 01 09 02 | 05
#1428-d274 @A: 26 15 34 02 | 02
#1429-d274 @A: 14 17 02 30 | 09
#1430-d274 @A: 31 12 02 04 | 12
#1431-d274 @A: 26 13 01 02 | 06
#1432-d274 @A: 04 26 24 02 | 01
#1433-d274 @A: 30 27 16 02 | 11
#1434-d274 @A: 06 28 07 02 | 10
#1435-d274 @A: 07 05 33 02 | 03
#1436-d274 @A: 08 19 20 24 | 08
#1437-d274 @A: 20 17 08 10 | 04
#1438-d274 @A: 28 10 09 08 | 07
#1439-d274 @A: 17 13 09 08 | 05
#1440-d274 @A: 14 24 08 01 | 02
#1441-d274 @A: 35 08 14 06 | 09
#1442-d274 @A: 08 30 15 14 | 12
#1443-d274 @A: 01 13 08 03 | 06
#1444-d274 @A: 08 03 33 18 | 01
#1445-d274 @A: 08 24 28 35 | 11
#1446-d274 @A: 05 33 27 08 | 10
#1447-d274 @A: 20 09 30 22 | 03
#1448-d274 @A: 20 03 04 22 | 08
#1449-d274 @A: 20 29 18 34 | 04
#1450-d274 @A: 26 31 06 20 | 07
#1451-d274 @A: 01 20 29 15 | 05
#1452-d274 @A: 20 24 03 13 | 02
#1453-d274 @A: 20 28 13 15 | 09
#1454-d274 @A: 20 15 27 30 | 12
#1455-d274 @A: 19 09 22 07 | 06
#1456-d274 @A: 22 19 23 11 | 01
#1457-d274 @A: 22 04 32 10 | 11
#1458-d274 @A: 31 01 22 28 | 10
#1459-d274 @A: 31 22 04 27 | 03
#1460-d274 @A: 29 13 31 22 | 08
#1461-d274 @A: 16 26 23 22 | 04
#1462-d274 @A: 16 22 07 24 | 07
#1463-d274 @A: 22 21 29 30 | 05
#1464-d274 @A: 18 26 22 07 | 02
#1465-d274 @A: 22 05 35 13 | 09
#1466-d274 @A: 28 12 22 06 | 12
#1467-d274 @A: 22 15 33 28 | 06
#1468-d274 @A: 25 22 33 30 | 01
#1469-d274 @A: 22 27 23 32 | 11
#1470-d274 @A: 10 32 27 19 | 10
#1471-d274 @A: 19 04 24 34 | 03
#1472-d274 @A: 19 34 17 26 | 08
#1473-d274 @A: 19 14 28 01 | 04
#1474-d274 @A: 35 26 19 31 | 07
#1475-d274 @A: 23 19 05 06 | 05
#1476-d274 @A: 23 07 19 30 | 02
#1477-d274 @A: 03 10 16 09 | 09
#1478-d274 @A: 05 34 35 09 | 12
#1479-d274 @A: 14 15 09 25 | 06
#1480-d274 @A: 26 23 09 01 | 01
#1481-d274 @A: 32 04 09 05 | 11
#1482-d274 @A: 29 09 35 15 | 10
#1483-d274 @A: 09 18 06 05 | 03
#1484-d274 @A: 03 07 35 09 | 08
#1485-d274 @A: 23 06 15 09 | 04
#1486-d274 @A: 10 34 15 29 | 07
#1487-d274 @A: 25 01 10 13 | 05
#1488-d274 @A: 06 33 04 10 | 02
#1489-d274 @A: 35 27 16 10 | 09
#1490-d274 @A: 23 21 29 10 | 12
#1491-d274 @A: 06 23 28 10 | 06
#1492-d274 @A: 33 15 10 13 | 01
#1493-d274 @A: 07 03 23 10 | 11
#1494-d274 @A: 14 11 34 17 | 10
#1495-d274 @A: 34 31 11 05 | 03
#1496-d274 @A: 01 16 34 23 | 08
#1497-d274 @A: 06 01 34 11 | 04
#1498-d274 @A: 34 25 24 11 | 07
#1499-d274 @A: 33 34 30 05 | 05
#1500-d274 @A: 05 12 34 13 | 02
#1501-d274 @A: 15 03 34 32 | 09
#1502-d274 @A: 31 32 14 04 | 12
#1503-d274 @A: 26 01 14 12 | 06
#1504-d274 @A: 32 06 33 14 | 01
#1505-d274 @A: 06 14 27 07 | 11
#1506-d274 @A: 33 24 21 14 | 10
#1507-d274 @A: 30 03 14 12 | 03
#1508-d274 @A: 23 21 03 14 | 08
#1509-d274 @A: 27 31 29 06 | 04
#1510-d274 @A: 21 35 32 31 | 07
#1511-d274 @A: 28 12 31 24 | 05
#1512-d274 @A: 25 13 33 31 | 02
#1513-d274 @A: 21 31 07 33 | 09
#1514-d274 @A: 25 23 31 27 | 12
#1515-d274 @A: 01 07 33 16 | 06
#1516-d274 @A: 29 07 12 01 | 01
#1517-d274 @A: 24 33 01 18 | 11
#1518-d274 @A: 01 12 05 28 | 10
#1519-d274 @A: 18 04 33 35 | 03
#1520-d274 @A: 26 04 33 21 | 08
#1521-d274 @A: 04 30 13 24 | 04
#1522-d274 @A: 04 12 15 13 | 07
#1523-d274 @A: 04 07 21 03 | 05
#1524-d274 @A: 16 24 33 28 | 02
#1525-d274 @A: 17 33 30 16 | 09
#1526-d274 @A: 16 30 32 12 | 12
#1527-d274 @A: 28 24 25 29 | 06
#1528-d274 @A: 29 24 27 32 | 01
#1529-d274 @A: 23 24 30 18 | 11
#1530-d274 @A: 32 18 33 30 | 10
#1531-d274 @A: 18 30 05 21 | 03
#1532-d274 @A: 15 18 05 23 | 08
#1533-d274 @A: 12 18 07 28 | 04
#1534-d274 @A: 18 15 03 12 | 07
#1535-d274 @A: 12 30 17 18 | 05
#1536-d274 @A: 03 18 25 23 | 02
#1537-d274 @A: 03 11 06 24 | 09
#1538-d274 @A: 17 11 13 06 | 12
#1539-d274 @A: 11 30 05 07 | 06
#1540-d274 @A: 07 11 32 17 | 01
#1541-d274 @A: 25 32 11 23 | 11
#1542-d274 @A: 26 33 13 35 | 10
#1543-d274 @A: 26 06 07 17 | 03
#1544-d274 @A: 05 03 32 26 | 08
#1545-d274 @A: 21 27 15 26 | 04
#1546-d274 @A: 15 30 35 13 | 07
#1547-d274 @A: 35 28 23 25 | 05
#1548-d274 @A: 13 27 21 06 | 02
#1549-d274 @A: 33 25 32 21 | 09
#1550-d274 @A: 08 11 02 06 | 12
#1551-d274 @A: 10 19 02 18 | 06
#1552-d274 @A: 32 19 02 34 | 01
#1553-d274 @A: 19 11 02 05 | 11
#1554-d274 @A: 11 34 02 03 | 10
#1555-d274 @A: 31 14 07 02 | 03
#1556-d274 @A: 21 02 13 31 | 08
#1557-d274 @A: 01 17 02 33 | 04
#1558-d274 @A: 04 15 02 16 | 07
#1559-d274 @A: 05 28 04 02 | 05
#1560-d274 @A: 02 32 16 35 | 02
#1561-d274 @A: 02 28 12 13 | 09
#1562-d274 @A: 28 03 15 02 | 12
#1563-d274 @A: 26 20 15 08 | 06
#1564-d274 @A: 19 34 06 08 | 01
#1565-d274 @A: 14 17 08 19 | 11
#1566-d274 @A: 33 19 29 08 | 10
#1567-d274 @A: 08 19 15 11 | 03
#1568-d274 @A: 09 08 25 26 | 08
#1569-d274 @A: 08 10 35 12 | 04
#1570-d274 @A: 08 12 18 14 | 07
#1571-d274 @A: 11 03 14 08 | 05
#1572-d274 @A: 08 04 35 26 | 02
#1573-d274 @A: 18 11 07 08 | 09
#1574-d274 @A: 08 17 35 21 | 12
#1575-d274 @A: 30 13 08 27 | 06
#1576-d274 @A: 23 08 28 32 | 01
#1577-d274 @A: 27 22 20 14 | 11
#1578-d274 @A: 23 20 32 10 | 10
#1579-d274 @A: 20 23 35 14 | 03
#1580-d274 @A: 05 21 20 16 | 08
#1581-d274 @A: 11 20 13 29 | 04
#1582-d274 @A: 23 17 30 20 | 07
#1583-d274 @A: 22 33 10 19 | 05
#1584-d274 @A: 09 22 10 13 | 02
#1585-d274 @A: 16 34 13 22 | 09
#1586-d274 @A: 01 22 14 16 | 12
#1587-d274 @A: 26 15 22 14 | 06
#1588-d274 @A: 14 12 22 35 | 01
#1589-d274 @A: 33 22 16 04 | 11
#1590-d274 @A: 32 35 29 22 | 10
#1591-d274 @A: 35 03 22 11 | 03
#1592-d274 @A: 03 06 13 22 | 08
#1593-d274 @A: 24 33 22 03 | 04
#1594-d274 @A: 24 22 28 05 | 07
#1595-d274 @A: 22 03 27 05 | 05
#1596-d274 @A: 22 32 15 30 | 02
#1597-d274 @A: 09 19 24 26 | 09
#1598-d274 @A: 14 34 19 13 | 12
#1599-d274 @A: 04 06 19 14 | 06
#1600-d274 @A: 18 32 19 31 | 01
#1601-d274 @A: 12 16 04 19 | 11
#1602-d274 @A: 04 11 29 19 | 10
#1603-d274 @A: 19 16 28 32 | 03
#1604-d274 @A: 06 18 28 19 | 08
#1605-d274 @A: 17 23 19 24 | 04
#1606-d274 @A: 13 32 19 33 | 07
#1607-d274 @A: 32 19 12 05 | 05
#1608-d274 @A: 21 07 19 32 | 02
#1609-d274 @A: 10 09 07 14 | 09
#1610-d274 @A: 32 14 24 09 | 12
#1611-d274 @A: 06 09 31 13 | 06
#1612-d274 @A: 09 28 35 01 | 01
#1613-d274 @A: 33 23 09 13 | 11
#1614-d274 @A: 32 15 33 09 | 10
#1615-d274 @A: 09 03 13 32 | 03
#1616-d274 @A: 17 05 09 28 | 08
#1617-d274 @A: 09 28 25 30 | 04
#1618-d274 @A: 09 23 12 25 | 07
#1619-d274 @A: 10 14 25 05 | 05
#1620-d274 @A: 10 01 24 29 | 02
#1621-d274 @A: 10 11 17 16 | 09
#1622-d274 @A: 26 24 28 10 | 12
#1623-d274 @A: 06 07 10 13 | 06
#1624-d274 @A: 10 24 03 32 | 01
#1625-d274 @A: 28 33 10 25 | 11
#1626-d274 @A: 01 14 07 34 | 10
#1627-d274 @A: 31 34 33 01 | 03
#1628-d274 @A: 35 23 34 31 | 08
#1629-d274 @A: 01 26 25 34 | 04
#1630-d274 @A: 04 34 29 33 | 07
#1631-d274 @A: 05 34 04 26 | 05
#1632-d274 @A: 34 16 03 24 | 02
#1633-d274 @A: 07 34 05 18 | 09
#1634-d274 @A: 34 03 07 33 | 12
#1635-d274 @A: 17 21 34 12 | 06
#1636-d274 @A: 17 30 34 32 | 01
#1637-d274 @A: 01 14 31 29 | 11
#1638-d274 @A: 14 33 23 04 | 10
#1639-d274 @A: 24 14 06 23 | 03
#1640-d274 @A: 14 03 28 24 | 08
#1641-d274 @A: 33 14 15 17 | 04
#1642-d274 @A: 04 16 31 03 | 07
#1643-d274 @A: 21 18 04 31 | 05
#1644-d274 @A: 12 31 26 16 | 02
#1645-d274 @A: 31 26 03 18 | 09
#1646-d274 @A: 24 31 06 33 | 12
#1647-d274 @A: 28 16 01 18 | 06
#1648-d274 @A: 01 03 17 11 | 01
#1649-d274 @A: 24 06 15 01 | 11
#1650-d274 @A: 01 27 03 24 | 10
#1651-d274 @A: 32 01 24 17 | 03
#1652-d274 @A: 21 07 01 05 | 08
#1653-d274 @A: 23 27 28 01 | 04
#1654-d274 @A: 25 07 15 04 | 07
#1655-d274 @A: 12 32 27 04 | 05
#1656-d274 @A: 33 11 16 29 | 02
#1657-d274 @A: 24 25 16 30 | 09
#1658-d274 @A: 33 16 25 32 | 12
#1659-d274 @A: 16 12 05 25 | 06
#1660-d274 @A: 07 15 12 16 | 01
#1661-d274 @A: 16 07 03 25 | 11
#1662-d274 @A: 27 11 12 29 | 10
#1663-d274 @A: 29 05 24 06 | 03
#1664-d274 @A: 24 17 29 13 | 08
#1665-d274 @A: 05 15 29 33 | 04
#1666-d274 @A: 33 03 29 27 | 07
#1667-d274 @A: 33 29 17 32 | 05
#1668-d274 @A: 29 13 25 05 | 02
#1669-d274 @A: 17 06 18 21 | 09
#1670-d274 @A: 28 18 24 32 | 12
#1671-d274 @A: 21 23 18 24 | 06
#1672-d274 @A: 11 32 06 12 | 01
#1673-d274 @A: 24 23 11 28 | 11
#1674-d274 @A: 28 11 25 21 | 10
#1675-d274 @A: 12 26 15 06 | 03
#1676-d274 @A: 26 24 13 15 | 08
#1677-d274 @A: 13 03 26 30 | 04
#1678-d274 @A: 26 23 05 28 | 07
#1679-d274 @A: 07 30 15 26 | 05
#1680-d274 @A: 07 26 27 25 | 02
#1681-d274 @A: 12 26 25 28 | 09
#1682-d274 @A: 21 03 28 26 | 12
#1683-d274 @A: 32 30 28 26 | 06
#1684-d274 @A: 17 06 35 32 | 01
#1685-d274 @A: 07 27 35 13 | 11
#1686-d274 @A: 28 35 32 03 | 10
#1687-d274 @A: 21 12 06 33 | 03
#1688-d274 @A: 28 24 21 17 | 08
#1689-d274 @A: 28 21 30 23 | 04
