#0001-d332 @A: 25 13 26 05 | 12
#0002-d332 @A: 25 34 18 14 | 09
#0003-d332 @A: 23 04 25 27 | 05
#0004-d332 @A: 04 29 25 28 | 03
#0005-d332 @A: 14 25 10 03 | 06
#0006-d332 @A: 25 18 10 20 | 04
#0007-d332 @A: 25 11 07 24 | 02
#0008-d332 @A: 33 25 18 11 | 11
#0009-d332 @A: 01 16 05 25 | 08
#0010-d332 @A: 25 02 20 16 | 07
#0011-d332 @A: 26 20 01 25 | 01
#0012-d332 @A: 12 24 25 22 | 10
#0013-d332 @A: 02 24 25 14 | 12
#0014-d332 @A: 25 27 29 24 | 09
#0015-d332 @A: 25 19 17 09 | 05
#0016-d332 @A: 26 32 25 09 | 03
#0017-d332 @A: 35 32 20 25 | 06
#0018-d332 @A: 28 31 06 25 | 04
#0019-d332 @A: 25 02 03 15 | 02
#0020-d332 @A: 13 30 01 32 | 11
#0021-d332 @A: 30 28 13 20 | 08
#0022-d332 @A: 16 30 18 34 | 07
#0023-d332 @A: 30 19 14 34 | 01
#0024-d332 @A: 04 30 29 31 | 10
#0025-d332 @A: 30 26 06 04 | 12
#0026-d332 @A: 19 12 30 10 | 09
#0027-d332 @A: 12 11 14 30 | 05
#0028-d332 @A: 16 22 30 07 | 03
#0029-d332 @A: 30 26 24 01 | 06
#0030-d332 @A: 24 14 30 27 | 04
#0031-d332 @A: 26 31 30 14 | 02
#0032-d332 @A: 30 19 09 26 | 11
#0033-d332 @A: 30 33 26 02 | 08
#0034-d332 @A: 08 15 26 30 | 07
#0035-d332 @A: 12 30 26 28 | 01
#0036-d332 @A: 30 07 19 20 | 10
#0037-d332 @A: 19 30 03 08 | 12
#0038-d332 @A: 02 27 30 08 | 09
#0039-d332 @A: 04 19 11 13 | 05
#0040-d332 @A: 04 13 05 16 | 03
#0041-d332 @A: 04 13 17 08 | 06
#0042-d332 @A: 23 13 16 32 | 04
#0043-d332 @A: 16 13 11 15 | 02
#0044-d332 @A: 35 13 32 24 | 11
#0045-d332 @A: 13 07 08 03 | 08
#0046-d332 @A: 27 12 20 13 | 07
#0047-d332 @A: 31 28 13 32 | 01
#0048-d332 @A: 31 13 20 02 | 10
#0049-d332 @A: 34 01 11 04 | 12
#0050-d332 @A: 17 34 28 04 | 09
#0051-d332 @A: 08 17 23 34 | 05
#0052-d332 @A: 09 10 34 35 | 03
#0053-d332 @A: 24 34 12 16 | 06
#0054-d332 @A: 22 06 34 17 | 04
#0055-d332 @A: 14 34 21 33 | 02
#0056-d332 @A: 06 29 34 12 | 11
#0057-d332 @A: 24 20 34 28 | 08
#0058-d332 @A: 28 07 18 34 | 07
#0059-d332 @A: 02 32 34 08 | 01
#0060-d332 @A: 06 34 28 15 | 10
#0061-d332 @A: 04 31 23 10 | 12
#0062-d332 @A: 04 03 08 11 | 09
#0063-d332 @A: 06 16 33 04 | 05
#0064-d332 @A: 12 04 22 14 | 03
#0065-d332 @A: 21 14 04 27 | 06
#0066-d332 @A: 03 31 24 04 | 04
#0067-d332 @A: 32 04 28 09 | 02
#0068-d332 @A: 32 07 04 28 | 11
#0069-d332 @A: 08 04 15 18 | 08
#0070-d332 @A: 07 11 23 10 | 07
#0071-d332 @A: 11 15 23 26 | 01
#0072-d332 @A: 28 16 23 15 | 10
#0073-d332 @A: 24 08 23 22 | 12
#0074-d332 @A: 23 32 17 28 | 09
#0075-d332 @A: 23 31 05 26 | 05
#0076-d332 @A: 23 21 07 08 | 03
#0077-d332 @A: 23 08 31 18 | 06
#0078-d332 @A: 28 23 06 27 | 04
#0079-d332 @A: 11 24 06 10 | 02
#0080-d332 @A: 19 11 35 10 | 11
#0081-d332 @A: 10 32 18 16 | 08
#0082-d332 @A: 14 20 10 01 | 07
#0083-d332 @A: 10 01 29 28 | 01
#0084-d332 @A: 27 33 05 10 | 10
#0085-d332 @A: 27 15 18 10 | 12
#0086-d332 @A: 11 31 17 08 | 09
#0087-d332 @A: 09 20 32 11 | 05
#0088-d332 @A: 19 11 03 15 | 03
#0089-d332 @A: 02 19 11 21 | 06
#0090-d332 @A: 32 03 11 12 | 04
#0091-d332 @A: 15 14 01 16 | 02
#0092-d332 @A: 09 20 16 24 | 11
#0093-d332 @A: 24 16 27 33 | 08
#0094-d332 @A: 06 16 35 27 | 07
#0095-d332 @A: 12 08 16 18 | 01
#0096-d332 @A: 16 08 21 03 | 10
#0097-d332 @A: 01 24 31 07 | 12
#0098-d332 @A: 35 06 17 01 | 09
#0099-d332 @A: 09 03 26 01 | 05
#0100-d332 @A: 20 08 09 01 | 03
#0101-d332 @A: 08 07 01 35 | 06
#0102-d332 @A: 21 18 01 08 | 04
#0103-d332 @A: 18 15 01 20 | 02
#0104-d332 @A: 03 01 19 27 | 11
#0105-d332 @A: 19 28 01 12 | 08
#0106-d332 @A: 01 20 27 06 | 07
#0107-d332 @A: 02 01 20 21 | 01
#0108-d332 @A: 17 15 22 14 | 10
#0109-d332 @A: 32 19 22 27 | 12
#0110-d332 @A: 22 03 27 31 | 09
#0111-d332 @A: 06 02 22 32 | 05
#0112-d332 @A: 17 24 14 32 | 03
#0113-d332 @A: 09 15 26 14 | 06
#0114-d332 @A: 03 09 14 12 | 04
#0115-d332 @A: 19 03 14 20 | 02
#0116-d332 @A: 17 29 08 35 | 11
#0117-d332 @A: 35 31 18 29 | 08
#0118-d332 @A: 29 07 03 32 | 07
#0119-d332 @A: 29 12 21 05 | 01
#0120-d332 @A: 24 05 08 07 | 10
#0121-d332 @A: 05 24 19 03 | 12
#0122-d332 @A: 05 02 24 28 | 09
#0123-d332 @A: 31 15 24 12 | 05
#0124-d332 @A: 21 06 24 03 | 03
#0125-d332 @A: 05 28 17 06 | 06
#0126-d332 @A: 08 26 06 07 | 04
#0127-d332 @A: 27 21 26 18 | 02
#0128-d332 @A: 21 05 32 26 | 11
#0129-d332 @A: 06 20 32 26 | 08
#0130-d332 @A: 27 09 18 35 | 07
#0131-d332 @A: 09 35 06 32 | 01
#0132-d332 @A: 09 35 20 21 | 10
#0133-d332 @A: 09 32 08 07 | 12
#0134-d332 @A: 07 09 06 18 | 09
#0135-d332 @A: 07 09 20 02 | 05
#0136-d332 @A: 09 31 32 12 | 03
#0137-d332 @A: 33 18 31 12 | 06
#0138-d332 @A: 35 28 03 18 | 04
#0139-d332 @A: 30 25 04 21 | 02
#0140-d332 @A: 25 10 30 07 | 11
#0141-d332 @A: 29 02 25 30 | 08
#0142-d332 @A: 24 25 30 19 | 07
#0143-d332 @A: 13 25 01 19 | 01
#0144-d332 @A: 12 25 34 10 | 10
#0145-d332 @A: 12 25 34 28 | 12
#0146-d332 @A: 25 04 18 24 | 09
#0147-d332 @A: 29 23 32 25 | 05
#0148-d332 @A: 03 08 23 25 | 03
#0149-d332 @A: 25 16 27 10 | 06
#0150-d332 @A: 08 25 32 10 | 04
#0151-d332 @A: 25 14 17 21 | 02
#0152-d332 @A: 15 14 05 25 | 11
#0153-d332 @A: 25 27 26 15 | 08
#0154-d332 @A: 19 20 12 25 | 07
#0155-d332 @A: 25 21 27 02 | 01
#0156-d332 @A: 25 31 32 15 | 10
#0157-d332 @A: 30 08 24 04 | 12
#0158-d332 @A: 04 09 32 30 | 09
#0159-d332 @A: 24 30 35 23 | 05
#0160-d332 @A: 30 21 29 11 | 03
#0161-d332 @A: 01 21 28 30 | 06
#0162-d332 @A: 29 18 30 17 | 04
#0163-d332 @A: 24 30 18 33 | 02
#0164-d332 @A: 30 17 19 33 | 11
#0165-d332 @A: 28 17 30 15 | 08
#0166-d332 @A: 35 07 30 09 | 07
#0167-d332 @A: 18 15 35 30 | 01
#0168-d332 @A: 20 12 30 02 | 10
#0169-d332 @A: 24 13 04 34 | 12
#0170-d332 @A: 13 02 34 29 | 09
#0171-d332 @A: 04 02 13 23 | 05
#0172-d332 @A: 13 04 28 08 | 03
#0173-d332 @A: 08 23 10 13 | 06
#0174-d332 @A: 23 05 13 01 | 04
#0175-d332 @A: 23 03 22 13 | 02
#0176-d332 @A: 13 23 06 19 | 11
#0177-d332 @A: 10 28 07 13 | 08
#0178-d332 @A: 13 10 31 15 | 07
#0179-d332 @A: 33 11 13 12 | 01
#0180-d332 @A: 13 03 31 11 | 10
#0181-d332 @A: 32 22 33 13 | 12
#0182-d332 @A: 13 33 27 29 | 09
#0183-d332 @A: 15 13 26 12 | 05
#0184-d332 @A: 35 19 05 13 | 03
#0185-d332 @A: 23 26 06 34 | 06
#0186-d332 @A: 01 22 27 34 | 04
#0187-d332 @A: 34 05 26 24 | 02
#0188-d332 @A: 32 34 24 31 | 11
#0189-d332 @A: 33 18 34 19 | 08
#0190-d332 @A: 21 07 34 06 | 07
#0191-d332 @A: 12 34 03 19 | 01
#0192-d332 @A: 34 02 20 19 | 10
#0193-d332 @A: 34 03 27 28 | 12
#0194-d332 @A: 10 04 26 20 | 09
#0195-d332 @A: 03 15 04 10 | 05
#0196-d332 @A: 05 11 04 26 | 03
#0197-d332 @A: 29 12 04 16 | 06
#0198-d332 @A: 14 15 33 04 | 04
#0199-d332 @A: 21 07 35 04 | 02
#0200-d332 @A: 20 21 15 04 | 11
#0201-d332 @A: 23 11 06 14 | 08
#0202-d332 @A: 26 16 22 23 | 07
#0203-d332 @A: 16 23 18 33 | 01
#0204-d332 @A: 01 29 31 23 | 10
#0205-d332 @A: 26 12 23 01 | 12
#0206-d332 @A: 09 01 06 23 | 09
#0207-d332 @A: 01 07 23 28 | 05
#0208-d332 @A: 02 22 29 23 | 03
#0209-d332 @A: 23 06 18 29 | 06
#0210-d332 @A: 12 17 23 24 | 04
#0211-d332 @A: 33 20 23 17 | 02
#0212-d332 @A: 28 05 23 33 | 11
#0213-d332 @A: 03 12 35 23 | 08
#0214-d332 @A: 23 35 20 02 | 07
#0215-d332 @A: 05 19 18 23 | 01
#0216-d332 @A: 23 03 19 21 | 10
#0217-d332 @A: 06 05 23 03 | 12
#0218-d332 @A: 20 28 23 03 | 09
#0219-d332 @A: 20 22 10 11 | 05
#0220-d332 @A: 10 11 05 29 | 03
#0221-d332 @A: 06 10 29 16 | 06
#0222-d332 @A: 01 18 10 33 | 04
#0223-d332 @A: 10 09 32 24 | 02
#0224-d332 @A: 05 10 09 26 | 11
#0225-d332 @A: 10 26 19 03 | 08
#0226-d332 @A: 20 27 10 19 | 07
#0227-d332 @A: 28 10 02 21 | 01
#0228-d332 @A: 03 11 28 01 | 10
#0229-d332 @A: 14 09 19 11 | 12
#0230-d332 @A: 11 14 21 35 | 09
#0231-d332 @A: 26 11 24 31 | 05
#0232-d332 @A: 18 02 11 08 | 03
#0233-d332 @A: 02 06 11 05 | 06
#0234-d332 @A: 18 09 16 01 | 04
#0235-d332 @A: 08 28 07 16 | 02
#0236-d332 @A: 06 08 16 02 | 11
#0237-d332 @A: 05 31 16 27 | 08
#0238-d332 @A: 16 03 15 20 | 07
#0239-d332 @A: 29 01 06 22 | 01
#0240-d332 @A: 24 19 14 01 | 10
#0241-d332 @A: 29 02 17 01 | 12
#0242-d332 @A: 15 08 31 01 | 09
#0243-d332 @A: 32 28 24 22 | 05
#0244-d332 @A: 21 33 22 26 | 03
#0245-d332 @A: 31 22 06 33 | 06
#0246-d332 @A: 31 22 12 08 | 04
#0247-d332 @A: 06 22 08 21 | 02
#0248-d332 @A: 06 05 22 12 | 11
#0249-d332 @A: 31 21 22 28 | 08
#0250-d332 @A: 14 02 20 26 | 07
#0251-d332 @A: 21 14 31 20 | 01
#0252-d332 @A: 21 09 17 29 | 10
#0253-d332 @A: 29 35 05 20 | 12
#0254-d332 @A: 07 20 29 21 | 09
#0255-d332 @A: 29 12 03 02 | 05
#0256-d332 @A: 02 07 24 18 | 03
#0257-d332 @A: 27 07 24 21 | 06
#0258-d332 @A: 09 08 26 17 | 04
#0259-d332 @A: 19 08 17 18 | 02
#0260-d332 @A: 06 09 26 31 | 11
#0261-d332 @A: 26 07 12 35 | 08
#0262-d332 @A: 07 19 26 02 | 07
#0263-d332 @A: 18 26 05 08 | 01
#0264-d332 @A: 02 26 08 03 | 10
#0265-d332 @A: 12 06 18 26 | 12
#0266-d332 @A: 21 26 28 27 | 09
#0267-d332 @A: 09 33 03 07 | 05
#0268-d332 @A: 09 27 08 03 | 03
#0269-d332 @A: 21 18 31 09 | 06
#0270-d332 @A: 19 09 12 15 | 04
#0271-d332 @A: 02 33 20 05 | 02
#0272-d332 @A: 03 33 32 28 | 11
#0273-d332 @A: 21 03 33 20 | 08
#0274-d332 @A: 03 07 15 28 | 07
#0275-d332 @A: 23 18 25 13 | 01
#0276-d332 @A: 25 13 03 32 | 10
#0277-d332 @A: 34 25 16 15 | 12
#0278-d332 @A: 22 25 04 07 | 09
#0279-d332 @A: 04 03 25 33 | 05
#0280-d332 @A: 25 21 23 24 | 03
#0281-d332 @A: 06 23 02 25 | 06
#0282-d332 @A: 25 11 35 01 | 04
#0283-d332 @A: 01 28 25 18 | 02
#0284-d332 @A: 27 14 25 19 | 11
#0285-d332 @A: 29 25 17 12 | 08
#0286-d332 @A: 26 24 25 06 | 07
#0287-d332 @A: 08 33 25 26 | 01
#0288-d332 @A: 03 25 21 26 | 10
#0289-d332 @A: 13 09 30 06 | 12
#0290-d332 @A: 29 34 23 30 | 09
#0291-d332 @A: 17 34 30 21 | 05
#0292-d332 @A: 30 04 17 20 | 03
#0293-d332 @A: 04 31 30 28 | 06
#0294-d332 @A: 23 30 06 22 | 04
#0295-d332 @A: 10 30 11 03 | 02
#0296-d332 @A: 10 16 30 14 | 11
#0297-d332 @A: 30 29 10 08 | 08
#0298-d332 @A: 33 03 30 22 | 07
#0299-d332 @A: 05 02 22 30 | 01
#0300-d332 @A: 24 07 30 29 | 10
#0301-d332 @A: 28 30 33 02 | 12
#0302-d332 @A: 32 05 35 30 | 09
#0303-d332 @A: 19 05 15 30 | 05
#0304-d332 @A: 19 31 02 30 | 03
#0305-d332 @A: 34 09 33 13 | 06
#0306-d332 @A: 08 13 34 18 | 04
#0307-d332 @A: 13 28 11 23 | 02
#0308-d332 @A: 13 23 26 27 | 11
#0309-d332 @A: 16 13 06 14 | 08
#0310-d332 @A: 07 17 13 14 | 07
#0311-d332 @A: 13 26 06 17 | 01
#0312-d332 @A: 17 13 18 09 | 10
#0313-d332 @A: 31 13 06 08 | 12
#0314-d332 @A: 13 20 03 06 | 09
#0315-d332 @A: 21 15 13 02 | 05
#0316-d332 @A: 20 04 34 16 | 03
#0317-d332 @A: 23 34 12 22 | 06
#0318-d332 @A: 34 26 32 01 | 04
#0319-d332 @A: 22 05 34 21 | 02
#0320-d332 @A: 06 34 24 14 | 11
#0321-d332 @A: 34 26 15 29 | 08
#0322-d332 @A: 34 18 03 07 | 07
#0323-d332 @A: 27 18 34 05 | 01
#0324-d332 @A: 11 04 18 16 | 10
#0325-d332 @A: 11 14 07 04 | 12
#0326-d332 @A: 22 03 04 01 | 09
#0327-d332 @A: 04 01 18 26 | 05
#0328-d332 @A: 33 04 08 22 | 03
#0329-d332 @A: 19 09 18 04 | 06
#0330-d332 @A: 04 19 35 31 | 04
#0331-d332 @A: 15 05 07 04 | 02
#0332-d332 @A: 06 07 20 04 | 11
#0333-d332 @A: 04 31 02 07 | 08
#0334-d332 @A: 20 04 32 08 | 07
#0335-d332 @A: 02 04 03 06 | 01
#0336-d332 @A: 23 05 16 10 | 10
#0337-d332 @A: 35 32 23 10 | 12
#0338-d332 @A: 27 23 29 11 | 09
#0339-d332 @A: 16 23 27 17 | 05
#0340-d332 @A: 22 17 21 23 | 03
#0341-d332 @A: 23 35 22 15 | 06
#0342-d332 @A: 15 19 14 23 | 04
#0343-d332 @A: 09 17 03 23 | 02
#0344-d332 @A: 32 23 12 08 | 11
#0345-d332 @A: 12 23 31 27 | 08
#0346-d332 @A: 12 20 06 23 | 07
#0347-d332 @A: 10 31 16 26 | 01
#0348-d332 @A: 01 10 29 27 | 10
#0349-d332 @A: 33 10 14 07 | 12
#0350-d332 @A: 24 29 10 35 | 09
#0351-d332 @A: 17 10 12 33 | 05
#0352-d332 @A: 31 02 10 17 | 03
#0353-d332 @A: 27 32 02 10 | 06
#0354-d332 @A: 22 05 11 16 | 04
#0355-d332 @A: 14 11 05 01 | 02
#0356-d332 @A: 17 12 22 11 | 11
#0357-d332 @A: 14 08 11 24 | 08
#0358-d332 @A: 11 26 33 03 | 07
#0359-d332 @A: 11 18 35 20 | 01
#0360-d332 @A: 11 08 07 15 | 10
#0361-d332 @A: 19 11 08 20 | 12
#0362-d332 @A: 01 29 21 16 | 09
#0363-d332 @A: 16 26 06 01 | 05
#0364-d332 @A: 22 16 32 09 | 03
#0365-d332 @A: 02 18 16 22 | 06
#0366-d332 @A: 29 28 16 05 | 04
#0367-d332 @A: 20 16 19 35 | 02
#0368-d332 @A: 32 16 02 35 | 11
#0369-d332 @A: 05 32 16 08 | 08
#0370-d332 @A: 16 32 06 15 | 07
#0371-d332 @A: 16 03 32 31 | 01
#0372-d332 @A: 05 22 01 26 | 10
#0373-d332 @A: 22 01 12 33 | 12
#0374-d332 @A: 35 02 01 22 | 09
#0375-d332 @A: 18 14 01 17 | 05
#0376-d332 @A: 14 07 26 01 | 03
#0377-d332 @A: 31 01 17 27 | 06
#0378-d332 @A: 32 33 01 20 | 04
#0379-d332 @A: 33 15 28 01 | 02
#0380-d332 @A: 01 27 08 12 | 11
#0381-d332 @A: 15 01 02 32 | 08
#0382-d332 @A: 24 21 14 22 | 07
#0383-d332 @A: 22 18 29 33 | 01
#0384-d332 @A: 06 09 03 22 | 10
#0385-d332 @A: 14 31 33 29 | 12
#0386-d332 @A: 14 29 28 20 | 09
#0387-d332 @A: 24 09 05 14 | 05
#0388-d332 @A: 14 09 28 08 | 03
#0389-d332 @A: 14 07 28 19 | 06
#0390-d332 @A: 09 29 02 19 | 04
#0391-d332 @A: 27 18 12 29 | 02
#0392-d332 @A: 08 35 31 24 | 11
#0393-d332 @A: 07 28 05 24 | 08
#0394-d332 @A: 03 24 12 08 | 07
#0395-d332 @A: 05 08 06 17 | 01
#0396-d332 @A: 17 31 06 19 | 10
#0397-d332 @A: 32 05 27 17 | 12
#0398-d332 @A: 05 20 19 26 | 09
#0399-d332 @A: 27 12 28 09 | 05
#0400-d332 @A: 33 20 35 27 | 03
#0401-d332 @A: 07 33 12 20 | 06
#0402-d332 @A: 12 33 02 08 | 04
#0403-d332 @A: 33 15 20 31 | 02
#0404-d332 @A: 13 15 06 25 | 11
#0405-d332 @A: 16 04 25 31 | 08
#0406-d332 @A: 02 01 04 25 | 07
#0407-d332 @A: 05 32 04 25 | 01
#0408-d332 @A: 25 24 05 10 | 10
#0409-d332 @A: 19 25 15 10 | 12
#0410-d332 @A: 16 29 25 07 | 09
#0411-d332 @A: 08 25 16 24 | 05
#0412-d332 @A: 12 25 35 16 | 03
#0413-d332 @A: 02 08 25 22 | 06
#0414-d332 @A: 22 25 20 15 | 04
#0415-d332 @A: 06 25 14 29 | 02
#0416-d332 @A: 07 14 25 09 | 11
#0417-d332 @A: 31 24 25 17 | 08
#0418-d332 @A: 25 08 27 17 | 07
#0419-d332 @A: 08 18 35 25 | 01
#0420-d332 @A: 25 15 07 18 | 10
#0421-d332 @A: 25 32 07 06 | 12
#0422-d332 @A: 19 06 25 18 | 09
#0423-d332 @A: 10 34 06 30 | 05
#0424-d332 @A: 30 23 03 04 | 03
#0425-d332 @A: 30 11 35 04 | 06
#0426-d332 @A: 09 30 23 28 | 04
#0427-d332 @A: 11 01 30 02 | 02
#0428-d332 @A: 16 32 17 30 | 11
#0429-d332 @A: 31 21 30 16 | 08
#0430-d332 @A: 32 29 30 22 | 07
#0431-d332 @A: 30 35 17 22 | 01
#0432-d332 @A: 32 28 29 30 | 10
#0433-d332 @A: 30 17 31 09 | 12
#0434-d332 @A: 17 12 30 08 | 09
#0435-d332 @A: 08 20 30 35 | 05
#0436-d332 @A: 30 27 20 32 | 03
#0437-d332 @A: 03 32 02 30 | 06
#0438-d332 @A: 06 05 13 34 | 04
#0439-d332 @A: 04 13 15 35 | 02
#0440-d332 @A: 24 10 13 27 | 11
#0441-d332 @A: 29 08 11 13 | 08
#0442-d332 @A: 22 01 13 18 | 07
#0443-d332 @A: 01 14 21 13 | 01
#0444-d332 @A: 15 13 01 07 | 10
#0445-d332 @A: 20 22 13 17 | 12
#0446-d332 @A: 24 13 14 15 | 09
#0447-d332 @A: 28 14 21 13 | 05
#0448-d332 @A: 13 29 24 21 | 03
#0449-d332 @A: 12 13 19 24 | 06
#0450-d332 @A: 03 17 13 19 | 04
#0451-d332 @A: 17 13 05 02 | 02
#0452-d332 @A: 02 07 27 13 | 11
#0453-d332 @A: 34 23 10 18 | 08
#0454-d332 @A: 34 31 16 23 | 07
#0455-d332 @A: 27 23 24 34 | 01
#0456-d332 @A: 17 10 34 27 | 10
#0457-d332 @A: 20 03 10 34 | 12
#0458-d332 @A: 22 19 34 11 | 09
#0459-d332 @A: 11 21 24 34 | 05
#0460-d332 @A: 06 19 35 34 | 03
#0461-d332 @A: 34 08 07 12 | 06
#0462-d332 @A: 32 34 18 20 | 04
#0463-d332 @A: 02 03 05 34 | 02
#0464-d332 @A: 04 18 29 10 | 11
#0465-d332 @A: 01 16 04 32 | 08
#0466-d332 @A: 07 04 08 16 | 07
#0467-d332 @A: 19 01 04 20 | 01
#0468-d332 @A: 17 22 04 32 | 10
#0469-d332 @A: 04 29 06 08 | 12
#0470-d332 @A: 27 29 15 04 | 09
#0471-d332 @A: 24 35 09 04 | 05
#0472-d332 @A: 12 24 27 04 | 03
#0473-d332 @A: 04 26 02 17 | 06
#0474-d332 @A: 04 32 33 26 | 04
#0475-d332 @A: 27 02 05 04 | 02
#0476-d332 @A: 10 14 22 23 | 11
#0477-d332 @A: 09 14 23 20 | 08
#0478-d332 @A: 24 23 02 26 | 07
#0479-d332 @A: 20 08 23 05 | 01
#0480-d332 @A: 28 23 31 08 | 10
#0481-d332 @A: 23 20 32 03 | 12
#0482-d332 @A: 01 10 15 11 | 09
#0483-d332 @A: 17 21 10 11 | 05
#0484-d332 @A: 17 22 10 03 | 03
#0485-d332 @A: 29 15 09 10 | 06
#0486-d332 @A: 20 07 10 32 | 04
#0487-d332 @A: 18 08 10 06 | 02
#0488-d332 @A: 20 02 10 06 | 11
#0489-d332 @A: 16 35 11 24 | 08
#0490-d332 @A: 09 31 16 11 | 07
#0491-d332 @A: 19 07 16 11 | 01
#0492-d332 @A: 26 22 11 35 | 10
#0493-d332 @A: 14 11 27 33 | 12
#0494-d332 @A: 07 32 35 11 | 09
#0495-d332 @A: 35 02 12 11 | 05
#0496-d332 @A: 07 11 05 18 | 03
#0497-d332 @A: 18 03 06 11 | 06
#0498-d332 @A: 12 21 11 20 | 04
#0499-d332 @A: 17 08 01 16 | 02
#0500-d332 @A: 32 24 16 29 | 11
#0501-d332 @A: 16 17 15 26 | 08
#0502-d332 @A: 26 33 05 16 | 07
#0503-d332 @A: 27 09 01 24 | 01
#0504-d332 @A: 33 01 24 05 | 10
#0505-d332 @A: 24 12 06 01 | 12
#0506-d332 @A: 12 09 17 01 | 09
#0507-d332 @A: 15 27 35 01 | 05
#0508-d332 @A: 06 01 08 03 | 03
#0509-d332 @A: 22 07 20 28 | 06
#0510-d332 @A: 22 15 02 07 | 04
#0511-d332 @A: 18 32 22 03 | 02
#0512-d332 @A: 22 19 15 31 | 11
#0513-d332 @A: 27 21 15 22 | 08
#0514-d332 @A: 24 03 29 14 | 07
#0515-d332 @A: 18 14 09 29 | 01
#0516-d332 @A: 14 27 17 02 | 10
#0517-d332 @A: 32 14 19 35 | 12
#0518-d332 @A: 35 28 31 14 | 09
#0519-d332 @A: 31 14 12 02 | 05
#0520-d332 @A: 28 29 06 24 | 03
#0521-d332 @A: 15 08 29 21 | 06
#0522-d332 @A: 24 19 33 26 | 04
#0523-d332 @A: 26 20 12 24 | 02
#0524-d332 @A: 05 24 15 35 | 11
#0525-d332 @A: 02 19 24 32 | 08
#0526-d332 @A: 20 24 32 21 | 07
#0527-d332 @A: 27 26 33 17 | 01
#0528-d332 @A: 32 35 31 17 | 10
#0529-d332 @A: 17 28 31 07 | 12
#0530-d332 @A: 20 17 21 19 | 09
#0531-d332 @A: 02 20 32 17 | 05
#0532-d332 @A: 31 35 26 33 | 03
#0533-d332 @A: 06 05 35 26 | 06
#0534-d332 @A: 05 03 26 07 | 04
#0535-d332 @A: 26 27 07 31 | 02
#0536-d332 @A: 27 08 26 28 | 11
#0537-d332 @A: 33 09 08 18 | 08
#0538-d332 @A: 05 33 09 31 | 07
#0539-d332 @A: 28 09 02 15 | 01
#0540-d332 @A: 21 18 33 07 | 10
#0541-d332 @A: 33 08 27 19 | 12
#0542-d332 @A: 19 33 12 06 | 09
#0543-d332 @A: 27 33 03 32 | 05
#0544-d332 @A: 08 18 28 06 | 03
#0545-d332 @A: 28 06 02 18 | 06
#0546-d332 @A: 27 13 09 25 | 04
#0547-d332 @A: 25 19 23 34 | 02
#0548-d332 @A: 31 34 25 01 | 11
#0549-d332 @A: 23 20 25 11 | 08
#0550-d332 @A: 07 01 23 25 | 07
#0551-d332 @A: 25 35 23 14 | 01
#0552-d332 @A: 11 26 12 25 | 10
#0553-d332 @A: 25 14 26 16 | 12
#0554-d332 @A: 09 33 16 25 | 09
#0555-d332 @A: 09 21 01 25 | 05
#0556-d332 @A: 29 25 33 15 | 03
#0557-d332 @A: 31 21 25 08 | 06
#0558-d332 @A: 25 31 19 03 | 04
#0559-d332 @A: 06 27 12 25 | 02
#0560-d332 @A: 32 02 25 12 | 11
#0561-d332 @A: 18 13 11 30 | 08
#0562-d332 @A: 13 30 29 19 | 07
#0563-d332 @A: 30 15 34 04 | 01
#0564-d332 @A: 11 34 30 26 | 10
#0565-d332 @A: 34 30 22 08 | 12
#0566-d332 @A: 23 26 30 07 | 09
#0567-d332 @A: 30 15 23 20 | 05
#0568-d332 @A: 21 30 10 24 | 03
#0569-d332 @A: 10 17 15 30 | 06
#0570-d332 @A: 14 11 30 28 | 04
#0571-d332 @A: 30 11 08 09 | 02
#0572-d332 @A: 16 30 06 20 | 11
#0573-d332 @A: 03 30 01 29 | 08
#0574-d332 @A: 22 12 30 18 | 07
#0575-d332 @A: 30 14 17 06 | 01
#0576-d332 @A: 06 30 29 33 | 10
#0577-d332 @A: 07 06 30 31 | 12
#0578-d332 @A: 27 31 30 15 | 09
#0579-d332 @A: 03 12 30 06 | 05
#0580-d332 @A: 01 13 34 17 | 03
#0581-d332 @A: 34 13 01 28 | 06
#0582-d332 @A: 13 14 04 03 | 04
#0583-d332 @A: 31 23 13 17 | 02
#0584-d332 @A: 11 05 09 13 | 11
#0585-d332 @A: 16 33 13 31 | 08
#0586-d332 @A: 02 01 13 03 | 07
#0587-d332 @A: 14 22 13 27 | 01
#0588-d332 @A: 24 22 13 06 | 10
#0589-d332 @A: 12 13 09 22 | 12
#0590-d332 @A: 29 07 09 13 | 09
#0591-d332 @A: 13 33 08 20 | 05
#0592-d332 @A: 13 21 07 05 | 03
#0593-d332 @A: 31 18 05 13 | 06
#0594-d332 @A: 13 21 18 20 | 04
#0595-d332 @A: 35 34 21 23 | 02
#0596-d332 @A: 16 11 10 34 | 11
#0597-d332 @A: 16 19 34 17 | 08
#0598-d332 @A: 18 01 24 34 | 07
#0599-d332 @A: 34 08 33 01 | 01
#0600-d332 @A: 18 28 14 34 | 10
#0601-d332 @A: 02 34 12 17 | 12
#0602-d332 @A: 06 15 20 34 | 09
#0603-d332 @A: 04 27 10 28 | 05
#0604-d332 @A: 22 04 11 06 | 03
#0605-d332 @A: 04 01 17 15 | 06
#0606-d332 @A: 15 04 26 22 | 04
#0607-d332 @A: 04 35 27 17 | 02
#0608-d332 @A: 17 04 03 05 | 11
#0609-d332 @A: 26 04 35 28 | 08
#0610-d332 @A: 04 33 19 02 | 07
#0611-d332 @A: 04 27 19 06 | 01
#0612-d332 @A: 05 04 15 28 | 10
#0613-d332 @A: 02 04 12 15 | 12
#0614-d332 @A: 19 10 23 09 | 09
#0615-d332 @A: 15 10 23 33 | 05
#0616-d332 @A: 01 23 16 20 | 03
#0617-d332 @A: 23 01 35 18 | 06
#0618-d332 @A: 29 21 23 26 | 04
#0619-d332 @A: 24 18 23 09 | 02
#0620-d332 @A: 08 27 35 23 | 11
#0621-d332 @A: 18 23 32 07 | 08
#0622-d332 @A: 15 23 08 06 | 07
#0623-d332 @A: 20 19 23 31 | 01
#0624-d332 @A: 02 32 23 05 | 10
#0625-d332 @A: 10 19 16 21 | 12
#0626-d332 @A: 16 10 15 02 | 09
#0627-d332 @A: 10 15 08 22 | 05
#0628-d332 @A: 10 19 28 22 | 03
#0629-d332 @A: 09 06 14 10 | 06
#0630-d332 @A: 03 10 35 07 | 04
#0631-d332 @A: 10 21 32 03 | 02
#0632-d332 @A: 06 21 10 15 | 11
#0633-d332 @A: 11 16 06 17 | 08
#0634-d332 @A: 01 31 33 11 | 07
#0635-d332 @A: 29 11 12 07 | 01
#0636-d332 @A: 11 24 15 09 | 10
#0637-d332 @A: 24 28 21 11 | 12
#0638-d332 @A: 32 11 15 33 | 09
#0639-d332 @A: 08 06 11 35 | 05
#0640-d332 @A: 02 03 07 11 | 03
#0641-d332 @A: 32 21 08 11 | 06
#0642-d332 @A: 15 11 05 27 | 04
#0643-d332 @A: 03 05 11 20 | 02
#0644-d332 @A: 11 32 02 28 | 11
#0645-d332 @A: 22 03 14 16 | 08
#0646-d332 @A: 22 16 03 28 | 07
#0647-d332 @A: 07 24 14 16 | 01
#0648-d332 @A: 16 08 31 14 | 10
#0649-d332 @A: 08 16 33 29 | 12
#0650-d332 @A: 31 29 15 16 | 09
#0651-d332 @A: 02 14 09 01 | 05
#0652-d332 @A: 29 19 01 33 | 03
#0653-d332 @A: 19 01 15 21 | 06
#0654-d332 @A: 06 01 32 31 | 04
#0655-d332 @A: 28 29 22 27 | 02
#0656-d332 @A: 35 22 33 24 | 11
#0657-d332 @A: 09 26 20 22 | 08
#0658-d332 @A: 21 35 03 22 | 07
#0659-d332 @A: 22 28 05 19 | 01
#0660-d332 @A: 35 14 18 24 | 10
#0661-d332 @A: 12 14 35 05 | 12
#0662-d332 @A: 15 21 14 07 | 09
#0663-d332 @A: 03 05 27 14 | 05
#0664-d332 @A: 32 14 12 27 | 03
#0665-d332 @A: 12 24 33 29 | 06
#0666-d332 @A: 31 24 29 20 | 04
#0667-d332 @A: 31 26 29 17 | 02
#0668-d332 @A: 26 33 20 29 | 11
#0669-d332 @A: 21 27 29 35 | 08
#0670-d332 @A: 08 28 12 29 | 07
#0671-d332 @A: 02 08 29 20 | 01
#0672-d332 @A: 02 06 27 29 | 10
#0673-d332 @A: 27 24 28 17 | 12
#0674-d332 @A: 09 21 24 02 | 09
#0675-d332 @A: 24 15 32 18 | 05
#0676-d332 @A: 27 05 24 20 | 03
#0677-d332 @A: 05 02 24 12 | 06
#0678-d332 @A: 15 12 28 24 | 04
#0679-d332 @A: 32 17 09 15 | 02
#0680-d332 @A: 02 21 17 08 | 11
#0681-d332 @A: 17 18 05 12 | 08
#0682-d332 @A: 20 27 17 18 | 07
#0683-d332 @A: 18 32 17 21 | 01
#0684-d332 @A: 19 27 17 12 | 10
#0685-d332 @A: 05 31 15 17 | 12
#0686-d332 @A: 28 05 26 09 | 09
#0687-d332 @A: 21 26 06 02 | 05
#0688-d332 @A: 35 03 09 15 | 03
#0689-d332 @A: 21 09 06 19 | 06
#0690-d332 @A: 06 20 09 05 | 04
#0691-d332 @A: 27 33 18 02 | 02
#0692-d332 @A: 08 28 32 35 | 11
#0693-d332 @A: 20 33 25 30 | 08
#0694-d332 @A: 11 13 10 25 | 07
#0695-d332 @A: 25 34 17 32 | 01
#0696-d332 @A: 25 35 29 04 | 10
#0697-d332 @A: 23 25 15 17 | 12
#0698-d332 @A: 10 35 25 22 | 09
#0699-d332 @A: 25 28 14 10 | 05
#0700-d332 @A: 25 02 10 09 | 03
#0701-d332 @A: 25 10 21 33 | 06
#0702-d332 @A: 19 11 29 25 | 04
#0703-d332 @A: 05 25 35 27 | 02
#0704-d332 @A: 03 35 25 06 | 11
#0705-d332 @A: 12 08 15 25 | 08
#0706-d332 @A: 25 05 28 27 | 07
#0707-d332 @A: 26 13 30 03 | 01
#0708-d332 @A: 03 24 30 34 | 10
#0709-d332 @A: 32 19 23 30 | 12
#0710-d332 @A: 35 30 28 10 | 09
#0711-d332 @A: 30 22 15 11 | 05
#0712-d332 @A: 30 06 01 15 | 03
#0713-d332 @A: 14 32 30 21 | 06
#0714-d332 @A: 02 15 14 30 | 04
#0715-d332 @A: 26 29 27 30 | 02
#0716-d332 @A: 24 06 30 32 | 11
#0717-d332 @A: 34 15 13 22 | 08
#0718-d332 @A: 13 23 15 09 | 07
#0719-d332 @A: 12 13 01 10 | 01
#0720-d332 @A: 20 01 13 11 | 10
#0721-d332 @A: 13 07 06 11 | 12
#0722-d332 @A: 18 29 16 13 | 09
#0723-d332 @A: 29 31 12 13 | 05
#0724-d332 @A: 13 28 12 06 | 03
#0725-d332 @A: 21 12 03 13 | 06
#0726-d332 @A: 18 17 34 04 | 04
#0727-d332 @A: 34 33 23 03 | 02
#0728-d332 @A: 22 31 34 10 | 11
#0729-d332 @A: 33 10 02 34 | 08
#0730-d332 @A: 18 29 11 34 | 07
#0731-d332 @A: 34 12 27 11 | 01
#0732-d332 @A: 02 16 34 07 | 10
#0733-d332 @A: 09 34 01 19 | 12
#0734-d332 @A: 22 24 02 34 | 09
#0735-d332 @A: 18 22 26 34 | 05
#0736-d332 @A: 07 22 34 09 | 03
#0737-d332 @A: 29 34 07 05 | 06
#0738-d332 @A: 29 03 34 27 | 04
#0739-d332 @A: 09 34 18 15 | 02
#0740-d332 @A: 34 35 27 32 | 11
#0741-d332 @A: 35 34 31 02 | 08
#0742-d332 @A: 21 34 08 20 | 07
#0743-d332 @A: 18 02 21 34 | 01
#0744-d332 @A: 15 12 34 05 | 10
#0745-d332 @A: 23 11 04 12 | 12
#0746-d332 @A: 04 23 16 19 | 09
#0747-d332 @A: 22 18 04 23 | 05
#0748-d332 @A: 06 04 23 32 | 03
#0749-d332 @A: 11 02 04 09 | 06
#0750-d332 @A: 35 04 16 14 | 04
#0751-d332 @A: 16 04 17 21 | 02
#0752-d332 @A: 04 28 01 24 | 11
#0753-d332 @A: 04 31 01 12 | 08
#0754-d332 @A: 04 22 20 24 | 07
#0755-d332 @A: 04 24 07 33 | 01
#0756-d332 @A: 07 12 04 17 | 10
#0757-d332 @A: 04 12 08 26 | 12
#0758-d332 @A: 04 21 18 05 | 09
#0759-d332 @A: 04 03 12 18 | 05
#0760-d332 @A: 20 04 28 02 | 03
#0761-d332 @A: 10 28 23 16 | 06
#0762-d332 @A: 23 14 27 01 | 04
#0763-d332 @A: 06 23 24 33 | 02
#0764-d332 @A: 23 26 17 32 | 11
#0765-d332 @A: 23 07 03 31 | 08
#0766-d332 @A: 18 03 27 23 | 07
#0767-d332 @A: 05 23 15 21 | 01
#0768-d332 @A: 31 32 23 21 | 10
#0769-d332 @A: 10 11 09 12 | 12
#0770-d332 @A: 22 10 27 06 | 09
#0771-d332 @A: 33 29 10 03 | 05
#0772-d332 @A: 21 26 10 12 | 03
#0773-d332 @A: 19 18 07 10 | 06
#0774-d332 @A: 19 31 10 08 | 04
#0775-d332 @A: 26 02 16 11 | 02
#0776-d332 @A: 09 29 28 11 | 11
#0777-d332 @A: 11 17 33 35 | 08
#0778-d332 @A: 11 19 05 17 | 07
#0779-d332 @A: 08 26 27 11 | 01
#0780-d332 @A: 11 28 21 33 | 10
#0781-d332 @A: 32 19 18 11 | 12
#0782-d332 @A: 11 03 27 21 | 09
#0783-d332 @A: 14 27 18 16 | 05
#0784-d332 @A: 16 21 26 24 | 03
#0785-d332 @A: 16 31 19 24 | 06
#0786-d332 @A: 16 32 26 27 | 04
#0787-d332 @A: 16 12 05 09 | 02
#0788-d332 @A: 07 16 27 12 | 11
#0789-d332 @A: 16 32 21 07 | 08
#0790-d332 @A: 12 16 21 15 | 07
#0791-d332 @A: 09 01 28 22 | 01
#0792-d332 @A: 22 01 07 21 | 10
#0793-d332 @A: 26 32 01 28 | 12
#0794-d332 @A: 19 01 35 12 | 09
#0795-d332 @A: 20 31 01 35 | 05
#0796-d332 @A: 12 01 02 07 | 03
#0797-d332 @A: 01 12 32 18 | 06
#0798-d332 @A: 19 31 05 01 | 04
#0799-d332 @A: 01 28 31 03 | 02
#0800-d332 @A: 14 19 05 22 | 11
#0801-d332 @A: 29 35 22 09 | 08
#0802-d332 @A: 28 22 26 17 | 07
#0803-d332 @A: 26 32 07 22 | 01
#0804-d332 @A: 31 35 22 05 | 10
#0805-d332 @A: 22 20 27 02 | 12
#0806-d332 @A: 31 20 22 32 | 09
#0807-d332 @A: 17 12 14 26 | 05
#0808-d332 @A: 14 35 15 06 | 03
#0809-d332 @A: 31 03 14 35 | 06
#0810-d332 @A: 07 08 14 19 | 04
#0811-d332 @A: 18 14 08 03 | 02
#0812-d332 @A: 06 14 08 20 | 11
#0813-d332 @A: 07 29 17 28 | 08
#0814-d332 @A: 18 02 29 15 | 07
#0815-d332 @A: 32 29 19 21 | 01
#0816-d332 @A: 06 21 29 31 | 10
#0817-d332 @A: 24 33 17 09 | 12
#0818-d332 @A: 35 24 07 19 | 09
#0819-d332 @A: 32 24 07 12 | 05
#0820-d332 @A: 24 02 06 31 | 03
#0821-d332 @A: 35 05 21 17 | 06
#0822-d332 @A: 17 18 28 21 | 04
#0823-d332 @A: 35 19 26 27 | 02
#0824-d332 @A: 15 03 18 26 | 11
#0825-d332 @A: 26 28 31 19 | 08
#0826-d332 @A: 07 35 28 09 | 07
#0827-d332 @A: 19 09 08 35 | 01
#0828-d332 @A: 02 05 09 35 | 10
#0829-d332 @A: 05 09 15 08 | 12
#0830-d332 @A: 05 03 21 09 | 09
#0831-d332 @A: 20 15 09 27 | 05
#0832-d332 @A: 02 15 09 06 | 03
#0833-d332 @A: 06 33 35 28 | 06
#0834-d332 @A: 18 28 33 31 | 04
#0835-d332 @A: 33 19 21 05 | 02
#0836-d332 @A: 21 08 28 15 | 11
#0837-d332 @A: 02 28 03 19 | 08
#0838-d332 @A: 31 27 28 20 | 07
#0839-d332 @A: 30 25 32 11 | 01
#0840-d332 @A: 30 12 01 25 | 10
#0841-d332 @A: 30 08 25 06 | 12
#0842-d332 @A: 14 13 25 08 | 09
#0843-d332 @A: 34 06 25 04 | 05
#0844-d332 @A: 35 24 25 34 | 03
#0845-d332 @A: 09 34 25 20 | 06
#0846-d332 @A: 05 33 25 34 | 04
#0847-d332 @A: 31 29 25 10 | 02
#0848-d332 @A: 25 05 21 11 | 11
#0849-d332 @A: 25 18 17 16 | 08
#0850-d332 @A: 22 01 17 25 | 07
#0851-d332 @A: 28 22 33 25 | 01
#0852-d332 @A: 33 14 12 25 | 10
#0853-d332 @A: 18 26 25 29 | 12
#0854-d332 @A: 20 25 17 05 | 09
#0855-d332 @A: 28 03 26 25 | 05
#0856-d332 @A: 25 21 35 15 | 03
#0857-d332 @A: 19 21 07 25 | 06
#0858-d332 @A: 25 07 02 05 | 04
#0859-d332 @A: 25 07 31 12 | 02
#0860-d332 @A: 18 20 25 28 | 11
#0861-d332 @A: 02 18 31 25 | 08
#0862-d332 @A: 21 30 22 13 | 07
#0863-d332 @A: 05 13 30 24 | 01
#0864-d332 @A: 13 33 15 30 | 10
#0865-d332 @A: 34 30 20 05 | 12
#0866-d332 @A: 04 16 02 30 | 09
#0867-d332 @A: 30 31 23 11 | 05
#0868-d332 @A: 05 30 23 14 | 03
#0869-d332 @A: 10 03 28 30 | 06
#0870-d332 @A: 07 17 11 30 | 04
#0871-d332 @A: 30 16 12 26 | 02
#0872-d332 @A: 30 21 33 01 | 11
#0873-d332 @A: 14 30 07 03 | 08
#0874-d332 @A: 12 29 30 15 | 07
#0875-d332 @A: 32 18 30 26 | 01
#0876-d332 @A: 07 12 30 05 | 10
#0877-d332 @A: 15 07 30 32 | 12
#0878-d332 @A: 32 08 30 31 | 09
#0879-d332 @A: 30 03 18 20 | 05
#0880-d332 @A: 10 34 13 21 | 03
#0881-d332 @A: 23 13 21 11 | 06
#0882-d332 @A: 10 09 03 13 | 04
#0883-d332 @A: 33 10 13 19 | 02
#0884-d332 @A: 17 13 24 11 | 11
#0885-d332 @A: 17 16 13 28 | 08
#0886-d332 @A: 26 22 08 13 | 07
#0887-d332 @A: 31 09 13 24 | 01
#0888-d332 @A: 33 03 24 13 | 10
#0889-d332 @A: 33 26 13 07 | 12
#0890-d332 @A: 02 13 08 19 | 09
#0891-d332 @A: 27 08 13 05 | 05
#0892-d332 @A: 32 05 13 12 | 03
#0893-d332 @A: 05 13 03 28 | 06
#0894-d332 @A: 15 03 13 27 | 04
#0895-d332 @A: 23 04 34 05 | 02
#0896-d332 @A: 34 04 10 08 | 11
#0897-d332 @A: 03 21 04 34 | 08
#0898-d332 @A: 29 32 34 10 | 07
#0899-d332 @A: 34 10 19 24 | 01
#0900-d332 @A: 10 26 34 28 | 10
#0901-d332 @A: 11 33 06 34 | 12
#0902-d332 @A: 34 16 33 32 | 09
#0903-d332 @A: 34 14 03 01 | 05
#0904-d332 @A: 32 14 22 34 | 03
#0905-d332 @A: 34 14 29 08 | 06
#0906-d332 @A: 29 35 34 33 | 04
#0907-d332 @A: 20 34 07 24 | 02
#0908-d332 @A: 08 28 34 33 | 11
#0909-d332 @A: 34 35 03 08 | 08
#0910-d332 @A: 08 19 34 15 | 07
#0911-d332 @A: 18 34 31 06 | 01
#0912-d332 @A: 31 15 34 03 | 10
#0913-d332 @A: 35 04 26 23 | 12
#0914-d332 @A: 04 09 07 23 | 09
#0915-d332 @A: 20 11 04 33 | 05
#0916-d332 @A: 04 06 01 14 | 03
#0917-d332 @A: 01 04 33 09 | 06
#0918-d332 @A: 21 22 04 29 | 04
#0919-d332 @A: 05 04 09 22 | 02
#0920-d332 @A: 29 14 32 04 | 11
#0921-d332 @A: 04 09 31 14 | 08
#0922-d332 @A: 04 29 02 24 | 07
#0923-d332 @A: 17 04 19 24 | 01
#0924-d332 @A: 04 28 33 19 | 10
#0925-d332 @A: 35 18 06 04 | 12
#0926-d332 @A: 07 04 19 03 | 09
#0927-d332 @A: 23 24 20 10 | 05
#0928-d332 @A: 03 02 10 23 | 03
#0929-d332 @A: 11 09 35 23 | 06
#0930-d332 @A: 35 23 16 29 | 04
#0931-d332 @A: 28 22 23 18 | 02
#0932-d332 @A: 29 02 28 23 | 11
#0933-d332 @A: 19 17 35 23 | 08
#0934-d332 @A: 12 02 21 23 | 07
#0935-d332 @A: 11 10 32 26 | 01
#0936-d332 @A: 28 10 11 06 | 10
#0937-d332 @A: 22 29 10 19 | 12
#0938-d332 @A: 12 14 10 24 | 09
#0939-d332 @A: 31 10 14 32 | 05
#0940-d332 @A: 29 17 07 10 | 03
#0941-d332 @A: 17 24 10 08 | 06
#0942-d332 @A: 07 09 10 27 | 04
#0943-d332 @A: 20 35 15 10 | 02
#0944-d332 @A: 32 10 05 15 | 11
#0945-d332 @A: 19 11 26 01 | 08
#0946-d332 @A: 22 29 31 11 | 07
#0947-d332 @A: 11 09 26 18 | 01
#0948-d332 @A: 20 11 31 06 | 10
#0949-d332 @A: 20 11 15 02 | 12
#0950-d332 @A: 16 01 28 06 | 09
#0951-d332 @A: 16 09 21 14 | 05
#0952-d332 @A: 16 19 33 14 | 03
#0953-d332 @A: 07 17 16 09 | 06
#0954-d332 @A: 18 07 26 16 | 04
#0955-d332 @A: 21 16 18 35 | 02
#0956-d332 @A: 03 18 16 19 | 11
#0957-d332 @A: 01 26 33 15 | 08
#0958-d332 @A: 19 02 18 01 | 07
#0959-d332 @A: 05 01 12 20 | 01
#0960-d332 @A: 03 21 31 01 | 10
#0961-d332 @A: 09 14 08 22 | 12
#0962-d332 @A: 05 22 24 32 | 09
#0963-d332 @A: 09 17 02 22 | 05
#0964-d332 @A: 18 22 19 35 | 03
#0965-d332 @A: 22 35 12 27 | 06
#0966-d332 @A: 19 22 20 06 | 04
#0967-d332 @A: 19 02 03 22 | 02
#0968-d332 @A: 24 28 03 14 | 11
#0969-d332 @A: 35 09 17 14 | 08
#0970-d332 @A: 33 14 18 26 | 07
#0971-d332 @A: 14 20 07 18 | 01
#0972-d332 @A: 12 06 07 14 | 10
#0973-d332 @A: 14 06 19 02 | 12
#0974-d332 @A: 29 24 09 06 | 09
#0975-d332 @A: 12 29 35 32 | 05
#0976-d332 @A: 07 08 27 29 | 03
#0977-d332 @A: 15 20 29 32 | 06
#0978-d332 @A: 15 24 08 02 | 04
#0979-d332 @A: 24 15 27 06 | 02
#0980-d332 @A: 32 07 19 17 | 11
#0981-d332 @A: 08 17 20 15 | 08
#0982-d332 @A: 03 17 18 31 | 07
#0983-d332 @A: 28 20 19 17 | 01
#0984-d332 @A: 28 26 15 18 | 10
#0985-d332 @A: 27 26 06 03 | 12
#0986-d332 @A: 15 21 33 09 | 09
#0987-d332 @A: 05 07 09 19 | 05
#0988-d332 @A: 08 06 12 09 | 03
#0989-d332 @A: 33 35 08 05 | 06
#0990-d332 @A: 33 19 35 03 | 04
#0991-d332 @A: 06 21 33 35 | 02
#0992-d332 @A: 15 35 28 19 | 11
#0993-d332 @A: 22 30 25 14 | 08
#0994-d332 @A: 13 12 04 25 | 07
#0995-d332 @A: 25 02 26 34 | 01
#0996-d332 @A: 26 25 23 10 | 10
#0997-d332 @A: 23 12 25 09 | 12
#0998-d332 @A: 28 25 21 23 | 09
#0999-d332 @A: 06 25 01 10 | 05
#1000-d332 @A: 11 09 06 25 | 03
#1001-d332 @A: 28 32 16 25 | 06
#1002-d332 @A: 01 33 25 27 | 04
#1003-d332 @A: 24 28 35 25 | 02
#1004-d332 @A: 28 17 25 09 | 11
#1005-d332 @A: 06 17 25 33 | 08
#1006-d332 @A: 25 20 08 07 | 07
#1007-d332 @A: 31 05 06 25 | 01
#1008-d332 @A: 25 27 20 31 | 10
#1009-d332 @A: 12 13 30 23 | 12
#1010-d332 @A: 14 30 20 13 | 09
#1011-d332 @A: 30 10 26 22 | 05
#1012-d332 @A: 11 30 16 27 | 03
#1013-d332 @A: 11 33 30 05 | 06
#1014-d332 @A: 19 16 30 01 | 04
#1015-d332 @A: 16 09 30 03 | 02
#1016-d332 @A: 01 22 30 20 | 11
#1017-d332 @A: 08 05 30 21 | 08
#1018-d332 @A: 04 13 29 01 | 07
#1019-d332 @A: 26 21 04 13 | 01
#1020-d332 @A: 32 10 13 17 | 10
#1021-d332 @A: 13 08 24 01 | 12
#1022-d332 @A: 28 35 13 22 | 09
#1023-d332 @A: 22 07 19 13 | 05
#1024-d332 @A: 14 35 13 02 | 03
#1025-d332 @A: 03 05 13 29 | 06
#1026-d332 @A: 26 24 18 13 | 04
#1027-d332 @A: 28 13 24 33 | 02
#1028-d332 @A: 17 13 33 21 | 11
#1029-d332 @A: 22 04 35 34 | 08
#1030-d332 @A: 34 32 07 04 | 07
#1031-d332 @A: 28 19 23 34 | 01
#1032-d332 @A: 16 08 34 26 | 10
#1033-d332 @A: 34 14 26 35 | 12
#1034-d332 @A: 29 31 09 34 | 09
#1035-d332 @A: 29 35 28 34 | 05
#1036-d332 @A: 24 09 34 08 | 03
#1037-d332 @A: 33 24 34 15 | 06
#1038-d332 @A: 17 33 07 34 | 04
#1039-d332 @A: 12 26 33 34 | 02
#1040-d332 @A: 34 07 15 35 | 11
#1041-d332 @A: 34 07 27 19 | 08
#1042-d332 @A: 02 27 34 15 | 07
#1043-d332 @A: 32 10 12 04 | 01
#1044-d332 @A: 11 04 28 18 | 10
#1045-d332 @A: 04 22 16 27 | 12
#1046-d332 @A: 16 26 03 04 | 09
#1047-d332 @A: 04 22 06 28 | 05
#1048-d332 @A: 03 29 04 09 | 03
#1049-d332 @A: 06 05 04 24 | 06
#1050-d332 @A: 33 17 04 31 | 04
#1051-d332 @A: 27 04 08 31 | 02
#1052-d332 @A: 04 18 32 31 | 11
#1053-d332 @A: 01 03 23 11 | 08
#1054-d332 @A: 32 23 11 22 | 07
#1055-d332 @A: 23 11 05 24 | 01
#1056-d332 @A: 16 15 23 07 | 10
#1057-d332 @A: 01 23 33 02 | 12
#1058-d332 @A: 14 23 03 26 | 09
#1059-d332 @A: 23 33 32 14 | 05
#1060-d332 @A: 09 33 23 26 | 03
#1061-d332 @A: 26 19 08 23 | 06
#1062-d332 @A: 18 20 23 26 | 04
#1063-d332 @A: 20 27 21 23 | 02
#1064-d332 @A: 10 09 16 08 | 11
#1065-d332 @A: 01 22 10 32 | 08
#1066-d332 @A: 07 22 24 10 | 07
#1067-d332 @A: 08 35 14 10 | 01
#1068-d332 @A: 31 24 10 33 | 10
#1069-d332 @A: 17 18 10 26 | 12
#1070-d332 @A: 20 28 09 10 | 09
#1071-d332 @A: 35 10 02 21 | 05
#1072-d332 @A: 05 08 10 03 | 03
#1073-d332 @A: 05 28 10 18 | 06
#1074-d332 @A: 32 11 14 16 | 04
#1075-d332 @A: 17 01 11 32 | 02
#1076-d332 @A: 11 03 14 17 | 11
#1077-d332 @A: 33 09 29 11 | 08
#1078-d332 @A: 11 33 24 02 | 07
#1079-d332 @A: 26 28 11 07 | 01
#1080-d332 @A: 28 11 27 15 | 10
#1081-d332 @A: 17 16 22 31 | 12
#1082-d332 @A: 29 16 19 26 | 09
#1083-d332 @A: 24 18 16 06 | 05
#1084-d332 @A: 03 16 33 12 | 03
#1085-d332 @A: 06 16 03 07 | 06
#1086-d332 @A: 20 16 12 32 | 04
#1087-d332 @A: 12 31 16 06 | 02
#1088-d332 @A: 28 12 16 31 | 11
#1089-d332 @A: 01 14 31 22 | 08
#1090-d332 @A: 09 22 15 01 | 07
#1091-d332 @A: 18 29 01 07 | 01
#1092-d332 @A: 01 20 17 24 | 10
#1093-d332 @A: 06 19 07 01 | 12
#1094-d332 @A: 05 08 01 28 | 09
#1095-d332 @A: 22 15 28 14 | 05
#1096-d332 @A: 22 15 24 29 | 03
#1097-d332 @A: 17 18 24 22 | 06
#1098-d332 @A: 22 33 17 05 | 04
#1099-d332 @A: 07 03 22 12 | 02
#1100-d332 @A: 19 21 12 22 | 11
#1101-d332 @A: 26 14 29 05 | 08
#1102-d332 @A: 14 24 33 20 | 07
#1103-d332 @A: 05 14 12 28 | 01
#1104-d332 @A: 06 32 28 14 | 10
#1105-d332 @A: 05 18 24 29 | 12
#1106-d332 @A: 26 29 33 28 | 09
#1107-d332 @A: 19 08 12 29 | 05
#1108-d332 @A: 03 29 28 21 | 03
#1109-d332 @A: 24 07 26 09 | 06
#1110-d332 @A: 32 03 26 24 | 04
#1111-d332 @A: 33 24 21 08 | 02
#1112-d332 @A: 24 20 18 08 | 11
#1113-d332 @A: 19 08 24 06 | 08
#1114-d332 @A: 08 28 24 19 | 07
#1115-d332 @A: 33 18 17 15 | 01
#1116-d332 @A: 17 07 18 35 | 10
#1117-d332 @A: 15 35 12 17 | 12
#1118-d332 @A: 02 17 35 03 | 09
#1119-d332 @A: 28 17 02 35 | 05
#1120-d332 @A: 08 03 28 17 | 03
#1121-d332 @A: 17 21 06 27 | 06
#1122-d332 @A: 17 12 20 03 | 04
#1123-d332 @A: 17 15 03 06 | 02
#1124-d332 @A: 15 35 32 26 | 11
#1125-d332 @A: 35 20 26 03 | 08
#1126-d332 @A: 26 18 31 19 | 07
#1127-d332 @A: 05 26 15 02 | 01
#1128-d332 @A: 19 33 20 09 | 10
#1129-d332 @A: 12 18 20 09 | 12
#1130-d332 @A: 32 05 07 33 | 09
#1131-d332 @A: 02 06 07 33 | 05
#1132-d332 @A: 20 18 06 33 | 03
#1133-d332 @A: 19 32 33 31 | 06
#1134-d332 @A: 05 21 28 35 | 04
#1135-d332 @A: 28 21 06 07 | 02
#1136-d332 @A: 05 28 20 32 | 11
#1137-d332 @A: 25 30 27 34 | 08
#1138-d332 @A: 23 25 30 16 | 07
#1139-d332 @A: 09 15 25 30 | 01
#1140-d332 @A: 30 25 07 28 | 10
#1141-d332 @A: 25 13 21 16 | 12
#1142-d332 @A: 10 04 25 17 | 09
#1143-d332 @A: 09 04 25 08 | 05
#1144-d332 @A: 25 33 23 31 | 03
#1145-d332 @A: 25 06 16 22 | 06
#1146-d332 @A: 32 19 16 25 | 04
#1147-d332 @A: 25 24 15 01 | 02
#1148-d332 @A: 09 25 18 22 | 11
#1149-d332 @A: 20 03 25 29 | 08
#1150-d332 @A: 24 32 25 33 | 07
#1151-d332 @A: 18 32 25 27 | 01
#1152-d332 @A: 06 20 25 21 | 10
#1153-d332 @A: 07 01 34 30 | 12
#1154-d332 @A: 05 34 28 30 | 09
#1155-d332 @A: 01 27 30 04 | 05
#1156-d332 @A: 08 33 30 23 | 03
#1157-d332 @A: 10 30 33 32 | 06
#1158-d332 @A: 11 30 19 06 | 04
#1159-d332 @A: 05 16 30 29 | 02
#1160-d332 @A: 33 35 16 30 | 11
#1161-d332 @A: 02 30 17 24 | 08
#1162-d332 @A: 26 05 30 17 | 07
#1163-d332 @A: 20 21 26 30 | 01
#1164-d332 @A: 03 27 30 35 | 10
#1165-d332 @A: 12 35 30 31 | 12
#1166-d332 @A: 26 19 34 13 | 09
#1167-d332 @A: 13 10 16 07 | 05
#1168-d332 @A: 35 26 13 10 | 03
#1169-d332 @A: 33 06 13 01 | 06
#1170-d332 @A: 05 13 33 14 | 04
#1171-d332 @A: 02 26 09 13 | 02
#1172-d332 @A: 13 02 26 28 | 11
#1173-d332 @A: 13 09 33 28 | 08
#1174-d332 @A: 07 13 20 35 | 07
#1175-d332 @A: 18 27 28 13 | 01
#1176-d332 @A: 06 13 12 02 | 10
#1177-d332 @A: 34 23 02 11 | 12
#1178-d332 @A: 32 23 09 34 | 09
#1179-d332 @A: 03 09 34 11 | 05
#1180-d332 @A: 34 28 16 02 | 03
#1181-d332 @A: 21 01 12 34 | 06
#1182-d332 @A: 17 24 29 34 | 04
#1183-d332 @A: 26 17 34 03 | 02
#1184-d332 @A: 17 20 34 35 | 11
#1185-d332 @A: 26 21 09 34 | 08
#1186-d332 @A: 18 34 35 12 | 07
#1187-d332 @A: 31 34 08 05 | 01
#1188-d332 @A: 31 19 34 21 | 10
#1189-d332 @A: 23 20 04 29 | 12
#1190-d332 @A: 04 09 10 21 | 09
#1191-d332 @A: 04 29 17 11 | 05
#1192-d332 @A: 04 31 11 21 | 03
#1193-d332 @A: 14 24 04 26 | 06
#1194-d332 @A: 04 09 26 27 | 04
#1195-d332 @A: 04 12 20 35 | 02
#1196-d332 @A: 04 18 27 07 | 11
#1197-d332 @A: 18 20 04 02 | 08
#1198-d332 @A: 31 20 05 04 | 07
#1199-d332 @A: 12 04 06 21 | 01
#1200-d332 @A: 21 10 01 23 | 10
#1201-d332 @A: 33 19 23 11 | 12
#1202-d332 @A: 23 22 33 27 | 09
#1203-d332 @A: 20 07 23 22 | 05
#1204-d332 @A: 29 23 03 15 | 03
#1205-d332 @A: 27 23 05 09 | 06
#1206-d332 @A: 23 07 35 05 | 04
#1207-d332 @A: 07 19 23 12 | 02
#1208-d332 @A: 14 02 11 10 | 11
#1209-d332 @A: 11 08 33 10 | 08
#1210-d332 @A: 22 16 12 10 | 07
#1211-d332 @A: 10 16 35 17 | 01
#1212-d332 @A: 26 01 10 08 | 10
#1213-d332 @A: 21 18 10 22 | 12
#1214-d332 @A: 26 10 14 27 | 09
#1215-d332 @A: 24 15 26 10 | 05
#1216-d332 @A: 28 24 10 31 | 03
#1217-d332 @A: 09 17 20 10 | 06
#1218-d332 @A: 10 05 18 35 | 04
#1219-d332 @A: 12 10 15 07 | 02
#1220-d332 @A: 12 18 10 02 | 11
#1221-d332 @A: 20 05 21 10 | 08
#1222-d332 @A: 12 27 03 10 | 07
#1223-d332 @A: 32 28 15 10 | 01
#1224-d332 @A: 10 06 31 03 | 10
#1225-d332 @A: 01 16 12 11 | 12
#1226-d332 @A: 29 16 20 11 | 09
#1227-d332 @A: 16 33 21 11 | 05
#1228-d332 @A: 14 11 29 15 | 03
#1229-d332 @A: 26 06 29 11 | 06
#1230-d332 @A: 11 35 03 29 | 04
#1231-d332 @A: 26 11 20 17 | 02
#1232-d332 @A: 17 27 11 09 | 11
#1233-d332 @A: 26 11 21 07 | 08
#1234-d332 @A: 11 15 35 31 | 07
#1235-d332 @A: 31 32 05 11 | 01
#1236-d332 @A: 05 31 28 11 | 10
#1237-d332 @A: 16 24 22 01 | 12
#1238-d332 @A: 15 16 22 33 | 09
#1239-d332 @A: 08 22 16 19 | 05
#1240-d332 @A: 24 28 09 16 | 03
#1241-d332 @A: 16 17 33 02 | 06
#1242-d332 @A: 35 05 03 16 | 04
#1243-d332 @A: 08 16 20 27 | 02
#1244-d332 @A: 05 15 18 16 | 11
#1245-d332 @A: 16 27 15 19 | 08
#1246-d332 @A: 05 15 01 29 | 07
#1247-d332 @A: 35 24 03 01 | 01
#1248-d332 @A: 02 01 26 27 | 10
#1249-d332 @A: 20 01 03 07 | 12
#1250-d332 @A: 14 07 22 29 | 09
#1251-d332 @A: 07 05 22 27 | 05
#1252-d332 @A: 18 05 22 20 | 03
#1253-d332 @A: 14 08 32 26 | 06
#1254-d332 @A: 14 32 07 02 | 04
#1255-d332 @A: 14 08 12 21 | 02
#1256-d332 @A: 12 18 14 19 | 11
#1257-d332 @A: 05 14 21 06 | 08
#1258-d332 @A: 31 06 14 27 | 07
#1259-d332 @A: 03 32 14 15 | 01
#1260-d332 @A: 02 14 03 21 | 10
#1261-d332 @A: 28 14 02 31 | 12
#1262-d332 @A: 02 35 07 29 | 09
#1263-d332 @A: 29 07 19 31 | 05
#1264-d332 @A: 03 29 31 08 | 03
#1265-d332 @A: 19 05 27 29 | 06
#1266-d332 @A: 05 32 29 06 | 04
#1267-d332 @A: 29 27 31 32 | 02
#1268-d332 @A: 15 29 28 31 | 11
#1269-d332 @A: 03 24 15 07 | 08
#1270-d332 @A: 07 17 27 15 | 07
#1271-d332 @A: 17 31 07 20 | 01
#1272-d332 @A: 17 06 02 18 | 10
#1273-d332 @A: 17 15 02 19 | 12
#1274-d332 @A: 08 26 21 35 | 09
#1275-d332 @A: 35 26 02 18 | 05
#1276-d332 @A: 31 07 09 15 | 03
#1277-d332 @A: 02 31 08 09 | 06
#1278-d332 @A: 03 19 09 32 | 04
#1279-d332 @A: 27 12 02 09 | 02
#1280-d332 @A: 08 32 06 33 | 11
#1281-d332 @A: 03 18 05 33 | 08
#1282-d332 @A: 12 27 15 33 | 07
#1283-d332 @A: 12 21 20 28 | 01
#1284-d332 @A: 25 03 30 17 | 10
#1285-d332 @A: 18 25 05 30 | 12
#1286-d332 @A: 07 34 25 13 | 09
#1287-d332 @A: 02 33 25 13 | 05
#1288-d332 @A: 25 03 22 34 | 03
#1289-d332 @A: 19 26 04 25 | 06
#1290-d332 @A: 23 05 22 25 | 04
#1291-d332 @A: 25 27 22 11 | 02
#1292-d332 @A: 25 11 14 31 | 11
#1293-d332 @A: 14 25 01 32 | 08
#1294-d332 @A: 25 22 33 19 | 07
#1295-d332 @A: 25 29 09 05 | 01
#1296-d332 @A: 09 03 25 24 | 10
#1297-d332 @A: 12 25 18 21 | 12
#1298-d332 @A: 34 13 35 30 | 09
#1299-d332 @A: 17 13 30 27 | 05
#1300-d332 @A: 12 32 30 34 | 03
#1301-d332 @A: 30 10 05 04 | 06
#1302-d332 @A: 30 04 14 18 | 04
#1303-d332 @A: 02 23 18 30 | 02
#1304-d332 @A: 30 16 24 15 | 11
#1305-d332 @A: 22 09 30 27 | 08
#1306-d332 @A: 22 08 28 30 | 07
#1307-d332 @A: 24 28 18 30 | 01
#1308-d332 @A: 35 30 06 02 | 10
#1309-d332 @A: 19 06 28 30 | 12
#1310-d332 @A: 34 14 12 13 | 09
#1311-d332 @A: 31 04 13 22 | 05
#1312-d332 @A: 04 20 13 09 | 03
#1313-d332 @A: 13 14 26 11 | 06
#1314-d332 @A: 13 35 11 27 | 04
#1315-d332 @A: 35 13 22 16 | 02
#1316-d332 @A: 16 02 13 24 | 11
#1317-d332 @A: 13 19 16 09 | 08
#1318-d332 @A: 09 13 01 35 | 07
#1319-d332 @A: 29 13 32 26 | 01
#1320-d332 @A: 32 15 13 08 | 10
#1321-d332 @A: 13 27 18 06 | 12
#1322-d332 @A: 27 13 21 19 | 09
#1323-d332 @A: 31 34 04 26 | 05
#1324-d332 @A: 04 33 27 34 | 03
#1325-d332 @A: 07 34 23 14 | 06
#1326-d332 @A: 11 05 34 35 | 04
#1327-d332 @A: 34 27 16 21 | 02
#1328-d332 @A: 34 01 20 29 | 11
#1329-d332 @A: 34 02 01 06 | 08
#1330-d332 @A: 27 09 14 34 | 07
#1331-d332 @A: 34 19 32 05 | 01
#1332-d332 @A: 06 32 34 03 | 10
#1333-d332 @A: 34 28 32 21 | 12
#1334-d332 @A: 23 28 14 04 | 09
#1335-d332 @A: 04 23 15 24 | 05
#1336-d332 @A: 27 04 11 10 | 03
#1337-d332 @A: 10 04 22 02 | 06
#1338-d332 @A: 19 10 04 14 | 04
#1339-d332 @A: 04 05 01 35 | 02
#1340-d332 @A: 14 05 08 04 | 11
#1341-d332 @A: 04 02 21 32 | 08
#1342-d332 @A: 23 18 17 11 | 07
#1343-d332 @A: 23 08 02 14 | 01
#1344-d332 @A: 33 29 07 23 | 10
#1345-d332 @A: 26 23 28 24 | 12
#1346-d332 @A: 23 07 17 02 | 09
#1347-d332 @A: 23 33 05 12 | 05
#1348-d332 @A: 11 31 18 10 | 03
#1349-d332 @A: 03 10 16 01 | 06
#1350-d332 @A: 01 24 10 02 | 04
#1351-d332 @A: 19 01 10 17 | 02
#1352-d332 @A: 01 10 09 31 | 11
#1353-d332 @A: 18 10 03 24 | 08
#1354-d332 @A: 26 33 10 06 | 07
#1355-d332 @A: 08 10 07 02 | 01
#1356-d332 @A: 21 31 10 07 | 10
#1357-d332 @A: 08 20 10 12 | 12
#1358-d332 @A: 10 02 19 05 | 09
#1359-d332 @A: 06 32 19 10 | 05
#1360-d332 @A: 10 12 05 31 | 03
#1361-d332 @A: 08 22 11 01 | 06
#1362-d332 @A: 11 01 07 09 | 04
#1363-d332 @A: 06 11 21 01 | 02
#1364-d332 @A: 11 22 03 24 | 11
#1365-d332 @A: 11 27 24 19 | 08
#1366-d332 @A: 12 08 11 05 | 07
#1367-d332 @A: 20 08 11 28 | 01
#1368-d332 @A: 15 21 18 11 | 10
#1369-d332 @A: 11 31 12 19 | 12
#1370-d332 @A: 11 31 27 02 | 09
#1371-d332 @A: 12 11 06 15 | 05
#1372-d332 @A: 17 14 16 20 | 03
#1373-d332 @A: 28 14 26 16 | 06
#1374-d332 @A: 09 16 27 29 | 04
#1375-d332 @A: 35 16 31 07 | 02
#1376-d332 @A: 15 08 35 16 | 11
#1377-d332 @A: 31 20 18 16 | 08
#1378-d332 @A: 12 16 19 02 | 07
#1379-d332 @A: 29 01 26 35 | 01
#1380-d332 @A: 03 33 17 01 | 10
#1381-d332 @A: 01 07 17 05 | 12
#1382-d332 @A: 32 01 21 35 | 09
#1383-d332 @A: 27 21 05 01 | 05
#1384-d332 @A: 35 20 14 22 | 03
#1385-d332 @A: 20 29 22 12 | 06
#1386-d332 @A: 17 08 22 07 | 04
#1387-d332 @A: 22 35 06 07 | 02
#1388-d332 @A: 22 35 32 08 | 11
#1389-d332 @A: 08 18 27 22 | 08
#1390-d332 @A: 03 20 22 08 | 07
#1391-d332 @A: 18 15 06 22 | 01
#1392-d332 @A: 15 22 05 03 | 10
#1393-d332 @A: 19 29 17 14 | 12
#1394-d332 @A: 03 06 33 14 | 09
#1395-d332 @A: 14 08 27 15 | 05
#1396-d332 @A: 32 06 18 14 | 03
#1397-d332 @A: 12 14 15 20 | 06
#1398-d332 @A: 29 08 26 24 | 04
#1399-d332 @A: 29 09 28 18 | 02
#1400-d332 @A: 02 21 33 29 | 11
#1401-d332 @A: 35 19 29 15 | 08
#1402-d332 @A: 29 21 03 18 | 07
#1403-d332 @A: 15 21 24 17 | 01
#1404-d332 @A: 35 24 12 21 | 10
#1405-d332 @A: 20 35 06 24 | 12
#1406-d332 @A: 20 24 03 02 | 09
#1407-d332 @A: 15 07 20 26 | 05
#1408-d332 @A: 19 32 26 12 | 03
#1409-d332 @A: 12 26 05 27 | 06
#1410-d332 @A: 32 02 26 31 | 04
#1411-d332 @A: 12 31 03 26 | 02
#1412-d332 @A: 15 31 21 26 | 11
#1413-d332 @A: 09 02 33 32 | 08
#1414-d332 @A: 21 19 28 09 | 07
#1415-d332 @A: 06 15 05 33 | 01
#1416-d332 @A: 21 33 12 32 | 10
#1417-d332 @A: 30 31 13 25 | 12
#1418-d332 @A: 30 26 25 35 | 09
#1419-d332 @A: 13 25 17 35 | 05
#1420-d332 @A: 11 34 25 08 | 03
#1421-d332 @A: 25 21 34 29 | 06
#1422-d332 @A: 03 25 01 18 | 04
#1423-d332 @A: 07 26 17 25 | 02
#1424-d332 @A: 31 35 09 25 | 11
#1425-d332 @A: 35 07 25 33 | 08
#1426-d332 @A: 35 02 19 25 | 07
#1427-d332 @A: 25 03 27 07 | 01
#1428-d332 @A: 19 08 25 05 | 10
#1429-d332 @A: 05 12 03 25 | 12
#1430-d332 @A: 30 13 04 07 | 09
#1431-d332 @A: 30 16 08 13 | 05
#1432-d332 @A: 31 34 33 30 | 03
#1433-d332 @A: 33 30 12 04 | 06
#1434-d332 @A: 23 30 27 10 | 04
#1435-d332 @A: 30 20 31 10 | 02
#1436-d332 @A: 16 27 28 30 | 11
#1437-d332 @A: 30 14 01 08 | 08
#1438-d332 @A: 30 09 05 01 | 07
#1439-d332 @A: 31 30 18 01 | 01
#1440-d332 @A: 30 31 24 22 | 10
#1441-d332 @A: 30 20 29 09 | 12
#1442-d332 @A: 07 33 30 27 | 09
#1443-d332 @A: 19 35 30 21 | 05
#1444-d332 @A: 07 02 30 21 | 03
#1445-d332 @A: 18 19 27 30 | 06
#1446-d332 @A: 05 30 27 06 | 04
#1447-d332 @A: 14 13 29 23 | 02
#1448-d332 @A: 23 07 13 24 | 11
#1449-d332 @A: 23 33 13 35 | 08
#1450-d332 @A: 14 18 10 13 | 07
#1451-d332 @A: 02 13 22 11 | 01
#1452-d332 @A: 16 27 01 13 | 10
#1453-d332 @A: 19 31 13 14 | 12
#1454-d332 @A: 19 13 28 29 | 09
#1455-d332 @A: 13 12 35 08 | 05
#1456-d332 @A: 31 21 35 13 | 03
#1457-d332 @A: 31 07 32 13 | 06
#1458-d332 @A: 19 13 15 18 | 04
#1459-d332 @A: 32 13 02 18 | 02
#1460-d332 @A: 15 05 20 13 | 11
#1461-d332 @A: 06 32 21 13 | 08
#1462-d332 @A: 19 29 04 34 | 07
#1463-d332 @A: 09 04 12 34 | 01
#1464-d332 @A: 05 34 10 01 | 10
#1465-d332 @A: 20 11 34 14 | 12
#1466-d332 @A: 35 16 34 01 | 09
#1467-d332 @A: 14 05 34 16 | 05
#1468-d332 @A: 22 20 34 33 | 03
#1469-d332 @A: 05 17 09 34 | 06
#1470-d332 @A: 09 34 31 28 | 04
#1471-d332 @A: 21 15 32 34 | 02
#1472-d332 @A: 14 23 04 17 | 11
#1473-d332 @A: 16 10 24 04 | 08
#1474-d332 @A: 10 04 01 07 | 07
#1475-d332 @A: 35 33 04 10 | 01
#1476-d332 @A: 24 04 11 32 | 10
#1477-d332 @A: 04 21 28 16 | 12
#1478-d332 @A: 01 21 24 04 | 09
#1479-d332 @A: 06 09 04 17 | 05
#1480-d332 @A: 35 08 04 02 | 03
#1481-d332 @A: 35 03 32 04 | 06
#1482-d332 @A: 19 04 21 08 | 04
#1483-d332 @A: 20 27 04 03 | 02
#1484-d332 @A: 10 12 29 23 | 11
#1485-d332 @A: 23 06 17 10 | 08
#1486-d332 @A: 08 23 11 16 | 07
#1487-d332 @A: 24 03 16 23 | 01
#1488-d332 @A: 09 23 02 16 | 10
#1489-d332 @A: 23 21 16 06 | 12
#1490-d332 @A: 22 19 23 01 | 09
#1491-d332 @A: 14 24 31 23 | 05
#1492-d332 @A: 23 21 14 18 | 03
#1493-d332 @A: 23 19 29 24 | 06
#1494-d332 @A: 17 05 29 23 | 04
#1495-d332 @A: 29 23 09 08 | 02
#1496-d332 @A: 06 07 27 23 | 11
#1497-d332 @A: 19 02 27 23 | 08
#1498-d332 @A: 32 27 23 15 | 07
#1499-d332 @A: 23 31 15 02 | 01
#1500-d332 @A: 10 14 29 21 | 10
#1501-d332 @A: 17 10 33 28 | 12
#1502-d332 @A: 12 28 10 08 | 09
#1503-d332 @A: 35 11 28 16 | 05
#1504-d332 @A: 18 11 24 12 | 03
#1505-d332 @A: 07 20 27 11 | 06
#1506-d332 @A: 33 16 07 01 | 04
#1507-d332 @A: 35 09 26 16 | 02
#1508-d332 @A: 33 28 16 20 | 11
#1509-d332 @A: 12 29 14 01 | 08
#1510-d332 @A: 01 35 33 14 | 07
#1511-d332 @A: 29 01 32 09 | 01
#1512-d332 @A: 17 01 26 21 | 10
#1513-d332 @A: 02 05 01 08 | 12
#1514-d332 @A: 03 01 32 05 | 09
#1515-d332 @A: 01 02 28 20 | 05
#1516-d332 @A: 29 22 27 17 | 03
#1517-d332 @A: 22 24 09 19 | 06
#1518-d332 @A: 17 22 19 26 | 04
#1519-d332 @A: 18 07 22 31 | 02
#1520-d332 @A: 22 12 32 15 | 11
#1521-d332 @A: 14 29 20 27 | 08
#1522-d332 @A: 08 14 33 17 | 07
#1523-d332 @A: 19 21 26 14 | 01
#1524-d332 @A: 14 27 33 28 | 10
#1525-d332 @A: 14 35 27 07 | 12
#1526-d332 @A: 15 18 31 14 | 09
#1527-d332 @A: 32 17 29 33 | 05
#1528-d332 @A: 20 06 17 29 | 03
#1529-d332 @A: 05 29 31 02 | 06
#1530-d332 @A: 26 17 35 24 | 04
#1531-d332 @A: 07 24 06 17 | 02
#1532-d332 @A: 17 24 03 27 | 11
#1533-d332 @A: 24 27 08 32 | 08
#1534-d332 @A: 24 21 18 19 | 07
#1535-d332 @A: 18 31 24 27 | 01
#1536-d332 @A: 15 19 24 20 | 10
#1537-d332 @A: 05 24 21 31 | 12
#1538-d332 @A: 32 08 17 03 | 09
#1539-d332 @A: 17 32 06 12 | 05
#1540-d332 @A: 12 17 31 21 | 03
#1541-d332 @A: 33 35 09 12 | 06
#1542-d332 @A: 09 27 06 33 | 04
#1543-d332 @A: 21 07 09 12 | 02
#1544-d332 @A: 03 02 18 09 | 11
#1545-d332 @A: 09 31 03 20 | 08
#1546-d332 @A: 32 33 35 18 | 07
#1547-d332 @A: 35 33 02 15 | 01
#1548-d332 @A: 08 33 31 07 | 10
#1549-d332 @A: 33 12 28 07 | 12
#1550-d332 @A: 31 33 02 03 | 09
#1551-d332 @A: 20 35 15 28 | 05
#1552-d332 @A: 27 07 02 28 | 03
#1553-d332 @A: 32 28 12 18 | 06
#1554-d332 @A: 25 29 13 22 | 04
#1555-d332 @A: 25 24 20 13 | 02
#1556-d332 @A: 25 13 15 28 | 11
#1557-d332 @A: 04 15 11 25 | 08
#1558-d332 @A: 14 20 04 25 | 07
#1559-d332 @A: 16 25 11 03 | 01
#1560-d332 @A: 02 17 11 25 | 10
#1561-d332 @A: 11 28 19 25 | 12
#1562-d332 @A: 29 08 25 01 | 09
#1563-d332 @A: 31 26 25 22 | 05
#1564-d332 @A: 25 32 21 22 | 03
#1565-d332 @A: 08 25 02 28 | 06
#1566-d332 @A: 30 10 13 02 | 04
#1567-d332 @A: 02 34 30 09 | 02
#1568-d332 @A: 19 04 22 30 | 11
#1569-d332 @A: 01 17 30 23 | 08
#1570-d332 @A: 09 21 30 23 | 07
#1571-d332 @A: 30 01 35 10 | 01
#1572-d332 @A: 10 09 30 18 | 10
#1573-d332 @A: 30 24 11 20 | 12
#1574-d332 @A: 14 29 35 30 | 09
#1575-d332 @A: 33 14 09 30 | 05
#1576-d332 @A: 12 09 24 30 | 03
#1577-d332 @A: 30 18 08 07 | 06
#1578-d332 @A: 21 18 30 06 | 04
#1579-d332 @A: 05 30 31 03 | 02
#1580-d332 @A: 12 30 27 21 | 11
#1581-d332 @A: 03 21 15 30 | 08
#1582-d332 @A: 23 13 34 20 | 07
#1583-d332 @A: 32 34 11 13 | 01
#1584-d332 @A: 03 34 13 16 | 10
#1585-d332 @A: 27 34 13 31 | 12
#1586-d332 @A: 04 13 06 10 | 09
#1587-d332 @A: 33 13 18 04 | 05
#1588-d332 @A: 13 04 27 32 | 03
#1589-d332 @A: 22 13 10 05 | 06
#1590-d332 @A: 20 29 13 10 | 04
#1591-d332 @A: 17 12 16 13 | 02
#1592-d332 @A: 13 16 20 26 | 11
#1593-d332 @A: 26 31 13 01 | 08
#1594-d332 @A: 14 13 32 09 | 07
#1595-d332 @A: 17 13 29 15 | 01
#1596-d332 @A: 13 35 06 29 | 10
#1597-d332 @A: 08 09 13 21 | 12
#1598-d332 @A: 13 35 18 03 | 09
#1599-d332 @A: 07 12 18 13 | 05
#1600-d332 @A: 13 32 19 20 | 03
#1601-d332 @A: 04 14 02 34 | 06
#1602-d332 @A: 01 15 34 23 | 04
#1603-d332 @A: 14 10 15 34 | 02
#1604-d332 @A: 07 10 34 26 | 11
#1605-d332 @A: 11 28 22 34 | 08
#1606-d332 @A: 11 17 15 34 | 07
#1607-d332 @A: 34 31 11 07 | 01
#1608-d332 @A: 29 16 22 34 | 10
#1609-d332 @A: 16 09 06 34 | 12
#1610-d332 @A: 34 17 31 14 | 09
#1611-d332 @A: 20 26 34 27 | 05
#1612-d332 @A: 08 27 34 06 | 03
#1613-d332 @A: 34 31 12 20 | 06
#1614-d332 @A: 08 04 23 01 | 04
#1615-d332 @A: 21 04 23 33 | 02
#1616-d332 @A: 15 04 09 16 | 11
#1617-d332 @A: 04 26 07 29 | 08
#1618-d332 @A: 04 29 05 33 | 07
#1619-d332 @A: 05 12 19 04 | 01
#1620-d332 @A: 15 04 19 32 | 10
#1621-d332 @A: 03 04 28 12 | 12
#1622-d332 @A: 15 06 31 04 | 09
#1623-d332 @A: 12 14 16 23 | 05
#1624-d332 @A: 23 24 01 32 | 03
#1625-d332 @A: 23 31 09 22 | 06
#1626-d332 @A: 12 28 23 35 | 04
#1627-d332 @A: 23 35 31 06 | 02
#1628-d332 @A: 23 12 18 15 | 11
#1629-d332 @A: 10 20 16 33 | 08
#1630-d332 @A: 09 33 10 22 | 07
#1631-d332 @A: 10 17 05 14 | 01
#1632-d332 @A: 29 10 02 26 | 10
#1633-d332 @A: 27 35 10 31 | 12
#1634-d332 @A: 35 06 10 12 | 09
#1635-d332 @A: 06 07 10 05 | 05
#1636-d332 @A: 08 10 27 21 | 03
#1637-d332 @A: 01 11 29 24 | 06
#1638-d332 @A: 11 27 18 01 | 04
#1639-d332 @A: 22 14 11 18 | 02
#1640-d332 @A: 11 09 22 21 | 11
#1641-d332 @A: 33 07 11 22 | 08
#1642-d332 @A: 11 29 32 02 | 07
#1643-d332 @A: 17 12 11 28 | 01
#1644-d332 @A: 06 32 27 11 | 10
#1645-d332 @A: 31 16 01 02 | 12
#1646-d332 @A: 20 21 16 22 | 09
#1647-d332 @A: 29 14 02 16 | 05
#1648-d332 @A: 03 16 29 17 | 03
#1649-d332 @A: 24 16 17 05 | 06
#1650-d332 @A: 05 20 07 16 | 04
#1651-d332 @A: 28 16 19 18 | 02
#1652-d332 @A: 19 16 05 06 | 11
#1653-d332 @A: 05 16 21 02 | 08
#1654-d332 @A: 27 03 16 02 | 07
#1655-d332 @A: 14 28 17 01 | 01
#1656-d332 @A: 35 01 27 28 | 10
#1657-d332 @A: 07 27 01 32 | 12
#1658-d332 @A: 32 01 08 19 | 09
#1659-d332 @A: 06 05 01 18 | 05
#1660-d332 @A: 01 12 03 15 | 03
#1661-d332 @A: 22 14 06 26 | 06
#1662-d332 @A: 22 02 14 33 | 04
#1663-d332 @A: 29 03 26 22 | 02
#1664-d332 @A: 22 08 29 05 | 11
#1665-d332 @A: 22 24 26 27 | 08
#1666-d332 @A: 26 02 22 12 | 07
#1667-d332 @A: 28 12 02 22 | 01
#1668-d332 @A: 31 21 22 02 | 10
#1669-d332 @A: 07 05 14 31 | 12
#1670-d332 @A: 14 02 05 18 | 09
#1671-d332 @A: 14 20 05 32 | 05
#1672-d332 @A: 12 29 09 26 | 03
#1673-d332 @A: 15 07 06 29 | 06
#1674-d332 @A: 32 08 29 18 | 04
#1675-d332 @A: 19 29 20 18 | 02
#1676-d332 @A: 29 19 03 06 | 11
#1677-d332 @A: 24 02 27 35 | 08
#1678-d332 @A: 17 07 03 21 | 07
#1679-d332 @A: 08 31 20 26 | 01
#1680-d332 @A: 06 19 26 15 | 10
#1681-d332 @A: 06 26 20 28 | 12
#1682-d332 @A: 09 05 32 18 | 09
#1683-d332 @A: 31 27 19 09 | 05
#1684-d332 @A: 21 09 32 27 | 03
#1685-d332 @A: 03 09 28 06 | 06
#1686-d332 @A: 15 33 19 07 | 04
#1687-d332 @A: 15 08 03 33 | 02
#1688-d332 @A: 33 31 27 21 | 11
#1689-d332 @A: 28 19 32 27 | 08
