#0001-d345 @A: 26 11 32 06 | 05
#0002-d345 @A: 21 26 10 09 | 07
#0003-d345 @A: 09 05 16 26 | 01
#0004-d345 @A: 19 34 26 33 | 04
#0005-d345 @A: 26 34 25 18 | 11
#0006-d345 @A: 31 16 15 26 | 12
#0007-d345 @A: 29 02 01 26 | 03
#0008-d345 @A: 26 24 13 07 | 09
#0009-d345 @A: 01 22 19 26 | 02
#0010-d345 @A: 26 19 24 21 | 06
#0011-d345 @A: 33 26 18 31 | 10
#0012-d345 @A: 02 26 31 17 | 08
#0013-d345 @A: 22 28 31 26 | 05
#0014-d345 @A: 05 26 32 02 | 07
#0015-d345 @A: 30 26 20 18 | 01
#0016-d345 @A: 26 27 23 06 | 04
#0017-d345 @A: 32 26 17 24 | 11
#0018-d345 @A: 17 26 04 14 | 12
#0019-d345 @A: 20 09 11 18 | 03
#0020-d345 @A: 29 31 11 34 | 09
#0021-d345 @A: 34 21 11 19 | 02
#0022-d345 @A: 08 20 11 34 | 06
#0023-d345 @A: 17 15 11 35 | 10
#0024-d345 @A: 07 15 11 21 | 08
#0025-d345 @A: 22 15 11 01 | 05
#0026-d345 @A: 15 14 32 11 | 07
#0027-d345 @A: 27 11 31 35 | 01
#0028-d345 @A: 11 33 35 02 | 04
#0029-d345 @A: 31 11 08 06 | 11
#0030-d345 @A: 08 05 25 11 | 12
#0031-d345 @A: 11 25 16 04 | 03
#0032-d345 @A: 34 09 05 10 | 09
#0033-d345 @A: 24 34 14 09 | 02
#0034-d345 @A: 04 09 15 35 | 06
#0035-d345 @A: 09 30 15 18 | 10
#0036-d345 @A: 29 06 08 09 | 08
#0037-d345 @A: 28 29 02 09 | 05
#0038-d345 @A: 06 32 35 09 | 07
#0039-d345 @A: 09 31 13 27 | 01
#0040-d345 @A: 03 09 07 16 | 04
#0041-d345 @A: 02 09 31 06 | 11
#0042-d345 @A: 31 09 21 32 | 12
#0043-d345 @A: 16 09 08 12 | 03
#0044-d345 @A: 30 02 27 09 | 09
#0045-d345 @A: 27 09 16 01 | 02
#0046-d345 @A: 33 01 09 06 | 06
#0047-d345 @A: 28 21 09 33 | 10
#0048-d345 @A: 28 20 24 09 | 08
#0049-d345 @A: 25 01 09 04 | 05
#0050-d345 @A: 15 34 23 03 | 07
#0051-d345 @A: 15 22 24 34 | 01
#0052-d345 @A: 29 33 34 35 | 04
#0053-d345 @A: 29 34 10 28 | 11
#0054-d345 @A: 34 19 35 28 | 12
#0055-d345 @A: 12 35 31 34 | 03
#0056-d345 @A: 02 24 34 19 | 09
#0057-d345 @A: 22 19 34 30 | 02
#0058-d345 @A: 22 05 06 34 | 06
#0059-d345 @A: 02 30 34 18 | 10
#0060-d345 @A: 21 34 25 23 | 08
#0061-d345 @A: 02 28 15 03 | 05
#0062-d345 @A: 10 08 15 32 | 07
#0063-d345 @A: 07 12 15 05 | 01
#0064-d345 @A: 15 07 27 22 | 04
#0065-d345 @A: 17 15 06 28 | 11
#0066-d345 @A: 15 32 28 17 | 12
#0067-d345 @A: 29 01 19 03 | 03
#0068-d345 @A: 29 04 02 10 | 09
#0069-d345 @A: 21 19 28 29 | 02
#0070-d345 @A: 18 30 31 29 | 06
#0071-d345 @A: 01 17 22 29 | 10
#0072-d345 @A: 29 24 25 21 | 08
#0073-d345 @A: 35 12 18 13 | 05
#0074-d345 @A: 16 35 13 21 | 07
#0075-d345 @A: 04 35 03 31 | 01
#0076-d345 @A: 35 22 08 14 | 04
#0077-d345 @A: 27 17 35 20 | 11
#0078-d345 @A: 35 23 21 24 | 12
#0079-d345 @A: 32 35 12 28 | 03
#0080-d345 @A: 30 28 35 04 | 09
#0081-d345 @A: 01 13 10 03 | 02
#0082-d345 @A: 18 25 13 03 | 06
#0083-d345 @A: 13 10 19 17 | 10
#0084-d345 @A: 18 21 10 13 | 08
#0085-d345 @A: 31 13 18 04 | 05
#0086-d345 @A: 13 18 14 08 | 07
#0087-d345 @A: 05 14 27 13 | 01
#0088-d345 @A: 30 13 06 18 | 04
#0089-d345 @A: 02 13 12 23 | 11
#0090-d345 @A: 27 01 13 17 | 12
#0091-d345 @A: 13 12 04 24 | 03
#0092-d345 @A: 01 13 12 20 | 09
#0093-d345 @A: 10 03 19 28 | 02
#0094-d345 @A: 03 05 14 07 | 06
#0095-d345 @A: 14 03 19 27 | 10
#0096-d345 @A: 27 22 31 03 | 08
#0097-d345 @A: 03 27 28 16 | 05
#0098-d345 @A: 23 16 21 03 | 07
#0099-d345 @A: 16 04 24 03 | 01
#0100-d345 @A: 33 10 19 05 | 04
#0101-d345 @A: 08 04 01 10 | 11
#0102-d345 @A: 30 18 05 10 | 12
#0103-d345 @A: 22 12 10 23 | 03
#0104-d345 @A: 10 06 20 23 | 09
#0105-d345 @A: 30 33 10 27 | 02
#0106-d345 @A: 10 27 28 14 | 06
#0107-d345 @A: 20 10 21 24 | 10
#0108-d345 @A: 28 08 31 07 | 08
#0109-d345 @A: 31 02 07 16 | 05
#0110-d345 @A: 08 07 16 22 | 07
#0111-d345 @A: 07 06 12 18 | 01
#0112-d345 @A: 14 16 07 17 | 04
#0113-d345 @A: 06 25 28 07 | 11
#0114-d345 @A: 02 19 32 27 | 12
#0115-d345 @A: 19 01 14 25 | 03
#0116-d345 @A: 19 25 14 32 | 09
#0117-d345 @A: 31 08 02 04 | 02
#0118-d345 @A: 22 12 05 31 | 06
#0119-d345 @A: 32 27 31 01 | 10
#0120-d345 @A: 31 12 24 14 | 08
#0121-d345 @A: 24 31 25 04 | 05
#0122-d345 @A: 20 01 25 31 | 07
#0123-d345 @A: 32 08 24 05 | 01
#0124-d345 @A: 20 17 21 08 | 04
#0125-d345 @A: 04 28 24 08 | 11
#0126-d345 @A: 12 28 02 05 | 12
#0127-d345 @A: 30 21 23 05 | 03
#0128-d345 @A: 05 04 30 24 | 09
#0129-d345 @A: 01 05 23 20 | 02
#0130-d345 @A: 20 16 18 23 | 06
#0131-d345 @A: 16 25 02 17 | 10
#0132-d345 @A: 02 33 14 30 | 08
#0133-d345 @A: 25 28 22 16 | 05
#0134-d345 @A: 21 22 06 28 | 07
#0135-d345 @A: 17 22 28 04 | 01
#0136-d345 @A: 16 28 32 21 | 04
#0137-d345 @A: 32 23 28 16 | 11
#0138-d345 @A: 32 25 06 24 | 12
#0139-d345 @A: 32 23 12 17 | 03
#0140-d345 @A: 24 23 32 14 | 09
#0141-d345 @A: 26 09 13 35 | 02
#0142-d345 @A: 26 27 34 13 | 06
#0143-d345 @A: 22 34 17 26 | 10
#0144-d345 @A: 15 26 28 13 | 08
#0145-d345 @A: 15 20 26 22 | 05
#0146-d345 @A: 29 16 19 26 | 07
#0147-d345 @A: 26 04 29 25 | 01
#0148-d345 @A: 23 26 33 35 | 04
#0149-d345 @A: 26 21 31 13 | 11
#0150-d345 @A: 06 13 26 08 | 12
#0151-d345 @A: 33 13 22 26 | 03
#0152-d345 @A: 32 26 10 33 | 09
#0153-d345 @A: 14 26 18 07 | 02
#0154-d345 @A: 05 26 01 31 | 06
#0155-d345 @A: 23 17 26 05 | 10
#0156-d345 @A: 16 22 26 06 | 08
#0157-d345 @A: 26 16 23 12 | 05
#0158-d345 @A: 12 24 33 26 | 07
#0159-d345 @A: 26 32 33 23 | 01
#0160-d345 @A: 33 25 26 14 | 04
#0161-d345 @A: 08 09 11 17 | 11
#0162-d345 @A: 34 11 35 04 | 12
#0163-d345 @A: 17 32 11 34 | 03
#0164-d345 @A: 14 11 13 29 | 09
#0165-d345 @A: 11 07 29 04 | 02
#0166-d345 @A: 29 08 16 11 | 06
#0167-d345 @A: 22 11 29 27 | 10
#0168-d345 @A: 22 12 35 11 | 08
#0169-d345 @A: 17 13 11 22 | 05
#0170-d345 @A: 06 03 11 07 | 07
#0171-d345 @A: 14 11 18 19 | 01
#0172-d345 @A: 19 02 22 11 | 04
#0173-d345 @A: 04 31 11 22 | 11
#0174-d345 @A: 27 16 23 11 | 12
#0175-d345 @A: 27 11 25 24 | 03
#0176-d345 @A: 27 34 09 33 | 09
#0177-d345 @A: 09 17 03 15 | 02
#0178-d345 @A: 10 09 31 15 | 06
#0179-d345 @A: 29 07 20 09 | 10
#0180-d345 @A: 31 09 35 23 | 08
#0181-d345 @A: 24 09 35 08 | 05
#0182-d345 @A: 02 17 09 13 | 07
#0183-d345 @A: 10 09 33 07 | 01
#0184-d345 @A: 33 20 09 16 | 04
#0185-d345 @A: 21 24 09 30 | 11
#0186-d345 @A: 09 12 14 32 | 12
#0187-d345 @A: 23 04 20 09 | 03
#0188-d345 @A: 29 34 01 07 | 09
#0189-d345 @A: 34 22 35 25 | 02
#0190-d345 @A: 30 24 34 03 | 06
#0191-d345 @A: 25 34 03 32 | 10
#0192-d345 @A: 34 10 18 12 | 08
#0193-d345 @A: 34 10 22 27 | 05
#0194-d345 @A: 17 07 34 30 | 07
#0195-d345 @A: 19 34 32 33 | 01
#0196-d345 @A: 05 17 02 34 | 04
#0197-d345 @A: 34 28 02 33 | 11
#0198-d345 @A: 14 32 34 02 | 12
#0199-d345 @A: 32 27 34 22 | 03
#0200-d345 @A: 27 34 24 04 | 09
#0201-d345 @A: 35 10 06 15 | 02
#0202-d345 @A: 35 15 18 23 | 06
#0203-d345 @A: 01 15 12 35 | 10
#0204-d345 @A: 03 18 20 15 | 08
#0205-d345 @A: 28 19 22 15 | 05
#0206-d345 @A: 15 02 08 16 | 07
#0207-d345 @A: 05 15 16 24 | 01
#0208-d345 @A: 01 15 23 16 | 04
#0209-d345 @A: 20 06 15 21 | 11
#0210-d345 @A: 12 14 15 33 | 12
#0211-d345 @A: 25 17 24 15 | 03
#0212-d345 @A: 23 15 20 24 | 09
#0213-d345 @A: 10 13 29 20 | 02
#0214-d345 @A: 29 30 04 03 | 06
#0215-d345 @A: 10 24 19 29 | 10
#0216-d345 @A: 33 10 16 29 | 08
#0217-d345 @A: 23 07 29 06 | 05
#0218-d345 @A: 19 29 23 02 | 07
#0219-d345 @A: 30 33 19 29 | 01
#0220-d345 @A: 17 18 14 29 | 04
#0221-d345 @A: 16 23 29 25 | 11
#0222-d345 @A: 04 16 14 29 | 12
#0223-d345 @A: 28 01 33 29 | 03
#0224-d345 @A: 20 29 21 30 | 09
#0225-d345 @A: 17 29 20 04 | 02
#0226-d345 @A: 24 29 01 14 | 06
#0227-d345 @A: 30 24 23 29 | 10
#0228-d345 @A: 14 32 35 08 | 08
#0229-d345 @A: 25 05 35 14 | 05
#0230-d345 @A: 01 04 16 35 | 07
#0231-d345 @A: 30 16 25 35 | 01
#0232-d345 @A: 35 04 17 06 | 04
#0233-d345 @A: 24 33 35 28 | 11
#0234-d345 @A: 30 13 22 03 | 12
#0235-d345 @A: 16 30 13 19 | 03
#0236-d345 @A: 16 20 31 13 | 09
#0237-d345 @A: 01 31 06 13 | 02
#0238-d345 @A: 18 02 13 33 | 06
#0239-d345 @A: 22 13 18 20 | 10
#0240-d345 @A: 33 21 13 12 | 08
#0241-d345 @A: 28 04 13 01 | 05
#0242-d345 @A: 10 05 27 03 | 07
#0243-d345 @A: 20 19 07 03 | 01
#0244-d345 @A: 02 23 03 08 | 04
#0245-d345 @A: 14 08 03 21 | 11
#0246-d345 @A: 16 14 06 03 | 12
#0247-d345 @A: 01 33 03 27 | 03
#0248-d345 @A: 23 03 27 24 | 09
#0249-d345 @A: 28 03 04 12 | 02
#0250-d345 @A: 12 03 14 20 | 06
#0251-d345 @A: 14 01 32 03 | 10
#0252-d345 @A: 10 04 07 31 | 08
#0253-d345 @A: 17 18 07 10 | 05
#0254-d345 @A: 02 07 28 10 | 07
#0255-d345 @A: 31 19 10 01 | 01
#0256-d345 @A: 02 10 25 19 | 04
#0257-d345 @A: 22 08 17 10 | 11
#0258-d345 @A: 10 01 21 16 | 12
#0259-d345 @A: 33 04 10 17 | 03
#0260-d345 @A: 10 14 20 32 | 09
#0261-d345 @A: 19 05 07 28 | 02
#0262-d345 @A: 04 07 20 02 | 06
#0263-d345 @A: 20 24 07 14 | 10
#0264-d345 @A: 08 32 20 19 | 08
#0265-d345 @A: 19 05 22 27 | 05
#0266-d345 @A: 04 19 27 23 | 07
#0267-d345 @A: 25 30 19 20 | 01
#0268-d345 @A: 27 31 16 05 | 04
#0269-d345 @A: 31 06 32 05 | 11
#0270-d345 @A: 31 16 24 30 | 12
#0271-d345 @A: 01 33 31 24 | 03
#0272-d345 @A: 12 31 28 23 | 09
#0273-d345 @A: 06 04 08 05 | 02
#0274-d345 @A: 05 08 28 30 | 06
#0275-d345 @A: 23 12 30 08 | 10
#0276-d345 @A: 27 25 05 30 | 08
#0277-d345 @A: 33 32 30 05 | 05
#0278-d345 @A: 14 30 01 05 | 07
#0279-d345 @A: 16 14 18 22 | 01
#0280-d345 @A: 33 17 18 27 | 04
#0281-d345 @A: 04 17 02 23 | 11
#0282-d345 @A: 24 23 28 02 | 12
#0283-d345 @A: 01 14 12 02 | 03
#0284-d345 @A: 22 16 21 20 | 09
#0285-d345 @A: 33 22 14 01 | 02
#0286-d345 @A: 33 22 32 14 | 06
#0287-d345 @A: 01 28 22 24 | 10
#0288-d345 @A: 06 28 20 32 | 08
#0289-d345 @A: 26 24 34 11 | 05
#0290-d345 @A: 11 27 04 26 | 07
#0291-d345 @A: 08 26 23 09 | 01
#0292-d345 @A: 35 01 26 34 | 04
#0293-d345 @A: 15 26 21 18 | 11
#0294-d345 @A: 29 30 08 26 | 12
#0295-d345 @A: 26 29 27 20 | 03
#0296-d345 @A: 03 20 26 13 | 09
#0297-d345 @A: 28 26 23 07 | 02
#0298-d345 @A: 28 18 26 24 | 06
#0299-d345 @A: 26 16 27 33 | 10
#0300-d345 @A: 06 04 26 12 | 08
#0301-d345 @A: 06 14 26 01 | 05
#0302-d345 @A: 27 01 28 26 | 07
#0303-d345 @A: 21 14 20 26 | 01
#0304-d345 @A: 17 26 01 20 | 04
#0305-d345 @A: 30 24 26 25 | 11
#0306-d345 @A: 06 09 15 11 | 12
#0307-d345 @A: 13 34 11 18 | 03
#0308-d345 @A: 10 11 15 24 | 09
#0309-d345 @A: 33 15 11 19 | 02
#0310-d345 @A: 08 27 11 15 | 06
#0311-d345 @A: 11 29 06 18 | 10
#0312-d345 @A: 29 11 30 02 | 08
#0313-d345 @A: 29 28 11 23 | 05
#0314-d345 @A: 30 35 08 11 | 07
#0315-d345 @A: 13 11 06 05 | 01
#0316-d345 @A: 13 02 27 11 | 04
#0317-d345 @A: 11 18 08 10 | 11
#0318-d345 @A: 16 06 11 02 | 12
#0319-d345 @A: 21 11 30 16 | 03
#0320-d345 @A: 11 33 23 20 | 09
#0321-d345 @A: 24 12 11 23 | 02
#0322-d345 @A: 28 24 11 14 | 06
#0323-d345 @A: 20 09 34 03 | 10
#0324-d345 @A: 18 09 34 21 | 08
#0325-d345 @A: 19 20 15 09 | 05
#0326-d345 @A: 24 12 15 09 | 07
#0327-d345 @A: 09 04 21 29 | 01
#0328-d345 @A: 35 05 09 12 | 04
#0329-d345 @A: 35 16 18 09 | 11
#0330-d345 @A: 09 10 23 13 | 12
#0331-d345 @A: 13 08 09 05 | 03
#0332-d345 @A: 06 09 13 04 | 09
#0333-d345 @A: 09 16 02 10 | 02
#0334-d345 @A: 14 01 31 09 | 06
#0335-d345 @A: 09 23 22 27 | 10
#0336-d345 @A: 34 15 25 19 | 08
#0337-d345 @A: 34 29 24 08 | 05
#0338-d345 @A: 14 13 34 06 | 07
#0339-d345 @A: 03 22 34 12 | 01
#0340-d345 @A: 18 08 17 34 | 04
#0341-d345 @A: 23 34 14 01 | 11
#0342-d345 @A: 23 28 04 34 | 12
#0343-d345 @A: 13 15 01 29 | 03
#0344-d345 @A: 15 13 12 08 | 09
#0345-d345 @A: 13 15 27 20 | 02
#0346-d345 @A: 10 15 07 20 | 06
#0347-d345 @A: 07 31 15 30 | 10
#0348-d345 @A: 04 15 31 27 | 08
#0349-d345 @A: 22 14 15 05 | 05
#0350-d345 @A: 05 06 01 15 | 07
#0351-d345 @A: 17 05 15 20 | 01
#0352-d345 @A: 32 01 15 20 | 04
#0353-d345 @A: 32 35 03 29 | 11
#0354-d345 @A: 29 10 22 25 | 12
#0355-d345 @A: 29 24 22 07 | 03
#0356-d345 @A: 27 25 29 19 | 09
#0357-d345 @A: 29 02 08 33 | 02
#0358-d345 @A: 06 25 29 05 | 06
#0359-d345 @A: 18 23 33 29 | 10
#0360-d345 @A: 28 27 04 29 | 08
#0361-d345 @A: 29 21 17 33 | 05
#0362-d345 @A: 12 29 23 20 | 07
#0363-d345 @A: 31 35 17 13 | 01
#0364-d345 @A: 33 14 35 13 | 04
#0365-d345 @A: 03 16 05 35 | 11
#0366-d345 @A: 35 24 19 18 | 12
#0367-d345 @A: 28 08 18 35 | 03
#0368-d345 @A: 12 08 02 35 | 09
#0369-d345 @A: 06 35 20 16 | 02
#0370-d345 @A: 33 35 06 21 | 06
#0371-d345 @A: 14 04 35 20 | 10
#0372-d345 @A: 07 13 03 17 | 08
#0373-d345 @A: 13 08 10 31 | 05
#0374-d345 @A: 33 13 07 19 | 07
#0375-d345 @A: 27 13 08 19 | 01
#0376-d345 @A: 16 13 27 04 | 04
#0377-d345 @A: 28 13 23 25 | 11
#0378-d345 @A: 24 33 03 19 | 12
#0379-d345 @A: 31 08 12 03 | 03
#0380-d345 @A: 02 31 03 24 | 09
#0381-d345 @A: 05 02 03 06 | 02
#0382-d345 @A: 22 17 03 18 | 06
#0383-d345 @A: 06 03 27 32 | 10
#0384-d345 @A: 04 06 03 20 | 08
#0385-d345 @A: 03 27 30 20 | 05
#0386-d345 @A: 03 33 28 17 | 07
#0387-d345 @A: 25 03 01 21 | 01
#0388-d345 @A: 17 14 24 03 | 04
#0389-d345 @A: 16 10 31 18 | 11
#0390-d345 @A: 10 33 06 31 | 12
#0391-d345 @A: 28 17 10 31 | 03
#0392-d345 @A: 10 32 18 12 | 09
#0393-d345 @A: 23 33 10 28 | 02
#0394-d345 @A: 04 14 12 10 | 06
#0395-d345 @A: 06 19 07 31 | 10
#0396-d345 @A: 07 31 01 23 | 08
#0397-d345 @A: 33 05 08 07 | 05
#0398-d345 @A: 02 18 07 23 | 07
#0399-d345 @A: 27 07 30 04 | 01
#0400-d345 @A: 31 19 32 23 | 04
#0401-d345 @A: 08 23 19 22 | 11
#0402-d345 @A: 19 33 08 16 | 12
#0403-d345 @A: 27 12 18 19 | 03
#0404-d345 @A: 19 23 06 33 | 09
#0405-d345 @A: 12 06 19 25 | 02
#0406-d345 @A: 08 04 31 32 | 06
#0407-d345 @A: 21 31 02 25 | 10
#0408-d345 @A: 31 27 06 24 | 08
#0409-d345 @A: 27 31 25 23 | 05
#0410-d345 @A: 20 31 21 04 | 07
#0411-d345 @A: 08 28 16 17 | 01
#0412-d345 @A: 01 16 30 08 | 04
#0413-d345 @A: 06 08 32 17 | 11
#0414-d345 @A: 23 25 20 08 | 12
#0415-d345 @A: 02 18 05 27 | 03
#0416-d345 @A: 05 25 32 16 | 09
#0417-d345 @A: 28 21 25 05 | 02
#0418-d345 @A: 17 04 32 05 | 06
#0419-d345 @A: 12 16 28 18 | 10
#0420-d345 @A: 27 18 14 23 | 08
#0421-d345 @A: 18 33 04 01 | 05
#0422-d345 @A: 16 01 22 02 | 07
#0423-d345 @A: 04 16 02 12 | 01
#0424-d345 @A: 28 20 02 16 | 04
#0425-d345 @A: 17 06 21 02 | 11
#0426-d345 @A: 02 24 14 21 | 12
#0427-d345 @A: 20 02 23 14 | 03
#0428-d345 @A: 16 27 17 22 | 09
#0429-d345 @A: 27 14 22 06 | 02
#0430-d345 @A: 23 06 22 01 | 06
#0431-d345 @A: 25 27 01 22 | 10
#0432-d345 @A: 33 22 24 25 | 08
#0433-d345 @A: 23 22 28 14 | 05
#0434-d345 @A: 30 28 32 27 | 07
#0435-d345 @A: 01 12 32 33 | 01
#0436-d345 @A: 28 26 03 34 | 04
#0437-d345 @A: 23 34 02 26 | 11
#0438-d345 @A: 07 06 15 26 | 12
#0439-d345 @A: 07 16 26 35 | 03
#0440-d345 @A: 26 19 20 35 | 09
#0441-d345 @A: 26 10 13 16 | 02
#0442-d345 @A: 27 03 08 26 | 06
#0443-d345 @A: 10 27 31 26 | 10
#0444-d345 @A: 26 24 10 22 | 08
#0445-d345 @A: 26 33 02 07 | 05
#0446-d345 @A: 31 04 19 26 | 07
#0447-d345 @A: 26 06 19 02 | 01
#0448-d345 @A: 05 27 26 24 | 04
#0449-d345 @A: 18 22 26 27 | 11
#0450-d345 @A: 16 25 21 26 | 12
#0451-d345 @A: 30 26 21 06 | 03
#0452-d345 @A: 09 11 31 21 | 09
#0453-d345 @A: 34 11 06 10 | 02
#0454-d345 @A: 34 22 11 14 | 06
#0455-d345 @A: 15 04 11 18 | 10
#0456-d345 @A: 24 11 35 29 | 08
#0457-d345 @A: 21 01 11 35 | 05
#0458-d345 @A: 23 14 35 11 | 07
#0459-d345 @A: 11 13 19 32 | 01
#0460-d345 @A: 03 11 32 24 | 04
#0461-d345 @A: 27 11 10 19 | 11
#0462-d345 @A: 23 31 02 11 | 12
#0463-d345 @A: 11 22 25 32 | 03
#0464-d345 @A: 06 25 30 11 | 09
#0465-d345 @A: 11 20 12 25 | 02
#0466-d345 @A: 09 01 19 34 | 06
#0467-d345 @A: 14 07 09 15 | 10
#0468-d345 @A: 09 15 02 23 | 08
#0469-d345 @A: 09 32 13 29 | 05
#0470-d345 @A: 12 29 09 03 | 07
#0471-d345 @A: 22 29 16 09 | 01
#0472-d345 @A: 04 09 19 03 | 04
#0473-d345 @A: 03 09 01 05 | 11
#0474-d345 @A: 02 09 21 03 | 12
#0475-d345 @A: 27 08 10 09 | 03
#0476-d345 @A: 07 09 19 24 | 09
#0477-d345 @A: 08 09 31 30 | 02
#0478-d345 @A: 20 09 05 21 | 06
#0479-d345 @A: 18 09 28 01 | 10
#0480-d345 @A: 12 09 14 06 | 08
#0481-d345 @A: 32 24 33 09 | 05
#0482-d345 @A: 09 17 32 20 | 07
#0483-d345 @A: 15 34 06 12 | 01
#0484-d345 @A: 29 34 19 06 | 04
#0485-d345 @A: 35 34 06 18 | 11
#0486-d345 @A: 31 02 14 34 | 12
#0487-d345 @A: 34 04 31 01 | 03
#0488-d345 @A: 34 08 14 12 | 09
#0489-d345 @A: 16 34 05 23 | 02
#0490-d345 @A: 21 34 33 22 | 06
#0491-d345 @A: 34 12 24 16 | 10
#0492-d345 @A: 25 16 14 34 | 08
#0493-d345 @A: 21 14 30 34 | 05
#0494-d345 @A: 04 20 34 12 | 07
#0495-d345 @A: 34 12 32 30 | 01
#0496-d345 @A: 15 19 05 29 | 04
#0497-d345 @A: 32 15 19 29 | 11
#0498-d345 @A: 31 35 15 33 | 12
#0499-d345 @A: 30 05 03 15 | 03
#0500-d345 @A: 19 10 04 15 | 09
#0501-d345 @A: 07 15 01 19 | 02
#0502-d345 @A: 28 31 15 24 | 06
#0503-d345 @A: 20 15 12 16 | 10
#0504-d345 @A: 30 15 27 21 | 08
#0505-d345 @A: 27 24 15 14 | 05
#0506-d345 @A: 15 14 28 04 | 07
#0507-d345 @A: 29 30 35 10 | 01
#0508-d345 @A: 23 03 29 10 | 04
#0509-d345 @A: 18 03 07 29 | 11
#0510-d345 @A: 29 28 03 06 | 12
#0511-d345 @A: 14 31 29 10 | 03
#0512-d345 @A: 20 19 18 29 | 09
#0513-d345 @A: 31 21 08 29 | 02
#0514-d345 @A: 31 25 32 29 | 06
#0515-d345 @A: 08 05 01 29 | 10
#0516-d345 @A: 18 29 22 02 | 08
#0517-d345 @A: 17 06 16 29 | 05
#0518-d345 @A: 35 24 31 10 | 07
#0519-d345 @A: 35 31 28 02 | 01
#0520-d345 @A: 27 35 06 25 | 04
#0521-d345 @A: 23 01 35 27 | 11
#0522-d345 @A: 13 03 32 16 | 12
#0523-d345 @A: 13 10 05 12 | 03
#0524-d345 @A: 13 28 19 31 | 09
#0525-d345 @A: 13 19 22 24 | 02
#0526-d345 @A: 02 22 31 13 | 06
#0527-d345 @A: 25 13 31 12 | 10
#0528-d345 @A: 24 27 18 13 | 08
#0529-d345 @A: 13 27 28 06 | 05
#0530-d345 @A: 20 06 25 13 | 07
#0531-d345 @A: 04 17 25 13 | 01
#0532-d345 @A: 20 30 13 24 | 04
#0533-d345 @A: 05 03 31 20 | 11
#0534-d345 @A: 18 03 31 21 | 12
#0535-d345 @A: 17 31 03 32 | 03
#0536-d345 @A: 19 05 10 32 | 09
#0537-d345 @A: 16 05 04 10 | 02
#0538-d345 @A: 05 17 06 10 | 06
#0539-d345 @A: 25 18 10 24 | 10
#0540-d345 @A: 16 10 27 06 | 08
#0541-d345 @A: 25 01 10 06 | 05
#0542-d345 @A: 24 30 17 10 | 07
#0543-d345 @A: 17 31 07 27 | 01
#0544-d345 @A: 24 31 32 07 | 04
#0545-d345 @A: 24 08 07 18 | 11
#0546-d345 @A: 22 07 04 14 | 12
#0547-d345 @A: 07 04 06 16 | 03
#0548-d345 @A: 27 33 24 07 | 09
#0549-d345 @A: 14 07 27 01 | 02
#0550-d345 @A: 08 02 17 19 | 06
#0551-d345 @A: 19 28 18 02 | 10
#0552-d345 @A: 04 28 16 19 | 08
#0553-d345 @A: 19 01 24 12 | 05
#0554-d345 @A: 01 31 02 18 | 07
#0555-d345 @A: 17 23 16 31 | 01
#0556-d345 @A: 20 08 24 05 | 04
#0557-d345 @A: 23 08 18 01 | 11
#0558-d345 @A: 24 25 16 08 | 12
#0559-d345 @A: 04 30 08 20 | 03
#0560-d345 @A: 24 05 22 18 | 09
#0561-d345 @A: 14 12 05 16 | 02
#0562-d345 @A: 06 20 18 17 | 06
#0563-d345 @A: 21 18 33 14 | 10
#0564-d345 @A: 18 33 32 28 | 08
#0565-d345 @A: 24 18 17 01 | 05
#0566-d345 @A: 14 18 25 12 | 07
#0567-d345 @A: 33 02 06 04 | 01
#0568-d345 @A: 17 28 02 27 | 04
#0569-d345 @A: 02 24 12 30 | 11
#0570-d345 @A: 22 06 33 30 | 12
#0571-d345 @A: 26 19 07 11 | 03
#0572-d345 @A: 25 31 11 26 | 09
#0573-d345 @A: 16 26 11 18 | 02
#0574-d345 @A: 23 11 26 22 | 06
#0575-d345 @A: 30 09 26 03 | 10
#0576-d345 @A: 04 26 09 28 | 08
#0577-d345 @A: 29 26 30 32 | 05
#0578-d345 @A: 10 35 26 04 | 07
#0579-d345 @A: 13 19 26 14 | 01
#0580-d345 @A: 13 17 30 26 | 04
#0581-d345 @A: 26 12 03 21 | 11
#0582-d345 @A: 26 30 10 02 | 12
#0583-d345 @A: 26 08 01 07 | 03
#0584-d345 @A: 26 17 19 28 | 09
#0585-d345 @A: 26 33 01 30 | 02
#0586-d345 @A: 23 14 26 24 | 06
#0587-d345 @A: 23 26 04 30 | 10
#0588-d345 @A: 34 16 11 09 | 08
#0589-d345 @A: 11 27 07 34 | 05
#0590-d345 @A: 34 11 17 23 | 07
#0591-d345 @A: 12 29 11 21 | 01
#0592-d345 @A: 20 35 13 11 | 04
#0593-d345 @A: 19 13 01 11 | 11
#0594-d345 @A: 04 21 11 13 | 12
#0595-d345 @A: 31 17 03 11 | 03
#0596-d345 @A: 11 03 02 20 | 09
#0597-d345 @A: 04 11 19 05 | 02
#0598-d345 @A: 11 05 28 32 | 06
#0599-d345 @A: 23 11 21 06 | 10
#0600-d345 @A: 11 12 06 28 | 08
#0601-d345 @A: 01 20 04 11 | 05
#0602-d345 @A: 09 30 34 35 | 07
#0603-d345 @A: 09 22 15 33 | 01
#0604-d345 @A: 28 09 16 15 | 04
#0605-d345 @A: 10 09 29 17 | 11
#0606-d345 @A: 06 03 35 09 | 12
#0607-d345 @A: 09 24 16 13 | 03
#0608-d345 @A: 25 08 03 09 | 09
#0609-d345 @A: 09 06 28 10 | 02
#0610-d345 @A: 09 32 16 07 | 06
#0611-d345 @A: 09 21 19 14 | 10
#0612-d345 @A: 09 05 28 31 | 08
#0613-d345 @A: 08 09 18 33 | 05
#0614-d345 @A: 21 12 23 09 | 07
#0615-d345 @A: 17 09 23 28 | 01
#0616-d345 @A: 03 34 14 29 | 04
#0617-d345 @A: 29 05 34 27 | 11
#0618-d345 @A: 34 04 18 29 | 12
#0619-d345 @A: 35 13 34 03 | 03
#0620-d345 @A: 07 34 35 14 | 09
#0621-d345 @A: 24 34 35 05 | 02
#0622-d345 @A: 34 35 23 20 | 06
#0623-d345 @A: 13 04 22 34 | 10
#0624-d345 @A: 01 34 08 03 | 08
#0625-d345 @A: 16 31 22 34 | 05
#0626-d345 @A: 34 16 28 06 | 07
#0627-d345 @A: 20 33 06 34 | 01
#0628-d345 @A: 04 06 34 30 | 04
#0629-d345 @A: 25 12 34 27 | 11
#0630-d345 @A: 01 28 34 17 | 12
#0631-d345 @A: 15 27 29 10 | 03
#0632-d345 @A: 15 31 23 29 | 09
#0633-d345 @A: 12 15 04 29 | 02
#0634-d345 @A: 13 17 18 15 | 06
#0635-d345 @A: 25 13 15 02 | 10
#0636-d345 @A: 07 24 15 03 | 08
#0637-d345 @A: 16 19 15 03 | 05
#0638-d345 @A: 18 08 15 19 | 07
#0639-d345 @A: 17 15 19 27 | 01
#0640-d345 @A: 02 15 20 31 | 04
#0641-d345 @A: 25 15 06 14 | 11
#0642-d345 @A: 17 15 14 23 | 12
#0643-d345 @A: 20 25 29 35 | 03
#0644-d345 @A: 12 29 07 13 | 09
#0645-d345 @A: 29 02 13 16 | 02
#0646-d345 @A: 22 21 13 29 | 06
#0647-d345 @A: 03 29 05 24 | 10
#0648-d345 @A: 21 07 29 10 | 08
#0649-d345 @A: 01 10 29 18 | 05
#0650-d345 @A: 32 29 06 10 | 07
#0651-d345 @A: 17 31 29 05 | 01
#0652-d345 @A: 29 22 06 31 | 04
#0653-d345 @A: 20 01 16 29 | 11
#0654-d345 @A: 27 06 30 29 | 12
#0655-d345 @A: 29 32 04 24 | 03
#0656-d345 @A: 29 14 28 25 | 09
#0657-d345 @A: 13 35 19 25 | 02
#0658-d345 @A: 19 35 10 23 | 06
#0659-d345 @A: 28 35 07 27 | 10
#0660-d345 @A: 35 04 07 24 | 08
#0661-d345 @A: 19 22 35 06 | 05
#0662-d345 @A: 23 35 05 02 | 07
#0663-d345 @A: 14 16 35 24 | 01
#0664-d345 @A: 35 23 17 30 | 04
#0665-d345 @A: 01 20 35 24 | 11
#0666-d345 @A: 13 04 05 03 | 12
#0667-d345 @A: 22 13 14 10 | 03
#0668-d345 @A: 07 30 02 13 | 09
#0669-d345 @A: 02 08 13 28 | 02
#0670-d345 @A: 08 30 13 32 | 06
#0671-d345 @A: 05 13 21 17 | 10
#0672-d345 @A: 06 13 17 33 | 08
#0673-d345 @A: 30 10 31 03 | 05
#0674-d345 @A: 04 10 32 03 | 07
#0675-d345 @A: 25 03 33 07 | 01
#0676-d345 @A: 24 03 18 12 | 04
#0677-d345 @A: 16 03 33 30 | 11
#0678-d345 @A: 06 03 30 12 | 12
#0679-d345 @A: 28 24 03 21 | 03
#0680-d345 @A: 02 27 23 10 | 09
#0681-d345 @A: 28 32 10 22 | 02
#0682-d345 @A: 24 32 10 16 | 06
#0683-d345 @A: 17 32 10 27 | 10
#0684-d345 @A: 25 33 21 10 | 08
#0685-d345 @A: 10 30 14 20 | 05
#0686-d345 @A: 32 07 12 08 | 07
#0687-d345 @A: 18 21 07 05 | 01
#0688-d345 @A: 30 07 16 20 | 04
#0689-d345 @A: 33 17 07 23 | 11
#0690-d345 @A: 12 23 14 07 | 12
#0691-d345 @A: 20 31 19 08 | 03
#0692-d345 @A: 05 08 12 19 | 09
#0693-d345 @A: 01 19 05 18 | 02
#0694-d345 @A: 19 24 05 25 | 06
#0695-d345 @A: 19 24 17 20 | 10
#0696-d345 @A: 17 32 19 01 | 08
#0697-d345 @A: 23 28 01 19 | 05
#0698-d345 @A: 22 31 30 25 | 07
#0699-d345 @A: 31 33 16 14 | 01
#0700-d345 @A: 32 14 31 28 | 04
#0701-d345 @A: 08 02 06 18 | 11
#0702-d345 @A: 08 02 30 25 | 12
#0703-d345 @A: 06 08 30 24 | 03
#0704-d345 @A: 08 25 21 12 | 09
#0705-d345 @A: 08 01 17 25 | 02
#0706-d345 @A: 22 05 33 28 | 06
#0707-d345 @A: 12 06 21 05 | 10
#0708-d345 @A: 05 20 27 32 | 08
#0709-d345 @A: 33 01 05 17 | 05
#0710-d345 @A: 21 14 05 04 | 07
#0711-d345 @A: 25 23 12 05 | 01
#0712-d345 @A: 33 18 16 25 | 04
#0713-d345 @A: 01 20 18 14 | 11
#0714-d345 @A: 04 25 18 30 | 12
#0715-d345 @A: 02 27 22 33 | 03
#0716-d345 @A: 04 02 22 24 | 09
#0717-d345 @A: 27 16 02 21 | 02
#0718-d345 @A: 02 30 06 01 | 06
#0719-d345 @A: 04 27 01 02 | 10
#0720-d345 @A: 32 04 22 16 | 08
#0721-d345 @A: 32 06 01 22 | 05
#0722-d345 @A: 27 28 22 20 | 07
#0723-d345 @A: 21 22 12 14 | 01
#0724-d345 @A: 23 25 22 17 | 04
#0725-d345 @A: 30 22 14 24 | 11
#0726-d345 @A: 30 06 32 04 | 12
#0727-d345 @A: 33 32 27 04 | 03
#0728-d345 @A: 11 26 29 03 | 09
#0729-d345 @A: 26 16 08 34 | 02
#0730-d345 @A: 15 26 08 33 | 06
#0731-d345 @A: 27 15 26 02 | 10
#0732-d345 @A: 13 26 29 23 | 08
#0733-d345 @A: 26 35 14 31 | 05
#0734-d345 @A: 04 13 02 26 | 07
#0735-d345 @A: 03 18 19 26 | 01
#0736-d345 @A: 03 26 31 06 | 04
#0737-d345 @A: 26 33 05 03 | 11
#0738-d345 @A: 22 02 26 03 | 12
#0739-d345 @A: 03 32 26 12 | 03
#0740-d345 @A: 26 28 08 10 | 09
#0741-d345 @A: 32 26 22 07 | 02
#0742-d345 @A: 20 26 02 08 | 06
#0743-d345 @A: 26 06 28 33 | 10
#0744-d345 @A: 24 20 26 06 | 08
#0745-d345 @A: 23 11 09 19 | 05
#0746-d345 @A: 11 34 15 28 | 07
#0747-d345 @A: 15 11 05 23 | 01
#0748-d345 @A: 10 05 11 29 | 04
#0749-d345 @A: 32 02 11 29 | 11
#0750-d345 @A: 35 10 16 11 | 12
#0751-d345 @A: 11 08 13 23 | 03
#0752-d345 @A: 11 22 03 16 | 09
#0753-d345 @A: 10 23 07 11 | 02
#0754-d345 @A: 10 30 11 32 | 06
#0755-d345 @A: 11 23 18 30 | 10
#0756-d345 @A: 20 21 11 27 | 08
#0757-d345 @A: 11 14 12 27 | 05
#0758-d345 @A: 09 34 29 23 | 07
#0759-d345 @A: 15 09 25 29 | 01
#0760-d345 @A: 29 19 31 09 | 04
#0761-d345 @A: 09 20 14 13 | 11
#0762-d345 @A: 19 10 30 09 | 12
#0763-d345 @A: 05 07 09 23 | 03
#0764-d345 @A: 06 09 05 19 | 09
#0765-d345 @A: 12 09 02 19 | 02
#0766-d345 @A: 09 08 22 20 | 06
#0767-d345 @A: 02 33 05 09 | 10
#0768-d345 @A: 22 32 09 02 | 08
#0769-d345 @A: 09 20 06 27 | 05
#0770-d345 @A: 25 12 33 09 | 07
#0771-d345 @A: 34 32 29 21 | 01
#0772-d345 @A: 16 34 03 10 | 04
#0773-d345 @A: 34 31 03 07 | 11
#0774-d345 @A: 20 34 19 10 | 12
#0775-d345 @A: 34 10 31 23 | 03
#0776-d345 @A: 04 34 07 05 | 09
#0777-d345 @A: 16 20 27 34 | 02
#0778-d345 @A: 21 34 06 24 | 06
#0779-d345 @A: 17 25 34 20 | 10
#0780-d345 @A: 24 28 25 34 | 08
#0781-d345 @A: 30 29 22 15 | 05
#0782-d345 @A: 15 02 35 30 | 07
#0783-d345 @A: 03 33 15 13 | 01
#0784-d345 @A: 06 13 19 15 | 04
#0785-d345 @A: 13 30 14 15 | 11
#0786-d345 @A: 10 33 15 18 | 12
#0787-d345 @A: 17 15 04 08 | 03
#0788-d345 @A: 01 15 24 08 | 09
#0789-d345 @A: 06 23 15 04 | 02
#0790-d345 @A: 15 30 33 17 | 06
#0791-d345 @A: 15 01 21 17 | 10
#0792-d345 @A: 28 01 15 25 | 08
#0793-d345 @A: 13 35 06 29 | 05
#0794-d345 @A: 12 08 29 10 | 07
#0795-d345 @A: 22 23 05 29 | 01
#0796-d345 @A: 32 01 16 29 | 04
#0797-d345 @A: 14 27 33 29 | 11
#0798-d345 @A: 29 32 23 20 | 12
#0799-d345 @A: 05 30 35 13 | 03
#0800-d345 @A: 22 27 13 35 | 09
#0801-d345 @A: 32 35 31 10 | 02
#0802-d345 @A: 35 18 27 10 | 06
#0803-d345 @A: 14 35 02 10 | 10
#0804-d345 @A: 27 35 08 05 | 08
#0805-d345 @A: 33 20 35 08 | 05
#0806-d345 @A: 22 01 05 35 | 07
#0807-d345 @A: 30 01 18 35 | 01
#0808-d345 @A: 06 35 24 02 | 04
#0809-d345 @A: 28 16 23 35 | 11
#0810-d345 @A: 04 23 25 35 | 12
#0811-d345 @A: 13 10 06 02 | 03
#0812-d345 @A: 10 20 13 32 | 09
#0813-d345 @A: 07 20 08 13 | 02
#0814-d345 @A: 16 07 18 13 | 06
#0815-d345 @A: 32 31 02 13 | 10
#0816-d345 @A: 08 13 22 25 | 08
#0817-d345 @A: 13 33 08 01 | 05
#0818-d345 @A: 33 23 13 16 | 07
#0819-d345 @A: 25 16 01 13 | 01
#0820-d345 @A: 10 02 03 33 | 04
#0821-d345 @A: 32 03 19 18 | 11
#0822-d345 @A: 03 14 31 28 | 12
#0823-d345 @A: 22 01 03 20 | 03
#0824-d345 @A: 22 03 23 32 | 09
#0825-d345 @A: 21 32 33 03 | 02
#0826-d345 @A: 07 25 16 10 | 06
#0827-d345 @A: 24 10 01 27 | 10
#0828-d345 @A: 10 12 17 20 | 08
#0829-d345 @A: 07 22 25 19 | 05
#0830-d345 @A: 18 07 30 22 | 07
#0831-d345 @A: 18 07 01 25 | 01
#0832-d345 @A: 06 33 14 07 | 04
#0833-d345 @A: 04 28 33 07 | 11
#0834-d345 @A: 07 12 24 21 | 12
#0835-d345 @A: 28 14 21 07 | 03
#0836-d345 @A: 12 01 28 07 | 09
#0837-d345 @A: 07 32 14 30 | 02
#0838-d345 @A: 31 19 22 14 | 06
#0839-d345 @A: 24 23 31 19 | 10
#0840-d345 @A: 19 05 02 16 | 08
#0841-d345 @A: 25 19 23 18 | 05
#0842-d345 @A: 27 19 30 01 | 07
#0843-d345 @A: 31 16 25 06 | 01
#0844-d345 @A: 31 06 12 20 | 04
#0845-d345 @A: 17 31 24 21 | 11
#0846-d345 @A: 05 16 08 18 | 12
#0847-d345 @A: 12 08 06 01 | 03
#0848-d345 @A: 33 08 24 14 | 09
#0849-d345 @A: 24 23 17 08 | 02
#0850-d345 @A: 14 04 08 25 | 06
#0851-d345 @A: 16 05 33 06 | 10
#0852-d345 @A: 25 16 05 20 | 08
#0853-d345 @A: 05 20 12 27 | 05
#0854-d345 @A: 24 33 23 05 | 07
#0855-d345 @A: 33 05 30 12 | 01
#0856-d345 @A: 21 05 24 01 | 04
#0857-d345 @A: 14 17 05 28 | 11
#0858-d345 @A: 12 05 01 04 | 12
#0859-d345 @A: 21 17 23 18 | 03
#0860-d345 @A: 14 18 28 30 | 09
#0861-d345 @A: 02 16 30 23 | 02
#0862-d345 @A: 02 32 24 01 | 06
#0863-d345 @A: 16 22 24 23 | 10
#0864-d345 @A: 04 27 12 22 | 08
#0865-d345 @A: 22 21 04 01 | 05
#0866-d345 @A: 20 22 14 25 | 07
#0867-d345 @A: 27 32 16 12 | 01
#0868-d345 @A: 12 32 24 21 | 04
#0869-d345 @A: 21 20 25 32 | 11
#0870-d345 @A: 05 20 11 26 | 12
#0871-d345 @A: 34 09 06 26 | 03
#0872-d345 @A: 15 09 26 01 | 09
#0873-d345 @A: 20 26 12 09 | 02
#0874-d345 @A: 21 29 34 26 | 06
#0875-d345 @A: 35 19 32 26 | 10
#0876-d345 @A: 08 14 26 05 | 08
#0877-d345 @A: 14 02 16 26 | 05
#0878-d345 @A: 30 16 26 28 | 07
#0879-d345 @A: 26 01 21 23 | 01
#0880-d345 @A: 02 11 04 09 | 04
#0881-d345 @A: 34 11 25 02 | 11
#0882-d345 @A: 12 11 01 34 | 12
#0883-d345 @A: 35 07 11 18 | 03
#0884-d345 @A: 13 11 25 10 | 09
#0885-d345 @A: 11 08 03 28 | 02
#0886-d345 @A: 17 11 02 10 | 06
#0887-d345 @A: 25 07 11 17 | 10
#0888-d345 @A: 31 11 19 16 | 08
#0889-d345 @A: 28 25 19 11 | 05
#0890-d345 @A: 01 08 02 11 | 07
#0891-d345 @A: 14 05 11 02 | 01
#0892-d345 @A: 33 11 18 12 | 04
#0893-d345 @A: 11 22 06 24 | 11
#0894-d345 @A: 11 04 06 14 | 12
#0895-d345 @A: 27 11 30 17 | 03
#0896-d345 @A: 32 04 21 11 | 09
#0897-d345 @A: 02 22 09 34 | 02
#0898-d345 @A: 09 17 34 04 | 06
#0899-d345 @A: 21 09 13 15 | 10
#0900-d345 @A: 07 09 35 17 | 08
#0901-d345 @A: 09 13 07 25 | 05
#0902-d345 @A: 23 03 18 09 | 07
#0903-d345 @A: 25 17 09 05 | 01
#0904-d345 @A: 23 01 09 24 | 04
#0905-d345 @A: 32 04 09 01 | 11
#0906-d345 @A: 15 35 34 27 | 12
#0907-d345 @A: 15 34 07 16 | 03
#0908-d345 @A: 02 16 35 34 | 09
#0909-d345 @A: 28 34 05 13 | 02
#0910-d345 @A: 03 25 34 06 | 06
#0911-d345 @A: 12 34 19 07 | 10
#0912-d345 @A: 33 18 34 07 | 08
#0913-d345 @A: 34 16 32 31 | 05
#0914-d345 @A: 06 23 08 34 | 07
#0915-d345 @A: 20 18 05 34 | 01
#0916-d345 @A: 16 33 01 34 | 04
#0917-d345 @A: 04 16 34 21 | 11
#0918-d345 @A: 06 27 01 34 | 12
#0919-d345 @A: 17 14 27 34 | 03
#0920-d345 @A: 30 27 34 23 | 09
#0921-d345 @A: 20 24 34 32 | 02
#0922-d345 @A: 28 34 12 30 | 06
#0923-d345 @A: 20 14 28 34 | 10
#0924-d345 @A: 14 29 35 15 | 08
#0925-d345 @A: 35 22 16 15 | 05
#0926-d345 @A: 22 15 23 13 | 07
#0927-d345 @A: 15 30 10 08 | 01
#0928-d345 @A: 15 10 16 17 | 04
#0929-d345 @A: 10 01 15 14 | 11
#0930-d345 @A: 31 15 06 18 | 12
#0931-d345 @A: 25 15 18 05 | 03
#0932-d345 @A: 27 15 25 16 | 09
#0933-d345 @A: 23 15 30 28 | 02
#0934-d345 @A: 19 07 29 35 | 06
#0935-d345 @A: 21 02 35 29 | 10
#0936-d345 @A: 35 28 29 22 | 08
#0937-d345 @A: 17 29 08 13 | 05
#0938-d345 @A: 08 27 07 29 | 07
#0939-d345 @A: 19 08 14 29 | 01
#0940-d345 @A: 31 29 20 28 | 04
#0941-d345 @A: 22 29 08 04 | 11
#0942-d345 @A: 05 12 29 32 | 12
#0943-d345 @A: 29 33 12 06 | 03
#0944-d345 @A: 29 12 01 27 | 09
#0945-d345 @A: 25 17 29 12 | 02
#0946-d345 @A: 28 29 30 17 | 06
#0947-d345 @A: 13 10 35 28 | 10
#0948-d345 @A: 23 13 35 07 | 08
#0949-d345 @A: 35 10 20 03 | 05
#0950-d345 @A: 18 03 35 14 | 07
#0951-d345 @A: 25 08 35 10 | 01
#0952-d345 @A: 21 31 35 07 | 04
#0953-d345 @A: 06 35 08 07 | 11
#0954-d345 @A: 32 07 35 21 | 12
#0955-d345 @A: 19 01 08 35 | 03
#0956-d345 @A: 02 32 23 35 | 09
#0957-d345 @A: 01 28 35 06 | 02
#0958-d345 @A: 35 27 33 04 | 06
#0959-d345 @A: 32 17 33 35 | 10
#0960-d345 @A: 25 33 35 01 | 08
#0961-d345 @A: 24 25 12 35 | 05
#0962-d345 @A: 12 20 30 35 | 07
#0963-d345 @A: 13 19 02 21 | 01
#0964-d345 @A: 13 27 25 33 | 04
#0965-d345 @A: 23 32 13 27 | 11
#0966-d345 @A: 21 30 25 13 | 12
#0967-d345 @A: 23 03 07 30 | 03
#0968-d345 @A: 08 32 02 03 | 09
#0969-d345 @A: 27 03 25 04 | 02
#0970-d345 @A: 21 03 04 17 | 06
#0971-d345 @A: 03 14 01 04 | 10
#0972-d345 @A: 19 10 16 22 | 08
#0973-d345 @A: 22 21 31 10 | 05
#0974-d345 @A: 24 12 10 06 | 07
#0975-d345 @A: 10 12 27 21 | 01
#0976-d345 @A: 04 10 20 27 | 04
#0977-d345 @A: 10 23 25 30 | 11
#0978-d345 @A: 18 19 07 04 | 12
#0979-d345 @A: 19 17 21 07 | 03
#0980-d345 @A: 32 05 18 07 | 09
#0981-d345 @A: 01 21 30 07 | 02
#0982-d345 @A: 01 02 19 20 | 06
#0983-d345 @A: 33 25 19 17 | 10
#0984-d345 @A: 33 28 14 19 | 08
#0985-d345 @A: 23 21 20 19 | 05
#0986-d345 @A: 17 19 30 04 | 07
#0987-d345 @A: 04 05 23 31 | 01
#0988-d345 @A: 14 06 31 21 | 04
#0989-d345 @A: 31 33 27 12 | 11
#0990-d345 @A: 31 23 33 21 | 12
#0991-d345 @A: 20 30 31 33 | 03
#0992-d345 @A: 12 31 30 21 | 09
#0993-d345 @A: 14 27 16 08 | 02
#0994-d345 @A: 20 08 06 28 | 06
#0995-d345 @A: 12 08 24 27 | 10
#0996-d345 @A: 32 14 06 05 | 08
#0997-d345 @A: 27 23 28 05 | 05
#0998-d345 @A: 32 23 05 21 | 07
#0999-d345 @A: 17 32 02 18 | 01
#1000-d345 @A: 28 20 18 33 | 04
#1001-d345 @A: 20 24 04 18 | 11
#1002-d345 @A: 18 32 24 30 | 12
#1003-d345 @A: 04 18 23 12 | 03
#1004-d345 @A: 28 06 14 02 | 09
#1005-d345 @A: 02 12 17 33 | 02
#1006-d345 @A: 32 28 25 02 | 06
#1007-d345 @A: 33 16 20 32 | 10
#1008-d345 @A: 23 30 01 32 | 08
#1009-d345 @A: 11 17 33 26 | 05
#1010-d345 @A: 20 34 26 07 | 07
#1011-d345 @A: 26 15 23 19 | 01
#1012-d345 @A: 15 32 26 31 | 04
#1013-d345 @A: 10 29 26 06 | 11
#1014-d345 @A: 22 21 26 07 | 12
#1015-d345 @A: 18 12 26 02 | 03
#1016-d345 @A: 14 27 30 26 | 09
#1017-d345 @A: 04 01 26 24 | 02
#1018-d345 @A: 11 22 28 09 | 06
#1019-d345 @A: 34 30 05 11 | 10
#1020-d345 @A: 16 11 13 15 | 08
#1021-d345 @A: 12 11 15 02 | 05
#1022-d345 @A: 30 31 11 13 | 07
#1023-d345 @A: 12 03 11 05 | 01
#1024-d345 @A: 22 30 11 10 | 04
#1025-d345 @A: 07 08 11 14 | 11
#1026-d345 @A: 22 20 11 07 | 12
#1027-d345 @A: 19 06 11 20 | 03
#1028-d345 @A: 12 11 30 19 | 09
#1029-d345 @A: 11 08 33 22 | 02
#1030-d345 @A: 28 27 18 11 | 06
#1031-d345 @A: 21 11 17 28 | 10
#1032-d345 @A: 20 11 30 28 | 08
#1033-d345 @A: 32 09 10 34 | 05
#1034-d345 @A: 09 15 05 27 | 07
#1035-d345 @A: 15 32 09 27 | 01
#1036-d345 @A: 24 18 29 09 | 04
#1037-d345 @A: 33 19 35 09 | 11
#1038-d345 @A: 09 13 03 28 | 12
#1039-d345 @A: 03 09 10 24 | 03
#1040-d345 @A: 19 09 16 25 | 09
#1041-d345 @A: 31 09 20 17 | 02
#1042-d345 @A: 04 09 18 05 | 06
#1043-d345 @A: 25 09 18 02 | 10
#1044-d345 @A: 14 09 33 17 | 08
#1045-d345 @A: 04 12 09 30 | 05
#1046-d345 @A: 28 30 09 25 | 07
#1047-d345 @A: 05 32 15 34 | 01
#1048-d345 @A: 14 34 15 18 | 04
#1049-d345 @A: 15 02 01 34 | 11
#1050-d345 @A: 34 25 13 29 | 12
#1051-d345 @A: 33 13 31 34 | 03
#1052-d345 @A: 02 13 34 20 | 09
#1053-d345 @A: 01 13 34 24 | 02
#1054-d345 @A: 34 19 03 17 | 06
#1055-d345 @A: 27 18 03 34 | 10
#1056-d345 @A: 33 10 34 08 | 08
#1057-d345 @A: 05 19 34 14 | 05
#1058-d345 @A: 28 31 18 34 | 07
#1059-d345 @A: 30 34 33 25 | 01
#1060-d345 @A: 01 34 20 21 | 04
#1061-d345 @A: 29 15 03 21 | 11
#1062-d345 @A: 07 15 29 33 | 12
#1063-d345 @A: 02 29 06 15 | 03
#1064-d345 @A: 15 08 35 03 | 09
#1065-d345 @A: 10 21 15 23 | 02
#1066-d345 @A: 02 15 17 07 | 06
#1067-d345 @A: 12 31 19 15 | 10
#1068-d345 @A: 25 15 08 31 | 08
#1069-d345 @A: 17 22 15 31 | 05
#1070-d345 @A: 15 21 05 08 | 07
#1071-d345 @A: 22 08 06 15 | 01
#1072-d345 @A: 14 15 20 08 | 04
#1073-d345 @A: 06 32 12 15 | 11
#1074-d345 @A: 27 12 15 23 | 12
#1075-d345 @A: 25 15 23 33 | 03
#1076-d345 @A: 29 01 31 35 | 09
#1077-d345 @A: 29 03 27 13 | 02
#1078-d345 @A: 24 31 29 13 | 06
#1079-d345 @A: 29 33 22 03 | 10
#1080-d345 @A: 31 07 29 25 | 08
#1081-d345 @A: 19 12 22 29 | 05
#1082-d345 @A: 29 02 05 20 | 07
#1083-d345 @A: 29 27 21 18 | 01
#1084-d345 @A: 02 24 29 17 | 04
#1085-d345 @A: 06 29 04 24 | 11
#1086-d345 @A: 29 27 14 32 | 12
#1087-d345 @A: 24 29 28 12 | 03
#1088-d345 @A: 29 12 14 30 | 09
#1089-d345 @A: 01 25 30 29 | 02
#1090-d345 @A: 03 35 07 01 | 06
#1091-d345 @A: 27 35 02 03 | 10
#1092-d345 @A: 03 33 12 35 | 08
#1093-d345 @A: 07 35 20 05 | 05
#1094-d345 @A: 04 19 02 35 | 07
#1095-d345 @A: 31 06 35 05 | 01
#1096-d345 @A: 18 05 33 35 | 04
#1097-d345 @A: 14 21 35 27 | 11
#1098-d345 @A: 13 27 10 07 | 12
#1099-d345 @A: 13 07 31 14 | 03
#1100-d345 @A: 07 13 06 22 | 09
#1101-d345 @A: 19 13 20 05 | 02
#1102-d345 @A: 01 14 21 13 | 06
#1103-d345 @A: 13 20 17 23 | 10
#1104-d345 @A: 13 32 28 24 | 08
#1105-d345 @A: 03 07 08 10 | 05
#1106-d345 @A: 03 10 22 06 | 07
#1107-d345 @A: 14 03 10 25 | 01
#1108-d345 @A: 02 12 07 03 | 04
#1109-d345 @A: 21 03 27 07 | 11
#1110-d345 @A: 25 03 22 05 | 12
#1111-d345 @A: 30 28 03 01 | 03
#1112-d345 @A: 28 23 20 03 | 09
#1113-d345 @A: 14 10 19 07 | 02
#1114-d345 @A: 06 30 10 07 | 06
#1115-d345 @A: 19 18 10 06 | 10
#1116-d345 @A: 10 08 16 20 | 08
#1117-d345 @A: 02 10 01 05 | 05
#1118-d345 @A: 02 18 20 10 | 07
#1119-d345 @A: 16 14 10 23 | 01
#1120-d345 @A: 10 01 23 17 | 04
#1121-d345 @A: 07 19 02 27 | 11
#1122-d345 @A: 24 07 31 05 | 12
#1123-d345 @A: 20 07 01 06 | 03
#1124-d345 @A: 07 33 20 12 | 09
#1125-d345 @A: 23 07 21 04 | 02
#1126-d345 @A: 25 01 32 07 | 06
#1127-d345 @A: 19 22 20 04 | 10
#1128-d345 @A: 16 32 19 14 | 08
#1129-d345 @A: 19 21 27 06 | 05
#1130-d345 @A: 21 01 19 33 | 07
#1131-d345 @A: 08 18 27 31 | 01
#1132-d345 @A: 31 17 08 33 | 04
#1133-d345 @A: 01 16 31 12 | 11
#1134-d345 @A: 04 08 21 27 | 12
#1135-d345 @A: 18 16 01 06 | 03
#1136-d345 @A: 04 17 16 18 | 09
#1137-d345 @A: 18 25 20 27 | 02
#1138-d345 @A: 12 20 21 02 | 06
#1139-d345 @A: 12 16 22 33 | 10
#1140-d345 @A: 25 06 04 22 | 08
#1141-d345 @A: 30 17 22 21 | 05
#1142-d345 @A: 11 09 26 14 | 07
#1143-d345 @A: 26 11 30 15 | 01
#1144-d345 @A: 12 26 11 13 | 04
#1145-d345 @A: 26 01 10 11 | 11
#1146-d345 @A: 33 26 09 29 | 12
#1147-d345 @A: 31 26 09 07 | 03
#1148-d345 @A: 09 26 17 18 | 09
#1149-d345 @A: 15 04 26 34 | 02
#1150-d345 @A: 26 31 30 34 | 06
#1151-d345 @A: 12 26 15 17 | 10
#1152-d345 @A: 12 26 35 27 | 08
#1153-d345 @A: 21 13 32 26 | 05
#1154-d345 @A: 07 30 12 26 | 07
#1155-d345 @A: 20 26 31 23 | 01
#1156-d345 @A: 04 26 22 05 | 04
#1157-d345 @A: 11 25 33 29 | 11
#1158-d345 @A: 20 35 32 11 | 12
#1159-d345 @A: 03 11 30 14 | 03
#1160-d345 @A: 20 31 10 11 | 09
#1161-d345 @A: 07 32 11 27 | 02
#1162-d345 @A: 31 05 33 11 | 06
#1163-d345 @A: 08 11 32 33 | 10
#1164-d345 @A: 01 11 18 32 | 08
#1165-d345 @A: 11 33 16 28 | 05
#1166-d345 @A: 27 11 33 06 | 07
#1167-d345 @A: 17 11 24 04 | 01
#1168-d345 @A: 30 29 13 09 | 04
#1169-d345 @A: 35 09 20 02 | 11
#1170-d345 @A: 09 21 35 22 | 12
#1171-d345 @A: 09 19 13 18 | 03
#1172-d345 @A: 09 01 13 22 | 09
#1173-d345 @A: 09 03 22 14 | 02
#1174-d345 @A: 01 02 07 09 | 06
#1175-d345 @A: 19 30 32 09 | 10
#1176-d345 @A: 12 31 18 09 | 08
#1177-d345 @A: 32 22 08 09 | 05
#1178-d345 @A: 09 08 01 21 | 07
#1179-d345 @A: 05 09 30 22 | 01
#1180-d345 @A: 22 18 09 06 | 04
#1181-d345 @A: 14 04 09 27 | 11
#1182-d345 @A: 01 09 20 30 | 12
#1183-d345 @A: 30 20 34 15 | 03
#1184-d345 @A: 13 19 23 34 | 09
#1185-d345 @A: 30 13 08 34 | 02
#1186-d345 @A: 08 19 34 04 | 06
#1187-d345 @A: 19 34 18 16 | 10
#1188-d345 @A: 32 08 34 23 | 08
#1189-d345 @A: 25 05 01 34 | 05
#1190-d345 @A: 01 18 22 34 | 07
#1191-d345 @A: 17 34 33 24 | 01
#1192-d345 @A: 04 34 14 33 | 04
#1193-d345 @A: 17 21 12 34 | 11
#1194-d345 @A: 04 28 32 34 | 12
#1195-d345 @A: 13 15 32 33 | 03
#1196-d345 @A: 03 12 15 10 | 09
#1197-d345 @A: 15 22 04 03 | 02
#1198-d345 @A: 23 15 08 07 | 06
#1199-d345 @A: 18 07 15 28 | 10
#1200-d345 @A: 15 14 02 19 | 08
#1201-d345 @A: 27 15 18 01 | 05
#1202-d345 @A: 15 02 33 21 | 07
#1203-d345 @A: 15 06 30 16 | 01
#1204-d345 @A: 33 28 15 27 | 04
#1205-d345 @A: 28 21 12 15 | 11
#1206-d345 @A: 20 15 25 04 | 12
#1207-d345 @A: 12 29 35 16 | 03
#1208-d345 @A: 29 02 25 03 | 09
#1209-d345 @A: 31 04 33 29 | 02
#1210-d345 @A: 32 29 18 08 | 06
#1211-d345 @A: 05 12 29 18 | 10
#1212-d345 @A: 29 05 21 16 | 08
#1213-d345 @A: 20 14 06 29 | 05
#1214-d345 @A: 23 03 22 35 | 07
#1215-d345 @A: 30 21 35 03 | 01
#1216-d345 @A: 21 10 05 35 | 04
#1217-d345 @A: 10 33 35 22 | 11
#1218-d345 @A: 07 02 22 35 | 12
#1219-d345 @A: 19 14 35 12 | 03
#1220-d345 @A: 31 35 16 08 | 09
#1221-d345 @A: 32 05 35 22 | 02
#1222-d345 @A: 18 35 02 17 | 06
#1223-d345 @A: 35 24 22 17 | 10
#1224-d345 @A: 32 30 35 25 | 08
#1225-d345 @A: 03 19 13 12 | 05
#1226-d345 @A: 31 13 23 03 | 07
#1227-d345 @A: 08 16 13 03 | 01
#1228-d345 @A: 10 04 30 13 | 04
#1229-d345 @A: 16 05 22 13 | 11
#1230-d345 @A: 22 32 13 30 | 12
#1231-d345 @A: 16 06 13 12 | 03
#1232-d345 @A: 27 30 13 12 | 09
#1233-d345 @A: 28 20 21 13 | 02
#1234-d345 @A: 01 13 30 23 | 06
#1235-d345 @A: 25 31 03 19 | 10
#1236-d345 @A: 03 19 08 06 | 08
#1237-d345 @A: 05 23 19 03 | 05
#1238-d345 @A: 03 08 18 30 | 07
#1239-d345 @A: 03 33 04 08 | 01
#1240-d345 @A: 17 20 03 16 | 04
#1241-d345 @A: 03 06 24 01 | 11
#1242-d345 @A: 33 20 03 21 | 12
#1243-d345 @A: 03 20 24 25 | 03
#1244-d345 @A: 08 10 21 19 | 09
#1245-d345 @A: 10 31 02 12 | 02
#1246-d345 @A: 08 10 05 23 | 06
#1247-d345 @A: 27 25 17 10 | 10
#1248-d345 @A: 10 01 12 33 | 08
#1249-d345 @A: 21 10 14 17 | 05
#1250-d345 @A: 21 10 28 30 | 07
#1251-d345 @A: 10 04 23 24 | 01
#1252-d345 @A: 12 10 28 25 | 04
#1253-d345 @A: 22 07 33 31 | 11
#1254-d345 @A: 21 33 16 07 | 12
#1255-d345 @A: 17 06 07 24 | 03
#1256-d345 @A: 07 21 17 32 | 09
#1257-d345 @A: 07 24 25 23 | 02
#1258-d345 @A: 31 05 19 21 | 06
#1259-d345 @A: 18 30 19 21 | 10
#1260-d345 @A: 01 06 04 19 | 08
#1261-d345 @A: 21 19 04 25 | 05
#1262-d345 @A: 04 32 12 19 | 07
#1263-d345 @A: 23 14 19 30 | 01
#1264-d345 @A: 05 18 31 14 | 04
#1265-d345 @A: 05 02 30 31 | 11
#1266-d345 @A: 14 31 27 20 | 12
#1267-d345 @A: 28 27 30 31 | 03
#1268-d345 @A: 04 17 12 31 | 09
#1269-d345 @A: 06 27 17 08 | 02
#1270-d345 @A: 08 27 32 21 | 06
#1271-d345 @A: 25 28 08 27 | 10
#1272-d345 @A: 17 14 08 30 | 08
#1273-d345 @A: 24 06 05 28 | 05
#1274-d345 @A: 04 20 05 28 | 07
#1275-d345 @A: 27 18 04 06 | 01
#1276-d345 @A: 25 06 18 21 | 04
#1277-d345 @A: 18 33 24 30 | 11
#1278-d345 @A: 01 18 12 21 | 12
#1279-d345 @A: 28 21 04 18 | 03
#1280-d345 @A: 18 23 04 32 | 09
#1281-d345 @A: 02 20 06 22 | 02
#1282-d345 @A: 02 22 12 25 | 06
#1283-d345 @A: 02 12 06 27 | 10
#1284-d345 @A: 24 02 27 20 | 08
#1285-d345 @A: 20 25 02 33 | 05
#1286-d345 @A: 02 32 30 21 | 07
#1287-d345 @A: 08 26 21 11 | 01
#1288-d345 @A: 26 02 11 28 | 04
#1289-d345 @A: 19 27 09 26 | 11
#1290-d345 @A: 32 01 26 34 | 12
#1291-d345 @A: 26 35 15 05 | 03
#1292-d345 @A: 25 10 15 26 | 09
#1293-d345 @A: 26 28 05 29 | 02
#1294-d345 @A: 26 22 29 14 | 06
#1295-d345 @A: 28 35 26 21 | 10
#1296-d345 @A: 10 03 26 17 | 08
#1297-d345 @A: 01 26 03 16 | 05
#1298-d345 @A: 26 10 33 20 | 07
#1299-d345 @A: 08 04 26 18 | 01
#1300-d345 @A: 08 26 16 32 | 04
#1301-d345 @A: 26 18 06 05 | 11
#1302-d345 @A: 26 02 05 21 | 12
#1303-d345 @A: 18 26 20 32 | 03
#1304-d345 @A: 26 17 24 16 | 09
#1305-d345 @A: 17 06 26 25 | 02
#1306-d345 @A: 21 17 26 27 | 06
#1307-d345 @A: 14 26 12 28 | 10
#1308-d345 @A: 28 26 25 20 | 08
#1309-d345 @A: 11 09 13 33 | 05
#1310-d345 @A: 32 23 09 11 | 07
#1311-d345 @A: 29 11 15 20 | 01
#1312-d345 @A: 05 35 28 11 | 04
#1313-d345 @A: 16 32 35 11 | 11
#1314-d345 @A: 11 24 03 13 | 12
#1315-d345 @A: 28 04 11 10 | 03
#1316-d345 @A: 12 07 11 31 | 09
#1317-d345 @A: 07 16 11 05 | 02
#1318-d345 @A: 07 11 01 33 | 06
#1319-d345 @A: 19 08 24 11 | 10
#1320-d345 @A: 31 24 18 11 | 08
#1321-d345 @A: 12 32 31 11 | 05
#1322-d345 @A: 31 01 28 11 | 07
#1323-d345 @A: 11 27 01 05 | 01
#1324-d345 @A: 11 20 16 24 | 04
#1325-d345 @A: 09 34 13 12 | 11
#1326-d345 @A: 25 09 31 34 | 12
#1327-d345 @A: 35 29 09 27 | 03
#1328-d345 @A: 29 05 09 14 | 09
#1329-d345 @A: 35 14 09 28 | 02
#1330-d345 @A: 09 03 05 32 | 06
#1331-d345 @A: 18 10 14 09 | 10
#1332-d345 @A: 09 10 22 04 | 08
#1333-d345 @A: 22 09 12 07 | 05
#1334-d345 @A: 09 21 07 06 | 07
#1335-d345 @A: 08 19 09 28 | 01
#1336-d345 @A: 22 09 19 17 | 04
#1337-d345 @A: 25 18 32 09 | 11
#1338-d345 @A: 30 09 06 17 | 12
#1339-d345 @A: 21 25 09 27 | 03
#1340-d345 @A: 27 17 24 09 | 09
#1341-d345 @A: 23 09 30 33 | 02
#1342-d345 @A: 34 15 13 10 | 06
#1343-d345 @A: 34 21 15 31 | 10
#1344-d345 @A: 34 29 02 12 | 08
#1345-d345 @A: 34 10 35 17 | 05
#1346-d345 @A: 35 32 34 18 | 07
#1347-d345 @A: 17 34 13 16 | 01
#1348-d345 @A: 05 34 21 03 | 04
#1349-d345 @A: 10 30 34 01 | 11
#1350-d345 @A: 07 34 25 08 | 12
#1351-d345 @A: 34 07 22 23 | 03
#1352-d345 @A: 19 31 27 34 | 09
#1353-d345 @A: 33 32 06 34 | 02
#1354-d345 @A: 28 34 27 21 | 06
#1355-d345 @A: 33 34 23 12 | 10
#1356-d345 @A: 24 35 15 13 | 08
#1357-d345 @A: 15 35 19 21 | 05
#1358-d345 @A: 15 03 27 06 | 07
#1359-d345 @A: 04 32 15 07 | 01
#1360-d345 @A: 16 18 15 32 | 04
#1361-d345 @A: 15 21 16 14 | 11
#1362-d345 @A: 33 06 15 24 | 12
#1363-d345 @A: 15 21 24 04 | 03
#1364-d345 @A: 15 25 12 30 | 09
#1365-d345 @A: 01 30 15 04 | 02
#1366-d345 @A: 35 05 29 04 | 06
#1367-d345 @A: 19 04 13 29 | 10
#1368-d345 @A: 18 29 28 13 | 08
#1369-d345 @A: 03 29 08 20 | 05
#1370-d345 @A: 27 31 29 02 | 07
#1371-d345 @A: 25 18 08 29 | 01
#1372-d345 @A: 27 16 24 29 | 04
#1373-d345 @A: 35 01 13 02 | 11
#1374-d345 @A: 07 30 33 35 | 12
#1375-d345 @A: 35 22 31 20 | 03
#1376-d345 @A: 20 18 35 21 | 09
#1377-d345 @A: 35 23 12 06 | 02
#1378-d345 @A: 14 30 35 06 | 06
#1379-d345 @A: 28 12 17 35 | 10
#1380-d345 @A: 14 35 17 01 | 08
#1381-d345 @A: 02 13 14 03 | 05
#1382-d345 @A: 21 08 13 24 | 07
#1383-d345 @A: 23 18 13 05 | 01
#1384-d345 @A: 32 13 06 18 | 04
#1385-d345 @A: 13 28 22 12 | 11
#1386-d345 @A: 23 21 27 13 | 12
#1387-d345 @A: 17 32 13 14 | 03
#1388-d345 @A: 14 25 24 13 | 09
#1389-d345 @A: 04 13 23 14 | 02
#1390-d345 @A: 03 10 18 04 | 06
#1391-d345 @A: 20 07 03 32 | 10
#1392-d345 @A: 19 30 03 02 | 08
#1393-d345 @A: 21 22 19 03 | 05
#1394-d345 @A: 03 12 27 17 | 07
#1395-d345 @A: 14 03 33 23 | 01
#1396-d345 @A: 30 03 25 17 | 04
#1397-d345 @A: 02 08 10 24 | 11
#1398-d345 @A: 14 06 10 08 | 12
#1399-d345 @A: 24 05 14 10 | 03
#1400-d345 @A: 10 16 28 24 | 09
#1401-d345 @A: 30 12 16 10 | 02
#1402-d345 @A: 32 25 10 23 | 06
#1403-d345 @A: 07 19 23 16 | 10
#1404-d345 @A: 31 20 07 18 | 08
#1405-d345 @A: 07 21 02 08 | 05
#1406-d345 @A: 16 27 12 07 | 07
#1407-d345 @A: 07 01 16 24 | 01
#1408-d345 @A: 20 27 23 07 | 04
#1409-d345 @A: 07 12 04 25 | 11
#1410-d345 @A: 31 17 18 19 | 12
#1411-d345 @A: 22 32 19 24 | 03
#1412-d345 @A: 06 24 16 19 | 09
#1413-d345 @A: 16 12 21 19 | 02
#1414-d345 @A: 19 16 20 14 | 06
#1415-d345 @A: 19 21 06 32 | 10
#1416-d345 @A: 24 28 19 27 | 08
#1417-d345 @A: 22 31 01 08 | 05
#1418-d345 @A: 23 14 08 31 | 07
#1419-d345 @A: 18 31 22 32 | 01
#1420-d345 @A: 06 31 28 04 | 04
#1421-d345 @A: 17 01 31 30 | 11
#1422-d345 @A: 17 31 14 25 | 12
#1423-d345 @A: 20 32 30 31 | 03
#1424-d345 @A: 18 20 08 12 | 09
#1425-d345 @A: 33 08 12 28 | 02
#1426-d345 @A: 28 08 21 23 | 06
#1427-d345 @A: 14 02 18 04 | 10
#1428-d345 @A: 21 18 24 16 | 08
#1429-d345 @A: 18 23 06 28 | 05
#1430-d345 @A: 32 27 18 24 | 07
#1431-d345 @A: 32 16 02 06 | 01
#1432-d345 @A: 16 33 24 02 | 04
#1433-d345 @A: 32 20 04 02 | 11
#1434-d345 @A: 12 22 17 06 | 12
#1435-d345 @A: 22 20 24 12 | 03
#1436-d345 @A: 01 12 22 30 | 09
#1437-d345 @A: 32 22 12 20 | 02
#1438-d345 @A: 35 26 11 06 | 06
#1439-d345 @A: 26 24 09 02 | 10
#1440-d345 @A: 25 26 22 09 | 08
#1441-d345 @A: 34 14 26 10 | 05
#1442-d345 @A: 15 29 26 24 | 07
#1443-d345 @A: 03 26 15 14 | 01
#1444-d345 @A: 26 18 35 29 | 04
#1445-d345 @A: 07 17 26 29 | 11
#1446-d345 @A: 03 35 26 24 | 12
#1447-d345 @A: 17 08 35 26 | 03
#1448-d345 @A: 26 02 25 35 | 09
#1449-d345 @A: 26 30 22 35 | 02
#1450-d345 @A: 25 26 05 13 | 06
#1451-d345 @A: 01 18 26 13 | 10
#1452-d345 @A: 19 26 10 12 | 08
#1453-d345 @A: 26 27 07 25 | 05
#1454-d345 @A: 12 01 25 26 | 07
#1455-d345 @A: 11 09 29 01 | 01
#1456-d345 @A: 11 09 27 03 | 04
#1457-d345 @A: 11 09 12 10 | 11
#1458-d345 @A: 35 03 11 19 | 12
#1459-d345 @A: 18 03 01 11 | 03
#1460-d345 @A: 11 03 23 04 | 09
#1461-d345 @A: 02 24 11 07 | 02
#1462-d345 @A: 11 17 05 18 | 06
#1463-d345 @A: 11 02 18 21 | 10
#1464-d345 @A: 18 25 22 11 | 08
#1465-d345 @A: 14 01 16 11 | 05
#1466-d345 @A: 33 21 24 11 | 07
#1467-d345 @A: 14 11 25 21 | 01
#1468-d345 @A: 09 07 34 28 | 04
#1469-d345 @A: 03 31 09 33 | 11
#1470-d345 @A: 04 31 16 09 | 12
#1471-d345 @A: 08 02 09 14 | 03
#1472-d345 @A: 09 23 06 16 | 09
#1473-d345 @A: 17 16 21 09 | 02
#1474-d345 @A: 25 14 09 23 | 06
#1475-d345 @A: 34 21 07 13 | 10
#1476-d345 @A: 21 02 10 34 | 08
#1477-d345 @A: 04 25 34 10 | 05
#1478-d345 @A: 05 31 34 08 | 07
#1479-d345 @A: 24 31 20 34 | 01
#1480-d345 @A: 34 24 23 18 | 04
#1481-d345 @A: 29 08 28 15 | 11
#1482-d345 @A: 32 15 35 24 | 12
#1483-d345 @A: 13 15 07 04 | 03
#1484-d345 @A: 12 15 22 18 | 09
#1485-d345 @A: 32 15 22 21 | 02
#1486-d345 @A: 04 33 15 16 | 06
#1487-d345 @A: 35 03 17 29 | 10
#1488-d345 @A: 16 31 03 29 | 08
#1489-d345 @A: 30 29 07 05 | 05
#1490-d345 @A: 28 16 29 07 | 07
#1491-d345 @A: 17 29 32 22 | 01
#1492-d345 @A: 35 13 04 08 | 04
#1493-d345 @A: 25 03 35 28 | 11
#1494-d345 @A: 10 07 35 12 | 12
#1495-d345 @A: 35 19 17 05 | 03
#1496-d345 @A: 18 25 35 31 | 09
#1497-d345 @A: 18 04 35 22 | 02
#1498-d345 @A: 35 33 17 16 | 06
#1499-d345 @A: 30 35 27 24 | 10
#1500-d345 @A: 01 27 35 32 | 08
#1501-d345 @A: 05 01 13 07 | 05
#1502-d345 @A: 13 24 05 02 | 07
#1503-d345 @A: 32 01 13 05 | 01
#1504-d345 @A: 16 13 28 14 | 04
#1505-d345 @A: 04 20 33 13 | 11
#1506-d345 @A: 28 24 17 13 | 12
#1507-d345 @A: 28 03 22 07 | 03
#1508-d345 @A: 28 18 03 05 | 09
#1509-d345 @A: 03 18 16 02 | 02
#1510-d345 @A: 03 33 18 06 | 06
#1511-d345 @A: 12 01 23 03 | 10
#1512-d345 @A: 07 01 22 10 | 08
#1513-d345 @A: 10 25 05 31 | 05
#1514-d345 @A: 10 05 22 20 | 07
#1515-d345 @A: 10 18 28 22 | 01
#1516-d345 @A: 21 06 10 04 | 04
#1517-d345 @A: 20 28 01 10 | 11
#1518-d345 @A: 07 19 08 30 | 12
#1519-d345 @A: 19 07 28 32 | 03
#1520-d345 @A: 07 05 27 06 | 09
#1521-d345 @A: 06 32 07 23 | 02
#1522-d345 @A: 01 04 17 07 | 06
#1523-d345 @A: 17 20 28 07 | 10
#1524-d345 @A: 07 24 30 28 | 08
#1525-d345 @A: 14 30 25 07 | 05
#1526-d345 @A: 19 31 33 02 | 07
#1527-d345 @A: 19 04 12 33 | 01
#1528-d345 @A: 19 04 14 24 | 04
#1529-d345 @A: 19 20 28 12 | 11
#1530-d345 @A: 28 16 31 21 | 12
#1531-d345 @A: 21 31 01 27 | 03
#1532-d345 @A: 28 31 25 33 | 09
#1533-d345 @A: 05 08 02 22 | 02
#1534-d345 @A: 30 27 08 22 | 06
#1535-d345 @A: 04 23 08 16 | 10
#1536-d345 @A: 06 08 33 25 | 08
#1537-d345 @A: 08 30 21 33 | 05
#1538-d345 @A: 28 08 14 01 | 07
#1539-d345 @A: 28 32 01 08 | 01
#1540-d345 @A: 05 06 23 14 | 04
#1541-d345 @A: 25 33 04 05 | 11
#1542-d345 @A: 14 20 05 33 | 12
#1543-d345 @A: 24 05 12 17 | 03
#1544-d345 @A: 18 16 30 27 | 09
#1545-d345 @A: 14 24 06 18 | 02
#1546-d345 @A: 17 18 30 12 | 06
#1547-d345 @A: 22 17 02 14 | 10
#1548-d345 @A: 06 25 23 02 | 08
#1549-d345 @A: 27 14 25 02 | 05
#1550-d345 @A: 23 33 01 02 | 07
#1551-d345 @A: 02 28 01 21 | 01
#1552-d345 @A: 21 04 02 30 | 04
#1553-d345 @A: 30 20 02 17 | 11
#1554-d345 @A: 22 33 17 20 | 12
#1555-d345 @A: 33 23 22 04 | 03
#1556-d345 @A: 23 20 22 30 | 09
#1557-d345 @A: 09 28 26 32 | 02
#1558-d345 @A: 12 26 05 34 | 06
#1559-d345 @A: 29 31 26 12 | 10
#1560-d345 @A: 03 07 04 26 | 08
#1561-d345 @A: 03 26 23 25 | 05
#1562-d345 @A: 26 07 10 05 | 07
#1563-d345 @A: 26 23 18 10 | 01
#1564-d345 @A: 25 26 08 19 | 04
#1565-d345 @A: 19 26 05 30 | 11
#1566-d345 @A: 31 24 26 08 | 12
#1567-d345 @A: 08 26 22 12 | 03
#1568-d345 @A: 16 04 20 26 | 09
#1569-d345 @A: 25 26 32 27 | 02
#1570-d345 @A: 04 21 33 26 | 06
#1571-d345 @A: 26 04 32 14 | 10
#1572-d345 @A: 11 09 35 25 | 08
#1573-d345 @A: 30 11 07 09 | 05
#1574-d345 @A: 05 09 24 11 | 07
#1575-d345 @A: 34 11 03 33 | 01
#1576-d345 @A: 11 03 15 25 | 04
#1577-d345 @A: 31 15 14 11 | 11
#1578-d345 @A: 19 17 29 11 | 12
#1579-d345 @A: 11 13 28 07 | 03
#1580-d345 @A: 03 21 11 10 | 09
#1581-d345 @A: 10 14 11 33 | 02
#1582-d345 @A: 11 04 12 08 | 06
#1583-d345 @A: 21 22 05 11 | 10
#1584-d345 @A: 11 17 12 16 | 08
#1585-d345 @A: 06 17 01 11 | 05
#1586-d345 @A: 04 33 11 30 | 07
#1587-d345 @A: 20 14 17 11 | 01
#1588-d345 @A: 11 01 24 30 | 04
#1589-d345 @A: 25 23 11 01 | 11
#1590-d345 @A: 15 34 09 08 | 12
#1591-d345 @A: 35 01 10 09 | 03
#1592-d345 @A: 09 10 20 25 | 09
#1593-d345 @A: 08 09 07 04 | 02
#1594-d345 @A: 18 09 27 07 | 06
#1595-d345 @A: 24 09 31 22 | 10
#1596-d345 @A: 14 30 09 16 | 08
#1597-d345 @A: 06 09 24 25 | 05
#1598-d345 @A: 12 28 27 09 | 07
#1599-d345 @A: 04 09 33 24 | 01
#1600-d345 @A: 01 17 09 12 | 04
#1601-d345 @A: 17 29 15 34 | 11
#1602-d345 @A: 05 15 34 33 | 12
#1603-d345 @A: 22 20 29 34 | 03
#1604-d345 @A: 16 29 34 30 | 09
#1605-d345 @A: 08 34 21 35 | 02
#1606-d345 @A: 07 32 13 34 | 06
#1607-d345 @A: 34 04 03 02 | 10
#1608-d345 @A: 24 07 10 34 | 08
#1609-d345 @A: 07 06 02 34 | 05
#1610-d345 @A: 34 17 31 06 | 07
#1611-d345 @A: 02 08 34 27 | 01
#1612-d345 @A: 22 28 34 08 | 04
#1613-d345 @A: 29 18 15 16 | 11
#1614-d345 @A: 25 15 35 07 | 12
#1615-d345 @A: 20 15 28 35 | 03
#1616-d345 @A: 15 05 13 31 | 09
#1617-d345 @A: 01 15 03 31 | 02
#1618-d345 @A: 03 30 15 32 | 06
#1619-d345 @A: 10 15 28 05 | 10
#1620-d345 @A: 10 02 15 22 | 08
#1621-d345 @A: 15 19 30 24 | 05
#1622-d345 @A: 05 04 15 02 | 07
#1623-d345 @A: 02 15 18 24 | 01
#1624-d345 @A: 12 15 02 32 | 04
#1625-d345 @A: 22 25 15 21 | 11
#1626-d345 @A: 01 20 15 33 | 12
#1627-d345 @A: 23 32 25 15 | 03
#1628-d345 @A: 35 08 29 23 | 09
#1629-d345 @A: 05 29 13 33 | 02
#1630-d345 @A: 03 32 28 29 | 06
#1631-d345 @A: 07 29 02 14 | 10
#1632-d345 @A: 33 29 07 32 | 08
#1633-d345 @A: 06 29 01 21 | 05
#1634-d345 @A: 29 17 23 27 | 07
#1635-d345 @A: 24 29 33 20 | 01
#1636-d345 @A: 14 21 29 23 | 04
#1637-d345 @A: 01 04 29 23 | 11
#1638-d345 @A: 13 35 32 04 | 12
#1639-d345 @A: 35 30 19 31 | 03
#1640-d345 @A: 19 16 35 27 | 09
#1641-d345 @A: 35 17 21 25 | 02
#1642-d345 @A: 12 21 35 04 | 06
#1643-d345 @A: 13 06 03 21 | 10
#1644-d345 @A: 10 33 24 13 | 08
#1645-d345 @A: 24 23 06 13 | 05
#1646-d345 @A: 28 30 13 33 | 07
#1647-d345 @A: 17 13 12 14 | 01
#1648-d345 @A: 12 13 32 25 | 04
#1649-d345 @A: 17 05 08 03 | 11
#1650-d345 @A: 03 24 08 22 | 12
#1651-d345 @A: 17 01 03 02 | 03
#1652-d345 @A: 25 16 03 12 | 09
#1653-d345 @A: 06 17 23 03 | 02
#1654-d345 @A: 32 07 10 02 | 06
#1655-d345 @A: 10 32 21 01 | 10
#1656-d345 @A: 17 07 08 12 | 08
#1657-d345 @A: 05 07 02 25 | 05
#1658-d345 @A: 22 05 07 17 | 07
#1659-d345 @A: 21 20 07 25 | 01
#1660-d345 @A: 18 22 19 33 | 04
#1661-d345 @A: 17 16 01 19 | 11
#1662-d345 @A: 17 06 14 19 | 12
#1663-d345 @A: 30 06 28 19 | 03
#1664-d345 @A: 27 20 33 19 | 09
#1665-d345 @A: 12 17 19 23 | 02
#1666-d345 @A: 31 18 23 22 | 06
#1667-d345 @A: 33 31 02 32 | 10
#1668-d345 @A: 31 23 30 06 | 08
#1669-d345 @A: 14 04 30 31 | 05
#1670-d345 @A: 21 08 18 22 | 07
#1671-d345 @A: 08 16 06 21 | 01
#1672-d345 @A: 23 33 08 27 | 04
#1673-d345 @A: 20 08 01 27 | 11
#1674-d345 @A: 32 08 25 17 | 12
#1675-d345 @A: 16 30 17 05 | 03
#1676-d345 @A: 28 16 01 05 | 09
#1677-d345 @A: 06 05 20 30 | 02
#1678-d345 @A: 27 21 05 33 | 06
#1679-d345 @A: 04 27 05 17 | 10
#1680-d345 @A: 14 21 32 18 | 08
#1681-d345 @A: 17 25 18 28 | 05
#1682-d345 @A: 21 02 23 22 | 07
#1683-d345 @A: 30 28 22 02 | 01
#1684-d345 @A: 02 01 25 24 | 04
#1685-d345 @A: 02 25 28 04 | 11
#1686-d345 @A: 16 30 22 04 | 12
#1687-d345 @A: 24 22 21 27 | 03
#1688-d345 @A: 32 30 17 16 | 09
#1689-d345 @A: 32 04 33 25 | 02
