#0001-d392 @A: 31 07 21 34 03 | 11
#0002-d392 @A: 27 35 34 31 04 | 01
#0003-d392 @A: 22 20 31 01 28 | 06
#0004-d392 @A: 09 31 21 27 23 | 08
#0005-d392 @A: 13 21 31 29 02 | 12
#0006-d392 @A: 31 34 13 10 19 | 09
#0007-d392 @A: 31 14 11 27 33 | 05
#0008-d392 @A: 33 35 07 25 05 | 03
#0009-d392 @A: 22 07 09 12 20 | 07
#0010-d392 @A: 16 11 04 19 07 | 10
#0011-d392 @A: 16 08 34 07 09 | 04
#0012-d392 @A: 03 17 26 07 30 | 02
#0013-d392 @A: 01 21 07 17 04 | 11
#0014-d392 @A: 07 23 26 05 01 | 01
#0015-d392 @A: 13 11 07 05 29 | 06
#0016-d392 @A: 11 33 27 18 07 | 08
#0017-d392 @A: 24 22 13 17 35 | 12
#0018-d392 @A: 28 35 22 02 06 | 09
#0019-d392 @A: 12 03 29 35 22 | 05
#0020-d392 @A: 35 20 25 22 30 | 03
#0021-d392 @A: 15 13 06 11 35 | 07
#0022-d392 @A: 02 14 12 35 15 | 10
#0023-d392 @A: 35 09 14 06 19 | 04
#0024-d392 @A: 35 02 18 21 29 | 02
#0025-d392 @A: 30 35 09 18 05 | 11
#0026-d392 @A: 29 19 16 32 01 | 01
#0027-d392 @A: 18 32 21 17 25 | 06
#0028-d392 @A: 17 28 30 32 04 | 08
#0029-d392 @A: 33 09 32 13 03 | 12
#0030-d392 @A: 32 28 14 08 27 | 09
#0031-d392 @A: 34 21 22 16 03 | 05
#0032-d392 @A: 22 15 33 13 19 | 03
#0033-d392 @A: 24 28 16 04 30 | 07
#0034-d392 @A: 11 09 10 24 16 | 10
#0035-d392 @A: 34 01 13 16 15 | 04
#0036-d392 @A: 20 26 17 27 23 | 02
#0037-d392 @A: 26 23 28 11 14 | 11
#0038-d392 @A: 14 10 30 15 13 | 01
#0039-d392 @A: 02 13 33 30 18 | 06
#0040-d392 @A: 11 14 12 18 30 | 08
#0041-d392 @A: 04 33 14 18 10 | 12
#0042-d392 @A: 09 11 01 28 27 | 09
#0043-d392 @A: 28 06 02 01 03 | 05
#0044-d392 @A: 28 30 33 02 25 | 03
#0045-d392 @A: 12 33 28 15 09 | 07
#0046-d392 @A: 26 11 25 29 19 | 10
#0047-d392 @A: 21 09 29 19 25 | 04
#0048-d392 @A: 21 12 25 15 11 | 02
#0049-d392 @A: 19 09 21 02 08 | 11
#0050-d392 @A: 21 27 19 09 06 | 01
#0051-d392 @A: 10 05 30 19 20 | 06
#0052-d392 @A: 08 34 01 12 25 | 08
#0053-d392 @A: 21 26 10 12 34 | 12
#0054-d392 @A: 21 08 30 12 33 | 09
#0055-d392 @A: 01 06 26 33 12 | 05
#0056-d392 @A: 16 07 34 33 12 | 03
#0057-d392 @A: 34 35 17 05 33 | 07
#0058-d392 @A: 23 28 21 34 33 | 10
#0059-d392 @A: 14 09 34 15 11 | 04
#0060-d392 @A: 05 29 15 12 34 | 02
#0061-d392 @A: 34 17 01 14 06 | 11
#0062-d392 @A: 34 08 14 10 21 | 01
#0063-d392 @A: 29 34 17 13 08 | 06
#0064-d392 @A: 19 11 31 22 34 | 08
#0065-d392 @A: 33 15 26 05 32 | 12
#0066-d392 @A: 12 22 33 26 18 | 09
#0067-d392 @A: 22 33 16 01 09 | 05
#0068-d392 @A: 14 33 32 22 23 | 03
#0069-d392 @A: 01 05 33 02 07 | 07
#0070-d392 @A: 33 02 35 24 19 | 10
#0071-d392 @A: 01 11 33 29 31 | 04
#0072-d392 @A: 26 08 33 11 07 | 02
#0073-d392 @A: 15 30 35 09 13 | 11
#0074-d392 @A: 29 35 14 15 25 | 01
#0075-d392 @A: 16 30 15 28 31 | 06
#0076-d392 @A: 19 18 09 28 17 | 08
#0077-d392 @A: 22 27 01 18 16 | 12
#0078-d392 @A: 14 30 32 18 25 | 09
#0079-d392 @A: 18 19 02 12 32 | 05
#0080-d392 @A: 35 18 16 04 02 | 03
#0081-d392 @A: 02 22 18 07 29 | 07
#0082-d392 @A: 12 06 13 09 04 | 10
#0083-d392 @A: 04 21 09 03 05 | 04
#0084-d392 @A: 02 17 12 23 09 | 02
#0085-d392 @A: 19 11 12 09 32 | 11
#0086-d392 @A: 06 12 14 27 04 | 01
#0087-d392 @A: 01 31 27 29 03 | 06
#0088-d392 @A: 27 11 08 17 29 | 08
#0089-d392 @A: 02 14 05 16 23 | 12
#0090-d392 @A: 14 02 29 32 28 | 09
#0091-d392 @A: 11 01 28 04 14 | 05
#0092-d392 @A: 05 29 11 12 13 | 03
#0093-d392 @A: 30 04 13 07 19 | 07
#0094-d392 @A: 02 17 03 35 05 | 10
#0095-d392 @A: 06 03 21 30 32 | 04
#0096-d392 @A: 35 12 31 11 02 | 02
#0097-d392 @A: 02 20 32 30 07 | 11
#0098-d392 @A: 21 30 28 23 11 | 01
#0099-d392 @A: 12 17 08 32 05 | 06
#0100-d392 @A: 24 17 21 12 25 | 08
#0101-d392 @A: 20 19 12 25 31 | 12
#0102-d392 @A: 29 10 22 01 08 | 09
#0103-d392 @A: 06 25 05 04 21 | 05
#0104-d392 @A: 20 31 08 06 28 | 03
#0105-d392 @A: 10 28 24 35 22 | 07
#0106-d392 @A: 06 19 22 16 24 | 10
#0107-d392 @A: 32 16 19 10 22 | 04
#0108-d392 @A: 31 25 22 35 06 | 02
#0109-d392 @A: 07 21 06 20 19 | 11
#0110-d392 @A: 07 24 35 22 31 | 01
#0111-d392 @A: 07 01 31 02 09 | 06
#0112-d392 @A: 28 06 32 02 31 | 08
#0113-d392 @A: 30 20 32 31 25 | 12
#0114-d392 @A: 11 16 21 20 31 | 09
#0115-d392 @A: 15 10 16 31 30 | 05
#0116-d392 @A: 05 23 02 31 34 | 03
#0117-d392 @A: 19 31 24 06 09 | 07
#0118-d392 @A: 09 31 25 14 28 | 10
#0119-d392 @A: 14 31 08 10 05 | 04
#0120-d392 @A: 31 18 29 26 34 | 02
#0121-d392 @A: 27 31 25 18 02 | 11
#0122-d392 @A: 07 02 22 30 33 | 01
#0123-d392 @A: 25 23 06 07 04 | 06
#0124-d392 @A: 13 07 08 26 04 | 08
#0125-d392 @A: 26 07 34 29 14 | 12
#0126-d392 @A: 32 09 35 01 02 | 09
#0127-d392 @A: 27 35 15 22 05 | 05
#0128-d392 @A: 33 11 35 17 27 | 03
#0129-d392 @A: 30 04 23 35 28 | 07
#0130-d392 @A: 20 02 10 24 35 | 10
#0131-d392 @A: 35 25 04 06 24 | 04
#0132-d392 @A: 10 12 32 23 14 | 02
#0133-d392 @A: 27 23 33 32 11 | 11
#0134-d392 @A: 32 13 01 05 26 | 01
#0135-d392 @A: 14 19 32 34 10 | 06
#0136-d392 @A: 27 01 32 30 18 | 08
#0137-d392 @A: 12 30 16 22 11 | 12
#0138-d392 @A: 33 16 22 04 10 | 09
#0139-d392 @A: 22 18 17 13 14 | 05
#0140-d392 @A: 17 16 27 08 28 | 03
#0141-d392 @A: 15 20 04 16 17 | 07
#0142-d392 @A: 20 33 23 34 16 | 10
#0143-d392 @A: 27 16 25 02 24 | 04
#0144-d392 @A: 16 27 33 13 11 | 02
#0145-d392 @A: 10 13 26 21 17 | 11
#0146-d392 @A: 14 03 25 19 17 | 01
#0147-d392 @A: 26 17 09 15 14 | 06
#0148-d392 @A: 17 21 11 18 20 | 08
#0149-d392 @A: 26 18 19 17 02 | 12
#0150-d392 @A: 04 14 19 11 24 | 09
#0151-d392 @A: 28 13 12 34 14 | 05
#0152-d392 @A: 20 18 14 26 27 | 03
#0153-d392 @A: 11 28 12 02 34 | 07
#0154-d392 @A: 11 20 05 25 28 | 10
#0155-d392 @A: 27 20 28 15 30 | 04
#0156-d392 @A: 15 25 28 06 34 | 02
#0157-d392 @A: 11 09 30 29 02 | 11
#0158-d392 @A: 03 29 12 25 19 | 01
#0159-d392 @A: 21 29 12 04 02 | 06
#0160-d392 @A: 25 29 19 20 10 | 08
#0161-d392 @A: 11 02 08 26 19 | 12
#0162-d392 @A: 21 26 03 27 02 | 09
#0163-d392 @A: 03 27 20 01 25 | 05
#0164-d392 @A: 25 03 26 34 30 | 03
#0165-d392 @A: 20 27 12 33 02 | 07
#0166-d392 @A: 26 01 10 08 27 | 10
#0167-d392 @A: 30 25 09 12 20 | 04
#0168-d392 @A: 21 19 33 09 34 | 02
#0169-d392 @A: 26 05 09 04 12 | 11
#0170-d392 @A: 21 18 34 22 35 | 01
#0171-d392 @A: 10 34 19 09 29 | 06
#0172-d392 @A: 19 34 05 20 13 | 08
#0173-d392 @A: 03 22 04 17 34 | 12
#0174-d392 @A: 31 16 34 28 02 | 09
#0175-d392 @A: 10 25 12 34 11 | 05
#0176-d392 @A: 33 28 01 04 18 | 03
#0177-d392 @A: 33 31 17 18 20 | 07
#0178-d392 @A: 33 19 08 06 09 | 10
#0179-d392 @A: 07 20 32 33 09 | 04
#0180-d392 @A: 24 33 12 27 20 | 02
#0181-d392 @A: 33 14 21 12 01 | 11
#0182-d392 @A: 26 06 14 33 16 | 01
#0183-d392 @A: 13 33 21 10 08 | 06
#0184-d392 @A: 29 07 22 33 13 | 08
#0185-d392 @A: 07 33 28 06 30 | 12
#0186-d392 @A: 26 15 09 17 25 | 09
#0187-d392 @A: 13 14 02 15 11 | 05
#0188-d392 @A: 15 16 10 11 20 | 03
#0189-d392 @A: 30 07 17 15 10 | 07
#0190-d392 @A: 30 21 29 20 15 | 10
#0191-d392 @A: 06 18 14 02 09 | 04
#0192-d392 @A: 18 02 27 30 13 | 02
#0193-d392 @A: 29 14 01 31 18 | 11
#0194-d392 @A: 16 21 19 14 18 | 01
#0195-d392 @A: 08 09 28 14 12 | 06
#0196-d392 @A: 09 19 03 22 31 | 08
#0197-d392 @A: 28 22 09 02 20 | 12
#0198-d392 @A: 11 17 09 06 01 | 09
#0199-d392 @A: 11 09 25 05 31 | 05
#0200-d392 @A: 14 27 11 03 35 | 03
#0201-d392 @A: 22 27 08 05 14 | 07
#0202-d392 @A: 17 07 10 14 27 | 10
#0203-d392 @A: 14 16 27 31 28 | 04
#0204-d392 @A: 27 01 30 17 06 | 02
#0205-d392 @A: 31 25 27 30 05 | 11
#0206-d392 @A: 30 26 24 27 28 | 01
#0207-d392 @A: 13 08 14 32 31 | 06
#0208-d392 @A: 02 12 20 24 14 | 08
#0209-d392 @A: 05 13 03 32 26 | 12
#0210-d392 @A: 01 11 13 22 16 | 09
#0211-d392 @A: 30 11 17 05 35 | 05
#0212-d392 @A: 24 10 12 26 29 | 03
#0213-d392 @A: 04 29 12 35 25 | 07
#0214-d392 @A: 05 31 28 22 01 | 10
#0215-d392 @A: 01 26 10 19 23 | 04
#0216-d392 @A: 32 10 01 25 16 | 02
#0217-d392 @A: 31 26 17 06 05 | 11
#0218-d392 @A: 25 23 10 31 05 | 01
#0219-d392 @A: 28 23 32 05 06 | 06
#0220-d392 @A: 08 22 26 04 25 | 08
#0221-d392 @A: 04 31 16 21 20 | 12
#0222-d392 @A: 04 07 20 16 17 | 09
#0223-d392 @A: 16 10 31 21 32 | 05
#0224-d392 @A: 28 31 29 35 32 | 03
#0225-d392 @A: 25 29 07 32 06 | 07
#0226-d392 @A: 29 25 31 07 15 | 10
#0227-d392 @A: 31 17 14 22 35 | 04
#0228-d392 @A: 25 23 31 35 10 | 02
#0229-d392 @A: 31 35 09 20 12 | 11
#0230-d392 @A: 31 10 22 27 29 | 01
#0231-d392 @A: 31 15 09 22 26 | 06
#0232-d392 @A: 03 16 27 31 06 | 08
#0233-d392 @A: 12 19 31 27 17 | 12
#0234-d392 @A: 31 09 30 13 05 | 09
#0235-d392 @A: 33 13 31 06 26 | 05
#0236-d392 @A: 11 08 32 07 02 | 03
#0237-d392 @A: 34 06 07 32 30 | 07
#0238-d392 @A: 25 13 07 21 22 | 10
#0239-d392 @A: 10 07 26 21 16 | 04
#0240-d392 @A: 19 20 08 17 07 | 02
#0241-d392 @A: 30 07 09 24 05 | 11
#0242-d392 @A: 28 25 18 09 07 | 01
#0243-d392 @A: 21 30 18 19 07 | 06
#0244-d392 @A: 20 32 26 27 35 | 08
#0245-d392 @A: 22 35 21 10 26 | 12
#0246-d392 @A: 33 22 12 01 35 | 09
#0247-d392 @A: 10 16 35 29 27 | 05
#0248-d392 @A: 35 34 06 16 30 | 03
#0249-d392 @A: 33 08 16 21 35 | 07
#0250-d392 @A: 35 17 14 13 23 | 10
#0251-d392 @A: 28 35 09 25 17 | 04
#0252-d392 @A: 05 24 01 35 26 | 02
#0253-d392 @A: 14 26 35 04 08 | 11
#0254-d392 @A: 01 32 08 25 22 | 01
#0255-d392 @A: 24 32 04 21 01 | 06
#0256-d392 @A: 08 13 30 29 32 | 08
#0257-d392 @A: 25 04 13 32 06 | 12
#0258-d392 @A: 33 26 06 22 23 | 09
#0259-d392 @A: 13 09 10 11 22 | 05
#0260-d392 @A: 02 13 22 27 25 | 03
#0261-d392 @A: 28 18 22 29 33 | 07
#0262-d392 @A: 29 34 26 24 16 | 10
#0263-d392 @A: 08 16 19 20 14 | 04
#0264-d392 @A: 11 30 17 23 12 | 02
#0265-d392 @A: 17 05 24 06 21 | 11
#0266-d392 @A: 12 17 28 18 34 | 01
#0267-d392 @A: 05 18 25 33 17 | 06
#0268-d392 @A: 05 13 23 12 04 | 08
#0269-d392 @A: 18 13 27 04 34 | 12
#0270-d392 @A: 05 02 21 28 15 | 09
#0271-d392 @A: 33 12 05 29 11 | 05
#0272-d392 @A: 03 21 10 05 29 | 03
#0273-d392 @A: 34 26 02 29 06 | 07
#0274-d392 @A: 10 08 09 33 29 | 10
#0275-d392 @A: 10 11 03 25 02 | 04
#0276-d392 @A: 21 09 12 03 19 | 02
#0277-d392 @A: 27 15 09 25 02 | 11
#0278-d392 @A: 19 20 10 02 08 | 01
#0279-d392 @A: 12 09 02 01 10 | 06
#0280-d392 @A: 30 20 01 26 21 | 08
#0281-d392 @A: 33 25 15 20 26 | 12
#0282-d392 @A: 33 21 20 05 04 | 09
#0283-d392 @A: 01 33 19 15 34 | 05
#0284-d392 @A: 25 04 12 10 33 | 03
#0285-d392 @A: 32 34 31 33 08 | 07
#0286-d392 @A: 29 34 26 33 04 | 10
#0287-d392 @A: 02 34 09 13 35 | 04
#0288-d392 @A: 06 09 34 21 32 | 02
#0289-d392 @A: 26 21 31 03 34 | 11
#0290-d392 @A: 12 34 02 04 06 | 01
#0291-d392 @A: 02 34 21 29 20 | 06
#0292-d392 @A: 34 11 25 29 35 | 08
#0293-d392 @A: 19 15 33 28 17 | 12
#0294-d392 @A: 12 06 33 03 04 | 09
#0295-d392 @A: 28 31 33 16 03 | 05
#0296-d392 @A: 04 33 24 25 11 | 03
#0297-d392 @A: 33 25 12 30 10 | 07
#0298-d392 @A: 10 06 15 31 09 | 10
#0299-d392 @A: 15 32 21 06 27 | 04
#0300-d392 @A: 13 11 28 18 35 | 02
#0301-d392 @A: 18 25 13 12 10 | 11
#0302-d392 @A: 19 27 01 25 09 | 01
#0303-d392 @A: 11 09 04 35 16 | 06
#0304-d392 @A: 26 14 25 02 17 | 08
#0305-d392 @A: 23 04 13 11 31 | 12
#0306-d392 @A: 05 13 30 23 16 | 09
#0307-d392 @A: 30 31 06 10 13 | 05
#0308-d392 @A: 13 29 28 32 30 | 03
#0309-d392 @A: 02 35 20 03 06 | 07
#0310-d392 @A: 03 29 10 19 30 | 10
#0311-d392 @A: 19 02 28 11 17 | 04
#0312-d392 @A: 23 30 04 31 02 | 02
#0313-d392 @A: 16 12 07 30 11 | 11
#0314-d392 @A: 21 28 20 05 12 | 01
#0315-d392 @A: 32 19 12 24 07 | 06
#0316-d392 @A: 32 12 28 25 22 | 08
#0317-d392 @A: 01 16 25 29 05 | 12
#0318-d392 @A: 23 04 21 22 01 | 09
#0319-d392 @A: 32 31 01 19 17 | 05
#0320-d392 @A: 05 29 16 10 32 | 03
#0321-d392 @A: 20 06 04 16 24 | 07
#0322-d392 @A: 35 31 29 01 19 | 10
#0323-d392 @A: 16 25 08 31 01 | 04
#0324-d392 @A: 31 15 28 17 21 | 02
#0325-d392 @A: 05 31 17 26 01 | 11
#0326-d392 @A: 29 28 33 31 23 | 01
#0327-d392 @A: 03 11 31 01 13 | 06
#0328-d392 @A: 03 02 14 31 04 | 08
#0329-d392 @A: 31 10 18 11 09 | 12
#0330-d392 @A: 35 07 13 32 23 | 09
#0331-d392 @A: 07 25 32 19 03 | 05
#0332-d392 @A: 09 26 15 32 07 | 03
#0333-d392 @A: 24 07 25 10 17 | 07
#0334-d392 @A: 14 20 03 07 05 | 10
#0335-d392 @A: 18 06 07 29 20 | 04
#0336-d392 @A: 35 28 20 01 16 | 02
#0337-d392 @A: 35 08 16 11 02 | 11
#0338-d392 @A: 35 26 16 15 09 | 01
#0339-d392 @A: 01 35 34 17 15 | 06
#0340-d392 @A: 05 02 13 35 34 | 08
#0341-d392 @A: 29 11 32 18 05 | 12
#0342-d392 @A: 17 22 16 23 25 | 09
#0343-d392 @A: 16 29 22 15 25 | 05
#0344-d392 @A: 28 17 10 22 03 | 03
#0345-d392 @A: 14 15 22 21 28 | 07
#0346-d392 @A: 16 14 06 11 15 | 10
#0347-d392 @A: 25 11 16 34 18 | 04
#0348-d392 @A: 14 06 34 30 17 | 02
#0349-d392 @A: 21 14 17 08 33 | 11
#0350-d392 @A: 34 04 23 14 27 | 01
#0351-d392 @A: 19 05 13 24 28 | 06
#0352-d392 @A: 20 25 14 30 24 | 08
#0353-d392 @A: 13 03 14 27 06 | 12
#0354-d392 @A: 12 18 09 20 13 | 09
#0355-d392 @A: 34 20 29 28 03 | 05
#0356-d392 @A: 21 19 09 28 04 | 03
#0357-d392 @A: 19 05 04 30 28 | 07
#0358-d392 @A: 20 29 05 02 01 | 10
#0359-d392 @A: 19 11 03 26 12 | 04
#0360-d392 @A: 33 21 06 03 25 | 02
#0361-d392 @A: 25 05 06 02 12 | 11
#0362-d392 @A: 27 20 06 19 10 | 01
#0363-d392 @A: 12 15 34 20 05 | 06
#0364-d392 @A: 30 09 08 04 01 | 08
#0365-d392 @A: 09 30 18 34 33 | 12
#0366-d392 @A: 34 14 33 27 02 | 09
#0367-d392 @A: 11 06 34 30 33 | 05
#0368-d392 @A: 25 15 13 28 34 | 03
#0369-d392 @A: 26 34 17 25 18 | 07
#0370-d392 @A: 29 32 34 18 28 | 10
#0371-d392 @A: 04 34 28 01 09 | 04
#0372-d392 @A: 16 34 08 09 25 | 02
#0373-d392 @A: 08 04 34 20 27 | 11
#0374-d392 @A: 34 03 30 13 14 | 01
#0375-d392 @A: 32 14 34 12 19 | 06
#0376-d392 @A: 13 10 32 04 34 | 08
#0377-d392 @A: 34 30 28 35 32 | 12
#0378-d392 @A: 28 33 09 14 35 | 09
#0379-d392 @A: 35 33 10 26 09 | 05
#0380-d392 @A: 04 27 07 19 33 | 03
#0381-d392 @A: 33 28 27 29 32 | 07
#0382-d392 @A: 03 28 33 14 25 | 10
#0383-d392 @A: 20 13 23 25 33 | 04
#0384-d392 @A: 22 20 33 11 28 | 02
#0385-d392 @A: 04 33 30 21 05 | 11
#0386-d392 @A: 14 06 28 15 07 | 01
#0387-d392 @A: 25 13 32 11 15 | 06
#0388-d392 @A: 07 05 11 01 15 | 08
#0389-d392 @A: 27 35 10 18 26 | 12
#0390-d392 @A: 18 22 31 13 19 | 09
#0391-d392 @A: 20 18 11 21 29 | 05
#0392-d392 @A: 35 19 09 24 14 | 03
#0393-d392 @A: 08 13 22 05 09 | 07
#0394-d392 @A: 08 02 26 09 07 | 10
#0395-d392 @A: 12 01 09 30 21 | 04
#0396-d392 @A: 09 29 08 17 30 | 02
#0397-d392 @A: 30 32 10 04 09 | 11
#0398-d392 @A: 06 30 09 16 26 | 01
#0399-d392 @A: 27 23 13 29 06 | 06
#0400-d392 @A: 30 07 27 29 22 | 08
#0401-d392 @A: 01 02 35 14 08 | 12
#0402-d392 @A: 22 35 21 02 14 | 09
#0403-d392 @A: 20 14 11 31 17 | 05
#0404-d392 @A: 14 21 07 25 30 | 03
#0405-d392 @A: 35 13 03 12 31 | 07
#0406-d392 @A: 29 10 13 02 19 | 10
#0407-d392 @A: 35 26 10 11 13 | 04
#0408-d392 @A: 22 30 13 35 21 | 02
#0409-d392 @A: 04 20 08 11 02 | 11
#0410-d392 @A: 25 11 21 07 02 | 01
#0411-d392 @A: 02 10 30 35 26 | 06
#0412-d392 @A: 04 30 26 29 11 | 08
#0413-d392 @A: 01 07 12 20 10 | 12
#0414-d392 @A: 12 32 21 29 01 | 09
#0415-d392 @A: 12 23 16 28 26 | 05
#0416-d392 @A: 10 31 28 17 12 | 03
#0417-d392 @A: 06 07 31 23 01 | 07
#0418-d392 @A: 22 05 07 08 06 | 10
#0419-d392 @A: 07 05 29 17 16 | 04
#0420-d392 @A: 32 19 35 05 25 | 02
#0421-d392 @A: 21 22 17 08 28 | 11
#0422-d392 @A: 25 04 19 24 10 | 01
#0423-d392 @A: 24 06 31 16 21 | 06
#0424-d392 @A: 23 19 04 35 06 | 08
#0425-d392 @A: 19 20 16 22 04 | 12
#0426-d392 @A: 32 17 22 29 26 | 09
#0427-d392 @A: 22 17 07 19 16 | 05
#0428-d392 @A: 07 11 30 31 12 | 03
#0429-d392 @A: 20 27 31 26 07 | 07
#0430-d392 @A: 33 07 31 10 04 | 10
#0431-d392 @A: 16 32 31 35 22 | 04
#0432-d392 @A: 12 31 03 32 29 | 02
#0433-d392 @A: 25 31 16 33 05 | 11
#0434-d392 @A: 20 10 17 31 02 | 01
#0435-d392 @A: 05 31 11 24 29 | 06
#0436-d392 @A: 20 14 06 29 31 | 08
#0437-d392 @A: 31 34 01 14 15 | 12
#0438-d392 @A: 31 10 18 12 21 | 09
#0439-d392 @A: 07 16 35 17 18 | 05
#0440-d392 @A: 12 07 28 35 34 | 03
#0441-d392 @A: 29 07 10 27 32 | 07
#0442-d392 @A: 32 07 08 21 33 | 10
#0443-d392 @A: 02 07 17 05 34 | 04
#0444-d392 @A: 23 25 07 34 11 | 02
#0445-d392 @A: 07 14 21 24 12 | 11
#0446-d392 @A: 24 07 10 19 34 | 01
#0447-d392 @A: 33 07 26 24 06 | 06
#0448-d392 @A: 15 02 12 13 07 | 08
#0449-d392 @A: 16 03 19 35 25 | 12
#0450-d392 @A: 12 25 17 35 26 | 09
#0451-d392 @A: 34 29 26 23 35 | 05
#0452-d392 @A: 02 23 27 35 25 | 03
#0453-d392 @A: 27 21 09 13 35 | 07
#0454-d392 @A: 28 03 14 35 10 | 10
#0455-d392 @A: 14 11 05 35 29 | 04
#0456-d392 @A: 32 10 30 15 22 | 02
#0457-d392 @A: 17 15 19 33 32 | 11
#0458-d392 @A: 32 18 19 09 06 | 01
#0459-d392 @A: 11 24 22 33 27 | 06
#0460-d392 @A: 22 09 03 33 14 | 08
#0461-d392 @A: 21 16 02 17 29 | 12
#0462-d392 @A: 04 02 13 16 03 | 09
#0463-d392 @A: 14 30 03 16 26 | 05
#0464-d392 @A: 04 27 34 24 17 | 03
#0465-d392 @A: 01 28 13 20 23 | 07
#0466-d392 @A: 13 11 30 12 24 | 10
#0467-d392 @A: 09 01 02 14 18 | 04
#0468-d392 @A: 33 28 21 26 29 | 02
#0469-d392 @A: 03 28 11 21 30 | 11
#0470-d392 @A: 09 20 28 26 02 | 01
#0471-d392 @A: 20 12 28 21 06 | 06
#0472-d392 @A: 26 09 29 03 01 | 08
#0473-d392 @A: 11 27 30 10 12 | 12
#0474-d392 @A: 11 04 21 10 08 | 09
#0475-d392 @A: 06 33 09 02 04 | 05
#0476-d392 @A: 10 04 02 34 15 | 03
#0477-d392 @A: 02 26 12 30 15 | 07
#0478-d392 @A: 27 19 06 33 34 | 10
#0479-d392 @A: 27 19 06 30 05 | 04
#0480-d392 @A: 20 09 06 34 01 | 02
#0481-d392 @A: 15 20 19 10 01 | 11
#0482-d392 @A: 25 06 04 20 08 | 01
#0483-d392 @A: 25 26 10 06 09 | 06
#0484-d392 @A: 18 31 10 06 34 | 08
#0485-d392 @A: 34 16 04 35 14 | 12
#0486-d392 @A: 15 12 35 31 33 | 09
#0487-d392 @A: 27 25 33 26 17 | 05
#0488-d392 @A: 05 20 19 33 14 | 03
#0489-d392 @A: 06 17 33 01 13 | 07
#0490-d392 @A: 05 33 11 28 10 | 10
#0491-d392 @A: 21 22 09 35 15 | 04
#0492-d392 @A: 01 21 12 02 15 | 02
#0493-d392 @A: 15 04 22 11 17 | 11
#0494-d392 @A: 04 13 21 18 05 | 01
#0495-d392 @A: 25 27 14 09 13 | 06
#0496-d392 @A: 32 27 08 09 31 | 08
#0497-d392 @A: 30 09 07 31 24 | 12
#0498-d392 @A: 22 04 27 13 17 | 09
#0499-d392 @A: 22 12 11 14 26 | 05
#0500-d392 @A: 29 30 16 14 24 | 03
#0501-d392 @A: 13 06 25 03 22 | 07
#0502-d392 @A: 13 21 25 03 07 | 10
#0503-d392 @A: 31 32 06 04 12 | 04
#0504-d392 @A: 26 35 32 12 20 | 02
#0505-d392 @A: 35 21 12 19 10 | 11
#0506-d392 @A: 28 07 12 35 06 | 01
#0507-d392 @A: 05 17 10 24 01 | 06
#0508-d392 @A: 06 17 01 08 04 | 08
#0509-d392 @A: 16 08 01 35 25 | 12
#0510-d392 @A: 28 20 01 19 35 | 09
#0511-d392 @A: 22 17 20 25 05 | 05
#0512-d392 @A: 26 35 16 08 28 | 03
#0513-d392 @A: 26 16 06 24 28 | 07
#0514-d392 @A: 29 28 07 24 21 | 10
#0515-d392 @A: 07 35 26 19 31 | 04
#0516-d392 @A: 29 10 19 31 06 | 02
#0517-d392 @A: 23 21 35 25 28 | 11
#0518-d392 @A: 31 19 07 28 05 | 01
#0519-d392 @A: 32 15 27 31 05 | 06
#0520-d392 @A: 31 32 08 09 34 | 08
#0521-d392 @A: 12 33 32 01 31 | 12
#0522-d392 @A: 16 12 31 28 34 | 09
#0523-d392 @A: 07 32 35 14 17 | 05
#0524-d392 @A: 04 35 07 09 29 | 03
#0525-d392 @A: 35 11 07 20 21 | 07
#0526-d392 @A: 26 02 35 19 07 | 10
#0527-d392 @A: 30 10 15 35 07 | 04
#0528-d392 @A: 07 16 06 02 28 | 02
#0529-d392 @A: 15 16 27 07 05 | 11
#0530-d392 @A: 16 33 01 12 07 | 01
#0531-d392 @A: 07 28 33 29 17 | 06
#0532-d392 @A: 28 13 03 07 10 | 08
#0533-d392 @A: 35 32 12 11 30 | 12
#0534-d392 @A: 35 30 19 17 21 | 09
#0535-d392 @A: 24 25 11 34 35 | 05
#0536-d392 @A: 04 01 35 13 21 | 03
#0537-d392 @A: 10 21 35 12 13 | 07
#0538-d392 @A: 32 10 14 25 16 | 10
#0539-d392 @A: 20 12 09 16 32 | 04
#0540-d392 @A: 32 11 14 03 01 | 02
#0541-d392 @A: 12 22 16 06 08 | 11
#0542-d392 @A: 15 17 12 02 22 | 01
#0543-d392 @A: 21 23 02 22 29 | 06
#0544-d392 @A: 14 25 22 34 11 | 08
#0545-d392 @A: 22 14 27 12 19 | 12
#0546-d392 @A: 27 16 30 01 23 | 09
#0547-d392 @A: 05 26 01 16 18 | 05
#0548-d392 @A: 11 19 17 13 04 | 03
#0549-d392 @A: 18 09 17 29 04 | 07
#0550-d392 @A: 20 13 24 26 27 | 10
#0551-d392 @A: 06 28 14 24 02 | 04
#0552-d392 @A: 14 01 08 25 13 | 02
#0553-d392 @A: 28 11 18 26 13 | 11
#0554-d392 @A: 03 04 19 28 12 | 01
#0555-d392 @A: 34 29 19 25 33 | 06
#0556-d392 @A: 33 11 21 02 01 | 08
#0557-d392 @A: 09 34 11 25 04 | 12
#0558-d392 @A: 20 03 30 04 02 | 09
#0559-d392 @A: 03 06 19 27 12 | 05
#0560-d392 @A: 04 26 25 01 02 | 03
#0561-d392 @A: 02 10 33 05 26 | 07
#0562-d392 @A: 19 01 27 15 06 | 10
#0563-d392 @A: 26 21 25 08 05 | 04
#0564-d392 @A: 06 35 33 34 20 | 02
#0565-d392 @A: 34 12 26 22 09 | 11
#0566-d392 @A: 25 22 27 34 06 | 01
#0567-d392 @A: 07 29 22 34 14 | 06
#0568-d392 @A: 05 21 04 11 34 | 08
#0569-d392 @A: 11 17 16 34 32 | 12
#0570-d392 @A: 29 01 31 30 34 | 09
#0571-d392 @A: 30 16 21 34 19 | 05
#0572-d392 @A: 33 29 05 09 12 | 03
#0573-d392 @A: 33 04 35 13 16 | 07
#0574-d392 @A: 33 12 02 28 08 | 10
#0575-d392 @A: 29 35 30 33 25 | 04
#0576-d392 @A: 09 28 15 32 29 | 02
#0577-d392 @A: 14 04 21 05 15 | 11
#0578-d392 @A: 13 29 15 01 31 | 01
#0579-d392 @A: 09 35 18 32 14 | 06
#0580-d392 @A: 05 26 09 32 18 | 08
#0581-d392 @A: 21 25 09 07 18 | 12
#0582-d392 @A: 18 20 32 27 07 | 09
#0583-d392 @A: 28 13 18 06 07 | 05
#0584-d392 @A: 09 07 17 10 13 | 03
#0585-d392 @A: 09 32 17 03 16 | 07
#0586-d392 @A: 04 25 24 02 09 | 10
#0587-d392 @A: 11 25 20 09 23 | 04
#0588-d392 @A: 27 28 05 10 03 | 02
#0589-d392 @A: 32 02 17 16 27 | 11
#0590-d392 @A: 11 27 07 31 24 | 01
#0591-d392 @A: 14 02 19 04 07 | 06
#0592-d392 @A: 23 10 30 14 01 | 08
#0593-d392 @A: 20 02 17 31 13 | 12
#0594-d392 @A: 02 07 23 35 13 | 09
#0595-d392 @A: 20 30 24 12 13 | 05
#0596-d392 @A: 21 03 35 11 22 | 03
#0597-d392 @A: 02 32 11 26 05 | 07
#0598-d392 @A: 11 08 30 31 32 | 10
#0599-d392 @A: 11 22 30 24 10 | 04
#0600-d392 @A: 12 35 17 01 22 | 02
#0601-d392 @A: 04 12 26 19 17 | 11
#0602-d392 @A: 07 12 22 29 31 | 01
#0603-d392 @A: 26 01 07 22 24 | 06
#0604-d392 @A: 20 01 22 32 06 | 08
#0605-d392 @A: 06 05 24 16 29 | 12
#0606-d392 @A: 21 05 24 22 32 | 09
#0607-d392 @A: 29 07 26 20 08 | 05
#0608-d392 @A: 04 31 29 23 26 | 03
#0609-d392 @A: 04 28 26 16 20 | 07
#0610-d392 @A: 20 32 16 10 04 | 10
#0611-d392 @A: 10 31 22 26 20 | 04
#0612-d392 @A: 19 25 29 21 26 | 02
#0613-d392 @A: 06 10 17 22 23 | 11
#0614-d392 @A: 21 25 22 10 07 | 01
#0615-d392 @A: 21 19 31 16 22 | 06
#0616-d392 @A: 07 31 18 22 32 | 08
#0617-d392 @A: 33 35 02 31 30 | 12
#0618-d392 @A: 21 32 10 31 26 | 09
#0619-d392 @A: 11 31 08 22 02 | 05
#0620-d392 @A: 22 08 33 31 21 | 03
#0621-d392 @A: 21 04 23 31 01 | 07
#0622-d392 @A: 22 26 11 07 28 | 10
#0623-d392 @A: 07 01 19 22 29 | 04
#0624-d392 @A: 07 25 20 16 30 | 02
#0625-d392 @A: 07 19 12 27 23 | 11
#0626-d392 @A: 27 07 14 25 02 | 01
#0627-d392 @A: 15 14 33 07 19 | 06
#0628-d392 @A: 08 06 35 32 12 | 08
#0629-d392 @A: 09 08 34 22 35 | 12
#0630-d392 @A: 06 20 29 17 35 | 09
#0631-d392 @A: 21 23 25 35 14 | 05
#0632-d392 @A: 01 30 14 27 35 | 03
#0633-d392 @A: 18 19 35 10 34 | 07
#0634-d392 @A: 02 26 32 22 19 | 10
#0635-d392 @A: 32 16 26 28 11 | 04
#0636-d392 @A: 06 21 16 32 05 | 02
#0637-d392 @A: 32 05 34 24 02 | 11
#0638-d392 @A: 19 12 13 27 32 | 01
#0639-d392 @A: 16 05 19 22 28 | 06
#0640-d392 @A: 30 09 05 22 23 | 08
#0641-d392 @A: 20 13 03 05 22 | 12
#0642-d392 @A: 10 22 06 01 13 | 09
#0643-d392 @A: 02 10 14 22 20 | 05
#0644-d392 @A: 14 24 17 12 16 | 03
#0645-d392 @A: 16 01 03 11 17 | 07
#0646-d392 @A: 10 34 17 16 19 | 10
#0647-d392 @A: 21 09 14 27 16 | 04
#0648-d392 @A: 19 05 23 17 28 | 02
#0649-d392 @A: 28 06 02 17 13 | 11
#0650-d392 @A: 13 17 03 29 12 | 01
#0651-d392 @A: 29 27 23 13 10 | 06
#0652-d392 @A: 04 28 19 06 27 | 08
#0653-d392 @A: 25 12 28 26 27 | 12
#0654-d392 @A: 04 20 28 10 19 | 09
#0655-d392 @A: 01 15 19 28 04 | 05
#0656-d392 @A: 20 26 29 08 12 | 03
#0657-d392 @A: 01 29 06 21 08 | 07
#0658-d392 @A: 30 04 33 11 15 | 10
#0659-d392 @A: 20 10 33 34 19 | 04
#0660-d392 @A: 27 35 12 34 31 | 02
#0661-d392 @A: 27 28 34 19 17 | 11
#0662-d392 @A: 28 24 34 26 14 | 01
#0663-d392 @A: 01 11 26 20 34 | 06
#0664-d392 @A: 28 34 07 06 11 | 08
#0665-d392 @A: 05 10 30 28 34 | 12
#0666-d392 @A: 34 22 30 28 20 | 09
#0667-d392 @A: 32 33 09 25 02 | 05
#0668-d392 @A: 08 33 01 27 35 | 03
#0669-d392 @A: 13 05 25 33 31 | 07
#0670-d392 @A: 03 21 20 29 33 | 10
#0671-d392 @A: 33 11 16 21 19 | 04
#0672-d392 @A: 14 32 15 16 17 | 02
#0673-d392 @A: 10 15 04 32 02 | 11
#0674-d392 @A: 06 15 16 02 26 | 01
#0675-d392 @A: 35 02 28 32 15 | 06
#0676-d392 @A: 26 11 21 31 15 | 08
#0677-d392 @A: 11 28 27 18 25 | 12
#0678-d392 @A: 16 18 32 13 17 | 09
#0679-d392 @A: 27 16 12 07 09 | 05
#0680-d392 @A: 23 28 09 27 21 | 03
#0681-d392 @A: 20 21 09 13 29 | 07
#0682-d392 @A: 25 29 03 09 35 | 10
#0683-d392 @A: 22 30 32 09 23 | 04
#0684-d392 @A: 11 16 27 26 06 | 02
#0685-d392 @A: 30 04 16 35 27 | 11
#0686-d392 @A: 26 04 14 13 29 | 01
#0687-d392 @A: 11 32 14 21 06 | 06
#0688-d392 @A: 08 04 20 30 14 | 08
#0689-d392 @A: 19 13 28 03 17 | 12
#0690-d392 @A: 17 13 21 24 11 | 09
#0691-d392 @A: 03 16 07 12 02 | 05
#0692-d392 @A: 02 03 01 25 19 | 03
#0693-d392 @A: 03 06 11 31 10 | 07
#0694-d392 @A: 28 32 03 11 29 | 10
#0695-d392 @A: 02 23 11 01 10 | 04
#0696-d392 @A: 25 19 30 11 01 | 02
#0697-d392 @A: 06 12 19 01 05 | 11
#0698-d392 @A: 20 04 23 16 12 | 01
#0699-d392 @A: 21 23 16 12 31 | 06
#0700-d392 @A: 21 07 35 01 05 | 08
#0701-d392 @A: 08 26 05 10 21 | 12
#0702-d392 @A: 28 07 19 05 10 | 09
#0703-d392 @A: 17 08 29 31 25 | 05
#0704-d392 @A: 35 26 04 24 21 | 03
#0705-d392 @A: 06 16 24 07 17 | 07
#0706-d392 @A: 28 32 20 17 24 | 10
#0707-d392 @A: 26 07 10 06 04 | 04
#0708-d392 @A: 07 04 25 31 28 | 02
#0709-d392 @A: 17 32 04 25 23 | 11
#0710-d392 @A: 28 21 19 04 32 | 01
#0711-d392 @A: 26 25 17 10 35 | 06
#0712-d392 @A: 28 26 16 07 17 | 08
#0713-d392 @A: 32 23 07 26 21 | 12
#0714-d392 @A: 07 22 20 23 28 | 09
#0715-d392 @A: 06 22 34 30 31 | 05
#0716-d392 @A: 27 08 31 13 28 | 03
#0717-d392 @A: 20 13 31 04 15 | 07
#0718-d392 @A: 14 16 13 35 07 | 10
#0719-d392 @A: 08 25 35 01 07 | 04
#0720-d392 @A: 01 28 20 32 07 | 02
#0721-d392 @A: 34 04 27 07 22 | 11
#0722-d392 @A: 07 21 06 05 22 | 01
#0723-d392 @A: 15 11 17 06 07 | 06
#0724-d392 @A: 21 07 29 24 02 | 08
#0725-d392 @A: 07 26 25 12 18 | 12
#0726-d392 @A: 23 06 10 35 01 | 09
#0727-d392 @A: 32 22 20 21 11 | 05
#0728-d392 @A: 32 33 25 22 05 | 03
#0729-d392 @A: 27 04 34 16 32 | 07
#0730-d392 @A: 09 22 01 02 16 | 10
#0731-d392 @A: 06 25 22 14 04 | 04
#0732-d392 @A: 12 26 16 25 13 | 02
#0733-d392 @A: 21 04 16 01 14 | 11
#0734-d392 @A: 18 16 27 12 19 | 01
#0735-d392 @A: 24 17 11 28 26 | 06
#0736-d392 @A: 10 17 29 27 14 | 08
#0737-d392 @A: 14 05 17 12 04 | 12
#0738-d392 @A: 19 01 23 14 29 | 09
#0739-d392 @A: 30 01 29 28 12 | 05
#0740-d392 @A: 25 04 28 29 19 | 03
#0741-d392 @A: 28 26 11 19 04 | 07
#0742-d392 @A: 28 33 04 19 34 | 10
#0743-d392 @A: 11 34 10 01 29 | 04
#0744-d392 @A: 27 12 29 09 34 | 02
#0745-d392 @A: 29 04 33 01 27 | 11
#0746-d392 @A: 06 20 33 30 29 | 01
#0747-d392 @A: 25 11 08 27 33 | 06
#0748-d392 @A: 10 15 09 05 11 | 08
#0749-d392 @A: 03 02 34 09 05 | 12
#0750-d392 @A: 20 12 19 03 10 | 09
#0751-d392 @A: 03 01 04 21 34 | 05
#0752-d392 @A: 05 19 03 12 30 | 03
#0753-d392 @A: 30 01 34 02 27 | 07
#0754-d392 @A: 27 09 26 33 30 | 10
#0755-d392 @A: 10 21 15 27 33 | 04
#0756-d392 @A: 10 19 09 20 21 | 02
#0757-d392 @A: 30 05 09 19 21 | 11
#0758-d392 @A: 15 01 21 19 09 | 01
#0759-d392 @A: 34 30 19 05 33 | 06
#0760-d392 @A: 15 30 19 05 01 | 08
#0761-d392 @A: 13 33 18 14 34 | 12
#0762-d392 @A: 34 24 33 22 10 | 09
#0763-d392 @A: 26 15 10 35 34 | 05
#0764-d392 @A: 20 34 07 15 32 | 03
#0765-d392 @A: 34 24 27 16 29 | 07
#0766-d392 @A: 20 34 25 14 23 | 10
#0767-d392 @A: 06 13 34 26 16 | 04
#0768-d392 @A: 08 05 34 22 02 | 02
#0769-d392 @A: 19 23 02 26 34 | 11
#0770-d392 @A: 34 30 25 24 04 | 01
#0771-d392 @A: 33 18 21 32 06 | 06
#0772-d392 @A: 31 33 27 06 10 | 08
#0773-d392 @A: 33 27 21 22 35 | 12
#0774-d392 @A: 32 13 33 19 12 | 09
#0775-d392 @A: 28 26 33 13 24 | 05
#0776-d392 @A: 22 02 33 17 04 | 03
#0777-d392 @A: 01 20 33 26 30 | 07
#0778-d392 @A: 25 15 10 12 14 | 10
#0779-d392 @A: 14 31 22 19 15 | 04
#0780-d392 @A: 13 20 15 22 28 | 02
#0781-d392 @A: 12 30 06 15 04 | 11
#0782-d392 @A: 17 18 07 10 11 | 01
#0783-d392 @A: 29 27 04 26 09 | 06
#0784-d392 @A: 09 02 19 21 16 | 08
#0785-d392 @A: 07 22 09 11 29 | 12
#0786-d392 @A: 26 14 19 27 23 | 09
#0787-d392 @A: 27 13 24 35 19 | 05
#0788-d392 @A: 25 02 27 12 10 | 03
#0789-d392 @A: 27 19 20 11 05 | 07
#0790-d392 @A: 31 12 35 30 14 | 10
#0791-d392 @A: 12 02 22 13 26 | 04
#0792-d392 @A: 13 02 05 06 24 | 02
#0793-d392 @A: 25 26 03 11 17 | 11
#0794-d392 @A: 22 03 26 12 30 | 01
#0795-d392 @A: 17 31 20 03 30 | 06
#0796-d392 @A: 19 02 06 08 30 | 08
#0797-d392 @A: 05 12 23 16 29 | 12
#0798-d392 @A: 26 29 06 01 35 | 09
#0799-d392 @A: 01 23 29 28 17 | 05
#0800-d392 @A: 08 16 05 29 35 | 03
#0801-d392 @A: 16 26 29 28 05 | 07
#0802-d392 @A: 20 06 10 05 35 | 10
#0803-d392 @A: 19 22 05 16 29 | 04
#0804-d392 @A: 08 32 26 19 06 | 02
#0805-d392 @A: 24 25 20 35 07 | 11
#0806-d392 @A: 22 07 04 35 32 | 01
#0807-d392 @A: 19 22 16 28 26 | 06
#0808-d392 @A: 25 20 23 26 06 | 08
#0809-d392 @A: 23 20 17 35 31 | 12
#0810-d392 @A: 20 21 22 29 35 | 09
#0811-d392 @A: 17 16 13 07 31 | 05
#0812-d392 @A: 04 31 05 12 22 | 03
#0813-d392 @A: 02 16 26 31 19 | 07
#0814-d392 @A: 31 26 12 25 14 | 10
#0815-d392 @A: 18 01 10 31 06 | 04
#0816-d392 @A: 06 03 07 35 27 | 02
#0817-d392 @A: 12 16 07 03 29 | 11
#0818-d392 @A: 27 13 01 07 30 | 01
#0819-d392 @A: 13 06 09 19 07 | 06
#0820-d392 @A: 03 02 04 35 17 | 08
#0821-d392 @A: 22 08 17 13 32 | 12
#0822-d392 @A: 12 22 32 28 34 | 09
#0823-d392 @A: 34 26 17 32 29 | 05
#0824-d392 @A: 11 32 10 09 17 | 03
#0825-d392 @A: 28 25 32 23 09 | 07
#0826-d392 @A: 29 24 33 32 28 | 10
#0827-d392 @A: 24 09 32 21 27 | 04
#0828-d392 @A: 12 24 10 32 25 | 02
#0829-d392 @A: 25 11 34 32 13 | 11
#0830-d392 @A: 32 20 10 02 13 | 01
#0831-d392 @A: 14 09 05 30 32 | 06
#0832-d392 @A: 06 22 19 17 09 | 08
#0833-d392 @A: 10 22 23 19 34 | 12
#0834-d392 @A: 06 20 24 22 29 | 09
#0835-d392 @A: 23 19 09 16 06 | 05
#0836-d392 @A: 16 23 10 21 12 | 03
#0837-d392 @A: 02 30 17 24 33 | 07
#0838-d392 @A: 12 20 24 17 09 | 10
#0839-d392 @A: 17 12 13 33 01 | 04
#0840-d392 @A: 34 06 30 13 23 | 02
#0841-d392 @A: 30 14 33 23 02 | 11
#0842-d392 @A: 09 02 13 01 24 | 01
#0843-d392 @A: 14 12 33 24 01 | 06
#0844-d392 @A: 21 06 05 18 13 | 08
#0845-d392 @A: 28 18 05 19 14 | 12
#0846-d392 @A: 20 01 08 33 28 | 09
#0847-d392 @A: 28 08 10 12 05 | 05
#0848-d392 @A: 29 05 25 19 30 | 03
#0849-d392 @A: 29 15 10 12 06 | 07
#0850-d392 @A: 04 02 27 05 11 | 10
#0851-d392 @A: 27 06 26 19 11 | 04
#0852-d392 @A: 11 08 06 09 12 | 02
#0853-d392 @A: 01 11 06 30 25 | 11
#0854-d392 @A: 11 19 30 26 05 | 01
#0855-d392 @A: 08 30 19 02 05 | 06
#0856-d392 @A: 25 09 05 33 01 | 08
#0857-d392 @A: 15 26 04 06 21 | 12
#0858-d392 @A: 10 06 05 01 04 | 09
#0859-d392 @A: 18 04 19 07 34 | 05
#0860-d392 @A: 06 34 05 09 24 | 03
#0861-d392 @A: 34 09 17 31 20 | 07
#0862-d392 @A: 30 27 13 34 11 | 10
#0863-d392 @A: 01 10 27 23 34 | 04
#0864-d392 @A: 07 21 27 34 25 | 02
#0865-d392 @A: 34 14 31 25 05 | 11
#0866-d392 @A: 23 22 34 13 32 | 01
#0867-d392 @A: 17 23 34 30 12 | 06
#0868-d392 @A: 33 09 13 27 11 | 08
#0869-d392 @A: 17 09 21 24 33 | 12
#0870-d392 @A: 04 09 23 33 31 | 09
#0871-d392 @A: 31 14 07 24 33 | 05
#0872-d392 @A: 32 14 10 33 04 | 03
#0873-d392 @A: 15 27 26 22 12 | 07
#0874-d392 @A: 04 17 22 14 09 | 10
#0875-d392 @A: 28 09 16 13 31 | 04
#0876-d392 @A: 03 09 20 01 26 | 02
#0877-d392 @A: 09 05 28 02 10 | 11
#0878-d392 @A: 26 09 11 24 28 | 01
#0879-d392 @A: 27 14 20 21 29 | 06
#0880-d392 @A: 20 10 13 27 16 | 08
#0881-d392 @A: 20 22 28 27 03 | 12
#0882-d392 @A: 02 31 22 19 27 | 09
#0883-d392 @A: 27 02 06 07 28 | 05
#0884-d392 @A: 27 22 23 32 11 | 03
#0885-d392 @A: 06 35 14 13 20 | 07
#0886-d392 @A: 29 12 14 03 05 | 10
#0887-d392 @A: 10 03 35 26 14 | 04
#0888-d392 @A: 22 25 30 06 14 | 02
#0889-d392 @A: 22 11 06 02 25 | 11
#0890-d392 @A: 01 02 16 30 22 | 01
#0891-d392 @A: 24 17 21 02 30 | 06
#0892-d392 @A: 25 05 12 07 26 | 08
#0893-d392 @A: 31 24 01 20 29 | 12
#0894-d392 @A: 10 04 01 35 31 | 09
#0895-d392 @A: 26 20 01 21 17 | 05
#0896-d392 @A: 24 05 20 19 26 | 03
#0897-d392 @A: 16 04 05 29 20 | 07
#0898-d392 @A: 26 23 35 22 05 | 10
#0899-d392 @A: 17 21 05 23 19 | 04
#0900-d392 @A: 17 19 35 29 24 | 02
#0901-d392 @A: 29 04 17 10 21 | 11
#0902-d392 @A: 28 04 22 06 29 | 01
#0903-d392 @A: 35 18 31 25 13 | 06
#0904-d392 @A: 26 11 35 28 31 | 08
#0905-d392 @A: 31 25 19 22 03 | 12
#0906-d392 @A: 25 16 31 24 21 | 09
#0907-d392 @A: 24 33 20 31 34 | 05
#0908-d392 @A: 04 18 30 31 28 | 03
#0909-d392 @A: 04 28 14 30 07 | 07
#0910-d392 @A: 07 11 14 10 09 | 10
#0911-d392 @A: 19 20 13 35 08 | 04
#0912-d392 @A: 35 26 33 18 06 | 02
#0913-d392 @A: 32 29 22 04 09 | 11
#0914-d392 @A: 06 23 20 32 29 | 01
#0915-d392 @A: 19 23 32 21 30 | 06
#0916-d392 @A: 21 32 13 15 28 | 08
#0917-d392 @A: 32 14 04 20 15 | 12
#0918-d392 @A: 26 33 06 14 32 | 09
#0919-d392 @A: 17 29 05 11 22 | 05
#0920-d392 @A: 18 13 22 10 25 | 03
#0921-d392 @A: 30 08 14 29 22 | 07
#0922-d392 @A: 09 17 05 16 30 | 10
#0923-d392 @A: 16 06 17 26 33 | 04
#0924-d392 @A: 01 10 24 16 06 | 02
#0925-d392 @A: 28 13 25 16 09 | 11
#0926-d392 @A: 16 13 20 06 29 | 01
#0927-d392 @A: 08 16 13 10 05 | 06
#0928-d392 @A: 28 33 16 14 29 | 08
#0929-d392 @A: 05 34 16 02 14 | 12
#0930-d392 @A: 02 18 20 10 16 | 09
#0931-d392 @A: 09 02 23 17 01 | 05
#0932-d392 @A: 23 17 33 04 10 | 03
#0933-d392 @A: 20 28 14 01 17 | 07
#0934-d392 @A: 10 33 13 04 24 | 10
#0935-d392 @A: 14 04 29 09 13 | 04
#0936-d392 @A: 20 21 13 14 11 | 02
#0937-d392 @A: 09 28 05 06 29 | 11
#0938-d392 @A: 34 27 08 21 28 | 01
#0939-d392 @A: 08 30 06 26 28 | 06
#0940-d392 @A: 21 28 25 01 10 | 08
#0941-d392 @A: 06 11 04 03 29 | 12
#0942-d392 @A: 05 15 26 27 29 | 09
#0943-d392 @A: 21 29 34 30 15 | 05
#0944-d392 @A: 34 04 29 05 08 | 03
#0945-d392 @A: 19 21 11 26 09 | 07
#0946-d392 @A: 05 06 20 03 26 | 10
#0947-d392 @A: 03 30 33 01 10 | 04
#0948-d392 @A: 30 25 27 21 04 | 02
#0949-d392 @A: 32 25 27 03 34 | 11
#0950-d392 @A: 34 07 24 31 13 | 01
#0951-d392 @A: 20 34 03 16 10 | 06
#0952-d392 @A: 10 07 17 34 02 | 08
#0953-d392 @A: 14 33 27 30 15 | 12
#0954-d392 @A: 33 06 25 22 15 | 09
#0955-d392 @A: 16 23 05 33 27 | 05
#0956-d392 @A: 02 23 06 33 29 | 03
#0957-d392 @A: 11 33 17 23 12 | 07
#0958-d392 @A: 15 28 04 27 01 | 10
#0959-d392 @A: 18 11 06 04 12 | 04
#0960-d392 @A: 09 27 30 03 02 | 02
#0961-d392 @A: 10 22 09 24 27 | 11
#0962-d392 @A: 35 09 06 20 27 | 01
#0963-d392 @A: 05 14 07 01 09 | 06
#0964-d392 @A: 09 10 14 20 16 | 08
#0965-d392 @A: 29 09 23 06 14 | 12
#0966-d392 @A: 13 32 24 09 01 | 09
#0967-d392 @A: 07 03 06 09 28 | 05
#0968-d392 @A: 13 27 28 08 12 | 03
#0969-d392 @A: 13 01 07 05 27 | 07
#0970-d392 @A: 27 21 13 31 26 | 10
#0971-d392 @A: 27 21 03 16 19 | 04
#0972-d392 @A: 04 02 27 05 21 | 02
#0973-d392 @A: 12 11 21 01 27 | 11
#0974-d392 @A: 25 19 13 14 01 | 01
#0975-d392 @A: 05 13 35 17 14 | 06
#0976-d392 @A: 06 11 05 24 14 | 08
#0977-d392 @A: 11 10 14 29 19 | 12
#0978-d392 @A: 11 23 35 14 07 | 09
#0979-d392 @A: 28 19 17 30 14 | 05
#0980-d392 @A: 13 01 04 02 28 | 03
#0981-d392 @A: 02 25 13 16 08 | 07
#0982-d392 @A: 13 02 06 32 21 | 10
#0983-d392 @A: 30 25 17 26 13 | 04
#0984-d392 @A: 35 20 30 06 11 | 02
#0985-d392 @A: 31 12 08 26 01 | 11
#0986-d392 @A: 24 12 31 35 05 | 01
#0987-d392 @A: 10 12 16 32 23 | 06
#0988-d392 @A: 12 07 17 16 23 | 08
#0989-d392 @A: 12 29 17 20 06 | 12
#0990-d392 @A: 16 06 24 01 25 | 09
#0991-d392 @A: 16 04 01 25 20 | 05
#0992-d392 @A: 17 01 25 16 07 | 03
#0993-d392 @A: 05 17 28 35 04 | 07
#0994-d392 @A: 16 04 35 08 20 | 10
#0995-d392 @A: 10 20 17 08 19 | 04
#0996-d392 @A: 35 08 16 17 07 | 02
#0997-d392 @A: 21 25 20 32 08 | 11
#0998-d392 @A: 29 07 23 35 10 | 01
#0999-d392 @A: 21 07 31 16 17 | 06
#1000-d392 @A: 06 19 28 17 25 | 08
#1001-d392 @A: 23 19 29 32 20 | 12
#1002-d392 @A: 07 31 17 23 32 | 09
#1003-d392 @A: 05 31 35 21 06 | 05
#1004-d392 @A: 32 24 14 31 13 | 03
#1005-d392 @A: 29 17 08 31 30 | 07
#1006-d392 @A: 33 31 09 17 03 | 10
#1007-d392 @A: 06 25 04 31 17 | 04
#1008-d392 @A: 19 21 14 30 31 | 02
#1009-d392 @A: 04 32 05 12 07 | 11
#1010-d392 @A: 32 28 19 35 05 | 01
#1011-d392 @A: 19 22 35 04 11 | 06
#1012-d392 @A: 05 08 17 35 10 | 08
#1013-d392 @A: 10 23 11 35 09 | 12
#1014-d392 @A: 24 27 19 35 12 | 09
#1015-d392 @A: 29 35 33 28 13 | 05
#1016-d392 @A: 02 25 27 17 32 | 03
#1017-d392 @A: 17 32 01 06 10 | 07
#1018-d392 @A: 23 26 25 32 12 | 10
#1019-d392 @A: 27 22 01 30 17 | 04
#1020-d392 @A: 33 17 20 22 34 | 02
#1021-d392 @A: 24 26 25 22 12 | 11
#1022-d392 @A: 13 29 26 34 22 | 01
#1023-d392 @A: 14 22 26 01 05 | 06
#1024-d392 @A: 05 22 34 18 02 | 08
#1025-d392 @A: 09 18 21 27 22 | 12
#1026-d392 @A: 21 22 04 18 01 | 09
#1027-d392 @A: 19 16 13 30 21 | 05
#1028-d392 @A: 04 18 25 06 16 | 03
#1029-d392 @A: 30 25 17 13 20 | 07
#1030-d392 @A: 13 34 09 17 08 | 10
#1031-d392 @A: 11 08 02 17 14 | 04
#1032-d392 @A: 23 20 12 09 14 | 02
#1033-d392 @A: 13 33 05 14 25 | 11
#1034-d392 @A: 10 11 33 06 28 | 01
#1035-d392 @A: 33 28 03 05 27 | 06
#1036-d392 @A: 28 08 19 04 02 | 08
#1037-d392 @A: 34 28 30 10 09 | 12
#1038-d392 @A: 19 25 06 27 29 | 09
#1039-d392 @A: 10 30 04 26 29 | 05
#1040-d392 @A: 04 01 20 11 12 | 03
#1041-d392 @A: 20 26 19 10 11 | 07
#1042-d392 @A: 11 33 34 26 19 | 10
#1043-d392 @A: 34 19 12 33 03 | 04
#1044-d392 @A: 20 02 25 21 34 | 02
#1045-d392 @A: 02 19 08 33 34 | 11
#1046-d392 @A: 21 10 30 02 06 | 01
#1047-d392 @A: 01 12 05 21 27 | 06
#1048-d392 @A: 02 15 34 30 25 | 08
#1049-d392 @A: 01 16 34 15 22 | 12
#1050-d392 @A: 34 09 35 07 23 | 09
#1051-d392 @A: 27 05 26 32 34 | 05
#1052-d392 @A: 01 03 34 07 05 | 03
#1053-d392 @A: 01 02 32 24 34 | 07
#1054-d392 @A: 29 17 08 33 14 | 10
#1055-d392 @A: 33 13 03 02 30 | 04
#1056-d392 @A: 32 11 33 03 35 | 02
#1057-d392 @A: 03 33 17 10 07 | 11
#1058-d392 @A: 33 30 19 22 31 | 01
#1059-d392 @A: 27 29 19 15 10 | 06
#1060-d392 @A: 28 05 10 15 13 | 08
#1061-d392 @A: 05 27 29 12 18 | 12
#1062-d392 @A: 05 10 14 28 18 | 09
#1063-d392 @A: 20 01 13 26 18 | 05
#1064-d392 @A: 25 29 18 35 13 | 03
#1065-d392 @A: 18 02 05 31 25 | 07
#1066-d392 @A: 18 04 30 22 17 | 10
#1067-d392 @A: 27 05 35 17 09 | 04
#1068-d392 @A: 19 26 13 09 23 | 02
#1069-d392 @A: 21 08 10 09 11 | 11
#1070-d392 @A: 24 01 27 32 14 | 01
#1071-d392 @A: 27 26 02 01 20 | 06
#1072-d392 @A: 14 21 23 28 13 | 08
#1073-d392 @A: 02 14 06 10 31 | 12
#1074-d392 @A: 11 16 08 25 14 | 09
#1075-d392 @A: 11 06 08 13 19 | 05
#1076-d392 @A: 32 11 13 07 20 | 03
#1077-d392 @A: 35 13 30 01 08 | 07
#1078-d392 @A: 07 11 04 19 03 | 10
#1079-d392 @A: 16 24 11 02 29 | 04
#1080-d392 @A: 24 01 12 04 28 | 02
#1081-d392 @A: 25 12 16 01 23 | 11
#1082-d392 @A: 07 04 12 21 08 | 01
#1083-d392 @A: 29 12 28 19 08 | 06
#1084-d392 @A: 22 12 23 19 16 | 08
#1085-d392 @A: 07 32 28 01 08 | 12
#1086-d392 @A: 10 01 28 06 21 | 09
#1087-d392 @A: 21 31 25 16 01 | 05
#1088-d392 @A: 05 31 04 08 19 | 03
#1089-d392 @A: 05 07 31 20 32 | 07
#1090-d392 @A: 32 16 10 35 08 | 10
#1091-d392 @A: 21 31 08 16 35 | 04
#1092-d392 @A: 16 07 10 32 17 | 02
#1093-d392 @A: 25 29 28 20 10 | 11
#1094-d392 @A: 07 08 06 12 31 | 01
#1095-d392 @A: 31 19 11 32 04 | 06
#1096-d392 @A: 12 22 31 13 23 | 08
#1097-d392 @A: 29 04 09 31 16 | 12
#1098-d392 @A: 17 25 34 31 11 | 09
#1099-d392 @A: 01 30 31 24 27 | 05
#1100-d392 @A: 17 32 07 16 24 | 03
#1101-d392 @A: 23 16 22 14 07 | 07
#1102-d392 @A: 07 22 17 12 10 | 10
#1103-d392 @A: 07 17 09 21 27 | 04
#1104-d392 @A: 02 23 20 10 07 | 02
#1105-d392 @A: 13 07 20 34 33 | 11
#1106-d392 @A: 01 07 14 10 06 | 01
#1107-d392 @A: 25 15 35 29 32 | 06
#1108-d392 @A: 03 34 32 21 35 | 08
#1109-d392 @A: 35 04 32 33 10 | 12
#1110-d392 @A: 04 12 16 35 05 | 09
#1111-d392 @A: 30 26 13 03 35 | 05
#1112-d392 @A: 35 20 33 34 14 | 03
#1113-d392 @A: 21 17 22 12 32 | 07
#1114-d392 @A: 32 27 03 22 06 | 10
#1115-d392 @A: 32 30 16 02 33 | 04
#1116-d392 @A: 05 03 17 20 32 | 02
#1117-d392 @A: 32 14 29 02 21 | 11
#1118-d392 @A: 18 34 32 33 20 | 01
#1119-d392 @A: 16 22 27 20 26 | 06
#1120-d392 @A: 08 04 22 17 26 | 08
#1121-d392 @A: 24 22 28 09 25 | 12
#1122-d392 @A: 30 22 24 21 19 | 09
#1123-d392 @A: 28 22 04 30 13 | 05
#1124-d392 @A: 23 29 05 16 11 | 03
#1125-d392 @A: 24 17 29 19 01 | 07
#1126-d392 @A: 27 15 05 17 13 | 10
#1127-d392 @A: 06 21 14 05 23 | 04
#1128-d392 @A: 21 24 14 26 10 | 02
#1129-d392 @A: 19 14 26 13 02 | 11
#1130-d392 @A: 13 18 01 29 19 | 01
#1131-d392 @A: 02 10 27 28 29 | 06
#1132-d392 @A: 01 34 26 05 28 | 08
#1133-d392 @A: 11 21 29 27 20 | 12
#1134-d392 @A: 02 29 08 19 25 | 09
#1135-d392 @A: 20 15 04 09 29 | 05
#1136-d392 @A: 01 15 29 19 25 | 03
#1137-d392 @A: 03 11 09 20 33 | 07
#1138-d392 @A: 06 11 15 02 20 | 10
#1139-d392 @A: 08 20 11 34 30 | 04
#1140-d392 @A: 34 21 06 05 11 | 02
#1141-d392 @A: 15 26 19 01 11 | 11
#1142-d392 @A: 10 04 27 03 09 | 01
#1143-d392 @A: 08 02 19 06 27 | 06
#1144-d392 @A: 27 08 20 05 09 | 08
#1145-d392 @A: 20 04 27 34 26 | 12
#1146-d392 @A: 05 27 34 10 25 | 09
#1147-d392 @A: 30 12 06 04 34 | 05
#1148-d392 @A: 01 33 19 25 34 | 03
#1149-d392 @A: 13 12 34 01 21 | 07
#1150-d392 @A: 34 07 08 26 30 | 10
#1151-d392 @A: 27 02 11 33 15 | 04
#1152-d392 @A: 07 33 15 25 21 | 02
#1153-d392 @A: 18 33 29 10 19 | 11
#1154-d392 @A: 33 02 21 31 26 | 01
#1155-d392 @A: 02 20 33 16 10 | 06
#1156-d392 @A: 33 30 16 32 17 | 08
#1157-d392 @A: 19 07 04 15 09 | 12
#1158-d392 @A: 20 31 27 17 15 | 09
#1159-d392 @A: 14 20 01 26 15 | 05
#1160-d392 @A: 16 13 19 21 15 | 03
#1161-d392 @A: 20 02 05 19 15 | 07
#1162-d392 @A: 31 35 09 18 12 | 10
#1163-d392 @A: 06 09 18 25 22 | 04
#1164-d392 @A: 14 18 20 28 22 | 02
#1165-d392 @A: 01 18 02 17 06 | 11
#1166-d392 @A: 18 28 16 31 11 | 01
#1167-d392 @A: 18 05 07 30 01 | 06
#1168-d392 @A: 30 26 21 18 31 | 08
#1169-d392 @A: 16 30 18 20 10 | 12
#1170-d392 @A: 02 30 09 14 11 | 09
#1171-d392 @A: 09 14 26 31 21 | 05
#1172-d392 @A: 09 03 10 12 25 | 03
#1173-d392 @A: 30 09 28 02 25 | 07
#1174-d392 @A: 09 02 01 31 29 | 10
#1175-d392 @A: 09 19 20 05 30 | 04
#1176-d392 @A: 32 35 28 27 13 | 02
#1177-d392 @A: 29 27 02 25 35 | 11
#1178-d392 @A: 11 10 04 27 32 | 01
#1179-d392 @A: 30 19 12 32 27 | 06
#1180-d392 @A: 21 30 10 27 08 | 08
#1181-d392 @A: 25 20 23 27 30 | 12
#1182-d392 @A: 13 12 07 16 14 | 09
#1183-d392 @A: 24 22 14 13 10 | 05
#1184-d392 @A: 01 03 22 14 16 | 03
#1185-d392 @A: 03 14 32 07 20 | 07
#1186-d392 @A: 14 26 30 05 32 | 10
#1187-d392 @A: 26 03 29 04 02 | 04
#1188-d392 @A: 30 01 04 28 03 | 02
#1189-d392 @A: 12 05 02 29 30 | 11
#1190-d392 @A: 22 05 04 10 12 | 01
#1191-d392 @A: 06 12 10 08 25 | 06
#1192-d392 @A: 06 12 22 26 21 | 08
#1193-d392 @A: 04 05 32 01 26 | 12
#1194-d392 @A: 07 01 04 29 19 | 09
#1195-d392 @A: 01 16 25 26 28 | 05
#1196-d392 @A: 19 01 25 22 16 | 03
#1197-d392 @A: 21 16 31 29 05 | 07
#1198-d392 @A: 22 35 16 19 08 | 10
#1199-d392 @A: 17 04 31 22 24 | 04
#1200-d392 @A: 26 25 24 31 32 | 02
#1201-d392 @A: 24 32 10 16 06 | 11
#1202-d392 @A: 16 10 28 26 32 | 01
#1203-d392 @A: 28 31 21 16 26 | 06
#1204-d392 @A: 32 21 06 17 35 | 08
